857989|
857990|
857991|
858016|
858017|
858018|
858019|
858020|
858021|
858022|
858023|
858048|
858049|
858050|
858051|
858052|
858053|
858054|
858055|
858080|
858081|
858082|
858083|
858084|
858085|
858086|
858087|
858112|
858113|
858114|
858115|
858116|
858117|
858118|
858119|
858144|
858145|
858146|
858147|
858148|
858149|
858150|
858151|
858176|
858177|
858178|
858179|
858180|
858181|
858182|
858183|
858208|
858209|
858210|
858211|
858212|
858213|
858214|
858215|
858240|
858241|
858242|
858243|
858244|
858245|
858246|
858247|
858272|
858273|
858274|
858275|
858276|
858277|
858278|
858279|
858304|
858305|
858306|
858307|
858308|
858309|
858310|
858311|
858336|
858337|
858338|
858339|
858340|
858341|
858342|
858343|
858368|
858369|
858370|
858371|
858372|
858373|
858374|
858375|
858400|
858401|
858402|
858403|
858404|
858405|
858406|
858407|
858432|
858433|
858434|
858435|
858436|
858437|
858438|
858439|
858464|
858465|
858466|
858467|
858468|
858469|
858470|
858471|
858496|
858497|
858498|
858499|
858500|
858501|
858502|
858503|
858528|
858529|
858530|
858531|
858532|
858533|
858534|
858535|
858560|
858561|
858562|
858563|
858564|
858565|
858566|
858567|
858592|
858593|
858594|
858595|
858596|
858597|
858598|
858599|
858624|
858625|
858626|
858627|
858628|
858629|
858630|
858631|
858656|
858657|
858658|
858659|
858660|
858661|
858662|
858663|
858688|
858689|
858690|
858691|
858692|
858693|
858694|
858695|
858720|
858721|
858722|
858723|
858724|
858725|
858726|
858727|
858752|
858753|
858754|
858755|
858756|
858757|
858758|
858759|
858784|
858785|
858786|
858787|
858788|
858789|
858790|
858791|
858816|
858817|
858818|
858819|
858820|
858821|
858822|
858823|
858848|
858849|
858850|
858851|
858852|
858853|
858854|
858855|
858880|
858881|
858882|
858883|
858884|
858885|
858886|
858887|
858912|
858913|
858914|
858915|
858916|
858917|
858918|
858919|
858944|
858945|
858946|
858947|
858948|
858949|
858950|
858951|
858976|
858977|
858978|
858979|
858980|
858981|
858982|
858983|
859008|
859009|
859010|
859011|
859012|
859013|
859014|
859015|
859040|
859041|
859042|
859043|
859044|
859045|
859046|
859047|
859072|
859073|
859074|
859075|
859076|
859077|
859078|
859079|
859104|
859105|
859106|
859107|
859108|
859109|
859110|
859111|
859136|
859137|
859138|
859139|
859140|
859141|
859142|
859143|
859168|
859169|
859170|
859171|
859172|
859173|
859174|
859175|
859200|
859201|
859202|
859203|
859204|
859205|
859206|
859207|
859232|
859233|
859234|
859235|
859236|
859237|
859238|
859239|
859264|
859265|
859266|
859267|
859268|
859269|
859270|
859271|
859296|
859297|
859298|
859299|
859300|
859301|
859302|
859303|
859328|
859329|
859330|
859331|
859332|
859333|
859334|
859335|
859360|
859361|
859362|
859363|
859364|
859365|
859366|
859367|
859392|
859393|
859394|
859395|
859396|
859397|
859398|
859399|
859424|
859425|
859426|
859427|
859428|
859429|
859430|
859431|
859456|
859457|
859458|
859459|
859460|
859461|
859462|
859463|
859488|
859489|
859490|
859491|
859492|
859493|
859494|
859495|
859520|
859521|
859522|
859523|
859524|
859525|
859526|
859527|
859552|
859553|
859554|
859555|
859556|
859557|
859558|
859559|
859584|
859585|
859586|
859587|
859588|
859589|
859590|
859591|
859616|
859617|
859618|
859619|
859620|
859621|
859622|
859623|
859648|
859649|
859650|
859651|
859652|
859653|
859654|
859655|
859680|
859681|
859682|
859683|
859684|
859685|
859686|
859687|
859712|
859713|
859714|
859715|
859716|
859717|
859718|
859719|
859744|
859745|
859746|
859747|
859748|
859749|
859750|
859751|
859776|
859777|
859778|
859779|
859780|
859781|
859782|
859783|
859808|
859809|
859810|
859811|
859812|
859813|
859814|
859815|
859840|
859841|
859842|
859843|
859844|
859845|
859846|
859847|
859872|
859873|
859874|
859875|
859876|
859877|
859878|
859879|
859904|
859905|
859906|
859907|
859908|
859909|
859910|
859911|
859936|
859937|
859938|
859939|
859940|
859941|
859942|
859943|
859968|
859969|
859970|
859971|
859972|
859973|
859974|
859975|
860000|
860001|
860002|
860003|
860004|
860005|
860006|
860007|
860032|
860033|
860034|
860035|
860036|
860037|
860038|
860039|
860064|
860065|
860066|
860067|
860068|
860069|
860070|
860071|
860096|
860097|
860098|
860099|
860100|
860101|
860102|
860103|
860128|
860129|
860130|
860131|
860132|
860133|
860134|
860135|
860160|
860161|
860162|
860163|
860164|
860165|
860166|
860167|
860192|
860193|
860194|
860195|
860196|
860197|
860198|
860199|
860224|
860225|
860226|
860227|
860228|
860229|
860230|
860231|
860256|
860257|
860258|
860259|
860260|
860261|
860262|
860263|
860288|
860289|
860290|
860291|
860292|
860293|
860294|
860295|
860320|
860321|
860322|
860323|
860324|
860325|
860326|
860327|
860352|
860353|
860354|
860355|
860356|
860357|
860358|
860359|
860384|
860385|
860386|
860387|
860388|
860389|
860390|
860391|
860416|
860417|
860418|
860419|
860420|
860421|
860422|
860423|
860448|
860449|
860450|
860451|
860452|
860453|
860454|
860455|
860480|
860481|
860482|
860483|
860484|
860485|
860486|
860487|
860512|
860513|
860514|
860515|
860516|
860517|
860518|
860519|
860544|
860545|
860546|
860547|
860548|
860549|
860550|
860551|
860576|
860577|
860578|
860579|
860580|
860581|
860582|
860583|
860608|
860609|
860610|
860611|
860612|
860613|
860614|
860615|
860640|
860641|
860642|
860643|
860644|
860645|
860646|
860647|
860672|
860673|
860674|
860675|
860676|
860677|
860678|
860679|
860704|
860705|
860706|
860707|
860708|
860709|
860710|
860711|
860736|
860737|
860738|
860739|
860740|
860741|
860742|
860743|
860768|
860769|
860770|
860771|
860772|
860773|
860774|
860775|
860800|
860801|
860802|
860803|
860804|
860805|
860806|
860807|
860832|
860833|
860834|
860835|
860836|
860837|
860838|
860839|
860864|
860865|
860866|
860867|
860868|
860869|
860870|
860871|
860896|
860897|
860898|
860899|
860900|
860901|
860902|
860903|
860928|
860929|
860930|
860931|
860932|
860933|
860934|
860935|
860960|
860961|
860962|
860963|
860964|
860965|
860966|
860967|
860992|
860993|
860994|
860995|
860996|
860997|
860998|
860999|
861024|
861025|
861026|
861027|
861028|
861029|
861030|
861031|
861056|
861057|
861058|
861059|
861060|
861061|
861062|
861063|
861088|
861089|
861090|
861091|
861092|
861093|
861094|
861095|
861120|
861121|
861122|
861123|
861124|
861125|
861126|
861127|
861152|
861153|
861154|
861155|
861156|
861157|
861158|
861159|
861184|
861185|
861186|
861187|
861188|
861189|
861190|
861191|
861216|
861217|
861218|
861219|
861220|
861221|
861222|
861223|
861248|
861249|
861250|
861251|
861252|
861253|
861254|
861255|
861280|
861281|
861282|
861283|
861284|
861285|
861286|
861287|
861312|
861313|
861314|
861315|
861316|
861317|
861318|
861319|
861344|
861345|
861346|
861347|
861348|
861349|
861350|
861351|
861376|
861377|
861378|
861379|
861380|
861381|
861382|
861383|
861408|
861409|
861410|
861411|
861412|
861413|
861414|
861415|
861440|
861441|
861442|
861443|
861444|
861445|
861446|
861447|
861472|
861473|
861474|
861475|
861476|
861477|
861478|
861479|
861504|
861505|
861506|
861507|
861508|
861509|
861510|
861511|
861536|
861537|
861538|
861539|
861540|
861541|
861542|
861543|
861568|
861569|
861570|
861571|
861572|
861573|
861574|
861575|
861600|
861601|
861602|
861603|
861604|
861605|
861606|
861607|
861632|
861633|
861634|
861635|
861636|
861637|
861638|
861639|
861664|
861665|
861666|
861667|
861668|
861669|
861670|
861671|
861696|
861697|
861698|
861699|
861700|
861701|
861702|
861703|
861728|
861729|
861730|
861731|
861732|
861733|
861734|
861735|
861760|
861761|
861762|
861763|
861764|
861765|
861766|
861767|
861792|
861793|
861794|
861795|
861796|
861797|
861798|
861799|
861824|
861825|
861826|
861827|
861828|
861829|
861830|
861831|
861856|
861857|
861858|
861859|
861860|
861861|
861862|
861863|
861888|
861889|
861890|
861891|
861892|
861893|
861894|
861895|
861920|
861921|
861922|
861923|
861924|
861925|
861926|
861927|
861952|
861953|
861954|
861955|
861956|
861957|
861958|
861959|
861984|
861985|
861986|
861987|
861988|
861989|
861990|
861991|
862016|
862017|
862018|
862019|
862020|
862021|
862022|
862023|
862048|
862049|
862050|
862051|
862052|
862053|
862054|
862055|
862080|
862081|
862082|
862083|
862084|
862085|
862086|
862087|
862112|
862113|
862114|
862115|
862116|
862117|
862118|
862119|
862144|
862145|
862146|
862147|
862148|
862149|
862150|
862151|
862176|
862177|
862178|
862179|
862180|
862181|
862182|
862183|
862208|
862209|
862210|
862211|
862212|
862213|
862214|
862215|
862240|
862241|
862242|
862243|
862244|
862245|
862246|
862247|
862272|
862273|
862274|
862275|
862276|
862277|
862278|
862279|
862304|
862305|
862306|
862307|
862308|
862309|
862310|
862311|
862336|
862337|
862338|
862339|
862340|
862341|
862342|
862343|
862368|
862369|
862370|
862371|
862372|
862373|
862374|
862375|
862400|
862401|
862402|
862403|
862404|
862405|
862406|
862407|
862432|
862433|
862434|
862435|
862436|
862437|
862438|
862439|
862464|
862465|
862466|
862467|
862468|
862469|
862470|
862471|
862496|
862497|
862498|
862499|
862500|
862501|
862502|
862503|
862528|
862529|
862530|
862531|
862532|
862533|
862534|
862535|
862560|
862561|
862562|
862563|
862564|
862565|
862566|
862567|
862592|
862593|
862594|
862595|
862596|
862597|
862598|
862599|
862624|
862625|
862626|
862627|
862628|
862629|
862630|
862631|
862656|
862657|
862658|
862659|
862660|
862661|
862662|
862663|
862688|
862689|
862690|
862691|
862692|
862693|
862694|
862695|
862720|
862721|
862722|
862723|
862724|
862725|
862726|
862727|
862752|
862753|
862754|
862755|
862756|
862757|
862758|
862759|
862784|
862785|
862786|
862787|
862788|
862789|
862790|
862791|
862816|
862817|
862818|
862819|
862820|
862821|
862822|
862823|
862848|
862849|
862850|
862851|
862852|
862853|
862854|
862855|
862880|
862881|
862882|
862883|
862884|
862885|
862886|
862887|
862912|
862913|
862914|
862915|
862916|
862917|
862918|
862919|
862944|
862945|
862946|
862947|
862948|
862949|
862950|
862951|
862976|
862977|
862978|
862979|
862980|
862981|
862982|
862983|
863008|
863009|
863010|
863011|
863012|
863013|
863014|
863015|
863040|
863041|
863042|
863043|
863044|
863045|
863046|
863047|
863072|
863073|
863074|
863075|
863076|
863077|
863078|
863079|
863104|
863105|
863106|
863107|
863108|
863109|
863110|
863111|
863136|
863137|
863138|
863139|
863140|
863141|
863142|
863143|
863168|
863169|
863170|
863171|
863172|
863173|
863174|
863175|
863200|
863201|
863202|
863203|
863204|
863205|
863206|
863207|
863232|
863233|
863234|
863235|
863236|
863237|
863238|
863239|
863264|
863265|
863266|
863267|
863268|
863269|
863270|
863271|
863296|
863297|
863298|
863299|
863300|
863301|
863302|
863303|
863328|
863329|
863330|
863331|
863332|
863333|
863334|
863335|
863360|
863361|
863362|
863363|
863364|
863365|
863366|
863367|
863392|
863393|
863394|
863395|
863396|
863397|
863398|
863399|
863424|
863425|
863426|
863427|
863428|
863429|
863430|
863431|
863456|
863457|
863458|
863459|
863460|
863461|
863462|
863463|
863488|
863489|
863490|
863491|
863492|
863493|
863494|
863495|
863520|
863521|
863522|
863523|
863524|
863525|
863526|
863527|
863552|
863553|
863554|
863555|
863556|
863557|
863558|
863559|
863584|
863585|
863586|
863587|
863588|
863589|
863590|
863591|
863616|
863617|
863618|
863619|
863620|
863621|
863622|
863623|
863648|
863649|
863650|
863651|
863652|
863653|
863654|
863655|
863680|
863681|
863682|
863683|
863684|
863685|
863686|
863687|
863712|
863713|
863714|
863715|
863716|
863717|
863718|
863719|
863744|
863745|
863746|
863747|
863748|
863749|
863750|
863751|
863776|
863777|
863778|
863779|
863780|
863781|
863782|
863783|
863808|
863809|
863810|
863811|
863812|
863813|
863814|
863815|
863840|
863841|
863842|
863843|
863844|
863845|
863846|
863847|
863872|
863873|
863874|
863875|
863876|
863877|
863878|
863879|
863904|
863905|
863906|
863907|
863908|
863909|
863910|
863911|
863936|
863937|
863938|
863939|
863940|
863941|
863942|
863943|
863968|
863969|
863970|
863971|
863972|
863973|
863974|
863975|
864000|
