461989|
461990|
461991|
462016|
462017|
462018|
462019|
462020|
462021|
462022|
462023|
462048|
462049|
462050|
462051|
462052|
462053|
462054|
462055|
462080|
462081|
462082|
462083|
462084|
462085|
462086|
462087|
462112|
462113|
462114|
462115|
462116|
462117|
462118|
462119|
462144|
462145|
462146|
462147|
462148|
462149|
462150|
462151|
462176|
462177|
462178|
462179|
462180|
462181|
462182|
462183|
462208|
462209|
462210|
462211|
462212|
462213|
462214|
462215|
462240|
462241|
462242|
462243|
462244|
462245|
462246|
462247|
462272|
462273|
462274|
462275|
462276|
462277|
462278|
462279|
462304|
462305|
462306|
462307|
462308|
462309|
462310|
462311|
462336|
462337|
462338|
462339|
462340|
462341|
462342|
462343|
462368|
462369|
462370|
462371|
462372|
462373|
462374|
462375|
462400|
462401|
462402|
462403|
462404|
462405|
462406|
462407|
462432|
462433|
462434|
462435|
462436|
462437|
462438|
462439|
462464|
462465|
462466|
462467|
462468|
462469|
462470|
462471|
462496|
462497|
462498|
462499|
462500|
462501|
462502|
462503|
462528|
462529|
462530|
462531|
462532|
462533|
462534|
462535|
462560|
462561|
462562|
462563|
462564|
462565|
462566|
462567|
462592|
462593|
462594|
462595|
462596|
462597|
462598|
462599|
462624|
462625|
462626|
462627|
462628|
462629|
462630|
462631|
462656|
462657|
462658|
462659|
462660|
462661|
462662|
462663|
462688|
462689|
462690|
462691|
462692|
462693|
462694|
462695|
462720|
462721|
462722|
462723|
462724|
462725|
462726|
462727|
462752|
462753|
462754|
462755|
462756|
462757|
462758|
462759|
462784|
462785|
462786|
462787|
462788|
462789|
462790|
462791|
462816|
462817|
462818|
462819|
462820|
462821|
462822|
462823|
462848|
462849|
462850|
462851|
462852|
462853|
462854|
462855|
462880|
462881|
462882|
462883|
462884|
462885|
462886|
462887|
462912|
462913|
462914|
462915|
462916|
462917|
462918|
462919|
462944|
462945|
462946|
462947|
462948|
462949|
462950|
462951|
462976|
462977|
462978|
462979|
462980|
462981|
462982|
462983|
463008|
463009|
463010|
463011|
463012|
463013|
463014|
463015|
463040|
463041|
463042|
463043|
463044|
463045|
463046|
463047|
463072|
463073|
463074|
463075|
463076|
463077|
463078|
463079|
463104|
463105|
463106|
463107|
463108|
463109|
463110|
463111|
463136|
463137|
463138|
463139|
463140|
463141|
463142|
463143|
463168|
463169|
463170|
463171|
463172|
463173|
463174|
463175|
463200|
463201|
463202|
463203|
463204|
463205|
463206|
463207|
463232|
463233|
463234|
463235|
463236|
463237|
463238|
463239|
463264|
463265|
463266|
463267|
463268|
463269|
463270|
463271|
463296|
463297|
463298|
463299|
463300|
463301|
463302|
463303|
463328|
463329|
463330|
463331|
463332|
463333|
463334|
463335|
463360|
463361|
463362|
463363|
463364|
463365|
463366|
463367|
463392|
463393|
463394|
463395|
463396|
463397|
463398|
463399|
463424|
463425|
463426|
463427|
463428|
463429|
463430|
463431|
463456|
463457|
463458|
463459|
463460|
463461|
463462|
463463|
463488|
463489|
463490|
463491|
463492|
463493|
463494|
463495|
463520|
463521|
463522|
463523|
463524|
463525|
463526|
463527|
463552|
463553|
463554|
463555|
463556|
463557|
463558|
463559|
463584|
463585|
463586|
463587|
463588|
463589|
463590|
463591|
463616|
463617|
463618|
463619|
463620|
463621|
463622|
463623|
463648|
463649|
463650|
463651|
463652|
463653|
463654|
463655|
463680|
463681|
463682|
463683|
463684|
463685|
463686|
463687|
463712|
463713|
463714|
463715|
463716|
463717|
463718|
463719|
463744|
463745|
463746|
463747|
463748|
463749|
463750|
463751|
463776|
463777|
463778|
463779|
463780|
463781|
463782|
463783|
463808|
463809|
463810|
463811|
463812|
463813|
463814|
463815|
463840|
463841|
463842|
463843|
463844|
463845|
463846|
463847|
463872|
463873|
463874|
463875|
463876|
463877|
463878|
463879|
463904|
463905|
463906|
463907|
463908|
463909|
463910|
463911|
463936|
463937|
463938|
463939|
463940|
463941|
463942|
463943|
463968|
463969|
463970|
463971|
463972|
463973|
463974|
463975|
464000|
464001|
464002|
464003|
464004|
464005|
464006|
464007|
464032|
464033|
464034|
464035|
464036|
464037|
464038|
464039|
464064|
464065|
464066|
464067|
464068|
464069|
464070|
464071|
464096|
464097|
464098|
464099|
464100|
464101|
464102|
464103|
464128|
464129|
464130|
464131|
464132|
464133|
464134|
464135|
464160|
464161|
464162|
464163|
464164|
464165|
464166|
464167|
464192|
464193|
464194|
464195|
464196|
464197|
464198|
464199|
464224|
464225|
464226|
464227|
464228|
464229|
464230|
464231|
464256|
464257|
464258|
464259|
464260|
464261|
464262|
464263|
464288|
464289|
464290|
464291|
464292|
464293|
464294|
464295|
464320|
464321|
464322|
464323|
464324|
464325|
464326|
464327|
464352|
464353|
464354|
464355|
464356|
464357|
464358|
464359|
464384|
464385|
464386|
464387|
464388|
464389|
464390|
464391|
464416|
464417|
464418|
464419|
464420|
464421|
464422|
464423|
464448|
464449|
464450|
464451|
464452|
464453|
464454|
464455|
464480|
464481|
464482|
464483|
464484|
464485|
464486|
464487|
464512|
464513|
464514|
464515|
464516|
464517|
464518|
464519|
464544|
464545|
464546|
464547|
464548|
464549|
464550|
464551|
464576|
464577|
464578|
464579|
464580|
464581|
464582|
464583|
464608|
464609|
464610|
464611|
464612|
464613|
464614|
464615|
464640|
464641|
464642|
464643|
464644|
464645|
464646|
464647|
464672|
464673|
464674|
464675|
464676|
464677|
464678|
464679|
464704|
464705|
464706|
464707|
464708|
464709|
464710|
464711|
464736|
464737|
464738|
464739|
464740|
464741|
464742|
464743|
464768|
464769|
464770|
464771|
464772|
464773|
464774|
464775|
464800|
464801|
464802|
464803|
464804|
464805|
464806|
464807|
464832|
464833|
464834|
464835|
464836|
464837|
464838|
464839|
464864|
464865|
464866|
464867|
464868|
464869|
464870|
464871|
464896|
464897|
464898|
464899|
464900|
464901|
464902|
464903|
464928|
464929|
464930|
464931|
464932|
464933|
464934|
464935|
464960|
464961|
464962|
464963|
464964|
464965|
464966|
464967|
464992|
464993|
464994|
464995|
464996|
464997|
464998|
464999|
465024|
465025|
465026|
465027|
465028|
465029|
465030|
465031|
465056|
465057|
465058|
465059|
465060|
465061|
465062|
465063|
465088|
465089|
465090|
465091|
465092|
465093|
465094|
465095|
465120|
465121|
465122|
465123|
465124|
465125|
465126|
465127|
465152|
465153|
465154|
465155|
465156|
465157|
465158|
465159|
465184|
465185|
465186|
465187|
465188|
465189|
465190|
465191|
465216|
465217|
465218|
465219|
465220|
465221|
465222|
465223|
465248|
465249|
465250|
465251|
465252|
465253|
465254|
465255|
465280|
465281|
465282|
465283|
465284|
465285|
465286|
465287|
465312|
465313|
465314|
465315|
465316|
465317|
465318|
465319|
465344|
465345|
465346|
465347|
465348|
465349|
465350|
465351|
465376|
465377|
465378|
465379|
465380|
465381|
465382|
465383|
465408|
465409|
465410|
465411|
465412|
465413|
465414|
465415|
465440|
465441|
465442|
465443|
465444|
465445|
465446|
465447|
465472|
465473|
465474|
465475|
465476|
465477|
465478|
465479|
465504|
465505|
465506|
465507|
465508|
465509|
465510|
465511|
465536|
465537|
465538|
465539|
465540|
465541|
465542|
465543|
465568|
465569|
465570|
465571|
465572|
465573|
465574|
465575|
465600|
465601|
465602|
465603|
465604|
465605|
465606|
465607|
465632|
465633|
465634|
465635|
465636|
465637|
465638|
465639|
465664|
465665|
465666|
465667|
465668|
465669|
465670|
465671|
465696|
465697|
465698|
465699|
465700|
465701|
465702|
465703|
465728|
465729|
465730|
465731|
465732|
465733|
465734|
465735|
465760|
465761|
465762|
465763|
465764|
465765|
465766|
465767|
465792|
465793|
465794|
465795|
465796|
465797|
465798|
465799|
465824|
465825|
465826|
465827|
465828|
465829|
465830|
465831|
465856|
465857|
465858|
465859|
465860|
465861|
465862|
465863|
465888|
465889|
465890|
465891|
465892|
465893|
465894|
465895|
465920|
465921|
465922|
465923|
465924|
465925|
465926|
465927|
465952|
465953|
465954|
465955|
465956|
465957|
465958|
465959|
465984|
465985|
465986|
465987|
465988|
465989|
465990|
465991|
466016|
466017|
466018|
466019|
466020|
466021|
466022|
466023|
466048|
466049|
466050|
466051|
466052|
466053|
466054|
466055|
466080|
466081|
466082|
466083|
466084|
466085|
466086|
466087|
466112|
466113|
466114|
466115|
466116|
466117|
466118|
466119|
466144|
466145|
466146|
466147|
466148|
466149|
466150|
466151|
466176|
466177|
466178|
466179|
466180|
466181|
466182|
466183|
466208|
466209|
466210|
466211|
466212|
466213|
466214|
466215|
466240|
466241|
466242|
466243|
466244|
466245|
466246|
466247|
466272|
466273|
466274|
466275|
466276|
466277|
466278|
466279|
466304|
466305|
466306|
466307|
466308|
466309|
466310|
466311|
466336|
466337|
466338|
466339|
466340|
466341|
466342|
466343|
466368|
466369|
466370|
466371|
466372|
466373|
466374|
466375|
466400|
466401|
466402|
466403|
466404|
466405|
466406|
466407|
466432|
466433|
466434|
466435|
466436|
466437|
466438|
466439|
466464|
466465|
466466|
466467|
466468|
466469|
466470|
466471|
466496|
466497|
466498|
466499|
466500|
466501|
466502|
466503|
466528|
466529|
466530|
466531|
466532|
466533|
466534|
466535|
466560|
466561|
466562|
466563|
466564|
466565|
466566|
466567|
466592|
466593|
466594|
466595|
466596|
466597|
466598|
466599|
466624|
466625|
466626|
466627|
466628|
466629|
466630|
466631|
466656|
466657|
466658|
466659|
466660|
466661|
466662|
466663|
466688|
466689|
466690|
466691|
466692|
466693|
466694|
466695|
466720|
466721|
466722|
466723|
466724|
466725|
466726|
466727|
466752|
466753|
466754|
466755|
466756|
466757|
466758|
466759|
466784|
466785|
466786|
466787|
466788|
466789|
466790|
466791|
466816|
466817|
466818|
466819|
466820|
466821|
466822|
466823|
466848|
466849|
466850|
466851|
466852|
466853|
466854|
466855|
466880|
466881|
466882|
466883|
466884|
466885|
466886|
466887|
466912|
466913|
466914|
466915|
466916|
466917|
466918|
466919|
466944|
466945|
466946|
466947|
466948|
466949|
466950|
466951|
466976|
466977|
466978|
466979|
466980|
466981|
466982|
466983|
467008|
467009|
467010|
467011|
467012|
467013|
467014|
467015|
467040|
467041|
467042|
467043|
467044|
467045|
467046|
467047|
467072|
467073|
467074|
467075|
467076|
467077|
467078|
467079|
467104|
467105|
467106|
467107|
467108|
467109|
467110|
467111|
467136|
467137|
467138|
467139|
467140|
467141|
467142|
467143|
467168|
467169|
467170|
467171|
467172|
467173|
467174|
467175|
467200|
467201|
467202|
467203|
467204|
467205|
467206|
467207|
467232|
467233|
467234|
467235|
467236|
467237|
467238|
467239|
467264|
467265|
467266|
467267|
467268|
467269|
467270|
467271|
467296|
467297|
467298|
467299|
467300|
467301|
467302|
467303|
467328|
467329|
467330|
467331|
467332|
467333|
467334|
467335|
467360|
467361|
467362|
467363|
467364|
467365|
467366|
467367|
467392|
467393|
467394|
467395|
467396|
467397|
467398|
467399|
467424|
467425|
467426|
467427|
467428|
467429|
467430|
467431|
467456|
467457|
467458|
467459|
467460|
467461|
467462|
467463|
467488|
467489|
467490|
467491|
467492|
467493|
467494|
467495|
467520|
467521|
467522|
467523|
467524|
467525|
467526|
467527|
467552|
467553|
467554|
467555|
467556|
467557|
467558|
467559|
467584|
467585|
467586|
467587|
467588|
467589|
467590|
467591|
467616|
467617|
467618|
467619|
467620|
467621|
467622|
467623|
467648|
467649|
467650|
467651|
467652|
467653|
467654|
467655|
467680|
467681|
467682|
467683|
467684|
467685|
467686|
467687|
467712|
467713|
467714|
467715|
467716|
467717|
467718|
467719|
467744|
467745|
467746|
467747|
467748|
467749|
467750|
467751|
467776|
467777|
467778|
467779|
467780|
467781|
467782|
467783|
467808|
467809|
467810|
467811|
467812|
467813|
467814|
467815|
467840|
467841|
467842|
467843|
467844|
467845|
467846|
467847|
467872|
467873|
467874|
467875|
467876|
467877|
467878|
467879|
467904|
467905|
467906|
467907|
467908|
467909|
467910|
467911|
467936|
467937|
467938|
467939|
467940|
467941|
467942|
467943|
467968|
467969|
467970|
467971|
467972|
467973|
467974|
467975|
468000|
