1601989|
1601990|
1601991|
1602016|
1602017|
1602018|
1602019|
1602020|
1602021|
1602022|
1602023|
1602048|
1602049|
1602050|
1602051|
1602052|
1602053|
1602054|
1602055|
1602080|
1602081|
1602082|
1602083|
1602084|
1602085|
1602086|
1602087|
1602112|
1602113|
1602114|
1602115|
1602116|
1602117|
1602118|
1602119|
1602144|
1602145|
1602146|
1602147|
1602148|
1602149|
1602150|
1602151|
1602176|
1602177|
1602178|
1602179|
1602180|
1602181|
1602182|
1602183|
1602208|
1602209|
1602210|
1602211|
1602212|
1602213|
1602214|
1602215|
1602240|
1602241|
1602242|
1602243|
1602244|
1602245|
1602246|
1602247|
1602272|
1602273|
1602274|
1602275|
1602276|
1602277|
1602278|
1602279|
1602304|
1602305|
1602306|
1602307|
1602308|
1602309|
1602310|
1602311|
1602336|
1602337|
1602338|
1602339|
1602340|
1602341|
1602342|
1602343|
1602368|
1602369|
1602370|
1602371|
1602372|
1602373|
1602374|
1602375|
1602400|
1602401|
1602402|
1602403|
1602404|
1602405|
1602406|
1602407|
1602432|
1602433|
1602434|
1602435|
1602436|
1602437|
1602438|
1602439|
1602464|
1602465|
1602466|
1602467|
1602468|
1602469|
1602470|
1602471|
1602496|
1602497|
1602498|
1602499|
1602500|
1602501|
1602502|
1602503|
1602528|
1602529|
1602530|
1602531|
1602532|
1602533|
1602534|
1602535|
1602560|
1602561|
1602562|
1602563|
1602564|
1602565|
1602566|
1602567|
1602592|
1602593|
1602594|
1602595|
1602596|
1602597|
1602598|
1602599|
1602624|
1602625|
1602626|
1602627|
1602628|
1602629|
1602630|
1602631|
1602656|
1602657|
1602658|
1602659|
1602660|
1602661|
1602662|
1602663|
1602688|
1602689|
1602690|
1602691|
1602692|
1602693|
1602694|
1602695|
1602720|
1602721|
1602722|
1602723|
1602724|
1602725|
1602726|
1602727|
1602752|
1602753|
1602754|
1602755|
1602756|
1602757|
1602758|
1602759|
1602784|
1602785|
1602786|
1602787|
1602788|
1602789|
1602790|
1602791|
1602816|
1602817|
1602818|
1602819|
1602820|
1602821|
1602822|
1602823|
1602848|
1602849|
1602850|
1602851|
1602852|
1602853|
1602854|
1602855|
1602880|
1602881|
1602882|
1602883|
1602884|
1602885|
1602886|
1602887|
1602912|
1602913|
1602914|
1602915|
1602916|
1602917|
1602918|
1602919|
1602944|
1602945|
1602946|
1602947|
1602948|
1602949|
1602950|
1602951|
1602976|
1602977|
1602978|
1602979|
1602980|
1602981|
1602982|
1602983|
1603008|
1603009|
1603010|
1603011|
1603012|
1603013|
1603014|
1603015|
1603040|
1603041|
1603042|
1603043|
1603044|
1603045|
1603046|
1603047|
1603072|
1603073|
1603074|
1603075|
1603076|
1603077|
1603078|
1603079|
1603104|
1603105|
1603106|
1603107|
1603108|
1603109|
1603110|
1603111|
1603136|
1603137|
1603138|
1603139|
1603140|
1603141|
1603142|
1603143|
1603168|
1603169|
1603170|
1603171|
1603172|
1603173|
1603174|
1603175|
1603200|
1603201|
1603202|
1603203|
1603204|
1603205|
1603206|
1603207|
1603232|
1603233|
1603234|
1603235|
1603236|
1603237|
1603238|
1603239|
1603264|
1603265|
1603266|
1603267|
1603268|
1603269|
1603270|
1603271|
1603296|
1603297|
1603298|
1603299|
1603300|
1603301|
1603302|
1603303|
1603328|
1603329|
1603330|
1603331|
1603332|
1603333|
1603334|
1603335|
1603360|
1603361|
1603362|
1603363|
1603364|
1603365|
1603366|
1603367|
1603392|
1603393|
1603394|
1603395|
1603396|
1603397|
1603398|
1603399|
1603424|
1603425|
1603426|
1603427|
1603428|
1603429|
1603430|
1603431|
1603456|
1603457|
1603458|
1603459|
1603460|
1603461|
1603462|
1603463|
1603488|
1603489|
1603490|
1603491|
1603492|
1603493|
1603494|
1603495|
1603520|
1603521|
1603522|
1603523|
1603524|
1603525|
1603526|
1603527|
1603552|
1603553|
1603554|
1603555|
1603556|
1603557|
1603558|
1603559|
1603584|
1603585|
1603586|
1603587|
1603588|
1603589|
1603590|
1603591|
1603616|
1603617|
1603618|
1603619|
1603620|
1603621|
1603622|
1603623|
1603648|
1603649|
1603650|
1603651|
1603652|
1603653|
1603654|
1603655|
1603680|
1603681|
1603682|
1603683|
1603684|
1603685|
1603686|
1603687|
1603712|
1603713|
1603714|
1603715|
1603716|
1603717|
1603718|
1603719|
1603744|
1603745|
1603746|
1603747|
1603748|
1603749|
1603750|
1603751|
1603776|
1603777|
1603778|
1603779|
1603780|
1603781|
1603782|
1603783|
1603808|
1603809|
1603810|
1603811|
1603812|
1603813|
1603814|
1603815|
1603840|
1603841|
1603842|
1603843|
1603844|
1603845|
1603846|
1603847|
1603872|
1603873|
1603874|
1603875|
1603876|
1603877|
1603878|
1603879|
1603904|
1603905|
1603906|
1603907|
1603908|
1603909|
1603910|
1603911|
1603936|
1603937|
1603938|
1603939|
1603940|
1603941|
1603942|
1603943|
1603968|
1603969|
1603970|
1603971|
1603972|
1603973|
1603974|
1603975|
1604000|
1604001|
1604002|
1604003|
1604004|
1604005|
1604006|
1604007|
1604032|
1604033|
1604034|
1604035|
1604036|
1604037|
1604038|
1604039|
1604064|
1604065|
1604066|
1604067|
1604068|
1604069|
1604070|
1604071|
1604096|
1604097|
1604098|
1604099|
1604100|
1604101|
1604102|
1604103|
1604128|
1604129|
1604130|
1604131|
1604132|
1604133|
1604134|
1604135|
1604160|
1604161|
1604162|
1604163|
1604164|
1604165|
1604166|
1604167|
1604192|
1604193|
1604194|
1604195|
1604196|
1604197|
1604198|
1604199|
1604224|
1604225|
1604226|
1604227|
1604228|
1604229|
1604230|
1604231|
1604256|
1604257|
1604258|
1604259|
1604260|
1604261|
1604262|
1604263|
1604288|
1604289|
1604290|
1604291|
1604292|
1604293|
1604294|
1604295|
1604320|
1604321|
1604322|
1604323|
1604324|
1604325|
1604326|
1604327|
1604352|
1604353|
1604354|
1604355|
1604356|
1604357|
1604358|
1604359|
1604384|
1604385|
1604386|
1604387|
1604388|
1604389|
1604390|
1604391|
1604416|
1604417|
1604418|
1604419|
1604420|
1604421|
1604422|
1604423|
1604448|
1604449|
1604450|
1604451|
1604452|
1604453|
1604454|
1604455|
1604480|
1604481|
1604482|
1604483|
1604484|
1604485|
1604486|
1604487|
1604512|
1604513|
1604514|
1604515|
1604516|
1604517|
1604518|
1604519|
1604544|
1604545|
1604546|
1604547|
1604548|
1604549|
1604550|
1604551|
1604576|
1604577|
1604578|
1604579|
1604580|
1604581|
1604582|
1604583|
1604608|
1604609|
1604610|
1604611|
1604612|
1604613|
1604614|
1604615|
1604640|
1604641|
1604642|
1604643|
1604644|
1604645|
1604646|
1604647|
1604672|
1604673|
1604674|
1604675|
1604676|
1604677|
1604678|
1604679|
1604704|
1604705|
1604706|
1604707|
1604708|
1604709|
1604710|
1604711|
1604736|
1604737|
1604738|
1604739|
1604740|
1604741|
1604742|
1604743|
1604768|
1604769|
1604770|
1604771|
1604772|
1604773|
1604774|
1604775|
1604800|
1604801|
1604802|
1604803|
1604804|
1604805|
1604806|
1604807|
1604832|
1604833|
1604834|
1604835|
1604836|
1604837|
1604838|
1604839|
1604864|
1604865|
1604866|
1604867|
1604868|
1604869|
1604870|
1604871|
1604896|
1604897|
1604898|
1604899|
1604900|
1604901|
1604902|
1604903|
1604928|
1604929|
1604930|
1604931|
1604932|
1604933|
1604934|
1604935|
1604960|
1604961|
1604962|
1604963|
1604964|
1604965|
1604966|
1604967|
1604992|
1604993|
1604994|
1604995|
1604996|
1604997|
1604998|
1604999|
1605024|
1605025|
1605026|
1605027|
1605028|
1605029|
1605030|
1605031|
1605056|
1605057|
1605058|
1605059|
1605060|
1605061|
1605062|
1605063|
1605088|
1605089|
1605090|
1605091|
1605092|
1605093|
1605094|
1605095|
1605120|
1605121|
1605122|
1605123|
1605124|
1605125|
1605126|
1605127|
1605152|
1605153|
1605154|
1605155|
1605156|
1605157|
1605158|
1605159|
1605184|
1605185|
1605186|
1605187|
1605188|
1605189|
1605190|
1605191|
1605216|
1605217|
1605218|
1605219|
1605220|
1605221|
1605222|
1605223|
1605248|
1605249|
1605250|
1605251|
1605252|
1605253|
1605254|
1605255|
1605280|
1605281|
1605282|
1605283|
1605284|
1605285|
1605286|
1605287|
1605312|
1605313|
1605314|
1605315|
1605316|
1605317|
1605318|
1605319|
1605344|
1605345|
1605346|
1605347|
1605348|
1605349|
1605350|
1605351|
1605376|
1605377|
1605378|
1605379|
1605380|
1605381|
1605382|
1605383|
1605408|
1605409|
1605410|
1605411|
1605412|
1605413|
1605414|
1605415|
1605440|
1605441|
1605442|
1605443|
1605444|
1605445|
1605446|
1605447|
1605472|
1605473|
1605474|
1605475|
1605476|
1605477|
1605478|
1605479|
1605504|
1605505|
1605506|
1605507|
1605508|
1605509|
1605510|
1605511|
1605536|
1605537|
1605538|
1605539|
1605540|
1605541|
1605542|
1605543|
1605568|
1605569|
1605570|
1605571|
1605572|
1605573|
1605574|
1605575|
1605600|
1605601|
1605602|
1605603|
1605604|
1605605|
1605606|
1605607|
1605632|
1605633|
1605634|
1605635|
1605636|
1605637|
1605638|
1605639|
1605664|
1605665|
1605666|
1605667|
1605668|
1605669|
1605670|
1605671|
1605696|
1605697|
1605698|
1605699|
1605700|
1605701|
1605702|
1605703|
1605728|
1605729|
1605730|
1605731|
1605732|
1605733|
1605734|
1605735|
1605760|
1605761|
1605762|
1605763|
1605764|
1605765|
1605766|
1605767|
1605792|
1605793|
1605794|
1605795|
1605796|
1605797|
1605798|
1605799|
1605824|
1605825|
1605826|
1605827|
1605828|
1605829|
1605830|
1605831|
1605856|
1605857|
1605858|
1605859|
1605860|
1605861|
1605862|
1605863|
1605888|
1605889|
1605890|
1605891|
1605892|
1605893|
1605894|
1605895|
1605920|
1605921|
1605922|
1605923|
1605924|
1605925|
1605926|
1605927|
1605952|
1605953|
1605954|
1605955|
1605956|
1605957|
1605958|
1605959|
1605984|
1605985|
1605986|
1605987|
1605988|
1605989|
1605990|
1605991|
1606016|
1606017|
1606018|
1606019|
1606020|
1606021|
1606022|
1606023|
1606048|
1606049|
1606050|
1606051|
1606052|
1606053|
1606054|
1606055|
1606080|
1606081|
1606082|
1606083|
1606084|
1606085|
1606086|
1606087|
1606112|
1606113|
1606114|
1606115|
1606116|
1606117|
1606118|
1606119|
1606144|
1606145|
1606146|
1606147|
1606148|
1606149|
1606150|
1606151|
1606176|
1606177|
1606178|
1606179|
1606180|
1606181|
1606182|
1606183|
1606208|
1606209|
1606210|
1606211|
1606212|
1606213|
1606214|
1606215|
1606240|
1606241|
1606242|
1606243|
1606244|
1606245|
1606246|
1606247|
1606272|
1606273|
1606274|
1606275|
1606276|
1606277|
1606278|
1606279|
1606304|
1606305|
1606306|
1606307|
1606308|
1606309|
1606310|
1606311|
1606336|
1606337|
1606338|
1606339|
1606340|
1606341|
1606342|
1606343|
1606368|
1606369|
1606370|
1606371|
1606372|
1606373|
1606374|
1606375|
1606400|
1606401|
1606402|
1606403|
1606404|
1606405|
1606406|
1606407|
1606432|
1606433|
1606434|
1606435|
1606436|
1606437|
1606438|
1606439|
1606464|
1606465|
1606466|
1606467|
1606468|
1606469|
1606470|
1606471|
1606496|
1606497|
1606498|
1606499|
1606500|
1606501|
1606502|
1606503|
1606528|
1606529|
1606530|
1606531|
1606532|
1606533|
1606534|
1606535|
1606560|
1606561|
1606562|
1606563|
1606564|
1606565|
1606566|
1606567|
1606592|
1606593|
1606594|
1606595|
1606596|
1606597|
1606598|
1606599|
1606624|
1606625|
1606626|
1606627|
1606628|
1606629|
1606630|
1606631|
1606656|
1606657|
1606658|
1606659|
1606660|
1606661|
1606662|
1606663|
1606688|
1606689|
1606690|
1606691|
1606692|
1606693|
1606694|
1606695|
1606720|
1606721|
1606722|
1606723|
1606724|
1606725|
1606726|
1606727|
1606752|
1606753|
1606754|
1606755|
1606756|
1606757|
1606758|
1606759|
1606784|
1606785|
1606786|
1606787|
1606788|
1606789|
1606790|
1606791|
1606816|
1606817|
1606818|
1606819|
1606820|
1606821|
1606822|
1606823|
1606848|
1606849|
1606850|
1606851|
1606852|
1606853|
1606854|
1606855|
1606880|
1606881|
1606882|
1606883|
1606884|
1606885|
1606886|
1606887|
1606912|
1606913|
1606914|
1606915|
1606916|
1606917|
1606918|
1606919|
1606944|
1606945|
1606946|
1606947|
1606948|
1606949|
1606950|
1606951|
1606976|
1606977|
1606978|
1606979|
1606980|
1606981|
1606982|
1606983|
1607008|
1607009|
1607010|
1607011|
1607012|
1607013|
1607014|
1607015|
1607040|
1607041|
1607042|
1607043|
1607044|
1607045|
1607046|
1607047|
1607072|
1607073|
1607074|
1607075|
1607076|
1607077|
1607078|
1607079|
1607104|
1607105|
1607106|
1607107|
1607108|
1607109|
1607110|
1607111|
1607136|
1607137|
1607138|
1607139|
1607140|
1607141|
1607142|
1607143|
1607168|
1607169|
1607170|
1607171|
1607172|
1607173|
1607174|
1607175|
1607200|
1607201|
1607202|
1607203|
1607204|
1607205|
1607206|
1607207|
1607232|
1607233|
1607234|
1607235|
1607236|
1607237|
1607238|
1607239|
1607264|
1607265|
1607266|
1607267|
1607268|
1607269|
1607270|
1607271|
1607296|
1607297|
1607298|
1607299|
1607300|
1607301|
1607302|
1607303|
1607328|
1607329|
1607330|
1607331|
1607332|
1607333|
1607334|
1607335|
1607360|
1607361|
1607362|
1607363|
1607364|
1607365|
1607366|
1607367|
1607392|
1607393|
1607394|
1607395|
1607396|
1607397|
1607398|
1607399|
1607424|
1607425|
1607426|
1607427|
1607428|
1607429|
1607430|
1607431|
1607456|
1607457|
1607458|
1607459|
1607460|
1607461|
1607462|
1607463|
1607488|
1607489|
1607490|
1607491|
1607492|
1607493|
1607494|
1607495|
1607520|
1607521|
1607522|
1607523|
1607524|
1607525|
1607526|
1607527|
1607552|
1607553|
1607554|
1607555|
1607556|
1607557|
1607558|
1607559|
1607584|
1607585|
1607586|
1607587|
1607588|
1607589|
1607590|
1607591|
1607616|
1607617|
1607618|
1607619|
1607620|
1607621|
1607622|
1607623|
1607648|
1607649|
1607650|
1607651|
1607652|
1607653|
1607654|
1607655|
1607680|
1607681|
1607682|
1607683|
1607684|
1607685|
1607686|
1607687|
1607712|
1607713|
1607714|
1607715|
1607716|
1607717|
1607718|
1607719|
1607744|
1607745|
1607746|
1607747|
1607748|
1607749|
1607750|
1607751|
1607776|
1607777|
1607778|
1607779|
1607780|
1607781|
1607782|
1607783|
1607808|
1607809|
1607810|
1607811|
1607812|
1607813|
1607814|
1607815|
1607840|
1607841|
1607842|
1607843|
1607844|
1607845|
1607846|
1607847|
1607872|
1607873|
1607874|
1607875|
1607876|
1607877|
1607878|
1607879|
1607904|
1607905|
1607906|
1607907|
1607908|
1607909|
1607910|
1607911|
1607936|
1607937|
1607938|
1607939|
1607940|
1607941|
1607942|
1607943|
1607968|
1607969|
1607970|
1607971|
1607972|
1607973|
1607974|
1607975|
1608000|
