2220001|
2220002|
2220003|
2220004|
2220005|
2220006|
2220007|
2220032|
2220033|
2220034|
2220035|
2220036|
2220037|
2220038|
2220039|
2220064|
2220065|
2220066|
2220067|
2220068|
2220069|
2220070|
2220071|
2220096|
2220097|
2220098|
2220099|
2220100|
2220101|
2220102|
2220103|
2220128|
2220129|
2220130|
2220131|
2220132|
2220133|
2220134|
2220135|
2220160|
2220161|
2220162|
2220163|
2220164|
2220165|
2220166|
2220167|
2220192|
2220193|
2220194|
2220195|
2220196|
2220197|
2220198|
2220199|
2220224|
2220225|
2220226|
2220227|
2220228|
2220229|
2220230|
2220231|
2220256|
2220257|
2220258|
2220259|
2220260|
2220261|
2220262|
2220263|
2220288|
2220289|
2220290|
2220291|
2220292|
2220293|
2220294|
2220295|
2220320|
2220321|
2220322|
2220323|
2220324|
2220325|
2220326|
2220327|
2220352|
2220353|
2220354|
2220355|
2220356|
2220357|
2220358|
2220359|
2220384|
2220385|
2220386|
2220387|
2220388|
2220389|
2220390|
2220391|
2220416|
2220417|
2220418|
2220419|
2220420|
2220421|
2220422|
2220423|
2220448|
2220449|
2220450|
2220451|
2220452|
2220453|
2220454|
2220455|
2220480|
2220481|
2220482|
2220483|
2220484|
2220485|
2220486|
2220487|
2220512|
2220513|
2220514|
2220515|
2220516|
2220517|
2220518|
2220519|
2220544|
2220545|
2220546|
2220547|
2220548|
2220549|
2220550|
2220551|
2220576|
2220577|
2220578|
2220579|
2220580|
2220581|
2220582|
2220583|
2220608|
2220609|
2220610|
2220611|
2220612|
2220613|
2220614|
2220615|
2220640|
2220641|
2220642|
2220643|
2220644|
2220645|
2220646|
2220647|
2220672|
2220673|
2220674|
2220675|
2220676|
2220677|
2220678|
2220679|
2220704|
2220705|
2220706|
2220707|
2220708|
2220709|
2220710|
2220711|
2220736|
2220737|
2220738|
2220739|
2220740|
2220741|
2220742|
2220743|
2220768|
2220769|
2220770|
2220771|
2220772|
2220773|
2220774|
2220775|
2220800|
2220801|
2220802|
2220803|
2220804|
2220805|
2220806|
2220807|
2220832|
2220833|
2220834|
2220835|
2220836|
2220837|
2220838|
2220839|
2220864|
2220865|
2220866|
2220867|
2220868|
2220869|
2220870|
2220871|
2220896|
2220897|
2220898|
2220899|
2220900|
2220901|
2220902|
2220903|
2220928|
2220929|
2220930|
2220931|
2220932|
2220933|
2220934|
2220935|
2220960|
2220961|
2220962|
2220963|
2220964|
2220965|
2220966|
2220967|
2220992|
2220993|
2220994|
2220995|
2220996|
2220997|
2220998|
2220999|
2221024|
2221025|
2221026|
2221027|
2221028|
2221029|
2221030|
2221031|
2221056|
2221057|
2221058|
2221059|
2221060|
2221061|
2221062|
2221063|
2221088|
2221089|
2221090|
2221091|
2221092|
2221093|
2221094|
2221095|
2221120|
2221121|
2221122|
2221123|
2221124|
2221125|
2221126|
2221127|
2221152|
2221153|
2221154|
2221155|
2221156|
2221157|
2221158|
2221159|
2221184|
2221185|
2221186|
2221187|
2221188|
2221189|
2221190|
2221191|
2221216|
2221217|
2221218|
2221219|
2221220|
2221221|
2221222|
2221223|
2221248|
2221249|
2221250|
2221251|
2221252|
2221253|
2221254|
2221255|
2221280|
2221281|
2221282|
2221283|
2221284|
2221285|
2221286|
2221287|
2221312|
2221313|
2221314|
2221315|
2221316|
2221317|
2221318|
2221319|
2221344|
2221345|
2221346|
2221347|
2221348|
2221349|
2221350|
2221351|
2221376|
2221377|
2221378|
2221379|
2221380|
2221381|
2221382|
2221383|
2221408|
2221409|
2221410|
2221411|
2221412|
2221413|
2221414|
2221415|
2221440|
2221441|
2221442|
2221443|
2221444|
2221445|
2221446|
2221447|
2221472|
2221473|
2221474|
2221475|
2221476|
2221477|
2221478|
2221479|
2221504|
2221505|
2221506|
2221507|
2221508|
2221509|
2221510|
2221511|
2221536|
2221537|
2221538|
2221539|
2221540|
2221541|
2221542|
2221543|
2221568|
2221569|
2221570|
2221571|
2221572|
2221573|
2221574|
2221575|
2221600|
2221601|
2221602|
2221603|
2221604|
2221605|
2221606|
2221607|
2221632|
2221633|
2221634|
2221635|
2221636|
2221637|
2221638|
2221639|
2221664|
2221665|
2221666|
2221667|
2221668|
2221669|
2221670|
2221671|
2221696|
2221697|
2221698|
2221699|
2221700|
2221701|
2221702|
2221703|
2221728|
2221729|
2221730|
2221731|
2221732|
2221733|
2221734|
2221735|
2221760|
2221761|
2221762|
2221763|
2221764|
2221765|
2221766|
2221767|
2221792|
2221793|
2221794|
2221795|
2221796|
2221797|
2221798|
2221799|
2221824|
2221825|
2221826|
2221827|
2221828|
2221829|
2221830|
2221831|
2221856|
2221857|
2221858|
2221859|
2221860|
2221861|
2221862|
2221863|
2221888|
2221889|
2221890|
2221891|
2221892|
2221893|
2221894|
2221895|
2221920|
2221921|
2221922|
2221923|
2221924|
2221925|
2221926|
2221927|
2221952|
2221953|
2221954|
2221955|
2221956|
2221957|
2221958|
2221959|
2221984|
2221985|
2221986|
2221987|
2221988|
2221989|
2221990|
2221991|
2222016|
2222017|
2222018|
2222019|
2222020|
2222021|
2222022|
2222023|
2222048|
2222049|
2222050|
2222051|
2222052|
2222053|
2222054|
2222055|
2222080|
2222081|
2222082|
2222083|
2222084|
2222085|
2222086|
2222087|
2222112|
2222113|
2222114|
2222115|
2222116|
2222117|
2222118|
2222119|
2222144|
2222145|
2222146|
2222147|
2222148|
2222149|
2222150|
2222151|
2222176|
2222177|
2222178|
2222179|
2222180|
2222181|
2222182|
2222183|
2222208|
2222209|
2222210|
2222211|
2222212|
2222213|
2222214|
2222215|
2222240|
2222241|
2222242|
2222243|
2222244|
2222245|
2222246|
2222247|
2222272|
2222273|
2222274|
2222275|
2222276|
2222277|
2222278|
2222279|
2222304|
2222305|
2222306|
2222307|
2222308|
2222309|
2222310|
2222311|
2222336|
2222337|
2222338|
2222339|
2222340|
2222341|
2222342|
2222343|
2222368|
2222369|
2222370|
2222371|
2222372|
2222373|
2222374|
2222375|
2222400|
2222401|
2222402|
2222403|
2222404|
2222405|
2222406|
2222407|
2222432|
2222433|
2222434|
2222435|
2222436|
2222437|
2222438|
2222439|
2222464|
2222465|
2222466|
2222467|
2222468|
2222469|
2222470|
2222471|
2222496|
2222497|
2222498|
2222499|
2222500|
2222501|
2222502|
2222503|
2222528|
2222529|
2222530|
2222531|
2222532|
2222533|
2222534|
2222535|
2222560|
2222561|
2222562|
2222563|
2222564|
2222565|
2222566|
2222567|
2222592|
2222593|
2222594|
2222595|
2222596|
2222597|
2222598|
2222599|
2222624|
2222625|
2222626|
2222627|
2222628|
2222629|
2222630|
2222631|
2222656|
2222657|
2222658|
2222659|
2222660|
2222661|
2222662|
2222663|
2222688|
2222689|
2222690|
2222691|
2222692|
2222693|
2222694|
2222695|
2222720|
2222721|
2222722|
2222723|
2222724|
2222725|
2222726|
2222727|
2222752|
2222753|
2222754|
2222755|
2222756|
2222757|
2222758|
2222759|
2222784|
2222785|
2222786|
2222787|
2222788|
2222789|
2222790|
2222791|
2222816|
2222817|
2222818|
2222819|
2222820|
2222821|
2222822|
2222823|
2222848|
2222849|
2222850|
2222851|
2222852|
2222853|
2222854|
2222855|
2222880|
2222881|
2222882|
2222883|
2222884|
2222885|
2222886|
2222887|
2222912|
2222913|
2222914|
2222915|
2222916|
2222917|
2222918|
2222919|
2222944|
2222945|
2222946|
2222947|
2222948|
2222949|
2222950|
2222951|
2222976|
2222977|
2222978|
2222979|
2222980|
2222981|
2222982|
2222983|
2223008|
2223009|
2223010|
2223011|
2223012|
2223013|
2223014|
2223015|
2223040|
2223041|
2223042|
2223043|
2223044|
2223045|
2223046|
2223047|
2223072|
2223073|
2223074|
2223075|
2223076|
2223077|
2223078|
2223079|
2223104|
2223105|
2223106|
2223107|
2223108|
2223109|
2223110|
2223111|
2223136|
2223137|
2223138|
2223139|
2223140|
2223141|
2223142|
2223143|
2223168|
2223169|
2223170|
2223171|
2223172|
2223173|
2223174|
2223175|
2223200|
2223201|
2223202|
2223203|
2223204|
2223205|
2223206|
2223207|
2223232|
2223233|
2223234|
2223235|
2223236|
2223237|
2223238|
2223239|
2223264|
2223265|
2223266|
2223267|
2223268|
2223269|
2223270|
2223271|
2223296|
2223297|
2223298|
2223299|
2223300|
2223301|
2223302|
2223303|
2223328|
2223329|
2223330|
2223331|
2223332|
2223333|
2223334|
2223335|
2223360|
2223361|
2223362|
2223363|
2223364|
2223365|
2223366|
2223367|
2223392|
2223393|
2223394|
2223395|
2223396|
2223397|
2223398|
2223399|
2223424|
2223425|
2223426|
2223427|
2223428|
2223429|
2223430|
2223431|
2223456|
2223457|
2223458|
2223459|
2223460|
2223461|
2223462|
2223463|
2223488|
2223489|
2223490|
2223491|
2223492|
2223493|
2223494|
2223495|
2223520|
2223521|
2223522|
2223523|
2223524|
2223525|
2223526|
2223527|
2223552|
2223553|
2223554|
2223555|
2223556|
2223557|
2223558|
2223559|
2223584|
2223585|
2223586|
2223587|
2223588|
2223589|
2223590|
2223591|
2223616|
2223617|
2223618|
2223619|
2223620|
2223621|
2223622|
2223623|
2223648|
2223649|
2223650|
2223651|
2223652|
2223653|
2223654|
2223655|
2223680|
2223681|
2223682|
2223683|
2223684|
2223685|
2223686|
2223687|
2223712|
2223713|
2223714|
2223715|
2223716|
2223717|
2223718|
2223719|
2223744|
2223745|
2223746|
2223747|
2223748|
2223749|
2223750|
2223751|
2223776|
2223777|
2223778|
2223779|
2223780|
2223781|
2223782|
2223783|
2223808|
2223809|
2223810|
2223811|
2223812|
2223813|
2223814|
2223815|
2223840|
2223841|
2223842|
2223843|
2223844|
2223845|
2223846|
2223847|
2223872|
2223873|
2223874|
2223875|
2223876|
2223877|
2223878|
2223879|
2223904|
2223905|
2223906|
2223907|
2223908|
2223909|
2223910|
2223911|
2223936|
2223937|
2223938|
2223939|
2223940|
2223941|
2223942|
2223943|
2223968|
2223969|
2223970|
2223971|
2223972|
2223973|
2223974|
2223975|
2224000|
2224001|
2224002|
2224003|
2224004|
2224005|
2224006|
2224007|
2224032|
2224033|
2224034|
2224035|
2224036|
2224037|
2224038|
2224039|
2224064|
2224065|
2224066|
2224067|
2224068|
2224069|
2224070|
2224071|
2224096|
2224097|
2224098|
2224099|
2224100|
2224101|
2224102|
2224103|
2224128|
2224129|
2224130|
2224131|
2224132|
2224133|
2224134|
2224135|
2224160|
2224161|
2224162|
2224163|
2224164|
2224165|
2224166|
2224167|
2224192|
2224193|
2224194|
2224195|
2224196|
2224197|
2224198|
2224199|
2224224|
2224225|
2224226|
2224227|
2224228|
2224229|
2224230|
2224231|
2224256|
2224257|
2224258|
2224259|
2224260|
2224261|
2224262|
2224263|
2224288|
2224289|
2224290|
2224291|
2224292|
2224293|
2224294|
2224295|
2224320|
2224321|
2224322|
2224323|
2224324|
2224325|
2224326|
2224327|
2224352|
2224353|
2224354|
2224355|
2224356|
2224357|
2224358|
2224359|
2224384|
2224385|
2224386|
2224387|
2224388|
2224389|
2224390|
2224391|
2224416|
2224417|
2224418|
2224419|
2224420|
2224421|
2224422|
2224423|
2224448|
2224449|
2224450|
2224451|
2224452|
2224453|
2224454|
2224455|
2224480|
2224481|
2224482|
2224483|
2224484|
2224485|
2224486|
2224487|
2224512|
2224513|
2224514|
2224515|
2224516|
2224517|
2224518|
2224519|
2224544|
2224545|
2224546|
2224547|
2224548|
2224549|
2224550|
2224551|
2224576|
2224577|
2224578|
2224579|
2224580|
2224581|
2224582|
2224583|
2224608|
2224609|
2224610|
2224611|
2224612|
2224613|
2224614|
2224615|
2224640|
2224641|
2224642|
2224643|
2224644|
2224645|
2224646|
2224647|
2224672|
2224673|
2224674|
2224675|
2224676|
2224677|
2224678|
2224679|
2224704|
2224705|
2224706|
2224707|
2224708|
2224709|
2224710|
2224711|
2224736|
2224737|
2224738|
2224739|
2224740|
2224741|
2224742|
2224743|
2224768|
2224769|
2224770|
2224771|
2224772|
2224773|
2224774|
2224775|
2224800|
2224801|
2224802|
2224803|
2224804|
2224805|
2224806|
2224807|
2224832|
2224833|
2224834|
2224835|
2224836|
2224837|
2224838|
2224839|
2224864|
2224865|
2224866|
2224867|
2224868|
2224869|
2224870|
2224871|
2224896|
2224897|
2224898|
2224899|
2224900|
2224901|
2224902|
2224903|
2224928|
2224929|
2224930|
2224931|
2224932|
2224933|
2224934|
2224935|
2224960|
2224961|
2224962|
2224963|
2224964|
2224965|
2224966|
2224967|
2224992|
2224993|
2224994|
2224995|
2224996|
2224997|
2224998|
2224999|
2225024|
2225025|
2225026|
2225027|
2225028|
2225029|
2225030|
2225031|
2225056|
2225057|
2225058|
2225059|
2225060|
2225061|
2225062|
2225063|
2225088|
2225089|
2225090|
2225091|
2225092|
2225093|
2225094|
2225095|
2225120|
2225121|
2225122|
2225123|
2225124|
2225125|
2225126|
2225127|
2225152|
2225153|
2225154|
2225155|
2225156|
2225157|
2225158|
2225159|
2225184|
2225185|
2225186|
2225187|
2225188|
2225189|
2225190|
2225191|
2225216|
2225217|
2225218|
2225219|
2225220|
2225221|
2225222|
2225223|
2225248|
2225249|
2225250|
2225251|
2225252|
2225253|
2225254|
2225255|
2225280|
2225281|
2225282|
2225283|
2225284|
2225285|
2225286|
2225287|
2225312|
2225313|
2225314|
2225315|
2225316|
2225317|
2225318|
2225319|
2225344|
2225345|
2225346|
2225347|
2225348|
2225349|
2225350|
2225351|
2225376|
2225377|
2225378|
2225379|
2225380|
2225381|
2225382|
2225383|
2225408|
2225409|
2225410|
2225411|
2225412|
2225413|
2225414|
2225415|
2225440|
2225441|
2225442|
2225443|
2225444|
2225445|
2225446|
2225447|
2225472|
2225473|
2225474|
2225475|
2225476|
2225477|
2225478|
2225479|
2225504|
2225505|
2225506|
2225507|
2225508|
2225509|
2225510|
2225511|
2225536|
2225537|
2225538|
2225539|
2225540|
2225541|
2225542|
2225543|
2225568|
2225569|
2225570|
2225571|
2225572|
2225573|
2225574|
2225575|
2225600|
2225601|
2225602|
2225603|
2225604|
2225605|
2225606|
2225607|
2225632|
2225633|
2225634|
2225635|
2225636|
2225637|
2225638|
2225639|
2225664|
2225665|
2225666|
2225667|
2225668|
2225669|
2225670|
2225671|
2225696|
2225697|
2225698|
2225699|
2225700|
2225701|
2225702|
2225703|
2225728|
2225729|
2225730|
2225731|
2225732|
2225733|
2225734|
2225735|
2225760|
2225761|
2225762|
2225763|
2225764|
2225765|
2225766|
2225767|
2225792|
2225793|
2225794|
2225795|
2225796|
2225797|
2225798|
2225799|
2225824|
2225825|
2225826|
2225827|
2225828|
2225829|
2225830|
2225831|
2225856|
2225857|
2225858|
2225859|
2225860|
2225861|
2225862|
2225863|
2225888|
2225889|
2225890|
2225891|
2225892|
2225893|
2225894|
2225895|
2225920|
2225921|
2225922|
2225923|
2225924|
2225925|
2225926|
2225927|
2225952|
2225953|
2225954|
2225955|
2225956|
2225957|
2225958|
2225959|
2225984|
2225985|
2225986|
2225987|
2225988|
