2328001|
2328002|
2328003|
2328004|
2328005|
2328006|
2328007|
2328032|
2328033|
2328034|
2328035|
2328036|
2328037|
2328038|
2328039|
2328064|
2328065|
2328066|
2328067|
2328068|
2328069|
2328070|
2328071|
2328096|
2328097|
2328098|
2328099|
2328100|
2328101|
2328102|
2328103|
2328128|
2328129|
2328130|
2328131|
2328132|
2328133|
2328134|
2328135|
2328160|
2328161|
2328162|
2328163|
2328164|
2328165|
2328166|
2328167|
2328192|
2328193|
2328194|
2328195|
2328196|
2328197|
2328198|
2328199|
2328224|
2328225|
2328226|
2328227|
2328228|
2328229|
2328230|
2328231|
2328256|
2328257|
2328258|
2328259|
2328260|
2328261|
2328262|
2328263|
2328288|
2328289|
2328290|
2328291|
2328292|
2328293|
2328294|
2328295|
2328320|
2328321|
2328322|
2328323|
2328324|
2328325|
2328326|
2328327|
2328352|
2328353|
2328354|
2328355|
2328356|
2328357|
2328358|
2328359|
2328384|
2328385|
2328386|
2328387|
2328388|
2328389|
2328390|
2328391|
2328416|
2328417|
2328418|
2328419|
2328420|
2328421|
2328422|
2328423|
2328448|
2328449|
2328450|
2328451|
2328452|
2328453|
2328454|
2328455|
2328480|
2328481|
2328482|
2328483|
2328484|
2328485|
2328486|
2328487|
2328512|
2328513|
2328514|
2328515|
2328516|
2328517|
2328518|
2328519|
2328544|
2328545|
2328546|
2328547|
2328548|
2328549|
2328550|
2328551|
2328576|
2328577|
2328578|
2328579|
2328580|
2328581|
2328582|
2328583|
2328608|
2328609|
2328610|
2328611|
2328612|
2328613|
2328614|
2328615|
2328640|
2328641|
2328642|
2328643|
2328644|
2328645|
2328646|
2328647|
2328672|
2328673|
2328674|
2328675|
2328676|
2328677|
2328678|
2328679|
2328704|
2328705|
2328706|
2328707|
2328708|
2328709|
2328710|
2328711|
2328736|
2328737|
2328738|
2328739|
2328740|
2328741|
2328742|
2328743|
2328768|
2328769|
2328770|
2328771|
2328772|
2328773|
2328774|
2328775|
2328800|
2328801|
2328802|
2328803|
2328804|
2328805|
2328806|
2328807|
2328832|
2328833|
2328834|
2328835|
2328836|
2328837|
2328838|
2328839|
2328864|
2328865|
2328866|
2328867|
2328868|
2328869|
2328870|
2328871|
2328896|
2328897|
2328898|
2328899|
2328900|
2328901|
2328902|
2328903|
2328928|
2328929|
2328930|
2328931|
2328932|
2328933|
2328934|
2328935|
2328960|
2328961|
2328962|
2328963|
2328964|
2328965|
2328966|
2328967|
2328992|
2328993|
2328994|
2328995|
2328996|
2328997|
2328998|
2328999|
2329024|
2329025|
2329026|
2329027|
2329028|
2329029|
2329030|
2329031|
2329056|
2329057|
2329058|
2329059|
2329060|
2329061|
2329062|
2329063|
2329088|
2329089|
2329090|
2329091|
2329092|
2329093|
2329094|
2329095|
2329120|
2329121|
2329122|
2329123|
2329124|
2329125|
2329126|
2329127|
2329152|
2329153|
2329154|
2329155|
2329156|
2329157|
2329158|
2329159|
2329184|
2329185|
2329186|
2329187|
2329188|
2329189|
2329190|
2329191|
2329216|
2329217|
2329218|
2329219|
2329220|
2329221|
2329222|
2329223|
2329248|
2329249|
2329250|
2329251|
2329252|
2329253|
2329254|
2329255|
2329280|
2329281|
2329282|
2329283|
2329284|
2329285|
2329286|
2329287|
2329312|
2329313|
2329314|
2329315|
2329316|
2329317|
2329318|
2329319|
2329344|
2329345|
2329346|
2329347|
2329348|
2329349|
2329350|
2329351|
2329376|
2329377|
2329378|
2329379|
2329380|
2329381|
2329382|
2329383|
2329408|
2329409|
2329410|
2329411|
2329412|
2329413|
2329414|
2329415|
2329440|
2329441|
2329442|
2329443|
2329444|
2329445|
2329446|
2329447|
2329472|
2329473|
2329474|
2329475|
2329476|
2329477|
2329478|
2329479|
2329504|
2329505|
2329506|
2329507|
2329508|
2329509|
2329510|
2329511|
2329536|
2329537|
2329538|
2329539|
2329540|
2329541|
2329542|
2329543|
2329568|
2329569|
2329570|
2329571|
2329572|
2329573|
2329574|
2329575|
2329600|
2329601|
2329602|
2329603|
2329604|
2329605|
2329606|
2329607|
2329632|
2329633|
2329634|
2329635|
2329636|
2329637|
2329638|
2329639|
2329664|
2329665|
2329666|
2329667|
2329668|
2329669|
2329670|
2329671|
2329696|
2329697|
2329698|
2329699|
2329700|
2329701|
2329702|
2329703|
2329728|
2329729|
2329730|
2329731|
2329732|
2329733|
2329734|
2329735|
2329760|
2329761|
2329762|
2329763|
2329764|
2329765|
2329766|
2329767|
2329792|
2329793|
2329794|
2329795|
2329796|
2329797|
2329798|
2329799|
2329824|
2329825|
2329826|
2329827|
2329828|
2329829|
2329830|
2329831|
2329856|
2329857|
2329858|
2329859|
2329860|
2329861|
2329862|
2329863|
2329888|
2329889|
2329890|
2329891|
2329892|
2329893|
2329894|
2329895|
2329920|
2329921|
2329922|
2329923|
2329924|
2329925|
2329926|
2329927|
2329952|
2329953|
2329954|
2329955|
2329956|
2329957|
2329958|
2329959|
2329984|
2329985|
2329986|
2329987|
2329988|
2329989|
2329990|
2329991|
2330016|
2330017|
2330018|
2330019|
2330020|
2330021|
2330022|
2330023|
2330048|
2330049|
2330050|
2330051|
2330052|
2330053|
2330054|
2330055|
2330080|
2330081|
2330082|
2330083|
2330084|
2330085|
2330086|
2330087|
2330112|
2330113|
2330114|
2330115|
2330116|
2330117|
2330118|
2330119|
2330144|
2330145|
2330146|
2330147|
2330148|
2330149|
2330150|
2330151|
2330176|
2330177|
2330178|
2330179|
2330180|
2330181|
2330182|
2330183|
2330208|
2330209|
2330210|
2330211|
2330212|
2330213|
2330214|
2330215|
2330240|
2330241|
2330242|
2330243|
2330244|
2330245|
2330246|
2330247|
2330272|
2330273|
2330274|
2330275|
2330276|
2330277|
2330278|
2330279|
2330304|
2330305|
2330306|
2330307|
2330308|
2330309|
2330310|
2330311|
2330336|
2330337|
2330338|
2330339|
2330340|
2330341|
2330342|
2330343|
2330368|
2330369|
2330370|
2330371|
2330372|
2330373|
2330374|
2330375|
2330400|
2330401|
2330402|
2330403|
2330404|
2330405|
2330406|
2330407|
2330432|
2330433|
2330434|
2330435|
2330436|
2330437|
2330438|
2330439|
2330464|
2330465|
2330466|
2330467|
2330468|
2330469|
2330470|
2330471|
2330496|
2330497|
2330498|
2330499|
2330500|
2330501|
2330502|
2330503|
2330528|
2330529|
2330530|
2330531|
2330532|
2330533|
2330534|
2330535|
2330560|
2330561|
2330562|
2330563|
2330564|
2330565|
2330566|
2330567|
2330592|
2330593|
2330594|
2330595|
2330596|
2330597|
2330598|
2330599|
2330624|
2330625|
2330626|
2330627|
2330628|
2330629|
2330630|
2330631|
2330656|
2330657|
2330658|
2330659|
2330660|
2330661|
2330662|
2330663|
2330688|
2330689|
2330690|
2330691|
2330692|
2330693|
2330694|
2330695|
2330720|
2330721|
2330722|
2330723|
2330724|
2330725|
2330726|
2330727|
2330752|
2330753|
2330754|
2330755|
2330756|
2330757|
2330758|
2330759|
2330784|
2330785|
2330786|
2330787|
2330788|
2330789|
2330790|
2330791|
2330816|
2330817|
2330818|
2330819|
2330820|
2330821|
2330822|
2330823|
2330848|
2330849|
2330850|
2330851|
2330852|
2330853|
2330854|
2330855|
2330880|
2330881|
2330882|
2330883|
2330884|
2330885|
2330886|
2330887|
2330912|
2330913|
2330914|
2330915|
2330916|
2330917|
2330918|
2330919|
2330944|
2330945|
2330946|
2330947|
2330948|
2330949|
2330950|
2330951|
2330976|
2330977|
2330978|
2330979|
2330980|
2330981|
2330982|
2330983|
2331008|
2331009|
2331010|
2331011|
2331012|
2331013|
2331014|
2331015|
2331040|
2331041|
2331042|
2331043|
2331044|
2331045|
2331046|
2331047|
2331072|
2331073|
2331074|
2331075|
2331076|
2331077|
2331078|
2331079|
2331104|
2331105|
2331106|
2331107|
2331108|
2331109|
2331110|
2331111|
2331136|
2331137|
2331138|
2331139|
2331140|
2331141|
2331142|
2331143|
2331168|
2331169|
2331170|
2331171|
2331172|
2331173|
2331174|
2331175|
2331200|
2331201|
2331202|
2331203|
2331204|
2331205|
2331206|
2331207|
2331232|
2331233|
2331234|
2331235|
2331236|
2331237|
2331238|
2331239|
2331264|
2331265|
2331266|
2331267|
2331268|
2331269|
2331270|
2331271|
2331296|
2331297|
2331298|
2331299|
2331300|
2331301|
2331302|
2331303|
2331328|
2331329|
2331330|
2331331|
2331332|
2331333|
2331334|
2331335|
2331360|
2331361|
2331362|
2331363|
2331364|
2331365|
2331366|
2331367|
2331392|
2331393|
2331394|
2331395|
2331396|
2331397|
2331398|
2331399|
2331424|
2331425|
2331426|
2331427|
2331428|
2331429|
2331430|
2331431|
2331456|
2331457|
2331458|
2331459|
2331460|
2331461|
2331462|
2331463|
2331488|
2331489|
2331490|
2331491|
2331492|
2331493|
2331494|
2331495|
2331520|
2331521|
2331522|
2331523|
2331524|
2331525|
2331526|
2331527|
2331552|
2331553|
2331554|
2331555|
2331556|
2331557|
2331558|
2331559|
2331584|
2331585|
2331586|
2331587|
2331588|
2331589|
2331590|
2331591|
2331616|
2331617|
2331618|
2331619|
2331620|
2331621|
2331622|
2331623|
2331648|
2331649|
2331650|
2331651|
2331652|
2331653|
2331654|
2331655|
2331680|
2331681|
2331682|
2331683|
2331684|
2331685|
2331686|
2331687|
2331712|
2331713|
2331714|
2331715|
2331716|
2331717|
2331718|
2331719|
2331744|
2331745|
2331746|
2331747|
2331748|
2331749|
2331750|
2331751|
2331776|
2331777|
2331778|
2331779|
2331780|
2331781|
2331782|
2331783|
2331808|
2331809|
2331810|
2331811|
2331812|
2331813|
2331814|
2331815|
2331840|
2331841|
2331842|
2331843|
2331844|
2331845|
2331846|
2331847|
2331872|
2331873|
2331874|
2331875|
2331876|
2331877|
2331878|
2331879|
2331904|
2331905|
2331906|
2331907|
2331908|
2331909|
2331910|
2331911|
2331936|
2331937|
2331938|
2331939|
2331940|
2331941|
2331942|
2331943|
2331968|
2331969|
2331970|
2331971|
2331972|
2331973|
2331974|
2331975|
2332000|
2332001|
2332002|
2332003|
2332004|
2332005|
2332006|
2332007|
2332032|
2332033|
2332034|
2332035|
2332036|
2332037|
2332038|
2332039|
2332064|
2332065|
2332066|
2332067|
2332068|
2332069|
2332070|
2332071|
2332096|
2332097|
2332098|
2332099|
2332100|
2332101|
2332102|
2332103|
2332128|
2332129|
2332130|
2332131|
2332132|
2332133|
2332134|
2332135|
2332160|
2332161|
2332162|
2332163|
2332164|
2332165|
2332166|
2332167|
2332192|
2332193|
2332194|
2332195|
2332196|
2332197|
2332198|
2332199|
2332224|
2332225|
2332226|
2332227|
2332228|
2332229|
2332230|
2332231|
2332256|
2332257|
2332258|
2332259|
2332260|
2332261|
2332262|
2332263|
2332288|
2332289|
2332290|
2332291|
2332292|
2332293|
2332294|
2332295|
2332320|
2332321|
2332322|
2332323|
2332324|
2332325|
2332326|
2332327|
2332352|
2332353|
2332354|
2332355|
2332356|
2332357|
2332358|
2332359|
2332384|
2332385|
2332386|
2332387|
2332388|
2332389|
2332390|
2332391|
2332416|
2332417|
2332418|
2332419|
2332420|
2332421|
2332422|
2332423|
2332448|
2332449|
2332450|
2332451|
2332452|
2332453|
2332454|
2332455|
2332480|
2332481|
2332482|
2332483|
2332484|
2332485|
2332486|
2332487|
2332512|
2332513|
2332514|
2332515|
2332516|
2332517|
2332518|
2332519|
2332544|
2332545|
2332546|
2332547|
2332548|
2332549|
2332550|
2332551|
2332576|
2332577|
2332578|
2332579|
2332580|
2332581|
2332582|
2332583|
2332608|
2332609|
2332610|
2332611|
2332612|
2332613|
2332614|
2332615|
2332640|
2332641|
2332642|
2332643|
2332644|
2332645|
2332646|
2332647|
2332672|
2332673|
2332674|
2332675|
2332676|
2332677|
2332678|
2332679|
2332704|
2332705|
2332706|
2332707|
2332708|
2332709|
2332710|
2332711|
2332736|
2332737|
2332738|
2332739|
2332740|
2332741|
2332742|
2332743|
2332768|
2332769|
2332770|
2332771|
2332772|
2332773|
2332774|
2332775|
2332800|
2332801|
2332802|
2332803|
2332804|
2332805|
2332806|
2332807|
2332832|
2332833|
2332834|
2332835|
2332836|
2332837|
2332838|
2332839|
2332864|
2332865|
2332866|
2332867|
2332868|
2332869|
2332870|
2332871|
2332896|
2332897|
2332898|
2332899|
2332900|
2332901|
2332902|
2332903|
2332928|
2332929|
2332930|
2332931|
2332932|
2332933|
2332934|
2332935|
2332960|
2332961|
2332962|
2332963|
2332964|
2332965|
2332966|
2332967|
2332992|
2332993|
2332994|
2332995|
2332996|
2332997|
2332998|
2332999|
2333024|
2333025|
2333026|
2333027|
2333028|
2333029|
2333030|
2333031|
2333056|
2333057|
2333058|
2333059|
2333060|
2333061|
2333062|
2333063|
2333088|
2333089|
2333090|
2333091|
2333092|
2333093|
2333094|
2333095|
2333120|
2333121|
2333122|
2333123|
2333124|
2333125|
2333126|
2333127|
2333152|
2333153|
2333154|
2333155|
2333156|
2333157|
2333158|
2333159|
2333184|
2333185|
2333186|
2333187|
2333188|
2333189|
2333190|
2333191|
2333216|
2333217|
2333218|
2333219|
2333220|
2333221|
2333222|
2333223|
2333248|
2333249|
2333250|
2333251|
2333252|
2333253|
2333254|
2333255|
2333280|
2333281|
2333282|
2333283|
2333284|
2333285|
2333286|
2333287|
2333312|
2333313|
2333314|
2333315|
2333316|
2333317|
2333318|
2333319|
2333344|
2333345|
2333346|
2333347|
2333348|
2333349|
2333350|
2333351|
2333376|
2333377|
2333378|
2333379|
2333380|
2333381|
2333382|
2333383|
2333408|
2333409|
2333410|
2333411|
2333412|
2333413|
2333414|
2333415|
2333440|
2333441|
2333442|
2333443|
2333444|
2333445|
2333446|
2333447|
2333472|
2333473|
2333474|
2333475|
2333476|
2333477|
2333478|
2333479|
2333504|
2333505|
2333506|
2333507|
2333508|
2333509|
2333510|
2333511|
2333536|
2333537|
2333538|
2333539|
2333540|
2333541|
2333542|
2333543|
2333568|
2333569|
2333570|
2333571|
2333572|
2333573|
2333574|
2333575|
2333600|
2333601|
2333602|
2333603|
2333604|
2333605|
2333606|
2333607|
2333632|
2333633|
2333634|
2333635|
2333636|
2333637|
2333638|
2333639|
2333664|
2333665|
2333666|
2333667|
2333668|
2333669|
2333670|
2333671|
2333696|
2333697|
2333698|
2333699|
2333700|
2333701|
2333702|
2333703|
2333728|
2333729|
2333730|
2333731|
2333732|
2333733|
2333734|
2333735|
2333760|
2333761|
2333762|
2333763|
2333764|
2333765|
2333766|
2333767|
2333792|
2333793|
2333794|
2333795|
2333796|
2333797|
2333798|
2333799|
2333824|
2333825|
2333826|
2333827|
2333828|
2333829|
2333830|
2333831|
2333856|
2333857|
2333858|
2333859|
2333860|
2333861|
2333862|
2333863|
2333888|
2333889|
2333890|
2333891|
2333892|
2333893|
2333894|
2333895|
2333920|
2333921|
2333922|
2333923|
2333924|
2333925|
2333926|
2333927|
2333952|
2333953|
2333954|
2333955|
2333956|
2333957|
2333958|
2333959|
2333984|
2333985|
2333986|
2333987|
2333988|
