1061989|
1061990|
1061991|
1062016|
1062017|
1062018|
1062019|
1062020|
1062021|
1062022|
1062023|
1062048|
1062049|
1062050|
1062051|
1062052|
1062053|
1062054|
1062055|
1062080|
1062081|
1062082|
1062083|
1062084|
1062085|
1062086|
1062087|
1062112|
1062113|
1062114|
1062115|
1062116|
1062117|
1062118|
1062119|
1062144|
1062145|
1062146|
1062147|
1062148|
1062149|
1062150|
1062151|
1062176|
1062177|
1062178|
1062179|
1062180|
1062181|
1062182|
1062183|
1062208|
1062209|
1062210|
1062211|
1062212|
1062213|
1062214|
1062215|
1062240|
1062241|
1062242|
1062243|
1062244|
1062245|
1062246|
1062247|
1062272|
1062273|
1062274|
1062275|
1062276|
1062277|
1062278|
1062279|
1062304|
1062305|
1062306|
1062307|
1062308|
1062309|
1062310|
1062311|
1062336|
1062337|
1062338|
1062339|
1062340|
1062341|
1062342|
1062343|
1062368|
1062369|
1062370|
1062371|
1062372|
1062373|
1062374|
1062375|
1062400|
1062401|
1062402|
1062403|
1062404|
1062405|
1062406|
1062407|
1062432|
1062433|
1062434|
1062435|
1062436|
1062437|
1062438|
1062439|
1062464|
1062465|
1062466|
1062467|
1062468|
1062469|
1062470|
1062471|
1062496|
1062497|
1062498|
1062499|
1062500|
1062501|
1062502|
1062503|
1062528|
1062529|
1062530|
1062531|
1062532|
1062533|
1062534|
1062535|
1062560|
1062561|
1062562|
1062563|
1062564|
1062565|
1062566|
1062567|
1062592|
1062593|
1062594|
1062595|
1062596|
1062597|
1062598|
1062599|
1062624|
1062625|
1062626|
1062627|
1062628|
1062629|
1062630|
1062631|
1062656|
1062657|
1062658|
1062659|
1062660|
1062661|
1062662|
1062663|
1062688|
1062689|
1062690|
1062691|
1062692|
1062693|
1062694|
1062695|
1062720|
1062721|
1062722|
1062723|
1062724|
1062725|
1062726|
1062727|
1062752|
1062753|
1062754|
1062755|
1062756|
1062757|
1062758|
1062759|
1062784|
1062785|
1062786|
1062787|
1062788|
1062789|
1062790|
1062791|
1062816|
1062817|
1062818|
1062819|
1062820|
1062821|
1062822|
1062823|
1062848|
1062849|
1062850|
1062851|
1062852|
1062853|
1062854|
1062855|
1062880|
1062881|
1062882|
1062883|
1062884|
1062885|
1062886|
1062887|
1062912|
1062913|
1062914|
1062915|
1062916|
1062917|
1062918|
1062919|
1062944|
1062945|
1062946|
1062947|
1062948|
1062949|
1062950|
1062951|
1062976|
1062977|
1062978|
1062979|
1062980|
1062981|
1062982|
1062983|
1063008|
1063009|
1063010|
1063011|
1063012|
1063013|
1063014|
1063015|
1063040|
1063041|
1063042|
1063043|
1063044|
1063045|
1063046|
1063047|
1063072|
1063073|
1063074|
1063075|
1063076|
1063077|
1063078|
1063079|
1063104|
1063105|
1063106|
1063107|
1063108|
1063109|
1063110|
1063111|
1063136|
1063137|
1063138|
1063139|
1063140|
1063141|
1063142|
1063143|
1063168|
1063169|
1063170|
1063171|
1063172|
1063173|
1063174|
1063175|
1063200|
1063201|
1063202|
1063203|
1063204|
1063205|
1063206|
1063207|
1063232|
1063233|
1063234|
1063235|
1063236|
1063237|
1063238|
1063239|
1063264|
1063265|
1063266|
1063267|
1063268|
1063269|
1063270|
1063271|
1063296|
1063297|
1063298|
1063299|
1063300|
1063301|
1063302|
1063303|
1063328|
1063329|
1063330|
1063331|
1063332|
1063333|
1063334|
1063335|
1063360|
1063361|
1063362|
1063363|
1063364|
1063365|
1063366|
1063367|
1063392|
1063393|
1063394|
1063395|
1063396|
1063397|
1063398|
1063399|
1063424|
1063425|
1063426|
1063427|
1063428|
1063429|
1063430|
1063431|
1063456|
1063457|
1063458|
1063459|
1063460|
1063461|
1063462|
1063463|
1063488|
1063489|
1063490|
1063491|
1063492|
1063493|
1063494|
1063495|
1063520|
1063521|
1063522|
1063523|
1063524|
1063525|
1063526|
1063527|
1063552|
1063553|
1063554|
1063555|
1063556|
1063557|
1063558|
1063559|
1063584|
1063585|
1063586|
1063587|
1063588|
1063589|
1063590|
1063591|
1063616|
1063617|
1063618|
1063619|
1063620|
1063621|
1063622|
1063623|
1063648|
1063649|
1063650|
1063651|
1063652|
1063653|
1063654|
1063655|
1063680|
1063681|
1063682|
1063683|
1063684|
1063685|
1063686|
1063687|
1063712|
1063713|
1063714|
1063715|
1063716|
1063717|
1063718|
1063719|
1063744|
1063745|
1063746|
1063747|
1063748|
1063749|
1063750|
1063751|
1063776|
1063777|
1063778|
1063779|
1063780|
1063781|
1063782|
1063783|
1063808|
1063809|
1063810|
1063811|
1063812|
1063813|
1063814|
1063815|
1063840|
1063841|
1063842|
1063843|
1063844|
1063845|
1063846|
1063847|
1063872|
1063873|
1063874|
1063875|
1063876|
1063877|
1063878|
1063879|
1063904|
1063905|
1063906|
1063907|
1063908|
1063909|
1063910|
1063911|
1063936|
1063937|
1063938|
1063939|
1063940|
1063941|
1063942|
1063943|
1063968|
1063969|
1063970|
1063971|
1063972|
1063973|
1063974|
1063975|
1064000|
1064001|
1064002|
1064003|
1064004|
1064005|
1064006|
1064007|
1064032|
1064033|
1064034|
1064035|
1064036|
1064037|
1064038|
1064039|
1064064|
1064065|
1064066|
1064067|
1064068|
1064069|
1064070|
1064071|
1064096|
1064097|
1064098|
1064099|
1064100|
1064101|
1064102|
1064103|
1064128|
1064129|
1064130|
1064131|
1064132|
1064133|
1064134|
1064135|
1064160|
1064161|
1064162|
1064163|
1064164|
1064165|
1064166|
1064167|
1064192|
1064193|
1064194|
1064195|
1064196|
1064197|
1064198|
1064199|
1064224|
1064225|
1064226|
1064227|
1064228|
1064229|
1064230|
1064231|
1064256|
1064257|
1064258|
1064259|
1064260|
1064261|
1064262|
1064263|
1064288|
1064289|
1064290|
1064291|
1064292|
1064293|
1064294|
1064295|
1064320|
1064321|
1064322|
1064323|
1064324|
1064325|
1064326|
1064327|
1064352|
1064353|
1064354|
1064355|
1064356|
1064357|
1064358|
1064359|
1064384|
1064385|
1064386|
1064387|
1064388|
1064389|
1064390|
1064391|
1064416|
1064417|
1064418|
1064419|
1064420|
1064421|
1064422|
1064423|
1064448|
1064449|
1064450|
1064451|
1064452|
1064453|
1064454|
1064455|
1064480|
1064481|
1064482|
1064483|
1064484|
1064485|
1064486|
1064487|
1064512|
1064513|
1064514|
1064515|
1064516|
1064517|
1064518|
1064519|
1064544|
1064545|
1064546|
1064547|
1064548|
1064549|
1064550|
1064551|
1064576|
1064577|
1064578|
1064579|
1064580|
1064581|
1064582|
1064583|
1064608|
1064609|
1064610|
1064611|
1064612|
1064613|
1064614|
1064615|
1064640|
1064641|
1064642|
1064643|
1064644|
1064645|
1064646|
1064647|
1064672|
1064673|
1064674|
1064675|
1064676|
1064677|
1064678|
1064679|
1064704|
1064705|
1064706|
1064707|
1064708|
1064709|
1064710|
1064711|
1064736|
1064737|
1064738|
1064739|
1064740|
1064741|
1064742|
1064743|
1064768|
1064769|
1064770|
1064771|
1064772|
1064773|
1064774|
1064775|
1064800|
1064801|
1064802|
1064803|
1064804|
1064805|
1064806|
1064807|
1064832|
1064833|
1064834|
1064835|
1064836|
1064837|
1064838|
1064839|
1064864|
1064865|
1064866|
1064867|
1064868|
1064869|
1064870|
1064871|
1064896|
1064897|
1064898|
1064899|
1064900|
1064901|
1064902|
1064903|
1064928|
1064929|
1064930|
1064931|
1064932|
1064933|
1064934|
1064935|
1064960|
1064961|
1064962|
1064963|
1064964|
1064965|
1064966|
1064967|
1064992|
1064993|
1064994|
1064995|
1064996|
1064997|
1064998|
1064999|
1065024|
1065025|
1065026|
1065027|
1065028|
1065029|
1065030|
1065031|
1065056|
1065057|
1065058|
1065059|
1065060|
1065061|
1065062|
1065063|
1065088|
1065089|
1065090|
1065091|
1065092|
1065093|
1065094|
1065095|
1065120|
1065121|
1065122|
1065123|
1065124|
1065125|
1065126|
1065127|
1065152|
1065153|
1065154|
1065155|
1065156|
1065157|
1065158|
1065159|
1065184|
1065185|
1065186|
1065187|
1065188|
1065189|
1065190|
1065191|
1065216|
1065217|
1065218|
1065219|
1065220|
1065221|
1065222|
1065223|
1065248|
1065249|
1065250|
1065251|
1065252|
1065253|
1065254|
1065255|
1065280|
1065281|
1065282|
1065283|
1065284|
1065285|
1065286|
1065287|
1065312|
1065313|
1065314|
1065315|
1065316|
1065317|
1065318|
1065319|
1065344|
1065345|
1065346|
1065347|
1065348|
1065349|
1065350|
1065351|
1065376|
1065377|
1065378|
1065379|
1065380|
1065381|
1065382|
1065383|
1065408|
1065409|
1065410|
1065411|
1065412|
1065413|
1065414|
1065415|
1065440|
1065441|
1065442|
1065443|
1065444|
1065445|
1065446|
1065447|
1065472|
1065473|
1065474|
1065475|
1065476|
1065477|
1065478|
1065479|
1065504|
1065505|
1065506|
1065507|
1065508|
1065509|
1065510|
1065511|
1065536|
1065537|
1065538|
1065539|
1065540|
1065541|
1065542|
1065543|
1065568|
1065569|
1065570|
1065571|
1065572|
1065573|
1065574|
1065575|
1065600|
1065601|
1065602|
1065603|
1065604|
1065605|
1065606|
1065607|
1065632|
1065633|
1065634|
1065635|
1065636|
1065637|
1065638|
1065639|
1065664|
1065665|
1065666|
1065667|
1065668|
1065669|
1065670|
1065671|
1065696|
1065697|
1065698|
1065699|
1065700|
1065701|
1065702|
1065703|
1065728|
1065729|
1065730|
1065731|
1065732|
1065733|
1065734|
1065735|
1065760|
1065761|
1065762|
1065763|
1065764|
1065765|
1065766|
1065767|
1065792|
1065793|
1065794|
1065795|
1065796|
1065797|
1065798|
1065799|
1065824|
1065825|
1065826|
1065827|
1065828|
1065829|
1065830|
1065831|
1065856|
1065857|
1065858|
1065859|
1065860|
1065861|
1065862|
1065863|
1065888|
1065889|
1065890|
1065891|
1065892|
1065893|
1065894|
1065895|
1065920|
1065921|
1065922|
1065923|
1065924|
1065925|
1065926|
1065927|
1065952|
1065953|
1065954|
1065955|
1065956|
1065957|
1065958|
1065959|
1065984|
1065985|
1065986|
1065987|
1065988|
1065989|
1065990|
1065991|
1066016|
1066017|
1066018|
1066019|
1066020|
1066021|
1066022|
1066023|
1066048|
1066049|
1066050|
1066051|
1066052|
1066053|
1066054|
1066055|
1066080|
1066081|
1066082|
1066083|
1066084|
1066085|
1066086|
1066087|
1066112|
1066113|
1066114|
1066115|
1066116|
1066117|
1066118|
1066119|
1066144|
1066145|
1066146|
1066147|
1066148|
1066149|
1066150|
1066151|
1066176|
1066177|
1066178|
1066179|
1066180|
1066181|
1066182|
1066183|
1066208|
1066209|
1066210|
1066211|
1066212|
1066213|
1066214|
1066215|
1066240|
1066241|
1066242|
1066243|
1066244|
1066245|
1066246|
1066247|
1066272|
1066273|
1066274|
1066275|
1066276|
1066277|
1066278|
1066279|
1066304|
1066305|
1066306|
1066307|
1066308|
1066309|
1066310|
1066311|
1066336|
1066337|
1066338|
1066339|
1066340|
1066341|
1066342|
1066343|
1066368|
1066369|
1066370|
1066371|
1066372|
1066373|
1066374|
1066375|
1066400|
1066401|
1066402|
1066403|
1066404|
1066405|
1066406|
1066407|
1066432|
1066433|
1066434|
1066435|
1066436|
1066437|
1066438|
1066439|
1066464|
1066465|
1066466|
1066467|
1066468|
1066469|
1066470|
1066471|
1066496|
1066497|
1066498|
1066499|
1066500|
1066501|
1066502|
1066503|
1066528|
1066529|
1066530|
1066531|
1066532|
1066533|
1066534|
1066535|
1066560|
1066561|
1066562|
1066563|
1066564|
1066565|
1066566|
1066567|
1066592|
1066593|
1066594|
1066595|
1066596|
1066597|
1066598|
1066599|
1066624|
1066625|
1066626|
1066627|
1066628|
1066629|
1066630|
1066631|
1066656|
1066657|
1066658|
1066659|
1066660|
1066661|
1066662|
1066663|
1066688|
1066689|
1066690|
1066691|
1066692|
1066693|
1066694|
1066695|
1066720|
1066721|
1066722|
1066723|
1066724|
1066725|
1066726|
1066727|
1066752|
1066753|
1066754|
1066755|
1066756|
1066757|
1066758|
1066759|
1066784|
1066785|
1066786|
1066787|
1066788|
1066789|
1066790|
1066791|
1066816|
1066817|
1066818|
1066819|
1066820|
1066821|
1066822|
1066823|
1066848|
1066849|
1066850|
1066851|
1066852|
1066853|
1066854|
1066855|
1066880|
1066881|
1066882|
1066883|
1066884|
1066885|
1066886|
1066887|
1066912|
1066913|
1066914|
1066915|
1066916|
1066917|
1066918|
1066919|
1066944|
1066945|
1066946|
1066947|
1066948|
1066949|
1066950|
1066951|
1066976|
1066977|
1066978|
1066979|
1066980|
1066981|
1066982|
1066983|
1067008|
1067009|
1067010|
1067011|
1067012|
1067013|
1067014|
1067015|
1067040|
1067041|
1067042|
1067043|
1067044|
1067045|
1067046|
1067047|
1067072|
1067073|
1067074|
1067075|
1067076|
1067077|
1067078|
1067079|
1067104|
1067105|
1067106|
1067107|
1067108|
1067109|
1067110|
1067111|
1067136|
1067137|
1067138|
1067139|
1067140|
1067141|
1067142|
1067143|
1067168|
1067169|
1067170|
1067171|
1067172|
1067173|
1067174|
1067175|
1067200|
1067201|
1067202|
1067203|
1067204|
1067205|
1067206|
1067207|
1067232|
1067233|
1067234|
1067235|
1067236|
1067237|
1067238|
1067239|
1067264|
1067265|
1067266|
1067267|
1067268|
1067269|
1067270|
1067271|
1067296|
1067297|
1067298|
1067299|
1067300|
1067301|
1067302|
1067303|
1067328|
1067329|
1067330|
1067331|
1067332|
1067333|
1067334|
1067335|
1067360|
1067361|
1067362|
1067363|
1067364|
1067365|
1067366|
1067367|
1067392|
1067393|
1067394|
1067395|
1067396|
1067397|
1067398|
1067399|
1067424|
1067425|
1067426|
1067427|
1067428|
1067429|
1067430|
1067431|
1067456|
1067457|
1067458|
1067459|
1067460|
1067461|
1067462|
1067463|
1067488|
1067489|
1067490|
1067491|
1067492|
1067493|
1067494|
1067495|
1067520|
1067521|
1067522|
1067523|
1067524|
1067525|
1067526|
1067527|
1067552|
1067553|
1067554|
1067555|
1067556|
1067557|
1067558|
1067559|
1067584|
1067585|
1067586|
1067587|
1067588|
1067589|
1067590|
1067591|
1067616|
1067617|
1067618|
1067619|
1067620|
1067621|
1067622|
1067623|
1067648|
1067649|
1067650|
1067651|
1067652|
1067653|
1067654|
1067655|
1067680|
1067681|
1067682|
1067683|
1067684|
1067685|
1067686|
1067687|
1067712|
1067713|
1067714|
1067715|
1067716|
1067717|
1067718|
1067719|
1067744|
1067745|
1067746|
1067747|
1067748|
1067749|
1067750|
1067751|
1067776|
1067777|
1067778|
1067779|
1067780|
1067781|
1067782|
1067783|
1067808|
1067809|
1067810|
1067811|
1067812|
1067813|
1067814|
1067815|
1067840|
1067841|
1067842|
1067843|
1067844|
1067845|
1067846|
1067847|
1067872|
1067873|
1067874|
1067875|
1067876|
1067877|
1067878|
1067879|
1067904|
1067905|
1067906|
1067907|
1067908|
1067909|
1067910|
1067911|
1067936|
1067937|
1067938|
1067939|
1067940|
1067941|
1067942|
1067943|
1067968|
1067969|
1067970|
1067971|
1067972|
1067973|
1067974|
1067975|
1068000|
