2261989|
2261990|
2261991|
2262016|
2262017|
2262018|
2262019|
2262020|
2262021|
2262022|
2262023|
2262048|
2262049|
2262050|
2262051|
2262052|
2262053|
2262054|
2262055|
2262080|
2262081|
2262082|
2262083|
2262084|
2262085|
2262086|
2262087|
2262112|
2262113|
2262114|
2262115|
2262116|
2262117|
2262118|
2262119|
2262144|
2262145|
2262146|
2262147|
2262148|
2262149|
2262150|
2262151|
2262176|
2262177|
2262178|
2262179|
2262180|
2262181|
2262182|
2262183|
2262208|
2262209|
2262210|
2262211|
2262212|
2262213|
2262214|
2262215|
2262240|
2262241|
2262242|
2262243|
2262244|
2262245|
2262246|
2262247|
2262272|
2262273|
2262274|
2262275|
2262276|
2262277|
2262278|
2262279|
2262304|
2262305|
2262306|
2262307|
2262308|
2262309|
2262310|
2262311|
2262336|
2262337|
2262338|
2262339|
2262340|
2262341|
2262342|
2262343|
2262368|
2262369|
2262370|
2262371|
2262372|
2262373|
2262374|
2262375|
2262400|
2262401|
2262402|
2262403|
2262404|
2262405|
2262406|
2262407|
2262432|
2262433|
2262434|
2262435|
2262436|
2262437|
2262438|
2262439|
2262464|
2262465|
2262466|
2262467|
2262468|
2262469|
2262470|
2262471|
2262496|
2262497|
2262498|
2262499|
2262500|
2262501|
2262502|
2262503|
2262528|
2262529|
2262530|
2262531|
2262532|
2262533|
2262534|
2262535|
2262560|
2262561|
2262562|
2262563|
2262564|
2262565|
2262566|
2262567|
2262592|
2262593|
2262594|
2262595|
2262596|
2262597|
2262598|
2262599|
2262624|
2262625|
2262626|
2262627|
2262628|
2262629|
2262630|
2262631|
2262656|
2262657|
2262658|
2262659|
2262660|
2262661|
2262662|
2262663|
2262688|
2262689|
2262690|
2262691|
2262692|
2262693|
2262694|
2262695|
2262720|
2262721|
2262722|
2262723|
2262724|
2262725|
2262726|
2262727|
2262752|
2262753|
2262754|
2262755|
2262756|
2262757|
2262758|
2262759|
2262784|
2262785|
2262786|
2262787|
2262788|
2262789|
2262790|
2262791|
2262816|
2262817|
2262818|
2262819|
2262820|
2262821|
2262822|
2262823|
2262848|
2262849|
2262850|
2262851|
2262852|
2262853|
2262854|
2262855|
2262880|
2262881|
2262882|
2262883|
2262884|
2262885|
2262886|
2262887|
2262912|
2262913|
2262914|
2262915|
2262916|
2262917|
2262918|
2262919|
2262944|
2262945|
2262946|
2262947|
2262948|
2262949|
2262950|
2262951|
2262976|
2262977|
2262978|
2262979|
2262980|
2262981|
2262982|
2262983|
2263008|
2263009|
2263010|
2263011|
2263012|
2263013|
2263014|
2263015|
2263040|
2263041|
2263042|
2263043|
2263044|
2263045|
2263046|
2263047|
2263072|
2263073|
2263074|
2263075|
2263076|
2263077|
2263078|
2263079|
2263104|
2263105|
2263106|
2263107|
2263108|
2263109|
2263110|
2263111|
2263136|
2263137|
2263138|
2263139|
2263140|
2263141|
2263142|
2263143|
2263168|
2263169|
2263170|
2263171|
2263172|
2263173|
2263174|
2263175|
2263200|
2263201|
2263202|
2263203|
2263204|
2263205|
2263206|
2263207|
2263232|
2263233|
2263234|
2263235|
2263236|
2263237|
2263238|
2263239|
2263264|
2263265|
2263266|
2263267|
2263268|
2263269|
2263270|
2263271|
2263296|
2263297|
2263298|
2263299|
2263300|
2263301|
2263302|
2263303|
2263328|
2263329|
2263330|
2263331|
2263332|
2263333|
2263334|
2263335|
2263360|
2263361|
2263362|
2263363|
2263364|
2263365|
2263366|
2263367|
2263392|
2263393|
2263394|
2263395|
2263396|
2263397|
2263398|
2263399|
2263424|
2263425|
2263426|
2263427|
2263428|
2263429|
2263430|
2263431|
2263456|
2263457|
2263458|
2263459|
2263460|
2263461|
2263462|
2263463|
2263488|
2263489|
2263490|
2263491|
2263492|
2263493|
2263494|
2263495|
2263520|
2263521|
2263522|
2263523|
2263524|
2263525|
2263526|
2263527|
2263552|
2263553|
2263554|
2263555|
2263556|
2263557|
2263558|
2263559|
2263584|
2263585|
2263586|
2263587|
2263588|
2263589|
2263590|
2263591|
2263616|
2263617|
2263618|
2263619|
2263620|
2263621|
2263622|
2263623|
2263648|
2263649|
2263650|
2263651|
2263652|
2263653|
2263654|
2263655|
2263680|
2263681|
2263682|
2263683|
2263684|
2263685|
2263686|
2263687|
2263712|
2263713|
2263714|
2263715|
2263716|
2263717|
2263718|
2263719|
2263744|
2263745|
2263746|
2263747|
2263748|
2263749|
2263750|
2263751|
2263776|
2263777|
2263778|
2263779|
2263780|
2263781|
2263782|
2263783|
2263808|
2263809|
2263810|
2263811|
2263812|
2263813|
2263814|
2263815|
2263840|
2263841|
2263842|
2263843|
2263844|
2263845|
2263846|
2263847|
2263872|
2263873|
2263874|
2263875|
2263876|
2263877|
2263878|
2263879|
2263904|
2263905|
2263906|
2263907|
2263908|
2263909|
2263910|
2263911|
2263936|
2263937|
2263938|
2263939|
2263940|
2263941|
2263942|
2263943|
2263968|
2263969|
2263970|
2263971|
2263972|
2263973|
2263974|
2263975|
2264000|
2264001|
2264002|
2264003|
2264004|
2264005|
2264006|
2264007|
2264032|
2264033|
2264034|
2264035|
2264036|
2264037|
2264038|
2264039|
2264064|
2264065|
2264066|
2264067|
2264068|
2264069|
2264070|
2264071|
2264096|
2264097|
2264098|
2264099|
2264100|
2264101|
2264102|
2264103|
2264128|
2264129|
2264130|
2264131|
2264132|
2264133|
2264134|
2264135|
2264160|
2264161|
2264162|
2264163|
2264164|
2264165|
2264166|
2264167|
2264192|
2264193|
2264194|
2264195|
2264196|
2264197|
2264198|
2264199|
2264224|
2264225|
2264226|
2264227|
2264228|
2264229|
2264230|
2264231|
2264256|
2264257|
2264258|
2264259|
2264260|
2264261|
2264262|
2264263|
2264288|
2264289|
2264290|
2264291|
2264292|
2264293|
2264294|
2264295|
2264320|
2264321|
2264322|
2264323|
2264324|
2264325|
2264326|
2264327|
2264352|
2264353|
2264354|
2264355|
2264356|
2264357|
2264358|
2264359|
2264384|
2264385|
2264386|
2264387|
2264388|
2264389|
2264390|
2264391|
2264416|
2264417|
2264418|
2264419|
2264420|
2264421|
2264422|
2264423|
2264448|
2264449|
2264450|
2264451|
2264452|
2264453|
2264454|
2264455|
2264480|
2264481|
2264482|
2264483|
2264484|
2264485|
2264486|
2264487|
2264512|
2264513|
2264514|
2264515|
2264516|
2264517|
2264518|
2264519|
2264544|
2264545|
2264546|
2264547|
2264548|
2264549|
2264550|
2264551|
2264576|
2264577|
2264578|
2264579|
2264580|
2264581|
2264582|
2264583|
2264608|
2264609|
2264610|
2264611|
2264612|
2264613|
2264614|
2264615|
2264640|
2264641|
2264642|
2264643|
2264644|
2264645|
2264646|
2264647|
2264672|
2264673|
2264674|
2264675|
2264676|
2264677|
2264678|
2264679|
2264704|
2264705|
2264706|
2264707|
2264708|
2264709|
2264710|
2264711|
2264736|
2264737|
2264738|
2264739|
2264740|
2264741|
2264742|
2264743|
2264768|
2264769|
2264770|
2264771|
2264772|
2264773|
2264774|
2264775|
2264800|
2264801|
2264802|
2264803|
2264804|
2264805|
2264806|
2264807|
2264832|
2264833|
2264834|
2264835|
2264836|
2264837|
2264838|
2264839|
2264864|
2264865|
2264866|
2264867|
2264868|
2264869|
2264870|
2264871|
2264896|
2264897|
2264898|
2264899|
2264900|
2264901|
2264902|
2264903|
2264928|
2264929|
2264930|
2264931|
2264932|
2264933|
2264934|
2264935|
2264960|
2264961|
2264962|
2264963|
2264964|
2264965|
2264966|
2264967|
2264992|
2264993|
2264994|
2264995|
2264996|
2264997|
2264998|
2264999|
2265024|
2265025|
2265026|
2265027|
2265028|
2265029|
2265030|
2265031|
2265056|
2265057|
2265058|
2265059|
2265060|
2265061|
2265062|
2265063|
2265088|
2265089|
2265090|
2265091|
2265092|
2265093|
2265094|
2265095|
2265120|
2265121|
2265122|
2265123|
2265124|
2265125|
2265126|
2265127|
2265152|
2265153|
2265154|
2265155|
2265156|
2265157|
2265158|
2265159|
2265184|
2265185|
2265186|
2265187|
2265188|
2265189|
2265190|
2265191|
2265216|
2265217|
2265218|
2265219|
2265220|
2265221|
2265222|
2265223|
2265248|
2265249|
2265250|
2265251|
2265252|
2265253|
2265254|
2265255|
2265280|
2265281|
2265282|
2265283|
2265284|
2265285|
2265286|
2265287|
2265312|
2265313|
2265314|
2265315|
2265316|
2265317|
2265318|
2265319|
2265344|
2265345|
2265346|
2265347|
2265348|
2265349|
2265350|
2265351|
2265376|
2265377|
2265378|
2265379|
2265380|
2265381|
2265382|
2265383|
2265408|
2265409|
2265410|
2265411|
2265412|
2265413|
2265414|
2265415|
2265440|
2265441|
2265442|
2265443|
2265444|
2265445|
2265446|
2265447|
2265472|
2265473|
2265474|
2265475|
2265476|
2265477|
2265478|
2265479|
2265504|
2265505|
2265506|
2265507|
2265508|
2265509|
2265510|
2265511|
2265536|
2265537|
2265538|
2265539|
2265540|
2265541|
2265542|
2265543|
2265568|
2265569|
2265570|
2265571|
2265572|
2265573|
2265574|
2265575|
2265600|
2265601|
2265602|
2265603|
2265604|
2265605|
2265606|
2265607|
2265632|
2265633|
2265634|
2265635|
2265636|
2265637|
2265638|
2265639|
2265664|
2265665|
2265666|
2265667|
2265668|
2265669|
2265670|
2265671|
2265696|
2265697|
2265698|
2265699|
2265700|
2265701|
2265702|
2265703|
2265728|
2265729|
2265730|
2265731|
2265732|
2265733|
2265734|
2265735|
2265760|
2265761|
2265762|
2265763|
2265764|
2265765|
2265766|
2265767|
2265792|
2265793|
2265794|
2265795|
2265796|
2265797|
2265798|
2265799|
2265824|
2265825|
2265826|
2265827|
2265828|
2265829|
2265830|
2265831|
2265856|
2265857|
2265858|
2265859|
2265860|
2265861|
2265862|
2265863|
2265888|
2265889|
2265890|
2265891|
2265892|
2265893|
2265894|
2265895|
2265920|
2265921|
2265922|
2265923|
2265924|
2265925|
2265926|
2265927|
2265952|
2265953|
2265954|
2265955|
2265956|
2265957|
2265958|
2265959|
2265984|
2265985|
2265986|
2265987|
2265988|
2265989|
2265990|
2265991|
2266016|
2266017|
2266018|
2266019|
2266020|
2266021|
2266022|
2266023|
2266048|
2266049|
2266050|
2266051|
2266052|
2266053|
2266054|
2266055|
2266080|
2266081|
2266082|
2266083|
2266084|
2266085|
2266086|
2266087|
2266112|
2266113|
2266114|
2266115|
2266116|
2266117|
2266118|
2266119|
2266144|
2266145|
2266146|
2266147|
2266148|
2266149|
2266150|
2266151|
2266176|
2266177|
2266178|
2266179|
2266180|
2266181|
2266182|
2266183|
2266208|
2266209|
2266210|
2266211|
2266212|
2266213|
2266214|
2266215|
2266240|
2266241|
2266242|
2266243|
2266244|
2266245|
2266246|
2266247|
2266272|
2266273|
2266274|
2266275|
2266276|
2266277|
2266278|
2266279|
2266304|
2266305|
2266306|
2266307|
2266308|
2266309|
2266310|
2266311|
2266336|
2266337|
2266338|
2266339|
2266340|
2266341|
2266342|
2266343|
2266368|
2266369|
2266370|
2266371|
2266372|
2266373|
2266374|
2266375|
2266400|
2266401|
2266402|
2266403|
2266404|
2266405|
2266406|
2266407|
2266432|
2266433|
2266434|
2266435|
2266436|
2266437|
2266438|
2266439|
2266464|
2266465|
2266466|
2266467|
2266468|
2266469|
2266470|
2266471|
2266496|
2266497|
2266498|
2266499|
2266500|
2266501|
2266502|
2266503|
2266528|
2266529|
2266530|
2266531|
2266532|
2266533|
2266534|
2266535|
2266560|
2266561|
2266562|
2266563|
2266564|
2266565|
2266566|
2266567|
2266592|
2266593|
2266594|
2266595|
2266596|
2266597|
2266598|
2266599|
2266624|
2266625|
2266626|
2266627|
2266628|
2266629|
2266630|
2266631|
2266656|
2266657|
2266658|
2266659|
2266660|
2266661|
2266662|
2266663|
2266688|
2266689|
2266690|
2266691|
2266692|
2266693|
2266694|
2266695|
2266720|
2266721|
2266722|
2266723|
2266724|
2266725|
2266726|
2266727|
2266752|
2266753|
2266754|
2266755|
2266756|
2266757|
2266758|
2266759|
2266784|
2266785|
2266786|
2266787|
2266788|
2266789|
2266790|
2266791|
2266816|
2266817|
2266818|
2266819|
2266820|
2266821|
2266822|
2266823|
2266848|
2266849|
2266850|
2266851|
2266852|
2266853|
2266854|
2266855|
2266880|
2266881|
2266882|
2266883|
2266884|
2266885|
2266886|
2266887|
2266912|
2266913|
2266914|
2266915|
2266916|
2266917|
2266918|
2266919|
2266944|
2266945|
2266946|
2266947|
2266948|
2266949|
2266950|
2266951|
2266976|
2266977|
2266978|
2266979|
2266980|
2266981|
2266982|
2266983|
2267008|
2267009|
2267010|
2267011|
2267012|
2267013|
2267014|
2267015|
2267040|
2267041|
2267042|
2267043|
2267044|
2267045|
2267046|
2267047|
2267072|
2267073|
2267074|
2267075|
2267076|
2267077|
2267078|
2267079|
2267104|
2267105|
2267106|
2267107|
2267108|
2267109|
2267110|
2267111|
2267136|
2267137|
2267138|
2267139|
2267140|
2267141|
2267142|
2267143|
2267168|
2267169|
2267170|
2267171|
2267172|
2267173|
2267174|
2267175|
2267200|
2267201|
2267202|
2267203|
2267204|
2267205|
2267206|
2267207|
2267232|
2267233|
2267234|
2267235|
2267236|
2267237|
2267238|
2267239|
2267264|
2267265|
2267266|
2267267|
2267268|
2267269|
2267270|
2267271|
2267296|
2267297|
2267298|
2267299|
2267300|
2267301|
2267302|
2267303|
2267328|
2267329|
2267330|
2267331|
2267332|
2267333|
2267334|
2267335|
2267360|
2267361|
2267362|
2267363|
2267364|
2267365|
2267366|
2267367|
2267392|
2267393|
2267394|
2267395|
2267396|
2267397|
2267398|
2267399|
2267424|
2267425|
2267426|
2267427|
2267428|
2267429|
2267430|
2267431|
2267456|
2267457|
2267458|
2267459|
2267460|
2267461|
2267462|
2267463|
2267488|
2267489|
2267490|
2267491|
2267492|
2267493|
2267494|
2267495|
2267520|
2267521|
2267522|
2267523|
2267524|
2267525|
2267526|
2267527|
2267552|
2267553|
2267554|
2267555|
2267556|
2267557|
2267558|
2267559|
2267584|
2267585|
2267586|
2267587|
2267588|
2267589|
2267590|
2267591|
2267616|
2267617|
2267618|
2267619|
2267620|
2267621|
2267622|
2267623|
2267648|
2267649|
2267650|
2267651|
2267652|
2267653|
2267654|
2267655|
2267680|
2267681|
2267682|
2267683|
2267684|
2267685|
2267686|
2267687|
2267712|
2267713|
2267714|
2267715|
2267716|
2267717|
2267718|
2267719|
2267744|
2267745|
2267746|
2267747|
2267748|
2267749|
2267750|
2267751|
2267776|
2267777|
2267778|
2267779|
2267780|
2267781|
2267782|
2267783|
2267808|
2267809|
2267810|
2267811|
2267812|
2267813|
2267814|
2267815|
2267840|
2267841|
2267842|
2267843|
2267844|
2267845|
2267846|
2267847|
2267872|
2267873|
2267874|
2267875|
2267876|
2267877|
2267878|
2267879|
2267904|
2267905|
2267906|
2267907|
2267908|
2267909|
2267910|
2267911|
2267936|
2267937|
2267938|
2267939|
2267940|
2267941|
2267942|
2267943|
2267968|
2267969|
2267970|
2267971|
2267972|
2267973|
2267974|
2267975|
2268000|
