2364001|
2364002|
2364003|
2364004|
2364005|
2364006|
2364007|
2364032|
2364033|
2364034|
2364035|
2364036|
2364037|
2364038|
2364039|
2364064|
2364065|
2364066|
2364067|
2364068|
2364069|
2364070|
2364071|
2364096|
2364097|
2364098|
2364099|
2364100|
2364101|
2364102|
2364103|
2364128|
2364129|
2364130|
2364131|
2364132|
2364133|
2364134|
2364135|
2364160|
2364161|
2364162|
2364163|
2364164|
2364165|
2364166|
2364167|
2364192|
2364193|
2364194|
2364195|
2364196|
2364197|
2364198|
2364199|
2364224|
2364225|
2364226|
2364227|
2364228|
2364229|
2364230|
2364231|
2364256|
2364257|
2364258|
2364259|
2364260|
2364261|
2364262|
2364263|
2364288|
2364289|
2364290|
2364291|
2364292|
2364293|
2364294|
2364295|
2364320|
2364321|
2364322|
2364323|
2364324|
2364325|
2364326|
2364327|
2364352|
2364353|
2364354|
2364355|
2364356|
2364357|
2364358|
2364359|
2364384|
2364385|
2364386|
2364387|
2364388|
2364389|
2364390|
2364391|
2364416|
2364417|
2364418|
2364419|
2364420|
2364421|
2364422|
2364423|
2364448|
2364449|
2364450|
2364451|
2364452|
2364453|
2364454|
2364455|
2364480|
2364481|
2364482|
2364483|
2364484|
2364485|
2364486|
2364487|
2364512|
2364513|
2364514|
2364515|
2364516|
2364517|
2364518|
2364519|
2364544|
2364545|
2364546|
2364547|
2364548|
2364549|
2364550|
2364551|
2364576|
2364577|
2364578|
2364579|
2364580|
2364581|
2364582|
2364583|
2364608|
2364609|
2364610|
2364611|
2364612|
2364613|
2364614|
2364615|
2364640|
2364641|
2364642|
2364643|
2364644|
2364645|
2364646|
2364647|
2364672|
2364673|
2364674|
2364675|
2364676|
2364677|
2364678|
2364679|
2364704|
2364705|
2364706|
2364707|
2364708|
2364709|
2364710|
2364711|
2364736|
2364737|
2364738|
2364739|
2364740|
2364741|
2364742|
2364743|
2364768|
2364769|
2364770|
2364771|
2364772|
2364773|
2364774|
2364775|
2364800|
2364801|
2364802|
2364803|
2364804|
2364805|
2364806|
2364807|
2364832|
2364833|
2364834|
2364835|
2364836|
2364837|
2364838|
2364839|
2364864|
2364865|
2364866|
2364867|
2364868|
2364869|
2364870|
2364871|
2364896|
2364897|
2364898|
2364899|
2364900|
2364901|
2364902|
2364903|
2364928|
2364929|
2364930|
2364931|
2364932|
2364933|
2364934|
2364935|
2364960|
2364961|
2364962|
2364963|
2364964|
2364965|
2364966|
2364967|
2364992|
2364993|
2364994|
2364995|
2364996|
2364997|
2364998|
2364999|
2365024|
2365025|
2365026|
2365027|
2365028|
2365029|
2365030|
2365031|
2365056|
2365057|
2365058|
2365059|
2365060|
2365061|
2365062|
2365063|
2365088|
2365089|
2365090|
2365091|
2365092|
2365093|
2365094|
2365095|
2365120|
2365121|
2365122|
2365123|
2365124|
2365125|
2365126|
2365127|
2365152|
2365153|
2365154|
2365155|
2365156|
2365157|
2365158|
2365159|
2365184|
2365185|
2365186|
2365187|
2365188|
2365189|
2365190|
2365191|
2365216|
2365217|
2365218|
2365219|
2365220|
2365221|
2365222|
2365223|
2365248|
2365249|
2365250|
2365251|
2365252|
2365253|
2365254|
2365255|
2365280|
2365281|
2365282|
2365283|
2365284|
2365285|
2365286|
2365287|
2365312|
2365313|
2365314|
2365315|
2365316|
2365317|
2365318|
2365319|
2365344|
2365345|
2365346|
2365347|
2365348|
2365349|
2365350|
2365351|
2365376|
2365377|
2365378|
2365379|
2365380|
2365381|
2365382|
2365383|
2365408|
2365409|
2365410|
2365411|
2365412|
2365413|
2365414|
2365415|
2365440|
2365441|
2365442|
2365443|
2365444|
2365445|
2365446|
2365447|
2365472|
2365473|
2365474|
2365475|
2365476|
2365477|
2365478|
2365479|
2365504|
2365505|
2365506|
2365507|
2365508|
2365509|
2365510|
2365511|
2365536|
2365537|
2365538|
2365539|
2365540|
2365541|
2365542|
2365543|
2365568|
2365569|
2365570|
2365571|
2365572|
2365573|
2365574|
2365575|
2365600|
2365601|
2365602|
2365603|
2365604|
2365605|
2365606|
2365607|
2365632|
2365633|
2365634|
2365635|
2365636|
2365637|
2365638|
2365639|
2365664|
2365665|
2365666|
2365667|
2365668|
2365669|
2365670|
2365671|
2365696|
2365697|
2365698|
2365699|
2365700|
2365701|
2365702|
2365703|
2365728|
2365729|
2365730|
2365731|
2365732|
2365733|
2365734|
2365735|
2365760|
2365761|
2365762|
2365763|
2365764|
2365765|
2365766|
2365767|
2365792|
2365793|
2365794|
2365795|
2365796|
2365797|
2365798|
2365799|
2365824|
2365825|
2365826|
2365827|
2365828|
2365829|
2365830|
2365831|
2365856|
2365857|
2365858|
2365859|
2365860|
2365861|
2365862|
2365863|
2365888|
2365889|
2365890|
2365891|
2365892|
2365893|
2365894|
2365895|
2365920|
2365921|
2365922|
2365923|
2365924|
2365925|
2365926|
2365927|
2365952|
2365953|
2365954|
2365955|
2365956|
2365957|
2365958|
2365959|
2365984|
2365985|
2365986|
2365987|
2365988|
2365989|
2365990|
2365991|
2366016|
2366017|
2366018|
2366019|
2366020|
2366021|
2366022|
2366023|
2366048|
2366049|
2366050|
2366051|
2366052|
2366053|
2366054|
2366055|
2366080|
2366081|
2366082|
2366083|
2366084|
2366085|
2366086|
2366087|
2366112|
2366113|
2366114|
2366115|
2366116|
2366117|
2366118|
2366119|
2366144|
2366145|
2366146|
2366147|
2366148|
2366149|
2366150|
2366151|
2366176|
2366177|
2366178|
2366179|
2366180|
2366181|
2366182|
2366183|
2366208|
2366209|
2366210|
2366211|
2366212|
2366213|
2366214|
2366215|
2366240|
2366241|
2366242|
2366243|
2366244|
2366245|
2366246|
2366247|
2366272|
2366273|
2366274|
2366275|
2366276|
2366277|
2366278|
2366279|
2366304|
2366305|
2366306|
2366307|
2366308|
2366309|
2366310|
2366311|
2366336|
2366337|
2366338|
2366339|
2366340|
2366341|
2366342|
2366343|
2366368|
2366369|
2366370|
2366371|
2366372|
2366373|
2366374|
2366375|
2366400|
2366401|
2366402|
2366403|
2366404|
2366405|
2366406|
2366407|
2366432|
2366433|
2366434|
2366435|
2366436|
2366437|
2366438|
2366439|
2366464|
2366465|
2366466|
2366467|
2366468|
2366469|
2366470|
2366471|
2366496|
2366497|
2366498|
2366499|
2366500|
2366501|
2366502|
2366503|
2366528|
2366529|
2366530|
2366531|
2366532|
2366533|
2366534|
2366535|
2366560|
2366561|
2366562|
2366563|
2366564|
2366565|
2366566|
2366567|
2366592|
2366593|
2366594|
2366595|
2366596|
2366597|
2366598|
2366599|
2366624|
2366625|
2366626|
2366627|
2366628|
2366629|
2366630|
2366631|
2366656|
2366657|
2366658|
2366659|
2366660|
2366661|
2366662|
2366663|
2366688|
2366689|
2366690|
2366691|
2366692|
2366693|
2366694|
2366695|
2366720|
2366721|
2366722|
2366723|
2366724|
2366725|
2366726|
2366727|
2366752|
2366753|
2366754|
2366755|
2366756|
2366757|
2366758|
2366759|
2366784|
2366785|
2366786|
2366787|
2366788|
2366789|
2366790|
2366791|
2366816|
2366817|
2366818|
2366819|
2366820|
2366821|
2366822|
2366823|
2366848|
2366849|
2366850|
2366851|
2366852|
2366853|
2366854|
2366855|
2366880|
2366881|
2366882|
2366883|
2366884|
2366885|
2366886|
2366887|
2366912|
2366913|
2366914|
2366915|
2366916|
2366917|
2366918|
2366919|
2366944|
2366945|
2366946|
2366947|
2366948|
2366949|
2366950|
2366951|
2366976|
2366977|
2366978|
2366979|
2366980|
2366981|
2366982|
2366983|
2367008|
2367009|
2367010|
2367011|
2367012|
2367013|
2367014|
2367015|
2367040|
2367041|
2367042|
2367043|
2367044|
2367045|
2367046|
2367047|
2367072|
2367073|
2367074|
2367075|
2367076|
2367077|
2367078|
2367079|
2367104|
2367105|
2367106|
2367107|
2367108|
2367109|
2367110|
2367111|
2367136|
2367137|
2367138|
2367139|
2367140|
2367141|
2367142|
2367143|
2367168|
2367169|
2367170|
2367171|
2367172|
2367173|
2367174|
2367175|
2367200|
2367201|
2367202|
2367203|
2367204|
2367205|
2367206|
2367207|
2367232|
2367233|
2367234|
2367235|
2367236|
2367237|
2367238|
2367239|
2367264|
2367265|
2367266|
2367267|
2367268|
2367269|
2367270|
2367271|
2367296|
2367297|
2367298|
2367299|
2367300|
2367301|
2367302|
2367303|
2367328|
2367329|
2367330|
2367331|
2367332|
2367333|
2367334|
2367335|
2367360|
2367361|
2367362|
2367363|
2367364|
2367365|
2367366|
2367367|
2367392|
2367393|
2367394|
2367395|
2367396|
2367397|
2367398|
2367399|
2367424|
2367425|
2367426|
2367427|
2367428|
2367429|
2367430|
2367431|
2367456|
2367457|
2367458|
2367459|
2367460|
2367461|
2367462|
2367463|
2367488|
2367489|
2367490|
2367491|
2367492|
2367493|
2367494|
2367495|
2367520|
2367521|
2367522|
2367523|
2367524|
2367525|
2367526|
2367527|
2367552|
2367553|
2367554|
2367555|
2367556|
2367557|
2367558|
2367559|
2367584|
2367585|
2367586|
2367587|
2367588|
2367589|
2367590|
2367591|
2367616|
2367617|
2367618|
2367619|
2367620|
2367621|
2367622|
2367623|
2367648|
2367649|
2367650|
2367651|
2367652|
2367653|
2367654|
2367655|
2367680|
2367681|
2367682|
2367683|
2367684|
2367685|
2367686|
2367687|
2367712|
2367713|
2367714|
2367715|
2367716|
2367717|
2367718|
2367719|
2367744|
2367745|
2367746|
2367747|
2367748|
2367749|
2367750|
2367751|
2367776|
2367777|
2367778|
2367779|
2367780|
2367781|
2367782|
2367783|
2367808|
2367809|
2367810|
2367811|
2367812|
2367813|
2367814|
2367815|
2367840|
2367841|
2367842|
2367843|
2367844|
2367845|
2367846|
2367847|
2367872|
2367873|
2367874|
2367875|
2367876|
2367877|
2367878|
2367879|
2367904|
2367905|
2367906|
2367907|
2367908|
2367909|
2367910|
2367911|
2367936|
2367937|
2367938|
2367939|
2367940|
2367941|
2367942|
2367943|
2367968|
2367969|
2367970|
2367971|
2367972|
2367973|
2367974|
2367975|
2368000|
2368001|
2368002|
2368003|
2368004|
2368005|
2368006|
2368007|
2368032|
2368033|
2368034|
2368035|
2368036|
2368037|
2368038|
2368039|
2368064|
2368065|
2368066|
2368067|
2368068|
2368069|
2368070|
2368071|
2368096|
2368097|
2368098|
2368099|
2368100|
2368101|
2368102|
2368103|
2368128|
2368129|
2368130|
2368131|
2368132|
2368133|
2368134|
2368135|
2368160|
2368161|
2368162|
2368163|
2368164|
2368165|
2368166|
2368167|
2368192|
2368193|
2368194|
2368195|
2368196|
2368197|
2368198|
2368199|
2368224|
2368225|
2368226|
2368227|
2368228|
2368229|
2368230|
2368231|
2368256|
2368257|
2368258|
2368259|
2368260|
2368261|
2368262|
2368263|
2368288|
2368289|
2368290|
2368291|
2368292|
2368293|
2368294|
2368295|
2368320|
2368321|
2368322|
2368323|
2368324|
2368325|
2368326|
2368327|
2368352|
2368353|
2368354|
2368355|
2368356|
2368357|
2368358|
2368359|
2368384|
2368385|
2368386|
2368387|
2368388|
2368389|
2368390|
2368391|
2368416|
2368417|
2368418|
2368419|
2368420|
2368421|
2368422|
2368423|
2368448|
2368449|
2368450|
2368451|
2368452|
2368453|
2368454|
2368455|
2368480|
2368481|
2368482|
2368483|
2368484|
2368485|
2368486|
2368487|
2368512|
2368513|
2368514|
2368515|
2368516|
2368517|
2368518|
2368519|
2368544|
2368545|
2368546|
2368547|
2368548|
2368549|
2368550|
2368551|
2368576|
2368577|
2368578|
2368579|
2368580|
2368581|
2368582|
2368583|
2368608|
2368609|
2368610|
2368611|
2368612|
2368613|
2368614|
2368615|
2368640|
2368641|
2368642|
2368643|
2368644|
2368645|
2368646|
2368647|
2368672|
2368673|
2368674|
2368675|
2368676|
2368677|
2368678|
2368679|
2368704|
2368705|
2368706|
2368707|
2368708|
2368709|
2368710|
2368711|
2368736|
2368737|
2368738|
2368739|
2368740|
2368741|
2368742|
2368743|
2368768|
2368769|
2368770|
2368771|
2368772|
2368773|
2368774|
2368775|
2368800|
2368801|
2368802|
2368803|
2368804|
2368805|
2368806|
2368807|
2368832|
2368833|
2368834|
2368835|
2368836|
2368837|
2368838|
2368839|
2368864|
2368865|
2368866|
2368867|
2368868|
2368869|
2368870|
2368871|
2368896|
2368897|
2368898|
2368899|
2368900|
2368901|
2368902|
2368903|
2368928|
2368929|
2368930|
2368931|
2368932|
2368933|
2368934|
2368935|
2368960|
2368961|
2368962|
2368963|
2368964|
2368965|
2368966|
2368967|
2368992|
2368993|
2368994|
2368995|
2368996|
2368997|
2368998|
2368999|
2369024|
2369025|
2369026|
2369027|
2369028|
2369029|
2369030|
2369031|
2369056|
2369057|
2369058|
2369059|
2369060|
2369061|
2369062|
2369063|
2369088|
2369089|
2369090|
2369091|
2369092|
2369093|
2369094|
2369095|
2369120|
2369121|
2369122|
2369123|
2369124|
2369125|
2369126|
2369127|
2369152|
2369153|
2369154|
2369155|
2369156|
2369157|
2369158|
2369159|
2369184|
2369185|
2369186|
2369187|
2369188|
2369189|
2369190|
2369191|
2369216|
2369217|
2369218|
2369219|
2369220|
2369221|
2369222|
2369223|
2369248|
2369249|
2369250|
2369251|
2369252|
2369253|
2369254|
2369255|
2369280|
2369281|
2369282|
2369283|
2369284|
2369285|
2369286|
2369287|
2369312|
2369313|
2369314|
2369315|
2369316|
2369317|
2369318|
2369319|
2369344|
2369345|
2369346|
2369347|
2369348|
2369349|
2369350|
2369351|
2369376|
2369377|
2369378|
2369379|
2369380|
2369381|
2369382|
2369383|
2369408|
2369409|
2369410|
2369411|
2369412|
2369413|
2369414|
2369415|
2369440|
2369441|
2369442|
2369443|
2369444|
2369445|
2369446|
2369447|
2369472|
2369473|
2369474|
2369475|
2369476|
2369477|
2369478|
2369479|
2369504|
2369505|
2369506|
2369507|
2369508|
2369509|
2369510|
2369511|
2369536|
2369537|
2369538|
2369539|
2369540|
2369541|
2369542|
2369543|
2369568|
2369569|
2369570|
2369571|
2369572|
2369573|
2369574|
2369575|
2369600|
2369601|
2369602|
2369603|
2369604|
2369605|
2369606|
2369607|
2369632|
2369633|
2369634|
2369635|
2369636|
2369637|
2369638|
2369639|
2369664|
2369665|
2369666|
2369667|
2369668|
2369669|
2369670|
2369671|
2369696|
2369697|
2369698|
2369699|
2369700|
2369701|
2369702|
2369703|
2369728|
2369729|
2369730|
2369731|
2369732|
2369733|
2369734|
2369735|
2369760|
2369761|
2369762|
2369763|
2369764|
2369765|
2369766|
2369767|
2369792|
2369793|
2369794|
2369795|
2369796|
2369797|
2369798|
2369799|
2369824|
2369825|
2369826|
2369827|
2369828|
2369829|
2369830|
2369831|
2369856|
2369857|
2369858|
2369859|
2369860|
2369861|
2369862|
2369863|
2369888|
2369889|
2369890|
2369891|
2369892|
2369893|
2369894|
2369895|
2369920|
2369921|
2369922|
2369923|
2369924|
2369925|
2369926|
2369927|
2369952|
2369953|
2369954|
2369955|
2369956|
2369957|
2369958|
2369959|
2369984|
2369985|
2369986|
2369987|
2369988|
