329989|
329990|
329991|
330016|
330017|
330018|
330019|
330020|
330021|
330022|
330023|
330048|
330049|
330050|
330051|
330052|
330053|
330054|
330055|
330080|
330081|
330082|
330083|
330084|
330085|
330086|
330087|
330112|
330113|
330114|
330115|
330116|
330117|
330118|
330119|
330144|
330145|
330146|
330147|
330148|
330149|
330150|
330151|
330176|
330177|
330178|
330179|
330180|
330181|
330182|
330183|
330208|
330209|
330210|
330211|
330212|
330213|
330214|
330215|
330240|
330241|
330242|
330243|
330244|
330245|
330246|
330247|
330272|
330273|
330274|
330275|
330276|
330277|
330278|
330279|
330304|
330305|
330306|
330307|
330308|
330309|
330310|
330311|
330336|
330337|
330338|
330339|
330340|
330341|
330342|
330343|
330368|
330369|
330370|
330371|
330372|
330373|
330374|
330375|
330400|
330401|
330402|
330403|
330404|
330405|
330406|
330407|
330432|
330433|
330434|
330435|
330436|
330437|
330438|
330439|
330464|
330465|
330466|
330467|
330468|
330469|
330470|
330471|
330496|
330497|
330498|
330499|
330500|
330501|
330502|
330503|
330528|
330529|
330530|
330531|
330532|
330533|
330534|
330535|
330560|
330561|
330562|
330563|
330564|
330565|
330566|
330567|
330592|
330593|
330594|
330595|
330596|
330597|
330598|
330599|
330624|
330625|
330626|
330627|
330628|
330629|
330630|
330631|
330656|
330657|
330658|
330659|
330660|
330661|
330662|
330663|
330688|
330689|
330690|
330691|
330692|
330693|
330694|
330695|
330720|
330721|
330722|
330723|
330724|
330725|
330726|
330727|
330752|
330753|
330754|
330755|
330756|
330757|
330758|
330759|
330784|
330785|
330786|
330787|
330788|
330789|
330790|
330791|
330816|
330817|
330818|
330819|
330820|
330821|
330822|
330823|
330848|
330849|
330850|
330851|
330852|
330853|
330854|
330855|
330880|
330881|
330882|
330883|
330884|
330885|
330886|
330887|
330912|
330913|
330914|
330915|
330916|
330917|
330918|
330919|
330944|
330945|
330946|
330947|
330948|
330949|
330950|
330951|
330976|
330977|
330978|
330979|
330980|
330981|
330982|
330983|
331008|
331009|
331010|
331011|
331012|
331013|
331014|
331015|
331040|
331041|
331042|
331043|
331044|
331045|
331046|
331047|
331072|
331073|
331074|
331075|
331076|
331077|
331078|
331079|
331104|
331105|
331106|
331107|
331108|
331109|
331110|
331111|
331136|
331137|
331138|
331139|
331140|
331141|
331142|
331143|
331168|
331169|
331170|
331171|
331172|
331173|
331174|
331175|
331200|
331201|
331202|
331203|
331204|
331205|
331206|
331207|
331232|
331233|
331234|
331235|
331236|
331237|
331238|
331239|
331264|
331265|
331266|
331267|
331268|
331269|
331270|
331271|
331296|
331297|
331298|
331299|
331300|
331301|
331302|
331303|
331328|
331329|
331330|
331331|
331332|
331333|
331334|
331335|
331360|
331361|
331362|
331363|
331364|
331365|
331366|
331367|
331392|
331393|
331394|
331395|
331396|
331397|
331398|
331399|
331424|
331425|
331426|
331427|
331428|
331429|
331430|
331431|
331456|
331457|
331458|
331459|
331460|
331461|
331462|
331463|
331488|
331489|
331490|
331491|
331492|
331493|
331494|
331495|
331520|
331521|
331522|
331523|
331524|
331525|
331526|
331527|
331552|
331553|
331554|
331555|
331556|
331557|
331558|
331559|
331584|
331585|
331586|
331587|
331588|
331589|
331590|
331591|
331616|
331617|
331618|
331619|
331620|
331621|
331622|
331623|
331648|
331649|
331650|
331651|
331652|
331653|
331654|
331655|
331680|
331681|
331682|
331683|
331684|
331685|
331686|
331687|
331712|
331713|
331714|
331715|
331716|
331717|
331718|
331719|
331744|
331745|
331746|
331747|
331748|
331749|
331750|
331751|
331776|
331777|
331778|
331779|
331780|
331781|
331782|
331783|
331808|
331809|
331810|
331811|
331812|
331813|
331814|
331815|
331840|
331841|
331842|
331843|
331844|
331845|
331846|
331847|
331872|
331873|
331874|
331875|
331876|
331877|
331878|
331879|
331904|
331905|
331906|
331907|
331908|
331909|
331910|
331911|
331936|
331937|
331938|
331939|
331940|
331941|
331942|
331943|
331968|
331969|
331970|
331971|
331972|
331973|
331974|
331975|
332000|
332001|
332002|
332003|
332004|
332005|
332006|
332007|
332032|
332033|
332034|
332035|
332036|
332037|
332038|
332039|
332064|
332065|
332066|
332067|
332068|
332069|
332070|
332071|
332096|
332097|
332098|
332099|
332100|
332101|
332102|
332103|
332128|
332129|
332130|
332131|
332132|
332133|
332134|
332135|
332160|
332161|
332162|
332163|
332164|
332165|
332166|
332167|
332192|
332193|
332194|
332195|
332196|
332197|
332198|
332199|
332224|
332225|
332226|
332227|
332228|
332229|
332230|
332231|
332256|
332257|
332258|
332259|
332260|
332261|
332262|
332263|
332288|
332289|
332290|
332291|
332292|
332293|
332294|
332295|
332320|
332321|
332322|
332323|
332324|
332325|
332326|
332327|
332352|
332353|
332354|
332355|
332356|
332357|
332358|
332359|
332384|
332385|
332386|
332387|
332388|
332389|
332390|
332391|
332416|
332417|
332418|
332419|
332420|
332421|
332422|
332423|
332448|
332449|
332450|
332451|
332452|
332453|
332454|
332455|
332480|
332481|
332482|
332483|
332484|
332485|
332486|
332487|
332512|
332513|
332514|
332515|
332516|
332517|
332518|
332519|
332544|
332545|
332546|
332547|
332548|
332549|
332550|
332551|
332576|
332577|
332578|
332579|
332580|
332581|
332582|
332583|
332608|
332609|
332610|
332611|
332612|
332613|
332614|
332615|
332640|
332641|
332642|
332643|
332644|
332645|
332646|
332647|
332672|
332673|
332674|
332675|
332676|
332677|
332678|
332679|
332704|
332705|
332706|
332707|
332708|
332709|
332710|
332711|
332736|
332737|
332738|
332739|
332740|
332741|
332742|
332743|
332768|
332769|
332770|
332771|
332772|
332773|
332774|
332775|
332800|
332801|
332802|
332803|
332804|
332805|
332806|
332807|
332832|
332833|
332834|
332835|
332836|
332837|
332838|
332839|
332864|
332865|
332866|
332867|
332868|
332869|
332870|
332871|
332896|
332897|
332898|
332899|
332900|
332901|
332902|
332903|
332928|
332929|
332930|
332931|
332932|
332933|
332934|
332935|
332960|
332961|
332962|
332963|
332964|
332965|
332966|
332967|
332992|
332993|
332994|
332995|
332996|
332997|
332998|
332999|
333024|
333025|
333026|
333027|
333028|
333029|
333030|
333031|
333056|
333057|
333058|
333059|
333060|
333061|
333062|
333063|
333088|
333089|
333090|
333091|
333092|
333093|
333094|
333095|
333120|
333121|
333122|
333123|
333124|
333125|
333126|
333127|
333152|
333153|
333154|
333155|
333156|
333157|
333158|
333159|
333184|
333185|
333186|
333187|
333188|
333189|
333190|
333191|
333216|
333217|
333218|
333219|
333220|
333221|
333222|
333223|
333248|
333249|
333250|
333251|
333252|
333253|
333254|
333255|
333280|
333281|
333282|
333283|
333284|
333285|
333286|
333287|
333312|
333313|
333314|
333315|
333316|
333317|
333318|
333319|
333344|
333345|
333346|
333347|
333348|
333349|
333350|
333351|
333376|
333377|
333378|
333379|
333380|
333381|
333382|
333383|
333408|
333409|
333410|
333411|
333412|
333413|
333414|
333415|
333440|
333441|
333442|
333443|
333444|
333445|
333446|
333447|
333472|
333473|
333474|
333475|
333476|
333477|
333478|
333479|
333504|
333505|
333506|
333507|
333508|
333509|
333510|
333511|
333536|
333537|
333538|
333539|
333540|
333541|
333542|
333543|
333568|
333569|
333570|
333571|
333572|
333573|
333574|
333575|
333600|
333601|
333602|
333603|
333604|
333605|
333606|
333607|
333632|
333633|
333634|
333635|
333636|
333637|
333638|
333639|
333664|
333665|
333666|
333667|
333668|
333669|
333670|
333671|
333696|
333697|
333698|
333699|
333700|
333701|
333702|
333703|
333728|
333729|
333730|
333731|
333732|
333733|
333734|
333735|
333760|
333761|
333762|
333763|
333764|
333765|
333766|
333767|
333792|
333793|
333794|
333795|
333796|
333797|
333798|
333799|
333824|
333825|
333826|
333827|
333828|
333829|
333830|
333831|
333856|
333857|
333858|
333859|
333860|
333861|
333862|
333863|
333888|
333889|
333890|
333891|
333892|
333893|
333894|
333895|
333920|
333921|
333922|
333923|
333924|
333925|
333926|
333927|
333952|
333953|
333954|
333955|
333956|
333957|
333958|
333959|
333984|
333985|
333986|
333987|
333988|
333989|
333990|
333991|
334016|
334017|
334018|
334019|
334020|
334021|
334022|
334023|
334048|
334049|
334050|
334051|
334052|
334053|
334054|
334055|
334080|
334081|
334082|
334083|
334084|
334085|
334086|
334087|
334112|
334113|
334114|
334115|
334116|
334117|
334118|
334119|
334144|
334145|
334146|
334147|
334148|
334149|
334150|
334151|
334176|
334177|
334178|
334179|
334180|
334181|
334182|
334183|
334208|
334209|
334210|
334211|
334212|
334213|
334214|
334215|
334240|
334241|
334242|
334243|
334244|
334245|
334246|
334247|
334272|
334273|
334274|
334275|
334276|
334277|
334278|
334279|
334304|
334305|
334306|
334307|
334308|
334309|
334310|
334311|
334336|
334337|
334338|
334339|
334340|
334341|
334342|
334343|
334368|
334369|
334370|
334371|
334372|
334373|
334374|
334375|
334400|
334401|
334402|
334403|
334404|
334405|
334406|
334407|
334432|
334433|
334434|
334435|
334436|
334437|
334438|
334439|
334464|
334465|
334466|
334467|
334468|
334469|
334470|
334471|
334496|
334497|
334498|
334499|
334500|
334501|
334502|
334503|
334528|
334529|
334530|
334531|
334532|
334533|
334534|
334535|
334560|
334561|
334562|
334563|
334564|
334565|
334566|
334567|
334592|
334593|
334594|
334595|
334596|
334597|
334598|
334599|
334624|
334625|
334626|
334627|
334628|
334629|
334630|
334631|
334656|
334657|
334658|
334659|
334660|
334661|
334662|
334663|
334688|
334689|
334690|
334691|
334692|
334693|
334694|
334695|
334720|
334721|
334722|
334723|
334724|
334725|
334726|
334727|
334752|
334753|
334754|
334755|
334756|
334757|
334758|
334759|
334784|
334785|
334786|
334787|
334788|
334789|
334790|
334791|
334816|
334817|
334818|
334819|
334820|
334821|
334822|
334823|
334848|
334849|
334850|
334851|
334852|
334853|
334854|
334855|
334880|
334881|
334882|
334883|
334884|
334885|
334886|
334887|
334912|
334913|
334914|
334915|
334916|
334917|
334918|
334919|
334944|
334945|
334946|
334947|
334948|
334949|
334950|
334951|
334976|
334977|
334978|
334979|
334980|
334981|
334982|
334983|
335008|
335009|
335010|
335011|
335012|
335013|
335014|
335015|
335040|
335041|
335042|
335043|
335044|
335045|
335046|
335047|
335072|
335073|
335074|
335075|
335076|
335077|
335078|
335079|
335104|
335105|
335106|
335107|
335108|
335109|
335110|
335111|
335136|
335137|
335138|
335139|
335140|
335141|
335142|
335143|
335168|
335169|
335170|
335171|
335172|
335173|
335174|
335175|
335200|
335201|
335202|
335203|
335204|
335205|
335206|
335207|
335232|
335233|
335234|
335235|
335236|
335237|
335238|
335239|
335264|
335265|
335266|
335267|
335268|
335269|
335270|
335271|
335296|
335297|
335298|
335299|
335300|
335301|
335302|
335303|
335328|
335329|
335330|
335331|
335332|
335333|
335334|
335335|
335360|
335361|
335362|
335363|
335364|
335365|
335366|
335367|
335392|
335393|
335394|
335395|
335396|
335397|
335398|
335399|
335424|
335425|
335426|
335427|
335428|
335429|
335430|
335431|
335456|
335457|
335458|
335459|
335460|
335461|
335462|
335463|
335488|
335489|
335490|
335491|
335492|
335493|
335494|
335495|
335520|
335521|
335522|
335523|
335524|
335525|
335526|
335527|
335552|
335553|
335554|
335555|
335556|
335557|
335558|
335559|
335584|
335585|
335586|
335587|
335588|
335589|
335590|
335591|
335616|
335617|
335618|
335619|
335620|
335621|
335622|
335623|
335648|
335649|
335650|
335651|
335652|
335653|
335654|
335655|
335680|
335681|
335682|
335683|
335684|
335685|
335686|
335687|
335712|
335713|
335714|
335715|
335716|
335717|
335718|
335719|
335744|
335745|
335746|
335747|
335748|
335749|
335750|
335751|
335776|
335777|
335778|
335779|
335780|
335781|
335782|
335783|
335808|
335809|
335810|
335811|
335812|
335813|
335814|
335815|
335840|
335841|
335842|
335843|
335844|
335845|
335846|
335847|
335872|
335873|
335874|
335875|
335876|
335877|
335878|
335879|
335904|
335905|
335906|
335907|
335908|
335909|
335910|
335911|
335936|
335937|
335938|
335939|
335940|
335941|
335942|
335943|
335968|
335969|
335970|
335971|
335972|
335973|
335974|
335975|
336000|
