1517989|
1517990|
1517991|
1518016|
1518017|
1518018|
1518019|
1518020|
1518021|
1518022|
1518023|
1518048|
1518049|
1518050|
1518051|
1518052|
1518053|
1518054|
1518055|
1518080|
1518081|
1518082|
1518083|
1518084|
1518085|
1518086|
1518087|
1518112|
1518113|
1518114|
1518115|
1518116|
1518117|
1518118|
1518119|
1518144|
1518145|
1518146|
1518147|
1518148|
1518149|
1518150|
1518151|
1518176|
1518177|
1518178|
1518179|
1518180|
1518181|
1518182|
1518183|
1518208|
1518209|
1518210|
1518211|
1518212|
1518213|
1518214|
1518215|
1518240|
1518241|
1518242|
1518243|
1518244|
1518245|
1518246|
1518247|
1518272|
1518273|
1518274|
1518275|
1518276|
1518277|
1518278|
1518279|
1518304|
1518305|
1518306|
1518307|
1518308|
1518309|
1518310|
1518311|
1518336|
1518337|
1518338|
1518339|
1518340|
1518341|
1518342|
1518343|
1518368|
1518369|
1518370|
1518371|
1518372|
1518373|
1518374|
1518375|
1518400|
1518401|
1518402|
1518403|
1518404|
1518405|
1518406|
1518407|
1518432|
1518433|
1518434|
1518435|
1518436|
1518437|
1518438|
1518439|
1518464|
1518465|
1518466|
1518467|
1518468|
1518469|
1518470|
1518471|
1518496|
1518497|
1518498|
1518499|
1518500|
1518501|
1518502|
1518503|
1518528|
1518529|
1518530|
1518531|
1518532|
1518533|
1518534|
1518535|
1518560|
1518561|
1518562|
1518563|
1518564|
1518565|
1518566|
1518567|
1518592|
1518593|
1518594|
1518595|
1518596|
1518597|
1518598|
1518599|
1518624|
1518625|
1518626|
1518627|
1518628|
1518629|
1518630|
1518631|
1518656|
1518657|
1518658|
1518659|
1518660|
1518661|
1518662|
1518663|
1518688|
1518689|
1518690|
1518691|
1518692|
1518693|
1518694|
1518695|
1518720|
1518721|
1518722|
1518723|
1518724|
1518725|
1518726|
1518727|
1518752|
1518753|
1518754|
1518755|
1518756|
1518757|
1518758|
1518759|
1518784|
1518785|
1518786|
1518787|
1518788|
1518789|
1518790|
1518791|
1518816|
1518817|
1518818|
1518819|
1518820|
1518821|
1518822|
1518823|
1518848|
1518849|
1518850|
1518851|
1518852|
1518853|
1518854|
1518855|
1518880|
1518881|
1518882|
1518883|
1518884|
1518885|
1518886|
1518887|
1518912|
1518913|
1518914|
1518915|
1518916|
1518917|
1518918|
1518919|
1518944|
1518945|
1518946|
1518947|
1518948|
1518949|
1518950|
1518951|
1518976|
1518977|
1518978|
1518979|
1518980|
1518981|
1518982|
1518983|
1519008|
1519009|
1519010|
1519011|
1519012|
1519013|
1519014|
1519015|
1519040|
1519041|
1519042|
1519043|
1519044|
1519045|
1519046|
1519047|
1519072|
1519073|
1519074|
1519075|
1519076|
1519077|
1519078|
1519079|
1519104|
1519105|
1519106|
1519107|
1519108|
1519109|
1519110|
1519111|
1519136|
1519137|
1519138|
1519139|
1519140|
1519141|
1519142|
1519143|
1519168|
1519169|
1519170|
1519171|
1519172|
1519173|
1519174|
1519175|
1519200|
1519201|
1519202|
1519203|
1519204|
1519205|
1519206|
1519207|
1519232|
1519233|
1519234|
1519235|
1519236|
1519237|
1519238|
1519239|
1519264|
1519265|
1519266|
1519267|
1519268|
1519269|
1519270|
1519271|
1519296|
1519297|
1519298|
1519299|
1519300|
1519301|
1519302|
1519303|
1519328|
1519329|
1519330|
1519331|
1519332|
1519333|
1519334|
1519335|
1519360|
1519361|
1519362|
1519363|
1519364|
1519365|
1519366|
1519367|
1519392|
1519393|
1519394|
1519395|
1519396|
1519397|
1519398|
1519399|
1519424|
1519425|
1519426|
1519427|
1519428|
1519429|
1519430|
1519431|
1519456|
1519457|
1519458|
1519459|
1519460|
1519461|
1519462|
1519463|
1519488|
1519489|
1519490|
1519491|
1519492|
1519493|
1519494|
1519495|
1519520|
1519521|
1519522|
1519523|
1519524|
1519525|
1519526|
1519527|
1519552|
1519553|
1519554|
1519555|
1519556|
1519557|
1519558|
1519559|
1519584|
1519585|
1519586|
1519587|
1519588|
1519589|
1519590|
1519591|
1519616|
1519617|
1519618|
1519619|
1519620|
1519621|
1519622|
1519623|
1519648|
1519649|
1519650|
1519651|
1519652|
1519653|
1519654|
1519655|
1519680|
1519681|
1519682|
1519683|
1519684|
1519685|
1519686|
1519687|
1519712|
1519713|
1519714|
1519715|
1519716|
1519717|
1519718|
1519719|
1519744|
1519745|
1519746|
1519747|
1519748|
1519749|
1519750|
1519751|
1519776|
1519777|
1519778|
1519779|
1519780|
1519781|
1519782|
1519783|
1519808|
1519809|
1519810|
1519811|
1519812|
1519813|
1519814|
1519815|
1519840|
1519841|
1519842|
1519843|
1519844|
1519845|
1519846|
1519847|
1519872|
1519873|
1519874|
1519875|
1519876|
1519877|
1519878|
1519879|
1519904|
1519905|
1519906|
1519907|
1519908|
1519909|
1519910|
1519911|
1519936|
1519937|
1519938|
1519939|
1519940|
1519941|
1519942|
1519943|
1519968|
1519969|
1519970|
1519971|
1519972|
1519973|
1519974|
1519975|
1520000|
1520001|
1520002|
1520003|
1520004|
1520005|
1520006|
1520007|
1520032|
1520033|
1520034|
1520035|
1520036|
1520037|
1520038|
1520039|
1520064|
1520065|
1520066|
1520067|
1520068|
1520069|
1520070|
1520071|
1520096|
1520097|
1520098|
1520099|
1520100|
1520101|
1520102|
1520103|
1520128|
1520129|
1520130|
1520131|
1520132|
1520133|
1520134|
1520135|
1520160|
1520161|
1520162|
1520163|
1520164|
1520165|
1520166|
1520167|
1520192|
1520193|
1520194|
1520195|
1520196|
1520197|
1520198|
1520199|
1520224|
1520225|
1520226|
1520227|
1520228|
1520229|
1520230|
1520231|
1520256|
1520257|
1520258|
1520259|
1520260|
1520261|
1520262|
1520263|
1520288|
1520289|
1520290|
1520291|
1520292|
1520293|
1520294|
1520295|
1520320|
1520321|
1520322|
1520323|
1520324|
1520325|
1520326|
1520327|
1520352|
1520353|
1520354|
1520355|
1520356|
1520357|
1520358|
1520359|
1520384|
1520385|
1520386|
1520387|
1520388|
1520389|
1520390|
1520391|
1520416|
1520417|
1520418|
1520419|
1520420|
1520421|
1520422|
1520423|
1520448|
1520449|
1520450|
1520451|
1520452|
1520453|
1520454|
1520455|
1520480|
1520481|
1520482|
1520483|
1520484|
1520485|
1520486|
1520487|
1520512|
1520513|
1520514|
1520515|
1520516|
1520517|
1520518|
1520519|
1520544|
1520545|
1520546|
1520547|
1520548|
1520549|
1520550|
1520551|
1520576|
1520577|
1520578|
1520579|
1520580|
1520581|
1520582|
1520583|
1520608|
1520609|
1520610|
1520611|
1520612|
1520613|
1520614|
1520615|
1520640|
1520641|
1520642|
1520643|
1520644|
1520645|
1520646|
1520647|
1520672|
1520673|
1520674|
1520675|
1520676|
1520677|
1520678|
1520679|
1520704|
1520705|
1520706|
1520707|
1520708|
1520709|
1520710|
1520711|
1520736|
1520737|
1520738|
1520739|
1520740|
1520741|
1520742|
1520743|
1520768|
1520769|
1520770|
1520771|
1520772|
1520773|
1520774|
1520775|
1520800|
1520801|
1520802|
1520803|
1520804|
1520805|
1520806|
1520807|
1520832|
1520833|
1520834|
1520835|
1520836|
1520837|
1520838|
1520839|
1520864|
1520865|
1520866|
1520867|
1520868|
1520869|
1520870|
1520871|
1520896|
1520897|
1520898|
1520899|
1520900|
1520901|
1520902|
1520903|
1520928|
1520929|
1520930|
1520931|
1520932|
1520933|
1520934|
1520935|
1520960|
1520961|
1520962|
1520963|
1520964|
1520965|
1520966|
1520967|
1520992|
1520993|
1520994|
1520995|
1520996|
1520997|
1520998|
1520999|
1521024|
1521025|
1521026|
1521027|
1521028|
1521029|
1521030|
1521031|
1521056|
1521057|
1521058|
1521059|
1521060|
1521061|
1521062|
1521063|
1521088|
1521089|
1521090|
1521091|
1521092|
1521093|
1521094|
1521095|
1521120|
1521121|
1521122|
1521123|
1521124|
1521125|
1521126|
1521127|
1521152|
1521153|
1521154|
1521155|
1521156|
1521157|
1521158|
1521159|
1521184|
1521185|
1521186|
1521187|
1521188|
1521189|
1521190|
1521191|
1521216|
1521217|
1521218|
1521219|
1521220|
1521221|
1521222|
1521223|
1521248|
1521249|
1521250|
1521251|
1521252|
1521253|
1521254|
1521255|
1521280|
1521281|
1521282|
1521283|
1521284|
1521285|
1521286|
1521287|
1521312|
1521313|
1521314|
1521315|
1521316|
1521317|
1521318|
1521319|
1521344|
1521345|
1521346|
1521347|
1521348|
1521349|
1521350|
1521351|
1521376|
1521377|
1521378|
1521379|
1521380|
1521381|
1521382|
1521383|
1521408|
1521409|
1521410|
1521411|
1521412|
1521413|
1521414|
1521415|
1521440|
1521441|
1521442|
1521443|
1521444|
1521445|
1521446|
1521447|
1521472|
1521473|
1521474|
1521475|
1521476|
1521477|
1521478|
1521479|
1521504|
1521505|
1521506|
1521507|
1521508|
1521509|
1521510|
1521511|
1521536|
1521537|
1521538|
1521539|
1521540|
1521541|
1521542|
1521543|
1521568|
1521569|
1521570|
1521571|
1521572|
1521573|
1521574|
1521575|
1521600|
1521601|
1521602|
1521603|
1521604|
1521605|
1521606|
1521607|
1521632|
1521633|
1521634|
1521635|
1521636|
1521637|
1521638|
1521639|
1521664|
1521665|
1521666|
1521667|
1521668|
1521669|
1521670|
1521671|
1521696|
1521697|
1521698|
1521699|
1521700|
1521701|
1521702|
1521703|
1521728|
1521729|
1521730|
1521731|
1521732|
1521733|
1521734|
1521735|
1521760|
1521761|
1521762|
1521763|
1521764|
1521765|
1521766|
1521767|
1521792|
1521793|
1521794|
1521795|
1521796|
1521797|
1521798|
1521799|
1521824|
1521825|
1521826|
1521827|
1521828|
1521829|
1521830|
1521831|
1521856|
1521857|
1521858|
1521859|
1521860|
1521861|
1521862|
1521863|
1521888|
1521889|
1521890|
1521891|
1521892|
1521893|
1521894|
1521895|
1521920|
1521921|
1521922|
1521923|
1521924|
1521925|
1521926|
1521927|
1521952|
1521953|
1521954|
1521955|
1521956|
1521957|
1521958|
1521959|
1521984|
1521985|
1521986|
1521987|
1521988|
1521989|
1521990|
1521991|
1522016|
1522017|
1522018|
1522019|
1522020|
1522021|
1522022|
1522023|
1522048|
1522049|
1522050|
1522051|
1522052|
1522053|
1522054|
1522055|
1522080|
1522081|
1522082|
1522083|
1522084|
1522085|
1522086|
1522087|
1522112|
1522113|
1522114|
1522115|
1522116|
1522117|
1522118|
1522119|
1522144|
1522145|
1522146|
1522147|
1522148|
1522149|
1522150|
1522151|
1522176|
1522177|
1522178|
1522179|
1522180|
1522181|
1522182|
1522183|
1522208|
1522209|
1522210|
1522211|
1522212|
1522213|
1522214|
1522215|
1522240|
1522241|
1522242|
1522243|
1522244|
1522245|
1522246|
1522247|
1522272|
1522273|
1522274|
1522275|
1522276|
1522277|
1522278|
1522279|
1522304|
1522305|
1522306|
1522307|
1522308|
1522309|
1522310|
1522311|
1522336|
1522337|
1522338|
1522339|
1522340|
1522341|
1522342|
1522343|
1522368|
1522369|
1522370|
1522371|
1522372|
1522373|
1522374|
1522375|
1522400|
1522401|
1522402|
1522403|
1522404|
1522405|
1522406|
1522407|
1522432|
1522433|
1522434|
1522435|
1522436|
1522437|
1522438|
1522439|
1522464|
1522465|
1522466|
1522467|
1522468|
1522469|
1522470|
1522471|
1522496|
1522497|
1522498|
1522499|
1522500|
1522501|
1522502|
1522503|
1522528|
1522529|
1522530|
1522531|
1522532|
1522533|
1522534|
1522535|
1522560|
1522561|
1522562|
1522563|
1522564|
1522565|
1522566|
1522567|
1522592|
1522593|
1522594|
1522595|
1522596|
1522597|
1522598|
1522599|
1522624|
1522625|
1522626|
1522627|
1522628|
1522629|
1522630|
1522631|
1522656|
1522657|
1522658|
1522659|
1522660|
1522661|
1522662|
1522663|
1522688|
1522689|
1522690|
1522691|
1522692|
1522693|
1522694|
1522695|
1522720|
1522721|
1522722|
1522723|
1522724|
1522725|
1522726|
1522727|
1522752|
1522753|
1522754|
1522755|
1522756|
1522757|
1522758|
1522759|
1522784|
1522785|
1522786|
1522787|
1522788|
1522789|
1522790|
1522791|
1522816|
1522817|
1522818|
1522819|
1522820|
1522821|
1522822|
1522823|
1522848|
1522849|
1522850|
1522851|
1522852|
1522853|
1522854|
1522855|
1522880|
1522881|
1522882|
1522883|
1522884|
1522885|
1522886|
1522887|
1522912|
1522913|
1522914|
1522915|
1522916|
1522917|
1522918|
1522919|
1522944|
1522945|
1522946|
1522947|
1522948|
1522949|
1522950|
1522951|
1522976|
1522977|
1522978|
1522979|
1522980|
1522981|
1522982|
1522983|
1523008|
1523009|
1523010|
1523011|
1523012|
1523013|
1523014|
1523015|
1523040|
1523041|
1523042|
1523043|
1523044|
1523045|
1523046|
1523047|
1523072|
1523073|
1523074|
1523075|
1523076|
1523077|
1523078|
1523079|
1523104|
1523105|
1523106|
1523107|
1523108|
1523109|
1523110|
1523111|
1523136|
1523137|
1523138|
1523139|
1523140|
1523141|
1523142|
1523143|
1523168|
1523169|
1523170|
1523171|
1523172|
1523173|
1523174|
1523175|
1523200|
1523201|
1523202|
1523203|
1523204|
1523205|
1523206|
1523207|
1523232|
1523233|
1523234|
1523235|
1523236|
1523237|
1523238|
1523239|
1523264|
1523265|
1523266|
1523267|
1523268|
1523269|
1523270|
1523271|
1523296|
1523297|
1523298|
1523299|
1523300|
1523301|
1523302|
1523303|
1523328|
1523329|
1523330|
1523331|
1523332|
1523333|
1523334|
1523335|
1523360|
1523361|
1523362|
1523363|
1523364|
1523365|
1523366|
1523367|
1523392|
1523393|
1523394|
1523395|
1523396|
1523397|
1523398|
1523399|
1523424|
1523425|
1523426|
1523427|
1523428|
1523429|
1523430|
1523431|
1523456|
1523457|
1523458|
1523459|
1523460|
1523461|
1523462|
1523463|
1523488|
1523489|
1523490|
1523491|
1523492|
1523493|
1523494|
1523495|
1523520|
1523521|
1523522|
1523523|
1523524|
1523525|
1523526|
1523527|
1523552|
1523553|
1523554|
1523555|
1523556|
1523557|
1523558|
1523559|
1523584|
1523585|
1523586|
1523587|
1523588|
1523589|
1523590|
1523591|
1523616|
1523617|
1523618|
1523619|
1523620|
1523621|
1523622|
1523623|
1523648|
1523649|
1523650|
1523651|
1523652|
1523653|
1523654|
1523655|
1523680|
1523681|
1523682|
1523683|
1523684|
1523685|
1523686|
1523687|
1523712|
1523713|
1523714|
1523715|
1523716|
1523717|
1523718|
1523719|
1523744|
1523745|
1523746|
1523747|
1523748|
1523749|
1523750|
1523751|
1523776|
1523777|
1523778|
1523779|
1523780|
1523781|
1523782|
1523783|
1523808|
1523809|
1523810|
1523811|
1523812|
1523813|
1523814|
1523815|
1523840|
1523841|
1523842|
1523843|
1523844|
1523845|
1523846|
1523847|
1523872|
1523873|
1523874|
1523875|
1523876|
1523877|
1523878|
1523879|
1523904|
1523905|
1523906|
1523907|
1523908|
1523909|
1523910|
1523911|
1523936|
1523937|
1523938|
1523939|
1523940|
1523941|
1523942|
1523943|
1523968|
1523969|
1523970|
1523971|
1523972|
1523973|
1523974|
1523975|
1524000|
