1272001|
1272002|
1272003|
1272004|
1272005|
1272006|
1272007|
1272032|
1272033|
1272034|
1272035|
1272036|
1272037|
1272038|
1272039|
1272064|
1272065|
1272066|
1272067|
1272068|
1272069|
1272070|
1272071|
1272096|
1272097|
1272098|
1272099|
1272100|
1272101|
1272102|
1272103|
1272128|
1272129|
1272130|
1272131|
1272132|
1272133|
1272134|
1272135|
1272160|
1272161|
1272162|
1272163|
1272164|
1272165|
1272166|
1272167|
1272192|
1272193|
1272194|
1272195|
1272196|
1272197|
1272198|
1272199|
1272224|
1272225|
1272226|
1272227|
1272228|
1272229|
1272230|
1272231|
1272256|
1272257|
1272258|
1272259|
1272260|
1272261|
1272262|
1272263|
1272288|
1272289|
1272290|
1272291|
1272292|
1272293|
1272294|
1272295|
1272320|
1272321|
1272322|
1272323|
1272324|
1272325|
1272326|
1272327|
1272352|
1272353|
1272354|
1272355|
1272356|
1272357|
1272358|
1272359|
1272384|
1272385|
1272386|
1272387|
1272388|
1272389|
1272390|
1272391|
1272416|
1272417|
1272418|
1272419|
1272420|
1272421|
1272422|
1272423|
1272448|
1272449|
1272450|
1272451|
1272452|
1272453|
1272454|
1272455|
1272480|
1272481|
1272482|
1272483|
1272484|
1272485|
1272486|
1272487|
1272512|
1272513|
1272514|
1272515|
1272516|
1272517|
1272518|
1272519|
1272544|
1272545|
1272546|
1272547|
1272548|
1272549|
1272550|
1272551|
1272576|
1272577|
1272578|
1272579|
1272580|
1272581|
1272582|
1272583|
1272608|
1272609|
1272610|
1272611|
1272612|
1272613|
1272614|
1272615|
1272640|
1272641|
1272642|
1272643|
1272644|
1272645|
1272646|
1272647|
1272672|
1272673|
1272674|
1272675|
1272676|
1272677|
1272678|
1272679|
1272704|
1272705|
1272706|
1272707|
1272708|
1272709|
1272710|
1272711|
1272736|
1272737|
1272738|
1272739|
1272740|
1272741|
1272742|
1272743|
1272768|
1272769|
1272770|
1272771|
1272772|
1272773|
1272774|
1272775|
1272800|
1272801|
1272802|
1272803|
1272804|
1272805|
1272806|
1272807|
1272832|
1272833|
1272834|
1272835|
1272836|
1272837|
1272838|
1272839|
1272864|
1272865|
1272866|
1272867|
1272868|
1272869|
1272870|
1272871|
1272896|
1272897|
1272898|
1272899|
1272900|
1272901|
1272902|
1272903|
1272928|
1272929|
1272930|
1272931|
1272932|
1272933|
1272934|
1272935|
1272960|
1272961|
1272962|
1272963|
1272964|
1272965|
1272966|
1272967|
1272992|
1272993|
1272994|
1272995|
1272996|
1272997|
1272998|
1272999|
1273024|
1273025|
1273026|
1273027|
1273028|
1273029|
1273030|
1273031|
1273056|
1273057|
1273058|
1273059|
1273060|
1273061|
1273062|
1273063|
1273088|
1273089|
1273090|
1273091|
1273092|
1273093|
1273094|
1273095|
1273120|
1273121|
1273122|
1273123|
1273124|
1273125|
1273126|
1273127|
1273152|
1273153|
1273154|
1273155|
1273156|
1273157|
1273158|
1273159|
1273184|
1273185|
1273186|
1273187|
1273188|
1273189|
1273190|
1273191|
1273216|
1273217|
1273218|
1273219|
1273220|
1273221|
1273222|
1273223|
1273248|
1273249|
1273250|
1273251|
1273252|
1273253|
1273254|
1273255|
1273280|
1273281|
1273282|
1273283|
1273284|
1273285|
1273286|
1273287|
1273312|
1273313|
1273314|
1273315|
1273316|
1273317|
1273318|
1273319|
1273344|
1273345|
1273346|
1273347|
1273348|
1273349|
1273350|
1273351|
1273376|
1273377|
1273378|
1273379|
1273380|
1273381|
1273382|
1273383|
1273408|
1273409|
1273410|
1273411|
1273412|
1273413|
1273414|
1273415|
1273440|
1273441|
1273442|
1273443|
1273444|
1273445|
1273446|
1273447|
1273472|
1273473|
1273474|
1273475|
1273476|
1273477|
1273478|
1273479|
1273504|
1273505|
1273506|
1273507|
1273508|
1273509|
1273510|
1273511|
1273536|
1273537|
1273538|
1273539|
1273540|
1273541|
1273542|
1273543|
1273568|
1273569|
1273570|
1273571|
1273572|
1273573|
1273574|
1273575|
1273600|
1273601|
1273602|
1273603|
1273604|
1273605|
1273606|
1273607|
1273632|
1273633|
1273634|
1273635|
1273636|
1273637|
1273638|
1273639|
1273664|
1273665|
1273666|
1273667|
1273668|
1273669|
1273670|
1273671|
1273696|
1273697|
1273698|
1273699|
1273700|
1273701|
1273702|
1273703|
1273728|
1273729|
1273730|
1273731|
1273732|
1273733|
1273734|
1273735|
1273760|
1273761|
1273762|
1273763|
1273764|
1273765|
1273766|
1273767|
1273792|
1273793|
1273794|
1273795|
1273796|
1273797|
1273798|
1273799|
1273824|
1273825|
1273826|
1273827|
1273828|
1273829|
1273830|
1273831|
1273856|
1273857|
1273858|
1273859|
1273860|
1273861|
1273862|
1273863|
1273888|
1273889|
1273890|
1273891|
1273892|
1273893|
1273894|
1273895|
1273920|
1273921|
1273922|
1273923|
1273924|
1273925|
1273926|
1273927|
1273952|
1273953|
1273954|
1273955|
1273956|
1273957|
1273958|
1273959|
1273984|
1273985|
1273986|
1273987|
1273988|
1273989|
1273990|
1273991|
1274016|
1274017|
1274018|
1274019|
1274020|
1274021|
1274022|
1274023|
1274048|
1274049|
1274050|
1274051|
1274052|
1274053|
1274054|
1274055|
1274080|
1274081|
1274082|
1274083|
1274084|
1274085|
1274086|
1274087|
1274112|
1274113|
1274114|
1274115|
1274116|
1274117|
1274118|
1274119|
1274144|
1274145|
1274146|
1274147|
1274148|
1274149|
1274150|
1274151|
1274176|
1274177|
1274178|
1274179|
1274180|
1274181|
1274182|
1274183|
1274208|
1274209|
1274210|
1274211|
1274212|
1274213|
1274214|
1274215|
1274240|
1274241|
1274242|
1274243|
1274244|
1274245|
1274246|
1274247|
1274272|
1274273|
1274274|
1274275|
1274276|
1274277|
1274278|
1274279|
1274304|
1274305|
1274306|
1274307|
1274308|
1274309|
1274310|
1274311|
1274336|
1274337|
1274338|
1274339|
1274340|
1274341|
1274342|
1274343|
1274368|
1274369|
1274370|
1274371|
1274372|
1274373|
1274374|
1274375|
1274400|
1274401|
1274402|
1274403|
1274404|
1274405|
1274406|
1274407|
1274432|
1274433|
1274434|
1274435|
1274436|
1274437|
1274438|
1274439|
1274464|
1274465|
1274466|
1274467|
1274468|
1274469|
1274470|
1274471|
1274496|
1274497|
1274498|
1274499|
1274500|
1274501|
1274502|
1274503|
1274528|
1274529|
1274530|
1274531|
1274532|
1274533|
1274534|
1274535|
1274560|
1274561|
1274562|
1274563|
1274564|
1274565|
1274566|
1274567|
1274592|
1274593|
1274594|
1274595|
1274596|
1274597|
1274598|
1274599|
1274624|
1274625|
1274626|
1274627|
1274628|
1274629|
1274630|
1274631|
1274656|
1274657|
1274658|
1274659|
1274660|
1274661|
1274662|
1274663|
1274688|
1274689|
1274690|
1274691|
1274692|
1274693|
1274694|
1274695|
1274720|
1274721|
1274722|
1274723|
1274724|
1274725|
1274726|
1274727|
1274752|
1274753|
1274754|
1274755|
1274756|
1274757|
1274758|
1274759|
1274784|
1274785|
1274786|
1274787|
1274788|
1274789|
1274790|
1274791|
1274816|
1274817|
1274818|
1274819|
1274820|
1274821|
1274822|
1274823|
1274848|
1274849|
1274850|
1274851|
1274852|
1274853|
1274854|
1274855|
1274880|
1274881|
1274882|
1274883|
1274884|
1274885|
1274886|
1274887|
1274912|
1274913|
1274914|
1274915|
1274916|
1274917|
1274918|
1274919|
1274944|
1274945|
1274946|
1274947|
1274948|
1274949|
1274950|
1274951|
1274976|
1274977|
1274978|
1274979|
1274980|
1274981|
1274982|
1274983|
1275008|
1275009|
1275010|
1275011|
1275012|
1275013|
1275014|
1275015|
1275040|
1275041|
1275042|
1275043|
1275044|
1275045|
1275046|
1275047|
1275072|
1275073|
1275074|
1275075|
1275076|
1275077|
1275078|
1275079|
1275104|
1275105|
1275106|
1275107|
1275108|
1275109|
1275110|
1275111|
1275136|
1275137|
1275138|
1275139|
1275140|
1275141|
1275142|
1275143|
1275168|
1275169|
1275170|
1275171|
1275172|
1275173|
1275174|
1275175|
1275200|
1275201|
1275202|
1275203|
1275204|
1275205|
1275206|
1275207|
1275232|
1275233|
1275234|
1275235|
1275236|
1275237|
1275238|
1275239|
1275264|
1275265|
1275266|
1275267|
1275268|
1275269|
1275270|
1275271|
1275296|
1275297|
1275298|
1275299|
1275300|
1275301|
1275302|
1275303|
1275328|
1275329|
1275330|
1275331|
1275332|
1275333|
1275334|
1275335|
1275360|
1275361|
1275362|
1275363|
1275364|
1275365|
1275366|
1275367|
1275392|
1275393|
1275394|
1275395|
1275396|
1275397|
1275398|
1275399|
1275424|
1275425|
1275426|
1275427|
1275428|
1275429|
1275430|
1275431|
1275456|
1275457|
1275458|
1275459|
1275460|
1275461|
1275462|
1275463|
1275488|
1275489|
1275490|
1275491|
1275492|
1275493|
1275494|
1275495|
1275520|
1275521|
1275522|
1275523|
1275524|
1275525|
1275526|
1275527|
1275552|
1275553|
1275554|
1275555|
1275556|
1275557|
1275558|
1275559|
1275584|
1275585|
1275586|
1275587|
1275588|
1275589|
1275590|
1275591|
1275616|
1275617|
1275618|
1275619|
1275620|
1275621|
1275622|
1275623|
1275648|
1275649|
1275650|
1275651|
1275652|
1275653|
1275654|
1275655|
1275680|
1275681|
1275682|
1275683|
1275684|
1275685|
1275686|
1275687|
1275712|
1275713|
1275714|
1275715|
1275716|
1275717|
1275718|
1275719|
1275744|
1275745|
1275746|
1275747|
1275748|
1275749|
1275750|
1275751|
1275776|
1275777|
1275778|
1275779|
1275780|
1275781|
1275782|
1275783|
1275808|
1275809|
1275810|
1275811|
1275812|
1275813|
1275814|
1275815|
1275840|
1275841|
1275842|
1275843|
1275844|
1275845|
1275846|
1275847|
1275872|
1275873|
1275874|
1275875|
1275876|
1275877|
1275878|
1275879|
1275904|
1275905|
1275906|
1275907|
1275908|
1275909|
1275910|
1275911|
1275936|
1275937|
1275938|
1275939|
1275940|
1275941|
1275942|
1275943|
1275968|
1275969|
1275970|
1275971|
1275972|
1275973|
1275974|
1275975|
1276000|
1276001|
1276002|
1276003|
1276004|
1276005|
1276006|
1276007|
1276032|
1276033|
1276034|
1276035|
1276036|
1276037|
1276038|
1276039|
1276064|
1276065|
1276066|
1276067|
1276068|
1276069|
1276070|
1276071|
1276096|
1276097|
1276098|
1276099|
1276100|
1276101|
1276102|
1276103|
1276128|
1276129|
1276130|
1276131|
1276132|
1276133|
1276134|
1276135|
1276160|
1276161|
1276162|
1276163|
1276164|
1276165|
1276166|
1276167|
1276192|
1276193|
1276194|
1276195|
1276196|
1276197|
1276198|
1276199|
1276224|
1276225|
1276226|
1276227|
1276228|
1276229|
1276230|
1276231|
1276256|
1276257|
1276258|
1276259|
1276260|
1276261|
1276262|
1276263|
1276288|
1276289|
1276290|
1276291|
1276292|
1276293|
1276294|
1276295|
1276320|
1276321|
1276322|
1276323|
1276324|
1276325|
1276326|
1276327|
1276352|
1276353|
1276354|
1276355|
1276356|
1276357|
1276358|
1276359|
1276384|
1276385|
1276386|
1276387|
1276388|
1276389|
1276390|
1276391|
1276416|
1276417|
1276418|
1276419|
1276420|
1276421|
1276422|
1276423|
1276448|
1276449|
1276450|
1276451|
1276452|
1276453|
1276454|
1276455|
1276480|
1276481|
1276482|
1276483|
1276484|
1276485|
1276486|
1276487|
1276512|
1276513|
1276514|
1276515|
1276516|
1276517|
1276518|
1276519|
1276544|
1276545|
1276546|
1276547|
1276548|
1276549|
1276550|
1276551|
1276576|
1276577|
1276578|
1276579|
1276580|
1276581|
1276582|
1276583|
1276608|
1276609|
1276610|
1276611|
1276612|
1276613|
1276614|
1276615|
1276640|
1276641|
1276642|
1276643|
1276644|
1276645|
1276646|
1276647|
1276672|
1276673|
1276674|
1276675|
1276676|
1276677|
1276678|
1276679|
1276704|
1276705|
1276706|
1276707|
1276708|
1276709|
1276710|
1276711|
1276736|
1276737|
1276738|
1276739|
1276740|
1276741|
1276742|
1276743|
1276768|
1276769|
1276770|
1276771|
1276772|
1276773|
1276774|
1276775|
1276800|
1276801|
1276802|
1276803|
1276804|
1276805|
1276806|
1276807|
1276832|
1276833|
1276834|
1276835|
1276836|
1276837|
1276838|
1276839|
1276864|
1276865|
1276866|
1276867|
1276868|
1276869|
1276870|
1276871|
1276896|
1276897|
1276898|
1276899|
1276900|
1276901|
1276902|
1276903|
1276928|
1276929|
1276930|
1276931|
1276932|
1276933|
1276934|
1276935|
1276960|
1276961|
1276962|
1276963|
1276964|
1276965|
1276966|
1276967|
1276992|
1276993|
1276994|
1276995|
1276996|
1276997|
1276998|
1276999|
1277024|
1277025|
1277026|
1277027|
1277028|
1277029|
1277030|
1277031|
1277056|
1277057|
1277058|
1277059|
1277060|
1277061|
1277062|
1277063|
1277088|
1277089|
1277090|
1277091|
1277092|
1277093|
1277094|
1277095|
1277120|
1277121|
1277122|
1277123|
1277124|
1277125|
1277126|
1277127|
1277152|
1277153|
1277154|
1277155|
1277156|
1277157|
1277158|
1277159|
1277184|
1277185|
1277186|
1277187|
1277188|
1277189|
1277190|
1277191|
1277216|
1277217|
1277218|
1277219|
1277220|
1277221|
1277222|
1277223|
1277248|
1277249|
1277250|
1277251|
1277252|
1277253|
1277254|
1277255|
1277280|
1277281|
1277282|
1277283|
1277284|
1277285|
1277286|
1277287|
1277312|
1277313|
1277314|
1277315|
1277316|
1277317|
1277318|
1277319|
1277344|
1277345|
1277346|
1277347|
1277348|
1277349|
1277350|
1277351|
1277376|
1277377|
1277378|
1277379|
1277380|
1277381|
1277382|
1277383|
1277408|
1277409|
1277410|
1277411|
1277412|
1277413|
1277414|
1277415|
1277440|
1277441|
1277442|
1277443|
1277444|
1277445|
1277446|
1277447|
1277472|
1277473|
1277474|
1277475|
1277476|
1277477|
1277478|
1277479|
1277504|
1277505|
1277506|
1277507|
1277508|
1277509|
1277510|
1277511|
1277536|
1277537|
1277538|
1277539|
1277540|
1277541|
1277542|
1277543|
1277568|
1277569|
1277570|
1277571|
1277572|
1277573|
1277574|
1277575|
1277600|
1277601|
1277602|
1277603|
1277604|
1277605|
1277606|
1277607|
1277632|
1277633|
1277634|
1277635|
1277636|
1277637|
1277638|
1277639|
1277664|
1277665|
1277666|
1277667|
1277668|
1277669|
1277670|
1277671|
1277696|
1277697|
1277698|
1277699|
1277700|
1277701|
1277702|
1277703|
1277728|
1277729|
1277730|
1277731|
1277732|
1277733|
1277734|
1277735|
1277760|
1277761|
1277762|
1277763|
1277764|
1277765|
1277766|
1277767|
1277792|
1277793|
1277794|
1277795|
1277796|
1277797|
1277798|
1277799|
1277824|
1277825|
1277826|
1277827|
1277828|
1277829|
1277830|
1277831|
1277856|
1277857|
1277858|
1277859|
1277860|
1277861|
1277862|
1277863|
1277888|
1277889|
1277890|
1277891|
1277892|
1277893|
1277894|
1277895|
1277920|
1277921|
1277922|
1277923|
1277924|
1277925|
1277926|
1277927|
1277952|
1277953|
1277954|
1277955|
1277956|
1277957|
1277958|
1277959|
1277984|
1277985|
1277986|
1277987|
1277988|
