1680001|
1680002|
1680003|
1680004|
1680005|
1680006|
1680007|
1680032|
1680033|
1680034|
1680035|
1680036|
1680037|
1680038|
1680039|
1680064|
1680065|
1680066|
1680067|
1680068|
1680069|
1680070|
1680071|
1680096|
1680097|
1680098|
1680099|
1680100|
1680101|
1680102|
1680103|
1680128|
1680129|
1680130|
1680131|
1680132|
1680133|
1680134|
1680135|
1680160|
1680161|
1680162|
1680163|
1680164|
1680165|
1680166|
1680167|
1680192|
1680193|
1680194|
1680195|
1680196|
1680197|
1680198|
1680199|
1680224|
1680225|
1680226|
1680227|
1680228|
1680229|
1680230|
1680231|
1680256|
1680257|
1680258|
1680259|
1680260|
1680261|
1680262|
1680263|
1680288|
1680289|
1680290|
1680291|
1680292|
1680293|
1680294|
1680295|
1680320|
1680321|
1680322|
1680323|
1680324|
1680325|
1680326|
1680327|
1680352|
1680353|
1680354|
1680355|
1680356|
1680357|
1680358|
1680359|
1680384|
1680385|
1680386|
1680387|
1680388|
1680389|
1680390|
1680391|
1680416|
1680417|
1680418|
1680419|
1680420|
1680421|
1680422|
1680423|
1680448|
1680449|
1680450|
1680451|
1680452|
1680453|
1680454|
1680455|
1680480|
1680481|
1680482|
1680483|
1680484|
1680485|
1680486|
1680487|
1680512|
1680513|
1680514|
1680515|
1680516|
1680517|
1680518|
1680519|
1680544|
1680545|
1680546|
1680547|
1680548|
1680549|
1680550|
1680551|
1680576|
1680577|
1680578|
1680579|
1680580|
1680581|
1680582|
1680583|
1680608|
1680609|
1680610|
1680611|
1680612|
1680613|
1680614|
1680615|
1680640|
1680641|
1680642|
1680643|
1680644|
1680645|
1680646|
1680647|
1680672|
1680673|
1680674|
1680675|
1680676|
1680677|
1680678|
1680679|
1680704|
1680705|
1680706|
1680707|
1680708|
1680709|
1680710|
1680711|
1680736|
1680737|
1680738|
1680739|
1680740|
1680741|
1680742|
1680743|
1680768|
1680769|
1680770|
1680771|
1680772|
1680773|
1680774|
1680775|
1680800|
1680801|
1680802|
1680803|
1680804|
1680805|
1680806|
1680807|
1680832|
1680833|
1680834|
1680835|
1680836|
1680837|
1680838|
1680839|
1680864|
1680865|
1680866|
1680867|
1680868|
1680869|
1680870|
1680871|
1680896|
1680897|
1680898|
1680899|
1680900|
1680901|
1680902|
1680903|
1680928|
1680929|
1680930|
1680931|
1680932|
1680933|
1680934|
1680935|
1680960|
1680961|
1680962|
1680963|
1680964|
1680965|
1680966|
1680967|
1680992|
1680993|
1680994|
1680995|
1680996|
1680997|
1680998|
1680999|
1681024|
1681025|
1681026|
1681027|
1681028|
1681029|
1681030|
1681031|
1681056|
1681057|
1681058|
1681059|
1681060|
1681061|
1681062|
1681063|
1681088|
1681089|
1681090|
1681091|
1681092|
1681093|
1681094|
1681095|
1681120|
1681121|
1681122|
1681123|
1681124|
1681125|
1681126|
1681127|
1681152|
1681153|
1681154|
1681155|
1681156|
1681157|
1681158|
1681159|
1681184|
1681185|
1681186|
1681187|
1681188|
1681189|
1681190|
1681191|
1681216|
1681217|
1681218|
1681219|
1681220|
1681221|
1681222|
1681223|
1681248|
1681249|
1681250|
1681251|
1681252|
1681253|
1681254|
1681255|
1681280|
1681281|
1681282|
1681283|
1681284|
1681285|
1681286|
1681287|
1681312|
1681313|
1681314|
1681315|
1681316|
1681317|
1681318|
1681319|
1681344|
1681345|
1681346|
1681347|
1681348|
1681349|
1681350|
1681351|
1681376|
1681377|
1681378|
1681379|
1681380|
1681381|
1681382|
1681383|
1681408|
1681409|
1681410|
1681411|
1681412|
1681413|
1681414|
1681415|
1681440|
1681441|
1681442|
1681443|
1681444|
1681445|
1681446|
1681447|
1681472|
1681473|
1681474|
1681475|
1681476|
1681477|
1681478|
1681479|
1681504|
1681505|
1681506|
1681507|
1681508|
1681509|
1681510|
1681511|
1681536|
1681537|
1681538|
1681539|
1681540|
1681541|
1681542|
1681543|
1681568|
1681569|
1681570|
1681571|
1681572|
1681573|
1681574|
1681575|
1681600|
1681601|
1681602|
1681603|
1681604|
1681605|
1681606|
1681607|
1681632|
1681633|
1681634|
1681635|
1681636|
1681637|
1681638|
1681639|
1681664|
1681665|
1681666|
1681667|
1681668|
1681669|
1681670|
1681671|
1681696|
1681697|
1681698|
1681699|
1681700|
1681701|
1681702|
1681703|
1681728|
1681729|
1681730|
1681731|
1681732|
1681733|
1681734|
1681735|
1681760|
1681761|
1681762|
1681763|
1681764|
1681765|
1681766|
1681767|
1681792|
1681793|
1681794|
1681795|
1681796|
1681797|
1681798|
1681799|
1681824|
1681825|
1681826|
1681827|
1681828|
1681829|
1681830|
1681831|
1681856|
1681857|
1681858|
1681859|
1681860|
1681861|
1681862|
1681863|
1681888|
1681889|
1681890|
1681891|
1681892|
1681893|
1681894|
1681895|
1681920|
1681921|
1681922|
1681923|
1681924|
1681925|
1681926|
1681927|
1681952|
1681953|
1681954|
1681955|
1681956|
1681957|
1681958|
1681959|
1681984|
1681985|
1681986|
1681987|
1681988|
1681989|
1681990|
1681991|
1682016|
1682017|
1682018|
1682019|
1682020|
1682021|
1682022|
1682023|
1682048|
1682049|
1682050|
1682051|
1682052|
1682053|
1682054|
1682055|
1682080|
1682081|
1682082|
1682083|
1682084|
1682085|
1682086|
1682087|
1682112|
1682113|
1682114|
1682115|
1682116|
1682117|
1682118|
1682119|
1682144|
1682145|
1682146|
1682147|
1682148|
1682149|
1682150|
1682151|
1682176|
1682177|
1682178|
1682179|
1682180|
1682181|
1682182|
1682183|
1682208|
1682209|
1682210|
1682211|
1682212|
1682213|
1682214|
1682215|
1682240|
1682241|
1682242|
1682243|
1682244|
1682245|
1682246|
1682247|
1682272|
1682273|
1682274|
1682275|
1682276|
1682277|
1682278|
1682279|
1682304|
1682305|
1682306|
1682307|
1682308|
1682309|
1682310|
1682311|
1682336|
1682337|
1682338|
1682339|
1682340|
1682341|
1682342|
1682343|
1682368|
1682369|
1682370|
1682371|
1682372|
1682373|
1682374|
1682375|
1682400|
1682401|
1682402|
1682403|
1682404|
1682405|
1682406|
1682407|
1682432|
1682433|
1682434|
1682435|
1682436|
1682437|
1682438|
1682439|
1682464|
1682465|
1682466|
1682467|
1682468|
1682469|
1682470|
1682471|
1682496|
1682497|
1682498|
1682499|
1682500|
1682501|
1682502|
1682503|
1682528|
1682529|
1682530|
1682531|
1682532|
1682533|
1682534|
1682535|
1682560|
1682561|
1682562|
1682563|
1682564|
1682565|
1682566|
1682567|
1682592|
1682593|
1682594|
1682595|
1682596|
1682597|
1682598|
1682599|
1682624|
1682625|
1682626|
1682627|
1682628|
1682629|
1682630|
1682631|
1682656|
1682657|
1682658|
1682659|
1682660|
1682661|
1682662|
1682663|
1682688|
1682689|
1682690|
1682691|
1682692|
1682693|
1682694|
1682695|
1682720|
1682721|
1682722|
1682723|
1682724|
1682725|
1682726|
1682727|
1682752|
1682753|
1682754|
1682755|
1682756|
1682757|
1682758|
1682759|
1682784|
1682785|
1682786|
1682787|
1682788|
1682789|
1682790|
1682791|
1682816|
1682817|
1682818|
1682819|
1682820|
1682821|
1682822|
1682823|
1682848|
1682849|
1682850|
1682851|
1682852|
1682853|
1682854|
1682855|
1682880|
1682881|
1682882|
1682883|
1682884|
1682885|
1682886|
1682887|
1682912|
1682913|
1682914|
1682915|
1682916|
1682917|
1682918|
1682919|
1682944|
1682945|
1682946|
1682947|
1682948|
1682949|
1682950|
1682951|
1682976|
1682977|
1682978|
1682979|
1682980|
1682981|
1682982|
1682983|
1683008|
1683009|
1683010|
1683011|
1683012|
1683013|
1683014|
1683015|
1683040|
1683041|
1683042|
1683043|
1683044|
1683045|
1683046|
1683047|
1683072|
1683073|
1683074|
1683075|
1683076|
1683077|
1683078|
1683079|
1683104|
1683105|
1683106|
1683107|
1683108|
1683109|
1683110|
1683111|
1683136|
1683137|
1683138|
1683139|
1683140|
1683141|
1683142|
1683143|
1683168|
1683169|
1683170|
1683171|
1683172|
1683173|
1683174|
1683175|
1683200|
1683201|
1683202|
1683203|
1683204|
1683205|
1683206|
1683207|
1683232|
1683233|
1683234|
1683235|
1683236|
1683237|
1683238|
1683239|
1683264|
1683265|
1683266|
1683267|
1683268|
1683269|
1683270|
1683271|
1683296|
1683297|
1683298|
1683299|
1683300|
1683301|
1683302|
1683303|
1683328|
1683329|
1683330|
1683331|
1683332|
1683333|
1683334|
1683335|
1683360|
1683361|
1683362|
1683363|
1683364|
1683365|
1683366|
1683367|
1683392|
1683393|
1683394|
1683395|
1683396|
1683397|
1683398|
1683399|
1683424|
1683425|
1683426|
1683427|
1683428|
1683429|
1683430|
1683431|
1683456|
1683457|
1683458|
1683459|
1683460|
1683461|
1683462|
1683463|
1683488|
1683489|
1683490|
1683491|
1683492|
1683493|
1683494|
1683495|
1683520|
1683521|
1683522|
1683523|
1683524|
1683525|
1683526|
1683527|
1683552|
1683553|
1683554|
1683555|
1683556|
1683557|
1683558|
1683559|
1683584|
1683585|
1683586|
1683587|
1683588|
1683589|
1683590|
1683591|
1683616|
1683617|
1683618|
1683619|
1683620|
1683621|
1683622|
1683623|
1683648|
1683649|
1683650|
1683651|
1683652|
1683653|
1683654|
1683655|
1683680|
1683681|
1683682|
1683683|
1683684|
1683685|
1683686|
1683687|
1683712|
1683713|
1683714|
1683715|
1683716|
1683717|
1683718|
1683719|
1683744|
1683745|
1683746|
1683747|
1683748|
1683749|
1683750|
1683751|
1683776|
1683777|
1683778|
1683779|
1683780|
1683781|
1683782|
1683783|
1683808|
1683809|
1683810|
1683811|
1683812|
1683813|
1683814|
1683815|
1683840|
1683841|
1683842|
1683843|
1683844|
1683845|
1683846|
1683847|
1683872|
1683873|
1683874|
1683875|
1683876|
1683877|
1683878|
1683879|
1683904|
1683905|
1683906|
1683907|
1683908|
1683909|
1683910|
1683911|
1683936|
1683937|
1683938|
1683939|
1683940|
1683941|
1683942|
1683943|
1683968|
1683969|
1683970|
1683971|
1683972|
1683973|
1683974|
1683975|
1684000|
1684001|
1684002|
1684003|
1684004|
1684005|
1684006|
1684007|
1684032|
1684033|
1684034|
1684035|
1684036|
1684037|
1684038|
1684039|
1684064|
1684065|
1684066|
1684067|
1684068|
1684069|
1684070|
1684071|
1684096|
1684097|
1684098|
1684099|
1684100|
1684101|
1684102|
1684103|
1684128|
1684129|
1684130|
1684131|
1684132|
1684133|
1684134|
1684135|
1684160|
1684161|
1684162|
1684163|
1684164|
1684165|
1684166|
1684167|
1684192|
1684193|
1684194|
1684195|
1684196|
1684197|
1684198|
1684199|
1684224|
1684225|
1684226|
1684227|
1684228|
1684229|
1684230|
1684231|
1684256|
1684257|
1684258|
1684259|
1684260|
1684261|
1684262|
1684263|
1684288|
1684289|
1684290|
1684291|
1684292|
1684293|
1684294|
1684295|
1684320|
1684321|
1684322|
1684323|
1684324|
1684325|
1684326|
1684327|
1684352|
1684353|
1684354|
1684355|
1684356|
1684357|
1684358|
1684359|
1684384|
1684385|
1684386|
1684387|
1684388|
1684389|
1684390|
1684391|
1684416|
1684417|
1684418|
1684419|
1684420|
1684421|
1684422|
1684423|
1684448|
1684449|
1684450|
1684451|
1684452|
1684453|
1684454|
1684455|
1684480|
1684481|
1684482|
1684483|
1684484|
1684485|
1684486|
1684487|
1684512|
1684513|
1684514|
1684515|
1684516|
1684517|
1684518|
1684519|
1684544|
1684545|
1684546|
1684547|
1684548|
1684549|
1684550|
1684551|
1684576|
1684577|
1684578|
1684579|
1684580|
1684581|
1684582|
1684583|
1684608|
1684609|
1684610|
1684611|
1684612|
1684613|
1684614|
1684615|
1684640|
1684641|
1684642|
1684643|
1684644|
1684645|
1684646|
1684647|
1684672|
1684673|
1684674|
1684675|
1684676|
1684677|
1684678|
1684679|
1684704|
1684705|
1684706|
1684707|
1684708|
1684709|
1684710|
1684711|
1684736|
1684737|
1684738|
1684739|
1684740|
1684741|
1684742|
1684743|
1684768|
1684769|
1684770|
1684771|
1684772|
1684773|
1684774|
1684775|
1684800|
1684801|
1684802|
1684803|
1684804|
1684805|
1684806|
1684807|
1684832|
1684833|
1684834|
1684835|
1684836|
1684837|
1684838|
1684839|
1684864|
1684865|
1684866|
1684867|
1684868|
1684869|
1684870|
1684871|
1684896|
1684897|
1684898|
1684899|
1684900|
1684901|
1684902|
1684903|
1684928|
1684929|
1684930|
1684931|
1684932|
1684933|
1684934|
1684935|
1684960|
1684961|
1684962|
1684963|
1684964|
1684965|
1684966|
1684967|
1684992|
1684993|
1684994|
1684995|
1684996|
1684997|
1684998|
1684999|
1685024|
1685025|
1685026|
1685027|
1685028|
1685029|
1685030|
1685031|
1685056|
1685057|
1685058|
1685059|
1685060|
1685061|
1685062|
1685063|
1685088|
1685089|
1685090|
1685091|
1685092|
1685093|
1685094|
1685095|
1685120|
1685121|
1685122|
1685123|
1685124|
1685125|
1685126|
1685127|
1685152|
1685153|
1685154|
1685155|
1685156|
1685157|
1685158|
1685159|
1685184|
1685185|
1685186|
1685187|
1685188|
1685189|
1685190|
1685191|
1685216|
1685217|
1685218|
1685219|
1685220|
1685221|
1685222|
1685223|
1685248|
1685249|
1685250|
1685251|
1685252|
1685253|
1685254|
1685255|
1685280|
1685281|
1685282|
1685283|
1685284|
1685285|
1685286|
1685287|
1685312|
1685313|
1685314|
1685315|
1685316|
1685317|
1685318|
1685319|
1685344|
1685345|
1685346|
1685347|
1685348|
1685349|
1685350|
1685351|
1685376|
1685377|
1685378|
1685379|
1685380|
1685381|
1685382|
1685383|
1685408|
1685409|
1685410|
1685411|
1685412|
1685413|
1685414|
1685415|
1685440|
1685441|
1685442|
1685443|
1685444|
1685445|
1685446|
1685447|
1685472|
1685473|
1685474|
1685475|
1685476|
1685477|
1685478|
1685479|
1685504|
1685505|
1685506|
1685507|
1685508|
1685509|
1685510|
1685511|
1685536|
1685537|
1685538|
1685539|
1685540|
1685541|
1685542|
1685543|
1685568|
1685569|
1685570|
1685571|
1685572|
1685573|
1685574|
1685575|
1685600|
1685601|
1685602|
1685603|
1685604|
1685605|
1685606|
1685607|
1685632|
1685633|
1685634|
1685635|
1685636|
1685637|
1685638|
1685639|
1685664|
1685665|
1685666|
1685667|
1685668|
1685669|
1685670|
1685671|
1685696|
1685697|
1685698|
1685699|
1685700|
1685701|
1685702|
1685703|
1685728|
1685729|
1685730|
1685731|
1685732|
1685733|
1685734|
1685735|
1685760|
1685761|
1685762|
1685763|
1685764|
1685765|
1685766|
1685767|
1685792|
1685793|
1685794|
1685795|
1685796|
1685797|
1685798|
1685799|
1685824|
1685825|
1685826|
1685827|
1685828|
1685829|
1685830|
1685831|
1685856|
1685857|
1685858|
1685859|
1685860|
1685861|
1685862|
1685863|
1685888|
1685889|
1685890|
1685891|
1685892|
1685893|
1685894|
1685895|
1685920|
1685921|
1685922|
1685923|
1685924|
1685925|
1685926|
1685927|
1685952|
1685953|
1685954|
1685955|
1685956|
1685957|
1685958|
1685959|
1685984|
1685985|
1685986|
1685987|
1685988|
