1109989|
1109990|
1109991|
1110016|
1110017|
1110018|
1110019|
1110020|
1110021|
1110022|
1110023|
1110048|
1110049|
1110050|
1110051|
1110052|
1110053|
1110054|
1110055|
1110080|
1110081|
1110082|
1110083|
1110084|
1110085|
1110086|
1110087|
1110112|
1110113|
1110114|
1110115|
1110116|
1110117|
1110118|
1110119|
1110144|
1110145|
1110146|
1110147|
1110148|
1110149|
1110150|
1110151|
1110176|
1110177|
1110178|
1110179|
1110180|
1110181|
1110182|
1110183|
1110208|
1110209|
1110210|
1110211|
1110212|
1110213|
1110214|
1110215|
1110240|
1110241|
1110242|
1110243|
1110244|
1110245|
1110246|
1110247|
1110272|
1110273|
1110274|
1110275|
1110276|
1110277|
1110278|
1110279|
1110304|
1110305|
1110306|
1110307|
1110308|
1110309|
1110310|
1110311|
1110336|
1110337|
1110338|
1110339|
1110340|
1110341|
1110342|
1110343|
1110368|
1110369|
1110370|
1110371|
1110372|
1110373|
1110374|
1110375|
1110400|
1110401|
1110402|
1110403|
1110404|
1110405|
1110406|
1110407|
1110432|
1110433|
1110434|
1110435|
1110436|
1110437|
1110438|
1110439|
1110464|
1110465|
1110466|
1110467|
1110468|
1110469|
1110470|
1110471|
1110496|
1110497|
1110498|
1110499|
1110500|
1110501|
1110502|
1110503|
1110528|
1110529|
1110530|
1110531|
1110532|
1110533|
1110534|
1110535|
1110560|
1110561|
1110562|
1110563|
1110564|
1110565|
1110566|
1110567|
1110592|
1110593|
1110594|
1110595|
1110596|
1110597|
1110598|
1110599|
1110624|
1110625|
1110626|
1110627|
1110628|
1110629|
1110630|
1110631|
1110656|
1110657|
1110658|
1110659|
1110660|
1110661|
1110662|
1110663|
1110688|
1110689|
1110690|
1110691|
1110692|
1110693|
1110694|
1110695|
1110720|
1110721|
1110722|
1110723|
1110724|
1110725|
1110726|
1110727|
1110752|
1110753|
1110754|
1110755|
1110756|
1110757|
1110758|
1110759|
1110784|
1110785|
1110786|
1110787|
1110788|
1110789|
1110790|
1110791|
1110816|
1110817|
1110818|
1110819|
1110820|
1110821|
1110822|
1110823|
1110848|
1110849|
1110850|
1110851|
1110852|
1110853|
1110854|
1110855|
1110880|
1110881|
1110882|
1110883|
1110884|
1110885|
1110886|
1110887|
1110912|
1110913|
1110914|
1110915|
1110916|
1110917|
1110918|
1110919|
1110944|
1110945|
1110946|
1110947|
1110948|
1110949|
1110950|
1110951|
1110976|
1110977|
1110978|
1110979|
1110980|
1110981|
1110982|
1110983|
1111008|
1111009|
1111010|
1111011|
1111012|
1111013|
1111014|
1111015|
1111040|
1111041|
1111042|
1111043|
1111044|
1111045|
1111046|
1111047|
1111072|
1111073|
1111074|
1111075|
1111076|
1111077|
1111078|
1111079|
1111104|
1111105|
1111106|
1111107|
1111108|
1111109|
1111110|
1111111|
1111136|
1111137|
1111138|
1111139|
1111140|
1111141|
1111142|
1111143|
1111168|
1111169|
1111170|
1111171|
1111172|
1111173|
1111174|
1111175|
1111200|
1111201|
1111202|
1111203|
1111204|
1111205|
1111206|
1111207|
1111232|
1111233|
1111234|
1111235|
1111236|
1111237|
1111238|
1111239|
1111264|
1111265|
1111266|
1111267|
1111268|
1111269|
1111270|
1111271|
1111296|
1111297|
1111298|
1111299|
1111300|
1111301|
1111302|
1111303|
1111328|
1111329|
1111330|
1111331|
1111332|
1111333|
1111334|
1111335|
1111360|
1111361|
1111362|
1111363|
1111364|
1111365|
1111366|
1111367|
1111392|
1111393|
1111394|
1111395|
1111396|
1111397|
1111398|
1111399|
1111424|
1111425|
1111426|
1111427|
1111428|
1111429|
1111430|
1111431|
1111456|
1111457|
1111458|
1111459|
1111460|
1111461|
1111462|
1111463|
1111488|
1111489|
1111490|
1111491|
1111492|
1111493|
1111494|
1111495|
1111520|
1111521|
1111522|
1111523|
1111524|
1111525|
1111526|
1111527|
1111552|
1111553|
1111554|
1111555|
1111556|
1111557|
1111558|
1111559|
1111584|
1111585|
1111586|
1111587|
1111588|
1111589|
1111590|
1111591|
1111616|
1111617|
1111618|
1111619|
1111620|
1111621|
1111622|
1111623|
1111648|
1111649|
1111650|
1111651|
1111652|
1111653|
1111654|
1111655|
1111680|
1111681|
1111682|
1111683|
1111684|
1111685|
1111686|
1111687|
1111712|
1111713|
1111714|
1111715|
1111716|
1111717|
1111718|
1111719|
1111744|
1111745|
1111746|
1111747|
1111748|
1111749|
1111750|
1111751|
1111776|
1111777|
1111778|
1111779|
1111780|
1111781|
1111782|
1111783|
1111808|
1111809|
1111810|
1111811|
1111812|
1111813|
1111814|
1111815|
1111840|
1111841|
1111842|
1111843|
1111844|
1111845|
1111846|
1111847|
1111872|
1111873|
1111874|
1111875|
1111876|
1111877|
1111878|
1111879|
1111904|
1111905|
1111906|
1111907|
1111908|
1111909|
1111910|
1111911|
1111936|
1111937|
1111938|
1111939|
1111940|
1111941|
1111942|
1111943|
1111968|
1111969|
1111970|
1111971|
1111972|
1111973|
1111974|
1111975|
1112000|
1112001|
1112002|
1112003|
1112004|
1112005|
1112006|
1112007|
1112032|
1112033|
1112034|
1112035|
1112036|
1112037|
1112038|
1112039|
1112064|
1112065|
1112066|
1112067|
1112068|
1112069|
1112070|
1112071|
1112096|
1112097|
1112098|
1112099|
1112100|
1112101|
1112102|
1112103|
1112128|
1112129|
1112130|
1112131|
1112132|
1112133|
1112134|
1112135|
1112160|
1112161|
1112162|
1112163|
1112164|
1112165|
1112166|
1112167|
1112192|
1112193|
1112194|
1112195|
1112196|
1112197|
1112198|
1112199|
1112224|
1112225|
1112226|
1112227|
1112228|
1112229|
1112230|
1112231|
1112256|
1112257|
1112258|
1112259|
1112260|
1112261|
1112262|
1112263|
1112288|
1112289|
1112290|
1112291|
1112292|
1112293|
1112294|
1112295|
1112320|
1112321|
1112322|
1112323|
1112324|
1112325|
1112326|
1112327|
1112352|
1112353|
1112354|
1112355|
1112356|
1112357|
1112358|
1112359|
1112384|
1112385|
1112386|
1112387|
1112388|
1112389|
1112390|
1112391|
1112416|
1112417|
1112418|
1112419|
1112420|
1112421|
1112422|
1112423|
1112448|
1112449|
1112450|
1112451|
1112452|
1112453|
1112454|
1112455|
1112480|
1112481|
1112482|
1112483|
1112484|
1112485|
1112486|
1112487|
1112512|
1112513|
1112514|
1112515|
1112516|
1112517|
1112518|
1112519|
1112544|
1112545|
1112546|
1112547|
1112548|
1112549|
1112550|
1112551|
1112576|
1112577|
1112578|
1112579|
1112580|
1112581|
1112582|
1112583|
1112608|
1112609|
1112610|
1112611|
1112612|
1112613|
1112614|
1112615|
1112640|
1112641|
1112642|
1112643|
1112644|
1112645|
1112646|
1112647|
1112672|
1112673|
1112674|
1112675|
1112676|
1112677|
1112678|
1112679|
1112704|
1112705|
1112706|
1112707|
1112708|
1112709|
1112710|
1112711|
1112736|
1112737|
1112738|
1112739|
1112740|
1112741|
1112742|
1112743|
1112768|
1112769|
1112770|
1112771|
1112772|
1112773|
1112774|
1112775|
1112800|
1112801|
1112802|
1112803|
1112804|
1112805|
1112806|
1112807|
1112832|
1112833|
1112834|
1112835|
1112836|
1112837|
1112838|
1112839|
1112864|
1112865|
1112866|
1112867|
1112868|
1112869|
1112870|
1112871|
1112896|
1112897|
1112898|
1112899|
1112900|
1112901|
1112902|
1112903|
1112928|
1112929|
1112930|
1112931|
1112932|
1112933|
1112934|
1112935|
1112960|
1112961|
1112962|
1112963|
1112964|
1112965|
1112966|
1112967|
1112992|
1112993|
1112994|
1112995|
1112996|
1112997|
1112998|
1112999|
1113024|
1113025|
1113026|
1113027|
1113028|
1113029|
1113030|
1113031|
1113056|
1113057|
1113058|
1113059|
1113060|
1113061|
1113062|
1113063|
1113088|
1113089|
1113090|
1113091|
1113092|
1113093|
1113094|
1113095|
1113120|
1113121|
1113122|
1113123|
1113124|
1113125|
1113126|
1113127|
1113152|
1113153|
1113154|
1113155|
1113156|
1113157|
1113158|
1113159|
1113184|
1113185|
1113186|
1113187|
1113188|
1113189|
1113190|
1113191|
1113216|
1113217|
1113218|
1113219|
1113220|
1113221|
1113222|
1113223|
1113248|
1113249|
1113250|
1113251|
1113252|
1113253|
1113254|
1113255|
1113280|
1113281|
1113282|
1113283|
1113284|
1113285|
1113286|
1113287|
1113312|
1113313|
1113314|
1113315|
1113316|
1113317|
1113318|
1113319|
1113344|
1113345|
1113346|
1113347|
1113348|
1113349|
1113350|
1113351|
1113376|
1113377|
1113378|
1113379|
1113380|
1113381|
1113382|
1113383|
1113408|
1113409|
1113410|
1113411|
1113412|
1113413|
1113414|
1113415|
1113440|
1113441|
1113442|
1113443|
1113444|
1113445|
1113446|
1113447|
1113472|
1113473|
1113474|
1113475|
1113476|
1113477|
1113478|
1113479|
1113504|
1113505|
1113506|
1113507|
1113508|
1113509|
1113510|
1113511|
1113536|
1113537|
1113538|
1113539|
1113540|
1113541|
1113542|
1113543|
1113568|
1113569|
1113570|
1113571|
1113572|
1113573|
1113574|
1113575|
1113600|
1113601|
1113602|
1113603|
1113604|
1113605|
1113606|
1113607|
1113632|
1113633|
1113634|
1113635|
1113636|
1113637|
1113638|
1113639|
1113664|
1113665|
1113666|
1113667|
1113668|
1113669|
1113670|
1113671|
1113696|
1113697|
1113698|
1113699|
1113700|
1113701|
1113702|
1113703|
1113728|
1113729|
1113730|
1113731|
1113732|
1113733|
1113734|
1113735|
1113760|
1113761|
1113762|
1113763|
1113764|
1113765|
1113766|
1113767|
1113792|
1113793|
1113794|
1113795|
1113796|
1113797|
1113798|
1113799|
1113824|
1113825|
1113826|
1113827|
1113828|
1113829|
1113830|
1113831|
1113856|
1113857|
1113858|
1113859|
1113860|
1113861|
1113862|
1113863|
1113888|
1113889|
1113890|
1113891|
1113892|
1113893|
1113894|
1113895|
1113920|
1113921|
1113922|
1113923|
1113924|
1113925|
1113926|
1113927|
1113952|
1113953|
1113954|
1113955|
1113956|
1113957|
1113958|
1113959|
1113984|
1113985|
1113986|
1113987|
1113988|
1113989|
1113990|
1113991|
1114016|
1114017|
1114018|
1114019|
1114020|
1114021|
1114022|
1114023|
1114048|
1114049|
1114050|
1114051|
1114052|
1114053|
1114054|
1114055|
1114080|
1114081|
1114082|
1114083|
1114084|
1114085|
1114086|
1114087|
1114112|
1114113|
1114114|
1114115|
1114116|
1114117|
1114118|
1114119|
1114144|
1114145|
1114146|
1114147|
1114148|
1114149|
1114150|
1114151|
1114176|
1114177|
1114178|
1114179|
1114180|
1114181|
1114182|
1114183|
1114208|
1114209|
1114210|
1114211|
1114212|
1114213|
1114214|
1114215|
1114240|
1114241|
1114242|
1114243|
1114244|
1114245|
1114246|
1114247|
1114272|
1114273|
1114274|
1114275|
1114276|
1114277|
1114278|
1114279|
1114304|
1114305|
1114306|
1114307|
1114308|
1114309|
1114310|
1114311|
1114336|
1114337|
1114338|
1114339|
1114340|
1114341|
1114342|
1114343|
1114368|
1114369|
1114370|
1114371|
1114372|
1114373|
1114374|
1114375|
1114400|
1114401|
1114402|
1114403|
1114404|
1114405|
1114406|
1114407|
1114432|
1114433|
1114434|
1114435|
1114436|
1114437|
1114438|
1114439|
1114464|
1114465|
1114466|
1114467|
1114468|
1114469|
1114470|
1114471|
1114496|
1114497|
1114498|
1114499|
1114500|
1114501|
1114502|
1114503|
1114528|
1114529|
1114530|
1114531|
1114532|
1114533|
1114534|
1114535|
1114560|
1114561|
1114562|
1114563|
1114564|
1114565|
1114566|
1114567|
1114592|
1114593|
1114594|
1114595|
1114596|
1114597|
1114598|
1114599|
1114624|
1114625|
1114626|
1114627|
1114628|
1114629|
1114630|
1114631|
1114656|
1114657|
1114658|
1114659|
1114660|
1114661|
1114662|
1114663|
1114688|
1114689|
1114690|
1114691|
1114692|
1114693|
1114694|
1114695|
1114720|
1114721|
1114722|
1114723|
1114724|
1114725|
1114726|
1114727|
1114752|
1114753|
1114754|
1114755|
1114756|
1114757|
1114758|
1114759|
1114784|
1114785|
1114786|
1114787|
1114788|
1114789|
1114790|
1114791|
1114816|
1114817|
1114818|
1114819|
1114820|
1114821|
1114822|
1114823|
1114848|
1114849|
1114850|
1114851|
1114852|
1114853|
1114854|
1114855|
1114880|
1114881|
1114882|
1114883|
1114884|
1114885|
1114886|
1114887|
1114912|
1114913|
1114914|
1114915|
1114916|
1114917|
1114918|
1114919|
1114944|
1114945|
1114946|
1114947|
1114948|
1114949|
1114950|
1114951|
1114976|
1114977|
1114978|
1114979|
1114980|
1114981|
1114982|
1114983|
1115008|
1115009|
1115010|
1115011|
1115012|
1115013|
1115014|
1115015|
1115040|
1115041|
1115042|
1115043|
1115044|
1115045|
1115046|
1115047|
1115072|
1115073|
1115074|
1115075|
1115076|
1115077|
1115078|
1115079|
1115104|
1115105|
1115106|
1115107|
1115108|
1115109|
1115110|
1115111|
1115136|
1115137|
1115138|
1115139|
1115140|
1115141|
1115142|
1115143|
1115168|
1115169|
1115170|
1115171|
1115172|
1115173|
1115174|
1115175|
1115200|
1115201|
1115202|
1115203|
1115204|
1115205|
1115206|
1115207|
1115232|
1115233|
1115234|
1115235|
1115236|
1115237|
1115238|
1115239|
1115264|
1115265|
1115266|
1115267|
1115268|
1115269|
1115270|
1115271|
1115296|
1115297|
1115298|
1115299|
1115300|
1115301|
1115302|
1115303|
1115328|
1115329|
1115330|
1115331|
1115332|
1115333|
1115334|
1115335|
1115360|
1115361|
1115362|
1115363|
1115364|
1115365|
1115366|
1115367|
1115392|
1115393|
1115394|
1115395|
1115396|
1115397|
1115398|
1115399|
1115424|
1115425|
1115426|
1115427|
1115428|
1115429|
1115430|
1115431|
1115456|
1115457|
1115458|
1115459|
1115460|
1115461|
1115462|
1115463|
1115488|
1115489|
1115490|
1115491|
1115492|
1115493|
1115494|
1115495|
1115520|
1115521|
1115522|
1115523|
1115524|
1115525|
1115526|
1115527|
1115552|
1115553|
1115554|
1115555|
1115556|
1115557|
1115558|
1115559|
1115584|
1115585|
1115586|
1115587|
1115588|
1115589|
1115590|
1115591|
1115616|
1115617|
1115618|
1115619|
1115620|
1115621|
1115622|
1115623|
1115648|
1115649|
1115650|
1115651|
1115652|
1115653|
1115654|
1115655|
1115680|
1115681|
1115682|
1115683|
1115684|
1115685|
1115686|
1115687|
1115712|
1115713|
1115714|
1115715|
1115716|
1115717|
1115718|
1115719|
1115744|
1115745|
1115746|
1115747|
1115748|
1115749|
1115750|
1115751|
1115776|
1115777|
1115778|
1115779|
1115780|
1115781|
1115782|
1115783|
1115808|
1115809|
1115810|
1115811|
1115812|
1115813|
1115814|
1115815|
1115840|
1115841|
1115842|
1115843|
1115844|
1115845|
1115846|
1115847|
1115872|
1115873|
1115874|
1115875|
1115876|
1115877|
1115878|
1115879|
1115904|
1115905|
1115906|
1115907|
1115908|
1115909|
1115910|
1115911|
1115936|
1115937|
1115938|
1115939|
1115940|
1115941|
1115942|
1115943|
1115968|
1115969|
1115970|
1115971|
1115972|
1115973|
1115974|
1115975|
1116000|
