696001|
696002|
696003|
696004|
696005|
696006|
696007|
696032|
696033|
696034|
696035|
696036|
696037|
696038|
696039|
696064|
696065|
696066|
696067|
696068|
696069|
696070|
696071|
696096|
696097|
696098|
696099|
696100|
696101|
696102|
696103|
696128|
696129|
696130|
696131|
696132|
696133|
696134|
696135|
696160|
696161|
696162|
696163|
696164|
696165|
696166|
696167|
696192|
696193|
696194|
696195|
696196|
696197|
696198|
696199|
696224|
696225|
696226|
696227|
696228|
696229|
696230|
696231|
696256|
696257|
696258|
696259|
696260|
696261|
696262|
696263|
696288|
696289|
696290|
696291|
696292|
696293|
696294|
696295|
696320|
696321|
696322|
696323|
696324|
696325|
696326|
696327|
696352|
696353|
696354|
696355|
696356|
696357|
696358|
696359|
696384|
696385|
696386|
696387|
696388|
696389|
696390|
696391|
696416|
696417|
696418|
696419|
696420|
696421|
696422|
696423|
696448|
696449|
696450|
696451|
696452|
696453|
696454|
696455|
696480|
696481|
696482|
696483|
696484|
696485|
696486|
696487|
696512|
696513|
696514|
696515|
696516|
696517|
696518|
696519|
696544|
696545|
696546|
696547|
696548|
696549|
696550|
696551|
696576|
696577|
696578|
696579|
696580|
696581|
696582|
696583|
696608|
696609|
696610|
696611|
696612|
696613|
696614|
696615|
696640|
696641|
696642|
696643|
696644|
696645|
696646|
696647|
696672|
696673|
696674|
696675|
696676|
696677|
696678|
696679|
696704|
696705|
696706|
696707|
696708|
696709|
696710|
696711|
696736|
696737|
696738|
696739|
696740|
696741|
696742|
696743|
696768|
696769|
696770|
696771|
696772|
696773|
696774|
696775|
696800|
696801|
696802|
696803|
696804|
696805|
696806|
696807|
696832|
696833|
696834|
696835|
696836|
696837|
696838|
696839|
696864|
696865|
696866|
696867|
696868|
696869|
696870|
696871|
696896|
696897|
696898|
696899|
696900|
696901|
696902|
696903|
696928|
696929|
696930|
696931|
696932|
696933|
696934|
696935|
696960|
696961|
696962|
696963|
696964|
696965|
696966|
696967|
696992|
696993|
696994|
696995|
696996|
696997|
696998|
696999|
697024|
697025|
697026|
697027|
697028|
697029|
697030|
697031|
697056|
697057|
697058|
697059|
697060|
697061|
697062|
697063|
697088|
697089|
697090|
697091|
697092|
697093|
697094|
697095|
697120|
697121|
697122|
697123|
697124|
697125|
697126|
697127|
697152|
697153|
697154|
697155|
697156|
697157|
697158|
697159|
697184|
697185|
697186|
697187|
697188|
697189|
697190|
697191|
697216|
697217|
697218|
697219|
697220|
697221|
697222|
697223|
697248|
697249|
697250|
697251|
697252|
697253|
697254|
697255|
697280|
697281|
697282|
697283|
697284|
697285|
697286|
697287|
697312|
697313|
697314|
697315|
697316|
697317|
697318|
697319|
697344|
697345|
697346|
697347|
697348|
697349|
697350|
697351|
697376|
697377|
697378|
697379|
697380|
697381|
697382|
697383|
697408|
697409|
697410|
697411|
697412|
697413|
697414|
697415|
697440|
697441|
697442|
697443|
697444|
697445|
697446|
697447|
697472|
697473|
697474|
697475|
697476|
697477|
697478|
697479|
697504|
697505|
697506|
697507|
697508|
697509|
697510|
697511|
697536|
697537|
697538|
697539|
697540|
697541|
697542|
697543|
697568|
697569|
697570|
697571|
697572|
697573|
697574|
697575|
697600|
697601|
697602|
697603|
697604|
697605|
697606|
697607|
697632|
697633|
697634|
697635|
697636|
697637|
697638|
697639|
697664|
697665|
697666|
697667|
697668|
697669|
697670|
697671|
697696|
697697|
697698|
697699|
697700|
697701|
697702|
697703|
697728|
697729|
697730|
697731|
697732|
697733|
697734|
697735|
697760|
697761|
697762|
697763|
697764|
697765|
697766|
697767|
697792|
697793|
697794|
697795|
697796|
697797|
697798|
697799|
697824|
697825|
697826|
697827|
697828|
697829|
697830|
697831|
697856|
697857|
697858|
697859|
697860|
697861|
697862|
697863|
697888|
697889|
697890|
697891|
697892|
697893|
697894|
697895|
697920|
697921|
697922|
697923|
697924|
697925|
697926|
697927|
697952|
697953|
697954|
697955|
697956|
697957|
697958|
697959|
697984|
697985|
697986|
697987|
697988|
697989|
697990|
697991|
698016|
698017|
698018|
698019|
698020|
698021|
698022|
698023|
698048|
698049|
698050|
698051|
698052|
698053|
698054|
698055|
698080|
698081|
698082|
698083|
698084|
698085|
698086|
698087|
698112|
698113|
698114|
698115|
698116|
698117|
698118|
698119|
698144|
698145|
698146|
698147|
698148|
698149|
698150|
698151|
698176|
698177|
698178|
698179|
698180|
698181|
698182|
698183|
698208|
698209|
698210|
698211|
698212|
698213|
698214|
698215|
698240|
698241|
698242|
698243|
698244|
698245|
698246|
698247|
698272|
698273|
698274|
698275|
698276|
698277|
698278|
698279|
698304|
698305|
698306|
698307|
698308|
698309|
698310|
698311|
698336|
698337|
698338|
698339|
698340|
698341|
698342|
698343|
698368|
698369|
698370|
698371|
698372|
698373|
698374|
698375|
698400|
698401|
698402|
698403|
698404|
698405|
698406|
698407|
698432|
698433|
698434|
698435|
698436|
698437|
698438|
698439|
698464|
698465|
698466|
698467|
698468|
698469|
698470|
698471|
698496|
698497|
698498|
698499|
698500|
698501|
698502|
698503|
698528|
698529|
698530|
698531|
698532|
698533|
698534|
698535|
698560|
698561|
698562|
698563|
698564|
698565|
698566|
698567|
698592|
698593|
698594|
698595|
698596|
698597|
698598|
698599|
698624|
698625|
698626|
698627|
698628|
698629|
698630|
698631|
698656|
698657|
698658|
698659|
698660|
698661|
698662|
698663|
698688|
698689|
698690|
698691|
698692|
698693|
698694|
698695|
698720|
698721|
698722|
698723|
698724|
698725|
698726|
698727|
698752|
698753|
698754|
698755|
698756|
698757|
698758|
698759|
698784|
698785|
698786|
698787|
698788|
698789|
698790|
698791|
698816|
698817|
698818|
698819|
698820|
698821|
698822|
698823|
698848|
698849|
698850|
698851|
698852|
698853|
698854|
698855|
698880|
698881|
698882|
698883|
698884|
698885|
698886|
698887|
698912|
698913|
698914|
698915|
698916|
698917|
698918|
698919|
698944|
698945|
698946|
698947|
698948|
698949|
698950|
698951|
698976|
698977|
698978|
698979|
698980|
698981|
698982|
698983|
699008|
699009|
699010|
699011|
699012|
699013|
699014|
699015|
699040|
699041|
699042|
699043|
699044|
699045|
699046|
699047|
699072|
699073|
699074|
699075|
699076|
699077|
699078|
699079|
699104|
699105|
699106|
699107|
699108|
699109|
699110|
699111|
699136|
699137|
699138|
699139|
699140|
699141|
699142|
699143|
699168|
699169|
699170|
699171|
699172|
699173|
699174|
699175|
699200|
699201|
699202|
699203|
699204|
699205|
699206|
699207|
699232|
699233|
699234|
699235|
699236|
699237|
699238|
699239|
699264|
699265|
699266|
699267|
699268|
699269|
699270|
699271|
699296|
699297|
699298|
699299|
699300|
699301|
699302|
699303|
699328|
699329|
699330|
699331|
699332|
699333|
699334|
699335|
699360|
699361|
699362|
699363|
699364|
699365|
699366|
699367|
699392|
699393|
699394|
699395|
699396|
699397|
699398|
699399|
699424|
699425|
699426|
699427|
699428|
699429|
699430|
699431|
699456|
699457|
699458|
699459|
699460|
699461|
699462|
699463|
699488|
699489|
699490|
699491|
699492|
699493|
699494|
699495|
699520|
699521|
699522|
699523|
699524|
699525|
699526|
699527|
699552|
699553|
699554|
699555|
699556|
699557|
699558|
699559|
699584|
699585|
699586|
699587|
699588|
699589|
699590|
699591|
699616|
699617|
699618|
699619|
699620|
699621|
699622|
699623|
699648|
699649|
699650|
699651|
699652|
699653|
699654|
699655|
699680|
699681|
699682|
699683|
699684|
699685|
699686|
699687|
699712|
699713|
699714|
699715|
699716|
699717|
699718|
699719|
699744|
699745|
699746|
699747|
699748|
699749|
699750|
699751|
699776|
699777|
699778|
699779|
699780|
699781|
699782|
699783|
699808|
699809|
699810|
699811|
699812|
699813|
699814|
699815|
699840|
699841|
699842|
699843|
699844|
699845|
699846|
699847|
699872|
699873|
699874|
699875|
699876|
699877|
699878|
699879|
699904|
699905|
699906|
699907|
699908|
699909|
699910|
699911|
699936|
699937|
699938|
699939|
699940|
699941|
699942|
699943|
699968|
699969|
699970|
699971|
699972|
699973|
699974|
699975|
700000|
700001|
700002|
700003|
700004|
700005|
700006|
700007|
700032|
700033|
700034|
700035|
700036|
700037|
700038|
700039|
700064|
700065|
700066|
700067|
700068|
700069|
700070|
700071|
700096|
700097|
700098|
700099|
700100|
700101|
700102|
700103|
700128|
700129|
700130|
700131|
700132|
700133|
700134|
700135|
700160|
700161|
700162|
700163|
700164|
700165|
700166|
700167|
700192|
700193|
700194|
700195|
700196|
700197|
700198|
700199|
700224|
700225|
700226|
700227|
700228|
700229|
700230|
700231|
700256|
700257|
700258|
700259|
700260|
700261|
700262|
700263|
700288|
700289|
700290|
700291|
700292|
700293|
700294|
700295|
700320|
700321|
700322|
700323|
700324|
700325|
700326|
700327|
700352|
700353|
700354|
700355|
700356|
700357|
700358|
700359|
700384|
700385|
700386|
700387|
700388|
700389|
700390|
700391|
700416|
700417|
700418|
700419|
700420|
700421|
700422|
700423|
700448|
700449|
700450|
700451|
700452|
700453|
700454|
700455|
700480|
700481|
700482|
700483|
700484|
700485|
700486|
700487|
700512|
700513|
700514|
700515|
700516|
700517|
700518|
700519|
700544|
700545|
700546|
700547|
700548|
700549|
700550|
700551|
700576|
700577|
700578|
700579|
700580|
700581|
700582|
700583|
700608|
700609|
700610|
700611|
700612|
700613|
700614|
700615|
700640|
700641|
700642|
700643|
700644|
700645|
700646|
700647|
700672|
700673|
700674|
700675|
700676|
700677|
700678|
700679|
700704|
700705|
700706|
700707|
700708|
700709|
700710|
700711|
700736|
700737|
700738|
700739|
700740|
700741|
700742|
700743|
700768|
700769|
700770|
700771|
700772|
700773|
700774|
700775|
700800|
700801|
700802|
700803|
700804|
700805|
700806|
700807|
700832|
700833|
700834|
700835|
700836|
700837|
700838|
700839|
700864|
700865|
700866|
700867|
700868|
700869|
700870|
700871|
700896|
700897|
700898|
700899|
700900|
700901|
700902|
700903|
700928|
700929|
700930|
700931|
700932|
700933|
700934|
700935|
700960|
700961|
700962|
700963|
700964|
700965|
700966|
700967|
700992|
700993|
700994|
700995|
700996|
700997|
700998|
700999|
701024|
701025|
701026|
701027|
701028|
701029|
701030|
701031|
701056|
701057|
701058|
701059|
701060|
701061|
701062|
701063|
701088|
701089|
701090|
701091|
701092|
701093|
701094|
701095|
701120|
701121|
701122|
701123|
701124|
701125|
701126|
701127|
701152|
701153|
701154|
701155|
701156|
701157|
701158|
701159|
701184|
701185|
701186|
701187|
701188|
701189|
701190|
701191|
701216|
701217|
701218|
701219|
701220|
701221|
701222|
701223|
701248|
701249|
701250|
701251|
701252|
701253|
701254|
701255|
701280|
701281|
701282|
701283|
701284|
701285|
701286|
701287|
701312|
701313|
701314|
701315|
701316|
701317|
701318|
701319|
701344|
701345|
701346|
701347|
701348|
701349|
701350|
701351|
701376|
701377|
701378|
701379|
701380|
701381|
701382|
701383|
701408|
701409|
701410|
701411|
701412|
701413|
701414|
701415|
701440|
701441|
701442|
701443|
701444|
701445|
701446|
701447|
701472|
701473|
701474|
701475|
701476|
701477|
701478|
701479|
701504|
701505|
701506|
701507|
701508|
701509|
701510|
701511|
701536|
701537|
701538|
701539|
701540|
701541|
701542|
701543|
701568|
701569|
701570|
701571|
701572|
701573|
701574|
701575|
701600|
701601|
701602|
701603|
701604|
701605|
701606|
701607|
701632|
701633|
701634|
701635|
701636|
701637|
701638|
701639|
701664|
701665|
701666|
701667|
701668|
701669|
701670|
701671|
701696|
701697|
701698|
701699|
701700|
701701|
701702|
701703|
701728|
701729|
701730|
701731|
701732|
701733|
701734|
701735|
701760|
701761|
701762|
701763|
701764|
701765|
701766|
701767|
701792|
701793|
701794|
701795|
701796|
701797|
701798|
701799|
701824|
701825|
701826|
701827|
701828|
701829|
701830|
701831|
701856|
701857|
701858|
701859|
701860|
701861|
701862|
701863|
701888|
701889|
701890|
701891|
701892|
701893|
701894|
701895|
701920|
701921|
701922|
701923|
701924|
701925|
701926|
701927|
701952|
701953|
701954|
701955|
701956|
701957|
701958|
701959|
701984|
701985|
701986|
701987|
701988|
