2057989|
2057990|
2057991|
2058016|
2058017|
2058018|
2058019|
2058020|
2058021|
2058022|
2058023|
2058048|
2058049|
2058050|
2058051|
2058052|
2058053|
2058054|
2058055|
2058080|
2058081|
2058082|
2058083|
2058084|
2058085|
2058086|
2058087|
2058112|
2058113|
2058114|
2058115|
2058116|
2058117|
2058118|
2058119|
2058144|
2058145|
2058146|
2058147|
2058148|
2058149|
2058150|
2058151|
2058176|
2058177|
2058178|
2058179|
2058180|
2058181|
2058182|
2058183|
2058208|
2058209|
2058210|
2058211|
2058212|
2058213|
2058214|
2058215|
2058240|
2058241|
2058242|
2058243|
2058244|
2058245|
2058246|
2058247|
2058272|
2058273|
2058274|
2058275|
2058276|
2058277|
2058278|
2058279|
2058304|
2058305|
2058306|
2058307|
2058308|
2058309|
2058310|
2058311|
2058336|
2058337|
2058338|
2058339|
2058340|
2058341|
2058342|
2058343|
2058368|
2058369|
2058370|
2058371|
2058372|
2058373|
2058374|
2058375|
2058400|
2058401|
2058402|
2058403|
2058404|
2058405|
2058406|
2058407|
2058432|
2058433|
2058434|
2058435|
2058436|
2058437|
2058438|
2058439|
2058464|
2058465|
2058466|
2058467|
2058468|
2058469|
2058470|
2058471|
2058496|
2058497|
2058498|
2058499|
2058500|
2058501|
2058502|
2058503|
2058528|
2058529|
2058530|
2058531|
2058532|
2058533|
2058534|
2058535|
2058560|
2058561|
2058562|
2058563|
2058564|
2058565|
2058566|
2058567|
2058592|
2058593|
2058594|
2058595|
2058596|
2058597|
2058598|
2058599|
2058624|
2058625|
2058626|
2058627|
2058628|
2058629|
2058630|
2058631|
2058656|
2058657|
2058658|
2058659|
2058660|
2058661|
2058662|
2058663|
2058688|
2058689|
2058690|
2058691|
2058692|
2058693|
2058694|
2058695|
2058720|
2058721|
2058722|
2058723|
2058724|
2058725|
2058726|
2058727|
2058752|
2058753|
2058754|
2058755|
2058756|
2058757|
2058758|
2058759|
2058784|
2058785|
2058786|
2058787|
2058788|
2058789|
2058790|
2058791|
2058816|
2058817|
2058818|
2058819|
2058820|
2058821|
2058822|
2058823|
2058848|
2058849|
2058850|
2058851|
2058852|
2058853|
2058854|
2058855|
2058880|
2058881|
2058882|
2058883|
2058884|
2058885|
2058886|
2058887|
2058912|
2058913|
2058914|
2058915|
2058916|
2058917|
2058918|
2058919|
2058944|
2058945|
2058946|
2058947|
2058948|
2058949|
2058950|
2058951|
2058976|
2058977|
2058978|
2058979|
2058980|
2058981|
2058982|
2058983|
2059008|
2059009|
2059010|
2059011|
2059012|
2059013|
2059014|
2059015|
2059040|
2059041|
2059042|
2059043|
2059044|
2059045|
2059046|
2059047|
2059072|
2059073|
2059074|
2059075|
2059076|
2059077|
2059078|
2059079|
2059104|
2059105|
2059106|
2059107|
2059108|
2059109|
2059110|
2059111|
2059136|
2059137|
2059138|
2059139|
2059140|
2059141|
2059142|
2059143|
2059168|
2059169|
2059170|
2059171|
2059172|
2059173|
2059174|
2059175|
2059200|
2059201|
2059202|
2059203|
2059204|
2059205|
2059206|
2059207|
2059232|
2059233|
2059234|
2059235|
2059236|
2059237|
2059238|
2059239|
2059264|
2059265|
2059266|
2059267|
2059268|
2059269|
2059270|
2059271|
2059296|
2059297|
2059298|
2059299|
2059300|
2059301|
2059302|
2059303|
2059328|
2059329|
2059330|
2059331|
2059332|
2059333|
2059334|
2059335|
2059360|
2059361|
2059362|
2059363|
2059364|
2059365|
2059366|
2059367|
2059392|
2059393|
2059394|
2059395|
2059396|
2059397|
2059398|
2059399|
2059424|
2059425|
2059426|
2059427|
2059428|
2059429|
2059430|
2059431|
2059456|
2059457|
2059458|
2059459|
2059460|
2059461|
2059462|
2059463|
2059488|
2059489|
2059490|
2059491|
2059492|
2059493|
2059494|
2059495|
2059520|
2059521|
2059522|
2059523|
2059524|
2059525|
2059526|
2059527|
2059552|
2059553|
2059554|
2059555|
2059556|
2059557|
2059558|
2059559|
2059584|
2059585|
2059586|
2059587|
2059588|
2059589|
2059590|
2059591|
2059616|
2059617|
2059618|
2059619|
2059620|
2059621|
2059622|
2059623|
2059648|
2059649|
2059650|
2059651|
2059652|
2059653|
2059654|
2059655|
2059680|
2059681|
2059682|
2059683|
2059684|
2059685|
2059686|
2059687|
2059712|
2059713|
2059714|
2059715|
2059716|
2059717|
2059718|
2059719|
2059744|
2059745|
2059746|
2059747|
2059748|
2059749|
2059750|
2059751|
2059776|
2059777|
2059778|
2059779|
2059780|
2059781|
2059782|
2059783|
2059808|
2059809|
2059810|
2059811|
2059812|
2059813|
2059814|
2059815|
2059840|
2059841|
2059842|
2059843|
2059844|
2059845|
2059846|
2059847|
2059872|
2059873|
2059874|
2059875|
2059876|
2059877|
2059878|
2059879|
2059904|
2059905|
2059906|
2059907|
2059908|
2059909|
2059910|
2059911|
2059936|
2059937|
2059938|
2059939|
2059940|
2059941|
2059942|
2059943|
2059968|
2059969|
2059970|
2059971|
2059972|
2059973|
2059974|
2059975|
2060000|
2060001|
2060002|
2060003|
2060004|
2060005|
2060006|
2060007|
2060032|
2060033|
2060034|
2060035|
2060036|
2060037|
2060038|
2060039|
2060064|
2060065|
2060066|
2060067|
2060068|
2060069|
2060070|
2060071|
2060096|
2060097|
2060098|
2060099|
2060100|
2060101|
2060102|
2060103|
2060128|
2060129|
2060130|
2060131|
2060132|
2060133|
2060134|
2060135|
2060160|
2060161|
2060162|
2060163|
2060164|
2060165|
2060166|
2060167|
2060192|
2060193|
2060194|
2060195|
2060196|
2060197|
2060198|
2060199|
2060224|
2060225|
2060226|
2060227|
2060228|
2060229|
2060230|
2060231|
2060256|
2060257|
2060258|
2060259|
2060260|
2060261|
2060262|
2060263|
2060288|
2060289|
2060290|
2060291|
2060292|
2060293|
2060294|
2060295|
2060320|
2060321|
2060322|
2060323|
2060324|
2060325|
2060326|
2060327|
2060352|
2060353|
2060354|
2060355|
2060356|
2060357|
2060358|
2060359|
2060384|
2060385|
2060386|
2060387|
2060388|
2060389|
2060390|
2060391|
2060416|
2060417|
2060418|
2060419|
2060420|
2060421|
2060422|
2060423|
2060448|
2060449|
2060450|
2060451|
2060452|
2060453|
2060454|
2060455|
2060480|
2060481|
2060482|
2060483|
2060484|
2060485|
2060486|
2060487|
2060512|
2060513|
2060514|
2060515|
2060516|
2060517|
2060518|
2060519|
2060544|
2060545|
2060546|
2060547|
2060548|
2060549|
2060550|
2060551|
2060576|
2060577|
2060578|
2060579|
2060580|
2060581|
2060582|
2060583|
2060608|
2060609|
2060610|
2060611|
2060612|
2060613|
2060614|
2060615|
2060640|
2060641|
2060642|
2060643|
2060644|
2060645|
2060646|
2060647|
2060672|
2060673|
2060674|
2060675|
2060676|
2060677|
2060678|
2060679|
2060704|
2060705|
2060706|
2060707|
2060708|
2060709|
2060710|
2060711|
2060736|
2060737|
2060738|
2060739|
2060740|
2060741|
2060742|
2060743|
2060768|
2060769|
2060770|
2060771|
2060772|
2060773|
2060774|
2060775|
2060800|
2060801|
2060802|
2060803|
2060804|
2060805|
2060806|
2060807|
2060832|
2060833|
2060834|
2060835|
2060836|
2060837|
2060838|
2060839|
2060864|
2060865|
2060866|
2060867|
2060868|
2060869|
2060870|
2060871|
2060896|
2060897|
2060898|
2060899|
2060900|
2060901|
2060902|
2060903|
2060928|
2060929|
2060930|
2060931|
2060932|
2060933|
2060934|
2060935|
2060960|
2060961|
2060962|
2060963|
2060964|
2060965|
2060966|
2060967|
2060992|
2060993|
2060994|
2060995|
2060996|
2060997|
2060998|
2060999|
2061024|
2061025|
2061026|
2061027|
2061028|
2061029|
2061030|
2061031|
2061056|
2061057|
2061058|
2061059|
2061060|
2061061|
2061062|
2061063|
2061088|
2061089|
2061090|
2061091|
2061092|
2061093|
2061094|
2061095|
2061120|
2061121|
2061122|
2061123|
2061124|
2061125|
2061126|
2061127|
2061152|
2061153|
2061154|
2061155|
2061156|
2061157|
2061158|
2061159|
2061184|
2061185|
2061186|
2061187|
2061188|
2061189|
2061190|
2061191|
2061216|
2061217|
2061218|
2061219|
2061220|
2061221|
2061222|
2061223|
2061248|
2061249|
2061250|
2061251|
2061252|
2061253|
2061254|
2061255|
2061280|
2061281|
2061282|
2061283|
2061284|
2061285|
2061286|
2061287|
2061312|
2061313|
2061314|
2061315|
2061316|
2061317|
2061318|
2061319|
2061344|
2061345|
2061346|
2061347|
2061348|
2061349|
2061350|
2061351|
2061376|
2061377|
2061378|
2061379|
2061380|
2061381|
2061382|
2061383|
2061408|
2061409|
2061410|
2061411|
2061412|
2061413|
2061414|
2061415|
2061440|
2061441|
2061442|
2061443|
2061444|
2061445|
2061446|
2061447|
2061472|
2061473|
2061474|
2061475|
2061476|
2061477|
2061478|
2061479|
2061504|
2061505|
2061506|
2061507|
2061508|
2061509|
2061510|
2061511|
2061536|
2061537|
2061538|
2061539|
2061540|
2061541|
2061542|
2061543|
2061568|
2061569|
2061570|
2061571|
2061572|
2061573|
2061574|
2061575|
2061600|
2061601|
2061602|
2061603|
2061604|
2061605|
2061606|
2061607|
2061632|
2061633|
2061634|
2061635|
2061636|
2061637|
2061638|
2061639|
2061664|
2061665|
2061666|
2061667|
2061668|
2061669|
2061670|
2061671|
2061696|
2061697|
2061698|
2061699|
2061700|
2061701|
2061702|
2061703|
2061728|
2061729|
2061730|
2061731|
2061732|
2061733|
2061734|
2061735|
2061760|
2061761|
2061762|
2061763|
2061764|
2061765|
2061766|
2061767|
2061792|
2061793|
2061794|
2061795|
2061796|
2061797|
2061798|
2061799|
2061824|
2061825|
2061826|
2061827|
2061828|
2061829|
2061830|
2061831|
2061856|
2061857|
2061858|
2061859|
2061860|
2061861|
2061862|
2061863|
2061888|
2061889|
2061890|
2061891|
2061892|
2061893|
2061894|
2061895|
2061920|
2061921|
2061922|
2061923|
2061924|
2061925|
2061926|
2061927|
2061952|
2061953|
2061954|
2061955|
2061956|
2061957|
2061958|
2061959|
2061984|
2061985|
2061986|
2061987|
2061988|
2061989|
2061990|
2061991|
2062016|
2062017|
2062018|
2062019|
2062020|
2062021|
2062022|
2062023|
2062048|
2062049|
2062050|
2062051|
2062052|
2062053|
2062054|
2062055|
2062080|
2062081|
2062082|
2062083|
2062084|
2062085|
2062086|
2062087|
2062112|
2062113|
2062114|
2062115|
2062116|
2062117|
2062118|
2062119|
2062144|
2062145|
2062146|
2062147|
2062148|
2062149|
2062150|
2062151|
2062176|
2062177|
2062178|
2062179|
2062180|
2062181|
2062182|
2062183|
2062208|
2062209|
2062210|
2062211|
2062212|
2062213|
2062214|
2062215|
2062240|
2062241|
2062242|
2062243|
2062244|
2062245|
2062246|
2062247|
2062272|
2062273|
2062274|
2062275|
2062276|
2062277|
2062278|
2062279|
2062304|
2062305|
2062306|
2062307|
2062308|
2062309|
2062310|
2062311|
2062336|
2062337|
2062338|
2062339|
2062340|
2062341|
2062342|
2062343|
2062368|
2062369|
2062370|
2062371|
2062372|
2062373|
2062374|
2062375|
2062400|
2062401|
2062402|
2062403|
2062404|
2062405|
2062406|
2062407|
2062432|
2062433|
2062434|
2062435|
2062436|
2062437|
2062438|
2062439|
2062464|
2062465|
2062466|
2062467|
2062468|
2062469|
2062470|
2062471|
2062496|
2062497|
2062498|
2062499|
2062500|
2062501|
2062502|
2062503|
2062528|
2062529|
2062530|
2062531|
2062532|
2062533|
2062534|
2062535|
2062560|
2062561|
2062562|
2062563|
2062564|
2062565|
2062566|
2062567|
2062592|
2062593|
2062594|
2062595|
2062596|
2062597|
2062598|
2062599|
2062624|
2062625|
2062626|
2062627|
2062628|
2062629|
2062630|
2062631|
2062656|
2062657|
2062658|
2062659|
2062660|
2062661|
2062662|
2062663|
2062688|
2062689|
2062690|
2062691|
2062692|
2062693|
2062694|
2062695|
2062720|
2062721|
2062722|
2062723|
2062724|
2062725|
2062726|
2062727|
2062752|
2062753|
2062754|
2062755|
2062756|
2062757|
2062758|
2062759|
2062784|
2062785|
2062786|
2062787|
2062788|
2062789|
2062790|
2062791|
2062816|
2062817|
2062818|
2062819|
2062820|
2062821|
2062822|
2062823|
2062848|
2062849|
2062850|
2062851|
2062852|
2062853|
2062854|
2062855|
2062880|
2062881|
2062882|
2062883|
2062884|
2062885|
2062886|
2062887|
2062912|
2062913|
2062914|
2062915|
2062916|
2062917|
2062918|
2062919|
2062944|
2062945|
2062946|
2062947|
2062948|
2062949|
2062950|
2062951|
2062976|
2062977|
2062978|
2062979|
2062980|
2062981|
2062982|
2062983|
2063008|
2063009|
2063010|
2063011|
2063012|
2063013|
2063014|
2063015|
2063040|
2063041|
2063042|
2063043|
2063044|
2063045|
2063046|
2063047|
2063072|
2063073|
2063074|
2063075|
2063076|
2063077|
2063078|
2063079|
2063104|
2063105|
2063106|
2063107|
2063108|
2063109|
2063110|
2063111|
2063136|
2063137|
2063138|
2063139|
2063140|
2063141|
2063142|
2063143|
2063168|
2063169|
2063170|
2063171|
2063172|
2063173|
2063174|
2063175|
2063200|
2063201|
2063202|
2063203|
2063204|
2063205|
2063206|
2063207|
2063232|
2063233|
2063234|
2063235|
2063236|
2063237|
2063238|
2063239|
2063264|
2063265|
2063266|
2063267|
2063268|
2063269|
2063270|
2063271|
2063296|
2063297|
2063298|
2063299|
2063300|
2063301|
2063302|
2063303|
2063328|
2063329|
2063330|
2063331|
2063332|
2063333|
2063334|
2063335|
2063360|
2063361|
2063362|
2063363|
2063364|
2063365|
2063366|
2063367|
2063392|
2063393|
2063394|
2063395|
2063396|
2063397|
2063398|
2063399|
2063424|
2063425|
2063426|
2063427|
2063428|
2063429|
2063430|
2063431|
2063456|
2063457|
2063458|
2063459|
2063460|
2063461|
2063462|
2063463|
2063488|
2063489|
2063490|
2063491|
2063492|
2063493|
2063494|
2063495|
2063520|
2063521|
2063522|
2063523|
2063524|
2063525|
2063526|
2063527|
2063552|
2063553|
2063554|
2063555|
2063556|
2063557|
2063558|
2063559|
2063584|
2063585|
2063586|
2063587|
2063588|
2063589|
2063590|
2063591|
2063616|
2063617|
2063618|
2063619|
2063620|
2063621|
2063622|
2063623|
2063648|
2063649|
2063650|
2063651|
2063652|
2063653|
2063654|
2063655|
2063680|
2063681|
2063682|
2063683|
2063684|
2063685|
2063686|
2063687|
2063712|
2063713|
2063714|
2063715|
2063716|
2063717|
2063718|
2063719|
2063744|
2063745|
2063746|
2063747|
2063748|
2063749|
2063750|
2063751|
2063776|
2063777|
2063778|
2063779|
2063780|
2063781|
2063782|
2063783|
2063808|
2063809|
2063810|
2063811|
2063812|
2063813|
2063814|
2063815|
2063840|
2063841|
2063842|
2063843|
2063844|
2063845|
2063846|
2063847|
2063872|
2063873|
2063874|
2063875|
2063876|
2063877|
2063878|
2063879|
2063904|
2063905|
2063906|
2063907|
2063908|
2063909|
2063910|
2063911|
2063936|
2063937|
2063938|
2063939|
2063940|
2063941|
2063942|
2063943|
2063968|
2063969|
2063970|
2063971|
2063972|
2063973|
2063974|
2063975|
2064000|
