912001|
912002|
912003|
912004|
912005|
912006|
912007|
912032|
912033|
912034|
912035|
912036|
912037|
912038|
912039|
912064|
912065|
912066|
912067|
912068|
912069|
912070|
912071|
912096|
912097|
912098|
912099|
912100|
912101|
912102|
912103|
912128|
912129|
912130|
912131|
912132|
912133|
912134|
912135|
912160|
912161|
912162|
912163|
912164|
912165|
912166|
912167|
912192|
912193|
912194|
912195|
912196|
912197|
912198|
912199|
912224|
912225|
912226|
912227|
912228|
912229|
912230|
912231|
912256|
912257|
912258|
912259|
912260|
912261|
912262|
912263|
912288|
912289|
912290|
912291|
912292|
912293|
912294|
912295|
912320|
912321|
912322|
912323|
912324|
912325|
912326|
912327|
912352|
912353|
912354|
912355|
912356|
912357|
912358|
912359|
912384|
912385|
912386|
912387|
912388|
912389|
912390|
912391|
912416|
912417|
912418|
912419|
912420|
912421|
912422|
912423|
912448|
912449|
912450|
912451|
912452|
912453|
912454|
912455|
912480|
912481|
912482|
912483|
912484|
912485|
912486|
912487|
912512|
912513|
912514|
912515|
912516|
912517|
912518|
912519|
912544|
912545|
912546|
912547|
912548|
912549|
912550|
912551|
912576|
912577|
912578|
912579|
912580|
912581|
912582|
912583|
912608|
912609|
912610|
912611|
912612|
912613|
912614|
912615|
912640|
912641|
912642|
912643|
912644|
912645|
912646|
912647|
912672|
912673|
912674|
912675|
912676|
912677|
912678|
912679|
912704|
912705|
912706|
912707|
912708|
912709|
912710|
912711|
912736|
912737|
912738|
912739|
912740|
912741|
912742|
912743|
912768|
912769|
912770|
912771|
912772|
912773|
912774|
912775|
912800|
912801|
912802|
912803|
912804|
912805|
912806|
912807|
912832|
912833|
912834|
912835|
912836|
912837|
912838|
912839|
912864|
912865|
912866|
912867|
912868|
912869|
912870|
912871|
912896|
912897|
912898|
912899|
912900|
912901|
912902|
912903|
912928|
912929|
912930|
912931|
912932|
912933|
912934|
912935|
912960|
912961|
912962|
912963|
912964|
912965|
912966|
912967|
912992|
912993|
912994|
912995|
912996|
912997|
912998|
912999|
913024|
913025|
913026|
913027|
913028|
913029|
913030|
913031|
913056|
913057|
913058|
913059|
913060|
913061|
913062|
913063|
913088|
913089|
913090|
913091|
913092|
913093|
913094|
913095|
913120|
913121|
913122|
913123|
913124|
913125|
913126|
913127|
913152|
913153|
913154|
913155|
913156|
913157|
913158|
913159|
913184|
913185|
913186|
913187|
913188|
913189|
913190|
913191|
913216|
913217|
913218|
913219|
913220|
913221|
913222|
913223|
913248|
913249|
913250|
913251|
913252|
913253|
913254|
913255|
913280|
913281|
913282|
913283|
913284|
913285|
913286|
913287|
913312|
913313|
913314|
913315|
913316|
913317|
913318|
913319|
913344|
913345|
913346|
913347|
913348|
913349|
913350|
913351|
913376|
913377|
913378|
913379|
913380|
913381|
913382|
913383|
913408|
913409|
913410|
913411|
913412|
913413|
913414|
913415|
913440|
913441|
913442|
913443|
913444|
913445|
913446|
913447|
913472|
913473|
913474|
913475|
913476|
913477|
913478|
913479|
913504|
913505|
913506|
913507|
913508|
913509|
913510|
913511|
913536|
913537|
913538|
913539|
913540|
913541|
913542|
913543|
913568|
913569|
913570|
913571|
913572|
913573|
913574|
913575|
913600|
913601|
913602|
913603|
913604|
913605|
913606|
913607|
913632|
913633|
913634|
913635|
913636|
913637|
913638|
913639|
913664|
913665|
913666|
913667|
913668|
913669|
913670|
913671|
913696|
913697|
913698|
913699|
913700|
913701|
913702|
913703|
913728|
913729|
913730|
913731|
913732|
913733|
913734|
913735|
913760|
913761|
913762|
913763|
913764|
913765|
913766|
913767|
913792|
913793|
913794|
913795|
913796|
913797|
913798|
913799|
913824|
913825|
913826|
913827|
913828|
913829|
913830|
913831|
913856|
913857|
913858|
913859|
913860|
913861|
913862|
913863|
913888|
913889|
913890|
913891|
913892|
913893|
913894|
913895|
913920|
913921|
913922|
913923|
913924|
913925|
913926|
913927|
913952|
913953|
913954|
913955|
913956|
913957|
913958|
913959|
913984|
913985|
913986|
913987|
913988|
913989|
913990|
913991|
914016|
914017|
914018|
914019|
914020|
914021|
914022|
914023|
914048|
914049|
914050|
914051|
914052|
914053|
914054|
914055|
914080|
914081|
914082|
914083|
914084|
914085|
914086|
914087|
914112|
914113|
914114|
914115|
914116|
914117|
914118|
914119|
914144|
914145|
914146|
914147|
914148|
914149|
914150|
914151|
914176|
914177|
914178|
914179|
914180|
914181|
914182|
914183|
914208|
914209|
914210|
914211|
914212|
914213|
914214|
914215|
914240|
914241|
914242|
914243|
914244|
914245|
914246|
914247|
914272|
914273|
914274|
914275|
914276|
914277|
914278|
914279|
914304|
914305|
914306|
914307|
914308|
914309|
914310|
914311|
914336|
914337|
914338|
914339|
914340|
914341|
914342|
914343|
914368|
914369|
914370|
914371|
914372|
914373|
914374|
914375|
914400|
914401|
914402|
914403|
914404|
914405|
914406|
914407|
914432|
914433|
914434|
914435|
914436|
914437|
914438|
914439|
914464|
914465|
914466|
914467|
914468|
914469|
914470|
914471|
914496|
914497|
914498|
914499|
914500|
914501|
914502|
914503|
914528|
914529|
914530|
914531|
914532|
914533|
914534|
914535|
914560|
914561|
914562|
914563|
914564|
914565|
914566|
914567|
914592|
914593|
914594|
914595|
914596|
914597|
914598|
914599|
914624|
914625|
914626|
914627|
914628|
914629|
914630|
914631|
914656|
914657|
914658|
914659|
914660|
914661|
914662|
914663|
914688|
914689|
914690|
914691|
914692|
914693|
914694|
914695|
914720|
914721|
914722|
914723|
914724|
914725|
914726|
914727|
914752|
914753|
914754|
914755|
914756|
914757|
914758|
914759|
914784|
914785|
914786|
914787|
914788|
914789|
914790|
914791|
914816|
914817|
914818|
914819|
914820|
914821|
914822|
914823|
914848|
914849|
914850|
914851|
914852|
914853|
914854|
914855|
914880|
914881|
914882|
914883|
914884|
914885|
914886|
914887|
914912|
914913|
914914|
914915|
914916|
914917|
914918|
914919|
914944|
914945|
914946|
914947|
914948|
914949|
914950|
914951|
914976|
914977|
914978|
914979|
914980|
914981|
914982|
914983|
915008|
915009|
915010|
915011|
915012|
915013|
915014|
915015|
915040|
915041|
915042|
915043|
915044|
915045|
915046|
915047|
915072|
915073|
915074|
915075|
915076|
915077|
915078|
915079|
915104|
915105|
915106|
915107|
915108|
915109|
915110|
915111|
915136|
915137|
915138|
915139|
915140|
915141|
915142|
915143|
915168|
915169|
915170|
915171|
915172|
915173|
915174|
915175|
915200|
915201|
915202|
915203|
915204|
915205|
915206|
915207|
915232|
915233|
915234|
915235|
915236|
915237|
915238|
915239|
915264|
915265|
915266|
915267|
915268|
915269|
915270|
915271|
915296|
915297|
915298|
915299|
915300|
915301|
915302|
915303|
915328|
915329|
915330|
915331|
915332|
915333|
915334|
915335|
915360|
915361|
915362|
915363|
915364|
915365|
915366|
915367|
915392|
915393|
915394|
915395|
915396|
915397|
915398|
915399|
915424|
915425|
915426|
915427|
915428|
915429|
915430|
915431|
915456|
915457|
915458|
915459|
915460|
915461|
915462|
915463|
915488|
915489|
915490|
915491|
915492|
915493|
915494|
915495|
915520|
915521|
915522|
915523|
915524|
915525|
915526|
915527|
915552|
915553|
915554|
915555|
915556|
915557|
915558|
915559|
915584|
915585|
915586|
915587|
915588|
915589|
915590|
915591|
915616|
915617|
915618|
915619|
915620|
915621|
915622|
915623|
915648|
915649|
915650|
915651|
915652|
915653|
915654|
915655|
915680|
915681|
915682|
915683|
915684|
915685|
915686|
915687|
915712|
915713|
915714|
915715|
915716|
915717|
915718|
915719|
915744|
915745|
915746|
915747|
915748|
915749|
915750|
915751|
915776|
915777|
915778|
915779|
915780|
915781|
915782|
915783|
915808|
915809|
915810|
915811|
915812|
915813|
915814|
915815|
915840|
915841|
915842|
915843|
915844|
915845|
915846|
915847|
915872|
915873|
915874|
915875|
915876|
915877|
915878|
915879|
915904|
915905|
915906|
915907|
915908|
915909|
915910|
915911|
915936|
915937|
915938|
915939|
915940|
915941|
915942|
915943|
915968|
915969|
915970|
915971|
915972|
915973|
915974|
915975|
916000|
916001|
916002|
916003|
916004|
916005|
916006|
916007|
916032|
916033|
916034|
916035|
916036|
916037|
916038|
916039|
916064|
916065|
916066|
916067|
916068|
916069|
916070|
916071|
916096|
916097|
916098|
916099|
916100|
916101|
916102|
916103|
916128|
916129|
916130|
916131|
916132|
916133|
916134|
916135|
916160|
916161|
916162|
916163|
916164|
916165|
916166|
916167|
916192|
916193|
916194|
916195|
916196|
916197|
916198|
916199|
916224|
916225|
916226|
916227|
916228|
916229|
916230|
916231|
916256|
916257|
916258|
916259|
916260|
916261|
916262|
916263|
916288|
916289|
916290|
916291|
916292|
916293|
916294|
916295|
916320|
916321|
916322|
916323|
916324|
916325|
916326|
916327|
916352|
916353|
916354|
916355|
916356|
916357|
916358|
916359|
916384|
916385|
916386|
916387|
916388|
916389|
916390|
916391|
916416|
916417|
916418|
916419|
916420|
916421|
916422|
916423|
916448|
916449|
916450|
916451|
916452|
916453|
916454|
916455|
916480|
916481|
916482|
916483|
916484|
916485|
916486|
916487|
916512|
916513|
916514|
916515|
916516|
916517|
916518|
916519|
916544|
916545|
916546|
916547|
916548|
916549|
916550|
916551|
916576|
916577|
916578|
916579|
916580|
916581|
916582|
916583|
916608|
916609|
916610|
916611|
916612|
916613|
916614|
916615|
916640|
916641|
916642|
916643|
916644|
916645|
916646|
916647|
916672|
916673|
916674|
916675|
916676|
916677|
916678|
916679|
916704|
916705|
916706|
916707|
916708|
916709|
916710|
916711|
916736|
916737|
916738|
916739|
916740|
916741|
916742|
916743|
916768|
916769|
916770|
916771|
916772|
916773|
916774|
916775|
916800|
916801|
916802|
916803|
916804|
916805|
916806|
916807|
916832|
916833|
916834|
916835|
916836|
916837|
916838|
916839|
916864|
916865|
916866|
916867|
916868|
916869|
916870|
916871|
916896|
916897|
916898|
916899|
916900|
916901|
916902|
916903|
916928|
916929|
916930|
916931|
916932|
916933|
916934|
916935|
916960|
916961|
916962|
916963|
916964|
916965|
916966|
916967|
916992|
916993|
916994|
916995|
916996|
916997|
916998|
916999|
917024|
917025|
917026|
917027|
917028|
917029|
917030|
917031|
917056|
917057|
917058|
917059|
917060|
917061|
917062|
917063|
917088|
917089|
917090|
917091|
917092|
917093|
917094|
917095|
917120|
917121|
917122|
917123|
917124|
917125|
917126|
917127|
917152|
917153|
917154|
917155|
917156|
917157|
917158|
917159|
917184|
917185|
917186|
917187|
917188|
917189|
917190|
917191|
917216|
917217|
917218|
917219|
917220|
917221|
917222|
917223|
917248|
917249|
917250|
917251|
917252|
917253|
917254|
917255|
917280|
917281|
917282|
917283|
917284|
917285|
917286|
917287|
917312|
917313|
917314|
917315|
917316|
917317|
917318|
917319|
917344|
917345|
917346|
917347|
917348|
917349|
917350|
917351|
917376|
917377|
917378|
917379|
917380|
917381|
917382|
917383|
917408|
917409|
917410|
917411|
917412|
917413|
917414|
917415|
917440|
917441|
917442|
917443|
917444|
917445|
917446|
917447|
917472|
917473|
917474|
917475|
917476|
917477|
917478|
917479|
917504|
917505|
917506|
917507|
917508|
917509|
917510|
917511|
917536|
917537|
917538|
917539|
917540|
917541|
917542|
917543|
917568|
917569|
917570|
917571|
917572|
917573|
917574|
917575|
917600|
917601|
917602|
917603|
917604|
917605|
917606|
917607|
917632|
917633|
917634|
917635|
917636|
917637|
917638|
917639|
917664|
917665|
917666|
917667|
917668|
917669|
917670|
917671|
917696|
917697|
917698|
917699|
917700|
917701|
917702|
917703|
917728|
917729|
917730|
917731|
917732|
917733|
917734|
917735|
917760|
917761|
917762|
917763|
917764|
917765|
917766|
917767|
917792|
917793|
917794|
917795|
917796|
917797|
917798|
917799|
917824|
917825|
917826|
917827|
917828|
917829|
917830|
917831|
917856|
917857|
917858|
917859|
917860|
917861|
917862|
917863|
917888|
917889|
917890|
917891|
917892|
917893|
917894|
917895|
917920|
917921|
917922|
917923|
917924|
917925|
917926|
917927|
917952|
917953|
917954|
917955|
917956|
917957|
917958|
917959|
917984|
917985|
917986|
917987|
917988|
