828001|
828002|
828003|
828004|
828005|
828006|
828007|
828032|
828033|
828034|
828035|
828036|
828037|
828038|
828039|
828064|
828065|
828066|
828067|
828068|
828069|
828070|
828071|
828096|
828097|
828098|
828099|
828100|
828101|
828102|
828103|
828128|
828129|
828130|
828131|
828132|
828133|
828134|
828135|
828160|
828161|
828162|
828163|
828164|
828165|
828166|
828167|
828192|
828193|
828194|
828195|
828196|
828197|
828198|
828199|
828224|
828225|
828226|
828227|
828228|
828229|
828230|
828231|
828256|
828257|
828258|
828259|
828260|
828261|
828262|
828263|
828288|
828289|
828290|
828291|
828292|
828293|
828294|
828295|
828320|
828321|
828322|
828323|
828324|
828325|
828326|
828327|
828352|
828353|
828354|
828355|
828356|
828357|
828358|
828359|
828384|
828385|
828386|
828387|
828388|
828389|
828390|
828391|
828416|
828417|
828418|
828419|
828420|
828421|
828422|
828423|
828448|
828449|
828450|
828451|
828452|
828453|
828454|
828455|
828480|
828481|
828482|
828483|
828484|
828485|
828486|
828487|
828512|
828513|
828514|
828515|
828516|
828517|
828518|
828519|
828544|
828545|
828546|
828547|
828548|
828549|
828550|
828551|
828576|
828577|
828578|
828579|
828580|
828581|
828582|
828583|
828608|
828609|
828610|
828611|
828612|
828613|
828614|
828615|
828640|
828641|
828642|
828643|
828644|
828645|
828646|
828647|
828672|
828673|
828674|
828675|
828676|
828677|
828678|
828679|
828704|
828705|
828706|
828707|
828708|
828709|
828710|
828711|
828736|
828737|
828738|
828739|
828740|
828741|
828742|
828743|
828768|
828769|
828770|
828771|
828772|
828773|
828774|
828775|
828800|
828801|
828802|
828803|
828804|
828805|
828806|
828807|
828832|
828833|
828834|
828835|
828836|
828837|
828838|
828839|
828864|
828865|
828866|
828867|
828868|
828869|
828870|
828871|
828896|
828897|
828898|
828899|
828900|
828901|
828902|
828903|
828928|
828929|
828930|
828931|
828932|
828933|
828934|
828935|
828960|
828961|
828962|
828963|
828964|
828965|
828966|
828967|
828992|
828993|
828994|
828995|
828996|
828997|
828998|
828999|
829024|
829025|
829026|
829027|
829028|
829029|
829030|
829031|
829056|
829057|
829058|
829059|
829060|
829061|
829062|
829063|
829088|
829089|
829090|
829091|
829092|
829093|
829094|
829095|
829120|
829121|
829122|
829123|
829124|
829125|
829126|
829127|
829152|
829153|
829154|
829155|
829156|
829157|
829158|
829159|
829184|
829185|
829186|
829187|
829188|
829189|
829190|
829191|
829216|
829217|
829218|
829219|
829220|
829221|
829222|
829223|
829248|
829249|
829250|
829251|
829252|
829253|
829254|
829255|
829280|
829281|
829282|
829283|
829284|
829285|
829286|
829287|
829312|
829313|
829314|
829315|
829316|
829317|
829318|
829319|
829344|
829345|
829346|
829347|
829348|
829349|
829350|
829351|
829376|
829377|
829378|
829379|
829380|
829381|
829382|
829383|
829408|
829409|
829410|
829411|
829412|
829413|
829414|
829415|
829440|
829441|
829442|
829443|
829444|
829445|
829446|
829447|
829472|
829473|
829474|
829475|
829476|
829477|
829478|
829479|
829504|
829505|
829506|
829507|
829508|
829509|
829510|
829511|
829536|
829537|
829538|
829539|
829540|
829541|
829542|
829543|
829568|
829569|
829570|
829571|
829572|
829573|
829574|
829575|
829600|
829601|
829602|
829603|
829604|
829605|
829606|
829607|
829632|
829633|
829634|
829635|
829636|
829637|
829638|
829639|
829664|
829665|
829666|
829667|
829668|
829669|
829670|
829671|
829696|
829697|
829698|
829699|
829700|
829701|
829702|
829703|
829728|
829729|
829730|
829731|
829732|
829733|
829734|
829735|
829760|
829761|
829762|
829763|
829764|
829765|
829766|
829767|
829792|
829793|
829794|
829795|
829796|
829797|
829798|
829799|
829824|
829825|
829826|
829827|
829828|
829829|
829830|
829831|
829856|
829857|
829858|
829859|
829860|
829861|
829862|
829863|
829888|
829889|
829890|
829891|
829892|
829893|
829894|
829895|
829920|
829921|
829922|
829923|
829924|
829925|
829926|
829927|
829952|
829953|
829954|
829955|
829956|
829957|
829958|
829959|
829984|
829985|
829986|
829987|
829988|
829989|
829990|
829991|
830016|
830017|
830018|
830019|
830020|
830021|
830022|
830023|
830048|
830049|
830050|
830051|
830052|
830053|
830054|
830055|
830080|
830081|
830082|
830083|
830084|
830085|
830086|
830087|
830112|
830113|
830114|
830115|
830116|
830117|
830118|
830119|
830144|
830145|
830146|
830147|
830148|
830149|
830150|
830151|
830176|
830177|
830178|
830179|
830180|
830181|
830182|
830183|
830208|
830209|
830210|
830211|
830212|
830213|
830214|
830215|
830240|
830241|
830242|
830243|
830244|
830245|
830246|
830247|
830272|
830273|
830274|
830275|
830276|
830277|
830278|
830279|
830304|
830305|
830306|
830307|
830308|
830309|
830310|
830311|
830336|
830337|
830338|
830339|
830340|
830341|
830342|
830343|
830368|
830369|
830370|
830371|
830372|
830373|
830374|
830375|
830400|
830401|
830402|
830403|
830404|
830405|
830406|
830407|
830432|
830433|
830434|
830435|
830436|
830437|
830438|
830439|
830464|
830465|
830466|
830467|
830468|
830469|
830470|
830471|
830496|
830497|
830498|
830499|
830500|
830501|
830502|
830503|
830528|
830529|
830530|
830531|
830532|
830533|
830534|
830535|
830560|
830561|
830562|
830563|
830564|
830565|
830566|
830567|
830592|
830593|
830594|
830595|
830596|
830597|
830598|
830599|
830624|
830625|
830626|
830627|
830628|
830629|
830630|
830631|
830656|
830657|
830658|
830659|
830660|
830661|
830662|
830663|
830688|
830689|
830690|
830691|
830692|
830693|
830694|
830695|
830720|
830721|
830722|
830723|
830724|
830725|
830726|
830727|
830752|
830753|
830754|
830755|
830756|
830757|
830758|
830759|
830784|
830785|
830786|
830787|
830788|
830789|
830790|
830791|
830816|
830817|
830818|
830819|
830820|
830821|
830822|
830823|
830848|
830849|
830850|
830851|
830852|
830853|
830854|
830855|
830880|
830881|
830882|
830883|
830884|
830885|
830886|
830887|
830912|
830913|
830914|
830915|
830916|
830917|
830918|
830919|
830944|
830945|
830946|
830947|
830948|
830949|
830950|
830951|
830976|
830977|
830978|
830979|
830980|
830981|
830982|
830983|
831008|
831009|
831010|
831011|
831012|
831013|
831014|
831015|
831040|
831041|
831042|
831043|
831044|
831045|
831046|
831047|
831072|
831073|
831074|
831075|
831076|
831077|
831078|
831079|
831104|
831105|
831106|
831107|
831108|
831109|
831110|
831111|
831136|
831137|
831138|
831139|
831140|
831141|
831142|
831143|
831168|
831169|
831170|
831171|
831172|
831173|
831174|
831175|
831200|
831201|
831202|
831203|
831204|
831205|
831206|
831207|
831232|
831233|
831234|
831235|
831236|
831237|
831238|
831239|
831264|
831265|
831266|
831267|
831268|
831269|
831270|
831271|
831296|
831297|
831298|
831299|
831300|
831301|
831302|
831303|
831328|
831329|
831330|
831331|
831332|
831333|
831334|
831335|
831360|
831361|
831362|
831363|
831364|
831365|
831366|
831367|
831392|
831393|
831394|
831395|
831396|
831397|
831398|
831399|
831424|
831425|
831426|
831427|
831428|
831429|
831430|
831431|
831456|
831457|
831458|
831459|
831460|
831461|
831462|
831463|
831488|
831489|
831490|
831491|
831492|
831493|
831494|
831495|
831520|
831521|
831522|
831523|
831524|
831525|
831526|
831527|
831552|
831553|
831554|
831555|
831556|
831557|
831558|
831559|
831584|
831585|
831586|
831587|
831588|
831589|
831590|
831591|
831616|
831617|
831618|
831619|
831620|
831621|
831622|
831623|
831648|
831649|
831650|
831651|
831652|
831653|
831654|
831655|
831680|
831681|
831682|
831683|
831684|
831685|
831686|
831687|
831712|
831713|
831714|
831715|
831716|
831717|
831718|
831719|
831744|
831745|
831746|
831747|
831748|
831749|
831750|
831751|
831776|
831777|
831778|
831779|
831780|
831781|
831782|
831783|
831808|
831809|
831810|
831811|
831812|
831813|
831814|
831815|
831840|
831841|
831842|
831843|
831844|
831845|
831846|
831847|
831872|
831873|
831874|
831875|
831876|
831877|
831878|
831879|
831904|
831905|
831906|
831907|
831908|
831909|
831910|
831911|
831936|
831937|
831938|
831939|
831940|
831941|
831942|
831943|
831968|
831969|
831970|
831971|
831972|
831973|
831974|
831975|
832000|
832001|
832002|
832003|
832004|
832005|
832006|
832007|
832032|
832033|
832034|
832035|
832036|
832037|
832038|
832039|
832064|
832065|
832066|
832067|
832068|
832069|
832070|
832071|
832096|
832097|
832098|
832099|
832100|
832101|
832102|
832103|
832128|
832129|
832130|
832131|
832132|
832133|
832134|
832135|
832160|
832161|
832162|
832163|
832164|
832165|
832166|
832167|
832192|
832193|
832194|
832195|
832196|
832197|
832198|
832199|
832224|
832225|
832226|
832227|
832228|
832229|
832230|
832231|
832256|
832257|
832258|
832259|
832260|
832261|
832262|
832263|
832288|
832289|
832290|
832291|
832292|
832293|
832294|
832295|
832320|
832321|
832322|
832323|
832324|
832325|
832326|
832327|
832352|
832353|
832354|
832355|
832356|
832357|
832358|
832359|
832384|
832385|
832386|
832387|
832388|
832389|
832390|
832391|
832416|
832417|
832418|
832419|
832420|
832421|
832422|
832423|
832448|
832449|
832450|
832451|
832452|
832453|
832454|
832455|
832480|
832481|
832482|
832483|
832484|
832485|
832486|
832487|
832512|
832513|
832514|
832515|
832516|
832517|
832518|
832519|
832544|
832545|
832546|
832547|
832548|
832549|
832550|
832551|
832576|
832577|
832578|
832579|
832580|
832581|
832582|
832583|
832608|
832609|
832610|
832611|
832612|
832613|
832614|
832615|
832640|
832641|
832642|
832643|
832644|
832645|
832646|
832647|
832672|
832673|
832674|
832675|
832676|
832677|
832678|
832679|
832704|
832705|
832706|
832707|
832708|
832709|
832710|
832711|
832736|
832737|
832738|
832739|
832740|
832741|
832742|
832743|
832768|
832769|
832770|
832771|
832772|
832773|
832774|
832775|
832800|
832801|
832802|
832803|
832804|
832805|
832806|
832807|
832832|
832833|
832834|
832835|
832836|
832837|
832838|
832839|
832864|
832865|
832866|
832867|
832868|
832869|
832870|
832871|
832896|
832897|
832898|
832899|
832900|
832901|
832902|
832903|
832928|
832929|
832930|
832931|
832932|
832933|
832934|
832935|
832960|
832961|
832962|
832963|
832964|
832965|
832966|
832967|
832992|
832993|
832994|
832995|
832996|
832997|
832998|
832999|
833024|
833025|
833026|
833027|
833028|
833029|
833030|
833031|
833056|
833057|
833058|
833059|
833060|
833061|
833062|
833063|
833088|
833089|
833090|
833091|
833092|
833093|
833094|
833095|
833120|
833121|
833122|
833123|
833124|
833125|
833126|
833127|
833152|
833153|
833154|
833155|
833156|
833157|
833158|
833159|
833184|
833185|
833186|
833187|
833188|
833189|
833190|
833191|
833216|
833217|
833218|
833219|
833220|
833221|
833222|
833223|
833248|
833249|
833250|
833251|
833252|
833253|
833254|
833255|
833280|
833281|
833282|
833283|
833284|
833285|
833286|
833287|
833312|
833313|
833314|
833315|
833316|
833317|
833318|
833319|
833344|
833345|
833346|
833347|
833348|
833349|
833350|
833351|
833376|
833377|
833378|
833379|
833380|
833381|
833382|
833383|
833408|
833409|
833410|
833411|
833412|
833413|
833414|
833415|
833440|
833441|
833442|
833443|
833444|
833445|
833446|
833447|
833472|
833473|
833474|
833475|
833476|
833477|
833478|
833479|
833504|
833505|
833506|
833507|
833508|
833509|
833510|
833511|
833536|
833537|
833538|
833539|
833540|
833541|
833542|
833543|
833568|
833569|
833570|
833571|
833572|
833573|
833574|
833575|
833600|
833601|
833602|
833603|
833604|
833605|
833606|
833607|
833632|
833633|
833634|
833635|
833636|
833637|
833638|
833639|
833664|
833665|
833666|
833667|
833668|
833669|
833670|
833671|
833696|
833697|
833698|
833699|
833700|
833701|
833702|
833703|
833728|
833729|
833730|
833731|
833732|
833733|
833734|
833735|
833760|
833761|
833762|
833763|
833764|
833765|
833766|
833767|
833792|
833793|
833794|
833795|
833796|
833797|
833798|
833799|
833824|
833825|
833826|
833827|
833828|
833829|
833830|
833831|
833856|
833857|
833858|
833859|
833860|
833861|
833862|
833863|
833888|
833889|
833890|
833891|
833892|
833893|
833894|
833895|
833920|
833921|
833922|
833923|
833924|
833925|
833926|
833927|
833952|
833953|
833954|
833955|
833956|
833957|
833958|
833959|
833984|
833985|
833986|
833987|
833988|
