809989|
809990|
809991|
810016|
810017|
810018|
810019|
810020|
810021|
810022|
810023|
810048|
810049|
810050|
810051|
810052|
810053|
810054|
810055|
810080|
810081|
810082|
810083|
810084|
810085|
810086|
810087|
810112|
810113|
810114|
810115|
810116|
810117|
810118|
810119|
810144|
810145|
810146|
810147|
810148|
810149|
810150|
810151|
810176|
810177|
810178|
810179|
810180|
810181|
810182|
810183|
810208|
810209|
810210|
810211|
810212|
810213|
810214|
810215|
810240|
810241|
810242|
810243|
810244|
810245|
810246|
810247|
810272|
810273|
810274|
810275|
810276|
810277|
810278|
810279|
810304|
810305|
810306|
810307|
810308|
810309|
810310|
810311|
810336|
810337|
810338|
810339|
810340|
810341|
810342|
810343|
810368|
810369|
810370|
810371|
810372|
810373|
810374|
810375|
810400|
810401|
810402|
810403|
810404|
810405|
810406|
810407|
810432|
810433|
810434|
810435|
810436|
810437|
810438|
810439|
810464|
810465|
810466|
810467|
810468|
810469|
810470|
810471|
810496|
810497|
810498|
810499|
810500|
810501|
810502|
810503|
810528|
810529|
810530|
810531|
810532|
810533|
810534|
810535|
810560|
810561|
810562|
810563|
810564|
810565|
810566|
810567|
810592|
810593|
810594|
810595|
810596|
810597|
810598|
810599|
810624|
810625|
810626|
810627|
810628|
810629|
810630|
810631|
810656|
810657|
810658|
810659|
810660|
810661|
810662|
810663|
810688|
810689|
810690|
810691|
810692|
810693|
810694|
810695|
810720|
810721|
810722|
810723|
810724|
810725|
810726|
810727|
810752|
810753|
810754|
810755|
810756|
810757|
810758|
810759|
810784|
810785|
810786|
810787|
810788|
810789|
810790|
810791|
810816|
810817|
810818|
810819|
810820|
810821|
810822|
810823|
810848|
810849|
810850|
810851|
810852|
810853|
810854|
810855|
810880|
810881|
810882|
810883|
810884|
810885|
810886|
810887|
810912|
810913|
810914|
810915|
810916|
810917|
810918|
810919|
810944|
810945|
810946|
810947|
810948|
810949|
810950|
810951|
810976|
810977|
810978|
810979|
810980|
810981|
810982|
810983|
811008|
811009|
811010|
811011|
811012|
811013|
811014|
811015|
811040|
811041|
811042|
811043|
811044|
811045|
811046|
811047|
811072|
811073|
811074|
811075|
811076|
811077|
811078|
811079|
811104|
811105|
811106|
811107|
811108|
811109|
811110|
811111|
811136|
811137|
811138|
811139|
811140|
811141|
811142|
811143|
811168|
811169|
811170|
811171|
811172|
811173|
811174|
811175|
811200|
811201|
811202|
811203|
811204|
811205|
811206|
811207|
811232|
811233|
811234|
811235|
811236|
811237|
811238|
811239|
811264|
811265|
811266|
811267|
811268|
811269|
811270|
811271|
811296|
811297|
811298|
811299|
811300|
811301|
811302|
811303|
811328|
811329|
811330|
811331|
811332|
811333|
811334|
811335|
811360|
811361|
811362|
811363|
811364|
811365|
811366|
811367|
811392|
811393|
811394|
811395|
811396|
811397|
811398|
811399|
811424|
811425|
811426|
811427|
811428|
811429|
811430|
811431|
811456|
811457|
811458|
811459|
811460|
811461|
811462|
811463|
811488|
811489|
811490|
811491|
811492|
811493|
811494|
811495|
811520|
811521|
811522|
811523|
811524|
811525|
811526|
811527|
811552|
811553|
811554|
811555|
811556|
811557|
811558|
811559|
811584|
811585|
811586|
811587|
811588|
811589|
811590|
811591|
811616|
811617|
811618|
811619|
811620|
811621|
811622|
811623|
811648|
811649|
811650|
811651|
811652|
811653|
811654|
811655|
811680|
811681|
811682|
811683|
811684|
811685|
811686|
811687|
811712|
811713|
811714|
811715|
811716|
811717|
811718|
811719|
811744|
811745|
811746|
811747|
811748|
811749|
811750|
811751|
811776|
811777|
811778|
811779|
811780|
811781|
811782|
811783|
811808|
811809|
811810|
811811|
811812|
811813|
811814|
811815|
811840|
811841|
811842|
811843|
811844|
811845|
811846|
811847|
811872|
811873|
811874|
811875|
811876|
811877|
811878|
811879|
811904|
811905|
811906|
811907|
811908|
811909|
811910|
811911|
811936|
811937|
811938|
811939|
811940|
811941|
811942|
811943|
811968|
811969|
811970|
811971|
811972|
811973|
811974|
811975|
812000|
812001|
812002|
812003|
812004|
812005|
812006|
812007|
812032|
812033|
812034|
812035|
812036|
812037|
812038|
812039|
812064|
812065|
812066|
812067|
812068|
812069|
812070|
812071|
812096|
812097|
812098|
812099|
812100|
812101|
812102|
812103|
812128|
812129|
812130|
812131|
812132|
812133|
812134|
812135|
812160|
812161|
812162|
812163|
812164|
812165|
812166|
812167|
812192|
812193|
812194|
812195|
812196|
812197|
812198|
812199|
812224|
812225|
812226|
812227|
812228|
812229|
812230|
812231|
812256|
812257|
812258|
812259|
812260|
812261|
812262|
812263|
812288|
812289|
812290|
812291|
812292|
812293|
812294|
812295|
812320|
812321|
812322|
812323|
812324|
812325|
812326|
812327|
812352|
812353|
812354|
812355|
812356|
812357|
812358|
812359|
812384|
812385|
812386|
812387|
812388|
812389|
812390|
812391|
812416|
812417|
812418|
812419|
812420|
812421|
812422|
812423|
812448|
812449|
812450|
812451|
812452|
812453|
812454|
812455|
812480|
812481|
812482|
812483|
812484|
812485|
812486|
812487|
812512|
812513|
812514|
812515|
812516|
812517|
812518|
812519|
812544|
812545|
812546|
812547|
812548|
812549|
812550|
812551|
812576|
812577|
812578|
812579|
812580|
812581|
812582|
812583|
812608|
812609|
812610|
812611|
812612|
812613|
812614|
812615|
812640|
812641|
812642|
812643|
812644|
812645|
812646|
812647|
812672|
812673|
812674|
812675|
812676|
812677|
812678|
812679|
812704|
812705|
812706|
812707|
812708|
812709|
812710|
812711|
812736|
812737|
812738|
812739|
812740|
812741|
812742|
812743|
812768|
812769|
812770|
812771|
812772|
812773|
812774|
812775|
812800|
812801|
812802|
812803|
812804|
812805|
812806|
812807|
812832|
812833|
812834|
812835|
812836|
812837|
812838|
812839|
812864|
812865|
812866|
812867|
812868|
812869|
812870|
812871|
812896|
812897|
812898|
812899|
812900|
812901|
812902|
812903|
812928|
812929|
812930|
812931|
812932|
812933|
812934|
812935|
812960|
812961|
812962|
812963|
812964|
812965|
812966|
812967|
812992|
812993|
812994|
812995|
812996|
812997|
812998|
812999|
813024|
813025|
813026|
813027|
813028|
813029|
813030|
813031|
813056|
813057|
813058|
813059|
813060|
813061|
813062|
813063|
813088|
813089|
813090|
813091|
813092|
813093|
813094|
813095|
813120|
813121|
813122|
813123|
813124|
813125|
813126|
813127|
813152|
813153|
813154|
813155|
813156|
813157|
813158|
813159|
813184|
813185|
813186|
813187|
813188|
813189|
813190|
813191|
813216|
813217|
813218|
813219|
813220|
813221|
813222|
813223|
813248|
813249|
813250|
813251|
813252|
813253|
813254|
813255|
813280|
813281|
813282|
813283|
813284|
813285|
813286|
813287|
813312|
813313|
813314|
813315|
813316|
813317|
813318|
813319|
813344|
813345|
813346|
813347|
813348|
813349|
813350|
813351|
813376|
813377|
813378|
813379|
813380|
813381|
813382|
813383|
813408|
813409|
813410|
813411|
813412|
813413|
813414|
813415|
813440|
813441|
813442|
813443|
813444|
813445|
813446|
813447|
813472|
813473|
813474|
813475|
813476|
813477|
813478|
813479|
813504|
813505|
813506|
813507|
813508|
813509|
813510|
813511|
813536|
813537|
813538|
813539|
813540|
813541|
813542|
813543|
813568|
813569|
813570|
813571|
813572|
813573|
813574|
813575|
813600|
813601|
813602|
813603|
813604|
813605|
813606|
813607|
813632|
813633|
813634|
813635|
813636|
813637|
813638|
813639|
813664|
813665|
813666|
813667|
813668|
813669|
813670|
813671|
813696|
813697|
813698|
813699|
813700|
813701|
813702|
813703|
813728|
813729|
813730|
813731|
813732|
813733|
813734|
813735|
813760|
813761|
813762|
813763|
813764|
813765|
813766|
813767|
813792|
813793|
813794|
813795|
813796|
813797|
813798|
813799|
813824|
813825|
813826|
813827|
813828|
813829|
813830|
813831|
813856|
813857|
813858|
813859|
813860|
813861|
813862|
813863|
813888|
813889|
813890|
813891|
813892|
813893|
813894|
813895|
813920|
813921|
813922|
813923|
813924|
813925|
813926|
813927|
813952|
813953|
813954|
813955|
813956|
813957|
813958|
813959|
813984|
813985|
813986|
813987|
813988|
813989|
813990|
813991|
814016|
814017|
814018|
814019|
814020|
814021|
814022|
814023|
814048|
814049|
814050|
814051|
814052|
814053|
814054|
814055|
814080|
814081|
814082|
814083|
814084|
814085|
814086|
814087|
814112|
814113|
814114|
814115|
814116|
814117|
814118|
814119|
814144|
814145|
814146|
814147|
814148|
814149|
814150|
814151|
814176|
814177|
814178|
814179|
814180|
814181|
814182|
814183|
814208|
814209|
814210|
814211|
814212|
814213|
814214|
814215|
814240|
814241|
814242|
814243|
814244|
814245|
814246|
814247|
814272|
814273|
814274|
814275|
814276|
814277|
814278|
814279|
814304|
814305|
814306|
814307|
814308|
814309|
814310|
814311|
814336|
814337|
814338|
814339|
814340|
814341|
814342|
814343|
814368|
814369|
814370|
814371|
814372|
814373|
814374|
814375|
814400|
814401|
814402|
814403|
814404|
814405|
814406|
814407|
814432|
814433|
814434|
814435|
814436|
814437|
814438|
814439|
814464|
814465|
814466|
814467|
814468|
814469|
814470|
814471|
814496|
814497|
814498|
814499|
814500|
814501|
814502|
814503|
814528|
814529|
814530|
814531|
814532|
814533|
814534|
814535|
814560|
814561|
814562|
814563|
814564|
814565|
814566|
814567|
814592|
814593|
814594|
814595|
814596|
814597|
814598|
814599|
814624|
814625|
814626|
814627|
814628|
814629|
814630|
814631|
814656|
814657|
814658|
814659|
814660|
814661|
814662|
814663|
814688|
814689|
814690|
814691|
814692|
814693|
814694|
814695|
814720|
814721|
814722|
814723|
814724|
814725|
814726|
814727|
814752|
814753|
814754|
814755|
814756|
814757|
814758|
814759|
814784|
814785|
814786|
814787|
814788|
814789|
814790|
814791|
814816|
814817|
814818|
814819|
814820|
814821|
814822|
814823|
814848|
814849|
814850|
814851|
814852|
814853|
814854|
814855|
814880|
814881|
814882|
814883|
814884|
814885|
814886|
814887|
814912|
814913|
814914|
814915|
814916|
814917|
814918|
814919|
814944|
814945|
814946|
814947|
814948|
814949|
814950|
814951|
814976|
814977|
814978|
814979|
814980|
814981|
814982|
814983|
815008|
815009|
815010|
815011|
815012|
815013|
815014|
815015|
815040|
815041|
815042|
815043|
815044|
815045|
815046|
815047|
815072|
815073|
815074|
815075|
815076|
815077|
815078|
815079|
815104|
815105|
815106|
815107|
815108|
815109|
815110|
815111|
815136|
815137|
815138|
815139|
815140|
815141|
815142|
815143|
815168|
815169|
815170|
815171|
815172|
815173|
815174|
815175|
815200|
815201|
815202|
815203|
815204|
815205|
815206|
815207|
815232|
815233|
815234|
815235|
815236|
815237|
815238|
815239|
815264|
815265|
815266|
815267|
815268|
815269|
815270|
815271|
815296|
815297|
815298|
815299|
815300|
815301|
815302|
815303|
815328|
815329|
815330|
815331|
815332|
815333|
815334|
815335|
815360|
815361|
815362|
815363|
815364|
815365|
815366|
815367|
815392|
815393|
815394|
815395|
815396|
815397|
815398|
815399|
815424|
815425|
815426|
815427|
815428|
815429|
815430|
815431|
815456|
815457|
815458|
815459|
815460|
815461|
815462|
815463|
815488|
815489|
815490|
815491|
815492|
815493|
815494|
815495|
815520|
815521|
815522|
815523|
815524|
815525|
815526|
815527|
815552|
815553|
815554|
815555|
815556|
815557|
815558|
815559|
815584|
815585|
815586|
815587|
815588|
815589|
815590|
815591|
815616|
815617|
815618|
815619|
815620|
815621|
815622|
815623|
815648|
815649|
815650|
815651|
815652|
815653|
815654|
815655|
815680|
815681|
815682|
815683|
815684|
815685|
815686|
815687|
815712|
815713|
815714|
815715|
815716|
815717|
815718|
815719|
815744|
815745|
815746|
815747|
815748|
815749|
815750|
815751|
815776|
815777|
815778|
815779|
815780|
815781|
815782|
815783|
815808|
815809|
815810|
815811|
815812|
815813|
815814|
815815|
815840|
815841|
815842|
815843|
815844|
815845|
815846|
815847|
815872|
815873|
815874|
815875|
815876|
815877|
815878|
815879|
815904|
815905|
815906|
815907|
815908|
815909|
815910|
815911|
815936|
815937|
815938|
815939|
815940|
815941|
815942|
815943|
815968|
815969|
815970|
815971|
815972|
815973|
815974|
815975|
816000|
