2069989|
2069990|
2069991|
2070016|
2070017|
2070018|
2070019|
2070020|
2070021|
2070022|
2070023|
2070048|
2070049|
2070050|
2070051|
2070052|
2070053|
2070054|
2070055|
2070080|
2070081|
2070082|
2070083|
2070084|
2070085|
2070086|
2070087|
2070112|
2070113|
2070114|
2070115|
2070116|
2070117|
2070118|
2070119|
2070144|
2070145|
2070146|
2070147|
2070148|
2070149|
2070150|
2070151|
2070176|
2070177|
2070178|
2070179|
2070180|
2070181|
2070182|
2070183|
2070208|
2070209|
2070210|
2070211|
2070212|
2070213|
2070214|
2070215|
2070240|
2070241|
2070242|
2070243|
2070244|
2070245|
2070246|
2070247|
2070272|
2070273|
2070274|
2070275|
2070276|
2070277|
2070278|
2070279|
2070304|
2070305|
2070306|
2070307|
2070308|
2070309|
2070310|
2070311|
2070336|
2070337|
2070338|
2070339|
2070340|
2070341|
2070342|
2070343|
2070368|
2070369|
2070370|
2070371|
2070372|
2070373|
2070374|
2070375|
2070400|
2070401|
2070402|
2070403|
2070404|
2070405|
2070406|
2070407|
2070432|
2070433|
2070434|
2070435|
2070436|
2070437|
2070438|
2070439|
2070464|
2070465|
2070466|
2070467|
2070468|
2070469|
2070470|
2070471|
2070496|
2070497|
2070498|
2070499|
2070500|
2070501|
2070502|
2070503|
2070528|
2070529|
2070530|
2070531|
2070532|
2070533|
2070534|
2070535|
2070560|
2070561|
2070562|
2070563|
2070564|
2070565|
2070566|
2070567|
2070592|
2070593|
2070594|
2070595|
2070596|
2070597|
2070598|
2070599|
2070624|
2070625|
2070626|
2070627|
2070628|
2070629|
2070630|
2070631|
2070656|
2070657|
2070658|
2070659|
2070660|
2070661|
2070662|
2070663|
2070688|
2070689|
2070690|
2070691|
2070692|
2070693|
2070694|
2070695|
2070720|
2070721|
2070722|
2070723|
2070724|
2070725|
2070726|
2070727|
2070752|
2070753|
2070754|
2070755|
2070756|
2070757|
2070758|
2070759|
2070784|
2070785|
2070786|
2070787|
2070788|
2070789|
2070790|
2070791|
2070816|
2070817|
2070818|
2070819|
2070820|
2070821|
2070822|
2070823|
2070848|
2070849|
2070850|
2070851|
2070852|
2070853|
2070854|
2070855|
2070880|
2070881|
2070882|
2070883|
2070884|
2070885|
2070886|
2070887|
2070912|
2070913|
2070914|
2070915|
2070916|
2070917|
2070918|
2070919|
2070944|
2070945|
2070946|
2070947|
2070948|
2070949|
2070950|
2070951|
2070976|
2070977|
2070978|
2070979|
2070980|
2070981|
2070982|
2070983|
2071008|
2071009|
2071010|
2071011|
2071012|
2071013|
2071014|
2071015|
2071040|
2071041|
2071042|
2071043|
2071044|
2071045|
2071046|
2071047|
2071072|
2071073|
2071074|
2071075|
2071076|
2071077|
2071078|
2071079|
2071104|
2071105|
2071106|
2071107|
2071108|
2071109|
2071110|
2071111|
2071136|
2071137|
2071138|
2071139|
2071140|
2071141|
2071142|
2071143|
2071168|
2071169|
2071170|
2071171|
2071172|
2071173|
2071174|
2071175|
2071200|
2071201|
2071202|
2071203|
2071204|
2071205|
2071206|
2071207|
2071232|
2071233|
2071234|
2071235|
2071236|
2071237|
2071238|
2071239|
2071264|
2071265|
2071266|
2071267|
2071268|
2071269|
2071270|
2071271|
2071296|
2071297|
2071298|
2071299|
2071300|
2071301|
2071302|
2071303|
2071328|
2071329|
2071330|
2071331|
2071332|
2071333|
2071334|
2071335|
2071360|
2071361|
2071362|
2071363|
2071364|
2071365|
2071366|
2071367|
2071392|
2071393|
2071394|
2071395|
2071396|
2071397|
2071398|
2071399|
2071424|
2071425|
2071426|
2071427|
2071428|
2071429|
2071430|
2071431|
2071456|
2071457|
2071458|
2071459|
2071460|
2071461|
2071462|
2071463|
2071488|
2071489|
2071490|
2071491|
2071492|
2071493|
2071494|
2071495|
2071520|
2071521|
2071522|
2071523|
2071524|
2071525|
2071526|
2071527|
2071552|
2071553|
2071554|
2071555|
2071556|
2071557|
2071558|
2071559|
2071584|
2071585|
2071586|
2071587|
2071588|
2071589|
2071590|
2071591|
2071616|
2071617|
2071618|
2071619|
2071620|
2071621|
2071622|
2071623|
2071648|
2071649|
2071650|
2071651|
2071652|
2071653|
2071654|
2071655|
2071680|
2071681|
2071682|
2071683|
2071684|
2071685|
2071686|
2071687|
2071712|
2071713|
2071714|
2071715|
2071716|
2071717|
2071718|
2071719|
2071744|
2071745|
2071746|
2071747|
2071748|
2071749|
2071750|
2071751|
2071776|
2071777|
2071778|
2071779|
2071780|
2071781|
2071782|
2071783|
2071808|
2071809|
2071810|
2071811|
2071812|
2071813|
2071814|
2071815|
2071840|
2071841|
2071842|
2071843|
2071844|
2071845|
2071846|
2071847|
2071872|
2071873|
2071874|
2071875|
2071876|
2071877|
2071878|
2071879|
2071904|
2071905|
2071906|
2071907|
2071908|
2071909|
2071910|
2071911|
2071936|
2071937|
2071938|
2071939|
2071940|
2071941|
2071942|
2071943|
2071968|
2071969|
2071970|
2071971|
2071972|
2071973|
2071974|
2071975|
2072000|
2072001|
2072002|
2072003|
2072004|
2072005|
2072006|
2072007|
2072032|
2072033|
2072034|
2072035|
2072036|
2072037|
2072038|
2072039|
2072064|
2072065|
2072066|
2072067|
2072068|
2072069|
2072070|
2072071|
2072096|
2072097|
2072098|
2072099|
2072100|
2072101|
2072102|
2072103|
2072128|
2072129|
2072130|
2072131|
2072132|
2072133|
2072134|
2072135|
2072160|
2072161|
2072162|
2072163|
2072164|
2072165|
2072166|
2072167|
2072192|
2072193|
2072194|
2072195|
2072196|
2072197|
2072198|
2072199|
2072224|
2072225|
2072226|
2072227|
2072228|
2072229|
2072230|
2072231|
2072256|
2072257|
2072258|
2072259|
2072260|
2072261|
2072262|
2072263|
2072288|
2072289|
2072290|
2072291|
2072292|
2072293|
2072294|
2072295|
2072320|
2072321|
2072322|
2072323|
2072324|
2072325|
2072326|
2072327|
2072352|
2072353|
2072354|
2072355|
2072356|
2072357|
2072358|
2072359|
2072384|
2072385|
2072386|
2072387|
2072388|
2072389|
2072390|
2072391|
2072416|
2072417|
2072418|
2072419|
2072420|
2072421|
2072422|
2072423|
2072448|
2072449|
2072450|
2072451|
2072452|
2072453|
2072454|
2072455|
2072480|
2072481|
2072482|
2072483|
2072484|
2072485|
2072486|
2072487|
2072512|
2072513|
2072514|
2072515|
2072516|
2072517|
2072518|
2072519|
2072544|
2072545|
2072546|
2072547|
2072548|
2072549|
2072550|
2072551|
2072576|
2072577|
2072578|
2072579|
2072580|
2072581|
2072582|
2072583|
2072608|
2072609|
2072610|
2072611|
2072612|
2072613|
2072614|
2072615|
2072640|
2072641|
2072642|
2072643|
2072644|
2072645|
2072646|
2072647|
2072672|
2072673|
2072674|
2072675|
2072676|
2072677|
2072678|
2072679|
2072704|
2072705|
2072706|
2072707|
2072708|
2072709|
2072710|
2072711|
2072736|
2072737|
2072738|
2072739|
2072740|
2072741|
2072742|
2072743|
2072768|
2072769|
2072770|
2072771|
2072772|
2072773|
2072774|
2072775|
2072800|
2072801|
2072802|
2072803|
2072804|
2072805|
2072806|
2072807|
2072832|
2072833|
2072834|
2072835|
2072836|
2072837|
2072838|
2072839|
2072864|
2072865|
2072866|
2072867|
2072868|
2072869|
2072870|
2072871|
2072896|
2072897|
2072898|
2072899|
2072900|
2072901|
2072902|
2072903|
2072928|
2072929|
2072930|
2072931|
2072932|
2072933|
2072934|
2072935|
2072960|
2072961|
2072962|
2072963|
2072964|
2072965|
2072966|
2072967|
2072992|
2072993|
2072994|
2072995|
2072996|
2072997|
2072998|
2072999|
2073024|
2073025|
2073026|
2073027|
2073028|
2073029|
2073030|
2073031|
2073056|
2073057|
2073058|
2073059|
2073060|
2073061|
2073062|
2073063|
2073088|
2073089|
2073090|
2073091|
2073092|
2073093|
2073094|
2073095|
2073120|
2073121|
2073122|
2073123|
2073124|
2073125|
2073126|
2073127|
2073152|
2073153|
2073154|
2073155|
2073156|
2073157|
2073158|
2073159|
2073184|
2073185|
2073186|
2073187|
2073188|
2073189|
2073190|
2073191|
2073216|
2073217|
2073218|
2073219|
2073220|
2073221|
2073222|
2073223|
2073248|
2073249|
2073250|
2073251|
2073252|
2073253|
2073254|
2073255|
2073280|
2073281|
2073282|
2073283|
2073284|
2073285|
2073286|
2073287|
2073312|
2073313|
2073314|
2073315|
2073316|
2073317|
2073318|
2073319|
2073344|
2073345|
2073346|
2073347|
2073348|
2073349|
2073350|
2073351|
2073376|
2073377|
2073378|
2073379|
2073380|
2073381|
2073382|
2073383|
2073408|
2073409|
2073410|
2073411|
2073412|
2073413|
2073414|
2073415|
2073440|
2073441|
2073442|
2073443|
2073444|
2073445|
2073446|
2073447|
2073472|
2073473|
2073474|
2073475|
2073476|
2073477|
2073478|
2073479|
2073504|
2073505|
2073506|
2073507|
2073508|
2073509|
2073510|
2073511|
2073536|
2073537|
2073538|
2073539|
2073540|
2073541|
2073542|
2073543|
2073568|
2073569|
2073570|
2073571|
2073572|
2073573|
2073574|
2073575|
2073600|
2073601|
2073602|
2073603|
2073604|
2073605|
2073606|
2073607|
2073632|
2073633|
2073634|
2073635|
2073636|
2073637|
2073638|
2073639|
2073664|
2073665|
2073666|
2073667|
2073668|
2073669|
2073670|
2073671|
2073696|
2073697|
2073698|
2073699|
2073700|
2073701|
2073702|
2073703|
2073728|
2073729|
2073730|
2073731|
2073732|
2073733|
2073734|
2073735|
2073760|
2073761|
2073762|
2073763|
2073764|
2073765|
2073766|
2073767|
2073792|
2073793|
2073794|
2073795|
2073796|
2073797|
2073798|
2073799|
2073824|
2073825|
2073826|
2073827|
2073828|
2073829|
2073830|
2073831|
2073856|
2073857|
2073858|
2073859|
2073860|
2073861|
2073862|
2073863|
2073888|
2073889|
2073890|
2073891|
2073892|
2073893|
2073894|
2073895|
2073920|
2073921|
2073922|
2073923|
2073924|
2073925|
2073926|
2073927|
2073952|
2073953|
2073954|
2073955|
2073956|
2073957|
2073958|
2073959|
2073984|
2073985|
2073986|
2073987|
2073988|
2073989|
2073990|
2073991|
2074016|
2074017|
2074018|
2074019|
2074020|
2074021|
2074022|
2074023|
2074048|
2074049|
2074050|
2074051|
2074052|
2074053|
2074054|
2074055|
2074080|
2074081|
2074082|
2074083|
2074084|
2074085|
2074086|
2074087|
2074112|
2074113|
2074114|
2074115|
2074116|
2074117|
2074118|
2074119|
2074144|
2074145|
2074146|
2074147|
2074148|
2074149|
2074150|
2074151|
2074176|
2074177|
2074178|
2074179|
2074180|
2074181|
2074182|
2074183|
2074208|
2074209|
2074210|
2074211|
2074212|
2074213|
2074214|
2074215|
2074240|
2074241|
2074242|
2074243|
2074244|
2074245|
2074246|
2074247|
2074272|
2074273|
2074274|
2074275|
2074276|
2074277|
2074278|
2074279|
2074304|
2074305|
2074306|
2074307|
2074308|
2074309|
2074310|
2074311|
2074336|
2074337|
2074338|
2074339|
2074340|
2074341|
2074342|
2074343|
2074368|
2074369|
2074370|
2074371|
2074372|
2074373|
2074374|
2074375|
2074400|
2074401|
2074402|
2074403|
2074404|
2074405|
2074406|
2074407|
2074432|
2074433|
2074434|
2074435|
2074436|
2074437|
2074438|
2074439|
2074464|
2074465|
2074466|
2074467|
2074468|
2074469|
2074470|
2074471|
2074496|
2074497|
2074498|
2074499|
2074500|
2074501|
2074502|
2074503|
2074528|
2074529|
2074530|
2074531|
2074532|
2074533|
2074534|
2074535|
2074560|
2074561|
2074562|
2074563|
2074564|
2074565|
2074566|
2074567|
2074592|
2074593|
2074594|
2074595|
2074596|
2074597|
2074598|
2074599|
2074624|
2074625|
2074626|
2074627|
2074628|
2074629|
2074630|
2074631|
2074656|
2074657|
2074658|
2074659|
2074660|
2074661|
2074662|
2074663|
2074688|
2074689|
2074690|
2074691|
2074692|
2074693|
2074694|
2074695|
2074720|
2074721|
2074722|
2074723|
2074724|
2074725|
2074726|
2074727|
2074752|
2074753|
2074754|
2074755|
2074756|
2074757|
2074758|
2074759|
2074784|
2074785|
2074786|
2074787|
2074788|
2074789|
2074790|
2074791|
2074816|
2074817|
2074818|
2074819|
2074820|
2074821|
2074822|
2074823|
2074848|
2074849|
2074850|
2074851|
2074852|
2074853|
2074854|
2074855|
2074880|
2074881|
2074882|
2074883|
2074884|
2074885|
2074886|
2074887|
2074912|
2074913|
2074914|
2074915|
2074916|
2074917|
2074918|
2074919|
2074944|
2074945|
2074946|
2074947|
2074948|
2074949|
2074950|
2074951|
2074976|
2074977|
2074978|
2074979|
2074980|
2074981|
2074982|
2074983|
2075008|
2075009|
2075010|
2075011|
2075012|
2075013|
2075014|
2075015|
2075040|
2075041|
2075042|
2075043|
2075044|
2075045|
2075046|
2075047|
2075072|
2075073|
2075074|
2075075|
2075076|
2075077|
2075078|
2075079|
2075104|
2075105|
2075106|
2075107|
2075108|
2075109|
2075110|
2075111|
2075136|
2075137|
2075138|
2075139|
2075140|
2075141|
2075142|
2075143|
2075168|
2075169|
2075170|
2075171|
2075172|
2075173|
2075174|
2075175|
2075200|
2075201|
2075202|
2075203|
2075204|
2075205|
2075206|
2075207|
2075232|
2075233|
2075234|
2075235|
2075236|
2075237|
2075238|
2075239|
2075264|
2075265|
2075266|
2075267|
2075268|
2075269|
2075270|
2075271|
2075296|
2075297|
2075298|
2075299|
2075300|
2075301|
2075302|
2075303|
2075328|
2075329|
2075330|
2075331|
2075332|
2075333|
2075334|
2075335|
2075360|
2075361|
2075362|
2075363|
2075364|
2075365|
2075366|
2075367|
2075392|
2075393|
2075394|
2075395|
2075396|
2075397|
2075398|
2075399|
2075424|
2075425|
2075426|
2075427|
2075428|
2075429|
2075430|
2075431|
2075456|
2075457|
2075458|
2075459|
2075460|
2075461|
2075462|
2075463|
2075488|
2075489|
2075490|
2075491|
2075492|
2075493|
2075494|
2075495|
2075520|
2075521|
2075522|
2075523|
2075524|
2075525|
2075526|
2075527|
2075552|
2075553|
2075554|
2075555|
2075556|
2075557|
2075558|
2075559|
2075584|
2075585|
2075586|
2075587|
2075588|
2075589|
2075590|
2075591|
2075616|
2075617|
2075618|
2075619|
2075620|
2075621|
2075622|
2075623|
2075648|
2075649|
2075650|
2075651|
2075652|
2075653|
2075654|
2075655|
2075680|
2075681|
2075682|
2075683|
2075684|
2075685|
2075686|
2075687|
2075712|
2075713|
2075714|
2075715|
2075716|
2075717|
2075718|
2075719|
2075744|
2075745|
2075746|
2075747|
2075748|
2075749|
2075750|
2075751|
2075776|
2075777|
2075778|
2075779|
2075780|
2075781|
2075782|
2075783|
2075808|
2075809|
2075810|
2075811|
2075812|
2075813|
2075814|
2075815|
2075840|
2075841|
2075842|
2075843|
2075844|
2075845|
2075846|
2075847|
2075872|
2075873|
2075874|
2075875|
2075876|
2075877|
2075878|
2075879|
2075904|
2075905|
2075906|
2075907|
2075908|
2075909|
2075910|
2075911|
2075936|
2075937|
2075938|
2075939|
2075940|
2075941|
2075942|
2075943|
2075968|
2075969|
2075970|
2075971|
2075972|
2075973|
2075974|
2075975|
2076000|
