2424001|
2424002|
2424003|
2424004|
2424005|
2424006|
2424007|
2424032|
2424033|
2424034|
2424035|
2424036|
2424037|
2424038|
2424039|
2424064|
2424065|
2424066|
2424067|
2424068|
2424069|
2424070|
2424071|
2424096|
2424097|
2424098|
2424099|
2424100|
2424101|
2424102|
2424103|
2424128|
2424129|
2424130|
2424131|
2424132|
2424133|
2424134|
2424135|
2424160|
2424161|
2424162|
2424163|
2424164|
2424165|
2424166|
2424167|
2424192|
2424193|
2424194|
2424195|
2424196|
2424197|
2424198|
2424199|
2424224|
2424225|
2424226|
2424227|
2424228|
2424229|
2424230|
2424231|
2424256|
2424257|
2424258|
2424259|
2424260|
2424261|
2424262|
2424263|
2424288|
2424289|
2424290|
2424291|
2424292|
2424293|
2424294|
2424295|
2424320|
2424321|
2424322|
2424323|
2424324|
2424325|
2424326|
2424327|
2424352|
2424353|
2424354|
2424355|
2424356|
2424357|
2424358|
2424359|
2424384|
2424385|
2424386|
2424387|
2424388|
2424389|
2424390|
2424391|
2424416|
2424417|
2424418|
2424419|
2424420|
2424421|
2424422|
2424423|
2424448|
2424449|
2424450|
2424451|
2424452|
2424453|
2424454|
2424455|
2424480|
2424481|
2424482|
2424483|
2424484|
2424485|
2424486|
2424487|
2424512|
2424513|
2424514|
2424515|
2424516|
2424517|
2424518|
2424519|
2424544|
2424545|
2424546|
2424547|
2424548|
2424549|
2424550|
2424551|
2424576|
2424577|
2424578|
2424579|
2424580|
2424581|
2424582|
2424583|
2424608|
2424609|
2424610|
2424611|
2424612|
2424613|
2424614|
2424615|
2424640|
2424641|
2424642|
2424643|
2424644|
2424645|
2424646|
2424647|
2424672|
2424673|
2424674|
2424675|
2424676|
2424677|
2424678|
2424679|
2424704|
2424705|
2424706|
2424707|
2424708|
2424709|
2424710|
2424711|
2424736|
2424737|
2424738|
2424739|
2424740|
2424741|
2424742|
2424743|
2424768|
2424769|
2424770|
2424771|
2424772|
2424773|
2424774|
2424775|
2424800|
2424801|
2424802|
2424803|
2424804|
2424805|
2424806|
2424807|
2424832|
2424833|
2424834|
2424835|
2424836|
2424837|
2424838|
2424839|
2424864|
2424865|
2424866|
2424867|
2424868|
2424869|
2424870|
2424871|
2424896|
2424897|
2424898|
2424899|
2424900|
2424901|
2424902|
2424903|
2424928|
2424929|
2424930|
2424931|
2424932|
2424933|
2424934|
2424935|
2424960|
2424961|
2424962|
2424963|
2424964|
2424965|
2424966|
2424967|
2424992|
2424993|
2424994|
2424995|
2424996|
2424997|
2424998|
2424999|
2425024|
2425025|
2425026|
2425027|
2425028|
2425029|
2425030|
2425031|
2425056|
2425057|
2425058|
2425059|
2425060|
2425061|
2425062|
2425063|
2425088|
2425089|
2425090|
2425091|
2425092|
2425093|
2425094|
2425095|
2425120|
2425121|
2425122|
2425123|
2425124|
2425125|
2425126|
2425127|
2425152|
2425153|
2425154|
2425155|
2425156|
2425157|
2425158|
2425159|
2425184|
2425185|
2425186|
2425187|
2425188|
2425189|
2425190|
2425191|
2425216|
2425217|
2425218|
2425219|
2425220|
2425221|
2425222|
2425223|
2425248|
2425249|
2425250|
2425251|
2425252|
2425253|
2425254|
2425255|
2425280|
2425281|
2425282|
2425283|
2425284|
2425285|
2425286|
2425287|
2425312|
2425313|
2425314|
2425315|
2425316|
2425317|
2425318|
2425319|
2425344|
2425345|
2425346|
2425347|
2425348|
2425349|
2425350|
2425351|
2425376|
2425377|
2425378|
2425379|
2425380|
2425381|
2425382|
2425383|
2425408|
2425409|
2425410|
2425411|
2425412|
2425413|
2425414|
2425415|
2425440|
2425441|
2425442|
2425443|
2425444|
2425445|
2425446|
2425447|
2425472|
2425473|
2425474|
2425475|
2425476|
2425477|
2425478|
2425479|
2425504|
2425505|
2425506|
2425507|
2425508|
2425509|
2425510|
2425511|
2425536|
2425537|
2425538|
2425539|
2425540|
2425541|
2425542|
2425543|
2425568|
2425569|
2425570|
2425571|
2425572|
2425573|
2425574|
2425575|
2425600|
2425601|
2425602|
2425603|
2425604|
2425605|
2425606|
2425607|
2425632|
2425633|
2425634|
2425635|
2425636|
2425637|
2425638|
2425639|
2425664|
2425665|
2425666|
2425667|
2425668|
2425669|
2425670|
2425671|
2425696|
2425697|
2425698|
2425699|
2425700|
2425701|
2425702|
2425703|
2425728|
2425729|
2425730|
2425731|
2425732|
2425733|
2425734|
2425735|
2425760|
2425761|
2425762|
2425763|
2425764|
2425765|
2425766|
2425767|
2425792|
2425793|
2425794|
2425795|
2425796|
2425797|
2425798|
2425799|
2425824|
2425825|
2425826|
2425827|
2425828|
2425829|
2425830|
2425831|
2425856|
2425857|
2425858|
2425859|
2425860|
2425861|
2425862|
2425863|
2425888|
2425889|
2425890|
2425891|
2425892|
2425893|
2425894|
2425895|
2425920|
2425921|
2425922|
2425923|
2425924|
2425925|
2425926|
2425927|
2425952|
2425953|
2425954|
2425955|
2425956|
2425957|
2425958|
2425959|
2425984|
2425985|
2425986|
2425987|
2425988|
2425989|
2425990|
2425991|
2426016|
2426017|
2426018|
2426019|
2426020|
2426021|
2426022|
2426023|
2426048|
2426049|
2426050|
2426051|
2426052|
2426053|
2426054|
2426055|
2426080|
2426081|
2426082|
2426083|
2426084|
2426085|
2426086|
2426087|
2426112|
2426113|
2426114|
2426115|
2426116|
2426117|
2426118|
2426119|
2426144|
2426145|
2426146|
2426147|
2426148|
2426149|
2426150|
2426151|
2426176|
2426177|
2426178|
2426179|
2426180|
2426181|
2426182|
2426183|
2426208|
2426209|
2426210|
2426211|
2426212|
2426213|
2426214|
2426215|
2426240|
2426241|
2426242|
2426243|
2426244|
2426245|
2426246|
2426247|
2426272|
2426273|
2426274|
2426275|
2426276|
2426277|
2426278|
2426279|
2426304|
2426305|
2426306|
2426307|
2426308|
2426309|
2426310|
2426311|
2426336|
2426337|
2426338|
2426339|
2426340|
2426341|
2426342|
2426343|
2426368|
2426369|
2426370|
2426371|
2426372|
2426373|
2426374|
2426375|
2426400|
2426401|
2426402|
2426403|
2426404|
2426405|
2426406|
2426407|
2426432|
2426433|
2426434|
2426435|
2426436|
2426437|
2426438|
2426439|
2426464|
2426465|
2426466|
2426467|
2426468|
2426469|
2426470|
2426471|
2426496|
2426497|
2426498|
2426499|
2426500|
2426501|
2426502|
2426503|
2426528|
2426529|
2426530|
2426531|
2426532|
2426533|
2426534|
2426535|
2426560|
2426561|
2426562|
2426563|
2426564|
2426565|
2426566|
2426567|
2426592|
2426593|
2426594|
2426595|
2426596|
2426597|
2426598|
2426599|
2426624|
2426625|
2426626|
2426627|
2426628|
2426629|
2426630|
2426631|
2426656|
2426657|
2426658|
2426659|
2426660|
2426661|
2426662|
2426663|
2426688|
2426689|
2426690|
2426691|
2426692|
2426693|
2426694|
2426695|
2426720|
2426721|
2426722|
2426723|
2426724|
2426725|
2426726|
2426727|
2426752|
2426753|
2426754|
2426755|
2426756|
2426757|
2426758|
2426759|
2426784|
2426785|
2426786|
2426787|
2426788|
2426789|
2426790|
2426791|
2426816|
2426817|
2426818|
2426819|
2426820|
2426821|
2426822|
2426823|
2426848|
2426849|
2426850|
2426851|
2426852|
2426853|
2426854|
2426855|
2426880|
2426881|
2426882|
2426883|
2426884|
2426885|
2426886|
2426887|
2426912|
2426913|
2426914|
2426915|
2426916|
2426917|
2426918|
2426919|
2426944|
2426945|
2426946|
2426947|
2426948|
2426949|
2426950|
2426951|
2426976|
2426977|
2426978|
2426979|
2426980|
2426981|
2426982|
2426983|
2427008|
2427009|
2427010|
2427011|
2427012|
2427013|
2427014|
2427015|
2427040|
2427041|
2427042|
2427043|
2427044|
2427045|
2427046|
2427047|
2427072|
2427073|
2427074|
2427075|
2427076|
2427077|
2427078|
2427079|
2427104|
2427105|
2427106|
2427107|
2427108|
2427109|
2427110|
2427111|
2427136|
2427137|
2427138|
2427139|
2427140|
2427141|
2427142|
2427143|
2427168|
2427169|
2427170|
2427171|
2427172|
2427173|
2427174|
2427175|
2427200|
2427201|
2427202|
2427203|
2427204|
2427205|
2427206|
2427207|
2427232|
2427233|
2427234|
2427235|
2427236|
2427237|
2427238|
2427239|
2427264|
2427265|
2427266|
2427267|
2427268|
2427269|
2427270|
2427271|
2427296|
2427297|
2427298|
2427299|
2427300|
2427301|
2427302|
2427303|
2427328|
2427329|
2427330|
2427331|
2427332|
2427333|
2427334|
2427335|
2427360|
2427361|
2427362|
2427363|
2427364|
2427365|
2427366|
2427367|
2427392|
2427393|
2427394|
2427395|
2427396|
2427397|
2427398|
2427399|
2427424|
2427425|
2427426|
2427427|
2427428|
2427429|
2427430|
2427431|
2427456|
2427457|
2427458|
2427459|
2427460|
2427461|
2427462|
2427463|
2427488|
2427489|
2427490|
2427491|
2427492|
2427493|
2427494|
2427495|
2427520|
2427521|
2427522|
2427523|
2427524|
2427525|
2427526|
2427527|
2427552|
2427553|
2427554|
2427555|
2427556|
2427557|
2427558|
2427559|
2427584|
2427585|
2427586|
2427587|
2427588|
2427589|
2427590|
2427591|
2427616|
2427617|
2427618|
2427619|
2427620|
2427621|
2427622|
2427623|
2427648|
2427649|
2427650|
2427651|
2427652|
2427653|
2427654|
2427655|
2427680|
2427681|
2427682|
2427683|
2427684|
2427685|
2427686|
2427687|
2427712|
2427713|
2427714|
2427715|
2427716|
2427717|
2427718|
2427719|
2427744|
2427745|
2427746|
2427747|
2427748|
2427749|
2427750|
2427751|
2427776|
2427777|
2427778|
2427779|
2427780|
2427781|
2427782|
2427783|
2427808|
2427809|
2427810|
2427811|
2427812|
2427813|
2427814|
2427815|
2427840|
2427841|
2427842|
2427843|
2427844|
2427845|
2427846|
2427847|
2427872|
2427873|
2427874|
2427875|
2427876|
2427877|
2427878|
2427879|
2427904|
2427905|
2427906|
2427907|
2427908|
2427909|
2427910|
2427911|
2427936|
2427937|
2427938|
2427939|
2427940|
2427941|
2427942|
2427943|
2427968|
2427969|
2427970|
2427971|
2427972|
2427973|
2427974|
2427975|
2428000|
2428001|
2428002|
2428003|
2428004|
2428005|
2428006|
2428007|
2428032|
2428033|
2428034|
2428035|
2428036|
2428037|
2428038|
2428039|
2428064|
2428065|
2428066|
2428067|
2428068|
2428069|
2428070|
2428071|
2428096|
2428097|
2428098|
2428099|
2428100|
2428101|
2428102|
2428103|
2428128|
2428129|
2428130|
2428131|
2428132|
2428133|
2428134|
2428135|
2428160|
2428161|
2428162|
2428163|
2428164|
2428165|
2428166|
2428167|
2428192|
2428193|
2428194|
2428195|
2428196|
2428197|
2428198|
2428199|
2428224|
2428225|
2428226|
2428227|
2428228|
2428229|
2428230|
2428231|
2428256|
2428257|
2428258|
2428259|
2428260|
2428261|
2428262|
2428263|
2428288|
2428289|
2428290|
2428291|
2428292|
2428293|
2428294|
2428295|
2428320|
2428321|
2428322|
2428323|
2428324|
2428325|
2428326|
2428327|
2428352|
2428353|
2428354|
2428355|
2428356|
2428357|
2428358|
2428359|
2428384|
2428385|
2428386|
2428387|
2428388|
2428389|
2428390|
2428391|
2428416|
2428417|
2428418|
2428419|
2428420|
2428421|
2428422|
2428423|
2428448|
2428449|
2428450|
2428451|
2428452|
2428453|
2428454|
2428455|
2428480|
2428481|
2428482|
2428483|
2428484|
2428485|
2428486|
2428487|
2428512|
2428513|
2428514|
2428515|
2428516|
2428517|
2428518|
2428519|
2428544|
2428545|
2428546|
2428547|
2428548|
2428549|
2428550|
2428551|
2428576|
2428577|
2428578|
2428579|
2428580|
2428581|
2428582|
2428583|
2428608|
2428609|
2428610|
2428611|
2428612|
2428613|
2428614|
2428615|
2428640|
2428641|
2428642|
2428643|
2428644|
2428645|
2428646|
2428647|
2428672|
2428673|
2428674|
2428675|
2428676|
2428677|
2428678|
2428679|
2428704|
2428705|
2428706|
2428707|
2428708|
2428709|
2428710|
2428711|
2428736|
2428737|
2428738|
2428739|
2428740|
2428741|
2428742|
2428743|
2428768|
2428769|
2428770|
2428771|
2428772|
2428773|
2428774|
2428775|
2428800|
2428801|
2428802|
2428803|
2428804|
2428805|
2428806|
2428807|
2428832|
2428833|
2428834|
2428835|
2428836|
2428837|
2428838|
2428839|
2428864|
2428865|
2428866|
2428867|
2428868|
2428869|
2428870|
2428871|
2428896|
2428897|
2428898|
2428899|
2428900|
2428901|
2428902|
2428903|
2428928|
2428929|
2428930|
2428931|
2428932|
2428933|
2428934|
2428935|
2428960|
2428961|
2428962|
2428963|
2428964|
2428965|
2428966|
2428967|
2428992|
2428993|
2428994|
2428995|
2428996|
2428997|
2428998|
2428999|
2429024|
2429025|
2429026|
2429027|
2429028|
2429029|
2429030|
2429031|
2429056|
2429057|
2429058|
2429059|
2429060|
2429061|
2429062|
2429063|
2429088|
2429089|
2429090|
2429091|
2429092|
2429093|
2429094|
2429095|
2429120|
2429121|
2429122|
2429123|
2429124|
2429125|
2429126|
2429127|
2429152|
2429153|
2429154|
2429155|
2429156|
2429157|
2429158|
2429159|
2429184|
2429185|
2429186|
2429187|
2429188|
2429189|
2429190|
2429191|
2429216|
2429217|
2429218|
2429219|
2429220|
2429221|
2429222|
2429223|
2429248|
2429249|
2429250|
2429251|
2429252|
2429253|
2429254|
2429255|
2429280|
2429281|
2429282|
2429283|
2429284|
2429285|
2429286|
2429287|
2429312|
2429313|
2429314|
2429315|
2429316|
2429317|
2429318|
2429319|
2429344|
2429345|
2429346|
2429347|
2429348|
2429349|
2429350|
2429351|
2429376|
2429377|
2429378|
2429379|
2429380|
2429381|
2429382|
2429383|
2429408|
2429409|
2429410|
2429411|
2429412|
2429413|
2429414|
2429415|
2429440|
2429441|
2429442|
2429443|
2429444|
2429445|
2429446|
2429447|
2429472|
2429473|
2429474|
2429475|
2429476|
2429477|
2429478|
2429479|
2429504|
2429505|
2429506|
2429507|
2429508|
2429509|
2429510|
2429511|
2429536|
2429537|
2429538|
2429539|
2429540|
2429541|
2429542|
2429543|
2429568|
2429569|
2429570|
2429571|
2429572|
2429573|
2429574|
2429575|
2429600|
2429601|
2429602|
2429603|
2429604|
2429605|
2429606|
2429607|
2429632|
2429633|
2429634|
2429635|
2429636|
2429637|
2429638|
2429639|
2429664|
2429665|
2429666|
2429667|
2429668|
2429669|
2429670|
2429671|
2429696|
2429697|
2429698|
2429699|
2429700|
2429701|
2429702|
2429703|
2429728|
2429729|
2429730|
2429731|
2429732|
2429733|
2429734|
2429735|
2429760|
2429761|
2429762|
2429763|
2429764|
2429765|
2429766|
2429767|
2429792|
2429793|
2429794|
2429795|
2429796|
2429797|
2429798|
2429799|
2429824|
2429825|
2429826|
2429827|
2429828|
2429829|
2429830|
2429831|
2429856|
2429857|
2429858|
2429859|
2429860|
2429861|
2429862|
2429863|
2429888|
2429889|
2429890|
2429891|
2429892|
2429893|
2429894|
2429895|
2429920|
2429921|
2429922|
2429923|
2429924|
2429925|
2429926|
2429927|
2429952|
2429953|
2429954|
2429955|
2429956|
2429957|
2429958|
2429959|
2429984|
2429985|
2429986|
2429987|
2429988|
