612001|
612002|
612003|
612004|
612005|
612006|
612007|
612032|
612033|
612034|
612035|
612036|
612037|
612038|
612039|
612064|
612065|
612066|
612067|
612068|
612069|
612070|
612071|
612096|
612097|
612098|
612099|
612100|
612101|
612102|
612103|
612128|
612129|
612130|
612131|
612132|
612133|
612134|
612135|
612160|
612161|
612162|
612163|
612164|
612165|
612166|
612167|
612192|
612193|
612194|
612195|
612196|
612197|
612198|
612199|
612224|
612225|
612226|
612227|
612228|
612229|
612230|
612231|
612256|
612257|
612258|
612259|
612260|
612261|
612262|
612263|
612288|
612289|
612290|
612291|
612292|
612293|
612294|
612295|
612320|
612321|
612322|
612323|
612324|
612325|
612326|
612327|
612352|
612353|
612354|
612355|
612356|
612357|
612358|
612359|
612384|
612385|
612386|
612387|
612388|
612389|
612390|
612391|
612416|
612417|
612418|
612419|
612420|
612421|
612422|
612423|
612448|
612449|
612450|
612451|
612452|
612453|
612454|
612455|
612480|
612481|
612482|
612483|
612484|
612485|
612486|
612487|
612512|
612513|
612514|
612515|
612516|
612517|
612518|
612519|
612544|
612545|
612546|
612547|
612548|
612549|
612550|
612551|
612576|
612577|
612578|
612579|
612580|
612581|
612582|
612583|
612608|
612609|
612610|
612611|
612612|
612613|
612614|
612615|
612640|
612641|
612642|
612643|
612644|
612645|
612646|
612647|
612672|
612673|
612674|
612675|
612676|
612677|
612678|
612679|
612704|
612705|
612706|
612707|
612708|
612709|
612710|
612711|
612736|
612737|
612738|
612739|
612740|
612741|
612742|
612743|
612768|
612769|
612770|
612771|
612772|
612773|
612774|
612775|
612800|
612801|
612802|
612803|
612804|
612805|
612806|
612807|
612832|
612833|
612834|
612835|
612836|
612837|
612838|
612839|
612864|
612865|
612866|
612867|
612868|
612869|
612870|
612871|
612896|
612897|
612898|
612899|
612900|
612901|
612902|
612903|
612928|
612929|
612930|
612931|
612932|
612933|
612934|
612935|
612960|
612961|
612962|
612963|
612964|
612965|
612966|
612967|
612992|
612993|
612994|
612995|
612996|
612997|
612998|
612999|
613024|
613025|
613026|
613027|
613028|
613029|
613030|
613031|
613056|
613057|
613058|
613059|
613060|
613061|
613062|
613063|
613088|
613089|
613090|
613091|
613092|
613093|
613094|
613095|
613120|
613121|
613122|
613123|
613124|
613125|
613126|
613127|
613152|
613153|
613154|
613155|
613156|
613157|
613158|
613159|
613184|
613185|
613186|
613187|
613188|
613189|
613190|
613191|
613216|
613217|
613218|
613219|
613220|
613221|
613222|
613223|
613248|
613249|
613250|
613251|
613252|
613253|
613254|
613255|
613280|
613281|
613282|
613283|
613284|
613285|
613286|
613287|
613312|
613313|
613314|
613315|
613316|
613317|
613318|
613319|
613344|
613345|
613346|
613347|
613348|
613349|
613350|
613351|
613376|
613377|
613378|
613379|
613380|
613381|
613382|
613383|
613408|
613409|
613410|
613411|
613412|
613413|
613414|
613415|
613440|
613441|
613442|
613443|
613444|
613445|
613446|
613447|
613472|
613473|
613474|
613475|
613476|
613477|
613478|
613479|
613504|
613505|
613506|
613507|
613508|
613509|
613510|
613511|
613536|
613537|
613538|
613539|
613540|
613541|
613542|
613543|
613568|
613569|
613570|
613571|
613572|
613573|
613574|
613575|
613600|
613601|
613602|
613603|
613604|
613605|
613606|
613607|
613632|
613633|
613634|
613635|
613636|
613637|
613638|
613639|
613664|
613665|
613666|
613667|
613668|
613669|
613670|
613671|
613696|
613697|
613698|
613699|
613700|
613701|
613702|
613703|
613728|
613729|
613730|
613731|
613732|
613733|
613734|
613735|
613760|
613761|
613762|
613763|
613764|
613765|
613766|
613767|
613792|
613793|
613794|
613795|
613796|
613797|
613798|
613799|
613824|
613825|
613826|
613827|
613828|
613829|
613830|
613831|
613856|
613857|
613858|
613859|
613860|
613861|
613862|
613863|
613888|
613889|
613890|
613891|
613892|
613893|
613894|
613895|
613920|
613921|
613922|
613923|
613924|
613925|
613926|
613927|
613952|
613953|
613954|
613955|
613956|
613957|
613958|
613959|
613984|
613985|
613986|
613987|
613988|
613989|
613990|
613991|
614016|
614017|
614018|
614019|
614020|
614021|
614022|
614023|
614048|
614049|
614050|
614051|
614052|
614053|
614054|
614055|
614080|
614081|
614082|
614083|
614084|
614085|
614086|
614087|
614112|
614113|
614114|
614115|
614116|
614117|
614118|
614119|
614144|
614145|
614146|
614147|
614148|
614149|
614150|
614151|
614176|
614177|
614178|
614179|
614180|
614181|
614182|
614183|
614208|
614209|
614210|
614211|
614212|
614213|
614214|
614215|
614240|
614241|
614242|
614243|
614244|
614245|
614246|
614247|
614272|
614273|
614274|
614275|
614276|
614277|
614278|
614279|
614304|
614305|
614306|
614307|
614308|
614309|
614310|
614311|
614336|
614337|
614338|
614339|
614340|
614341|
614342|
614343|
614368|
614369|
614370|
614371|
614372|
614373|
614374|
614375|
614400|
614401|
614402|
614403|
614404|
614405|
614406|
614407|
614432|
614433|
614434|
614435|
614436|
614437|
614438|
614439|
614464|
614465|
614466|
614467|
614468|
614469|
614470|
614471|
614496|
614497|
614498|
614499|
614500|
614501|
614502|
614503|
614528|
614529|
614530|
614531|
614532|
614533|
614534|
614535|
614560|
614561|
614562|
614563|
614564|
614565|
614566|
614567|
614592|
614593|
614594|
614595|
614596|
614597|
614598|
614599|
614624|
614625|
614626|
614627|
614628|
614629|
614630|
614631|
614656|
614657|
614658|
614659|
614660|
614661|
614662|
614663|
614688|
614689|
614690|
614691|
614692|
614693|
614694|
614695|
614720|
614721|
614722|
614723|
614724|
614725|
614726|
614727|
614752|
614753|
614754|
614755|
614756|
614757|
614758|
614759|
614784|
614785|
614786|
614787|
614788|
614789|
614790|
614791|
614816|
614817|
614818|
614819|
614820|
614821|
614822|
614823|
614848|
614849|
614850|
614851|
614852|
614853|
614854|
614855|
614880|
614881|
614882|
614883|
614884|
614885|
614886|
614887|
614912|
614913|
614914|
614915|
614916|
614917|
614918|
614919|
614944|
614945|
614946|
614947|
614948|
614949|
614950|
614951|
614976|
614977|
614978|
614979|
614980|
614981|
614982|
614983|
615008|
615009|
615010|
615011|
615012|
615013|
615014|
615015|
615040|
615041|
615042|
615043|
615044|
615045|
615046|
615047|
615072|
615073|
615074|
615075|
615076|
615077|
615078|
615079|
615104|
615105|
615106|
615107|
615108|
615109|
615110|
615111|
615136|
615137|
615138|
615139|
615140|
615141|
615142|
615143|
615168|
615169|
615170|
615171|
615172|
615173|
615174|
615175|
615200|
615201|
615202|
615203|
615204|
615205|
615206|
615207|
615232|
615233|
615234|
615235|
615236|
615237|
615238|
615239|
615264|
615265|
615266|
615267|
615268|
615269|
615270|
615271|
615296|
615297|
615298|
615299|
615300|
615301|
615302|
615303|
615328|
615329|
615330|
615331|
615332|
615333|
615334|
615335|
615360|
615361|
615362|
615363|
615364|
615365|
615366|
615367|
615392|
615393|
615394|
615395|
615396|
615397|
615398|
615399|
615424|
615425|
615426|
615427|
615428|
615429|
615430|
615431|
615456|
615457|
615458|
615459|
615460|
615461|
615462|
615463|
615488|
615489|
615490|
615491|
615492|
615493|
615494|
615495|
615520|
615521|
615522|
615523|
615524|
615525|
615526|
615527|
615552|
615553|
615554|
615555|
615556|
615557|
615558|
615559|
615584|
615585|
615586|
615587|
615588|
615589|
615590|
615591|
615616|
615617|
615618|
615619|
615620|
615621|
615622|
615623|
615648|
615649|
615650|
615651|
615652|
615653|
615654|
615655|
615680|
615681|
615682|
615683|
615684|
615685|
615686|
615687|
615712|
615713|
615714|
615715|
615716|
615717|
615718|
615719|
615744|
615745|
615746|
615747|
615748|
615749|
615750|
615751|
615776|
615777|
615778|
615779|
615780|
615781|
615782|
615783|
615808|
615809|
615810|
615811|
615812|
615813|
615814|
615815|
615840|
615841|
615842|
615843|
615844|
615845|
615846|
615847|
615872|
615873|
615874|
615875|
615876|
615877|
615878|
615879|
615904|
615905|
615906|
615907|
615908|
615909|
615910|
615911|
615936|
615937|
615938|
615939|
615940|
615941|
615942|
615943|
615968|
615969|
615970|
615971|
615972|
615973|
615974|
615975|
616000|
616001|
616002|
616003|
616004|
616005|
616006|
616007|
616032|
616033|
616034|
616035|
616036|
616037|
616038|
616039|
616064|
616065|
616066|
616067|
616068|
616069|
616070|
616071|
616096|
616097|
616098|
616099|
616100|
616101|
616102|
616103|
616128|
616129|
616130|
616131|
616132|
616133|
616134|
616135|
616160|
616161|
616162|
616163|
616164|
616165|
616166|
616167|
616192|
616193|
616194|
616195|
616196|
616197|
616198|
616199|
616224|
616225|
616226|
616227|
616228|
616229|
616230|
616231|
616256|
616257|
616258|
616259|
616260|
616261|
616262|
616263|
616288|
616289|
616290|
616291|
616292|
616293|
616294|
616295|
616320|
616321|
616322|
616323|
616324|
616325|
616326|
616327|
616352|
616353|
616354|
616355|
616356|
616357|
616358|
616359|
616384|
616385|
616386|
616387|
616388|
616389|
616390|
616391|
616416|
616417|
616418|
616419|
616420|
616421|
616422|
616423|
616448|
616449|
616450|
616451|
616452|
616453|
616454|
616455|
616480|
616481|
616482|
616483|
616484|
616485|
616486|
616487|
616512|
616513|
616514|
616515|
616516|
616517|
616518|
616519|
616544|
616545|
616546|
616547|
616548|
616549|
616550|
616551|
616576|
616577|
616578|
616579|
616580|
616581|
616582|
616583|
616608|
616609|
616610|
616611|
616612|
616613|
616614|
616615|
616640|
616641|
616642|
616643|
616644|
616645|
616646|
616647|
616672|
616673|
616674|
616675|
616676|
616677|
616678|
616679|
616704|
616705|
616706|
616707|
616708|
616709|
616710|
616711|
616736|
616737|
616738|
616739|
616740|
616741|
616742|
616743|
616768|
616769|
616770|
616771|
616772|
616773|
616774|
616775|
616800|
616801|
616802|
616803|
616804|
616805|
616806|
616807|
616832|
616833|
616834|
616835|
616836|
616837|
616838|
616839|
616864|
616865|
616866|
616867|
616868|
616869|
616870|
616871|
616896|
616897|
616898|
616899|
616900|
616901|
616902|
616903|
616928|
616929|
616930|
616931|
616932|
616933|
616934|
616935|
616960|
616961|
616962|
616963|
616964|
616965|
616966|
616967|
616992|
616993|
616994|
616995|
616996|
616997|
616998|
616999|
617024|
617025|
617026|
617027|
617028|
617029|
617030|
617031|
617056|
617057|
617058|
617059|
617060|
617061|
617062|
617063|
617088|
617089|
617090|
617091|
617092|
617093|
617094|
617095|
617120|
617121|
617122|
617123|
617124|
617125|
617126|
617127|
617152|
617153|
617154|
617155|
617156|
617157|
617158|
617159|
617184|
617185|
617186|
617187|
617188|
617189|
617190|
617191|
617216|
617217|
617218|
617219|
617220|
617221|
617222|
617223|
617248|
617249|
617250|
617251|
617252|
617253|
617254|
617255|
617280|
617281|
617282|
617283|
617284|
617285|
617286|
617287|
617312|
617313|
617314|
617315|
617316|
617317|
617318|
617319|
617344|
617345|
617346|
617347|
617348|
617349|
617350|
617351|
617376|
617377|
617378|
617379|
617380|
617381|
617382|
617383|
617408|
617409|
617410|
617411|
617412|
617413|
617414|
617415|
617440|
617441|
617442|
617443|
617444|
617445|
617446|
617447|
617472|
617473|
617474|
617475|
617476|
617477|
617478|
617479|
617504|
617505|
617506|
617507|
617508|
617509|
617510|
617511|
617536|
617537|
617538|
617539|
617540|
617541|
617542|
617543|
617568|
617569|
617570|
617571|
617572|
617573|
617574|
617575|
617600|
617601|
617602|
617603|
617604|
617605|
617606|
617607|
617632|
617633|
617634|
617635|
617636|
617637|
617638|
617639|
617664|
617665|
617666|
617667|
617668|
617669|
617670|
617671|
617696|
617697|
617698|
617699|
617700|
617701|
617702|
617703|
617728|
617729|
617730|
617731|
617732|
617733|
617734|
617735|
617760|
617761|
617762|
617763|
617764|
617765|
617766|
617767|
617792|
617793|
617794|
617795|
617796|
617797|
617798|
617799|
617824|
617825|
617826|
617827|
617828|
617829|
617830|
617831|
617856|
617857|
617858|
617859|
617860|
617861|
617862|
617863|
617888|
617889|
617890|
617891|
617892|
617893|
617894|
617895|
617920|
617921|
617922|
617923|
617924|
617925|
617926|
617927|
617952|
617953|
617954|
617955|
617956|
617957|
617958|
617959|
617984|
617985|
617986|
617987|
617988|
