1529989|
1529990|
1529991|
1530016|
1530017|
1530018|
1530019|
1530020|
1530021|
1530022|
1530023|
1530048|
1530049|
1530050|
1530051|
1530052|
1530053|
1530054|
1530055|
1530080|
1530081|
1530082|
1530083|
1530084|
1530085|
1530086|
1530087|
1530112|
1530113|
1530114|
1530115|
1530116|
1530117|
1530118|
1530119|
1530144|
1530145|
1530146|
1530147|
1530148|
1530149|
1530150|
1530151|
1530176|
1530177|
1530178|
1530179|
1530180|
1530181|
1530182|
1530183|
1530208|
1530209|
1530210|
1530211|
1530212|
1530213|
1530214|
1530215|
1530240|
1530241|
1530242|
1530243|
1530244|
1530245|
1530246|
1530247|
1530272|
1530273|
1530274|
1530275|
1530276|
1530277|
1530278|
1530279|
1530304|
1530305|
1530306|
1530307|
1530308|
1530309|
1530310|
1530311|
1530336|
1530337|
1530338|
1530339|
1530340|
1530341|
1530342|
1530343|
1530368|
1530369|
1530370|
1530371|
1530372|
1530373|
1530374|
1530375|
1530400|
1530401|
1530402|
1530403|
1530404|
1530405|
1530406|
1530407|
1530432|
1530433|
1530434|
1530435|
1530436|
1530437|
1530438|
1530439|
1530464|
1530465|
1530466|
1530467|
1530468|
1530469|
1530470|
1530471|
1530496|
1530497|
1530498|
1530499|
1530500|
1530501|
1530502|
1530503|
1530528|
1530529|
1530530|
1530531|
1530532|
1530533|
1530534|
1530535|
1530560|
1530561|
1530562|
1530563|
1530564|
1530565|
1530566|
1530567|
1530592|
1530593|
1530594|
1530595|
1530596|
1530597|
1530598|
1530599|
1530624|
1530625|
1530626|
1530627|
1530628|
1530629|
1530630|
1530631|
1530656|
1530657|
1530658|
1530659|
1530660|
1530661|
1530662|
1530663|
1530688|
1530689|
1530690|
1530691|
1530692|
1530693|
1530694|
1530695|
1530720|
1530721|
1530722|
1530723|
1530724|
1530725|
1530726|
1530727|
1530752|
1530753|
1530754|
1530755|
1530756|
1530757|
1530758|
1530759|
1530784|
1530785|
1530786|
1530787|
1530788|
1530789|
1530790|
1530791|
1530816|
1530817|
1530818|
1530819|
1530820|
1530821|
1530822|
1530823|
1530848|
1530849|
1530850|
1530851|
1530852|
1530853|
1530854|
1530855|
1530880|
1530881|
1530882|
1530883|
1530884|
1530885|
1530886|
1530887|
1530912|
1530913|
1530914|
1530915|
1530916|
1530917|
1530918|
1530919|
1530944|
1530945|
1530946|
1530947|
1530948|
1530949|
1530950|
1530951|
1530976|
1530977|
1530978|
1530979|
1530980|
1530981|
1530982|
1530983|
1531008|
1531009|
1531010|
1531011|
1531012|
1531013|
1531014|
1531015|
1531040|
1531041|
1531042|
1531043|
1531044|
1531045|
1531046|
1531047|
1531072|
1531073|
1531074|
1531075|
1531076|
1531077|
1531078|
1531079|
1531104|
1531105|
1531106|
1531107|
1531108|
1531109|
1531110|
1531111|
1531136|
1531137|
1531138|
1531139|
1531140|
1531141|
1531142|
1531143|
1531168|
1531169|
1531170|
1531171|
1531172|
1531173|
1531174|
1531175|
1531200|
1531201|
1531202|
1531203|
1531204|
1531205|
1531206|
1531207|
1531232|
1531233|
1531234|
1531235|
1531236|
1531237|
1531238|
1531239|
1531264|
1531265|
1531266|
1531267|
1531268|
1531269|
1531270|
1531271|
1531296|
1531297|
1531298|
1531299|
1531300|
1531301|
1531302|
1531303|
1531328|
1531329|
1531330|
1531331|
1531332|
1531333|
1531334|
1531335|
1531360|
1531361|
1531362|
1531363|
1531364|
1531365|
1531366|
1531367|
1531392|
1531393|
1531394|
1531395|
1531396|
1531397|
1531398|
1531399|
1531424|
1531425|
1531426|
1531427|
1531428|
1531429|
1531430|
1531431|
1531456|
1531457|
1531458|
1531459|
1531460|
1531461|
1531462|
1531463|
1531488|
1531489|
1531490|
1531491|
1531492|
1531493|
1531494|
1531495|
1531520|
1531521|
1531522|
1531523|
1531524|
1531525|
1531526|
1531527|
1531552|
1531553|
1531554|
1531555|
1531556|
1531557|
1531558|
1531559|
1531584|
1531585|
1531586|
1531587|
1531588|
1531589|
1531590|
1531591|
1531616|
1531617|
1531618|
1531619|
1531620|
1531621|
1531622|
1531623|
1531648|
1531649|
1531650|
1531651|
1531652|
1531653|
1531654|
1531655|
1531680|
1531681|
1531682|
1531683|
1531684|
1531685|
1531686|
1531687|
1531712|
1531713|
1531714|
1531715|
1531716|
1531717|
1531718|
1531719|
1531744|
1531745|
1531746|
1531747|
1531748|
1531749|
1531750|
1531751|
1531776|
1531777|
1531778|
1531779|
1531780|
1531781|
1531782|
1531783|
1531808|
1531809|
1531810|
1531811|
1531812|
1531813|
1531814|
1531815|
1531840|
1531841|
1531842|
1531843|
1531844|
1531845|
1531846|
1531847|
1531872|
1531873|
1531874|
1531875|
1531876|
1531877|
1531878|
1531879|
1531904|
1531905|
1531906|
1531907|
1531908|
1531909|
1531910|
1531911|
1531936|
1531937|
1531938|
1531939|
1531940|
1531941|
1531942|
1531943|
1531968|
1531969|
1531970|
1531971|
1531972|
1531973|
1531974|
1531975|
1532000|
1532001|
1532002|
1532003|
1532004|
1532005|
1532006|
1532007|
1532032|
1532033|
1532034|
1532035|
1532036|
1532037|
1532038|
1532039|
1532064|
1532065|
1532066|
1532067|
1532068|
1532069|
1532070|
1532071|
1532096|
1532097|
1532098|
1532099|
1532100|
1532101|
1532102|
1532103|
1532128|
1532129|
1532130|
1532131|
1532132|
1532133|
1532134|
1532135|
1532160|
1532161|
1532162|
1532163|
1532164|
1532165|
1532166|
1532167|
1532192|
1532193|
1532194|
1532195|
1532196|
1532197|
1532198|
1532199|
1532224|
1532225|
1532226|
1532227|
1532228|
1532229|
1532230|
1532231|
1532256|
1532257|
1532258|
1532259|
1532260|
1532261|
1532262|
1532263|
1532288|
1532289|
1532290|
1532291|
1532292|
1532293|
1532294|
1532295|
1532320|
1532321|
1532322|
1532323|
1532324|
1532325|
1532326|
1532327|
1532352|
1532353|
1532354|
1532355|
1532356|
1532357|
1532358|
1532359|
1532384|
1532385|
1532386|
1532387|
1532388|
1532389|
1532390|
1532391|
1532416|
1532417|
1532418|
1532419|
1532420|
1532421|
1532422|
1532423|
1532448|
1532449|
1532450|
1532451|
1532452|
1532453|
1532454|
1532455|
1532480|
1532481|
1532482|
1532483|
1532484|
1532485|
1532486|
1532487|
1532512|
1532513|
1532514|
1532515|
1532516|
1532517|
1532518|
1532519|
1532544|
1532545|
1532546|
1532547|
1532548|
1532549|
1532550|
1532551|
1532576|
1532577|
1532578|
1532579|
1532580|
1532581|
1532582|
1532583|
1532608|
1532609|
1532610|
1532611|
1532612|
1532613|
1532614|
1532615|
1532640|
1532641|
1532642|
1532643|
1532644|
1532645|
1532646|
1532647|
1532672|
1532673|
1532674|
1532675|
1532676|
1532677|
1532678|
1532679|
1532704|
1532705|
1532706|
1532707|
1532708|
1532709|
1532710|
1532711|
1532736|
1532737|
1532738|
1532739|
1532740|
1532741|
1532742|
1532743|
1532768|
1532769|
1532770|
1532771|
1532772|
1532773|
1532774|
1532775|
1532800|
1532801|
1532802|
1532803|
1532804|
1532805|
1532806|
1532807|
1532832|
1532833|
1532834|
1532835|
1532836|
1532837|
1532838|
1532839|
1532864|
1532865|
1532866|
1532867|
1532868|
1532869|
1532870|
1532871|
1532896|
1532897|
1532898|
1532899|
1532900|
1532901|
1532902|
1532903|
1532928|
1532929|
1532930|
1532931|
1532932|
1532933|
1532934|
1532935|
1532960|
1532961|
1532962|
1532963|
1532964|
1532965|
1532966|
1532967|
1532992|
1532993|
1532994|
1532995|
1532996|
1532997|
1532998|
1532999|
1533024|
1533025|
1533026|
1533027|
1533028|
1533029|
1533030|
1533031|
1533056|
1533057|
1533058|
1533059|
1533060|
1533061|
1533062|
1533063|
1533088|
1533089|
1533090|
1533091|
1533092|
1533093|
1533094|
1533095|
1533120|
1533121|
1533122|
1533123|
1533124|
1533125|
1533126|
1533127|
1533152|
1533153|
1533154|
1533155|
1533156|
1533157|
1533158|
1533159|
1533184|
1533185|
1533186|
1533187|
1533188|
1533189|
1533190|
1533191|
1533216|
1533217|
1533218|
1533219|
1533220|
1533221|
1533222|
1533223|
1533248|
1533249|
1533250|
1533251|
1533252|
1533253|
1533254|
1533255|
1533280|
1533281|
1533282|
1533283|
1533284|
1533285|
1533286|
1533287|
1533312|
1533313|
1533314|
1533315|
1533316|
1533317|
1533318|
1533319|
1533344|
1533345|
1533346|
1533347|
1533348|
1533349|
1533350|
1533351|
1533376|
1533377|
1533378|
1533379|
1533380|
1533381|
1533382|
1533383|
1533408|
1533409|
1533410|
1533411|
1533412|
1533413|
1533414|
1533415|
1533440|
1533441|
1533442|
1533443|
1533444|
1533445|
1533446|
1533447|
1533472|
1533473|
1533474|
1533475|
1533476|
1533477|
1533478|
1533479|
1533504|
1533505|
1533506|
1533507|
1533508|
1533509|
1533510|
1533511|
1533536|
1533537|
1533538|
1533539|
1533540|
1533541|
1533542|
1533543|
1533568|
1533569|
1533570|
1533571|
1533572|
1533573|
1533574|
1533575|
1533600|
1533601|
1533602|
1533603|
1533604|
1533605|
1533606|
1533607|
1533632|
1533633|
1533634|
1533635|
1533636|
1533637|
1533638|
1533639|
1533664|
1533665|
1533666|
1533667|
1533668|
1533669|
1533670|
1533671|
1533696|
1533697|
1533698|
1533699|
1533700|
1533701|
1533702|
1533703|
1533728|
1533729|
1533730|
1533731|
1533732|
1533733|
1533734|
1533735|
1533760|
1533761|
1533762|
1533763|
1533764|
1533765|
1533766|
1533767|
1533792|
1533793|
1533794|
1533795|
1533796|
1533797|
1533798|
1533799|
1533824|
1533825|
1533826|
1533827|
1533828|
1533829|
1533830|
1533831|
1533856|
1533857|
1533858|
1533859|
1533860|
1533861|
1533862|
1533863|
1533888|
1533889|
1533890|
1533891|
1533892|
1533893|
1533894|
1533895|
1533920|
1533921|
1533922|
1533923|
1533924|
1533925|
1533926|
1533927|
1533952|
1533953|
1533954|
1533955|
1533956|
1533957|
1533958|
1533959|
1533984|
1533985|
1533986|
1533987|
1533988|
1533989|
1533990|
1533991|
1534016|
1534017|
1534018|
1534019|
1534020|
1534021|
1534022|
1534023|
1534048|
1534049|
1534050|
1534051|
1534052|
1534053|
1534054|
1534055|
1534080|
1534081|
1534082|
1534083|
1534084|
1534085|
1534086|
1534087|
1534112|
1534113|
1534114|
1534115|
1534116|
1534117|
1534118|
1534119|
1534144|
1534145|
1534146|
1534147|
1534148|
1534149|
1534150|
1534151|
1534176|
1534177|
1534178|
1534179|
1534180|
1534181|
1534182|
1534183|
1534208|
1534209|
1534210|
1534211|
1534212|
1534213|
1534214|
1534215|
1534240|
1534241|
1534242|
1534243|
1534244|
1534245|
1534246|
1534247|
1534272|
1534273|
1534274|
1534275|
1534276|
1534277|
1534278|
1534279|
1534304|
1534305|
1534306|
1534307|
1534308|
1534309|
1534310|
1534311|
1534336|
1534337|
1534338|
1534339|
1534340|
1534341|
1534342|
1534343|
1534368|
1534369|
1534370|
1534371|
1534372|
1534373|
1534374|
1534375|
1534400|
1534401|
1534402|
1534403|
1534404|
1534405|
1534406|
1534407|
1534432|
1534433|
1534434|
1534435|
1534436|
1534437|
1534438|
1534439|
1534464|
1534465|
1534466|
1534467|
1534468|
1534469|
1534470|
1534471|
1534496|
1534497|
1534498|
1534499|
1534500|
1534501|
1534502|
1534503|
1534528|
1534529|
1534530|
1534531|
1534532|
1534533|
1534534|
1534535|
1534560|
1534561|
1534562|
1534563|
1534564|
1534565|
1534566|
1534567|
1534592|
1534593|
1534594|
1534595|
1534596|
1534597|
1534598|
1534599|
1534624|
1534625|
1534626|
1534627|
1534628|
1534629|
1534630|
1534631|
1534656|
1534657|
1534658|
1534659|
1534660|
1534661|
1534662|
1534663|
1534688|
1534689|
1534690|
1534691|
1534692|
1534693|
1534694|
1534695|
1534720|
1534721|
1534722|
1534723|
1534724|
1534725|
1534726|
1534727|
1534752|
1534753|
1534754|
1534755|
1534756|
1534757|
1534758|
1534759|
1534784|
1534785|
1534786|
1534787|
1534788|
1534789|
1534790|
1534791|
1534816|
1534817|
1534818|
1534819|
1534820|
1534821|
1534822|
1534823|
1534848|
1534849|
1534850|
1534851|
1534852|
1534853|
1534854|
1534855|
1534880|
1534881|
1534882|
1534883|
1534884|
1534885|
1534886|
1534887|
1534912|
1534913|
1534914|
1534915|
1534916|
1534917|
1534918|
1534919|
1534944|
1534945|
1534946|
1534947|
1534948|
1534949|
1534950|
1534951|
1534976|
1534977|
1534978|
1534979|
1534980|
1534981|
1534982|
1534983|
1535008|
1535009|
1535010|
1535011|
1535012|
1535013|
1535014|
1535015|
1535040|
1535041|
1535042|
1535043|
1535044|
1535045|
1535046|
1535047|
1535072|
1535073|
1535074|
1535075|
1535076|
1535077|
1535078|
1535079|
1535104|
1535105|
1535106|
1535107|
1535108|
1535109|
1535110|
1535111|
1535136|
1535137|
1535138|
1535139|
1535140|
1535141|
1535142|
1535143|
1535168|
1535169|
1535170|
1535171|
1535172|
1535173|
1535174|
1535175|
1535200|
1535201|
1535202|
1535203|
1535204|
1535205|
1535206|
1535207|
1535232|
1535233|
1535234|
1535235|
1535236|
1535237|
1535238|
1535239|
1535264|
1535265|
1535266|
1535267|
1535268|
1535269|
1535270|
1535271|
1535296|
1535297|
1535298|
1535299|
1535300|
1535301|
1535302|
1535303|
1535328|
1535329|
1535330|
1535331|
1535332|
1535333|
1535334|
1535335|
1535360|
1535361|
1535362|
1535363|
1535364|
1535365|
1535366|
1535367|
1535392|
1535393|
1535394|
1535395|
1535396|
1535397|
1535398|
1535399|
1535424|
1535425|
1535426|
1535427|
1535428|
1535429|
1535430|
1535431|
1535456|
1535457|
1535458|
1535459|
1535460|
1535461|
1535462|
1535463|
1535488|
1535489|
1535490|
1535491|
1535492|
1535493|
1535494|
1535495|
1535520|
1535521|
1535522|
1535523|
1535524|
1535525|
1535526|
1535527|
1535552|
1535553|
1535554|
1535555|
1535556|
1535557|
1535558|
1535559|
1535584|
1535585|
1535586|
1535587|
1535588|
1535589|
1535590|
1535591|
1535616|
1535617|
1535618|
1535619|
1535620|
1535621|
1535622|
1535623|
1535648|
1535649|
1535650|
1535651|
1535652|
1535653|
1535654|
1535655|
1535680|
1535681|
1535682|
1535683|
1535684|
1535685|
1535686|
1535687|
1535712|
1535713|
1535714|
1535715|
1535716|
1535717|
1535718|
1535719|
1535744|
1535745|
1535746|
1535747|
1535748|
1535749|
1535750|
1535751|
1535776|
1535777|
1535778|
1535779|
1535780|
1535781|
1535782|
1535783|
1535808|
1535809|
1535810|
1535811|
1535812|
1535813|
1535814|
1535815|
1535840|
1535841|
1535842|
1535843|
1535844|
1535845|
1535846|
1535847|
1535872|
1535873|
1535874|
1535875|
1535876|
1535877|
1535878|
1535879|
1535904|
1535905|
1535906|
1535907|
1535908|
1535909|
1535910|
1535911|
1535936|
1535937|
1535938|
1535939|
1535940|
1535941|
1535942|
1535943|
1535968|
1535969|
1535970|
1535971|
1535972|
1535973|
1535974|
1535975|
1536000|
