2928001|
2928002|
2928003|
2928004|
2928005|
2928006|
2928007|
2928032|
2928033|
2928034|
2928035|
2928036|
2928037|
2928038|
2928039|
2928064|
2928065|
2928066|
2928067|
2928068|
2928069|
2928070|
2928071|
2928096|
2928097|
2928098|
2928099|
2928100|
2928101|
2928102|
2928103|
2928128|
2928129|
2928130|
2928131|
2928132|
2928133|
2928134|
2928135|
2928160|
2928161|
2928162|
2928163|
2928164|
2928165|
2928166|
2928167|
2928192|
2928193|
2928194|
2928195|
2928196|
2928197|
2928198|
2928199|
2928224|
2928225|
2928226|
2928227|
2928228|
2928229|
2928230|
2928231|
2928256|
2928257|
2928258|
2928259|
2928260|
2928261|
2928262|
2928263|
2928288|
2928289|
2928290|
2928291|
2928292|
2928293|
2928294|
2928295|
2928320|
2928321|
2928322|
2928323|
2928324|
2928325|
2928326|
2928327|
2928352|
2928353|
2928354|
2928355|
2928356|
2928357|
2928358|
2928359|
2928384|
2928385|
2928386|
2928387|
2928388|
2928389|
2928390|
2928391|
2928416|
2928417|
2928418|
2928419|
2928420|
2928421|
2928422|
2928423|
2928448|
2928449|
2928450|
2928451|
2928452|
2928453|
2928454|
2928455|
2928480|
2928481|
2928482|
2928483|
2928484|
2928485|
2928486|
2928487|
2928512|
2928513|
2928514|
2928515|
2928516|
2928517|
2928518|
2928519|
2928544|
2928545|
2928546|
2928547|
2928548|
2928549|
2928550|
2928551|
2928576|
2928577|
2928578|
2928579|
2928580|
2928581|
2928582|
2928583|
2928608|
2928609|
2928610|
2928611|
2928612|
2928613|
2928614|
2928615|
2928640|
2928641|
2928642|
2928643|
2928644|
2928645|
2928646|
2928647|
2928672|
2928673|
2928674|
2928675|
2928676|
2928677|
2928678|
2928679|
2928704|
2928705|
2928706|
2928707|
2928708|
2928709|
2928710|
2928711|
2928736|
2928737|
2928738|
2928739|
2928740|
2928741|
2928742|
2928743|
2928768|
2928769|
2928770|
2928771|
2928772|
2928773|
2928774|
2928775|
2928800|
2928801|
2928802|
2928803|
2928804|
2928805|
2928806|
2928807|
2928832|
2928833|
2928834|
2928835|
2928836|
2928837|
2928838|
2928839|
2928864|
2928865|
2928866|
2928867|
2928868|
2928869|
2928870|
2928871|
2928896|
2928897|
2928898|
2928899|
2928900|
2928901|
2928902|
2928903|
2928928|
2928929|
2928930|
2928931|
2928932|
2928933|
2928934|
2928935|
2928960|
2928961|
2928962|
2928963|
2928964|
2928965|
2928966|
2928967|
2928992|
2928993|
2928994|
2928995|
2928996|
2928997|
2928998|
2928999|
2929024|
2929025|
2929026|
2929027|
2929028|
2929029|
2929030|
2929031|
2929056|
2929057|
2929058|
2929059|
2929060|
2929061|
2929062|
2929063|
2929088|
2929089|
2929090|
2929091|
2929092|
2929093|
2929094|
2929095|
2929120|
2929121|
2929122|
2929123|
2929124|
2929125|
2929126|
2929127|
2929152|
2929153|
2929154|
2929155|
2929156|
2929157|
2929158|
2929159|
2929184|
2929185|
2929186|
2929187|
2929188|
2929189|
2929190|
2929191|
2929216|
2929217|
2929218|
2929219|
2929220|
2929221|
2929222|
2929223|
2929248|
2929249|
2929250|
2929251|
2929252|
2929253|
2929254|
2929255|
2929280|
2929281|
2929282|
2929283|
2929284|
2929285|
2929286|
2929287|
2929312|
2929313|
2929314|
2929315|
2929316|
2929317|
2929318|
2929319|
2929344|
2929345|
2929346|
2929347|
2929348|
2929349|
2929350|
2929351|
2929376|
2929377|
2929378|
2929379|
2929380|
2929381|
2929382|
2929383|
2929408|
2929409|
2929410|
2929411|
2929412|
2929413|
2929414|
2929415|
2929440|
2929441|
2929442|
2929443|
2929444|
2929445|
2929446|
2929447|
2929472|
2929473|
2929474|
2929475|
2929476|
2929477|
2929478|
2929479|
2929504|
2929505|
2929506|
2929507|
2929508|
2929509|
2929510|
2929511|
2929536|
2929537|
2929538|
2929539|
2929540|
2929541|
2929542|
2929543|
2929568|
2929569|
2929570|
2929571|
2929572|
2929573|
2929574|
2929575|
2929600|
2929601|
2929602|
2929603|
2929604|
2929605|
2929606|
2929607|
2929632|
2929633|
2929634|
2929635|
2929636|
2929637|
2929638|
2929639|
2929664|
2929665|
2929666|
2929667|
2929668|
2929669|
2929670|
2929671|
2929696|
2929697|
2929698|
2929699|
2929700|
2929701|
2929702|
2929703|
2929728|
2929729|
2929730|
2929731|
2929732|
2929733|
2929734|
2929735|
2929760|
2929761|
2929762|
2929763|
2929764|
2929765|
2929766|
2929767|
2929792|
2929793|
2929794|
2929795|
2929796|
2929797|
2929798|
2929799|
2929824|
2929825|
2929826|
2929827|
2929828|
2929829|
2929830|
2929831|
2929856|
2929857|
2929858|
2929859|
2929860|
2929861|
2929862|
2929863|
2929888|
2929889|
2929890|
2929891|
2929892|
2929893|
2929894|
2929895|
2929920|
2929921|
2929922|
2929923|
2929924|
2929925|
2929926|
2929927|
2929952|
2929953|
2929954|
2929955|
2929956|
2929957|
2929958|
2929959|
2929984|
2929985|
2929986|
2929987|
2929988|
2929989|
2929990|
2929991|
2930016|
2930017|
2930018|
2930019|
2930020|
2930021|
2930022|
2930023|
2930048|
2930049|
2930050|
2930051|
2930052|
2930053|
2930054|
2930055|
2930080|
2930081|
2930082|
2930083|
2930084|
2930085|
2930086|
2930087|
2930112|
2930113|
2930114|
2930115|
2930116|
2930117|
2930118|
2930119|
2930144|
2930145|
2930146|
2930147|
2930148|
2930149|
2930150|
2930151|
2930176|
2930177|
2930178|
2930179|
2930180|
2930181|
2930182|
2930183|
2930208|
2930209|
2930210|
2930211|
2930212|
2930213|
2930214|
2930215|
2930240|
2930241|
2930242|
2930243|
2930244|
2930245|
2930246|
2930247|
2930272|
2930273|
2930274|
2930275|
2930276|
2930277|
2930278|
2930279|
2930304|
2930305|
2930306|
2930307|
2930308|
2930309|
2930310|
2930311|
2930336|
2930337|
2930338|
2930339|
2930340|
2930341|
2930342|
2930343|
2930368|
2930369|
2930370|
2930371|
2930372|
2930373|
2930374|
2930375|
2930400|
2930401|
2930402|
2930403|
2930404|
2930405|
2930406|
2930407|
2930432|
2930433|
2930434|
2930435|
2930436|
2930437|
2930438|
2930439|
2930464|
2930465|
2930466|
2930467|
2930468|
2930469|
2930470|
2930471|
2930496|
2930497|
2930498|
2930499|
2930500|
2930501|
2930502|
2930503|
2930528|
2930529|
2930530|
2930531|
2930532|
2930533|
2930534|
2930535|
2930560|
2930561|
2930562|
2930563|
2930564|
2930565|
2930566|
2930567|
2930592|
2930593|
2930594|
2930595|
2930596|
2930597|
2930598|
2930599|
2930624|
2930625|
2930626|
2930627|
2930628|
2930629|
2930630|
2930631|
2930656|
2930657|
2930658|
2930659|
2930660|
2930661|
2930662|
2930663|
2930688|
2930689|
2930690|
2930691|
2930692|
2930693|
2930694|
2930695|
2930720|
2930721|
2930722|
2930723|
2930724|
2930725|
2930726|
2930727|
2930752|
2930753|
2930754|
2930755|
2930756|
2930757|
2930758|
2930759|
2930784|
2930785|
2930786|
2930787|
2930788|
2930789|
2930790|
2930791|
2930816|
2930817|
2930818|
2930819|
2930820|
2930821|
2930822|
2930823|
2930848|
2930849|
2930850|
2930851|
2930852|
2930853|
2930854|
2930855|
2930880|
2930881|
2930882|
2930883|
2930884|
2930885|
2930886|
2930887|
2930912|
2930913|
2930914|
2930915|
2930916|
2930917|
2930918|
2930919|
2930944|
2930945|
2930946|
2930947|
2930948|
2930949|
2930950|
2930951|
2930976|
2930977|
2930978|
2930979|
2930980|
2930981|
2930982|
2930983|
2931008|
2931009|
2931010|
2931011|
2931012|
2931013|
2931014|
2931015|
2931040|
2931041|
2931042|
2931043|
2931044|
2931045|
2931046|
2931047|
2931072|
2931073|
2931074|
2931075|
2931076|
2931077|
2931078|
2931079|
2931104|
2931105|
2931106|
2931107|
2931108|
2931109|
2931110|
2931111|
2931136|
2931137|
2931138|
2931139|
2931140|
2931141|
2931142|
2931143|
2931168|
2931169|
2931170|
2931171|
2931172|
2931173|
2931174|
2931175|
2931200|
2931201|
2931202|
2931203|
2931204|
2931205|
2931206|
2931207|
2931232|
2931233|
2931234|
2931235|
2931236|
2931237|
2931238|
2931239|
2931264|
2931265|
2931266|
2931267|
2931268|
2931269|
2931270|
2931271|
2931296|
2931297|
2931298|
2931299|
2931300|
2931301|
2931302|
2931303|
2931328|
2931329|
2931330|
2931331|
2931332|
2931333|
2931334|
2931335|
2931360|
2931361|
2931362|
2931363|
2931364|
2931365|
2931366|
2931367|
2931392|
2931393|
2931394|
2931395|
2931396|
2931397|
2931398|
2931399|
2931424|
2931425|
2931426|
2931427|
2931428|
2931429|
2931430|
2931431|
2931456|
2931457|
2931458|
2931459|
2931460|
2931461|
2931462|
2931463|
2931488|
2931489|
2931490|
2931491|
2931492|
2931493|
2931494|
2931495|
2931520|
2931521|
2931522|
2931523|
2931524|
2931525|
2931526|
2931527|
2931552|
2931553|
2931554|
2931555|
2931556|
2931557|
2931558|
2931559|
2931584|
2931585|
2931586|
2931587|
2931588|
2931589|
2931590|
2931591|
2931616|
2931617|
2931618|
2931619|
2931620|
2931621|
2931622|
2931623|
2931648|
2931649|
2931650|
2931651|
2931652|
2931653|
2931654|
2931655|
2931680|
2931681|
2931682|
2931683|
2931684|
2931685|
2931686|
2931687|
2931712|
2931713|
2931714|
2931715|
2931716|
2931717|
2931718|
2931719|
2931744|
2931745|
2931746|
2931747|
2931748|
2931749|
2931750|
2931751|
2931776|
2931777|
2931778|
2931779|
2931780|
2931781|
2931782|
2931783|
2931808|
2931809|
2931810|
2931811|
2931812|
2931813|
2931814|
2931815|
2931840|
2931841|
2931842|
2931843|
2931844|
2931845|
2931846|
2931847|
2931872|
2931873|
2931874|
2931875|
2931876|
2931877|
2931878|
2931879|
2931904|
2931905|
2931906|
2931907|
2931908|
2931909|
2931910|
2931911|
2931936|
2931937|
2931938|
2931939|
2931940|
2931941|
2931942|
2931943|
2931968|
2931969|
2931970|
2931971|
2931972|
2931973|
2931974|
2931975|
2932000|
2932001|
2932002|
2932003|
2932004|
2932005|
2932006|
2932007|
2932032|
2932033|
2932034|
2932035|
2932036|
2932037|
2932038|
2932039|
2932064|
2932065|
2932066|
2932067|
2932068|
2932069|
2932070|
2932071|
2932096|
2932097|
2932098|
2932099|
2932100|
2932101|
2932102|
2932103|
2932128|
2932129|
2932130|
2932131|
2932132|
2932133|
2932134|
2932135|
2932160|
2932161|
2932162|
2932163|
2932164|
2932165|
2932166|
2932167|
2932192|
2932193|
2932194|
2932195|
2932196|
2932197|
2932198|
2932199|
2932224|
2932225|
2932226|
2932227|
2932228|
2932229|
2932230|
2932231|
2932256|
2932257|
2932258|
2932259|
2932260|
2932261|
2932262|
2932263|
2932288|
2932289|
2932290|
2932291|
2932292|
2932293|
2932294|
2932295|
2932320|
2932321|
2932322|
2932323|
2932324|
2932325|
2932326|
2932327|
2932352|
2932353|
2932354|
2932355|
2932356|
2932357|
2932358|
2932359|
2932384|
2932385|
2932386|
2932387|
2932388|
2932389|
2932390|
2932391|
2932416|
2932417|
2932418|
2932419|
2932420|
2932421|
2932422|
2932423|
2932448|
2932449|
2932450|
2932451|
2932452|
2932453|
2932454|
2932455|
2932480|
2932481|
2932482|
2932483|
2932484|
2932485|
2932486|
2932487|
2932512|
2932513|
2932514|
2932515|
2932516|
2932517|
2932518|
2932519|
2932544|
2932545|
2932546|
2932547|
2932548|
2932549|
2932550|
2932551|
2932576|
2932577|
2932578|
2932579|
2932580|
2932581|
2932582|
2932583|
2932608|
2932609|
2932610|
2932611|
2932612|
2932613|
2932614|
2932615|
2932640|
2932641|
2932642|
2932643|
2932644|
2932645|
2932646|
2932647|
2932672|
2932673|
2932674|
2932675|
2932676|
2932677|
2932678|
2932679|
2932704|
2932705|
2932706|
2932707|
2932708|
2932709|
2932710|
2932711|
2932736|
2932737|
2932738|
2932739|
2932740|
2932741|
2932742|
2932743|
2932768|
2932769|
2932770|
2932771|
2932772|
2932773|
2932774|
2932775|
2932800|
2932801|
2932802|
2932803|
2932804|
2932805|
2932806|
2932807|
2932832|
2932833|
2932834|
2932835|
2932836|
2932837|
2932838|
2932839|
2932864|
2932865|
2932866|
2932867|
2932868|
2932869|
2932870|
2932871|
2932896|
2932897|
2932898|
2932899|
2932900|
2932901|
2932902|
2932903|
2932928|
2932929|
2932930|
2932931|
2932932|
2932933|
2932934|
2932935|
2932960|
2932961|
2932962|
2932963|
2932964|
2932965|
2932966|
2932967|
2932992|
2932993|
2932994|
2932995|
2932996|
2932997|
2932998|
2932999|
2933024|
2933025|
2933026|
2933027|
2933028|
2933029|
2933030|
2933031|
2933056|
2933057|
2933058|
2933059|
2933060|
2933061|
2933062|
2933063|
2933088|
2933089|
2933090|
2933091|
2933092|
2933093|
2933094|
2933095|
2933120|
2933121|
2933122|
2933123|
2933124|
2933125|
2933126|
2933127|
2933152|
2933153|
2933154|
2933155|
2933156|
2933157|
2933158|
2933159|
2933184|
2933185|
2933186|
2933187|
2933188|
2933189|
2933190|
2933191|
2933216|
2933217|
2933218|
2933219|
2933220|
2933221|
2933222|
2933223|
2933248|
2933249|
2933250|
2933251|
2933252|
2933253|
2933254|
2933255|
2933280|
2933281|
2933282|
2933283|
2933284|
2933285|
2933286|
2933287|
2933312|
2933313|
2933314|
2933315|
2933316|
2933317|
2933318|
2933319|
2933344|
2933345|
2933346|
2933347|
2933348|
2933349|
2933350|
2933351|
2933376|
2933377|
2933378|
2933379|
2933380|
2933381|
2933382|
2933383|
2933408|
2933409|
2933410|
2933411|
2933412|
2933413|
2933414|
2933415|
2933440|
2933441|
2933442|
2933443|
2933444|
2933445|
2933446|
2933447|
2933472|
2933473|
2933474|
2933475|
2933476|
2933477|
2933478|
2933479|
2933504|
2933505|
2933506|
2933507|
2933508|
2933509|
2933510|
2933511|
2933536|
2933537|
2933538|
2933539|
2933540|
2933541|
2933542|
2933543|
2933568|
2933569|
2933570|
2933571|
2933572|
2933573|
2933574|
2933575|
2933600|
2933601|
2933602|
2933603|
2933604|
2933605|
2933606|
2933607|
2933632|
2933633|
2933634|
2933635|
2933636|
2933637|
2933638|
2933639|
2933664|
2933665|
2933666|
2933667|
2933668|
2933669|
2933670|
2933671|
2933696|
2933697|
2933698|
2933699|
2933700|
2933701|
2933702|
2933703|
2933728|
2933729|
2933730|
2933731|
2933732|
2933733|
2933734|
2933735|
2933760|
2933761|
2933762|
2933763|
2933764|
2933765|
2933766|
2933767|
2933792|
2933793|
2933794|
2933795|
2933796|
2933797|
2933798|
2933799|
2933824|
2933825|
2933826|
2933827|
2933828|
2933829|
2933830|
2933831|
2933856|
2933857|
2933858|
2933859|
2933860|
2933861|
2933862|
2933863|
2933888|
2933889|
2933890|
2933891|
2933892|
2933893|
2933894|
2933895|
2933920|
2933921|
2933922|
2933923|
2933924|
2933925|
2933926|
2933927|
2933952|
2933953|
2933954|
2933955|
2933956|
2933957|
2933958|
2933959|
2933984|
2933985|
2933986|
2933987|
2933988|
