1692001|
1692002|
1692003|
1692004|
1692005|
1692006|
1692007|
1692032|
1692033|
1692034|
1692035|
1692036|
1692037|
1692038|
1692039|
1692064|
1692065|
1692066|
1692067|
1692068|
1692069|
1692070|
1692071|
1692096|
1692097|
1692098|
1692099|
1692100|
1692101|
1692102|
1692103|
1692128|
1692129|
1692130|
1692131|
1692132|
1692133|
1692134|
1692135|
1692160|
1692161|
1692162|
1692163|
1692164|
1692165|
1692166|
1692167|
1692192|
1692193|
1692194|
1692195|
1692196|
1692197|
1692198|
1692199|
1692224|
1692225|
1692226|
1692227|
1692228|
1692229|
1692230|
1692231|
1692256|
1692257|
1692258|
1692259|
1692260|
1692261|
1692262|
1692263|
1692288|
1692289|
1692290|
1692291|
1692292|
1692293|
1692294|
1692295|
1692320|
1692321|
1692322|
1692323|
1692324|
1692325|
1692326|
1692327|
1692352|
1692353|
1692354|
1692355|
1692356|
1692357|
1692358|
1692359|
1692384|
1692385|
1692386|
1692387|
1692388|
1692389|
1692390|
1692391|
1692416|
1692417|
1692418|
1692419|
1692420|
1692421|
1692422|
1692423|
1692448|
1692449|
1692450|
1692451|
1692452|
1692453|
1692454|
1692455|
1692480|
1692481|
1692482|
1692483|
1692484|
1692485|
1692486|
1692487|
1692512|
1692513|
1692514|
1692515|
1692516|
1692517|
1692518|
1692519|
1692544|
1692545|
1692546|
1692547|
1692548|
1692549|
1692550|
1692551|
1692576|
1692577|
1692578|
1692579|
1692580|
1692581|
1692582|
1692583|
1692608|
1692609|
1692610|
1692611|
1692612|
1692613|
1692614|
1692615|
1692640|
1692641|
1692642|
1692643|
1692644|
1692645|
1692646|
1692647|
1692672|
1692673|
1692674|
1692675|
1692676|
1692677|
1692678|
1692679|
1692704|
1692705|
1692706|
1692707|
1692708|
1692709|
1692710|
1692711|
1692736|
1692737|
1692738|
1692739|
1692740|
1692741|
1692742|
1692743|
1692768|
1692769|
1692770|
1692771|
1692772|
1692773|
1692774|
1692775|
1692800|
1692801|
1692802|
1692803|
1692804|
1692805|
1692806|
1692807|
1692832|
1692833|
1692834|
1692835|
1692836|
1692837|
1692838|
1692839|
1692864|
1692865|
1692866|
1692867|
1692868|
1692869|
1692870|
1692871|
1692896|
1692897|
1692898|
1692899|
1692900|
1692901|
1692902|
1692903|
1692928|
1692929|
1692930|
1692931|
1692932|
1692933|
1692934|
1692935|
1692960|
1692961|
1692962|
1692963|
1692964|
1692965|
1692966|
1692967|
1692992|
1692993|
1692994|
1692995|
1692996|
1692997|
1692998|
1692999|
1693024|
1693025|
1693026|
1693027|
1693028|
1693029|
1693030|
1693031|
1693056|
1693057|
1693058|
1693059|
1693060|
1693061|
1693062|
1693063|
1693088|
1693089|
1693090|
1693091|
1693092|
1693093|
1693094|
1693095|
1693120|
1693121|
1693122|
1693123|
1693124|
1693125|
1693126|
1693127|
1693152|
1693153|
1693154|
1693155|
1693156|
1693157|
1693158|
1693159|
1693184|
1693185|
1693186|
1693187|
1693188|
1693189|
1693190|
1693191|
1693216|
1693217|
1693218|
1693219|
1693220|
1693221|
1693222|
1693223|
1693248|
1693249|
1693250|
1693251|
1693252|
1693253|
1693254|
1693255|
1693280|
1693281|
1693282|
1693283|
1693284|
1693285|
1693286|
1693287|
1693312|
1693313|
1693314|
1693315|
1693316|
1693317|
1693318|
1693319|
1693344|
1693345|
1693346|
1693347|
1693348|
1693349|
1693350|
1693351|
1693376|
1693377|
1693378|
1693379|
1693380|
1693381|
1693382|
1693383|
1693408|
1693409|
1693410|
1693411|
1693412|
1693413|
1693414|
1693415|
1693440|
1693441|
1693442|
1693443|
1693444|
1693445|
1693446|
1693447|
1693472|
1693473|
1693474|
1693475|
1693476|
1693477|
1693478|
1693479|
1693504|
1693505|
1693506|
1693507|
1693508|
1693509|
1693510|
1693511|
1693536|
1693537|
1693538|
1693539|
1693540|
1693541|
1693542|
1693543|
1693568|
1693569|
1693570|
1693571|
1693572|
1693573|
1693574|
1693575|
1693600|
1693601|
1693602|
1693603|
1693604|
1693605|
1693606|
1693607|
1693632|
1693633|
1693634|
1693635|
1693636|
1693637|
1693638|
1693639|
1693664|
1693665|
1693666|
1693667|
1693668|
1693669|
1693670|
1693671|
1693696|
1693697|
1693698|
1693699|
1693700|
1693701|
1693702|
1693703|
1693728|
1693729|
1693730|
1693731|
1693732|
1693733|
1693734|
1693735|
1693760|
1693761|
1693762|
1693763|
1693764|
1693765|
1693766|
1693767|
1693792|
1693793|
1693794|
1693795|
1693796|
1693797|
1693798|
1693799|
1693824|
1693825|
1693826|
1693827|
1693828|
1693829|
1693830|
1693831|
1693856|
1693857|
1693858|
1693859|
1693860|
1693861|
1693862|
1693863|
1693888|
1693889|
1693890|
1693891|
1693892|
1693893|
1693894|
1693895|
1693920|
1693921|
1693922|
1693923|
1693924|
1693925|
1693926|
1693927|
1693952|
1693953|
1693954|
1693955|
1693956|
1693957|
1693958|
1693959|
1693984|
1693985|
1693986|
1693987|
1693988|
1693989|
1693990|
1693991|
1694016|
1694017|
1694018|
1694019|
1694020|
1694021|
1694022|
1694023|
1694048|
1694049|
1694050|
1694051|
1694052|
1694053|
1694054|
1694055|
1694080|
1694081|
1694082|
1694083|
1694084|
1694085|
1694086|
1694087|
1694112|
1694113|
1694114|
1694115|
1694116|
1694117|
1694118|
1694119|
1694144|
1694145|
1694146|
1694147|
1694148|
1694149|
1694150|
1694151|
1694176|
1694177|
1694178|
1694179|
1694180|
1694181|
1694182|
1694183|
1694208|
1694209|
1694210|
1694211|
1694212|
1694213|
1694214|
1694215|
1694240|
1694241|
1694242|
1694243|
1694244|
1694245|
1694246|
1694247|
1694272|
1694273|
1694274|
1694275|
1694276|
1694277|
1694278|
1694279|
1694304|
1694305|
1694306|
1694307|
1694308|
1694309|
1694310|
1694311|
1694336|
1694337|
1694338|
1694339|
1694340|
1694341|
1694342|
1694343|
1694368|
1694369|
1694370|
1694371|
1694372|
1694373|
1694374|
1694375|
1694400|
1694401|
1694402|
1694403|
1694404|
1694405|
1694406|
1694407|
1694432|
1694433|
1694434|
1694435|
1694436|
1694437|
1694438|
1694439|
1694464|
1694465|
1694466|
1694467|
1694468|
1694469|
1694470|
1694471|
1694496|
1694497|
1694498|
1694499|
1694500|
1694501|
1694502|
1694503|
1694528|
1694529|
1694530|
1694531|
1694532|
1694533|
1694534|
1694535|
1694560|
1694561|
1694562|
1694563|
1694564|
1694565|
1694566|
1694567|
1694592|
1694593|
1694594|
1694595|
1694596|
1694597|
1694598|
1694599|
1694624|
1694625|
1694626|
1694627|
1694628|
1694629|
1694630|
1694631|
1694656|
1694657|
1694658|
1694659|
1694660|
1694661|
1694662|
1694663|
1694688|
1694689|
1694690|
1694691|
1694692|
1694693|
1694694|
1694695|
1694720|
1694721|
1694722|
1694723|
1694724|
1694725|
1694726|
1694727|
1694752|
1694753|
1694754|
1694755|
1694756|
1694757|
1694758|
1694759|
1694784|
1694785|
1694786|
1694787|
1694788|
1694789|
1694790|
1694791|
1694816|
1694817|
1694818|
1694819|
1694820|
1694821|
1694822|
1694823|
1694848|
1694849|
1694850|
1694851|
1694852|
1694853|
1694854|
1694855|
1694880|
1694881|
1694882|
1694883|
1694884|
1694885|
1694886|
1694887|
1694912|
1694913|
1694914|
1694915|
1694916|
1694917|
1694918|
1694919|
1694944|
1694945|
1694946|
1694947|
1694948|
1694949|
1694950|
1694951|
1694976|
1694977|
1694978|
1694979|
1694980|
1694981|
1694982|
1694983|
1695008|
1695009|
1695010|
1695011|
1695012|
1695013|
1695014|
1695015|
1695040|
1695041|
1695042|
1695043|
1695044|
1695045|
1695046|
1695047|
1695072|
1695073|
1695074|
1695075|
1695076|
1695077|
1695078|
1695079|
1695104|
1695105|
1695106|
1695107|
1695108|
1695109|
1695110|
1695111|
1695136|
1695137|
1695138|
1695139|
1695140|
1695141|
1695142|
1695143|
1695168|
1695169|
1695170|
1695171|
1695172|
1695173|
1695174|
1695175|
1695200|
1695201|
1695202|
1695203|
1695204|
1695205|
1695206|
1695207|
1695232|
1695233|
1695234|
1695235|
1695236|
1695237|
1695238|
1695239|
1695264|
1695265|
1695266|
1695267|
1695268|
1695269|
1695270|
1695271|
1695296|
1695297|
1695298|
1695299|
1695300|
1695301|
1695302|
1695303|
1695328|
1695329|
1695330|
1695331|
1695332|
1695333|
1695334|
1695335|
1695360|
1695361|
1695362|
1695363|
1695364|
1695365|
1695366|
1695367|
1695392|
1695393|
1695394|
1695395|
1695396|
1695397|
1695398|
1695399|
1695424|
1695425|
1695426|
1695427|
1695428|
1695429|
1695430|
1695431|
1695456|
1695457|
1695458|
1695459|
1695460|
1695461|
1695462|
1695463|
1695488|
1695489|
1695490|
1695491|
1695492|
1695493|
1695494|
1695495|
1695520|
1695521|
1695522|
1695523|
1695524|
1695525|
1695526|
1695527|
1695552|
1695553|
1695554|
1695555|
1695556|
1695557|
1695558|
1695559|
1695584|
1695585|
1695586|
1695587|
1695588|
1695589|
1695590|
1695591|
1695616|
1695617|
1695618|
1695619|
1695620|
1695621|
1695622|
1695623|
1695648|
1695649|
1695650|
1695651|
1695652|
1695653|
1695654|
1695655|
1695680|
1695681|
1695682|
1695683|
1695684|
1695685|
1695686|
1695687|
1695712|
1695713|
1695714|
1695715|
1695716|
1695717|
1695718|
1695719|
1695744|
1695745|
1695746|
1695747|
1695748|
1695749|
1695750|
1695751|
1695776|
1695777|
1695778|
1695779|
1695780|
1695781|
1695782|
1695783|
1695808|
1695809|
1695810|
1695811|
1695812|
1695813|
1695814|
1695815|
1695840|
1695841|
1695842|
1695843|
1695844|
1695845|
1695846|
1695847|
1695872|
1695873|
1695874|
1695875|
1695876|
1695877|
1695878|
1695879|
1695904|
1695905|
1695906|
1695907|
1695908|
1695909|
1695910|
1695911|
1695936|
1695937|
1695938|
1695939|
1695940|
1695941|
1695942|
1695943|
1695968|
1695969|
1695970|
1695971|
1695972|
1695973|
1695974|
1695975|
1696000|
1696001|
1696002|
1696003|
1696004|
1696005|
1696006|
1696007|
1696032|
1696033|
1696034|
1696035|
1696036|
1696037|
1696038|
1696039|
1696064|
1696065|
1696066|
1696067|
1696068|
1696069|
1696070|
1696071|
1696096|
1696097|
1696098|
1696099|
1696100|
1696101|
1696102|
1696103|
1696128|
1696129|
1696130|
1696131|
1696132|
1696133|
1696134|
1696135|
1696160|
1696161|
1696162|
1696163|
1696164|
1696165|
1696166|
1696167|
1696192|
1696193|
1696194|
1696195|
1696196|
1696197|
1696198|
1696199|
1696224|
1696225|
1696226|
1696227|
1696228|
1696229|
1696230|
1696231|
1696256|
1696257|
1696258|
1696259|
1696260|
1696261|
1696262|
1696263|
1696288|
1696289|
1696290|
1696291|
1696292|
1696293|
1696294|
1696295|
1696320|
1696321|
1696322|
1696323|
1696324|
1696325|
1696326|
1696327|
1696352|
1696353|
1696354|
1696355|
1696356|
1696357|
1696358|
1696359|
1696384|
1696385|
1696386|
1696387|
1696388|
1696389|
1696390|
1696391|
1696416|
1696417|
1696418|
1696419|
1696420|
1696421|
1696422|
1696423|
1696448|
1696449|
1696450|
1696451|
1696452|
1696453|
1696454|
1696455|
1696480|
1696481|
1696482|
1696483|
1696484|
1696485|
1696486|
1696487|
1696512|
1696513|
1696514|
1696515|
1696516|
1696517|
1696518|
1696519|
1696544|
1696545|
1696546|
1696547|
1696548|
1696549|
1696550|
1696551|
1696576|
1696577|
1696578|
1696579|
1696580|
1696581|
1696582|
1696583|
1696608|
1696609|
1696610|
1696611|
1696612|
1696613|
1696614|
1696615|
1696640|
1696641|
1696642|
1696643|
1696644|
1696645|
1696646|
1696647|
1696672|
1696673|
1696674|
1696675|
1696676|
1696677|
1696678|
1696679|
1696704|
1696705|
1696706|
1696707|
1696708|
1696709|
1696710|
1696711|
1696736|
1696737|
1696738|
1696739|
1696740|
1696741|
1696742|
1696743|
1696768|
1696769|
1696770|
1696771|
1696772|
1696773|
1696774|
1696775|
1696800|
1696801|
1696802|
1696803|
1696804|
1696805|
1696806|
1696807|
1696832|
1696833|
1696834|
1696835|
1696836|
1696837|
1696838|
1696839|
1696864|
1696865|
1696866|
1696867|
1696868|
1696869|
1696870|
1696871|
1696896|
1696897|
1696898|
1696899|
1696900|
1696901|
1696902|
1696903|
1696928|
1696929|
1696930|
1696931|
1696932|
1696933|
1696934|
1696935|
1696960|
1696961|
1696962|
1696963|
1696964|
1696965|
1696966|
1696967|
1696992|
1696993|
1696994|
1696995|
1696996|
1696997|
1696998|
1696999|
1697024|
1697025|
1697026|
1697027|
1697028|
1697029|
1697030|
1697031|
1697056|
1697057|
1697058|
1697059|
1697060|
1697061|
1697062|
1697063|
1697088|
1697089|
1697090|
1697091|
1697092|
1697093|
1697094|
1697095|
1697120|
1697121|
1697122|
1697123|
1697124|
1697125|
1697126|
1697127|
1697152|
1697153|
1697154|
1697155|
1697156|
1697157|
1697158|
1697159|
1697184|
1697185|
1697186|
1697187|
1697188|
1697189|
1697190|
1697191|
1697216|
1697217|
1697218|
1697219|
1697220|
1697221|
1697222|
1697223|
1697248|
1697249|
1697250|
1697251|
1697252|
1697253|
1697254|
1697255|
1697280|
1697281|
1697282|
1697283|
1697284|
1697285|
1697286|
1697287|
1697312|
1697313|
1697314|
1697315|
1697316|
1697317|
1697318|
1697319|
1697344|
1697345|
1697346|
1697347|
1697348|
1697349|
1697350|
1697351|
1697376|
1697377|
1697378|
1697379|
1697380|
1697381|
1697382|
1697383|
1697408|
1697409|
1697410|
1697411|
1697412|
1697413|
1697414|
1697415|
1697440|
1697441|
1697442|
1697443|
1697444|
1697445|
1697446|
1697447|
1697472|
1697473|
1697474|
1697475|
1697476|
1697477|
1697478|
1697479|
1697504|
1697505|
1697506|
1697507|
1697508|
1697509|
1697510|
1697511|
1697536|
1697537|
1697538|
1697539|
1697540|
1697541|
1697542|
1697543|
1697568|
1697569|
1697570|
1697571|
1697572|
1697573|
1697574|
1697575|
1697600|
1697601|
1697602|
1697603|
1697604|
1697605|
1697606|
1697607|
1697632|
1697633|
1697634|
1697635|
1697636|
1697637|
1697638|
1697639|
1697664|
1697665|
1697666|
1697667|
1697668|
1697669|
1697670|
1697671|
1697696|
1697697|
1697698|
1697699|
1697700|
1697701|
1697702|
1697703|
1697728|
1697729|
1697730|
1697731|
1697732|
1697733|
1697734|
1697735|
1697760|
1697761|
1697762|
1697763|
1697764|
1697765|
1697766|
1697767|
1697792|
1697793|
1697794|
1697795|
1697796|
1697797|
1697798|
1697799|
1697824|
1697825|
1697826|
1697827|
1697828|
1697829|
1697830|
1697831|
1697856|
1697857|
1697858|
1697859|
1697860|
1697861|
1697862|
1697863|
1697888|
1697889|
1697890|
1697891|
1697892|
1697893|
1697894|
1697895|
1697920|
1697921|
1697922|
1697923|
1697924|
1697925|
1697926|
1697927|
1697952|
1697953|
1697954|
1697955|
1697956|
1697957|
1697958|
1697959|
1697984|
1697985|
1697986|
1697987|
1697988|
