1265989|
1265990|
1265991|
1266016|
1266017|
1266018|
1266019|
1266020|
1266021|
1266022|
1266023|
1266048|
1266049|
1266050|
1266051|
1266052|
1266053|
1266054|
1266055|
1266080|
1266081|
1266082|
1266083|
1266084|
1266085|
1266086|
1266087|
1266112|
1266113|
1266114|
1266115|
1266116|
1266117|
1266118|
1266119|
1266144|
1266145|
1266146|
1266147|
1266148|
1266149|
1266150|
1266151|
1266176|
1266177|
1266178|
1266179|
1266180|
1266181|
1266182|
1266183|
1266208|
1266209|
1266210|
1266211|
1266212|
1266213|
1266214|
1266215|
1266240|
1266241|
1266242|
1266243|
1266244|
1266245|
1266246|
1266247|
1266272|
1266273|
1266274|
1266275|
1266276|
1266277|
1266278|
1266279|
1266304|
1266305|
1266306|
1266307|
1266308|
1266309|
1266310|
1266311|
1266336|
1266337|
1266338|
1266339|
1266340|
1266341|
1266342|
1266343|
1266368|
1266369|
1266370|
1266371|
1266372|
1266373|
1266374|
1266375|
1266400|
1266401|
1266402|
1266403|
1266404|
1266405|
1266406|
1266407|
1266432|
1266433|
1266434|
1266435|
1266436|
1266437|
1266438|
1266439|
1266464|
1266465|
1266466|
1266467|
1266468|
1266469|
1266470|
1266471|
1266496|
1266497|
1266498|
1266499|
1266500|
1266501|
1266502|
1266503|
1266528|
1266529|
1266530|
1266531|
1266532|
1266533|
1266534|
1266535|
1266560|
1266561|
1266562|
1266563|
1266564|
1266565|
1266566|
1266567|
1266592|
1266593|
1266594|
1266595|
1266596|
1266597|
1266598|
1266599|
1266624|
1266625|
1266626|
1266627|
1266628|
1266629|
1266630|
1266631|
1266656|
1266657|
1266658|
1266659|
1266660|
1266661|
1266662|
1266663|
1266688|
1266689|
1266690|
1266691|
1266692|
1266693|
1266694|
1266695|
1266720|
1266721|
1266722|
1266723|
1266724|
1266725|
1266726|
1266727|
1266752|
1266753|
1266754|
1266755|
1266756|
1266757|
1266758|
1266759|
1266784|
1266785|
1266786|
1266787|
1266788|
1266789|
1266790|
1266791|
1266816|
1266817|
1266818|
1266819|
1266820|
1266821|
1266822|
1266823|
1266848|
1266849|
1266850|
1266851|
1266852|
1266853|
1266854|
1266855|
1266880|
1266881|
1266882|
1266883|
1266884|
1266885|
1266886|
1266887|
1266912|
1266913|
1266914|
1266915|
1266916|
1266917|
1266918|
1266919|
1266944|
1266945|
1266946|
1266947|
1266948|
1266949|
1266950|
1266951|
1266976|
1266977|
1266978|
1266979|
1266980|
1266981|
1266982|
1266983|
1267008|
1267009|
1267010|
1267011|
1267012|
1267013|
1267014|
1267015|
1267040|
1267041|
1267042|
1267043|
1267044|
1267045|
1267046|
1267047|
1267072|
1267073|
1267074|
1267075|
1267076|
1267077|
1267078|
1267079|
1267104|
1267105|
1267106|
1267107|
1267108|
1267109|
1267110|
1267111|
1267136|
1267137|
1267138|
1267139|
1267140|
1267141|
1267142|
1267143|
1267168|
1267169|
1267170|
1267171|
1267172|
1267173|
1267174|
1267175|
1267200|
1267201|
1267202|
1267203|
1267204|
1267205|
1267206|
1267207|
1267232|
1267233|
1267234|
1267235|
1267236|
1267237|
1267238|
1267239|
1267264|
1267265|
1267266|
1267267|
1267268|
1267269|
1267270|
1267271|
1267296|
1267297|
1267298|
1267299|
1267300|
1267301|
1267302|
1267303|
1267328|
1267329|
1267330|
1267331|
1267332|
1267333|
1267334|
1267335|
1267360|
1267361|
1267362|
1267363|
1267364|
1267365|
1267366|
1267367|
1267392|
1267393|
1267394|
1267395|
1267396|
1267397|
1267398|
1267399|
1267424|
1267425|
1267426|
1267427|
1267428|
1267429|
1267430|
1267431|
1267456|
1267457|
1267458|
1267459|
1267460|
1267461|
1267462|
1267463|
1267488|
1267489|
1267490|
1267491|
1267492|
1267493|
1267494|
1267495|
1267520|
1267521|
1267522|
1267523|
1267524|
1267525|
1267526|
1267527|
1267552|
1267553|
1267554|
1267555|
1267556|
1267557|
1267558|
1267559|
1267584|
1267585|
1267586|
1267587|
1267588|
1267589|
1267590|
1267591|
1267616|
1267617|
1267618|
1267619|
1267620|
1267621|
1267622|
1267623|
1267648|
1267649|
1267650|
1267651|
1267652|
1267653|
1267654|
1267655|
1267680|
1267681|
1267682|
1267683|
1267684|
1267685|
1267686|
1267687|
1267712|
1267713|
1267714|
1267715|
1267716|
1267717|
1267718|
1267719|
1267744|
1267745|
1267746|
1267747|
1267748|
1267749|
1267750|
1267751|
1267776|
1267777|
1267778|
1267779|
1267780|
1267781|
1267782|
1267783|
1267808|
1267809|
1267810|
1267811|
1267812|
1267813|
1267814|
1267815|
1267840|
1267841|
1267842|
1267843|
1267844|
1267845|
1267846|
1267847|
1267872|
1267873|
1267874|
1267875|
1267876|
1267877|
1267878|
1267879|
1267904|
1267905|
1267906|
1267907|
1267908|
1267909|
1267910|
1267911|
1267936|
1267937|
1267938|
1267939|
1267940|
1267941|
1267942|
1267943|
1267968|
1267969|
1267970|
1267971|
1267972|
1267973|
1267974|
1267975|
1268000|
1268001|
1268002|
1268003|
1268004|
1268005|
1268006|
1268007|
1268032|
1268033|
1268034|
1268035|
1268036|
1268037|
1268038|
1268039|
1268064|
1268065|
1268066|
1268067|
1268068|
1268069|
1268070|
1268071|
1268096|
1268097|
1268098|
1268099|
1268100|
1268101|
1268102|
1268103|
1268128|
1268129|
1268130|
1268131|
1268132|
1268133|
1268134|
1268135|
1268160|
1268161|
1268162|
1268163|
1268164|
1268165|
1268166|
1268167|
1268192|
1268193|
1268194|
1268195|
1268196|
1268197|
1268198|
1268199|
1268224|
1268225|
1268226|
1268227|
1268228|
1268229|
1268230|
1268231|
1268256|
1268257|
1268258|
1268259|
1268260|
1268261|
1268262|
1268263|
1268288|
1268289|
1268290|
1268291|
1268292|
1268293|
1268294|
1268295|
1268320|
1268321|
1268322|
1268323|
1268324|
1268325|
1268326|
1268327|
1268352|
1268353|
1268354|
1268355|
1268356|
1268357|
1268358|
1268359|
1268384|
1268385|
1268386|
1268387|
1268388|
1268389|
1268390|
1268391|
1268416|
1268417|
1268418|
1268419|
1268420|
1268421|
1268422|
1268423|
1268448|
1268449|
1268450|
1268451|
1268452|
1268453|
1268454|
1268455|
1268480|
1268481|
1268482|
1268483|
1268484|
1268485|
1268486|
1268487|
1268512|
1268513|
1268514|
1268515|
1268516|
1268517|
1268518|
1268519|
1268544|
1268545|
1268546|
1268547|
1268548|
1268549|
1268550|
1268551|
1268576|
1268577|
1268578|
1268579|
1268580|
1268581|
1268582|
1268583|
1268608|
1268609|
1268610|
1268611|
1268612|
1268613|
1268614|
1268615|
1268640|
1268641|
1268642|
1268643|
1268644|
1268645|
1268646|
1268647|
1268672|
1268673|
1268674|
1268675|
1268676|
1268677|
1268678|
1268679|
1268704|
1268705|
1268706|
1268707|
1268708|
1268709|
1268710|
1268711|
1268736|
1268737|
1268738|
1268739|
1268740|
1268741|
1268742|
1268743|
1268768|
1268769|
1268770|
1268771|
1268772|
1268773|
1268774|
1268775|
1268800|
1268801|
1268802|
1268803|
1268804|
1268805|
1268806|
1268807|
1268832|
1268833|
1268834|
1268835|
1268836|
1268837|
1268838|
1268839|
1268864|
1268865|
1268866|
1268867|
1268868|
1268869|
1268870|
1268871|
1268896|
1268897|
1268898|
1268899|
1268900|
1268901|
1268902|
1268903|
1268928|
1268929|
1268930|
1268931|
1268932|
1268933|
1268934|
1268935|
1268960|
1268961|
1268962|
1268963|
1268964|
1268965|
1268966|
1268967|
1268992|
1268993|
1268994|
1268995|
1268996|
1268997|
1268998|
1268999|
1269024|
1269025|
1269026|
1269027|
1269028|
1269029|
1269030|
1269031|
1269056|
1269057|
1269058|
1269059|
1269060|
1269061|
1269062|
1269063|
1269088|
1269089|
1269090|
1269091|
1269092|
1269093|
1269094|
1269095|
1269120|
1269121|
1269122|
1269123|
1269124|
1269125|
1269126|
1269127|
1269152|
1269153|
1269154|
1269155|
1269156|
1269157|
1269158|
1269159|
1269184|
1269185|
1269186|
1269187|
1269188|
1269189|
1269190|
1269191|
1269216|
1269217|
1269218|
1269219|
1269220|
1269221|
1269222|
1269223|
1269248|
1269249|
1269250|
1269251|
1269252|
1269253|
1269254|
1269255|
1269280|
1269281|
1269282|
1269283|
1269284|
1269285|
1269286|
1269287|
1269312|
1269313|
1269314|
1269315|
1269316|
1269317|
1269318|
1269319|
1269344|
1269345|
1269346|
1269347|
1269348|
1269349|
1269350|
1269351|
1269376|
1269377|
1269378|
1269379|
1269380|
1269381|
1269382|
1269383|
1269408|
1269409|
1269410|
1269411|
1269412|
1269413|
1269414|
1269415|
1269440|
1269441|
1269442|
1269443|
1269444|
1269445|
1269446|
1269447|
1269472|
1269473|
1269474|
1269475|
1269476|
1269477|
1269478|
1269479|
1269504|
1269505|
1269506|
1269507|
1269508|
1269509|
1269510|
1269511|
1269536|
1269537|
1269538|
1269539|
1269540|
1269541|
1269542|
1269543|
1269568|
1269569|
1269570|
1269571|
1269572|
1269573|
1269574|
1269575|
1269600|
1269601|
1269602|
1269603|
1269604|
1269605|
1269606|
1269607|
1269632|
1269633|
1269634|
1269635|
1269636|
1269637|
1269638|
1269639|
1269664|
1269665|
1269666|
1269667|
1269668|
1269669|
1269670|
1269671|
1269696|
1269697|
1269698|
1269699|
1269700|
1269701|
1269702|
1269703|
1269728|
1269729|
1269730|
1269731|
1269732|
1269733|
1269734|
1269735|
1269760|
1269761|
1269762|
1269763|
1269764|
1269765|
1269766|
1269767|
1269792|
1269793|
1269794|
1269795|
1269796|
1269797|
1269798|
1269799|
1269824|
1269825|
1269826|
1269827|
1269828|
1269829|
1269830|
1269831|
1269856|
1269857|
1269858|
1269859|
1269860|
1269861|
1269862|
1269863|
1269888|
1269889|
1269890|
1269891|
1269892|
1269893|
1269894|
1269895|
1269920|
1269921|
1269922|
1269923|
1269924|
1269925|
1269926|
1269927|
1269952|
1269953|
1269954|
1269955|
1269956|
1269957|
1269958|
1269959|
1269984|
1269985|
1269986|
1269987|
1269988|
1269989|
1269990|
1269991|
1270016|
1270017|
1270018|
1270019|
1270020|
1270021|
1270022|
1270023|
1270048|
1270049|
1270050|
1270051|
1270052|
1270053|
1270054|
1270055|
1270080|
1270081|
1270082|
1270083|
1270084|
1270085|
1270086|
1270087|
1270112|
1270113|
1270114|
1270115|
1270116|
1270117|
1270118|
1270119|
1270144|
1270145|
1270146|
1270147|
1270148|
1270149|
1270150|
1270151|
1270176|
1270177|
1270178|
1270179|
1270180|
1270181|
1270182|
1270183|
1270208|
1270209|
1270210|
1270211|
1270212|
1270213|
1270214|
1270215|
1270240|
1270241|
1270242|
1270243|
1270244|
1270245|
1270246|
1270247|
1270272|
1270273|
1270274|
1270275|
1270276|
1270277|
1270278|
1270279|
1270304|
1270305|
1270306|
1270307|
1270308|
1270309|
1270310|
1270311|
1270336|
1270337|
1270338|
1270339|
1270340|
1270341|
1270342|
1270343|
1270368|
1270369|
1270370|
1270371|
1270372|
1270373|
1270374|
1270375|
1270400|
1270401|
1270402|
1270403|
1270404|
1270405|
1270406|
1270407|
1270432|
1270433|
1270434|
1270435|
1270436|
1270437|
1270438|
1270439|
1270464|
1270465|
1270466|
1270467|
1270468|
1270469|
1270470|
1270471|
1270496|
1270497|
1270498|
1270499|
1270500|
1270501|
1270502|
1270503|
1270528|
1270529|
1270530|
1270531|
1270532|
1270533|
1270534|
1270535|
1270560|
1270561|
1270562|
1270563|
1270564|
1270565|
1270566|
1270567|
1270592|
1270593|
1270594|
1270595|
1270596|
1270597|
1270598|
1270599|
1270624|
1270625|
1270626|
1270627|
1270628|
1270629|
1270630|
1270631|
1270656|
1270657|
1270658|
1270659|
1270660|
1270661|
1270662|
1270663|
1270688|
1270689|
1270690|
1270691|
1270692|
1270693|
1270694|
1270695|
1270720|
1270721|
1270722|
1270723|
1270724|
1270725|
1270726|
1270727|
1270752|
1270753|
1270754|
1270755|
1270756|
1270757|
1270758|
1270759|
1270784|
1270785|
1270786|
1270787|
1270788|
1270789|
1270790|
1270791|
1270816|
1270817|
1270818|
1270819|
1270820|
1270821|
1270822|
1270823|
1270848|
1270849|
1270850|
1270851|
1270852|
1270853|
1270854|
1270855|
1270880|
1270881|
1270882|
1270883|
1270884|
1270885|
1270886|
1270887|
1270912|
1270913|
1270914|
1270915|
1270916|
1270917|
1270918|
1270919|
1270944|
1270945|
1270946|
1270947|
1270948|
1270949|
1270950|
1270951|
1270976|
1270977|
1270978|
1270979|
1270980|
1270981|
1270982|
1270983|
1271008|
1271009|
1271010|
1271011|
1271012|
1271013|
1271014|
1271015|
1271040|
1271041|
1271042|
1271043|
1271044|
1271045|
1271046|
1271047|
1271072|
1271073|
1271074|
1271075|
1271076|
1271077|
1271078|
1271079|
1271104|
1271105|
1271106|
1271107|
1271108|
1271109|
1271110|
1271111|
1271136|
1271137|
1271138|
1271139|
1271140|
1271141|
1271142|
1271143|
1271168|
1271169|
1271170|
1271171|
1271172|
1271173|
1271174|
1271175|
1271200|
1271201|
1271202|
1271203|
1271204|
1271205|
1271206|
1271207|
1271232|
1271233|
1271234|
1271235|
1271236|
1271237|
1271238|
1271239|
1271264|
1271265|
1271266|
1271267|
1271268|
1271269|
1271270|
1271271|
1271296|
1271297|
1271298|
1271299|
1271300|
1271301|
1271302|
1271303|
1271328|
1271329|
1271330|
1271331|
1271332|
1271333|
1271334|
1271335|
1271360|
1271361|
1271362|
1271363|
1271364|
1271365|
1271366|
1271367|
1271392|
1271393|
1271394|
1271395|
1271396|
1271397|
1271398|
1271399|
1271424|
1271425|
1271426|
1271427|
1271428|
1271429|
1271430|
1271431|
1271456|
1271457|
1271458|
1271459|
1271460|
1271461|
1271462|
1271463|
1271488|
1271489|
1271490|
1271491|
1271492|
1271493|
1271494|
1271495|
1271520|
1271521|
1271522|
1271523|
1271524|
1271525|
1271526|
1271527|
1271552|
1271553|
1271554|
1271555|
1271556|
1271557|
1271558|
1271559|
1271584|
1271585|
1271586|
1271587|
1271588|
1271589|
1271590|
1271591|
1271616|
1271617|
1271618|
1271619|
1271620|
1271621|
1271622|
1271623|
1271648|
1271649|
1271650|
1271651|
1271652|
1271653|
1271654|
1271655|
1271680|
1271681|
1271682|
1271683|
1271684|
1271685|
1271686|
1271687|
1271712|
1271713|
1271714|
1271715|
1271716|
1271717|
1271718|
1271719|
1271744|
1271745|
1271746|
1271747|
1271748|
1271749|
1271750|
1271751|
1271776|
1271777|
1271778|
1271779|
1271780|
1271781|
1271782|
1271783|
1271808|
1271809|
1271810|
1271811|
1271812|
1271813|
1271814|
1271815|
1271840|
1271841|
1271842|
1271843|
1271844|
1271845|
1271846|
1271847|
1271872|
1271873|
1271874|
1271875|
1271876|
1271877|
1271878|
1271879|
1271904|
1271905|
1271906|
1271907|
1271908|
1271909|
1271910|
1271911|
1271936|
1271937|
1271938|
1271939|
1271940|
1271941|
1271942|
1271943|
1271968|
1271969|
1271970|
1271971|
1271972|
1271973|
1271974|
1271975|
1272000|
