713989|
713990|
713991|
714016|
714017|
714018|
714019|
714020|
714021|
714022|
714023|
714048|
714049|
714050|
714051|
714052|
714053|
714054|
714055|
714080|
714081|
714082|
714083|
714084|
714085|
714086|
714087|
714112|
714113|
714114|
714115|
714116|
714117|
714118|
714119|
714144|
714145|
714146|
714147|
714148|
714149|
714150|
714151|
714176|
714177|
714178|
714179|
714180|
714181|
714182|
714183|
714208|
714209|
714210|
714211|
714212|
714213|
714214|
714215|
714240|
714241|
714242|
714243|
714244|
714245|
714246|
714247|
714272|
714273|
714274|
714275|
714276|
714277|
714278|
714279|
714304|
714305|
714306|
714307|
714308|
714309|
714310|
714311|
714336|
714337|
714338|
714339|
714340|
714341|
714342|
714343|
714368|
714369|
714370|
714371|
714372|
714373|
714374|
714375|
714400|
714401|
714402|
714403|
714404|
714405|
714406|
714407|
714432|
714433|
714434|
714435|
714436|
714437|
714438|
714439|
714464|
714465|
714466|
714467|
714468|
714469|
714470|
714471|
714496|
714497|
714498|
714499|
714500|
714501|
714502|
714503|
714528|
714529|
714530|
714531|
714532|
714533|
714534|
714535|
714560|
714561|
714562|
714563|
714564|
714565|
714566|
714567|
714592|
714593|
714594|
714595|
714596|
714597|
714598|
714599|
714624|
714625|
714626|
714627|
714628|
714629|
714630|
714631|
714656|
714657|
714658|
714659|
714660|
714661|
714662|
714663|
714688|
714689|
714690|
714691|
714692|
714693|
714694|
714695|
714720|
714721|
714722|
714723|
714724|
714725|
714726|
714727|
714752|
714753|
714754|
714755|
714756|
714757|
714758|
714759|
714784|
714785|
714786|
714787|
714788|
714789|
714790|
714791|
714816|
714817|
714818|
714819|
714820|
714821|
714822|
714823|
714848|
714849|
714850|
714851|
714852|
714853|
714854|
714855|
714880|
714881|
714882|
714883|
714884|
714885|
714886|
714887|
714912|
714913|
714914|
714915|
714916|
714917|
714918|
714919|
714944|
714945|
714946|
714947|
714948|
714949|
714950|
714951|
714976|
714977|
714978|
714979|
714980|
714981|
714982|
714983|
715008|
715009|
715010|
715011|
715012|
715013|
715014|
715015|
715040|
715041|
715042|
715043|
715044|
715045|
715046|
715047|
715072|
715073|
715074|
715075|
715076|
715077|
715078|
715079|
715104|
715105|
715106|
715107|
715108|
715109|
715110|
715111|
715136|
715137|
715138|
715139|
715140|
715141|
715142|
715143|
715168|
715169|
715170|
715171|
715172|
715173|
715174|
715175|
715200|
715201|
715202|
715203|
715204|
715205|
715206|
715207|
715232|
715233|
715234|
715235|
715236|
715237|
715238|
715239|
715264|
715265|
715266|
715267|
715268|
715269|
715270|
715271|
715296|
715297|
715298|
715299|
715300|
715301|
715302|
715303|
715328|
715329|
715330|
715331|
715332|
715333|
715334|
715335|
715360|
715361|
715362|
715363|
715364|
715365|
715366|
715367|
715392|
715393|
715394|
715395|
715396|
715397|
715398|
715399|
715424|
715425|
715426|
715427|
715428|
715429|
715430|
715431|
715456|
715457|
715458|
715459|
715460|
715461|
715462|
715463|
715488|
715489|
715490|
715491|
715492|
715493|
715494|
715495|
715520|
715521|
715522|
715523|
715524|
715525|
715526|
715527|
715552|
715553|
715554|
715555|
715556|
715557|
715558|
715559|
715584|
715585|
715586|
715587|
715588|
715589|
715590|
715591|
715616|
715617|
715618|
715619|
715620|
715621|
715622|
715623|
715648|
715649|
715650|
715651|
715652|
715653|
715654|
715655|
715680|
715681|
715682|
715683|
715684|
715685|
715686|
715687|
715712|
715713|
715714|
715715|
715716|
715717|
715718|
715719|
715744|
715745|
715746|
715747|
715748|
715749|
715750|
715751|
715776|
715777|
715778|
715779|
715780|
715781|
715782|
715783|
715808|
715809|
715810|
715811|
715812|
715813|
715814|
715815|
715840|
715841|
715842|
715843|
715844|
715845|
715846|
715847|
715872|
715873|
715874|
715875|
715876|
715877|
715878|
715879|
715904|
715905|
715906|
715907|
715908|
715909|
715910|
715911|
715936|
715937|
715938|
715939|
715940|
715941|
715942|
715943|
715968|
715969|
715970|
715971|
715972|
715973|
715974|
715975|
716000|
716001|
716002|
716003|
716004|
716005|
716006|
716007|
716032|
716033|
716034|
716035|
716036|
716037|
716038|
716039|
716064|
716065|
716066|
716067|
716068|
716069|
716070|
716071|
716096|
716097|
716098|
716099|
716100|
716101|
716102|
716103|
716128|
716129|
716130|
716131|
716132|
716133|
716134|
716135|
716160|
716161|
716162|
716163|
716164|
716165|
716166|
716167|
716192|
716193|
716194|
716195|
716196|
716197|
716198|
716199|
716224|
716225|
716226|
716227|
716228|
716229|
716230|
716231|
716256|
716257|
716258|
716259|
716260|
716261|
716262|
716263|
716288|
716289|
716290|
716291|
716292|
716293|
716294|
716295|
716320|
716321|
716322|
716323|
716324|
716325|
716326|
716327|
716352|
716353|
716354|
716355|
716356|
716357|
716358|
716359|
716384|
716385|
716386|
716387|
716388|
716389|
716390|
716391|
716416|
716417|
716418|
716419|
716420|
716421|
716422|
716423|
716448|
716449|
716450|
716451|
716452|
716453|
716454|
716455|
716480|
716481|
716482|
716483|
716484|
716485|
716486|
716487|
716512|
716513|
716514|
716515|
716516|
716517|
716518|
716519|
716544|
716545|
716546|
716547|
716548|
716549|
716550|
716551|
716576|
716577|
716578|
716579|
716580|
716581|
716582|
716583|
716608|
716609|
716610|
716611|
716612|
716613|
716614|
716615|
716640|
716641|
716642|
716643|
716644|
716645|
716646|
716647|
716672|
716673|
716674|
716675|
716676|
716677|
716678|
716679|
716704|
716705|
716706|
716707|
716708|
716709|
716710|
716711|
716736|
716737|
716738|
716739|
716740|
716741|
716742|
716743|
716768|
716769|
716770|
716771|
716772|
716773|
716774|
716775|
716800|
716801|
716802|
716803|
716804|
716805|
716806|
716807|
716832|
716833|
716834|
716835|
716836|
716837|
716838|
716839|
716864|
716865|
716866|
716867|
716868|
716869|
716870|
716871|
716896|
716897|
716898|
716899|
716900|
716901|
716902|
716903|
716928|
716929|
716930|
716931|
716932|
716933|
716934|
716935|
716960|
716961|
716962|
716963|
716964|
716965|
716966|
716967|
716992|
716993|
716994|
716995|
716996|
716997|
716998|
716999|
717024|
717025|
717026|
717027|
717028|
717029|
717030|
717031|
717056|
717057|
717058|
717059|
717060|
717061|
717062|
717063|
717088|
717089|
717090|
717091|
717092|
717093|
717094|
717095|
717120|
717121|
717122|
717123|
717124|
717125|
717126|
717127|
717152|
717153|
717154|
717155|
717156|
717157|
717158|
717159|
717184|
717185|
717186|
717187|
717188|
717189|
717190|
717191|
717216|
717217|
717218|
717219|
717220|
717221|
717222|
717223|
717248|
717249|
717250|
717251|
717252|
717253|
717254|
717255|
717280|
717281|
717282|
717283|
717284|
717285|
717286|
717287|
717312|
717313|
717314|
717315|
717316|
717317|
717318|
717319|
717344|
717345|
717346|
717347|
717348|
717349|
717350|
717351|
717376|
717377|
717378|
717379|
717380|
717381|
717382|
717383|
717408|
717409|
717410|
717411|
717412|
717413|
717414|
717415|
717440|
717441|
717442|
717443|
717444|
717445|
717446|
717447|
717472|
717473|
717474|
717475|
717476|
717477|
717478|
717479|
717504|
717505|
717506|
717507|
717508|
717509|
717510|
717511|
717536|
717537|
717538|
717539|
717540|
717541|
717542|
717543|
717568|
717569|
717570|
717571|
717572|
717573|
717574|
717575|
717600|
717601|
717602|
717603|
717604|
717605|
717606|
717607|
717632|
717633|
717634|
717635|
717636|
717637|
717638|
717639|
717664|
717665|
717666|
717667|
717668|
717669|
717670|
717671|
717696|
717697|
717698|
717699|
717700|
717701|
717702|
717703|
717728|
717729|
717730|
717731|
717732|
717733|
717734|
717735|
717760|
717761|
717762|
717763|
717764|
717765|
717766|
717767|
717792|
717793|
717794|
717795|
717796|
717797|
717798|
717799|
717824|
717825|
717826|
717827|
717828|
717829|
717830|
717831|
717856|
717857|
717858|
717859|
717860|
717861|
717862|
717863|
717888|
717889|
717890|
717891|
717892|
717893|
717894|
717895|
717920|
717921|
717922|
717923|
717924|
717925|
717926|
717927|
717952|
717953|
717954|
717955|
717956|
717957|
717958|
717959|
717984|
717985|
717986|
717987|
717988|
717989|
717990|
717991|
718016|
718017|
718018|
718019|
718020|
718021|
718022|
718023|
718048|
718049|
718050|
718051|
718052|
718053|
718054|
718055|
718080|
718081|
718082|
718083|
718084|
718085|
718086|
718087|
718112|
718113|
718114|
718115|
718116|
718117|
718118|
718119|
718144|
718145|
718146|
718147|
718148|
718149|
718150|
718151|
718176|
718177|
718178|
718179|
718180|
718181|
718182|
718183|
718208|
718209|
718210|
718211|
718212|
718213|
718214|
718215|
718240|
718241|
718242|
718243|
718244|
718245|
718246|
718247|
718272|
718273|
718274|
718275|
718276|
718277|
718278|
718279|
718304|
718305|
718306|
718307|
718308|
718309|
718310|
718311|
718336|
718337|
718338|
718339|
718340|
718341|
718342|
718343|
718368|
718369|
718370|
718371|
718372|
718373|
718374|
718375|
718400|
718401|
718402|
718403|
718404|
718405|
718406|
718407|
718432|
718433|
718434|
718435|
718436|
718437|
718438|
718439|
718464|
718465|
718466|
718467|
718468|
718469|
718470|
718471|
718496|
718497|
718498|
718499|
718500|
718501|
718502|
718503|
718528|
718529|
718530|
718531|
718532|
718533|
718534|
718535|
718560|
718561|
718562|
718563|
718564|
718565|
718566|
718567|
718592|
718593|
718594|
718595|
718596|
718597|
718598|
718599|
718624|
718625|
718626|
718627|
718628|
718629|
718630|
718631|
718656|
718657|
718658|
718659|
718660|
718661|
718662|
718663|
718688|
718689|
718690|
718691|
718692|
718693|
718694|
718695|
718720|
718721|
718722|
718723|
718724|
718725|
718726|
718727|
718752|
718753|
718754|
718755|
718756|
718757|
718758|
718759|
718784|
718785|
718786|
718787|
718788|
718789|
718790|
718791|
718816|
718817|
718818|
718819|
718820|
718821|
718822|
718823|
718848|
718849|
718850|
718851|
718852|
718853|
718854|
718855|
718880|
718881|
718882|
718883|
718884|
718885|
718886|
718887|
718912|
718913|
718914|
718915|
718916|
718917|
718918|
718919|
718944|
718945|
718946|
718947|
718948|
718949|
718950|
718951|
718976|
718977|
718978|
718979|
718980|
718981|
718982|
718983|
719008|
719009|
719010|
719011|
719012|
719013|
719014|
719015|
719040|
719041|
719042|
719043|
719044|
719045|
719046|
719047|
719072|
719073|
719074|
719075|
719076|
719077|
719078|
719079|
719104|
719105|
719106|
719107|
719108|
719109|
719110|
719111|
719136|
719137|
719138|
719139|
719140|
719141|
719142|
719143|
719168|
719169|
719170|
719171|
719172|
719173|
719174|
719175|
719200|
719201|
719202|
719203|
719204|
719205|
719206|
719207|
719232|
719233|
719234|
719235|
719236|
719237|
719238|
719239|
719264|
719265|
719266|
719267|
719268|
719269|
719270|
719271|
719296|
719297|
719298|
719299|
719300|
719301|
719302|
719303|
719328|
719329|
719330|
719331|
719332|
719333|
719334|
719335|
719360|
719361|
719362|
719363|
719364|
719365|
719366|
719367|
719392|
719393|
719394|
719395|
719396|
719397|
719398|
719399|
719424|
719425|
719426|
719427|
719428|
719429|
719430|
719431|
719456|
719457|
719458|
719459|
719460|
719461|
719462|
719463|
719488|
719489|
719490|
719491|
719492|
719493|
719494|
719495|
719520|
719521|
719522|
719523|
719524|
719525|
719526|
719527|
719552|
719553|
719554|
719555|
719556|
719557|
719558|
719559|
719584|
719585|
719586|
719587|
719588|
719589|
719590|
719591|
719616|
719617|
719618|
719619|
719620|
719621|
719622|
719623|
719648|
719649|
719650|
719651|
719652|
719653|
719654|
719655|
719680|
719681|
719682|
719683|
719684|
719685|
719686|
719687|
719712|
719713|
719714|
719715|
719716|
719717|
719718|
719719|
719744|
719745|
719746|
719747|
719748|
719749|
719750|
719751|
719776|
719777|
719778|
719779|
719780|
719781|
719782|
719783|
719808|
719809|
719810|
719811|
719812|
719813|
719814|
719815|
719840|
719841|
719842|
719843|
719844|
719845|
719846|
719847|
719872|
719873|
719874|
719875|
719876|
719877|
719878|
719879|
719904|
719905|
719906|
719907|
719908|
719909|
719910|
719911|
719936|
719937|
719938|
719939|
719940|
719941|
719942|
719943|
719968|
719969|
719970|
719971|
719972|
719973|
719974|
719975|
720000|
