2412001|
2412002|
2412003|
2412004|
2412005|
2412006|
2412007|
2412032|
2412033|
2412034|
2412035|
2412036|
2412037|
2412038|
2412039|
2412064|
2412065|
2412066|
2412067|
2412068|
2412069|
2412070|
2412071|
2412096|
2412097|
2412098|
2412099|
2412100|
2412101|
2412102|
2412103|
2412128|
2412129|
2412130|
2412131|
2412132|
2412133|
2412134|
2412135|
2412160|
2412161|
2412162|
2412163|
2412164|
2412165|
2412166|
2412167|
2412192|
2412193|
2412194|
2412195|
2412196|
2412197|
2412198|
2412199|
2412224|
2412225|
2412226|
2412227|
2412228|
2412229|
2412230|
2412231|
2412256|
2412257|
2412258|
2412259|
2412260|
2412261|
2412262|
2412263|
2412288|
2412289|
2412290|
2412291|
2412292|
2412293|
2412294|
2412295|
2412320|
2412321|
2412322|
2412323|
2412324|
2412325|
2412326|
2412327|
2412352|
2412353|
2412354|
2412355|
2412356|
2412357|
2412358|
2412359|
2412384|
2412385|
2412386|
2412387|
2412388|
2412389|
2412390|
2412391|
2412416|
2412417|
2412418|
2412419|
2412420|
2412421|
2412422|
2412423|
2412448|
2412449|
2412450|
2412451|
2412452|
2412453|
2412454|
2412455|
2412480|
2412481|
2412482|
2412483|
2412484|
2412485|
2412486|
2412487|
2412512|
2412513|
2412514|
2412515|
2412516|
2412517|
2412518|
2412519|
2412544|
2412545|
2412546|
2412547|
2412548|
2412549|
2412550|
2412551|
2412576|
2412577|
2412578|
2412579|
2412580|
2412581|
2412582|
2412583|
2412608|
2412609|
2412610|
2412611|
2412612|
2412613|
2412614|
2412615|
2412640|
2412641|
2412642|
2412643|
2412644|
2412645|
2412646|
2412647|
2412672|
2412673|
2412674|
2412675|
2412676|
2412677|
2412678|
2412679|
2412704|
2412705|
2412706|
2412707|
2412708|
2412709|
2412710|
2412711|
2412736|
2412737|
2412738|
2412739|
2412740|
2412741|
2412742|
2412743|
2412768|
2412769|
2412770|
2412771|
2412772|
2412773|
2412774|
2412775|
2412800|
2412801|
2412802|
2412803|
2412804|
2412805|
2412806|
2412807|
2412832|
2412833|
2412834|
2412835|
2412836|
2412837|
2412838|
2412839|
2412864|
2412865|
2412866|
2412867|
2412868|
2412869|
2412870|
2412871|
2412896|
2412897|
2412898|
2412899|
2412900|
2412901|
2412902|
2412903|
2412928|
2412929|
2412930|
2412931|
2412932|
2412933|
2412934|
2412935|
2412960|
2412961|
2412962|
2412963|
2412964|
2412965|
2412966|
2412967|
2412992|
2412993|
2412994|
2412995|
2412996|
2412997|
2412998|
2412999|
2413024|
2413025|
2413026|
2413027|
2413028|
2413029|
2413030|
2413031|
2413056|
2413057|
2413058|
2413059|
2413060|
2413061|
2413062|
2413063|
2413088|
2413089|
2413090|
2413091|
2413092|
2413093|
2413094|
2413095|
2413120|
2413121|
2413122|
2413123|
2413124|
2413125|
2413126|
2413127|
2413152|
2413153|
2413154|
2413155|
2413156|
2413157|
2413158|
2413159|
2413184|
2413185|
2413186|
2413187|
2413188|
2413189|
2413190|
2413191|
2413216|
2413217|
2413218|
2413219|
2413220|
2413221|
2413222|
2413223|
2413248|
2413249|
2413250|
2413251|
2413252|
2413253|
2413254|
2413255|
2413280|
2413281|
2413282|
2413283|
2413284|
2413285|
2413286|
2413287|
2413312|
2413313|
2413314|
2413315|
2413316|
2413317|
2413318|
2413319|
2413344|
2413345|
2413346|
2413347|
2413348|
2413349|
2413350|
2413351|
2413376|
2413377|
2413378|
2413379|
2413380|
2413381|
2413382|
2413383|
2413408|
2413409|
2413410|
2413411|
2413412|
2413413|
2413414|
2413415|
2413440|
2413441|
2413442|
2413443|
2413444|
2413445|
2413446|
2413447|
2413472|
2413473|
2413474|
2413475|
2413476|
2413477|
2413478|
2413479|
2413504|
2413505|
2413506|
2413507|
2413508|
2413509|
2413510|
2413511|
2413536|
2413537|
2413538|
2413539|
2413540|
2413541|
2413542|
2413543|
2413568|
2413569|
2413570|
2413571|
2413572|
2413573|
2413574|
2413575|
2413600|
2413601|
2413602|
2413603|
2413604|
2413605|
2413606|
2413607|
2413632|
2413633|
2413634|
2413635|
2413636|
2413637|
2413638|
2413639|
2413664|
2413665|
2413666|
2413667|
2413668|
2413669|
2413670|
2413671|
2413696|
2413697|
2413698|
2413699|
2413700|
2413701|
2413702|
2413703|
2413728|
2413729|
2413730|
2413731|
2413732|
2413733|
2413734|
2413735|
2413760|
2413761|
2413762|
2413763|
2413764|
2413765|
2413766|
2413767|
2413792|
2413793|
2413794|
2413795|
2413796|
2413797|
2413798|
2413799|
2413824|
2413825|
2413826|
2413827|
2413828|
2413829|
2413830|
2413831|
2413856|
2413857|
2413858|
2413859|
2413860|
2413861|
2413862|
2413863|
2413888|
2413889|
2413890|
2413891|
2413892|
2413893|
2413894|
2413895|
2413920|
2413921|
2413922|
2413923|
2413924|
2413925|
2413926|
2413927|
2413952|
2413953|
2413954|
2413955|
2413956|
2413957|
2413958|
2413959|
2413984|
2413985|
2413986|
2413987|
2413988|
2413989|
2413990|
2413991|
2414016|
2414017|
2414018|
2414019|
2414020|
2414021|
2414022|
2414023|
2414048|
2414049|
2414050|
2414051|
2414052|
2414053|
2414054|
2414055|
2414080|
2414081|
2414082|
2414083|
2414084|
2414085|
2414086|
2414087|
2414112|
2414113|
2414114|
2414115|
2414116|
2414117|
2414118|
2414119|
2414144|
2414145|
2414146|
2414147|
2414148|
2414149|
2414150|
2414151|
2414176|
2414177|
2414178|
2414179|
2414180|
2414181|
2414182|
2414183|
2414208|
2414209|
2414210|
2414211|
2414212|
2414213|
2414214|
2414215|
2414240|
2414241|
2414242|
2414243|
2414244|
2414245|
2414246|
2414247|
2414272|
2414273|
2414274|
2414275|
2414276|
2414277|
2414278|
2414279|
2414304|
2414305|
2414306|
2414307|
2414308|
2414309|
2414310|
2414311|
2414336|
2414337|
2414338|
2414339|
2414340|
2414341|
2414342|
2414343|
2414368|
2414369|
2414370|
2414371|
2414372|
2414373|
2414374|
2414375|
2414400|
2414401|
2414402|
2414403|
2414404|
2414405|
2414406|
2414407|
2414432|
2414433|
2414434|
2414435|
2414436|
2414437|
2414438|
2414439|
2414464|
2414465|
2414466|
2414467|
2414468|
2414469|
2414470|
2414471|
2414496|
2414497|
2414498|
2414499|
2414500|
2414501|
2414502|
2414503|
2414528|
2414529|
2414530|
2414531|
2414532|
2414533|
2414534|
2414535|
2414560|
2414561|
2414562|
2414563|
2414564|
2414565|
2414566|
2414567|
2414592|
2414593|
2414594|
2414595|
2414596|
2414597|
2414598|
2414599|
2414624|
2414625|
2414626|
2414627|
2414628|
2414629|
2414630|
2414631|
2414656|
2414657|
2414658|
2414659|
2414660|
2414661|
2414662|
2414663|
2414688|
2414689|
2414690|
2414691|
2414692|
2414693|
2414694|
2414695|
2414720|
2414721|
2414722|
2414723|
2414724|
2414725|
2414726|
2414727|
2414752|
2414753|
2414754|
2414755|
2414756|
2414757|
2414758|
2414759|
2414784|
2414785|
2414786|
2414787|
2414788|
2414789|
2414790|
2414791|
2414816|
2414817|
2414818|
2414819|
2414820|
2414821|
2414822|
2414823|
2414848|
2414849|
2414850|
2414851|
2414852|
2414853|
2414854|
2414855|
2414880|
2414881|
2414882|
2414883|
2414884|
2414885|
2414886|
2414887|
2414912|
2414913|
2414914|
2414915|
2414916|
2414917|
2414918|
2414919|
2414944|
2414945|
2414946|
2414947|
2414948|
2414949|
2414950|
2414951|
2414976|
2414977|
2414978|
2414979|
2414980|
2414981|
2414982|
2414983|
2415008|
2415009|
2415010|
2415011|
2415012|
2415013|
2415014|
2415015|
2415040|
2415041|
2415042|
2415043|
2415044|
2415045|
2415046|
2415047|
2415072|
2415073|
2415074|
2415075|
2415076|
2415077|
2415078|
2415079|
2415104|
2415105|
2415106|
2415107|
2415108|
2415109|
2415110|
2415111|
2415136|
2415137|
2415138|
2415139|
2415140|
2415141|
2415142|
2415143|
2415168|
2415169|
2415170|
2415171|
2415172|
2415173|
2415174|
2415175|
2415200|
2415201|
2415202|
2415203|
2415204|
2415205|
2415206|
2415207|
2415232|
2415233|
2415234|
2415235|
2415236|
2415237|
2415238|
2415239|
2415264|
2415265|
2415266|
2415267|
2415268|
2415269|
2415270|
2415271|
2415296|
2415297|
2415298|
2415299|
2415300|
2415301|
2415302|
2415303|
2415328|
2415329|
2415330|
2415331|
2415332|
2415333|
2415334|
2415335|
2415360|
2415361|
2415362|
2415363|
2415364|
2415365|
2415366|
2415367|
2415392|
2415393|
2415394|
2415395|
2415396|
2415397|
2415398|
2415399|
2415424|
2415425|
2415426|
2415427|
2415428|
2415429|
2415430|
2415431|
2415456|
2415457|
2415458|
2415459|
2415460|
2415461|
2415462|
2415463|
2415488|
2415489|
2415490|
2415491|
2415492|
2415493|
2415494|
2415495|
2415520|
2415521|
2415522|
2415523|
2415524|
2415525|
2415526|
2415527|
2415552|
2415553|
2415554|
2415555|
2415556|
2415557|
2415558|
2415559|
2415584|
2415585|
2415586|
2415587|
2415588|
2415589|
2415590|
2415591|
2415616|
2415617|
2415618|
2415619|
2415620|
2415621|
2415622|
2415623|
2415648|
2415649|
2415650|
2415651|
2415652|
2415653|
2415654|
2415655|
2415680|
2415681|
2415682|
2415683|
2415684|
2415685|
2415686|
2415687|
2415712|
2415713|
2415714|
2415715|
2415716|
2415717|
2415718|
2415719|
2415744|
2415745|
2415746|
2415747|
2415748|
2415749|
2415750|
2415751|
2415776|
2415777|
2415778|
2415779|
2415780|
2415781|
2415782|
2415783|
2415808|
2415809|
2415810|
2415811|
2415812|
2415813|
2415814|
2415815|
2415840|
2415841|
2415842|
2415843|
2415844|
2415845|
2415846|
2415847|
2415872|
2415873|
2415874|
2415875|
2415876|
2415877|
2415878|
2415879|
2415904|
2415905|
2415906|
2415907|
2415908|
2415909|
2415910|
2415911|
2415936|
2415937|
2415938|
2415939|
2415940|
2415941|
2415942|
2415943|
2415968|
2415969|
2415970|
2415971|
2415972|
2415973|
2415974|
2415975|
2416000|
2416001|
2416002|
2416003|
2416004|
2416005|
2416006|
2416007|
2416032|
2416033|
2416034|
2416035|
2416036|
2416037|
2416038|
2416039|
2416064|
2416065|
2416066|
2416067|
2416068|
2416069|
2416070|
2416071|
2416096|
2416097|
2416098|
2416099|
2416100|
2416101|
2416102|
2416103|
2416128|
2416129|
2416130|
2416131|
2416132|
2416133|
2416134|
2416135|
2416160|
2416161|
2416162|
2416163|
2416164|
2416165|
2416166|
2416167|
2416192|
2416193|
2416194|
2416195|
2416196|
2416197|
2416198|
2416199|
2416224|
2416225|
2416226|
2416227|
2416228|
2416229|
2416230|
2416231|
2416256|
2416257|
2416258|
2416259|
2416260|
2416261|
2416262|
2416263|
2416288|
2416289|
2416290|
2416291|
2416292|
2416293|
2416294|
2416295|
2416320|
2416321|
2416322|
2416323|
2416324|
2416325|
2416326|
2416327|
2416352|
2416353|
2416354|
2416355|
2416356|
2416357|
2416358|
2416359|
2416384|
2416385|
2416386|
2416387|
2416388|
2416389|
2416390|
2416391|
2416416|
2416417|
2416418|
2416419|
2416420|
2416421|
2416422|
2416423|
2416448|
2416449|
2416450|
2416451|
2416452|
2416453|
2416454|
2416455|
2416480|
2416481|
2416482|
2416483|
2416484|
2416485|
2416486|
2416487|
2416512|
2416513|
2416514|
2416515|
2416516|
2416517|
2416518|
2416519|
2416544|
2416545|
2416546|
2416547|
2416548|
2416549|
2416550|
2416551|
2416576|
2416577|
2416578|
2416579|
2416580|
2416581|
2416582|
2416583|
2416608|
2416609|
2416610|
2416611|
2416612|
2416613|
2416614|
2416615|
2416640|
2416641|
2416642|
2416643|
2416644|
2416645|
2416646|
2416647|
2416672|
2416673|
2416674|
2416675|
2416676|
2416677|
2416678|
2416679|
2416704|
2416705|
2416706|
2416707|
2416708|
2416709|
2416710|
2416711|
2416736|
2416737|
2416738|
2416739|
2416740|
2416741|
2416742|
2416743|
2416768|
2416769|
2416770|
2416771|
2416772|
2416773|
2416774|
2416775|
2416800|
2416801|
2416802|
2416803|
2416804|
2416805|
2416806|
2416807|
2416832|
2416833|
2416834|
2416835|
2416836|
2416837|
2416838|
2416839|
2416864|
2416865|
2416866|
2416867|
2416868|
2416869|
2416870|
2416871|
2416896|
2416897|
2416898|
2416899|
2416900|
2416901|
2416902|
2416903|
2416928|
2416929|
2416930|
2416931|
2416932|
2416933|
2416934|
2416935|
2416960|
2416961|
2416962|
2416963|
2416964|
2416965|
2416966|
2416967|
2416992|
2416993|
2416994|
2416995|
2416996|
2416997|
2416998|
2416999|
2417024|
2417025|
2417026|
2417027|
2417028|
2417029|
2417030|
2417031|
2417056|
2417057|
2417058|
2417059|
2417060|
2417061|
2417062|
2417063|
2417088|
2417089|
2417090|
2417091|
2417092|
2417093|
2417094|
2417095|
2417120|
2417121|
2417122|
2417123|
2417124|
2417125|
2417126|
2417127|
2417152|
2417153|
2417154|
2417155|
2417156|
2417157|
2417158|
2417159|
2417184|
2417185|
2417186|
2417187|
2417188|
2417189|
2417190|
2417191|
2417216|
2417217|
2417218|
2417219|
2417220|
2417221|
2417222|
2417223|
2417248|
2417249|
2417250|
2417251|
2417252|
2417253|
2417254|
2417255|
2417280|
2417281|
2417282|
2417283|
2417284|
2417285|
2417286|
2417287|
2417312|
2417313|
2417314|
2417315|
2417316|
2417317|
2417318|
2417319|
2417344|
2417345|
2417346|
2417347|
2417348|
2417349|
2417350|
2417351|
2417376|
2417377|
2417378|
2417379|
2417380|
2417381|
2417382|
2417383|
2417408|
2417409|
2417410|
2417411|
2417412|
2417413|
2417414|
2417415|
2417440|
2417441|
2417442|
2417443|
2417444|
2417445|
2417446|
2417447|
2417472|
2417473|
2417474|
2417475|
2417476|
2417477|
2417478|
2417479|
2417504|
2417505|
2417506|
2417507|
2417508|
2417509|
2417510|
2417511|
2417536|
2417537|
2417538|
2417539|
2417540|
2417541|
2417542|
2417543|
2417568|
2417569|
2417570|
2417571|
2417572|
2417573|
2417574|
2417575|
2417600|
2417601|
2417602|
2417603|
2417604|
2417605|
2417606|
2417607|
2417632|
2417633|
2417634|
2417635|
2417636|
2417637|
2417638|
2417639|
2417664|
2417665|
2417666|
2417667|
2417668|
2417669|
2417670|
2417671|
2417696|
2417697|
2417698|
2417699|
2417700|
2417701|
2417702|
2417703|
2417728|
2417729|
2417730|
2417731|
2417732|
2417733|
2417734|
2417735|
2417760|
2417761|
2417762|
2417763|
2417764|
2417765|
2417766|
2417767|
2417792|
2417793|
2417794|
2417795|
2417796|
2417797|
2417798|
2417799|
2417824|
2417825|
2417826|
2417827|
2417828|
2417829|
2417830|
2417831|
2417856|
2417857|
2417858|
2417859|
2417860|
2417861|
2417862|
2417863|
2417888|
2417889|
2417890|
2417891|
2417892|
2417893|
2417894|
2417895|
2417920|
2417921|
2417922|
2417923|
2417924|
2417925|
2417926|
2417927|
2417952|
2417953|
2417954|
2417955|
2417956|
2417957|
2417958|
2417959|
2417984|
2417985|
2417986|
2417987|
2417988|
