1296001|
1296002|
1296003|
1296004|
1296005|
1296006|
1296007|
1296032|
1296033|
1296034|
1296035|
1296036|
1296037|
1296038|
1296039|
1296064|
1296065|
1296066|
1296067|
1296068|
1296069|
1296070|
1296071|
1296096|
1296097|
1296098|
1296099|
1296100|
1296101|
1296102|
1296103|
1296128|
1296129|
1296130|
1296131|
1296132|
1296133|
1296134|
1296135|
1296160|
1296161|
1296162|
1296163|
1296164|
1296165|
1296166|
1296167|
1296192|
1296193|
1296194|
1296195|
1296196|
1296197|
1296198|
1296199|
1296224|
1296225|
1296226|
1296227|
1296228|
1296229|
1296230|
1296231|
1296256|
1296257|
1296258|
1296259|
1296260|
1296261|
1296262|
1296263|
1296288|
1296289|
1296290|
1296291|
1296292|
1296293|
1296294|
1296295|
1296320|
1296321|
1296322|
1296323|
1296324|
1296325|
1296326|
1296327|
1296352|
1296353|
1296354|
1296355|
1296356|
1296357|
1296358|
1296359|
1296384|
1296385|
1296386|
1296387|
1296388|
1296389|
1296390|
1296391|
1296416|
1296417|
1296418|
1296419|
1296420|
1296421|
1296422|
1296423|
1296448|
1296449|
1296450|
1296451|
1296452|
1296453|
1296454|
1296455|
1296480|
1296481|
1296482|
1296483|
1296484|
1296485|
1296486|
1296487|
1296512|
1296513|
1296514|
1296515|
1296516|
1296517|
1296518|
1296519|
1296544|
1296545|
1296546|
1296547|
1296548|
1296549|
1296550|
1296551|
1296576|
1296577|
1296578|
1296579|
1296580|
1296581|
1296582|
1296583|
1296608|
1296609|
1296610|
1296611|
1296612|
1296613|
1296614|
1296615|
1296640|
1296641|
1296642|
1296643|
1296644|
1296645|
1296646|
1296647|
1296672|
1296673|
1296674|
1296675|
1296676|
1296677|
1296678|
1296679|
1296704|
1296705|
1296706|
1296707|
1296708|
1296709|
1296710|
1296711|
1296736|
1296737|
1296738|
1296739|
1296740|
1296741|
1296742|
1296743|
1296768|
1296769|
1296770|
1296771|
1296772|
1296773|
1296774|
1296775|
1296800|
1296801|
1296802|
1296803|
1296804|
1296805|
1296806|
1296807|
1296832|
1296833|
1296834|
1296835|
1296836|
1296837|
1296838|
1296839|
1296864|
1296865|
1296866|
1296867|
1296868|
1296869|
1296870|
1296871|
1296896|
1296897|
1296898|
1296899|
1296900|
1296901|
1296902|
1296903|
1296928|
1296929|
1296930|
1296931|
1296932|
1296933|
1296934|
1296935|
1296960|
1296961|
1296962|
1296963|
1296964|
1296965|
1296966|
1296967|
1296992|
1296993|
1296994|
1296995|
1296996|
1296997|
1296998|
1296999|
1297024|
1297025|
1297026|
1297027|
1297028|
1297029|
1297030|
1297031|
1297056|
1297057|
1297058|
1297059|
1297060|
1297061|
1297062|
1297063|
1297088|
1297089|
1297090|
1297091|
1297092|
1297093|
1297094|
1297095|
1297120|
1297121|
1297122|
1297123|
1297124|
1297125|
1297126|
1297127|
1297152|
1297153|
1297154|
1297155|
1297156|
1297157|
1297158|
1297159|
1297184|
1297185|
1297186|
1297187|
1297188|
1297189|
1297190|
1297191|
1297216|
1297217|
1297218|
1297219|
1297220|
1297221|
1297222|
1297223|
1297248|
1297249|
1297250|
1297251|
1297252|
1297253|
1297254|
1297255|
1297280|
1297281|
1297282|
1297283|
1297284|
1297285|
1297286|
1297287|
1297312|
1297313|
1297314|
1297315|
1297316|
1297317|
1297318|
1297319|
1297344|
1297345|
1297346|
1297347|
1297348|
1297349|
1297350|
1297351|
1297376|
1297377|
1297378|
1297379|
1297380|
1297381|
1297382|
1297383|
1297408|
1297409|
1297410|
1297411|
1297412|
1297413|
1297414|
1297415|
1297440|
1297441|
1297442|
1297443|
1297444|
1297445|
1297446|
1297447|
1297472|
1297473|
1297474|
1297475|
1297476|
1297477|
1297478|
1297479|
1297504|
1297505|
1297506|
1297507|
1297508|
1297509|
1297510|
1297511|
1297536|
1297537|
1297538|
1297539|
1297540|
1297541|
1297542|
1297543|
1297568|
1297569|
1297570|
1297571|
1297572|
1297573|
1297574|
1297575|
1297600|
1297601|
1297602|
1297603|
1297604|
1297605|
1297606|
1297607|
1297632|
1297633|
1297634|
1297635|
1297636|
1297637|
1297638|
1297639|
1297664|
1297665|
1297666|
1297667|
1297668|
1297669|
1297670|
1297671|
1297696|
1297697|
1297698|
1297699|
1297700|
1297701|
1297702|
1297703|
1297728|
1297729|
1297730|
1297731|
1297732|
1297733|
1297734|
1297735|
1297760|
1297761|
1297762|
1297763|
1297764|
1297765|
1297766|
1297767|
1297792|
1297793|
1297794|
1297795|
1297796|
1297797|
1297798|
1297799|
1297824|
1297825|
1297826|
1297827|
1297828|
1297829|
1297830|
1297831|
1297856|
1297857|
1297858|
1297859|
1297860|
1297861|
1297862|
1297863|
1297888|
1297889|
1297890|
1297891|
1297892|
1297893|
1297894|
1297895|
1297920|
1297921|
1297922|
1297923|
1297924|
1297925|
1297926|
1297927|
1297952|
1297953|
1297954|
1297955|
1297956|
1297957|
1297958|
1297959|
1297984|
1297985|
1297986|
1297987|
1297988|
1297989|
1297990|
1297991|
1298016|
1298017|
1298018|
1298019|
1298020|
1298021|
1298022|
1298023|
1298048|
1298049|
1298050|
1298051|
1298052|
1298053|
1298054|
1298055|
1298080|
1298081|
1298082|
1298083|
1298084|
1298085|
1298086|
1298087|
1298112|
1298113|
1298114|
1298115|
1298116|
1298117|
1298118|
1298119|
1298144|
1298145|
1298146|
1298147|
1298148|
1298149|
1298150|
1298151|
1298176|
1298177|
1298178|
1298179|
1298180|
1298181|
1298182|
1298183|
1298208|
1298209|
1298210|
1298211|
1298212|
1298213|
1298214|
1298215|
1298240|
1298241|
1298242|
1298243|
1298244|
1298245|
1298246|
1298247|
1298272|
1298273|
1298274|
1298275|
1298276|
1298277|
1298278|
1298279|
1298304|
1298305|
1298306|
1298307|
1298308|
1298309|
1298310|
1298311|
1298336|
1298337|
1298338|
1298339|
1298340|
1298341|
1298342|
1298343|
1298368|
1298369|
1298370|
1298371|
1298372|
1298373|
1298374|
1298375|
1298400|
1298401|
1298402|
1298403|
1298404|
1298405|
1298406|
1298407|
1298432|
1298433|
1298434|
1298435|
1298436|
1298437|
1298438|
1298439|
1298464|
1298465|
1298466|
1298467|
1298468|
1298469|
1298470|
1298471|
1298496|
1298497|
1298498|
1298499|
1298500|
1298501|
1298502|
1298503|
1298528|
1298529|
1298530|
1298531|
1298532|
1298533|
1298534|
1298535|
1298560|
1298561|
1298562|
1298563|
1298564|
1298565|
1298566|
1298567|
1298592|
1298593|
1298594|
1298595|
1298596|
1298597|
1298598|
1298599|
1298624|
1298625|
1298626|
1298627|
1298628|
1298629|
1298630|
1298631|
1298656|
1298657|
1298658|
1298659|
1298660|
1298661|
1298662|
1298663|
1298688|
1298689|
1298690|
1298691|
1298692|
1298693|
1298694|
1298695|
1298720|
1298721|
1298722|
1298723|
1298724|
1298725|
1298726|
1298727|
1298752|
1298753|
1298754|
1298755|
1298756|
1298757|
1298758|
1298759|
1298784|
1298785|
1298786|
1298787|
1298788|
1298789|
1298790|
1298791|
1298816|
1298817|
1298818|
1298819|
1298820|
1298821|
1298822|
1298823|
1298848|
1298849|
1298850|
1298851|
1298852|
1298853|
1298854|
1298855|
1298880|
1298881|
1298882|
1298883|
1298884|
1298885|
1298886|
1298887|
1298912|
1298913|
1298914|
1298915|
1298916|
1298917|
1298918|
1298919|
1298944|
1298945|
1298946|
1298947|
1298948|
1298949|
1298950|
1298951|
1298976|
1298977|
1298978|
1298979|
1298980|
1298981|
1298982|
1298983|
1299008|
1299009|
1299010|
1299011|
1299012|
1299013|
1299014|
1299015|
1299040|
1299041|
1299042|
1299043|
1299044|
1299045|
1299046|
1299047|
1299072|
1299073|
1299074|
1299075|
1299076|
1299077|
1299078|
1299079|
1299104|
1299105|
1299106|
1299107|
1299108|
1299109|
1299110|
1299111|
1299136|
1299137|
1299138|
1299139|
1299140|
1299141|
1299142|
1299143|
1299168|
1299169|
1299170|
1299171|
1299172|
1299173|
1299174|
1299175|
1299200|
1299201|
1299202|
1299203|
1299204|
1299205|
1299206|
1299207|
1299232|
1299233|
1299234|
1299235|
1299236|
1299237|
1299238|
1299239|
1299264|
1299265|
1299266|
1299267|
1299268|
1299269|
1299270|
1299271|
1299296|
1299297|
1299298|
1299299|
1299300|
1299301|
1299302|
1299303|
1299328|
1299329|
1299330|
1299331|
1299332|
1299333|
1299334|
1299335|
1299360|
1299361|
1299362|
1299363|
1299364|
1299365|
1299366|
1299367|
1299392|
1299393|
1299394|
1299395|
1299396|
1299397|
1299398|
1299399|
1299424|
1299425|
1299426|
1299427|
1299428|
1299429|
1299430|
1299431|
1299456|
1299457|
1299458|
1299459|
1299460|
1299461|
1299462|
1299463|
1299488|
1299489|
1299490|
1299491|
1299492|
1299493|
1299494|
1299495|
1299520|
1299521|
1299522|
1299523|
1299524|
1299525|
1299526|
1299527|
1299552|
1299553|
1299554|
1299555|
1299556|
1299557|
1299558|
1299559|
1299584|
1299585|
1299586|
1299587|
1299588|
1299589|
1299590|
1299591|
1299616|
1299617|
1299618|
1299619|
1299620|
1299621|
1299622|
1299623|
1299648|
1299649|
1299650|
1299651|
1299652|
1299653|
1299654|
1299655|
1299680|
1299681|
1299682|
1299683|
1299684|
1299685|
1299686|
1299687|
1299712|
1299713|
1299714|
1299715|
1299716|
1299717|
1299718|
1299719|
1299744|
1299745|
1299746|
1299747|
1299748|
1299749|
1299750|
1299751|
1299776|
1299777|
1299778|
1299779|
1299780|
1299781|
1299782|
1299783|
1299808|
1299809|
1299810|
1299811|
1299812|
1299813|
1299814|
1299815|
1299840|
1299841|
1299842|
1299843|
1299844|
1299845|
1299846|
1299847|
1299872|
1299873|
1299874|
1299875|
1299876|
1299877|
1299878|
1299879|
1299904|
1299905|
1299906|
1299907|
1299908|
1299909|
1299910|
1299911|
1299936|
1299937|
1299938|
1299939|
1299940|
1299941|
1299942|
1299943|
1299968|
1299969|
1299970|
1299971|
1299972|
1299973|
1299974|
1299975|
1300000|
1300001|
1300002|
1300003|
1300004|
1300005|
1300006|
1300007|
1300032|
1300033|
1300034|
1300035|
1300036|
1300037|
1300038|
1300039|
1300064|
1300065|
1300066|
1300067|
1300068|
1300069|
1300070|
1300071|
1300096|
1300097|
1300098|
1300099|
1300100|
1300101|
1300102|
1300103|
1300128|
1300129|
1300130|
1300131|
1300132|
1300133|
1300134|
1300135|
1300160|
1300161|
1300162|
1300163|
1300164|
1300165|
1300166|
1300167|
1300192|
1300193|
1300194|
1300195|
1300196|
1300197|
1300198|
1300199|
1300224|
1300225|
1300226|
1300227|
1300228|
1300229|
1300230|
1300231|
1300256|
1300257|
1300258|
1300259|
1300260|
1300261|
1300262|
1300263|
1300288|
1300289|
1300290|
1300291|
1300292|
1300293|
1300294|
1300295|
1300320|
1300321|
1300322|
1300323|
1300324|
1300325|
1300326|
1300327|
1300352|
1300353|
1300354|
1300355|
1300356|
1300357|
1300358|
1300359|
1300384|
1300385|
1300386|
1300387|
1300388|
1300389|
1300390|
1300391|
1300416|
1300417|
1300418|
1300419|
1300420|
1300421|
1300422|
1300423|
1300448|
1300449|
1300450|
1300451|
1300452|
1300453|
1300454|
1300455|
1300480|
1300481|
1300482|
1300483|
1300484|
1300485|
1300486|
1300487|
1300512|
1300513|
1300514|
1300515|
1300516|
1300517|
1300518|
1300519|
1300544|
1300545|
1300546|
1300547|
1300548|
1300549|
1300550|
1300551|
1300576|
1300577|
1300578|
1300579|
1300580|
1300581|
1300582|
1300583|
1300608|
1300609|
1300610|
1300611|
1300612|
1300613|
1300614|
1300615|
1300640|
1300641|
1300642|
1300643|
1300644|
1300645|
1300646|
1300647|
1300672|
1300673|
1300674|
1300675|
1300676|
1300677|
1300678|
1300679|
1300704|
1300705|
1300706|
1300707|
1300708|
1300709|
1300710|
1300711|
1300736|
1300737|
1300738|
1300739|
1300740|
1300741|
1300742|
1300743|
1300768|
1300769|
1300770|
1300771|
1300772|
1300773|
1300774|
1300775|
1300800|
1300801|
1300802|
1300803|
1300804|
1300805|
1300806|
1300807|
1300832|
1300833|
1300834|
1300835|
1300836|
1300837|
1300838|
1300839|
1300864|
1300865|
1300866|
1300867|
1300868|
1300869|
1300870|
1300871|
1300896|
1300897|
1300898|
1300899|
1300900|
1300901|
1300902|
1300903|
1300928|
1300929|
1300930|
1300931|
1300932|
1300933|
1300934|
1300935|
1300960|
1300961|
1300962|
1300963|
1300964|
1300965|
1300966|
1300967|
1300992|
1300993|
1300994|
1300995|
1300996|
1300997|
1300998|
1300999|
1301024|
1301025|
1301026|
1301027|
1301028|
1301029|
1301030|
1301031|
1301056|
1301057|
1301058|
1301059|
1301060|
1301061|
1301062|
1301063|
1301088|
1301089|
1301090|
1301091|
1301092|
1301093|
1301094|
1301095|
1301120|
1301121|
1301122|
1301123|
1301124|
1301125|
1301126|
1301127|
1301152|
1301153|
1301154|
1301155|
1301156|
1301157|
1301158|
1301159|
1301184|
1301185|
1301186|
1301187|
1301188|
1301189|
1301190|
1301191|
1301216|
1301217|
1301218|
1301219|
1301220|
1301221|
1301222|
1301223|
1301248|
1301249|
1301250|
1301251|
1301252|
1301253|
1301254|
1301255|
1301280|
1301281|
1301282|
1301283|
1301284|
1301285|
1301286|
1301287|
1301312|
1301313|
1301314|
1301315|
1301316|
1301317|
1301318|
1301319|
1301344|
1301345|
1301346|
1301347|
1301348|
1301349|
1301350|
1301351|
1301376|
1301377|
1301378|
1301379|
1301380|
1301381|
1301382|
1301383|
1301408|
1301409|
1301410|
1301411|
1301412|
1301413|
1301414|
1301415|
1301440|
1301441|
1301442|
1301443|
1301444|
1301445|
1301446|
1301447|
1301472|
1301473|
1301474|
1301475|
1301476|
1301477|
1301478|
1301479|
1301504|
1301505|
1301506|
1301507|
1301508|
1301509|
1301510|
1301511|
1301536|
1301537|
1301538|
1301539|
1301540|
1301541|
1301542|
1301543|
1301568|
1301569|
1301570|
1301571|
1301572|
1301573|
1301574|
1301575|
1301600|
1301601|
1301602|
1301603|
1301604|
1301605|
1301606|
1301607|
1301632|
1301633|
1301634|
1301635|
1301636|
1301637|
1301638|
1301639|
1301664|
1301665|
1301666|
1301667|
1301668|
1301669|
1301670|
1301671|
1301696|
1301697|
1301698|
1301699|
1301700|
1301701|
1301702|
1301703|
1301728|
1301729|
1301730|
1301731|
1301732|
1301733|
1301734|
1301735|
1301760|
1301761|
1301762|
1301763|
1301764|
1301765|
1301766|
1301767|
1301792|
1301793|
1301794|
1301795|
1301796|
1301797|
1301798|
1301799|
1301824|
1301825|
1301826|
1301827|
1301828|
1301829|
1301830|
1301831|
1301856|
1301857|
1301858|
1301859|
1301860|
1301861|
1301862|
1301863|
1301888|
1301889|
1301890|
1301891|
1301892|
1301893|
1301894|
1301895|
1301920|
1301921|
1301922|
1301923|
1301924|
1301925|
1301926|
1301927|
1301952|
1301953|
1301954|
1301955|
1301956|
1301957|
1301958|
1301959|
1301984|
1301985|
1301986|
1301987|
1301988|
