1313989|
1313990|
1313991|
1314016|
1314017|
1314018|
1314019|
1314020|
1314021|
1314022|
1314023|
1314048|
1314049|
1314050|
1314051|
1314052|
1314053|
1314054|
1314055|
1314080|
1314081|
1314082|
1314083|
1314084|
1314085|
1314086|
1314087|
1314112|
1314113|
1314114|
1314115|
1314116|
1314117|
1314118|
1314119|
1314144|
1314145|
1314146|
1314147|
1314148|
1314149|
1314150|
1314151|
1314176|
1314177|
1314178|
1314179|
1314180|
1314181|
1314182|
1314183|
1314208|
1314209|
1314210|
1314211|
1314212|
1314213|
1314214|
1314215|
1314240|
1314241|
1314242|
1314243|
1314244|
1314245|
1314246|
1314247|
1314272|
1314273|
1314274|
1314275|
1314276|
1314277|
1314278|
1314279|
1314304|
1314305|
1314306|
1314307|
1314308|
1314309|
1314310|
1314311|
1314336|
1314337|
1314338|
1314339|
1314340|
1314341|
1314342|
1314343|
1314368|
1314369|
1314370|
1314371|
1314372|
1314373|
1314374|
1314375|
1314400|
1314401|
1314402|
1314403|
1314404|
1314405|
1314406|
1314407|
1314432|
1314433|
1314434|
1314435|
1314436|
1314437|
1314438|
1314439|
1314464|
1314465|
1314466|
1314467|
1314468|
1314469|
1314470|
1314471|
1314496|
1314497|
1314498|
1314499|
1314500|
1314501|
1314502|
1314503|
1314528|
1314529|
1314530|
1314531|
1314532|
1314533|
1314534|
1314535|
1314560|
1314561|
1314562|
1314563|
1314564|
1314565|
1314566|
1314567|
1314592|
1314593|
1314594|
1314595|
1314596|
1314597|
1314598|
1314599|
1314624|
1314625|
1314626|
1314627|
1314628|
1314629|
1314630|
1314631|
1314656|
1314657|
1314658|
1314659|
1314660|
1314661|
1314662|
1314663|
1314688|
1314689|
1314690|
1314691|
1314692|
1314693|
1314694|
1314695|
1314720|
1314721|
1314722|
1314723|
1314724|
1314725|
1314726|
1314727|
1314752|
1314753|
1314754|
1314755|
1314756|
1314757|
1314758|
1314759|
1314784|
1314785|
1314786|
1314787|
1314788|
1314789|
1314790|
1314791|
1314816|
1314817|
1314818|
1314819|
1314820|
1314821|
1314822|
1314823|
1314848|
1314849|
1314850|
1314851|
1314852|
1314853|
1314854|
1314855|
1314880|
1314881|
1314882|
1314883|
1314884|
1314885|
1314886|
1314887|
1314912|
1314913|
1314914|
1314915|
1314916|
1314917|
1314918|
1314919|
1314944|
1314945|
1314946|
1314947|
1314948|
1314949|
1314950|
1314951|
1314976|
1314977|
1314978|
1314979|
1314980|
1314981|
1314982|
1314983|
1315008|
1315009|
1315010|
1315011|
1315012|
1315013|
1315014|
1315015|
1315040|
1315041|
1315042|
1315043|
1315044|
1315045|
1315046|
1315047|
1315072|
1315073|
1315074|
1315075|
1315076|
1315077|
1315078|
1315079|
1315104|
1315105|
1315106|
1315107|
1315108|
1315109|
1315110|
1315111|
1315136|
1315137|
1315138|
1315139|
1315140|
1315141|
1315142|
1315143|
1315168|
1315169|
1315170|
1315171|
1315172|
1315173|
1315174|
1315175|
1315200|
1315201|
1315202|
1315203|
1315204|
1315205|
1315206|
1315207|
1315232|
1315233|
1315234|
1315235|
1315236|
1315237|
1315238|
1315239|
1315264|
1315265|
1315266|
1315267|
1315268|
1315269|
1315270|
1315271|
1315296|
1315297|
1315298|
1315299|
1315300|
1315301|
1315302|
1315303|
1315328|
1315329|
1315330|
1315331|
1315332|
1315333|
1315334|
1315335|
1315360|
1315361|
1315362|
1315363|
1315364|
1315365|
1315366|
1315367|
1315392|
1315393|
1315394|
1315395|
1315396|
1315397|
1315398|
1315399|
1315424|
1315425|
1315426|
1315427|
1315428|
1315429|
1315430|
1315431|
1315456|
1315457|
1315458|
1315459|
1315460|
1315461|
1315462|
1315463|
1315488|
1315489|
1315490|
1315491|
1315492|
1315493|
1315494|
1315495|
1315520|
1315521|
1315522|
1315523|
1315524|
1315525|
1315526|
1315527|
1315552|
1315553|
1315554|
1315555|
1315556|
1315557|
1315558|
1315559|
1315584|
1315585|
1315586|
1315587|
1315588|
1315589|
1315590|
1315591|
1315616|
1315617|
1315618|
1315619|
1315620|
1315621|
1315622|
1315623|
1315648|
1315649|
1315650|
1315651|
1315652|
1315653|
1315654|
1315655|
1315680|
1315681|
1315682|
1315683|
1315684|
1315685|
1315686|
1315687|
1315712|
1315713|
1315714|
1315715|
1315716|
1315717|
1315718|
1315719|
1315744|
1315745|
1315746|
1315747|
1315748|
1315749|
1315750|
1315751|
1315776|
1315777|
1315778|
1315779|
1315780|
1315781|
1315782|
1315783|
1315808|
1315809|
1315810|
1315811|
1315812|
1315813|
1315814|
1315815|
1315840|
1315841|
1315842|
1315843|
1315844|
1315845|
1315846|
1315847|
1315872|
1315873|
1315874|
1315875|
1315876|
1315877|
1315878|
1315879|
1315904|
1315905|
1315906|
1315907|
1315908|
1315909|
1315910|
1315911|
1315936|
1315937|
1315938|
1315939|
1315940|
1315941|
1315942|
1315943|
1315968|
1315969|
1315970|
1315971|
1315972|
1315973|
1315974|
1315975|
1316000|
1316001|
1316002|
1316003|
1316004|
1316005|
1316006|
1316007|
1316032|
1316033|
1316034|
1316035|
1316036|
1316037|
1316038|
1316039|
1316064|
1316065|
1316066|
1316067|
1316068|
1316069|
1316070|
1316071|
1316096|
1316097|
1316098|
1316099|
1316100|
1316101|
1316102|
1316103|
1316128|
1316129|
1316130|
1316131|
1316132|
1316133|
1316134|
1316135|
1316160|
1316161|
1316162|
1316163|
1316164|
1316165|
1316166|
1316167|
1316192|
1316193|
1316194|
1316195|
1316196|
1316197|
1316198|
1316199|
1316224|
1316225|
1316226|
1316227|
1316228|
1316229|
1316230|
1316231|
1316256|
1316257|
1316258|
1316259|
1316260|
1316261|
1316262|
1316263|
1316288|
1316289|
1316290|
1316291|
1316292|
1316293|
1316294|
1316295|
1316320|
1316321|
1316322|
1316323|
1316324|
1316325|
1316326|
1316327|
1316352|
1316353|
1316354|
1316355|
1316356|
1316357|
1316358|
1316359|
1316384|
1316385|
1316386|
1316387|
1316388|
1316389|
1316390|
1316391|
1316416|
1316417|
1316418|
1316419|
1316420|
1316421|
1316422|
1316423|
1316448|
1316449|
1316450|
1316451|
1316452|
1316453|
1316454|
1316455|
1316480|
1316481|
1316482|
1316483|
1316484|
1316485|
1316486|
1316487|
1316512|
1316513|
1316514|
1316515|
1316516|
1316517|
1316518|
1316519|
1316544|
1316545|
1316546|
1316547|
1316548|
1316549|
1316550|
1316551|
1316576|
1316577|
1316578|
1316579|
1316580|
1316581|
1316582|
1316583|
1316608|
1316609|
1316610|
1316611|
1316612|
1316613|
1316614|
1316615|
1316640|
1316641|
1316642|
1316643|
1316644|
1316645|
1316646|
1316647|
1316672|
1316673|
1316674|
1316675|
1316676|
1316677|
1316678|
1316679|
1316704|
1316705|
1316706|
1316707|
1316708|
1316709|
1316710|
1316711|
1316736|
1316737|
1316738|
1316739|
1316740|
1316741|
1316742|
1316743|
1316768|
1316769|
1316770|
1316771|
1316772|
1316773|
1316774|
1316775|
1316800|
1316801|
1316802|
1316803|
1316804|
1316805|
1316806|
1316807|
1316832|
1316833|
1316834|
1316835|
1316836|
1316837|
1316838|
1316839|
1316864|
1316865|
1316866|
1316867|
1316868|
1316869|
1316870|
1316871|
1316896|
1316897|
1316898|
1316899|
1316900|
1316901|
1316902|
1316903|
1316928|
1316929|
1316930|
1316931|
1316932|
1316933|
1316934|
1316935|
1316960|
1316961|
1316962|
1316963|
1316964|
1316965|
1316966|
1316967|
1316992|
1316993|
1316994|
1316995|
1316996|
1316997|
1316998|
1316999|
1317024|
1317025|
1317026|
1317027|
1317028|
1317029|
1317030|
1317031|
1317056|
1317057|
1317058|
1317059|
1317060|
1317061|
1317062|
1317063|
1317088|
1317089|
1317090|
1317091|
1317092|
1317093|
1317094|
1317095|
1317120|
1317121|
1317122|
1317123|
1317124|
1317125|
1317126|
1317127|
1317152|
1317153|
1317154|
1317155|
1317156|
1317157|
1317158|
1317159|
1317184|
1317185|
1317186|
1317187|
1317188|
1317189|
1317190|
1317191|
1317216|
1317217|
1317218|
1317219|
1317220|
1317221|
1317222|
1317223|
1317248|
1317249|
1317250|
1317251|
1317252|
1317253|
1317254|
1317255|
1317280|
1317281|
1317282|
1317283|
1317284|
1317285|
1317286|
1317287|
1317312|
1317313|
1317314|
1317315|
1317316|
1317317|
1317318|
1317319|
1317344|
1317345|
1317346|
1317347|
1317348|
1317349|
1317350|
1317351|
1317376|
1317377|
1317378|
1317379|
1317380|
1317381|
1317382|
1317383|
1317408|
1317409|
1317410|
1317411|
1317412|
1317413|
1317414|
1317415|
1317440|
1317441|
1317442|
1317443|
1317444|
1317445|
1317446|
1317447|
1317472|
1317473|
1317474|
1317475|
1317476|
1317477|
1317478|
1317479|
1317504|
1317505|
1317506|
1317507|
1317508|
1317509|
1317510|
1317511|
1317536|
1317537|
1317538|
1317539|
1317540|
1317541|
1317542|
1317543|
1317568|
1317569|
1317570|
1317571|
1317572|
1317573|
1317574|
1317575|
1317600|
1317601|
1317602|
1317603|
1317604|
1317605|
1317606|
1317607|
1317632|
1317633|
1317634|
1317635|
1317636|
1317637|
1317638|
1317639|
1317664|
1317665|
1317666|
1317667|
1317668|
1317669|
1317670|
1317671|
1317696|
1317697|
1317698|
1317699|
1317700|
1317701|
1317702|
1317703|
1317728|
1317729|
1317730|
1317731|
1317732|
1317733|
1317734|
1317735|
1317760|
1317761|
1317762|
1317763|
1317764|
1317765|
1317766|
1317767|
1317792|
1317793|
1317794|
1317795|
1317796|
1317797|
1317798|
1317799|
1317824|
1317825|
1317826|
1317827|
1317828|
1317829|
1317830|
1317831|
1317856|
1317857|
1317858|
1317859|
1317860|
1317861|
1317862|
1317863|
1317888|
1317889|
1317890|
1317891|
1317892|
1317893|
1317894|
1317895|
1317920|
1317921|
1317922|
1317923|
1317924|
1317925|
1317926|
1317927|
1317952|
1317953|
1317954|
1317955|
1317956|
1317957|
1317958|
1317959|
1317984|
1317985|
1317986|
1317987|
1317988|
1317989|
1317990|
1317991|
1318016|
1318017|
1318018|
1318019|
1318020|
1318021|
1318022|
1318023|
1318048|
1318049|
1318050|
1318051|
1318052|
1318053|
1318054|
1318055|
1318080|
1318081|
1318082|
1318083|
1318084|
1318085|
1318086|
1318087|
1318112|
1318113|
1318114|
1318115|
1318116|
1318117|
1318118|
1318119|
1318144|
1318145|
1318146|
1318147|
1318148|
1318149|
1318150|
1318151|
1318176|
1318177|
1318178|
1318179|
1318180|
1318181|
1318182|
1318183|
1318208|
1318209|
1318210|
1318211|
1318212|
1318213|
1318214|
1318215|
1318240|
1318241|
1318242|
1318243|
1318244|
1318245|
1318246|
1318247|
1318272|
1318273|
1318274|
1318275|
1318276|
1318277|
1318278|
1318279|
1318304|
1318305|
1318306|
1318307|
1318308|
1318309|
1318310|
1318311|
1318336|
1318337|
1318338|
1318339|
1318340|
1318341|
1318342|
1318343|
1318368|
1318369|
1318370|
1318371|
1318372|
1318373|
1318374|
1318375|
1318400|
1318401|
1318402|
1318403|
1318404|
1318405|
1318406|
1318407|
1318432|
1318433|
1318434|
1318435|
1318436|
1318437|
1318438|
1318439|
1318464|
1318465|
1318466|
1318467|
1318468|
1318469|
1318470|
1318471|
1318496|
1318497|
1318498|
1318499|
1318500|
1318501|
1318502|
1318503|
1318528|
1318529|
1318530|
1318531|
1318532|
1318533|
1318534|
1318535|
1318560|
1318561|
1318562|
1318563|
1318564|
1318565|
1318566|
1318567|
1318592|
1318593|
1318594|
1318595|
1318596|
1318597|
1318598|
1318599|
1318624|
1318625|
1318626|
1318627|
1318628|
1318629|
1318630|
1318631|
1318656|
1318657|
1318658|
1318659|
1318660|
1318661|
1318662|
1318663|
1318688|
1318689|
1318690|
1318691|
1318692|
1318693|
1318694|
1318695|
1318720|
1318721|
1318722|
1318723|
1318724|
1318725|
1318726|
1318727|
1318752|
1318753|
1318754|
1318755|
1318756|
1318757|
1318758|
1318759|
1318784|
1318785|
1318786|
1318787|
1318788|
1318789|
1318790|
1318791|
1318816|
1318817|
1318818|
1318819|
1318820|
1318821|
1318822|
1318823|
1318848|
1318849|
1318850|
1318851|
1318852|
1318853|
1318854|
1318855|
1318880|
1318881|
1318882|
1318883|
1318884|
1318885|
1318886|
1318887|
1318912|
1318913|
1318914|
1318915|
1318916|
1318917|
1318918|
1318919|
1318944|
1318945|
1318946|
1318947|
1318948|
1318949|
1318950|
1318951|
1318976|
1318977|
1318978|
1318979|
1318980|
1318981|
1318982|
1318983|
1319008|
1319009|
1319010|
1319011|
1319012|
1319013|
1319014|
1319015|
1319040|
1319041|
1319042|
1319043|
1319044|
1319045|
1319046|
1319047|
1319072|
1319073|
1319074|
1319075|
1319076|
1319077|
1319078|
1319079|
1319104|
1319105|
1319106|
1319107|
1319108|
1319109|
1319110|
1319111|
1319136|
1319137|
1319138|
1319139|
1319140|
1319141|
1319142|
1319143|
1319168|
1319169|
1319170|
1319171|
1319172|
1319173|
1319174|
1319175|
1319200|
1319201|
1319202|
1319203|
1319204|
1319205|
1319206|
1319207|
1319232|
1319233|
1319234|
1319235|
1319236|
1319237|
1319238|
1319239|
1319264|
1319265|
1319266|
1319267|
1319268|
1319269|
1319270|
1319271|
1319296|
1319297|
1319298|
1319299|
1319300|
1319301|
1319302|
1319303|
1319328|
1319329|
1319330|
1319331|
1319332|
1319333|
1319334|
1319335|
1319360|
1319361|
1319362|
1319363|
1319364|
1319365|
1319366|
1319367|
1319392|
1319393|
1319394|
1319395|
1319396|
1319397|
1319398|
1319399|
1319424|
1319425|
1319426|
1319427|
1319428|
1319429|
1319430|
1319431|
1319456|
1319457|
1319458|
1319459|
1319460|
1319461|
1319462|
1319463|
1319488|
1319489|
1319490|
1319491|
1319492|
1319493|
1319494|
1319495|
1319520|
1319521|
1319522|
1319523|
1319524|
1319525|
1319526|
1319527|
1319552|
1319553|
1319554|
1319555|
1319556|
1319557|
1319558|
1319559|
1319584|
1319585|
1319586|
1319587|
1319588|
1319589|
1319590|
1319591|
1319616|
1319617|
1319618|
1319619|
1319620|
1319621|
1319622|
1319623|
1319648|
1319649|
1319650|
1319651|
1319652|
1319653|
1319654|
1319655|
1319680|
1319681|
1319682|
1319683|
1319684|
1319685|
1319686|
1319687|
1319712|
1319713|
1319714|
1319715|
1319716|
1319717|
1319718|
1319719|
1319744|
1319745|
1319746|
1319747|
1319748|
1319749|
1319750|
1319751|
1319776|
1319777|
1319778|
1319779|
1319780|
1319781|
1319782|
1319783|
1319808|
1319809|
1319810|
1319811|
1319812|
1319813|
1319814|
1319815|
1319840|
1319841|
1319842|
1319843|
1319844|
1319845|
1319846|
1319847|
1319872|
1319873|
1319874|
1319875|
1319876|
1319877|
1319878|
1319879|
1319904|
1319905|
1319906|
1319907|
1319908|
1319909|
1319910|
1319911|
1319936|
1319937|
1319938|
1319939|
1319940|
1319941|
1319942|
1319943|
1319968|
1319969|
1319970|
1319971|
1319972|
1319973|
1319974|
1319975|
1320000|
