504001|
504002|
504003|
504004|
504005|
504006|
504007|
504032|
504033|
504034|
504035|
504036|
504037|
504038|
504039|
504064|
504065|
504066|
504067|
504068|
504069|
504070|
504071|
504096|
504097|
504098|
504099|
504100|
504101|
504102|
504103|
504128|
504129|
504130|
504131|
504132|
504133|
504134|
504135|
504160|
504161|
504162|
504163|
504164|
504165|
504166|
504167|
504192|
504193|
504194|
504195|
504196|
504197|
504198|
504199|
504224|
504225|
504226|
504227|
504228|
504229|
504230|
504231|
504256|
504257|
504258|
504259|
504260|
504261|
504262|
504263|
504288|
504289|
504290|
504291|
504292|
504293|
504294|
504295|
504320|
504321|
504322|
504323|
504324|
504325|
504326|
504327|
504352|
504353|
504354|
504355|
504356|
504357|
504358|
504359|
504384|
504385|
504386|
504387|
504388|
504389|
504390|
504391|
504416|
504417|
504418|
504419|
504420|
504421|
504422|
504423|
504448|
504449|
504450|
504451|
504452|
504453|
504454|
504455|
504480|
504481|
504482|
504483|
504484|
504485|
504486|
504487|
504512|
504513|
504514|
504515|
504516|
504517|
504518|
504519|
504544|
504545|
504546|
504547|
504548|
504549|
504550|
504551|
504576|
504577|
504578|
504579|
504580|
504581|
504582|
504583|
504608|
504609|
504610|
504611|
504612|
504613|
504614|
504615|
504640|
504641|
504642|
504643|
504644|
504645|
504646|
504647|
504672|
504673|
504674|
504675|
504676|
504677|
504678|
504679|
504704|
504705|
504706|
504707|
504708|
504709|
504710|
504711|
504736|
504737|
504738|
504739|
504740|
504741|
504742|
504743|
504768|
504769|
504770|
504771|
504772|
504773|
504774|
504775|
504800|
504801|
504802|
504803|
504804|
504805|
504806|
504807|
504832|
504833|
504834|
504835|
504836|
504837|
504838|
504839|
504864|
504865|
504866|
504867|
504868|
504869|
504870|
504871|
504896|
504897|
504898|
504899|
504900|
504901|
504902|
504903|
504928|
504929|
504930|
504931|
504932|
504933|
504934|
504935|
504960|
504961|
504962|
504963|
504964|
504965|
504966|
504967|
504992|
504993|
504994|
504995|
504996|
504997|
504998|
504999|
505024|
505025|
505026|
505027|
505028|
505029|
505030|
505031|
505056|
505057|
505058|
505059|
505060|
505061|
505062|
505063|
505088|
505089|
505090|
505091|
505092|
505093|
505094|
505095|
505120|
505121|
505122|
505123|
505124|
505125|
505126|
505127|
505152|
505153|
505154|
505155|
505156|
505157|
505158|
505159|
505184|
505185|
505186|
505187|
505188|
505189|
505190|
505191|
505216|
505217|
505218|
505219|
505220|
505221|
505222|
505223|
505248|
505249|
505250|
505251|
505252|
505253|
505254|
505255|
505280|
505281|
505282|
505283|
505284|
505285|
505286|
505287|
505312|
505313|
505314|
505315|
505316|
505317|
505318|
505319|
505344|
505345|
505346|
505347|
505348|
505349|
505350|
505351|
505376|
505377|
505378|
505379|
505380|
505381|
505382|
505383|
505408|
505409|
505410|
505411|
505412|
505413|
505414|
505415|
505440|
505441|
505442|
505443|
505444|
505445|
505446|
505447|
505472|
505473|
505474|
505475|
505476|
505477|
505478|
505479|
505504|
505505|
505506|
505507|
505508|
505509|
505510|
505511|
505536|
505537|
505538|
505539|
505540|
505541|
505542|
505543|
505568|
505569|
505570|
505571|
505572|
505573|
505574|
505575|
505600|
505601|
505602|
505603|
505604|
505605|
505606|
505607|
505632|
505633|
505634|
505635|
505636|
505637|
505638|
505639|
505664|
505665|
505666|
505667|
505668|
505669|
505670|
505671|
505696|
505697|
505698|
505699|
505700|
505701|
505702|
505703|
505728|
505729|
505730|
505731|
505732|
505733|
505734|
505735|
505760|
505761|
505762|
505763|
505764|
505765|
505766|
505767|
505792|
505793|
505794|
505795|
505796|
505797|
505798|
505799|
505824|
505825|
505826|
505827|
505828|
505829|
505830|
505831|
505856|
505857|
505858|
505859|
505860|
505861|
505862|
505863|
505888|
505889|
505890|
505891|
505892|
505893|
505894|
505895|
505920|
505921|
505922|
505923|
505924|
505925|
505926|
505927|
505952|
505953|
505954|
505955|
505956|
505957|
505958|
505959|
505984|
505985|
505986|
505987|
505988|
505989|
505990|
505991|
506016|
506017|
506018|
506019|
506020|
506021|
506022|
506023|
506048|
506049|
506050|
506051|
506052|
506053|
506054|
506055|
506080|
506081|
506082|
506083|
506084|
506085|
506086|
506087|
506112|
506113|
506114|
506115|
506116|
506117|
506118|
506119|
506144|
506145|
506146|
506147|
506148|
506149|
506150|
506151|
506176|
506177|
506178|
506179|
506180|
506181|
506182|
506183|
506208|
506209|
506210|
506211|
506212|
506213|
506214|
506215|
506240|
506241|
506242|
506243|
506244|
506245|
506246|
506247|
506272|
506273|
506274|
506275|
506276|
506277|
506278|
506279|
506304|
506305|
506306|
506307|
506308|
506309|
506310|
506311|
506336|
506337|
506338|
506339|
506340|
506341|
506342|
506343|
506368|
506369|
506370|
506371|
506372|
506373|
506374|
506375|
506400|
506401|
506402|
506403|
506404|
506405|
506406|
506407|
506432|
506433|
506434|
506435|
506436|
506437|
506438|
506439|
506464|
506465|
506466|
506467|
506468|
506469|
506470|
506471|
506496|
506497|
506498|
506499|
506500|
506501|
506502|
506503|
506528|
506529|
506530|
506531|
506532|
506533|
506534|
506535|
506560|
506561|
506562|
506563|
506564|
506565|
506566|
506567|
506592|
506593|
506594|
506595|
506596|
506597|
506598|
506599|
506624|
506625|
506626|
506627|
506628|
506629|
506630|
506631|
506656|
506657|
506658|
506659|
506660|
506661|
506662|
506663|
506688|
506689|
506690|
506691|
506692|
506693|
506694|
506695|
506720|
506721|
506722|
506723|
506724|
506725|
506726|
506727|
506752|
506753|
506754|
506755|
506756|
506757|
506758|
506759|
506784|
506785|
506786|
506787|
506788|
506789|
506790|
506791|
506816|
506817|
506818|
506819|
506820|
506821|
506822|
506823|
506848|
506849|
506850|
506851|
506852|
506853|
506854|
506855|
506880|
506881|
506882|
506883|
506884|
506885|
506886|
506887|
506912|
506913|
506914|
506915|
506916|
506917|
506918|
506919|
506944|
506945|
506946|
506947|
506948|
506949|
506950|
506951|
506976|
506977|
506978|
506979|
506980|
506981|
506982|
506983|
507008|
507009|
507010|
507011|
507012|
507013|
507014|
507015|
507040|
507041|
507042|
507043|
507044|
507045|
507046|
507047|
507072|
507073|
507074|
507075|
507076|
507077|
507078|
507079|
507104|
507105|
507106|
507107|
507108|
507109|
507110|
507111|
507136|
507137|
507138|
507139|
507140|
507141|
507142|
507143|
507168|
507169|
507170|
507171|
507172|
507173|
507174|
507175|
507200|
507201|
507202|
507203|
507204|
507205|
507206|
507207|
507232|
507233|
507234|
507235|
507236|
507237|
507238|
507239|
507264|
507265|
507266|
507267|
507268|
507269|
507270|
507271|
507296|
507297|
507298|
507299|
507300|
507301|
507302|
507303|
507328|
507329|
507330|
507331|
507332|
507333|
507334|
507335|
507360|
507361|
507362|
507363|
507364|
507365|
507366|
507367|
507392|
507393|
507394|
507395|
507396|
507397|
507398|
507399|
507424|
507425|
507426|
507427|
507428|
507429|
507430|
507431|
507456|
507457|
507458|
507459|
507460|
507461|
507462|
507463|
507488|
507489|
507490|
507491|
507492|
507493|
507494|
507495|
507520|
507521|
507522|
507523|
507524|
507525|
507526|
507527|
507552|
507553|
507554|
507555|
507556|
507557|
507558|
507559|
507584|
507585|
507586|
507587|
507588|
507589|
507590|
507591|
507616|
507617|
507618|
507619|
507620|
507621|
507622|
507623|
507648|
507649|
507650|
507651|
507652|
507653|
507654|
507655|
507680|
507681|
507682|
507683|
507684|
507685|
507686|
507687|
507712|
507713|
507714|
507715|
507716|
507717|
507718|
507719|
507744|
507745|
507746|
507747|
507748|
507749|
507750|
507751|
507776|
507777|
507778|
507779|
507780|
507781|
507782|
507783|
507808|
507809|
507810|
507811|
507812|
507813|
507814|
507815|
507840|
507841|
507842|
507843|
507844|
507845|
507846|
507847|
507872|
507873|
507874|
507875|
507876|
507877|
507878|
507879|
507904|
507905|
507906|
507907|
507908|
507909|
507910|
507911|
507936|
507937|
507938|
507939|
507940|
507941|
507942|
507943|
507968|
507969|
507970|
507971|
507972|
507973|
507974|
507975|
508000|
508001|
508002|
508003|
508004|
508005|
508006|
508007|
508032|
508033|
508034|
508035|
508036|
508037|
508038|
508039|
508064|
508065|
508066|
508067|
508068|
508069|
508070|
508071|
508096|
508097|
508098|
508099|
508100|
508101|
508102|
508103|
508128|
508129|
508130|
508131|
508132|
508133|
508134|
508135|
508160|
508161|
508162|
508163|
508164|
508165|
508166|
508167|
508192|
508193|
508194|
508195|
508196|
508197|
508198|
508199|
508224|
508225|
508226|
508227|
508228|
508229|
508230|
508231|
508256|
508257|
508258|
508259|
508260|
508261|
508262|
508263|
508288|
508289|
508290|
508291|
508292|
508293|
508294|
508295|
508320|
508321|
508322|
508323|
508324|
508325|
508326|
508327|
508352|
508353|
508354|
508355|
508356|
508357|
508358|
508359|
508384|
508385|
508386|
508387|
508388|
508389|
508390|
508391|
508416|
508417|
508418|
508419|
508420|
508421|
508422|
508423|
508448|
508449|
508450|
508451|
508452|
508453|
508454|
508455|
508480|
508481|
508482|
508483|
508484|
508485|
508486|
508487|
508512|
508513|
508514|
508515|
508516|
508517|
508518|
508519|
508544|
508545|
508546|
508547|
508548|
508549|
508550|
508551|
508576|
508577|
508578|
508579|
508580|
508581|
508582|
508583|
508608|
508609|
508610|
508611|
508612|
508613|
508614|
508615|
508640|
508641|
508642|
508643|
508644|
508645|
508646|
508647|
508672|
508673|
508674|
508675|
508676|
508677|
508678|
508679|
508704|
508705|
508706|
508707|
508708|
508709|
508710|
508711|
508736|
508737|
508738|
508739|
508740|
508741|
508742|
508743|
508768|
508769|
508770|
508771|
508772|
508773|
508774|
508775|
508800|
508801|
508802|
508803|
508804|
508805|
508806|
508807|
508832|
508833|
508834|
508835|
508836|
508837|
508838|
508839|
508864|
508865|
508866|
508867|
508868|
508869|
508870|
508871|
508896|
508897|
508898|
508899|
508900|
508901|
508902|
508903|
508928|
508929|
508930|
508931|
508932|
508933|
508934|
508935|
508960|
508961|
508962|
508963|
508964|
508965|
508966|
508967|
508992|
508993|
508994|
508995|
508996|
508997|
508998|
508999|
509024|
509025|
509026|
509027|
509028|
509029|
509030|
509031|
509056|
509057|
509058|
509059|
509060|
509061|
509062|
509063|
509088|
509089|
509090|
509091|
509092|
509093|
509094|
509095|
509120|
509121|
509122|
509123|
509124|
509125|
509126|
509127|
509152|
509153|
509154|
509155|
509156|
509157|
509158|
509159|
509184|
509185|
509186|
509187|
509188|
509189|
509190|
509191|
509216|
509217|
509218|
509219|
509220|
509221|
509222|
509223|
509248|
509249|
509250|
509251|
509252|
509253|
509254|
509255|
509280|
509281|
509282|
509283|
509284|
509285|
509286|
509287|
509312|
509313|
509314|
509315|
509316|
509317|
509318|
509319|
509344|
509345|
509346|
509347|
509348|
509349|
509350|
509351|
509376|
509377|
509378|
509379|
509380|
509381|
509382|
509383|
509408|
509409|
509410|
509411|
509412|
509413|
509414|
509415|
509440|
509441|
509442|
509443|
509444|
509445|
509446|
509447|
509472|
509473|
509474|
509475|
509476|
509477|
509478|
509479|
509504|
509505|
509506|
509507|
509508|
509509|
509510|
509511|
509536|
509537|
509538|
509539|
509540|
509541|
509542|
509543|
509568|
509569|
509570|
509571|
509572|
509573|
509574|
509575|
509600|
509601|
509602|
509603|
509604|
509605|
509606|
509607|
509632|
509633|
509634|
509635|
509636|
509637|
509638|
509639|
509664|
509665|
509666|
509667|
509668|
509669|
509670|
509671|
509696|
509697|
509698|
509699|
509700|
509701|
509702|
509703|
509728|
509729|
509730|
509731|
509732|
509733|
509734|
509735|
509760|
509761|
509762|
509763|
509764|
509765|
509766|
509767|
509792|
509793|
509794|
509795|
509796|
509797|
509798|
509799|
509824|
509825|
509826|
509827|
509828|
509829|
509830|
509831|
509856|
509857|
509858|
509859|
509860|
509861|
509862|
509863|
509888|
509889|
509890|
509891|
509892|
509893|
509894|
509895|
509920|
509921|
509922|
509923|
509924|
509925|
509926|
509927|
509952|
509953|
509954|
509955|
509956|
509957|
509958|
509959|
509984|
509985|
509986|
509987|
509988|
