2016001|
2016002|
2016003|
2016004|
2016005|
2016006|
2016007|
2016032|
2016033|
2016034|
2016035|
2016036|
2016037|
2016038|
2016039|
2016064|
2016065|
2016066|
2016067|
2016068|
2016069|
2016070|
2016071|
2016096|
2016097|
2016098|
2016099|
2016100|
2016101|
2016102|
2016103|
2016128|
2016129|
2016130|
2016131|
2016132|
2016133|
2016134|
2016135|
2016160|
2016161|
2016162|
2016163|
2016164|
2016165|
2016166|
2016167|
2016192|
2016193|
2016194|
2016195|
2016196|
2016197|
2016198|
2016199|
2016224|
2016225|
2016226|
2016227|
2016228|
2016229|
2016230|
2016231|
2016256|
2016257|
2016258|
2016259|
2016260|
2016261|
2016262|
2016263|
2016288|
2016289|
2016290|
2016291|
2016292|
2016293|
2016294|
2016295|
2016320|
2016321|
2016322|
2016323|
2016324|
2016325|
2016326|
2016327|
2016352|
2016353|
2016354|
2016355|
2016356|
2016357|
2016358|
2016359|
2016384|
2016385|
2016386|
2016387|
2016388|
2016389|
2016390|
2016391|
2016416|
2016417|
2016418|
2016419|
2016420|
2016421|
2016422|
2016423|
2016448|
2016449|
2016450|
2016451|
2016452|
2016453|
2016454|
2016455|
2016480|
2016481|
2016482|
2016483|
2016484|
2016485|
2016486|
2016487|
2016512|
2016513|
2016514|
2016515|
2016516|
2016517|
2016518|
2016519|
2016544|
2016545|
2016546|
2016547|
2016548|
2016549|
2016550|
2016551|
2016576|
2016577|
2016578|
2016579|
2016580|
2016581|
2016582|
2016583|
2016608|
2016609|
2016610|
2016611|
2016612|
2016613|
2016614|
2016615|
2016640|
2016641|
2016642|
2016643|
2016644|
2016645|
2016646|
2016647|
2016672|
2016673|
2016674|
2016675|
2016676|
2016677|
2016678|
2016679|
2016704|
2016705|
2016706|
2016707|
2016708|
2016709|
2016710|
2016711|
2016736|
2016737|
2016738|
2016739|
2016740|
2016741|
2016742|
2016743|
2016768|
2016769|
2016770|
2016771|
2016772|
2016773|
2016774|
2016775|
2016800|
2016801|
2016802|
2016803|
2016804|
2016805|
2016806|
2016807|
2016832|
2016833|
2016834|
2016835|
2016836|
2016837|
2016838|
2016839|
2016864|
2016865|
2016866|
2016867|
2016868|
2016869|
2016870|
2016871|
2016896|
2016897|
2016898|
2016899|
2016900|
2016901|
2016902|
2016903|
2016928|
2016929|
2016930|
2016931|
2016932|
2016933|
2016934|
2016935|
2016960|
2016961|
2016962|
2016963|
2016964|
2016965|
2016966|
2016967|
2016992|
2016993|
2016994|
2016995|
2016996|
2016997|
2016998|
2016999|
2017024|
2017025|
2017026|
2017027|
2017028|
2017029|
2017030|
2017031|
2017056|
2017057|
2017058|
2017059|
2017060|
2017061|
2017062|
2017063|
2017088|
2017089|
2017090|
2017091|
2017092|
2017093|
2017094|
2017095|
2017120|
2017121|
2017122|
2017123|
2017124|
2017125|
2017126|
2017127|
2017152|
2017153|
2017154|
2017155|
2017156|
2017157|
2017158|
2017159|
2017184|
2017185|
2017186|
2017187|
2017188|
2017189|
2017190|
2017191|
2017216|
2017217|
2017218|
2017219|
2017220|
2017221|
2017222|
2017223|
2017248|
2017249|
2017250|
2017251|
2017252|
2017253|
2017254|
2017255|
2017280|
2017281|
2017282|
2017283|
2017284|
2017285|
2017286|
2017287|
2017312|
2017313|
2017314|
2017315|
2017316|
2017317|
2017318|
2017319|
2017344|
2017345|
2017346|
2017347|
2017348|
2017349|
2017350|
2017351|
2017376|
2017377|
2017378|
2017379|
2017380|
2017381|
2017382|
2017383|
2017408|
2017409|
2017410|
2017411|
2017412|
2017413|
2017414|
2017415|
2017440|
2017441|
2017442|
2017443|
2017444|
2017445|
2017446|
2017447|
2017472|
2017473|
2017474|
2017475|
2017476|
2017477|
2017478|
2017479|
2017504|
2017505|
2017506|
2017507|
2017508|
2017509|
2017510|
2017511|
2017536|
2017537|
2017538|
2017539|
2017540|
2017541|
2017542|
2017543|
2017568|
2017569|
2017570|
2017571|
2017572|
2017573|
2017574|
2017575|
2017600|
2017601|
2017602|
2017603|
2017604|
2017605|
2017606|
2017607|
2017632|
2017633|
2017634|
2017635|
2017636|
2017637|
2017638|
2017639|
2017664|
2017665|
2017666|
2017667|
2017668|
2017669|
2017670|
2017671|
2017696|
2017697|
2017698|
2017699|
2017700|
2017701|
2017702|
2017703|
2017728|
2017729|
2017730|
2017731|
2017732|
2017733|
2017734|
2017735|
2017760|
2017761|
2017762|
2017763|
2017764|
2017765|
2017766|
2017767|
2017792|
2017793|
2017794|
2017795|
2017796|
2017797|
2017798|
2017799|
2017824|
2017825|
2017826|
2017827|
2017828|
2017829|
2017830|
2017831|
2017856|
2017857|
2017858|
2017859|
2017860|
2017861|
2017862|
2017863|
2017888|
2017889|
2017890|
2017891|
2017892|
2017893|
2017894|
2017895|
2017920|
2017921|
2017922|
2017923|
2017924|
2017925|
2017926|
2017927|
2017952|
2017953|
2017954|
2017955|
2017956|
2017957|
2017958|
2017959|
2017984|
2017985|
2017986|
2017987|
2017988|
2017989|
2017990|
2017991|
2018016|
2018017|
2018018|
2018019|
2018020|
2018021|
2018022|
2018023|
2018048|
2018049|
2018050|
2018051|
2018052|
2018053|
2018054|
2018055|
2018080|
2018081|
2018082|
2018083|
2018084|
2018085|
2018086|
2018087|
2018112|
2018113|
2018114|
2018115|
2018116|
2018117|
2018118|
2018119|
2018144|
2018145|
2018146|
2018147|
2018148|
2018149|
2018150|
2018151|
2018176|
2018177|
2018178|
2018179|
2018180|
2018181|
2018182|
2018183|
2018208|
2018209|
2018210|
2018211|
2018212|
2018213|
2018214|
2018215|
2018240|
2018241|
2018242|
2018243|
2018244|
2018245|
2018246|
2018247|
2018272|
2018273|
2018274|
2018275|
2018276|
2018277|
2018278|
2018279|
2018304|
2018305|
2018306|
2018307|
2018308|
2018309|
2018310|
2018311|
2018336|
2018337|
2018338|
2018339|
2018340|
2018341|
2018342|
2018343|
2018368|
2018369|
2018370|
2018371|
2018372|
2018373|
2018374|
2018375|
2018400|
2018401|
2018402|
2018403|
2018404|
2018405|
2018406|
2018407|
2018432|
2018433|
2018434|
2018435|
2018436|
2018437|
2018438|
2018439|
2018464|
2018465|
2018466|
2018467|
2018468|
2018469|
2018470|
2018471|
2018496|
2018497|
2018498|
2018499|
2018500|
2018501|
2018502|
2018503|
2018528|
2018529|
2018530|
2018531|
2018532|
2018533|
2018534|
2018535|
2018560|
2018561|
2018562|
2018563|
2018564|
2018565|
2018566|
2018567|
2018592|
2018593|
2018594|
2018595|
2018596|
2018597|
2018598|
2018599|
2018624|
2018625|
2018626|
2018627|
2018628|
2018629|
2018630|
2018631|
2018656|
2018657|
2018658|
2018659|
2018660|
2018661|
2018662|
2018663|
2018688|
2018689|
2018690|
2018691|
2018692|
2018693|
2018694|
2018695|
2018720|
2018721|
2018722|
2018723|
2018724|
2018725|
2018726|
2018727|
2018752|
2018753|
2018754|
2018755|
2018756|
2018757|
2018758|
2018759|
2018784|
2018785|
2018786|
2018787|
2018788|
2018789|
2018790|
2018791|
2018816|
2018817|
2018818|
2018819|
2018820|
2018821|
2018822|
2018823|
2018848|
2018849|
2018850|
2018851|
2018852|
2018853|
2018854|
2018855|
2018880|
2018881|
2018882|
2018883|
2018884|
2018885|
2018886|
2018887|
2018912|
2018913|
2018914|
2018915|
2018916|
2018917|
2018918|
2018919|
2018944|
2018945|
2018946|
2018947|
2018948|
2018949|
2018950|
2018951|
2018976|
2018977|
2018978|
2018979|
2018980|
2018981|
2018982|
2018983|
2019008|
2019009|
2019010|
2019011|
2019012|
2019013|
2019014|
2019015|
2019040|
2019041|
2019042|
2019043|
2019044|
2019045|
2019046|
2019047|
2019072|
2019073|
2019074|
2019075|
2019076|
2019077|
2019078|
2019079|
2019104|
2019105|
2019106|
2019107|
2019108|
2019109|
2019110|
2019111|
2019136|
2019137|
2019138|
2019139|
2019140|
2019141|
2019142|
2019143|
2019168|
2019169|
2019170|
2019171|
2019172|
2019173|
2019174|
2019175|
2019200|
2019201|
2019202|
2019203|
2019204|
2019205|
2019206|
2019207|
2019232|
2019233|
2019234|
2019235|
2019236|
2019237|
2019238|
2019239|
2019264|
2019265|
2019266|
2019267|
2019268|
2019269|
2019270|
2019271|
2019296|
2019297|
2019298|
2019299|
2019300|
2019301|
2019302|
2019303|
2019328|
2019329|
2019330|
2019331|
2019332|
2019333|
2019334|
2019335|
2019360|
2019361|
2019362|
2019363|
2019364|
2019365|
2019366|
2019367|
2019392|
2019393|
2019394|
2019395|
2019396|
2019397|
2019398|
2019399|
2019424|
2019425|
2019426|
2019427|
2019428|
2019429|
2019430|
2019431|
2019456|
2019457|
2019458|
2019459|
2019460|
2019461|
2019462|
2019463|
2019488|
2019489|
2019490|
2019491|
2019492|
2019493|
2019494|
2019495|
2019520|
2019521|
2019522|
2019523|
2019524|
2019525|
2019526|
2019527|
2019552|
2019553|
2019554|
2019555|
2019556|
2019557|
2019558|
2019559|
2019584|
2019585|
2019586|
2019587|
2019588|
2019589|
2019590|
2019591|
2019616|
2019617|
2019618|
2019619|
2019620|
2019621|
2019622|
2019623|
2019648|
2019649|
2019650|
2019651|
2019652|
2019653|
2019654|
2019655|
2019680|
2019681|
2019682|
2019683|
2019684|
2019685|
2019686|
2019687|
2019712|
2019713|
2019714|
2019715|
2019716|
2019717|
2019718|
2019719|
2019744|
2019745|
2019746|
2019747|
2019748|
2019749|
2019750|
2019751|
2019776|
2019777|
2019778|
2019779|
2019780|
2019781|
2019782|
2019783|
2019808|
2019809|
2019810|
2019811|
2019812|
2019813|
2019814|
2019815|
2019840|
2019841|
2019842|
2019843|
2019844|
2019845|
2019846|
2019847|
2019872|
2019873|
2019874|
2019875|
2019876|
2019877|
2019878|
2019879|
2019904|
2019905|
2019906|
2019907|
2019908|
2019909|
2019910|
2019911|
2019936|
2019937|
2019938|
2019939|
2019940|
2019941|
2019942|
2019943|
2019968|
2019969|
2019970|
2019971|
2019972|
2019973|
2019974|
2019975|
2020000|
2020001|
2020002|
2020003|
2020004|
2020005|
2020006|
2020007|
2020032|
2020033|
2020034|
2020035|
2020036|
2020037|
2020038|
2020039|
2020064|
2020065|
2020066|
2020067|
2020068|
2020069|
2020070|
2020071|
2020096|
2020097|
2020098|
2020099|
2020100|
2020101|
2020102|
2020103|
2020128|
2020129|
2020130|
2020131|
2020132|
2020133|
2020134|
2020135|
2020160|
2020161|
2020162|
2020163|
2020164|
2020165|
2020166|
2020167|
2020192|
2020193|
2020194|
2020195|
2020196|
2020197|
2020198|
2020199|
2020224|
2020225|
2020226|
2020227|
2020228|
2020229|
2020230|
2020231|
2020256|
2020257|
2020258|
2020259|
2020260|
2020261|
2020262|
2020263|
2020288|
2020289|
2020290|
2020291|
2020292|
2020293|
2020294|
2020295|
2020320|
2020321|
2020322|
2020323|
2020324|
2020325|
2020326|
2020327|
2020352|
2020353|
2020354|
2020355|
2020356|
2020357|
2020358|
2020359|
2020384|
2020385|
2020386|
2020387|
2020388|
2020389|
2020390|
2020391|
2020416|
2020417|
2020418|
2020419|
2020420|
2020421|
2020422|
2020423|
2020448|
2020449|
2020450|
2020451|
2020452|
2020453|
2020454|
2020455|
2020480|
2020481|
2020482|
2020483|
2020484|
2020485|
2020486|
2020487|
2020512|
2020513|
2020514|
2020515|
2020516|
2020517|
2020518|
2020519|
2020544|
2020545|
2020546|
2020547|
2020548|
2020549|
2020550|
2020551|
2020576|
2020577|
2020578|
2020579|
2020580|
2020581|
2020582|
2020583|
2020608|
2020609|
2020610|
2020611|
2020612|
2020613|
2020614|
2020615|
2020640|
2020641|
2020642|
2020643|
2020644|
2020645|
2020646|
2020647|
2020672|
2020673|
2020674|
2020675|
2020676|
2020677|
2020678|
2020679|
2020704|
2020705|
2020706|
2020707|
2020708|
2020709|
2020710|
2020711|
2020736|
2020737|
2020738|
2020739|
2020740|
2020741|
2020742|
2020743|
2020768|
2020769|
2020770|
2020771|
2020772|
2020773|
2020774|
2020775|
2020800|
2020801|
2020802|
2020803|
2020804|
2020805|
2020806|
2020807|
2020832|
2020833|
2020834|
2020835|
2020836|
2020837|
2020838|
2020839|
2020864|
2020865|
2020866|
2020867|
2020868|
2020869|
2020870|
2020871|
2020896|
2020897|
2020898|
2020899|
2020900|
2020901|
2020902|
2020903|
2020928|
2020929|
2020930|
2020931|
2020932|
2020933|
2020934|
2020935|
2020960|
2020961|
2020962|
2020963|
2020964|
2020965|
2020966|
2020967|
2020992|
2020993|
2020994|
2020995|
2020996|
2020997|
2020998|
2020999|
2021024|
2021025|
2021026|
2021027|
2021028|
2021029|
2021030|
2021031|
2021056|
2021057|
2021058|
2021059|
2021060|
2021061|
2021062|
2021063|
2021088|
2021089|
2021090|
2021091|
2021092|
2021093|
2021094|
2021095|
2021120|
2021121|
2021122|
2021123|
2021124|
2021125|
2021126|
2021127|
2021152|
2021153|
2021154|
2021155|
2021156|
2021157|
2021158|
2021159|
2021184|
2021185|
2021186|
2021187|
2021188|
2021189|
2021190|
2021191|
2021216|
2021217|
2021218|
2021219|
2021220|
2021221|
2021222|
2021223|
2021248|
2021249|
2021250|
2021251|
2021252|
2021253|
2021254|
2021255|
2021280|
2021281|
2021282|
2021283|
2021284|
2021285|
2021286|
2021287|
2021312|
2021313|
2021314|
2021315|
2021316|
2021317|
2021318|
2021319|
2021344|
2021345|
2021346|
2021347|
2021348|
2021349|
2021350|
2021351|
2021376|
2021377|
2021378|
2021379|
2021380|
2021381|
2021382|
2021383|
2021408|
2021409|
2021410|
2021411|
2021412|
2021413|
2021414|
2021415|
2021440|
2021441|
2021442|
2021443|
2021444|
2021445|
2021446|
2021447|
2021472|
2021473|
2021474|
2021475|
2021476|
2021477|
2021478|
2021479|
2021504|
2021505|
2021506|
2021507|
2021508|
2021509|
2021510|
2021511|
2021536|
2021537|
2021538|
2021539|
2021540|
2021541|
2021542|
2021543|
2021568|
2021569|
2021570|
2021571|
2021572|
2021573|
2021574|
2021575|
2021600|
2021601|
2021602|
2021603|
2021604|
2021605|
2021606|
2021607|
2021632|
2021633|
2021634|
2021635|
2021636|
2021637|
2021638|
2021639|
2021664|
2021665|
2021666|
2021667|
2021668|
2021669|
2021670|
2021671|
2021696|
2021697|
2021698|
2021699|
2021700|
2021701|
2021702|
2021703|
2021728|
2021729|
2021730|
2021731|
2021732|
2021733|
2021734|
2021735|
2021760|
2021761|
2021762|
2021763|
2021764|
2021765|
2021766|
2021767|
2021792|
2021793|
2021794|
2021795|
2021796|
2021797|
2021798|
2021799|
2021824|
2021825|
2021826|
2021827|
2021828|
2021829|
2021830|
2021831|
2021856|
2021857|
2021858|
2021859|
2021860|
2021861|
2021862|
2021863|
2021888|
2021889|
2021890|
2021891|
2021892|
2021893|
2021894|
2021895|
2021920|
2021921|
2021922|
2021923|
2021924|
2021925|
2021926|
2021927|
2021952|
2021953|
2021954|
2021955|
2021956|
2021957|
2021958|
2021959|
2021984|
2021985|
2021986|
2021987|
2021988|
