2393989|
2393990|
2393991|
2394016|
2394017|
2394018|
2394019|
2394020|
2394021|
2394022|
2394023|
2394048|
2394049|
2394050|
2394051|
2394052|
2394053|
2394054|
2394055|
2394080|
2394081|
2394082|
2394083|
2394084|
2394085|
2394086|
2394087|
2394112|
2394113|
2394114|
2394115|
2394116|
2394117|
2394118|
2394119|
2394144|
2394145|
2394146|
2394147|
2394148|
2394149|
2394150|
2394151|
2394176|
2394177|
2394178|
2394179|
2394180|
2394181|
2394182|
2394183|
2394208|
2394209|
2394210|
2394211|
2394212|
2394213|
2394214|
2394215|
2394240|
2394241|
2394242|
2394243|
2394244|
2394245|
2394246|
2394247|
2394272|
2394273|
2394274|
2394275|
2394276|
2394277|
2394278|
2394279|
2394304|
2394305|
2394306|
2394307|
2394308|
2394309|
2394310|
2394311|
2394336|
2394337|
2394338|
2394339|
2394340|
2394341|
2394342|
2394343|
2394368|
2394369|
2394370|
2394371|
2394372|
2394373|
2394374|
2394375|
2394400|
2394401|
2394402|
2394403|
2394404|
2394405|
2394406|
2394407|
2394432|
2394433|
2394434|
2394435|
2394436|
2394437|
2394438|
2394439|
2394464|
2394465|
2394466|
2394467|
2394468|
2394469|
2394470|
2394471|
2394496|
2394497|
2394498|
2394499|
2394500|
2394501|
2394502|
2394503|
2394528|
2394529|
2394530|
2394531|
2394532|
2394533|
2394534|
2394535|
2394560|
2394561|
2394562|
2394563|
2394564|
2394565|
2394566|
2394567|
2394592|
2394593|
2394594|
2394595|
2394596|
2394597|
2394598|
2394599|
2394624|
2394625|
2394626|
2394627|
2394628|
2394629|
2394630|
2394631|
2394656|
2394657|
2394658|
2394659|
2394660|
2394661|
2394662|
2394663|
2394688|
2394689|
2394690|
2394691|
2394692|
2394693|
2394694|
2394695|
2394720|
2394721|
2394722|
2394723|
2394724|
2394725|
2394726|
2394727|
2394752|
2394753|
2394754|
2394755|
2394756|
2394757|
2394758|
2394759|
2394784|
2394785|
2394786|
2394787|
2394788|
2394789|
2394790|
2394791|
2394816|
2394817|
2394818|
2394819|
2394820|
2394821|
2394822|
2394823|
2394848|
2394849|
2394850|
2394851|
2394852|
2394853|
2394854|
2394855|
2394880|
2394881|
2394882|
2394883|
2394884|
2394885|
2394886|
2394887|
2394912|
2394913|
2394914|
2394915|
2394916|
2394917|
2394918|
2394919|
2394944|
2394945|
2394946|
2394947|
2394948|
2394949|
2394950|
2394951|
2394976|
2394977|
2394978|
2394979|
2394980|
2394981|
2394982|
2394983|
2395008|
2395009|
2395010|
2395011|
2395012|
2395013|
2395014|
2395015|
2395040|
2395041|
2395042|
2395043|
2395044|
2395045|
2395046|
2395047|
2395072|
2395073|
2395074|
2395075|
2395076|
2395077|
2395078|
2395079|
2395104|
2395105|
2395106|
2395107|
2395108|
2395109|
2395110|
2395111|
2395136|
2395137|
2395138|
2395139|
2395140|
2395141|
2395142|
2395143|
2395168|
2395169|
2395170|
2395171|
2395172|
2395173|
2395174|
2395175|
2395200|
2395201|
2395202|
2395203|
2395204|
2395205|
2395206|
2395207|
2395232|
2395233|
2395234|
2395235|
2395236|
2395237|
2395238|
2395239|
2395264|
2395265|
2395266|
2395267|
2395268|
2395269|
2395270|
2395271|
2395296|
2395297|
2395298|
2395299|
2395300|
2395301|
2395302|
2395303|
2395328|
2395329|
2395330|
2395331|
2395332|
2395333|
2395334|
2395335|
2395360|
2395361|
2395362|
2395363|
2395364|
2395365|
2395366|
2395367|
2395392|
2395393|
2395394|
2395395|
2395396|
2395397|
2395398|
2395399|
2395424|
2395425|
2395426|
2395427|
2395428|
2395429|
2395430|
2395431|
2395456|
2395457|
2395458|
2395459|
2395460|
2395461|
2395462|
2395463|
2395488|
2395489|
2395490|
2395491|
2395492|
2395493|
2395494|
2395495|
2395520|
2395521|
2395522|
2395523|
2395524|
2395525|
2395526|
2395527|
2395552|
2395553|
2395554|
2395555|
2395556|
2395557|
2395558|
2395559|
2395584|
2395585|
2395586|
2395587|
2395588|
2395589|
2395590|
2395591|
2395616|
2395617|
2395618|
2395619|
2395620|
2395621|
2395622|
2395623|
2395648|
2395649|
2395650|
2395651|
2395652|
2395653|
2395654|
2395655|
2395680|
2395681|
2395682|
2395683|
2395684|
2395685|
2395686|
2395687|
2395712|
2395713|
2395714|
2395715|
2395716|
2395717|
2395718|
2395719|
2395744|
2395745|
2395746|
2395747|
2395748|
2395749|
2395750|
2395751|
2395776|
2395777|
2395778|
2395779|
2395780|
2395781|
2395782|
2395783|
2395808|
2395809|
2395810|
2395811|
2395812|
2395813|
2395814|
2395815|
2395840|
2395841|
2395842|
2395843|
2395844|
2395845|
2395846|
2395847|
2395872|
2395873|
2395874|
2395875|
2395876|
2395877|
2395878|
2395879|
2395904|
2395905|
2395906|
2395907|
2395908|
2395909|
2395910|
2395911|
2395936|
2395937|
2395938|
2395939|
2395940|
2395941|
2395942|
2395943|
2395968|
2395969|
2395970|
2395971|
2395972|
2395973|
2395974|
2395975|
2396000|
2396001|
2396002|
2396003|
2396004|
2396005|
2396006|
2396007|
2396032|
2396033|
2396034|
2396035|
2396036|
2396037|
2396038|
2396039|
2396064|
2396065|
2396066|
2396067|
2396068|
2396069|
2396070|
2396071|
2396096|
2396097|
2396098|
2396099|
2396100|
2396101|
2396102|
2396103|
2396128|
2396129|
2396130|
2396131|
2396132|
2396133|
2396134|
2396135|
2396160|
2396161|
2396162|
2396163|
2396164|
2396165|
2396166|
2396167|
2396192|
2396193|
2396194|
2396195|
2396196|
2396197|
2396198|
2396199|
2396224|
2396225|
2396226|
2396227|
2396228|
2396229|
2396230|
2396231|
2396256|
2396257|
2396258|
2396259|
2396260|
2396261|
2396262|
2396263|
2396288|
2396289|
2396290|
2396291|
2396292|
2396293|
2396294|
2396295|
2396320|
2396321|
2396322|
2396323|
2396324|
2396325|
2396326|
2396327|
2396352|
2396353|
2396354|
2396355|
2396356|
2396357|
2396358|
2396359|
2396384|
2396385|
2396386|
2396387|
2396388|
2396389|
2396390|
2396391|
2396416|
2396417|
2396418|
2396419|
2396420|
2396421|
2396422|
2396423|
2396448|
2396449|
2396450|
2396451|
2396452|
2396453|
2396454|
2396455|
2396480|
2396481|
2396482|
2396483|
2396484|
2396485|
2396486|
2396487|
2396512|
2396513|
2396514|
2396515|
2396516|
2396517|
2396518|
2396519|
2396544|
2396545|
2396546|
2396547|
2396548|
2396549|
2396550|
2396551|
2396576|
2396577|
2396578|
2396579|
2396580|
2396581|
2396582|
2396583|
2396608|
2396609|
2396610|
2396611|
2396612|
2396613|
2396614|
2396615|
2396640|
2396641|
2396642|
2396643|
2396644|
2396645|
2396646|
2396647|
2396672|
2396673|
2396674|
2396675|
2396676|
2396677|
2396678|
2396679|
2396704|
2396705|
2396706|
2396707|
2396708|
2396709|
2396710|
2396711|
2396736|
2396737|
2396738|
2396739|
2396740|
2396741|
2396742|
2396743|
2396768|
2396769|
2396770|
2396771|
2396772|
2396773|
2396774|
2396775|
2396800|
2396801|
2396802|
2396803|
2396804|
2396805|
2396806|
2396807|
2396832|
2396833|
2396834|
2396835|
2396836|
2396837|
2396838|
2396839|
2396864|
2396865|
2396866|
2396867|
2396868|
2396869|
2396870|
2396871|
2396896|
2396897|
2396898|
2396899|
2396900|
2396901|
2396902|
2396903|
2396928|
2396929|
2396930|
2396931|
2396932|
2396933|
2396934|
2396935|
2396960|
2396961|
2396962|
2396963|
2396964|
2396965|
2396966|
2396967|
2396992|
2396993|
2396994|
2396995|
2396996|
2396997|
2396998|
2396999|
2397024|
2397025|
2397026|
2397027|
2397028|
2397029|
2397030|
2397031|
2397056|
2397057|
2397058|
2397059|
2397060|
2397061|
2397062|
2397063|
2397088|
2397089|
2397090|
2397091|
2397092|
2397093|
2397094|
2397095|
2397120|
2397121|
2397122|
2397123|
2397124|
2397125|
2397126|
2397127|
2397152|
2397153|
2397154|
2397155|
2397156|
2397157|
2397158|
2397159|
2397184|
2397185|
2397186|
2397187|
2397188|
2397189|
2397190|
2397191|
2397216|
2397217|
2397218|
2397219|
2397220|
2397221|
2397222|
2397223|
2397248|
2397249|
2397250|
2397251|
2397252|
2397253|
2397254|
2397255|
2397280|
2397281|
2397282|
2397283|
2397284|
2397285|
2397286|
2397287|
2397312|
2397313|
2397314|
2397315|
2397316|
2397317|
2397318|
2397319|
2397344|
2397345|
2397346|
2397347|
2397348|
2397349|
2397350|
2397351|
2397376|
2397377|
2397378|
2397379|
2397380|
2397381|
2397382|
2397383|
2397408|
2397409|
2397410|
2397411|
2397412|
2397413|
2397414|
2397415|
2397440|
2397441|
2397442|
2397443|
2397444|
2397445|
2397446|
2397447|
2397472|
2397473|
2397474|
2397475|
2397476|
2397477|
2397478|
2397479|
2397504|
2397505|
2397506|
2397507|
2397508|
2397509|
2397510|
2397511|
2397536|
2397537|
2397538|
2397539|
2397540|
2397541|
2397542|
2397543|
2397568|
2397569|
2397570|
2397571|
2397572|
2397573|
2397574|
2397575|
2397600|
2397601|
2397602|
2397603|
2397604|
2397605|
2397606|
2397607|
2397632|
2397633|
2397634|
2397635|
2397636|
2397637|
2397638|
2397639|
2397664|
2397665|
2397666|
2397667|
2397668|
2397669|
2397670|
2397671|
2397696|
2397697|
2397698|
2397699|
2397700|
2397701|
2397702|
2397703|
2397728|
2397729|
2397730|
2397731|
2397732|
2397733|
2397734|
2397735|
2397760|
2397761|
2397762|
2397763|
2397764|
2397765|
2397766|
2397767|
2397792|
2397793|
2397794|
2397795|
2397796|
2397797|
2397798|
2397799|
2397824|
2397825|
2397826|
2397827|
2397828|
2397829|
2397830|
2397831|
2397856|
2397857|
2397858|
2397859|
2397860|
2397861|
2397862|
2397863|
2397888|
2397889|
2397890|
2397891|
2397892|
2397893|
2397894|
2397895|
2397920|
2397921|
2397922|
2397923|
2397924|
2397925|
2397926|
2397927|
2397952|
2397953|
2397954|
2397955|
2397956|
2397957|
2397958|
2397959|
2397984|
2397985|
2397986|
2397987|
2397988|
2397989|
2397990|
2397991|
2398016|
2398017|
2398018|
2398019|
2398020|
2398021|
2398022|
2398023|
2398048|
2398049|
2398050|
2398051|
2398052|
2398053|
2398054|
2398055|
2398080|
2398081|
2398082|
2398083|
2398084|
2398085|
2398086|
2398087|
2398112|
2398113|
2398114|
2398115|
2398116|
2398117|
2398118|
2398119|
2398144|
2398145|
2398146|
2398147|
2398148|
2398149|
2398150|
2398151|
2398176|
2398177|
2398178|
2398179|
2398180|
2398181|
2398182|
2398183|
2398208|
2398209|
2398210|
2398211|
2398212|
2398213|
2398214|
2398215|
2398240|
2398241|
2398242|
2398243|
2398244|
2398245|
2398246|
2398247|
2398272|
2398273|
2398274|
2398275|
2398276|
2398277|
2398278|
2398279|
2398304|
2398305|
2398306|
2398307|
2398308|
2398309|
2398310|
2398311|
2398336|
2398337|
2398338|
2398339|
2398340|
2398341|
2398342|
2398343|
2398368|
2398369|
2398370|
2398371|
2398372|
2398373|
2398374|
2398375|
2398400|
2398401|
2398402|
2398403|
2398404|
2398405|
2398406|
2398407|
2398432|
2398433|
2398434|
2398435|
2398436|
2398437|
2398438|
2398439|
2398464|
2398465|
2398466|
2398467|
2398468|
2398469|
2398470|
2398471|
2398496|
2398497|
2398498|
2398499|
2398500|
2398501|
2398502|
2398503|
2398528|
2398529|
2398530|
2398531|
2398532|
2398533|
2398534|
2398535|
2398560|
2398561|
2398562|
2398563|
2398564|
2398565|
2398566|
2398567|
2398592|
2398593|
2398594|
2398595|
2398596|
2398597|
2398598|
2398599|
2398624|
2398625|
2398626|
2398627|
2398628|
2398629|
2398630|
2398631|
2398656|
2398657|
2398658|
2398659|
2398660|
2398661|
2398662|
2398663|
2398688|
2398689|
2398690|
2398691|
2398692|
2398693|
2398694|
2398695|
2398720|
2398721|
2398722|
2398723|
2398724|
2398725|
2398726|
2398727|
2398752|
2398753|
2398754|
2398755|
2398756|
2398757|
2398758|
2398759|
2398784|
2398785|
2398786|
2398787|
2398788|
2398789|
2398790|
2398791|
2398816|
2398817|
2398818|
2398819|
2398820|
2398821|
2398822|
2398823|
2398848|
2398849|
2398850|
2398851|
2398852|
2398853|
2398854|
2398855|
2398880|
2398881|
2398882|
2398883|
2398884|
2398885|
2398886|
2398887|
2398912|
2398913|
2398914|
2398915|
2398916|
2398917|
2398918|
2398919|
2398944|
2398945|
2398946|
2398947|
2398948|
2398949|
2398950|
2398951|
2398976|
2398977|
2398978|
2398979|
2398980|
2398981|
2398982|
2398983|
2399008|
2399009|
2399010|
2399011|
2399012|
2399013|
2399014|
2399015|
2399040|
2399041|
2399042|
2399043|
2399044|
2399045|
2399046|
2399047|
2399072|
2399073|
2399074|
2399075|
2399076|
2399077|
2399078|
2399079|
2399104|
2399105|
2399106|
2399107|
2399108|
2399109|
2399110|
2399111|
2399136|
2399137|
2399138|
2399139|
2399140|
2399141|
2399142|
2399143|
2399168|
2399169|
2399170|
2399171|
2399172|
2399173|
2399174|
2399175|
2399200|
2399201|
2399202|
2399203|
2399204|
2399205|
2399206|
2399207|
2399232|
2399233|
2399234|
2399235|
2399236|
2399237|
2399238|
2399239|
2399264|
2399265|
2399266|
2399267|
2399268|
2399269|
2399270|
2399271|
2399296|
2399297|
2399298|
2399299|
2399300|
2399301|
2399302|
2399303|
2399328|
2399329|
2399330|
2399331|
2399332|
2399333|
2399334|
2399335|
2399360|
2399361|
2399362|
2399363|
2399364|
2399365|
2399366|
2399367|
2399392|
2399393|
2399394|
2399395|
2399396|
2399397|
2399398|
2399399|
2399424|
2399425|
2399426|
2399427|
2399428|
2399429|
2399430|
2399431|
2399456|
2399457|
2399458|
2399459|
2399460|
2399461|
2399462|
2399463|
2399488|
2399489|
2399490|
2399491|
2399492|
2399493|
2399494|
2399495|
2399520|
2399521|
2399522|
2399523|
2399524|
2399525|
2399526|
2399527|
2399552|
2399553|
2399554|
2399555|
2399556|
2399557|
2399558|
2399559|
2399584|
2399585|
2399586|
2399587|
2399588|
2399589|
2399590|
2399591|
2399616|
2399617|
2399618|
2399619|
2399620|
2399621|
2399622|
2399623|
2399648|
2399649|
2399650|
2399651|
2399652|
2399653|
2399654|
2399655|
2399680|
2399681|
2399682|
2399683|
2399684|
2399685|
2399686|
2399687|
2399712|
2399713|
2399714|
2399715|
2399716|
2399717|
2399718|
2399719|
2399744|
2399745|
2399746|
2399747|
2399748|
2399749|
2399750|
2399751|
2399776|
2399777|
2399778|
2399779|
2399780|
2399781|
2399782|
2399783|
2399808|
2399809|
2399810|
2399811|
2399812|
2399813|
2399814|
2399815|
2399840|
2399841|
2399842|
2399843|
2399844|
2399845|
2399846|
2399847|
2399872|
2399873|
2399874|
2399875|
2399876|
2399877|
2399878|
2399879|
2399904|
2399905|
2399906|
2399907|
2399908|
2399909|
2399910|
2399911|
2399936|
2399937|
2399938|
2399939|
2399940|
2399941|
2399942|
2399943|
2399968|
2399969|
2399970|
2399971|
2399972|
2399973|
2399974|
2399975|
2400000|
