761989|
761990|
761991|
762016|
762017|
762018|
762019|
762020|
762021|
762022|
762023|
762048|
762049|
762050|
762051|
762052|
762053|
762054|
762055|
762080|
762081|
762082|
762083|
762084|
762085|
762086|
762087|
762112|
762113|
762114|
762115|
762116|
762117|
762118|
762119|
762144|
762145|
762146|
762147|
762148|
762149|
762150|
762151|
762176|
762177|
762178|
762179|
762180|
762181|
762182|
762183|
762208|
762209|
762210|
762211|
762212|
762213|
762214|
762215|
762240|
762241|
762242|
762243|
762244|
762245|
762246|
762247|
762272|
762273|
762274|
762275|
762276|
762277|
762278|
762279|
762304|
762305|
762306|
762307|
762308|
762309|
762310|
762311|
762336|
762337|
762338|
762339|
762340|
762341|
762342|
762343|
762368|
762369|
762370|
762371|
762372|
762373|
762374|
762375|
762400|
762401|
762402|
762403|
762404|
762405|
762406|
762407|
762432|
762433|
762434|
762435|
762436|
762437|
762438|
762439|
762464|
762465|
762466|
762467|
762468|
762469|
762470|
762471|
762496|
762497|
762498|
762499|
762500|
762501|
762502|
762503|
762528|
762529|
762530|
762531|
762532|
762533|
762534|
762535|
762560|
762561|
762562|
762563|
762564|
762565|
762566|
762567|
762592|
762593|
762594|
762595|
762596|
762597|
762598|
762599|
762624|
762625|
762626|
762627|
762628|
762629|
762630|
762631|
762656|
762657|
762658|
762659|
762660|
762661|
762662|
762663|
762688|
762689|
762690|
762691|
762692|
762693|
762694|
762695|
762720|
762721|
762722|
762723|
762724|
762725|
762726|
762727|
762752|
762753|
762754|
762755|
762756|
762757|
762758|
762759|
762784|
762785|
762786|
762787|
762788|
762789|
762790|
762791|
762816|
762817|
762818|
762819|
762820|
762821|
762822|
762823|
762848|
762849|
762850|
762851|
762852|
762853|
762854|
762855|
762880|
762881|
762882|
762883|
762884|
762885|
762886|
762887|
762912|
762913|
762914|
762915|
762916|
762917|
762918|
762919|
762944|
762945|
762946|
762947|
762948|
762949|
762950|
762951|
762976|
762977|
762978|
762979|
762980|
762981|
762982|
762983|
763008|
763009|
763010|
763011|
763012|
763013|
763014|
763015|
763040|
763041|
763042|
763043|
763044|
763045|
763046|
763047|
763072|
763073|
763074|
763075|
763076|
763077|
763078|
763079|
763104|
763105|
763106|
763107|
763108|
763109|
763110|
763111|
763136|
763137|
763138|
763139|
763140|
763141|
763142|
763143|
763168|
763169|
763170|
763171|
763172|
763173|
763174|
763175|
763200|
763201|
763202|
763203|
763204|
763205|
763206|
763207|
763232|
763233|
763234|
763235|
763236|
763237|
763238|
763239|
763264|
763265|
763266|
763267|
763268|
763269|
763270|
763271|
763296|
763297|
763298|
763299|
763300|
763301|
763302|
763303|
763328|
763329|
763330|
763331|
763332|
763333|
763334|
763335|
763360|
763361|
763362|
763363|
763364|
763365|
763366|
763367|
763392|
763393|
763394|
763395|
763396|
763397|
763398|
763399|
763424|
763425|
763426|
763427|
763428|
763429|
763430|
763431|
763456|
763457|
763458|
763459|
763460|
763461|
763462|
763463|
763488|
763489|
763490|
763491|
763492|
763493|
763494|
763495|
763520|
763521|
763522|
763523|
763524|
763525|
763526|
763527|
763552|
763553|
763554|
763555|
763556|
763557|
763558|
763559|
763584|
763585|
763586|
763587|
763588|
763589|
763590|
763591|
763616|
763617|
763618|
763619|
763620|
763621|
763622|
763623|
763648|
763649|
763650|
763651|
763652|
763653|
763654|
763655|
763680|
763681|
763682|
763683|
763684|
763685|
763686|
763687|
763712|
763713|
763714|
763715|
763716|
763717|
763718|
763719|
763744|
763745|
763746|
763747|
763748|
763749|
763750|
763751|
763776|
763777|
763778|
763779|
763780|
763781|
763782|
763783|
763808|
763809|
763810|
763811|
763812|
763813|
763814|
763815|
763840|
763841|
763842|
763843|
763844|
763845|
763846|
763847|
763872|
763873|
763874|
763875|
763876|
763877|
763878|
763879|
763904|
763905|
763906|
763907|
763908|
763909|
763910|
763911|
763936|
763937|
763938|
763939|
763940|
763941|
763942|
763943|
763968|
763969|
763970|
763971|
763972|
763973|
763974|
763975|
764000|
764001|
764002|
764003|
764004|
764005|
764006|
764007|
764032|
764033|
764034|
764035|
764036|
764037|
764038|
764039|
764064|
764065|
764066|
764067|
764068|
764069|
764070|
764071|
764096|
764097|
764098|
764099|
764100|
764101|
764102|
764103|
764128|
764129|
764130|
764131|
764132|
764133|
764134|
764135|
764160|
764161|
764162|
764163|
764164|
764165|
764166|
764167|
764192|
764193|
764194|
764195|
764196|
764197|
764198|
764199|
764224|
764225|
764226|
764227|
764228|
764229|
764230|
764231|
764256|
764257|
764258|
764259|
764260|
764261|
764262|
764263|
764288|
764289|
764290|
764291|
764292|
764293|
764294|
764295|
764320|
764321|
764322|
764323|
764324|
764325|
764326|
764327|
764352|
764353|
764354|
764355|
764356|
764357|
764358|
764359|
764384|
764385|
764386|
764387|
764388|
764389|
764390|
764391|
764416|
764417|
764418|
764419|
764420|
764421|
764422|
764423|
764448|
764449|
764450|
764451|
764452|
764453|
764454|
764455|
764480|
764481|
764482|
764483|
764484|
764485|
764486|
764487|
764512|
764513|
764514|
764515|
764516|
764517|
764518|
764519|
764544|
764545|
764546|
764547|
764548|
764549|
764550|
764551|
764576|
764577|
764578|
764579|
764580|
764581|
764582|
764583|
764608|
764609|
764610|
764611|
764612|
764613|
764614|
764615|
764640|
764641|
764642|
764643|
764644|
764645|
764646|
764647|
764672|
764673|
764674|
764675|
764676|
764677|
764678|
764679|
764704|
764705|
764706|
764707|
764708|
764709|
764710|
764711|
764736|
764737|
764738|
764739|
764740|
764741|
764742|
764743|
764768|
764769|
764770|
764771|
764772|
764773|
764774|
764775|
764800|
764801|
764802|
764803|
764804|
764805|
764806|
764807|
764832|
764833|
764834|
764835|
764836|
764837|
764838|
764839|
764864|
764865|
764866|
764867|
764868|
764869|
764870|
764871|
764896|
764897|
764898|
764899|
764900|
764901|
764902|
764903|
764928|
764929|
764930|
764931|
764932|
764933|
764934|
764935|
764960|
764961|
764962|
764963|
764964|
764965|
764966|
764967|
764992|
764993|
764994|
764995|
764996|
764997|
764998|
764999|
765024|
765025|
765026|
765027|
765028|
765029|
765030|
765031|
765056|
765057|
765058|
765059|
765060|
765061|
765062|
765063|
765088|
765089|
765090|
765091|
765092|
765093|
765094|
765095|
765120|
765121|
765122|
765123|
765124|
765125|
765126|
765127|
765152|
765153|
765154|
765155|
765156|
765157|
765158|
765159|
765184|
765185|
765186|
765187|
765188|
765189|
765190|
765191|
765216|
765217|
765218|
765219|
765220|
765221|
765222|
765223|
765248|
765249|
765250|
765251|
765252|
765253|
765254|
765255|
765280|
765281|
765282|
765283|
765284|
765285|
765286|
765287|
765312|
765313|
765314|
765315|
765316|
765317|
765318|
765319|
765344|
765345|
765346|
765347|
765348|
765349|
765350|
765351|
765376|
765377|
765378|
765379|
765380|
765381|
765382|
765383|
765408|
765409|
765410|
765411|
765412|
765413|
765414|
765415|
765440|
765441|
765442|
765443|
765444|
765445|
765446|
765447|
765472|
765473|
765474|
765475|
765476|
765477|
765478|
765479|
765504|
765505|
765506|
765507|
765508|
765509|
765510|
765511|
765536|
765537|
765538|
765539|
765540|
765541|
765542|
765543|
765568|
765569|
765570|
765571|
765572|
765573|
765574|
765575|
765600|
765601|
765602|
765603|
765604|
765605|
765606|
765607|
765632|
765633|
765634|
765635|
765636|
765637|
765638|
765639|
765664|
765665|
765666|
765667|
765668|
765669|
765670|
765671|
765696|
765697|
765698|
765699|
765700|
765701|
765702|
765703|
765728|
765729|
765730|
765731|
765732|
765733|
765734|
765735|
765760|
765761|
765762|
765763|
765764|
765765|
765766|
765767|
765792|
765793|
765794|
765795|
765796|
765797|
765798|
765799|
765824|
765825|
765826|
765827|
765828|
765829|
765830|
765831|
765856|
765857|
765858|
765859|
765860|
765861|
765862|
765863|
765888|
765889|
765890|
765891|
765892|
765893|
765894|
765895|
765920|
765921|
765922|
765923|
765924|
765925|
765926|
765927|
765952|
765953|
765954|
765955|
765956|
765957|
765958|
765959|
765984|
765985|
765986|
765987|
765988|
765989|
765990|
765991|
766016|
766017|
766018|
766019|
766020|
766021|
766022|
766023|
766048|
766049|
766050|
766051|
766052|
766053|
766054|
766055|
766080|
766081|
766082|
766083|
766084|
766085|
766086|
766087|
766112|
766113|
766114|
766115|
766116|
766117|
766118|
766119|
766144|
766145|
766146|
766147|
766148|
766149|
766150|
766151|
766176|
766177|
766178|
766179|
766180|
766181|
766182|
766183|
766208|
766209|
766210|
766211|
766212|
766213|
766214|
766215|
766240|
766241|
766242|
766243|
766244|
766245|
766246|
766247|
766272|
766273|
766274|
766275|
766276|
766277|
766278|
766279|
766304|
766305|
766306|
766307|
766308|
766309|
766310|
766311|
766336|
766337|
766338|
766339|
766340|
766341|
766342|
766343|
766368|
766369|
766370|
766371|
766372|
766373|
766374|
766375|
766400|
766401|
766402|
766403|
766404|
766405|
766406|
766407|
766432|
766433|
766434|
766435|
766436|
766437|
766438|
766439|
766464|
766465|
766466|
766467|
766468|
766469|
766470|
766471|
766496|
766497|
766498|
766499|
766500|
766501|
766502|
766503|
766528|
766529|
766530|
766531|
766532|
766533|
766534|
766535|
766560|
766561|
766562|
766563|
766564|
766565|
766566|
766567|
766592|
766593|
766594|
766595|
766596|
766597|
766598|
766599|
766624|
766625|
766626|
766627|
766628|
766629|
766630|
766631|
766656|
766657|
766658|
766659|
766660|
766661|
766662|
766663|
766688|
766689|
766690|
766691|
766692|
766693|
766694|
766695|
766720|
766721|
766722|
766723|
766724|
766725|
766726|
766727|
766752|
766753|
766754|
766755|
766756|
766757|
766758|
766759|
766784|
766785|
766786|
766787|
766788|
766789|
766790|
766791|
766816|
766817|
766818|
766819|
766820|
766821|
766822|
766823|
766848|
766849|
766850|
766851|
766852|
766853|
766854|
766855|
766880|
766881|
766882|
766883|
766884|
766885|
766886|
766887|
766912|
766913|
766914|
766915|
766916|
766917|
766918|
766919|
766944|
766945|
766946|
766947|
766948|
766949|
766950|
766951|
766976|
766977|
766978|
766979|
766980|
766981|
766982|
766983|
767008|
767009|
767010|
767011|
767012|
767013|
767014|
767015|
767040|
767041|
767042|
767043|
767044|
767045|
767046|
767047|
767072|
767073|
767074|
767075|
767076|
767077|
767078|
767079|
767104|
767105|
767106|
767107|
767108|
767109|
767110|
767111|
767136|
767137|
767138|
767139|
767140|
767141|
767142|
767143|
767168|
767169|
767170|
767171|
767172|
767173|
767174|
767175|
767200|
767201|
767202|
767203|
767204|
767205|
767206|
767207|
767232|
767233|
767234|
767235|
767236|
767237|
767238|
767239|
767264|
767265|
767266|
767267|
767268|
767269|
767270|
767271|
767296|
767297|
767298|
767299|
767300|
767301|
767302|
767303|
767328|
767329|
767330|
767331|
767332|
767333|
767334|
767335|
767360|
767361|
767362|
767363|
767364|
767365|
767366|
767367|
767392|
767393|
767394|
767395|
767396|
767397|
767398|
767399|
767424|
767425|
767426|
767427|
767428|
767429|
767430|
767431|
767456|
767457|
767458|
767459|
767460|
767461|
767462|
767463|
767488|
767489|
767490|
767491|
767492|
767493|
767494|
767495|
767520|
767521|
767522|
767523|
767524|
767525|
767526|
767527|
767552|
767553|
767554|
767555|
767556|
767557|
767558|
767559|
767584|
767585|
767586|
767587|
767588|
767589|
767590|
767591|
767616|
767617|
767618|
767619|
767620|
767621|
767622|
767623|
767648|
767649|
767650|
767651|
767652|
767653|
767654|
767655|
767680|
767681|
767682|
767683|
767684|
767685|
767686|
767687|
767712|
767713|
767714|
767715|
767716|
767717|
767718|
767719|
767744|
767745|
767746|
767747|
767748|
767749|
767750|
767751|
767776|
767777|
767778|
767779|
767780|
767781|
767782|
767783|
767808|
767809|
767810|
767811|
767812|
767813|
767814|
767815|
767840|
767841|
767842|
767843|
767844|
767845|
767846|
767847|
767872|
767873|
767874|
767875|
767876|
767877|
767878|
767879|
767904|
767905|
767906|
767907|
767908|
767909|
767910|
767911|
767936|
767937|
767938|
767939|
767940|
767941|
767942|
767943|
767968|
767969|
767970|
767971|
767972|
767973|
767974|
767975|
768000|
