2184001|
2184002|
2184003|
2184004|
2184005|
2184006|
2184007|
2184032|
2184033|
2184034|
2184035|
2184036|
2184037|
2184038|
2184039|
2184064|
2184065|
2184066|
2184067|
2184068|
2184069|
2184070|
2184071|
2184096|
2184097|
2184098|
2184099|
2184100|
2184101|
2184102|
2184103|
2184128|
2184129|
2184130|
2184131|
2184132|
2184133|
2184134|
2184135|
2184160|
2184161|
2184162|
2184163|
2184164|
2184165|
2184166|
2184167|
2184192|
2184193|
2184194|
2184195|
2184196|
2184197|
2184198|
2184199|
2184224|
2184225|
2184226|
2184227|
2184228|
2184229|
2184230|
2184231|
2184256|
2184257|
2184258|
2184259|
2184260|
2184261|
2184262|
2184263|
2184288|
2184289|
2184290|
2184291|
2184292|
2184293|
2184294|
2184295|
2184320|
2184321|
2184322|
2184323|
2184324|
2184325|
2184326|
2184327|
2184352|
2184353|
2184354|
2184355|
2184356|
2184357|
2184358|
2184359|
2184384|
2184385|
2184386|
2184387|
2184388|
2184389|
2184390|
2184391|
2184416|
2184417|
2184418|
2184419|
2184420|
2184421|
2184422|
2184423|
2184448|
2184449|
2184450|
2184451|
2184452|
2184453|
2184454|
2184455|
2184480|
2184481|
2184482|
2184483|
2184484|
2184485|
2184486|
2184487|
2184512|
2184513|
2184514|
2184515|
2184516|
2184517|
2184518|
2184519|
2184544|
2184545|
2184546|
2184547|
2184548|
2184549|
2184550|
2184551|
2184576|
2184577|
2184578|
2184579|
2184580|
2184581|
2184582|
2184583|
2184608|
2184609|
2184610|
2184611|
2184612|
2184613|
2184614|
2184615|
2184640|
2184641|
2184642|
2184643|
2184644|
2184645|
2184646|
2184647|
2184672|
2184673|
2184674|
2184675|
2184676|
2184677|
2184678|
2184679|
2184704|
2184705|
2184706|
2184707|
2184708|
2184709|
2184710|
2184711|
2184736|
2184737|
2184738|
2184739|
2184740|
2184741|
2184742|
2184743|
2184768|
2184769|
2184770|
2184771|
2184772|
2184773|
2184774|
2184775|
2184800|
2184801|
2184802|
2184803|
2184804|
2184805|
2184806|
2184807|
2184832|
2184833|
2184834|
2184835|
2184836|
2184837|
2184838|
2184839|
2184864|
2184865|
2184866|
2184867|
2184868|
2184869|
2184870|
2184871|
2184896|
2184897|
2184898|
2184899|
2184900|
2184901|
2184902|
2184903|
2184928|
2184929|
2184930|
2184931|
2184932|
2184933|
2184934|
2184935|
2184960|
2184961|
2184962|
2184963|
2184964|
2184965|
2184966|
2184967|
2184992|
2184993|
2184994|
2184995|
2184996|
2184997|
2184998|
2184999|
2185024|
2185025|
2185026|
2185027|
2185028|
2185029|
2185030|
2185031|
2185056|
2185057|
2185058|
2185059|
2185060|
2185061|
2185062|
2185063|
2185088|
2185089|
2185090|
2185091|
2185092|
2185093|
2185094|
2185095|
2185120|
2185121|
2185122|
2185123|
2185124|
2185125|
2185126|
2185127|
2185152|
2185153|
2185154|
2185155|
2185156|
2185157|
2185158|
2185159|
2185184|
2185185|
2185186|
2185187|
2185188|
2185189|
2185190|
2185191|
2185216|
2185217|
2185218|
2185219|
2185220|
2185221|
2185222|
2185223|
2185248|
2185249|
2185250|
2185251|
2185252|
2185253|
2185254|
2185255|
2185280|
2185281|
2185282|
2185283|
2185284|
2185285|
2185286|
2185287|
2185312|
2185313|
2185314|
2185315|
2185316|
2185317|
2185318|
2185319|
2185344|
2185345|
2185346|
2185347|
2185348|
2185349|
2185350|
2185351|
2185376|
2185377|
2185378|
2185379|
2185380|
2185381|
2185382|
2185383|
2185408|
2185409|
2185410|
2185411|
2185412|
2185413|
2185414|
2185415|
2185440|
2185441|
2185442|
2185443|
2185444|
2185445|
2185446|
2185447|
2185472|
2185473|
2185474|
2185475|
2185476|
2185477|
2185478|
2185479|
2185504|
2185505|
2185506|
2185507|
2185508|
2185509|
2185510|
2185511|
2185536|
2185537|
2185538|
2185539|
2185540|
2185541|
2185542|
2185543|
2185568|
2185569|
2185570|
2185571|
2185572|
2185573|
2185574|
2185575|
2185600|
2185601|
2185602|
2185603|
2185604|
2185605|
2185606|
2185607|
2185632|
2185633|
2185634|
2185635|
2185636|
2185637|
2185638|
2185639|
2185664|
2185665|
2185666|
2185667|
2185668|
2185669|
2185670|
2185671|
2185696|
2185697|
2185698|
2185699|
2185700|
2185701|
2185702|
2185703|
2185728|
2185729|
2185730|
2185731|
2185732|
2185733|
2185734|
2185735|
2185760|
2185761|
2185762|
2185763|
2185764|
2185765|
2185766|
2185767|
2185792|
2185793|
2185794|
2185795|
2185796|
2185797|
2185798|
2185799|
2185824|
2185825|
2185826|
2185827|
2185828|
2185829|
2185830|
2185831|
2185856|
2185857|
2185858|
2185859|
2185860|
2185861|
2185862|
2185863|
2185888|
2185889|
2185890|
2185891|
2185892|
2185893|
2185894|
2185895|
2185920|
2185921|
2185922|
2185923|
2185924|
2185925|
2185926|
2185927|
2185952|
2185953|
2185954|
2185955|
2185956|
2185957|
2185958|
2185959|
2185984|
2185985|
2185986|
2185987|
2185988|
2185989|
2185990|
2185991|
2186016|
2186017|
2186018|
2186019|
2186020|
2186021|
2186022|
2186023|
2186048|
2186049|
2186050|
2186051|
2186052|
2186053|
2186054|
2186055|
2186080|
2186081|
2186082|
2186083|
2186084|
2186085|
2186086|
2186087|
2186112|
2186113|
2186114|
2186115|
2186116|
2186117|
2186118|
2186119|
2186144|
2186145|
2186146|
2186147|
2186148|
2186149|
2186150|
2186151|
2186176|
2186177|
2186178|
2186179|
2186180|
2186181|
2186182|
2186183|
2186208|
2186209|
2186210|
2186211|
2186212|
2186213|
2186214|
2186215|
2186240|
2186241|
2186242|
2186243|
2186244|
2186245|
2186246|
2186247|
2186272|
2186273|
2186274|
2186275|
2186276|
2186277|
2186278|
2186279|
2186304|
2186305|
2186306|
2186307|
2186308|
2186309|
2186310|
2186311|
2186336|
2186337|
2186338|
2186339|
2186340|
2186341|
2186342|
2186343|
2186368|
2186369|
2186370|
2186371|
2186372|
2186373|
2186374|
2186375|
2186400|
2186401|
2186402|
2186403|
2186404|
2186405|
2186406|
2186407|
2186432|
2186433|
2186434|
2186435|
2186436|
2186437|
2186438|
2186439|
2186464|
2186465|
2186466|
2186467|
2186468|
2186469|
2186470|
2186471|
2186496|
2186497|
2186498|
2186499|
2186500|
2186501|
2186502|
2186503|
2186528|
2186529|
2186530|
2186531|
2186532|
2186533|
2186534|
2186535|
2186560|
2186561|
2186562|
2186563|
2186564|
2186565|
2186566|
2186567|
2186592|
2186593|
2186594|
2186595|
2186596|
2186597|
2186598|
2186599|
2186624|
2186625|
2186626|
2186627|
2186628|
2186629|
2186630|
2186631|
2186656|
2186657|
2186658|
2186659|
2186660|
2186661|
2186662|
2186663|
2186688|
2186689|
2186690|
2186691|
2186692|
2186693|
2186694|
2186695|
2186720|
2186721|
2186722|
2186723|
2186724|
2186725|
2186726|
2186727|
2186752|
2186753|
2186754|
2186755|
2186756|
2186757|
2186758|
2186759|
2186784|
2186785|
2186786|
2186787|
2186788|
2186789|
2186790|
2186791|
2186816|
2186817|
2186818|
2186819|
2186820|
2186821|
2186822|
2186823|
2186848|
2186849|
2186850|
2186851|
2186852|
2186853|
2186854|
2186855|
2186880|
2186881|
2186882|
2186883|
2186884|
2186885|
2186886|
2186887|
2186912|
2186913|
2186914|
2186915|
2186916|
2186917|
2186918|
2186919|
2186944|
2186945|
2186946|
2186947|
2186948|
2186949|
2186950|
2186951|
2186976|
2186977|
2186978|
2186979|
2186980|
2186981|
2186982|
2186983|
2187008|
2187009|
2187010|
2187011|
2187012|
2187013|
2187014|
2187015|
2187040|
2187041|
2187042|
2187043|
2187044|
2187045|
2187046|
2187047|
2187072|
2187073|
2187074|
2187075|
2187076|
2187077|
2187078|
2187079|
2187104|
2187105|
2187106|
2187107|
2187108|
2187109|
2187110|
2187111|
2187136|
2187137|
2187138|
2187139|
2187140|
2187141|
2187142|
2187143|
2187168|
2187169|
2187170|
2187171|
2187172|
2187173|
2187174|
2187175|
2187200|
2187201|
2187202|
2187203|
2187204|
2187205|
2187206|
2187207|
2187232|
2187233|
2187234|
2187235|
2187236|
2187237|
2187238|
2187239|
2187264|
2187265|
2187266|
2187267|
2187268|
2187269|
2187270|
2187271|
2187296|
2187297|
2187298|
2187299|
2187300|
2187301|
2187302|
2187303|
2187328|
2187329|
2187330|
2187331|
2187332|
2187333|
2187334|
2187335|
2187360|
2187361|
2187362|
2187363|
2187364|
2187365|
2187366|
2187367|
2187392|
2187393|
2187394|
2187395|
2187396|
2187397|
2187398|
2187399|
2187424|
2187425|
2187426|
2187427|
2187428|
2187429|
2187430|
2187431|
2187456|
2187457|
2187458|
2187459|
2187460|
2187461|
2187462|
2187463|
2187488|
2187489|
2187490|
2187491|
2187492|
2187493|
2187494|
2187495|
2187520|
2187521|
2187522|
2187523|
2187524|
2187525|
2187526|
2187527|
2187552|
2187553|
2187554|
2187555|
2187556|
2187557|
2187558|
2187559|
2187584|
2187585|
2187586|
2187587|
2187588|
2187589|
2187590|
2187591|
2187616|
2187617|
2187618|
2187619|
2187620|
2187621|
2187622|
2187623|
2187648|
2187649|
2187650|
2187651|
2187652|
2187653|
2187654|
2187655|
2187680|
2187681|
2187682|
2187683|
2187684|
2187685|
2187686|
2187687|
2187712|
2187713|
2187714|
2187715|
2187716|
2187717|
2187718|
2187719|
2187744|
2187745|
2187746|
2187747|
2187748|
2187749|
2187750|
2187751|
2187776|
2187777|
2187778|
2187779|
2187780|
2187781|
2187782|
2187783|
2187808|
2187809|
2187810|
2187811|
2187812|
2187813|
2187814|
2187815|
2187840|
2187841|
2187842|
2187843|
2187844|
2187845|
2187846|
2187847|
2187872|
2187873|
2187874|
2187875|
2187876|
2187877|
2187878|
2187879|
2187904|
2187905|
2187906|
2187907|
2187908|
2187909|
2187910|
2187911|
2187936|
2187937|
2187938|
2187939|
2187940|
2187941|
2187942|
2187943|
2187968|
2187969|
2187970|
2187971|
2187972|
2187973|
2187974|
2187975|
2188000|
2188001|
2188002|
2188003|
2188004|
2188005|
2188006|
2188007|
2188032|
2188033|
2188034|
2188035|
2188036|
2188037|
2188038|
2188039|
2188064|
2188065|
2188066|
2188067|
2188068|
2188069|
2188070|
2188071|
2188096|
2188097|
2188098|
2188099|
2188100|
2188101|
2188102|
2188103|
2188128|
2188129|
2188130|
2188131|
2188132|
2188133|
2188134|
2188135|
2188160|
2188161|
2188162|
2188163|
2188164|
2188165|
2188166|
2188167|
2188192|
2188193|
2188194|
2188195|
2188196|
2188197|
2188198|
2188199|
2188224|
2188225|
2188226|
2188227|
2188228|
2188229|
2188230|
2188231|
2188256|
2188257|
2188258|
2188259|
2188260|
2188261|
2188262|
2188263|
2188288|
2188289|
2188290|
2188291|
2188292|
2188293|
2188294|
2188295|
2188320|
2188321|
2188322|
2188323|
2188324|
2188325|
2188326|
2188327|
2188352|
2188353|
2188354|
2188355|
2188356|
2188357|
2188358|
2188359|
2188384|
2188385|
2188386|
2188387|
2188388|
2188389|
2188390|
2188391|
2188416|
2188417|
2188418|
2188419|
2188420|
2188421|
2188422|
2188423|
2188448|
2188449|
2188450|
2188451|
2188452|
2188453|
2188454|
2188455|
2188480|
2188481|
2188482|
2188483|
2188484|
2188485|
2188486|
2188487|
2188512|
2188513|
2188514|
2188515|
2188516|
2188517|
2188518|
2188519|
2188544|
2188545|
2188546|
2188547|
2188548|
2188549|
2188550|
2188551|
2188576|
2188577|
2188578|
2188579|
2188580|
2188581|
2188582|
2188583|
2188608|
2188609|
2188610|
2188611|
2188612|
2188613|
2188614|
2188615|
2188640|
2188641|
2188642|
2188643|
2188644|
2188645|
2188646|
2188647|
2188672|
2188673|
2188674|
2188675|
2188676|
2188677|
2188678|
2188679|
2188704|
2188705|
2188706|
2188707|
2188708|
2188709|
2188710|
2188711|
2188736|
2188737|
2188738|
2188739|
2188740|
2188741|
2188742|
2188743|
2188768|
2188769|
2188770|
2188771|
2188772|
2188773|
2188774|
2188775|
2188800|
2188801|
2188802|
2188803|
2188804|
2188805|
2188806|
2188807|
2188832|
2188833|
2188834|
2188835|
2188836|
2188837|
2188838|
2188839|
2188864|
2188865|
2188866|
2188867|
2188868|
2188869|
2188870|
2188871|
2188896|
2188897|
2188898|
2188899|
2188900|
2188901|
2188902|
2188903|
2188928|
2188929|
2188930|
2188931|
2188932|
2188933|
2188934|
2188935|
2188960|
2188961|
2188962|
2188963|
2188964|
2188965|
2188966|
2188967|
2188992|
2188993|
2188994|
2188995|
2188996|
2188997|
2188998|
2188999|
2189024|
2189025|
2189026|
2189027|
2189028|
2189029|
2189030|
2189031|
2189056|
2189057|
2189058|
2189059|
2189060|
2189061|
2189062|
2189063|
2189088|
2189089|
2189090|
2189091|
2189092|
2189093|
2189094|
2189095|
2189120|
2189121|
2189122|
2189123|
2189124|
2189125|
2189126|
2189127|
2189152|
2189153|
2189154|
2189155|
2189156|
2189157|
2189158|
2189159|
2189184|
2189185|
2189186|
2189187|
2189188|
2189189|
2189190|
2189191|
2189216|
2189217|
2189218|
2189219|
2189220|
2189221|
2189222|
2189223|
2189248|
2189249|
2189250|
2189251|
2189252|
2189253|
2189254|
2189255|
2189280|
2189281|
2189282|
2189283|
2189284|
2189285|
2189286|
2189287|
2189312|
2189313|
2189314|
2189315|
2189316|
2189317|
2189318|
2189319|
2189344|
2189345|
2189346|
2189347|
2189348|
2189349|
2189350|
2189351|
2189376|
2189377|
2189378|
2189379|
2189380|
2189381|
2189382|
2189383|
2189408|
2189409|
2189410|
2189411|
2189412|
2189413|
2189414|
2189415|
2189440|
2189441|
2189442|
2189443|
2189444|
2189445|
2189446|
2189447|
2189472|
2189473|
2189474|
2189475|
2189476|
2189477|
2189478|
2189479|
2189504|
2189505|
2189506|
2189507|
2189508|
2189509|
2189510|
2189511|
2189536|
2189537|
2189538|
2189539|
2189540|
2189541|
2189542|
2189543|
2189568|
2189569|
2189570|
2189571|
2189572|
2189573|
2189574|
2189575|
2189600|
2189601|
2189602|
2189603|
2189604|
2189605|
2189606|
2189607|
2189632|
2189633|
2189634|
2189635|
2189636|
2189637|
2189638|
2189639|
2189664|
2189665|
2189666|
2189667|
2189668|
2189669|
2189670|
2189671|
2189696|
2189697|
2189698|
2189699|
2189700|
2189701|
2189702|
2189703|
2189728|
2189729|
2189730|
2189731|
2189732|
2189733|
2189734|
2189735|
2189760|
2189761|
2189762|
2189763|
2189764|
2189765|
2189766|
2189767|
2189792|
2189793|
2189794|
2189795|
2189796|
2189797|
2189798|
2189799|
2189824|
2189825|
2189826|
2189827|
2189828|
2189829|
2189830|
2189831|
2189856|
2189857|
2189858|
2189859|
2189860|
2189861|
2189862|
2189863|
2189888|
2189889|
2189890|
2189891|
2189892|
2189893|
2189894|
2189895|
2189920|
2189921|
2189922|
2189923|
2189924|
2189925|
2189926|
2189927|
2189952|
2189953|
2189954|
2189955|
2189956|
2189957|
2189958|
2189959|
2189984|
2189985|
2189986|
2189987|
2189988|
