1884001|
1884002|
1884003|
1884004|
1884005|
1884006|
1884007|
1884032|
1884033|
1884034|
1884035|
1884036|
1884037|
1884038|
1884039|
1884064|
1884065|
1884066|
1884067|
1884068|
1884069|
1884070|
1884071|
1884096|
1884097|
1884098|
1884099|
1884100|
1884101|
1884102|
1884103|
1884128|
1884129|
1884130|
1884131|
1884132|
1884133|
1884134|
1884135|
1884160|
1884161|
1884162|
1884163|
1884164|
1884165|
1884166|
1884167|
1884192|
1884193|
1884194|
1884195|
1884196|
1884197|
1884198|
1884199|
1884224|
1884225|
1884226|
1884227|
1884228|
1884229|
1884230|
1884231|
1884256|
1884257|
1884258|
1884259|
1884260|
1884261|
1884262|
1884263|
1884288|
1884289|
1884290|
1884291|
1884292|
1884293|
1884294|
1884295|
1884320|
1884321|
1884322|
1884323|
1884324|
1884325|
1884326|
1884327|
1884352|
1884353|
1884354|
1884355|
1884356|
1884357|
1884358|
1884359|
1884384|
1884385|
1884386|
1884387|
1884388|
1884389|
1884390|
1884391|
1884416|
1884417|
1884418|
1884419|
1884420|
1884421|
1884422|
1884423|
1884448|
1884449|
1884450|
1884451|
1884452|
1884453|
1884454|
1884455|
1884480|
1884481|
1884482|
1884483|
1884484|
1884485|
1884486|
1884487|
1884512|
1884513|
1884514|
1884515|
1884516|
1884517|
1884518|
1884519|
1884544|
1884545|
1884546|
1884547|
1884548|
1884549|
1884550|
1884551|
1884576|
1884577|
1884578|
1884579|
1884580|
1884581|
1884582|
1884583|
1884608|
1884609|
1884610|
1884611|
1884612|
1884613|
1884614|
1884615|
1884640|
1884641|
1884642|
1884643|
1884644|
1884645|
1884646|
1884647|
1884672|
1884673|
1884674|
1884675|
1884676|
1884677|
1884678|
1884679|
1884704|
1884705|
1884706|
1884707|
1884708|
1884709|
1884710|
1884711|
1884736|
1884737|
1884738|
1884739|
1884740|
1884741|
1884742|
1884743|
1884768|
1884769|
1884770|
1884771|
1884772|
1884773|
1884774|
1884775|
1884800|
1884801|
1884802|
1884803|
1884804|
1884805|
1884806|
1884807|
1884832|
1884833|
1884834|
1884835|
1884836|
1884837|
1884838|
1884839|
1884864|
1884865|
1884866|
1884867|
1884868|
1884869|
1884870|
1884871|
1884896|
1884897|
1884898|
1884899|
1884900|
1884901|
1884902|
1884903|
1884928|
1884929|
1884930|
1884931|
1884932|
1884933|
1884934|
1884935|
1884960|
1884961|
1884962|
1884963|
1884964|
1884965|
1884966|
1884967|
1884992|
1884993|
1884994|
1884995|
1884996|
1884997|
1884998|
1884999|
1885024|
1885025|
1885026|
1885027|
1885028|
1885029|
1885030|
1885031|
1885056|
1885057|
1885058|
1885059|
1885060|
1885061|
1885062|
1885063|
1885088|
1885089|
1885090|
1885091|
1885092|
1885093|
1885094|
1885095|
1885120|
1885121|
1885122|
1885123|
1885124|
1885125|
1885126|
1885127|
1885152|
1885153|
1885154|
1885155|
1885156|
1885157|
1885158|
1885159|
1885184|
1885185|
1885186|
1885187|
1885188|
1885189|
1885190|
1885191|
1885216|
1885217|
1885218|
1885219|
1885220|
1885221|
1885222|
1885223|
1885248|
1885249|
1885250|
1885251|
1885252|
1885253|
1885254|
1885255|
1885280|
1885281|
1885282|
1885283|
1885284|
1885285|
1885286|
1885287|
1885312|
1885313|
1885314|
1885315|
1885316|
1885317|
1885318|
1885319|
1885344|
1885345|
1885346|
1885347|
1885348|
1885349|
1885350|
1885351|
1885376|
1885377|
1885378|
1885379|
1885380|
1885381|
1885382|
1885383|
1885408|
1885409|
1885410|
1885411|
1885412|
1885413|
1885414|
1885415|
1885440|
1885441|
1885442|
1885443|
1885444|
1885445|
1885446|
1885447|
1885472|
1885473|
1885474|
1885475|
1885476|
1885477|
1885478|
1885479|
1885504|
1885505|
1885506|
1885507|
1885508|
1885509|
1885510|
1885511|
1885536|
1885537|
1885538|
1885539|
1885540|
1885541|
1885542|
1885543|
1885568|
1885569|
1885570|
1885571|
1885572|
1885573|
1885574|
1885575|
1885600|
1885601|
1885602|
1885603|
1885604|
1885605|
1885606|
1885607|
1885632|
1885633|
1885634|
1885635|
1885636|
1885637|
1885638|
1885639|
1885664|
1885665|
1885666|
1885667|
1885668|
1885669|
1885670|
1885671|
1885696|
1885697|
1885698|
1885699|
1885700|
1885701|
1885702|
1885703|
1885728|
1885729|
1885730|
1885731|
1885732|
1885733|
1885734|
1885735|
1885760|
1885761|
1885762|
1885763|
1885764|
1885765|
1885766|
1885767|
1885792|
1885793|
1885794|
1885795|
1885796|
1885797|
1885798|
1885799|
1885824|
1885825|
1885826|
1885827|
1885828|
1885829|
1885830|
1885831|
1885856|
1885857|
1885858|
1885859|
1885860|
1885861|
1885862|
1885863|
1885888|
1885889|
1885890|
1885891|
1885892|
1885893|
1885894|
1885895|
1885920|
1885921|
1885922|
1885923|
1885924|
1885925|
1885926|
1885927|
1885952|
1885953|
1885954|
1885955|
1885956|
1885957|
1885958|
1885959|
1885984|
1885985|
1885986|
1885987|
1885988|
1885989|
1885990|
1885991|
1886016|
1886017|
1886018|
1886019|
1886020|
1886021|
1886022|
1886023|
1886048|
1886049|
1886050|
1886051|
1886052|
1886053|
1886054|
1886055|
1886080|
1886081|
1886082|
1886083|
1886084|
1886085|
1886086|
1886087|
1886112|
1886113|
1886114|
1886115|
1886116|
1886117|
1886118|
1886119|
1886144|
1886145|
1886146|
1886147|
1886148|
1886149|
1886150|
1886151|
1886176|
1886177|
1886178|
1886179|
1886180|
1886181|
1886182|
1886183|
1886208|
1886209|
1886210|
1886211|
1886212|
1886213|
1886214|
1886215|
1886240|
1886241|
1886242|
1886243|
1886244|
1886245|
1886246|
1886247|
1886272|
1886273|
1886274|
1886275|
1886276|
1886277|
1886278|
1886279|
1886304|
1886305|
1886306|
1886307|
1886308|
1886309|
1886310|
1886311|
1886336|
1886337|
1886338|
1886339|
1886340|
1886341|
1886342|
1886343|
1886368|
1886369|
1886370|
1886371|
1886372|
1886373|
1886374|
1886375|
1886400|
1886401|
1886402|
1886403|
1886404|
1886405|
1886406|
1886407|
1886432|
1886433|
1886434|
1886435|
1886436|
1886437|
1886438|
1886439|
1886464|
1886465|
1886466|
1886467|
1886468|
1886469|
1886470|
1886471|
1886496|
1886497|
1886498|
1886499|
1886500|
1886501|
1886502|
1886503|
1886528|
1886529|
1886530|
1886531|
1886532|
1886533|
1886534|
1886535|
1886560|
1886561|
1886562|
1886563|
1886564|
1886565|
1886566|
1886567|
1886592|
1886593|
1886594|
1886595|
1886596|
1886597|
1886598|
1886599|
1886624|
1886625|
1886626|
1886627|
1886628|
1886629|
1886630|
1886631|
1886656|
1886657|
1886658|
1886659|
1886660|
1886661|
1886662|
1886663|
1886688|
1886689|
1886690|
1886691|
1886692|
1886693|
1886694|
1886695|
1886720|
1886721|
1886722|
1886723|
1886724|
1886725|
1886726|
1886727|
1886752|
1886753|
1886754|
1886755|
1886756|
1886757|
1886758|
1886759|
1886784|
1886785|
1886786|
1886787|
1886788|
1886789|
1886790|
1886791|
1886816|
1886817|
1886818|
1886819|
1886820|
1886821|
1886822|
1886823|
1886848|
1886849|
1886850|
1886851|
1886852|
1886853|
1886854|
1886855|
1886880|
1886881|
1886882|
1886883|
1886884|
1886885|
1886886|
1886887|
1886912|
1886913|
1886914|
1886915|
1886916|
1886917|
1886918|
1886919|
1886944|
1886945|
1886946|
1886947|
1886948|
1886949|
1886950|
1886951|
1886976|
1886977|
1886978|
1886979|
1886980|
1886981|
1886982|
1886983|
1887008|
1887009|
1887010|
1887011|
1887012|
1887013|
1887014|
1887015|
1887040|
1887041|
1887042|
1887043|
1887044|
1887045|
1887046|
1887047|
1887072|
1887073|
1887074|
1887075|
1887076|
1887077|
1887078|
1887079|
1887104|
1887105|
1887106|
1887107|
1887108|
1887109|
1887110|
1887111|
1887136|
1887137|
1887138|
1887139|
1887140|
1887141|
1887142|
1887143|
1887168|
1887169|
1887170|
1887171|
1887172|
1887173|
1887174|
1887175|
1887200|
1887201|
1887202|
1887203|
1887204|
1887205|
1887206|
1887207|
1887232|
1887233|
1887234|
1887235|
1887236|
1887237|
1887238|
1887239|
1887264|
1887265|
1887266|
1887267|
1887268|
1887269|
1887270|
1887271|
1887296|
1887297|
1887298|
1887299|
1887300|
1887301|
1887302|
1887303|
1887328|
1887329|
1887330|
1887331|
1887332|
1887333|
1887334|
1887335|
1887360|
1887361|
1887362|
1887363|
1887364|
1887365|
1887366|
1887367|
1887392|
1887393|
1887394|
1887395|
1887396|
1887397|
1887398|
1887399|
1887424|
1887425|
1887426|
1887427|
1887428|
1887429|
1887430|
1887431|
1887456|
1887457|
1887458|
1887459|
1887460|
1887461|
1887462|
1887463|
1887488|
1887489|
1887490|
1887491|
1887492|
1887493|
1887494|
1887495|
1887520|
1887521|
1887522|
1887523|
1887524|
1887525|
1887526|
1887527|
1887552|
1887553|
1887554|
1887555|
1887556|
1887557|
1887558|
1887559|
1887584|
1887585|
1887586|
1887587|
1887588|
1887589|
1887590|
1887591|
1887616|
1887617|
1887618|
1887619|
1887620|
1887621|
1887622|
1887623|
1887648|
1887649|
1887650|
1887651|
1887652|
1887653|
1887654|
1887655|
1887680|
1887681|
1887682|
1887683|
1887684|
1887685|
1887686|
1887687|
1887712|
1887713|
1887714|
1887715|
1887716|
1887717|
1887718|
1887719|
1887744|
1887745|
1887746|
1887747|
1887748|
1887749|
1887750|
1887751|
1887776|
1887777|
1887778|
1887779|
1887780|
1887781|
1887782|
1887783|
1887808|
1887809|
1887810|
1887811|
1887812|
1887813|
1887814|
1887815|
1887840|
1887841|
1887842|
1887843|
1887844|
1887845|
1887846|
1887847|
1887872|
1887873|
1887874|
1887875|
1887876|
1887877|
1887878|
1887879|
1887904|
1887905|
1887906|
1887907|
1887908|
1887909|
1887910|
1887911|
1887936|
1887937|
1887938|
1887939|
1887940|
1887941|
1887942|
1887943|
1887968|
1887969|
1887970|
1887971|
1887972|
1887973|
1887974|
1887975|
1888000|
1888001|
1888002|
1888003|
1888004|
1888005|
1888006|
1888007|
1888032|
1888033|
1888034|
1888035|
1888036|
1888037|
1888038|
1888039|
1888064|
1888065|
1888066|
1888067|
1888068|
1888069|
1888070|
1888071|
1888096|
1888097|
1888098|
1888099|
1888100|
1888101|
1888102|
1888103|
1888128|
1888129|
1888130|
1888131|
1888132|
1888133|
1888134|
1888135|
1888160|
1888161|
1888162|
1888163|
1888164|
1888165|
1888166|
1888167|
1888192|
1888193|
1888194|
1888195|
1888196|
1888197|
1888198|
1888199|
1888224|
1888225|
1888226|
1888227|
1888228|
1888229|
1888230|
1888231|
1888256|
1888257|
1888258|
1888259|
1888260|
1888261|
1888262|
1888263|
1888288|
1888289|
1888290|
1888291|
1888292|
1888293|
1888294|
1888295|
1888320|
1888321|
1888322|
1888323|
1888324|
1888325|
1888326|
1888327|
1888352|
1888353|
1888354|
1888355|
1888356|
1888357|
1888358|
1888359|
1888384|
1888385|
1888386|
1888387|
1888388|
1888389|
1888390|
1888391|
1888416|
1888417|
1888418|
1888419|
1888420|
1888421|
1888422|
1888423|
1888448|
1888449|
1888450|
1888451|
1888452|
1888453|
1888454|
1888455|
1888480|
1888481|
1888482|
1888483|
1888484|
1888485|
1888486|
1888487|
1888512|
1888513|
1888514|
1888515|
1888516|
1888517|
1888518|
1888519|
1888544|
1888545|
1888546|
1888547|
1888548|
1888549|
1888550|
1888551|
1888576|
1888577|
1888578|
1888579|
1888580|
1888581|
1888582|
1888583|
1888608|
1888609|
1888610|
1888611|
1888612|
1888613|
1888614|
1888615|
1888640|
1888641|
1888642|
1888643|
1888644|
1888645|
1888646|
1888647|
1888672|
1888673|
1888674|
1888675|
1888676|
1888677|
1888678|
1888679|
1888704|
1888705|
1888706|
1888707|
1888708|
1888709|
1888710|
1888711|
1888736|
1888737|
1888738|
1888739|
1888740|
1888741|
1888742|
1888743|
1888768|
1888769|
1888770|
1888771|
1888772|
1888773|
1888774|
1888775|
1888800|
1888801|
1888802|
1888803|
1888804|
1888805|
1888806|
1888807|
1888832|
1888833|
1888834|
1888835|
1888836|
1888837|
1888838|
1888839|
1888864|
1888865|
1888866|
1888867|
1888868|
1888869|
1888870|
1888871|
1888896|
1888897|
1888898|
1888899|
1888900|
1888901|
1888902|
1888903|
1888928|
1888929|
1888930|
1888931|
1888932|
1888933|
1888934|
1888935|
1888960|
1888961|
1888962|
1888963|
1888964|
1888965|
1888966|
1888967|
1888992|
1888993|
1888994|
1888995|
1888996|
1888997|
1888998|
1888999|
1889024|
1889025|
1889026|
1889027|
1889028|
1889029|
1889030|
1889031|
1889056|
1889057|
1889058|
1889059|
1889060|
1889061|
1889062|
1889063|
1889088|
1889089|
1889090|
1889091|
1889092|
1889093|
1889094|
1889095|
1889120|
1889121|
1889122|
1889123|
1889124|
1889125|
1889126|
1889127|
1889152|
1889153|
1889154|
1889155|
1889156|
1889157|
1889158|
1889159|
1889184|
1889185|
1889186|
1889187|
1889188|
1889189|
1889190|
1889191|
1889216|
1889217|
1889218|
1889219|
1889220|
1889221|
1889222|
1889223|
1889248|
1889249|
1889250|
1889251|
1889252|
1889253|
1889254|
1889255|
1889280|
1889281|
1889282|
1889283|
1889284|
1889285|
1889286|
1889287|
1889312|
1889313|
1889314|
1889315|
1889316|
1889317|
1889318|
1889319|
1889344|
1889345|
1889346|
1889347|
1889348|
1889349|
1889350|
1889351|
1889376|
1889377|
1889378|
1889379|
1889380|
1889381|
1889382|
1889383|
1889408|
1889409|
1889410|
1889411|
1889412|
1889413|
1889414|
1889415|
1889440|
1889441|
1889442|
1889443|
1889444|
1889445|
1889446|
1889447|
1889472|
1889473|
1889474|
1889475|
1889476|
1889477|
1889478|
1889479|
1889504|
1889505|
1889506|
1889507|
1889508|
1889509|
1889510|
1889511|
1889536|
1889537|
1889538|
1889539|
1889540|
1889541|
1889542|
1889543|
1889568|
1889569|
1889570|
1889571|
1889572|
1889573|
1889574|
1889575|
1889600|
1889601|
1889602|
1889603|
1889604|
1889605|
1889606|
1889607|
1889632|
1889633|
1889634|
1889635|
1889636|
1889637|
1889638|
1889639|
1889664|
1889665|
1889666|
1889667|
1889668|
1889669|
1889670|
1889671|
1889696|
1889697|
1889698|
1889699|
1889700|
1889701|
1889702|
1889703|
1889728|
1889729|
1889730|
1889731|
1889732|
1889733|
1889734|
1889735|
1889760|
1889761|
1889762|
1889763|
1889764|
1889765|
1889766|
1889767|
1889792|
1889793|
1889794|
1889795|
1889796|
1889797|
1889798|
1889799|
1889824|
1889825|
1889826|
1889827|
1889828|
1889829|
1889830|
1889831|
1889856|
1889857|
1889858|
1889859|
1889860|
1889861|
1889862|
1889863|
1889888|
1889889|
1889890|
1889891|
1889892|
1889893|
1889894|
1889895|
1889920|
1889921|
1889922|
1889923|
1889924|
1889925|
1889926|
1889927|
1889952|
1889953|
1889954|
1889955|
1889956|
1889957|
1889958|
1889959|
1889984|
1889985|
1889986|
1889987|
1889988|
