2808001|
2808002|
2808003|
2808004|
2808005|
2808006|
2808007|
2808032|
2808033|
2808034|
2808035|
2808036|
2808037|
2808038|
2808039|
2808064|
2808065|
2808066|
2808067|
2808068|
2808069|
2808070|
2808071|
2808096|
2808097|
2808098|
2808099|
2808100|
2808101|
2808102|
2808103|
2808128|
2808129|
2808130|
2808131|
2808132|
2808133|
2808134|
2808135|
2808160|
2808161|
2808162|
2808163|
2808164|
2808165|
2808166|
2808167|
2808192|
2808193|
2808194|
2808195|
2808196|
2808197|
2808198|
2808199|
2808224|
2808225|
2808226|
2808227|
2808228|
2808229|
2808230|
2808231|
2808256|
2808257|
2808258|
2808259|
2808260|
2808261|
2808262|
2808263|
2808288|
2808289|
2808290|
2808291|
2808292|
2808293|
2808294|
2808295|
2808320|
2808321|
2808322|
2808323|
2808324|
2808325|
2808326|
2808327|
2808352|
2808353|
2808354|
2808355|
2808356|
2808357|
2808358|
2808359|
2808384|
2808385|
2808386|
2808387|
2808388|
2808389|
2808390|
2808391|
2808416|
2808417|
2808418|
2808419|
2808420|
2808421|
2808422|
2808423|
2808448|
2808449|
2808450|
2808451|
2808452|
2808453|
2808454|
2808455|
2808480|
2808481|
2808482|
2808483|
2808484|
2808485|
2808486|
2808487|
2808512|
2808513|
2808514|
2808515|
2808516|
2808517|
2808518|
2808519|
2808544|
2808545|
2808546|
2808547|
2808548|
2808549|
2808550|
2808551|
2808576|
2808577|
2808578|
2808579|
2808580|
2808581|
2808582|
2808583|
2808608|
2808609|
2808610|
2808611|
2808612|
2808613|
2808614|
2808615|
2808640|
2808641|
2808642|
2808643|
2808644|
2808645|
2808646|
2808647|
2808672|
2808673|
2808674|
2808675|
2808676|
2808677|
2808678|
2808679|
2808704|
2808705|
2808706|
2808707|
2808708|
2808709|
2808710|
2808711|
2808736|
2808737|
2808738|
2808739|
2808740|
2808741|
2808742|
2808743|
2808768|
2808769|
2808770|
2808771|
2808772|
2808773|
2808774|
2808775|
2808800|
2808801|
2808802|
2808803|
2808804|
2808805|
2808806|
2808807|
2808832|
2808833|
2808834|
2808835|
2808836|
2808837|
2808838|
2808839|
2808864|
2808865|
2808866|
2808867|
2808868|
2808869|
2808870|
2808871|
2808896|
2808897|
2808898|
2808899|
2808900|
2808901|
2808902|
2808903|
2808928|
2808929|
2808930|
2808931|
2808932|
2808933|
2808934|
2808935|
2808960|
2808961|
2808962|
2808963|
2808964|
2808965|
2808966|
2808967|
2808992|
2808993|
2808994|
2808995|
2808996|
2808997|
2808998|
2808999|
2809024|
2809025|
2809026|
2809027|
2809028|
2809029|
2809030|
2809031|
2809056|
2809057|
2809058|
2809059|
2809060|
2809061|
2809062|
2809063|
2809088|
2809089|
2809090|
2809091|
2809092|
2809093|
2809094|
2809095|
2809120|
2809121|
2809122|
2809123|
2809124|
2809125|
2809126|
2809127|
2809152|
2809153|
2809154|
2809155|
2809156|
2809157|
2809158|
2809159|
2809184|
2809185|
2809186|
2809187|
2809188|
2809189|
2809190|
2809191|
2809216|
2809217|
2809218|
2809219|
2809220|
2809221|
2809222|
2809223|
2809248|
2809249|
2809250|
2809251|
2809252|
2809253|
2809254|
2809255|
2809280|
2809281|
2809282|
2809283|
2809284|
2809285|
2809286|
2809287|
2809312|
2809313|
2809314|
2809315|
2809316|
2809317|
2809318|
2809319|
2809344|
2809345|
2809346|
2809347|
2809348|
2809349|
2809350|
2809351|
2809376|
2809377|
2809378|
2809379|
2809380|
2809381|
2809382|
2809383|
2809408|
2809409|
2809410|
2809411|
2809412|
2809413|
2809414|
2809415|
2809440|
2809441|
2809442|
2809443|
2809444|
2809445|
2809446|
2809447|
2809472|
2809473|
2809474|
2809475|
2809476|
2809477|
2809478|
2809479|
2809504|
2809505|
2809506|
2809507|
2809508|
2809509|
2809510|
2809511|
2809536|
2809537|
2809538|
2809539|
2809540|
2809541|
2809542|
2809543|
2809568|
2809569|
2809570|
2809571|
2809572|
2809573|
2809574|
2809575|
2809600|
2809601|
2809602|
2809603|
2809604|
2809605|
2809606|
2809607|
2809632|
2809633|
2809634|
2809635|
2809636|
2809637|
2809638|
2809639|
2809664|
2809665|
2809666|
2809667|
2809668|
2809669|
2809670|
2809671|
2809696|
2809697|
2809698|
2809699|
2809700|
2809701|
2809702|
2809703|
2809728|
2809729|
2809730|
2809731|
2809732|
2809733|
2809734|
2809735|
2809760|
2809761|
2809762|
2809763|
2809764|
2809765|
2809766|
2809767|
2809792|
2809793|
2809794|
2809795|
2809796|
2809797|
2809798|
2809799|
2809824|
2809825|
2809826|
2809827|
2809828|
2809829|
2809830|
2809831|
2809856|
2809857|
2809858|
2809859|
2809860|
2809861|
2809862|
2809863|
2809888|
2809889|
2809890|
2809891|
2809892|
2809893|
2809894|
2809895|
2809920|
2809921|
2809922|
2809923|
2809924|
2809925|
2809926|
2809927|
2809952|
2809953|
2809954|
2809955|
2809956|
2809957|
2809958|
2809959|
2809984|
2809985|
2809986|
2809987|
2809988|
2809989|
2809990|
2809991|
2810016|
2810017|
2810018|
2810019|
2810020|
2810021|
2810022|
2810023|
2810048|
2810049|
2810050|
2810051|
2810052|
2810053|
2810054|
2810055|
2810080|
2810081|
2810082|
2810083|
2810084|
2810085|
2810086|
2810087|
2810112|
2810113|
2810114|
2810115|
2810116|
2810117|
2810118|
2810119|
2810144|
2810145|
2810146|
2810147|
2810148|
2810149|
2810150|
2810151|
2810176|
2810177|
2810178|
2810179|
2810180|
2810181|
2810182|
2810183|
2810208|
2810209|
2810210|
2810211|
2810212|
2810213|
2810214|
2810215|
2810240|
2810241|
2810242|
2810243|
2810244|
2810245|
2810246|
2810247|
2810272|
2810273|
2810274|
2810275|
2810276|
2810277|
2810278|
2810279|
2810304|
2810305|
2810306|
2810307|
2810308|
2810309|
2810310|
2810311|
2810336|
2810337|
2810338|
2810339|
2810340|
2810341|
2810342|
2810343|
2810368|
2810369|
2810370|
2810371|
2810372|
2810373|
2810374|
2810375|
2810400|
2810401|
2810402|
2810403|
2810404|
2810405|
2810406|
2810407|
2810432|
2810433|
2810434|
2810435|
2810436|
2810437|
2810438|
2810439|
2810464|
2810465|
2810466|
2810467|
2810468|
2810469|
2810470|
2810471|
2810496|
2810497|
2810498|
2810499|
2810500|
2810501|
2810502|
2810503|
2810528|
2810529|
2810530|
2810531|
2810532|
2810533|
2810534|
2810535|
2810560|
2810561|
2810562|
2810563|
2810564|
2810565|
2810566|
2810567|
2810592|
2810593|
2810594|
2810595|
2810596|
2810597|
2810598|
2810599|
2810624|
2810625|
2810626|
2810627|
2810628|
2810629|
2810630|
2810631|
2810656|
2810657|
2810658|
2810659|
2810660|
2810661|
2810662|
2810663|
2810688|
2810689|
2810690|
2810691|
2810692|
2810693|
2810694|
2810695|
2810720|
2810721|
2810722|
2810723|
2810724|
2810725|
2810726|
2810727|
2810752|
2810753|
2810754|
2810755|
2810756|
2810757|
2810758|
2810759|
2810784|
2810785|
2810786|
2810787|
2810788|
2810789|
2810790|
2810791|
2810816|
2810817|
2810818|
2810819|
2810820|
2810821|
2810822|
2810823|
2810848|
2810849|
2810850|
2810851|
2810852|
2810853|
2810854|
2810855|
2810880|
2810881|
2810882|
2810883|
2810884|
2810885|
2810886|
2810887|
2810912|
2810913|
2810914|
2810915|
2810916|
2810917|
2810918|
2810919|
2810944|
2810945|
2810946|
2810947|
2810948|
2810949|
2810950|
2810951|
2810976|
2810977|
2810978|
2810979|
2810980|
2810981|
2810982|
2810983|
2811008|
2811009|
2811010|
2811011|
2811012|
2811013|
2811014|
2811015|
2811040|
2811041|
2811042|
2811043|
2811044|
2811045|
2811046|
2811047|
2811072|
2811073|
2811074|
2811075|
2811076|
2811077|
2811078|
2811079|
2811104|
2811105|
2811106|
2811107|
2811108|
2811109|
2811110|
2811111|
2811136|
2811137|
2811138|
2811139|
2811140|
2811141|
2811142|
2811143|
2811168|
2811169|
2811170|
2811171|
2811172|
2811173|
2811174|
2811175|
2811200|
2811201|
2811202|
2811203|
2811204|
2811205|
2811206|
2811207|
2811232|
2811233|
2811234|
2811235|
2811236|
2811237|
2811238|
2811239|
2811264|
2811265|
2811266|
2811267|
2811268|
2811269|
2811270|
2811271|
2811296|
2811297|
2811298|
2811299|
2811300|
2811301|
2811302|
2811303|
2811328|
2811329|
2811330|
2811331|
2811332|
2811333|
2811334|
2811335|
2811360|
2811361|
2811362|
2811363|
2811364|
2811365|
2811366|
2811367|
2811392|
2811393|
2811394|
2811395|
2811396|
2811397|
2811398|
2811399|
2811424|
2811425|
2811426|
2811427|
2811428|
2811429|
2811430|
2811431|
2811456|
2811457|
2811458|
2811459|
2811460|
2811461|
2811462|
2811463|
2811488|
2811489|
2811490|
2811491|
2811492|
2811493|
2811494|
2811495|
2811520|
2811521|
2811522|
2811523|
2811524|
2811525|
2811526|
2811527|
2811552|
2811553|
2811554|
2811555|
2811556|
2811557|
2811558|
2811559|
2811584|
2811585|
2811586|
2811587|
2811588|
2811589|
2811590|
2811591|
2811616|
2811617|
2811618|
2811619|
2811620|
2811621|
2811622|
2811623|
2811648|
2811649|
2811650|
2811651|
2811652|
2811653|
2811654|
2811655|
2811680|
2811681|
2811682|
2811683|
2811684|
2811685|
2811686|
2811687|
2811712|
2811713|
2811714|
2811715|
2811716|
2811717|
2811718|
2811719|
2811744|
2811745|
2811746|
2811747|
2811748|
2811749|
2811750|
2811751|
2811776|
2811777|
2811778|
2811779|
2811780|
2811781|
2811782|
2811783|
2811808|
2811809|
2811810|
2811811|
2811812|
2811813|
2811814|
2811815|
2811840|
2811841|
2811842|
2811843|
2811844|
2811845|
2811846|
2811847|
2811872|
2811873|
2811874|
2811875|
2811876|
2811877|
2811878|
2811879|
2811904|
2811905|
2811906|
2811907|
2811908|
2811909|
2811910|
2811911|
2811936|
2811937|
2811938|
2811939|
2811940|
2811941|
2811942|
2811943|
2811968|
2811969|
2811970|
2811971|
2811972|
2811973|
2811974|
2811975|
2812000|
2812001|
2812002|
2812003|
2812004|
2812005|
2812006|
2812007|
2812032|
2812033|
2812034|
2812035|
2812036|
2812037|
2812038|
2812039|
2812064|
2812065|
2812066|
2812067|
2812068|
2812069|
2812070|
2812071|
2812096|
2812097|
2812098|
2812099|
2812100|
2812101|
2812102|
2812103|
2812128|
2812129|
2812130|
2812131|
2812132|
2812133|
2812134|
2812135|
2812160|
2812161|
2812162|
2812163|
2812164|
2812165|
2812166|
2812167|
2812192|
2812193|
2812194|
2812195|
2812196|
2812197|
2812198|
2812199|
2812224|
2812225|
2812226|
2812227|
2812228|
2812229|
2812230|
2812231|
2812256|
2812257|
2812258|
2812259|
2812260|
2812261|
2812262|
2812263|
2812288|
2812289|
2812290|
2812291|
2812292|
2812293|
2812294|
2812295|
2812320|
2812321|
2812322|
2812323|
2812324|
2812325|
2812326|
2812327|
2812352|
2812353|
2812354|
2812355|
2812356|
2812357|
2812358|
2812359|
2812384|
2812385|
2812386|
2812387|
2812388|
2812389|
2812390|
2812391|
2812416|
2812417|
2812418|
2812419|
2812420|
2812421|
2812422|
2812423|
2812448|
2812449|
2812450|
2812451|
2812452|
2812453|
2812454|
2812455|
2812480|
2812481|
2812482|
2812483|
2812484|
2812485|
2812486|
2812487|
2812512|
2812513|
2812514|
2812515|
2812516|
2812517|
2812518|
2812519|
2812544|
2812545|
2812546|
2812547|
2812548|
2812549|
2812550|
2812551|
2812576|
2812577|
2812578|
2812579|
2812580|
2812581|
2812582|
2812583|
2812608|
2812609|
2812610|
2812611|
2812612|
2812613|
2812614|
2812615|
2812640|
2812641|
2812642|
2812643|
2812644|
2812645|
2812646|
2812647|
2812672|
2812673|
2812674|
2812675|
2812676|
2812677|
2812678|
2812679|
2812704|
2812705|
2812706|
2812707|
2812708|
2812709|
2812710|
2812711|
2812736|
2812737|
2812738|
2812739|
2812740|
2812741|
2812742|
2812743|
2812768|
2812769|
2812770|
2812771|
2812772|
2812773|
2812774|
2812775|
2812800|
2812801|
2812802|
2812803|
2812804|
2812805|
2812806|
2812807|
2812832|
2812833|
2812834|
2812835|
2812836|
2812837|
2812838|
2812839|
2812864|
2812865|
2812866|
2812867|
2812868|
2812869|
2812870|
2812871|
2812896|
2812897|
2812898|
2812899|
2812900|
2812901|
2812902|
2812903|
2812928|
2812929|
2812930|
2812931|
2812932|
2812933|
2812934|
2812935|
2812960|
2812961|
2812962|
2812963|
2812964|
2812965|
2812966|
2812967|
2812992|
2812993|
2812994|
2812995|
2812996|
2812997|
2812998|
2812999|
2813024|
2813025|
2813026|
2813027|
2813028|
2813029|
2813030|
2813031|
2813056|
2813057|
2813058|
2813059|
2813060|
2813061|
2813062|
2813063|
2813088|
2813089|
2813090|
2813091|
2813092|
2813093|
2813094|
2813095|
2813120|
2813121|
2813122|
2813123|
2813124|
2813125|
2813126|
2813127|
2813152|
2813153|
2813154|
2813155|
2813156|
2813157|
2813158|
2813159|
2813184|
2813185|
2813186|
2813187|
2813188|
2813189|
2813190|
2813191|
2813216|
2813217|
2813218|
2813219|
2813220|
2813221|
2813222|
2813223|
2813248|
2813249|
2813250|
2813251|
2813252|
2813253|
2813254|
2813255|
2813280|
2813281|
2813282|
2813283|
2813284|
2813285|
2813286|
2813287|
2813312|
2813313|
2813314|
2813315|
2813316|
2813317|
2813318|
2813319|
2813344|
2813345|
2813346|
2813347|
2813348|
2813349|
2813350|
2813351|
2813376|
2813377|
2813378|
2813379|
2813380|
2813381|
2813382|
2813383|
2813408|
2813409|
2813410|
2813411|
2813412|
2813413|
2813414|
2813415|
2813440|
2813441|
2813442|
2813443|
2813444|
2813445|
2813446|
2813447|
2813472|
2813473|
2813474|
2813475|
2813476|
2813477|
2813478|
2813479|
2813504|
2813505|
2813506|
2813507|
2813508|
2813509|
2813510|
2813511|
2813536|
2813537|
2813538|
2813539|
2813540|
2813541|
2813542|
2813543|
2813568|
2813569|
2813570|
2813571|
2813572|
2813573|
2813574|
2813575|
2813600|
2813601|
2813602|
2813603|
2813604|
2813605|
2813606|
2813607|
2813632|
2813633|
2813634|
2813635|
2813636|
2813637|
2813638|
2813639|
2813664|
2813665|
2813666|
2813667|
2813668|
2813669|
2813670|
2813671|
2813696|
2813697|
2813698|
2813699|
2813700|
2813701|
2813702|
2813703|
2813728|
2813729|
2813730|
2813731|
2813732|
2813733|
2813734|
2813735|
2813760|
2813761|
2813762|
2813763|
2813764|
2813765|
2813766|
2813767|
2813792|
2813793|
2813794|
2813795|
2813796|
2813797|
2813798|
2813799|
2813824|
2813825|
2813826|
2813827|
2813828|
2813829|
2813830|
2813831|
2813856|
2813857|
2813858|
2813859|
2813860|
2813861|
2813862|
2813863|
2813888|
2813889|
2813890|
2813891|
2813892|
2813893|
2813894|
2813895|
2813920|
2813921|
2813922|
2813923|
2813924|
2813925|
2813926|
2813927|
2813952|
2813953|
2813954|
2813955|
2813956|
2813957|
2813958|
2813959|
2813984|
2813985|
2813986|
2813987|
2813988|
