1085989|
1085990|
1085991|
1086016|
1086017|
1086018|
1086019|
1086020|
1086021|
1086022|
1086023|
1086048|
1086049|
1086050|
1086051|
1086052|
1086053|
1086054|
1086055|
1086080|
1086081|
1086082|
1086083|
1086084|
1086085|
1086086|
1086087|
1086112|
1086113|
1086114|
1086115|
1086116|
1086117|
1086118|
1086119|
1086144|
1086145|
1086146|
1086147|
1086148|
1086149|
1086150|
1086151|
1086176|
1086177|
1086178|
1086179|
1086180|
1086181|
1086182|
1086183|
1086208|
1086209|
1086210|
1086211|
1086212|
1086213|
1086214|
1086215|
1086240|
1086241|
1086242|
1086243|
1086244|
1086245|
1086246|
1086247|
1086272|
1086273|
1086274|
1086275|
1086276|
1086277|
1086278|
1086279|
1086304|
1086305|
1086306|
1086307|
1086308|
1086309|
1086310|
1086311|
1086336|
1086337|
1086338|
1086339|
1086340|
1086341|
1086342|
1086343|
1086368|
1086369|
1086370|
1086371|
1086372|
1086373|
1086374|
1086375|
1086400|
1086401|
1086402|
1086403|
1086404|
1086405|
1086406|
1086407|
1086432|
1086433|
1086434|
1086435|
1086436|
1086437|
1086438|
1086439|
1086464|
1086465|
1086466|
1086467|
1086468|
1086469|
1086470|
1086471|
1086496|
1086497|
1086498|
1086499|
1086500|
1086501|
1086502|
1086503|
1086528|
1086529|
1086530|
1086531|
1086532|
1086533|
1086534|
1086535|
1086560|
1086561|
1086562|
1086563|
1086564|
1086565|
1086566|
1086567|
1086592|
1086593|
1086594|
1086595|
1086596|
1086597|
1086598|
1086599|
1086624|
1086625|
1086626|
1086627|
1086628|
1086629|
1086630|
1086631|
1086656|
1086657|
1086658|
1086659|
1086660|
1086661|
1086662|
1086663|
1086688|
1086689|
1086690|
1086691|
1086692|
1086693|
1086694|
1086695|
1086720|
1086721|
1086722|
1086723|
1086724|
1086725|
1086726|
1086727|
1086752|
1086753|
1086754|
1086755|
1086756|
1086757|
1086758|
1086759|
1086784|
1086785|
1086786|
1086787|
1086788|
1086789|
1086790|
1086791|
1086816|
1086817|
1086818|
1086819|
1086820|
1086821|
1086822|
1086823|
1086848|
1086849|
1086850|
1086851|
1086852|
1086853|
1086854|
1086855|
1086880|
1086881|
1086882|
1086883|
1086884|
1086885|
1086886|
1086887|
1086912|
1086913|
1086914|
1086915|
1086916|
1086917|
1086918|
1086919|
1086944|
1086945|
1086946|
1086947|
1086948|
1086949|
1086950|
1086951|
1086976|
1086977|
1086978|
1086979|
1086980|
1086981|
1086982|
1086983|
1087008|
1087009|
1087010|
1087011|
1087012|
1087013|
1087014|
1087015|
1087040|
1087041|
1087042|
1087043|
1087044|
1087045|
1087046|
1087047|
1087072|
1087073|
1087074|
1087075|
1087076|
1087077|
1087078|
1087079|
1087104|
1087105|
1087106|
1087107|
1087108|
1087109|
1087110|
1087111|
1087136|
1087137|
1087138|
1087139|
1087140|
1087141|
1087142|
1087143|
1087168|
1087169|
1087170|
1087171|
1087172|
1087173|
1087174|
1087175|
1087200|
1087201|
1087202|
1087203|
1087204|
1087205|
1087206|
1087207|
1087232|
1087233|
1087234|
1087235|
1087236|
1087237|
1087238|
1087239|
1087264|
1087265|
1087266|
1087267|
1087268|
1087269|
1087270|
1087271|
1087296|
1087297|
1087298|
1087299|
1087300|
1087301|
1087302|
1087303|
1087328|
1087329|
1087330|
1087331|
1087332|
1087333|
1087334|
1087335|
1087360|
1087361|
1087362|
1087363|
1087364|
1087365|
1087366|
1087367|
1087392|
1087393|
1087394|
1087395|
1087396|
1087397|
1087398|
1087399|
1087424|
1087425|
1087426|
1087427|
1087428|
1087429|
1087430|
1087431|
1087456|
1087457|
1087458|
1087459|
1087460|
1087461|
1087462|
1087463|
1087488|
1087489|
1087490|
1087491|
1087492|
1087493|
1087494|
1087495|
1087520|
1087521|
1087522|
1087523|
1087524|
1087525|
1087526|
1087527|
1087552|
1087553|
1087554|
1087555|
1087556|
1087557|
1087558|
1087559|
1087584|
1087585|
1087586|
1087587|
1087588|
1087589|
1087590|
1087591|
1087616|
1087617|
1087618|
1087619|
1087620|
1087621|
1087622|
1087623|
1087648|
1087649|
1087650|
1087651|
1087652|
1087653|
1087654|
1087655|
1087680|
1087681|
1087682|
1087683|
1087684|
1087685|
1087686|
1087687|
1087712|
1087713|
1087714|
1087715|
1087716|
1087717|
1087718|
1087719|
1087744|
1087745|
1087746|
1087747|
1087748|
1087749|
1087750|
1087751|
1087776|
1087777|
1087778|
1087779|
1087780|
1087781|
1087782|
1087783|
1087808|
1087809|
1087810|
1087811|
1087812|
1087813|
1087814|
1087815|
1087840|
1087841|
1087842|
1087843|
1087844|
1087845|
1087846|
1087847|
1087872|
1087873|
1087874|
1087875|
1087876|
1087877|
1087878|
1087879|
1087904|
1087905|
1087906|
1087907|
1087908|
1087909|
1087910|
1087911|
1087936|
1087937|
1087938|
1087939|
1087940|
1087941|
1087942|
1087943|
1087968|
1087969|
1087970|
1087971|
1087972|
1087973|
1087974|
1087975|
1088000|
1088001|
1088002|
1088003|
1088004|
1088005|
1088006|
1088007|
1088032|
1088033|
1088034|
1088035|
1088036|
1088037|
1088038|
1088039|
1088064|
1088065|
1088066|
1088067|
1088068|
1088069|
1088070|
1088071|
1088096|
1088097|
1088098|
1088099|
1088100|
1088101|
1088102|
1088103|
1088128|
1088129|
1088130|
1088131|
1088132|
1088133|
1088134|
1088135|
1088160|
1088161|
1088162|
1088163|
1088164|
1088165|
1088166|
1088167|
1088192|
1088193|
1088194|
1088195|
1088196|
1088197|
1088198|
1088199|
1088224|
1088225|
1088226|
1088227|
1088228|
1088229|
1088230|
1088231|
1088256|
1088257|
1088258|
1088259|
1088260|
1088261|
1088262|
1088263|
1088288|
1088289|
1088290|
1088291|
1088292|
1088293|
1088294|
1088295|
1088320|
1088321|
1088322|
1088323|
1088324|
1088325|
1088326|
1088327|
1088352|
1088353|
1088354|
1088355|
1088356|
1088357|
1088358|
1088359|
1088384|
1088385|
1088386|
1088387|
1088388|
1088389|
1088390|
1088391|
1088416|
1088417|
1088418|
1088419|
1088420|
1088421|
1088422|
1088423|
1088448|
1088449|
1088450|
1088451|
1088452|
1088453|
1088454|
1088455|
1088480|
1088481|
1088482|
1088483|
1088484|
1088485|
1088486|
1088487|
1088512|
1088513|
1088514|
1088515|
1088516|
1088517|
1088518|
1088519|
1088544|
1088545|
1088546|
1088547|
1088548|
1088549|
1088550|
1088551|
1088576|
1088577|
1088578|
1088579|
1088580|
1088581|
1088582|
1088583|
1088608|
1088609|
1088610|
1088611|
1088612|
1088613|
1088614|
1088615|
1088640|
1088641|
1088642|
1088643|
1088644|
1088645|
1088646|
1088647|
1088672|
1088673|
1088674|
1088675|
1088676|
1088677|
1088678|
1088679|
1088704|
1088705|
1088706|
1088707|
1088708|
1088709|
1088710|
1088711|
1088736|
1088737|
1088738|
1088739|
1088740|
1088741|
1088742|
1088743|
1088768|
1088769|
1088770|
1088771|
1088772|
1088773|
1088774|
1088775|
1088800|
1088801|
1088802|
1088803|
1088804|
1088805|
1088806|
1088807|
1088832|
1088833|
1088834|
1088835|
1088836|
1088837|
1088838|
1088839|
1088864|
1088865|
1088866|
1088867|
1088868|
1088869|
1088870|
1088871|
1088896|
1088897|
1088898|
1088899|
1088900|
1088901|
1088902|
1088903|
1088928|
1088929|
1088930|
1088931|
1088932|
1088933|
1088934|
1088935|
1088960|
1088961|
1088962|
1088963|
1088964|
1088965|
1088966|
1088967|
1088992|
1088993|
1088994|
1088995|
1088996|
1088997|
1088998|
1088999|
1089024|
1089025|
1089026|
1089027|
1089028|
1089029|
1089030|
1089031|
1089056|
1089057|
1089058|
1089059|
1089060|
1089061|
1089062|
1089063|
1089088|
1089089|
1089090|
1089091|
1089092|
1089093|
1089094|
1089095|
1089120|
1089121|
1089122|
1089123|
1089124|
1089125|
1089126|
1089127|
1089152|
1089153|
1089154|
1089155|
1089156|
1089157|
1089158|
1089159|
1089184|
1089185|
1089186|
1089187|
1089188|
1089189|
1089190|
1089191|
1089216|
1089217|
1089218|
1089219|
1089220|
1089221|
1089222|
1089223|
1089248|
1089249|
1089250|
1089251|
1089252|
1089253|
1089254|
1089255|
1089280|
1089281|
1089282|
1089283|
1089284|
1089285|
1089286|
1089287|
1089312|
1089313|
1089314|
1089315|
1089316|
1089317|
1089318|
1089319|
1089344|
1089345|
1089346|
1089347|
1089348|
1089349|
1089350|
1089351|
1089376|
1089377|
1089378|
1089379|
1089380|
1089381|
1089382|
1089383|
1089408|
1089409|
1089410|
1089411|
1089412|
1089413|
1089414|
1089415|
1089440|
1089441|
1089442|
1089443|
1089444|
1089445|
1089446|
1089447|
1089472|
1089473|
1089474|
1089475|
1089476|
1089477|
1089478|
1089479|
1089504|
1089505|
1089506|
1089507|
1089508|
1089509|
1089510|
1089511|
1089536|
1089537|
1089538|
1089539|
1089540|
1089541|
1089542|
1089543|
1089568|
1089569|
1089570|
1089571|
1089572|
1089573|
1089574|
1089575|
1089600|
1089601|
1089602|
1089603|
1089604|
1089605|
1089606|
1089607|
1089632|
1089633|
1089634|
1089635|
1089636|
1089637|
1089638|
1089639|
1089664|
1089665|
1089666|
1089667|
1089668|
1089669|
1089670|
1089671|
1089696|
1089697|
1089698|
1089699|
1089700|
1089701|
1089702|
1089703|
1089728|
1089729|
1089730|
1089731|
1089732|
1089733|
1089734|
1089735|
1089760|
1089761|
1089762|
1089763|
1089764|
1089765|
1089766|
1089767|
1089792|
1089793|
1089794|
1089795|
1089796|
1089797|
1089798|
1089799|
1089824|
1089825|
1089826|
1089827|
1089828|
1089829|
1089830|
1089831|
1089856|
1089857|
1089858|
1089859|
1089860|
1089861|
1089862|
1089863|
1089888|
1089889|
1089890|
1089891|
1089892|
1089893|
1089894|
1089895|
1089920|
1089921|
1089922|
1089923|
1089924|
1089925|
1089926|
1089927|
1089952|
1089953|
1089954|
1089955|
1089956|
1089957|
1089958|
1089959|
1089984|
1089985|
1089986|
1089987|
1089988|
1089989|
1089990|
1089991|
1090016|
1090017|
1090018|
1090019|
1090020|
1090021|
1090022|
1090023|
1090048|
1090049|
1090050|
1090051|
1090052|
1090053|
1090054|
1090055|
1090080|
1090081|
1090082|
1090083|
1090084|
1090085|
1090086|
1090087|
1090112|
1090113|
1090114|
1090115|
1090116|
1090117|
1090118|
1090119|
1090144|
1090145|
1090146|
1090147|
1090148|
1090149|
1090150|
1090151|
1090176|
1090177|
1090178|
1090179|
1090180|
1090181|
1090182|
1090183|
1090208|
1090209|
1090210|
1090211|
1090212|
1090213|
1090214|
1090215|
1090240|
1090241|
1090242|
1090243|
1090244|
1090245|
1090246|
1090247|
1090272|
1090273|
1090274|
1090275|
1090276|
1090277|
1090278|
1090279|
1090304|
1090305|
1090306|
1090307|
1090308|
1090309|
1090310|
1090311|
1090336|
1090337|
1090338|
1090339|
1090340|
1090341|
1090342|
1090343|
1090368|
1090369|
1090370|
1090371|
1090372|
1090373|
1090374|
1090375|
1090400|
1090401|
1090402|
1090403|
1090404|
1090405|
1090406|
1090407|
1090432|
1090433|
1090434|
1090435|
1090436|
1090437|
1090438|
1090439|
1090464|
1090465|
1090466|
1090467|
1090468|
1090469|
1090470|
1090471|
1090496|
1090497|
1090498|
1090499|
1090500|
1090501|
1090502|
1090503|
1090528|
1090529|
1090530|
1090531|
1090532|
1090533|
1090534|
1090535|
1090560|
1090561|
1090562|
1090563|
1090564|
1090565|
1090566|
1090567|
1090592|
1090593|
1090594|
1090595|
1090596|
1090597|
1090598|
1090599|
1090624|
1090625|
1090626|
1090627|
1090628|
1090629|
1090630|
1090631|
1090656|
1090657|
1090658|
1090659|
1090660|
1090661|
1090662|
1090663|
1090688|
1090689|
1090690|
1090691|
1090692|
1090693|
1090694|
1090695|
1090720|
1090721|
1090722|
1090723|
1090724|
1090725|
1090726|
1090727|
1090752|
1090753|
1090754|
1090755|
1090756|
1090757|
1090758|
1090759|
1090784|
1090785|
1090786|
1090787|
1090788|
1090789|
1090790|
1090791|
1090816|
1090817|
1090818|
1090819|
1090820|
1090821|
1090822|
1090823|
1090848|
1090849|
1090850|
1090851|
1090852|
1090853|
1090854|
1090855|
1090880|
1090881|
1090882|
1090883|
1090884|
1090885|
1090886|
1090887|
1090912|
1090913|
1090914|
1090915|
1090916|
1090917|
1090918|
1090919|
1090944|
1090945|
1090946|
1090947|
1090948|
1090949|
1090950|
1090951|
1090976|
1090977|
1090978|
1090979|
1090980|
1090981|
1090982|
1090983|
1091008|
1091009|
1091010|
1091011|
1091012|
1091013|
1091014|
1091015|
1091040|
1091041|
1091042|
1091043|
1091044|
1091045|
1091046|
1091047|
1091072|
1091073|
1091074|
1091075|
1091076|
1091077|
1091078|
1091079|
1091104|
1091105|
1091106|
1091107|
1091108|
1091109|
1091110|
1091111|
1091136|
1091137|
1091138|
1091139|
1091140|
1091141|
1091142|
1091143|
1091168|
1091169|
1091170|
1091171|
1091172|
1091173|
1091174|
1091175|
1091200|
1091201|
1091202|
1091203|
1091204|
1091205|
1091206|
1091207|
1091232|
1091233|
1091234|
1091235|
1091236|
1091237|
1091238|
1091239|
1091264|
1091265|
1091266|
1091267|
1091268|
1091269|
1091270|
1091271|
1091296|
1091297|
1091298|
1091299|
1091300|
1091301|
1091302|
1091303|
1091328|
1091329|
1091330|
1091331|
1091332|
1091333|
1091334|
1091335|
1091360|
1091361|
1091362|
1091363|
1091364|
1091365|
1091366|
1091367|
1091392|
1091393|
1091394|
1091395|
1091396|
1091397|
1091398|
1091399|
1091424|
1091425|
1091426|
1091427|
1091428|
1091429|
1091430|
1091431|
1091456|
1091457|
1091458|
1091459|
1091460|
1091461|
1091462|
1091463|
1091488|
1091489|
1091490|
1091491|
1091492|
1091493|
1091494|
1091495|
1091520|
1091521|
1091522|
1091523|
1091524|
1091525|
1091526|
1091527|
1091552|
1091553|
1091554|
1091555|
1091556|
1091557|
1091558|
1091559|
1091584|
1091585|
1091586|
1091587|
1091588|
1091589|
1091590|
1091591|
1091616|
1091617|
1091618|
1091619|
1091620|
1091621|
1091622|
1091623|
1091648|
1091649|
1091650|
1091651|
1091652|
1091653|
1091654|
1091655|
1091680|
1091681|
1091682|
1091683|
1091684|
1091685|
1091686|
1091687|
1091712|
1091713|
1091714|
1091715|
1091716|
1091717|
1091718|
1091719|
1091744|
1091745|
1091746|
1091747|
1091748|
1091749|
1091750|
1091751|
1091776|
1091777|
1091778|
1091779|
1091780|
1091781|
1091782|
1091783|
1091808|
1091809|
1091810|
1091811|
1091812|
1091813|
1091814|
1091815|
1091840|
1091841|
1091842|
1091843|
1091844|
1091845|
1091846|
1091847|
1091872|
1091873|
1091874|
1091875|
1091876|
1091877|
1091878|
1091879|
1091904|
1091905|
1091906|
1091907|
1091908|
1091909|
1091910|
1091911|
1091936|
1091937|
1091938|
1091939|
1091940|
1091941|
1091942|
1091943|
1091968|
1091969|
1091970|
1091971|
1091972|
1091973|
1091974|
1091975|
1092000|
