2940001|
2940002|
2940003|
2940004|
2940005|
2940006|
2940007|
2940032|
2940033|
2940034|
2940035|
2940036|
2940037|
2940038|
2940039|
2940064|
2940065|
2940066|
2940067|
2940068|
2940069|
2940070|
2940071|
2940096|
2940097|
2940098|
2940099|
2940100|
2940101|
2940102|
2940103|
2940128|
2940129|
2940130|
2940131|
2940132|
2940133|
2940134|
2940135|
2940160|
2940161|
2940162|
2940163|
2940164|
2940165|
2940166|
2940167|
2940192|
2940193|
2940194|
2940195|
2940196|
2940197|
2940198|
2940199|
2940224|
2940225|
2940226|
2940227|
2940228|
2940229|
2940230|
2940231|
2940256|
2940257|
2940258|
2940259|
2940260|
2940261|
2940262|
2940263|
2940288|
2940289|
2940290|
2940291|
2940292|
2940293|
2940294|
2940295|
2940320|
2940321|
2940322|
2940323|
2940324|
2940325|
2940326|
2940327|
2940352|
2940353|
2940354|
2940355|
2940356|
2940357|
2940358|
2940359|
2940384|
2940385|
2940386|
2940387|
2940388|
2940389|
2940390|
2940391|
2940416|
2940417|
2940418|
2940419|
2940420|
2940421|
2940422|
2940423|
2940448|
2940449|
2940450|
2940451|
2940452|
2940453|
2940454|
2940455|
2940480|
2940481|
2940482|
2940483|
2940484|
2940485|
2940486|
2940487|
2940512|
2940513|
2940514|
2940515|
2940516|
2940517|
2940518|
2940519|
2940544|
2940545|
2940546|
2940547|
2940548|
2940549|
2940550|
2940551|
2940576|
2940577|
2940578|
2940579|
2940580|
2940581|
2940582|
2940583|
2940608|
2940609|
2940610|
2940611|
2940612|
2940613|
2940614|
2940615|
2940640|
2940641|
2940642|
2940643|
2940644|
2940645|
2940646|
2940647|
2940672|
2940673|
2940674|
2940675|
2940676|
2940677|
2940678|
2940679|
2940704|
2940705|
2940706|
2940707|
2940708|
2940709|
2940710|
2940711|
2940736|
2940737|
2940738|
2940739|
2940740|
2940741|
2940742|
2940743|
2940768|
2940769|
2940770|
2940771|
2940772|
2940773|
2940774|
2940775|
2940800|
2940801|
2940802|
2940803|
2940804|
2940805|
2940806|
2940807|
2940832|
2940833|
2940834|
2940835|
2940836|
2940837|
2940838|
2940839|
2940864|
2940865|
2940866|
2940867|
2940868|
2940869|
2940870|
2940871|
2940896|
2940897|
2940898|
2940899|
2940900|
2940901|
2940902|
2940903|
2940928|
2940929|
2940930|
2940931|
2940932|
2940933|
2940934|
2940935|
2940960|
2940961|
2940962|
2940963|
2940964|
2940965|
2940966|
2940967|
2940992|
2940993|
2940994|
2940995|
2940996|
2940997|
2940998|
2940999|
2941024|
2941025|
2941026|
2941027|
2941028|
2941029|
2941030|
2941031|
2941056|
2941057|
2941058|
2941059|
2941060|
2941061|
2941062|
2941063|
2941088|
2941089|
2941090|
2941091|
2941092|
2941093|
2941094|
2941095|
2941120|
2941121|
2941122|
2941123|
2941124|
2941125|
2941126|
2941127|
2941152|
2941153|
2941154|
2941155|
2941156|
2941157|
2941158|
2941159|
2941184|
2941185|
2941186|
2941187|
2941188|
2941189|
2941190|
2941191|
2941216|
2941217|
2941218|
2941219|
2941220|
2941221|
2941222|
2941223|
2941248|
2941249|
2941250|
2941251|
2941252|
2941253|
2941254|
2941255|
2941280|
2941281|
2941282|
2941283|
2941284|
2941285|
2941286|
2941287|
2941312|
2941313|
2941314|
2941315|
2941316|
2941317|
2941318|
2941319|
2941344|
2941345|
2941346|
2941347|
2941348|
2941349|
2941350|
2941351|
2941376|
2941377|
2941378|
2941379|
2941380|
2941381|
2941382|
2941383|
2941408|
2941409|
2941410|
2941411|
2941412|
2941413|
2941414|
2941415|
2941440|
2941441|
2941442|
2941443|
2941444|
2941445|
2941446|
2941447|
2941472|
2941473|
2941474|
2941475|
2941476|
2941477|
2941478|
2941479|
2941504|
2941505|
2941506|
2941507|
2941508|
2941509|
2941510|
2941511|
2941536|
2941537|
2941538|
2941539|
2941540|
2941541|
2941542|
2941543|
2941568|
2941569|
2941570|
2941571|
2941572|
2941573|
2941574|
2941575|
2941600|
2941601|
2941602|
2941603|
2941604|
2941605|
2941606|
2941607|
2941632|
2941633|
2941634|
2941635|
2941636|
2941637|
2941638|
2941639|
2941664|
2941665|
2941666|
2941667|
2941668|
2941669|
2941670|
2941671|
2941696|
2941697|
2941698|
2941699|
2941700|
2941701|
2941702|
2941703|
2941728|
2941729|
2941730|
2941731|
2941732|
2941733|
2941734|
2941735|
2941760|
2941761|
2941762|
2941763|
2941764|
2941765|
2941766|
2941767|
2941792|
2941793|
2941794|
2941795|
2941796|
2941797|
2941798|
2941799|
2941824|
2941825|
2941826|
2941827|
2941828|
2941829|
2941830|
2941831|
2941856|
2941857|
2941858|
2941859|
2941860|
2941861|
2941862|
2941863|
2941888|
2941889|
2941890|
2941891|
2941892|
2941893|
2941894|
2941895|
2941920|
2941921|
2941922|
2941923|
2941924|
2941925|
2941926|
2941927|
2941952|
2941953|
2941954|
2941955|
2941956|
2941957|
2941958|
2941959|
2941984|
2941985|
2941986|
2941987|
2941988|
2941989|
2941990|
2941991|
2942016|
2942017|
2942018|
2942019|
2942020|
2942021|
2942022|
2942023|
2942048|
2942049|
2942050|
2942051|
2942052|
2942053|
2942054|
2942055|
2942080|
2942081|
2942082|
2942083|
2942084|
2942085|
2942086|
2942087|
2942112|
2942113|
2942114|
2942115|
2942116|
2942117|
2942118|
2942119|
2942144|
2942145|
2942146|
2942147|
2942148|
2942149|
2942150|
2942151|
2942176|
2942177|
2942178|
2942179|
2942180|
2942181|
2942182|
2942183|
2942208|
2942209|
2942210|
2942211|
2942212|
2942213|
2942214|
2942215|
2942240|
2942241|
2942242|
2942243|
2942244|
2942245|
2942246|
2942247|
2942272|
2942273|
2942274|
2942275|
2942276|
2942277|
2942278|
2942279|
2942304|
2942305|
2942306|
2942307|
2942308|
2942309|
2942310|
2942311|
2942336|
2942337|
2942338|
2942339|
2942340|
2942341|
2942342|
2942343|
2942368|
2942369|
2942370|
2942371|
2942372|
2942373|
2942374|
2942375|
2942400|
2942401|
2942402|
2942403|
2942404|
2942405|
2942406|
2942407|
2942432|
2942433|
2942434|
2942435|
2942436|
2942437|
2942438|
2942439|
2942464|
2942465|
2942466|
2942467|
2942468|
2942469|
2942470|
2942471|
2942496|
2942497|
2942498|
2942499|
2942500|
2942501|
2942502|
2942503|
2942528|
2942529|
2942530|
2942531|
2942532|
2942533|
2942534|
2942535|
2942560|
2942561|
2942562|
2942563|
2942564|
2942565|
2942566|
2942567|
2942592|
2942593|
2942594|
2942595|
2942596|
2942597|
2942598|
2942599|
2942624|
2942625|
2942626|
2942627|
2942628|
2942629|
2942630|
2942631|
2942656|
2942657|
2942658|
2942659|
2942660|
2942661|
2942662|
2942663|
2942688|
2942689|
2942690|
2942691|
2942692|
2942693|
2942694|
2942695|
2942720|
2942721|
2942722|
2942723|
2942724|
2942725|
2942726|
2942727|
2942752|
2942753|
2942754|
2942755|
2942756|
2942757|
2942758|
2942759|
2942784|
2942785|
2942786|
2942787|
2942788|
2942789|
2942790|
2942791|
2942816|
2942817|
2942818|
2942819|
2942820|
2942821|
2942822|
2942823|
2942848|
2942849|
2942850|
2942851|
2942852|
2942853|
2942854|
2942855|
2942880|
2942881|
2942882|
2942883|
2942884|
2942885|
2942886|
2942887|
2942912|
2942913|
2942914|
2942915|
2942916|
2942917|
2942918|
2942919|
2942944|
2942945|
2942946|
2942947|
2942948|
2942949|
2942950|
2942951|
2942976|
2942977|
2942978|
2942979|
2942980|
2942981|
2942982|
2942983|
2943008|
2943009|
2943010|
2943011|
2943012|
2943013|
2943014|
2943015|
2943040|
2943041|
2943042|
2943043|
2943044|
2943045|
2943046|
2943047|
2943072|
2943073|
2943074|
2943075|
2943076|
2943077|
2943078|
2943079|
2943104|
2943105|
2943106|
2943107|
2943108|
2943109|
2943110|
2943111|
2943136|
2943137|
2943138|
2943139|
2943140|
2943141|
2943142|
2943143|
2943168|
2943169|
2943170|
2943171|
2943172|
2943173|
2943174|
2943175|
2943200|
2943201|
2943202|
2943203|
2943204|
2943205|
2943206|
2943207|
2943232|
2943233|
2943234|
2943235|
2943236|
2943237|
2943238|
2943239|
2943264|
2943265|
2943266|
2943267|
2943268|
2943269|
2943270|
2943271|
2943296|
2943297|
2943298|
2943299|
2943300|
2943301|
2943302|
2943303|
2943328|
2943329|
2943330|
2943331|
2943332|
2943333|
2943334|
2943335|
2943360|
2943361|
2943362|
2943363|
2943364|
2943365|
2943366|
2943367|
2943392|
2943393|
2943394|
2943395|
2943396|
2943397|
2943398|
2943399|
2943424|
2943425|
2943426|
2943427|
2943428|
2943429|
2943430|
2943431|
2943456|
2943457|
2943458|
2943459|
2943460|
2943461|
2943462|
2943463|
2943488|
2943489|
2943490|
2943491|
2943492|
2943493|
2943494|
2943495|
2943520|
2943521|
2943522|
2943523|
2943524|
2943525|
2943526|
2943527|
2943552|
2943553|
2943554|
2943555|
2943556|
2943557|
2943558|
2943559|
2943584|
2943585|
2943586|
2943587|
2943588|
2943589|
2943590|
2943591|
2943616|
2943617|
2943618|
2943619|
2943620|
2943621|
2943622|
2943623|
2943648|
2943649|
2943650|
2943651|
2943652|
2943653|
2943654|
2943655|
2943680|
2943681|
2943682|
2943683|
2943684|
2943685|
2943686|
2943687|
2943712|
2943713|
2943714|
2943715|
2943716|
2943717|
2943718|
2943719|
2943744|
2943745|
2943746|
2943747|
2943748|
2943749|
2943750|
2943751|
2943776|
2943777|
2943778|
2943779|
2943780|
2943781|
2943782|
2943783|
2943808|
2943809|
2943810|
2943811|
2943812|
2943813|
2943814|
2943815|
2943840|
2943841|
2943842|
2943843|
2943844|
2943845|
2943846|
2943847|
2943872|
2943873|
2943874|
2943875|
2943876|
2943877|
2943878|
2943879|
2943904|
2943905|
2943906|
2943907|
2943908|
2943909|
2943910|
2943911|
2943936|
2943937|
2943938|
2943939|
2943940|
2943941|
2943942|
2943943|
2943968|
2943969|
2943970|
2943971|
2943972|
2943973|
2943974|
2943975|
2944000|
2944001|
2944002|
2944003|
2944004|
2944005|
2944006|
2944007|
2944032|
2944033|
2944034|
2944035|
2944036|
2944037|
2944038|
2944039|
2944064|
2944065|
2944066|
2944067|
2944068|
2944069|
2944070|
2944071|
2944096|
2944097|
2944098|
2944099|
2944100|
2944101|
2944102|
2944103|
2944128|
2944129|
2944130|
2944131|
2944132|
2944133|
2944134|
2944135|
2944160|
2944161|
2944162|
2944163|
2944164|
2944165|
2944166|
2944167|
2944192|
2944193|
2944194|
2944195|
2944196|
2944197|
2944198|
2944199|
2944224|
2944225|
2944226|
2944227|
2944228|
2944229|
2944230|
2944231|
2944256|
2944257|
2944258|
2944259|
2944260|
2944261|
2944262|
2944263|
2944288|
2944289|
2944290|
2944291|
2944292|
2944293|
2944294|
2944295|
2944320|
2944321|
2944322|
2944323|
2944324|
2944325|
2944326|
2944327|
2944352|
2944353|
2944354|
2944355|
2944356|
2944357|
2944358|
2944359|
2944384|
2944385|
2944386|
2944387|
2944388|
2944389|
2944390|
2944391|
2944416|
2944417|
2944418|
2944419|
2944420|
2944421|
2944422|
2944423|
2944448|
2944449|
2944450|
2944451|
2944452|
2944453|
2944454|
2944455|
2944480|
2944481|
2944482|
2944483|
2944484|
2944485|
2944486|
2944487|
2944512|
2944513|
2944514|
2944515|
2944516|
2944517|
2944518|
2944519|
2944544|
2944545|
2944546|
2944547|
2944548|
2944549|
2944550|
2944551|
2944576|
2944577|
2944578|
2944579|
2944580|
2944581|
2944582|
2944583|
2944608|
2944609|
2944610|
2944611|
2944612|
2944613|
2944614|
2944615|
2944640|
2944641|
2944642|
2944643|
2944644|
2944645|
2944646|
2944647|
2944672|
2944673|
2944674|
2944675|
2944676|
2944677|
2944678|
2944679|
2944704|
2944705|
2944706|
2944707|
2944708|
2944709|
2944710|
2944711|
2944736|
2944737|
2944738|
2944739|
2944740|
2944741|
2944742|
2944743|
2944768|
2944769|
2944770|
2944771|
2944772|
2944773|
2944774|
2944775|
2944800|
2944801|
2944802|
2944803|
2944804|
2944805|
2944806|
2944807|
2944832|
2944833|
2944834|
2944835|
2944836|
2944837|
2944838|
2944839|
2944864|
2944865|
2944866|
2944867|
2944868|
2944869|
2944870|
2944871|
2944896|
2944897|
2944898|
2944899|
2944900|
2944901|
2944902|
2944903|
2944928|
2944929|
2944930|
2944931|
2944932|
2944933|
2944934|
2944935|
2944960|
2944961|
2944962|
2944963|
2944964|
2944965|
2944966|
2944967|
2944992|
2944993|
2944994|
2944995|
2944996|
2944997|
2944998|
2944999|
2945024|
2945025|
2945026|
2945027|
2945028|
2945029|
2945030|
2945031|
2945056|
2945057|
2945058|
2945059|
2945060|
2945061|
2945062|
2945063|
2945088|
2945089|
2945090|
2945091|
2945092|
2945093|
2945094|
2945095|
2945120|
2945121|
2945122|
2945123|
2945124|
2945125|
2945126|
2945127|
2945152|
2945153|
2945154|
2945155|
2945156|
2945157|
2945158|
2945159|
2945184|
2945185|
2945186|
2945187|
2945188|
2945189|
2945190|
2945191|
2945216|
2945217|
2945218|
2945219|
2945220|
2945221|
2945222|
2945223|
2945248|
2945249|
2945250|
2945251|
2945252|
2945253|
2945254|
2945255|
2945280|
2945281|
2945282|
2945283|
2945284|
2945285|
2945286|
2945287|
2945312|
2945313|
2945314|
2945315|
2945316|
2945317|
2945318|
2945319|
2945344|
2945345|
2945346|
2945347|
2945348|
2945349|
2945350|
2945351|
2945376|
2945377|
2945378|
2945379|
2945380|
2945381|
2945382|
2945383|
2945408|
2945409|
2945410|
2945411|
2945412|
2945413|
2945414|
2945415|
2945440|
2945441|
2945442|
2945443|
2945444|
2945445|
2945446|
2945447|
2945472|
2945473|
2945474|
2945475|
2945476|
2945477|
2945478|
2945479|
2945504|
2945505|
2945506|
2945507|
2945508|
2945509|
2945510|
2945511|
2945536|
2945537|
2945538|
2945539|
2945540|
2945541|
2945542|
2945543|
2945568|
2945569|
2945570|
2945571|
2945572|
2945573|
2945574|
2945575|
2945600|
2945601|
2945602|
2945603|
2945604|
2945605|
2945606|
2945607|
2945632|
2945633|
2945634|
2945635|
2945636|
2945637|
2945638|
2945639|
2945664|
2945665|
2945666|
2945667|
2945668|
2945669|
2945670|
2945671|
2945696|
2945697|
2945698|
2945699|
2945700|
2945701|
2945702|
2945703|
2945728|
2945729|
2945730|
2945731|
2945732|
2945733|
2945734|
2945735|
2945760|
2945761|
2945762|
2945763|
2945764|
2945765|
2945766|
2945767|
2945792|
2945793|
2945794|
2945795|
2945796|
2945797|
2945798|
2945799|
2945824|
2945825|
2945826|
2945827|
2945828|
2945829|
2945830|
2945831|
2945856|
2945857|
2945858|
2945859|
2945860|
2945861|
2945862|
2945863|
2945888|
2945889|
2945890|
2945891|
2945892|
2945893|
2945894|
2945895|
2945920|
2945921|
2945922|
2945923|
2945924|
2945925|
2945926|
2945927|
2945952|
2945953|
2945954|
2945955|
2945956|
2945957|
2945958|
2945959|
2945984|
2945985|
2945986|
2945987|
2945988|
