2093989|
2093990|
2093991|
2094016|
2094017|
2094018|
2094019|
2094020|
2094021|
2094022|
2094023|
2094048|
2094049|
2094050|
2094051|
2094052|
2094053|
2094054|
2094055|
2094080|
2094081|
2094082|
2094083|
2094084|
2094085|
2094086|
2094087|
2094112|
2094113|
2094114|
2094115|
2094116|
2094117|
2094118|
2094119|
2094144|
2094145|
2094146|
2094147|
2094148|
2094149|
2094150|
2094151|
2094176|
2094177|
2094178|
2094179|
2094180|
2094181|
2094182|
2094183|
2094208|
2094209|
2094210|
2094211|
2094212|
2094213|
2094214|
2094215|
2094240|
2094241|
2094242|
2094243|
2094244|
2094245|
2094246|
2094247|
2094272|
2094273|
2094274|
2094275|
2094276|
2094277|
2094278|
2094279|
2094304|
2094305|
2094306|
2094307|
2094308|
2094309|
2094310|
2094311|
2094336|
2094337|
2094338|
2094339|
2094340|
2094341|
2094342|
2094343|
2094368|
2094369|
2094370|
2094371|
2094372|
2094373|
2094374|
2094375|
2094400|
2094401|
2094402|
2094403|
2094404|
2094405|
2094406|
2094407|
2094432|
2094433|
2094434|
2094435|
2094436|
2094437|
2094438|
2094439|
2094464|
2094465|
2094466|
2094467|
2094468|
2094469|
2094470|
2094471|
2094496|
2094497|
2094498|
2094499|
2094500|
2094501|
2094502|
2094503|
2094528|
2094529|
2094530|
2094531|
2094532|
2094533|
2094534|
2094535|
2094560|
2094561|
2094562|
2094563|
2094564|
2094565|
2094566|
2094567|
2094592|
2094593|
2094594|
2094595|
2094596|
2094597|
2094598|
2094599|
2094624|
2094625|
2094626|
2094627|
2094628|
2094629|
2094630|
2094631|
2094656|
2094657|
2094658|
2094659|
2094660|
2094661|
2094662|
2094663|
2094688|
2094689|
2094690|
2094691|
2094692|
2094693|
2094694|
2094695|
2094720|
2094721|
2094722|
2094723|
2094724|
2094725|
2094726|
2094727|
2094752|
2094753|
2094754|
2094755|
2094756|
2094757|
2094758|
2094759|
2094784|
2094785|
2094786|
2094787|
2094788|
2094789|
2094790|
2094791|
2094816|
2094817|
2094818|
2094819|
2094820|
2094821|
2094822|
2094823|
2094848|
2094849|
2094850|
2094851|
2094852|
2094853|
2094854|
2094855|
2094880|
2094881|
2094882|
2094883|
2094884|
2094885|
2094886|
2094887|
2094912|
2094913|
2094914|
2094915|
2094916|
2094917|
2094918|
2094919|
2094944|
2094945|
2094946|
2094947|
2094948|
2094949|
2094950|
2094951|
2094976|
2094977|
2094978|
2094979|
2094980|
2094981|
2094982|
2094983|
2095008|
2095009|
2095010|
2095011|
2095012|
2095013|
2095014|
2095015|
2095040|
2095041|
2095042|
2095043|
2095044|
2095045|
2095046|
2095047|
2095072|
2095073|
2095074|
2095075|
2095076|
2095077|
2095078|
2095079|
2095104|
2095105|
2095106|
2095107|
2095108|
2095109|
2095110|
2095111|
2095136|
2095137|
2095138|
2095139|
2095140|
2095141|
2095142|
2095143|
2095168|
2095169|
2095170|
2095171|
2095172|
2095173|
2095174|
2095175|
2095200|
2095201|
2095202|
2095203|
2095204|
2095205|
2095206|
2095207|
2095232|
2095233|
2095234|
2095235|
2095236|
2095237|
2095238|
2095239|
2095264|
2095265|
2095266|
2095267|
2095268|
2095269|
2095270|
2095271|
2095296|
2095297|
2095298|
2095299|
2095300|
2095301|
2095302|
2095303|
2095328|
2095329|
2095330|
2095331|
2095332|
2095333|
2095334|
2095335|
2095360|
2095361|
2095362|
2095363|
2095364|
2095365|
2095366|
2095367|
2095392|
2095393|
2095394|
2095395|
2095396|
2095397|
2095398|
2095399|
2095424|
2095425|
2095426|
2095427|
2095428|
2095429|
2095430|
2095431|
2095456|
2095457|
2095458|
2095459|
2095460|
2095461|
2095462|
2095463|
2095488|
2095489|
2095490|
2095491|
2095492|
2095493|
2095494|
2095495|
2095520|
2095521|
2095522|
2095523|
2095524|
2095525|
2095526|
2095527|
2095552|
2095553|
2095554|
2095555|
2095556|
2095557|
2095558|
2095559|
2095584|
2095585|
2095586|
2095587|
2095588|
2095589|
2095590|
2095591|
2095616|
2095617|
2095618|
2095619|
2095620|
2095621|
2095622|
2095623|
2095648|
2095649|
2095650|
2095651|
2095652|
2095653|
2095654|
2095655|
2095680|
2095681|
2095682|
2095683|
2095684|
2095685|
2095686|
2095687|
2095712|
2095713|
2095714|
2095715|
2095716|
2095717|
2095718|
2095719|
2095744|
2095745|
2095746|
2095747|
2095748|
2095749|
2095750|
2095751|
2095776|
2095777|
2095778|
2095779|
2095780|
2095781|
2095782|
2095783|
2095808|
2095809|
2095810|
2095811|
2095812|
2095813|
2095814|
2095815|
2095840|
2095841|
2095842|
2095843|
2095844|
2095845|
2095846|
2095847|
2095872|
2095873|
2095874|
2095875|
2095876|
2095877|
2095878|
2095879|
2095904|
2095905|
2095906|
2095907|
2095908|
2095909|
2095910|
2095911|
2095936|
2095937|
2095938|
2095939|
2095940|
2095941|
2095942|
2095943|
2095968|
2095969|
2095970|
2095971|
2095972|
2095973|
2095974|
2095975|
2096000|
2096001|
2096002|
2096003|
2096004|
2096005|
2096006|
2096007|
2096032|
2096033|
2096034|
2096035|
2096036|
2096037|
2096038|
2096039|
2096064|
2096065|
2096066|
2096067|
2096068|
2096069|
2096070|
2096071|
2096096|
2096097|
2096098|
2096099|
2096100|
2096101|
2096102|
2096103|
2096128|
2096129|
2096130|
2096131|
2096132|
2096133|
2096134|
2096135|
2096160|
2096161|
2096162|
2096163|
2096164|
2096165|
2096166|
2096167|
2096192|
2096193|
2096194|
2096195|
2096196|
2096197|
2096198|
2096199|
2096224|
2096225|
2096226|
2096227|
2096228|
2096229|
2096230|
2096231|
2096256|
2096257|
2096258|
2096259|
2096260|
2096261|
2096262|
2096263|
2096288|
2096289|
2096290|
2096291|
2096292|
2096293|
2096294|
2096295|
2096320|
2096321|
2096322|
2096323|
2096324|
2096325|
2096326|
2096327|
2096352|
2096353|
2096354|
2096355|
2096356|
2096357|
2096358|
2096359|
2096384|
2096385|
2096386|
2096387|
2096388|
2096389|
2096390|
2096391|
2096416|
2096417|
2096418|
2096419|
2096420|
2096421|
2096422|
2096423|
2096448|
2096449|
2096450|
2096451|
2096452|
2096453|
2096454|
2096455|
2096480|
2096481|
2096482|
2096483|
2096484|
2096485|
2096486|
2096487|
2096512|
2096513|
2096514|
2096515|
2096516|
2096517|
2096518|
2096519|
2096544|
2096545|
2096546|
2096547|
2096548|
2096549|
2096550|
2096551|
2096576|
2096577|
2096578|
2096579|
2096580|
2096581|
2096582|
2096583|
2096608|
2096609|
2096610|
2096611|
2096612|
2096613|
2096614|
2096615|
2096640|
2096641|
2096642|
2096643|
2096644|
2096645|
2096646|
2096647|
2096672|
2096673|
2096674|
2096675|
2096676|
2096677|
2096678|
2096679|
2096704|
2096705|
2096706|
2096707|
2096708|
2096709|
2096710|
2096711|
2096736|
2096737|
2096738|
2096739|
2096740|
2096741|
2096742|
2096743|
2096768|
2096769|
2096770|
2096771|
2096772|
2096773|
2096774|
2096775|
2096800|
2096801|
2096802|
2096803|
2096804|
2096805|
2096806|
2096807|
2096832|
2096833|
2096834|
2096835|
2096836|
2096837|
2096838|
2096839|
2096864|
2096865|
2096866|
2096867|
2096868|
2096869|
2096870|
2096871|
2096896|
2096897|
2096898|
2096899|
2096900|
2096901|
2096902|
2096903|
2096928|
2096929|
2096930|
2096931|
2096932|
2096933|
2096934|
2096935|
2096960|
2096961|
2096962|
2096963|
2096964|
2096965|
2096966|
2096967|
2096992|
2096993|
2096994|
2096995|
2096996|
2096997|
2096998|
2096999|
2097024|
2097025|
2097026|
2097027|
2097028|
2097029|
2097030|
2097031|
2097056|
2097057|
2097058|
2097059|
2097060|
2097061|
2097062|
2097063|
2097088|
2097089|
2097090|
2097091|
2097092|
2097093|
2097094|
2097095|
2097120|
2097121|
2097122|
2097123|
2097124|
2097125|
2097126|
2097127|
2097152|
2097153|
2097154|
2097155|
2097156|
2097157|
2097158|
2097159|
2097184|
2097185|
2097186|
2097187|
2097188|
2097189|
2097190|
2097191|
2097216|
2097217|
2097218|
2097219|
2097220|
2097221|
2097222|
2097223|
2097248|
2097249|
2097250|
2097251|
2097252|
2097253|
2097254|
2097255|
2097280|
2097281|
2097282|
2097283|
2097284|
2097285|
2097286|
2097287|
2097312|
2097313|
2097314|
2097315|
2097316|
2097317|
2097318|
2097319|
2097344|
2097345|
2097346|
2097347|
2097348|
2097349|
2097350|
2097351|
2097376|
2097377|
2097378|
2097379|
2097380|
2097381|
2097382|
2097383|
2097408|
2097409|
2097410|
2097411|
2097412|
2097413|
2097414|
2097415|
2097440|
2097441|
2097442|
2097443|
2097444|
2097445|
2097446|
2097447|
2097472|
2097473|
2097474|
2097475|
2097476|
2097477|
2097478|
2097479|
2097504|
2097505|
2097506|
2097507|
2097508|
2097509|
2097510|
2097511|
2097536|
2097537|
2097538|
2097539|
2097540|
2097541|
2097542|
2097543|
2097568|
2097569|
2097570|
2097571|
2097572|
2097573|
2097574|
2097575|
2097600|
2097601|
2097602|
2097603|
2097604|
2097605|
2097606|
2097607|
2097632|
2097633|
2097634|
2097635|
2097636|
2097637|
2097638|
2097639|
2097664|
2097665|
2097666|
2097667|
2097668|
2097669|
2097670|
2097671|
2097696|
2097697|
2097698|
2097699|
2097700|
2097701|
2097702|
2097703|
2097728|
2097729|
2097730|
2097731|
2097732|
2097733|
2097734|
2097735|
2097760|
2097761|
2097762|
2097763|
2097764|
2097765|
2097766|
2097767|
2097792|
2097793|
2097794|
2097795|
2097796|
2097797|
2097798|
2097799|
2097824|
2097825|
2097826|
2097827|
2097828|
2097829|
2097830|
2097831|
2097856|
2097857|
2097858|
2097859|
2097860|
2097861|
2097862|
2097863|
2097888|
2097889|
2097890|
2097891|
2097892|
2097893|
2097894|
2097895|
2097920|
2097921|
2097922|
2097923|
2097924|
2097925|
2097926|
2097927|
2097952|
2097953|
2097954|
2097955|
2097956|
2097957|
2097958|
2097959|
2097984|
2097985|
2097986|
2097987|
2097988|
2097989|
2097990|
2097991|
2098016|
2098017|
2098018|
2098019|
2098020|
2098021|
2098022|
2098023|
2098048|
2098049|
2098050|
2098051|
2098052|
2098053|
2098054|
2098055|
2098080|
2098081|
2098082|
2098083|
2098084|
2098085|
2098086|
2098087|
2098112|
2098113|
2098114|
2098115|
2098116|
2098117|
2098118|
2098119|
2098144|
2098145|
2098146|
2098147|
2098148|
2098149|
2098150|
2098151|
2098176|
2098177|
2098178|
2098179|
2098180|
2098181|
2098182|
2098183|
2098208|
2098209|
2098210|
2098211|
2098212|
2098213|
2098214|
2098215|
2098240|
2098241|
2098242|
2098243|
2098244|
2098245|
2098246|
2098247|
2098272|
2098273|
2098274|
2098275|
2098276|
2098277|
2098278|
2098279|
2098304|
2098305|
2098306|
2098307|
2098308|
2098309|
2098310|
2098311|
2098336|
2098337|
2098338|
2098339|
2098340|
2098341|
2098342|
2098343|
2098368|
2098369|
2098370|
2098371|
2098372|
2098373|
2098374|
2098375|
2098400|
2098401|
2098402|
2098403|
2098404|
2098405|
2098406|
2098407|
2098432|
2098433|
2098434|
2098435|
2098436|
2098437|
2098438|
2098439|
2098464|
2098465|
2098466|
2098467|
2098468|
2098469|
2098470|
2098471|
2098496|
2098497|
2098498|
2098499|
2098500|
2098501|
2098502|
2098503|
2098528|
2098529|
2098530|
2098531|
2098532|
2098533|
2098534|
2098535|
2098560|
2098561|
2098562|
2098563|
2098564|
2098565|
2098566|
2098567|
2098592|
2098593|
2098594|
2098595|
2098596|
2098597|
2098598|
2098599|
2098624|
2098625|
2098626|
2098627|
2098628|
2098629|
2098630|
2098631|
2098656|
2098657|
2098658|
2098659|
2098660|
2098661|
2098662|
2098663|
2098688|
2098689|
2098690|
2098691|
2098692|
2098693|
2098694|
2098695|
2098720|
2098721|
2098722|
2098723|
2098724|
2098725|
2098726|
2098727|
2098752|
2098753|
2098754|
2098755|
2098756|
2098757|
2098758|
2098759|
2098784|
2098785|
2098786|
2098787|
2098788|
2098789|
2098790|
2098791|
2098816|
2098817|
2098818|
2098819|
2098820|
2098821|
2098822|
2098823|
2098848|
2098849|
2098850|
2098851|
2098852|
2098853|
2098854|
2098855|
2098880|
2098881|
2098882|
2098883|
2098884|
2098885|
2098886|
2098887|
2098912|
2098913|
2098914|
2098915|
2098916|
2098917|
2098918|
2098919|
2098944|
2098945|
2098946|
2098947|
2098948|
2098949|
2098950|
2098951|
2098976|
2098977|
2098978|
2098979|
2098980|
2098981|
2098982|
2098983|
2099008|
2099009|
2099010|
2099011|
2099012|
2099013|
2099014|
2099015|
2099040|
2099041|
2099042|
2099043|
2099044|
2099045|
2099046|
2099047|
2099072|
2099073|
2099074|
2099075|
2099076|
2099077|
2099078|
2099079|
2099104|
2099105|
2099106|
2099107|
2099108|
2099109|
2099110|
2099111|
2099136|
2099137|
2099138|
2099139|
2099140|
2099141|
2099142|
2099143|
2099168|
2099169|
2099170|
2099171|
2099172|
2099173|
2099174|
2099175|
2099200|
2099201|
2099202|
2099203|
2099204|
2099205|
2099206|
2099207|
2099232|
2099233|
2099234|
2099235|
2099236|
2099237|
2099238|
2099239|
2099264|
2099265|
2099266|
2099267|
2099268|
2099269|
2099270|
2099271|
2099296|
2099297|
2099298|
2099299|
2099300|
2099301|
2099302|
2099303|
2099328|
2099329|
2099330|
2099331|
2099332|
2099333|
2099334|
2099335|
2099360|
2099361|
2099362|
2099363|
2099364|
2099365|
2099366|
2099367|
2099392|
2099393|
2099394|
2099395|
2099396|
2099397|
2099398|
2099399|
2099424|
2099425|
2099426|
2099427|
2099428|
2099429|
2099430|
2099431|
2099456|
2099457|
2099458|
2099459|
2099460|
2099461|
2099462|
2099463|
2099488|
2099489|
2099490|
2099491|
2099492|
2099493|
2099494|
2099495|
2099520|
2099521|
2099522|
2099523|
2099524|
2099525|
2099526|
2099527|
2099552|
2099553|
2099554|
2099555|
2099556|
2099557|
2099558|
2099559|
2099584|
2099585|
2099586|
2099587|
2099588|
2099589|
2099590|
2099591|
2099616|
2099617|
2099618|
2099619|
2099620|
2099621|
2099622|
2099623|
2099648|
2099649|
2099650|
2099651|
2099652|
2099653|
2099654|
2099655|
2099680|
2099681|
2099682|
2099683|
2099684|
2099685|
2099686|
2099687|
2099712|
2099713|
2099714|
2099715|
2099716|
2099717|
2099718|
2099719|
2099744|
2099745|
2099746|
2099747|
2099748|
2099749|
2099750|
2099751|
2099776|
2099777|
2099778|
2099779|
2099780|
2099781|
2099782|
2099783|
2099808|
2099809|
2099810|
2099811|
2099812|
2099813|
2099814|
2099815|
2099840|
2099841|
2099842|
2099843|
2099844|
2099845|
2099846|
2099847|
2099872|
2099873|
2099874|
2099875|
2099876|
2099877|
2099878|
2099879|
2099904|
2099905|
2099906|
2099907|
2099908|
2099909|
2099910|
2099911|
2099936|
2099937|
2099938|
2099939|
2099940|
2099941|
2099942|
2099943|
2099968|
2099969|
2099970|
2099971|
2099972|
2099973|
2099974|
2099975|
2100000|
