2616001|
2616002|
2616003|
2616004|
2616005|
2616006|
2616007|
2616032|
2616033|
2616034|
2616035|
2616036|
2616037|
2616038|
2616039|
2616064|
2616065|
2616066|
2616067|
2616068|
2616069|
2616070|
2616071|
2616096|
2616097|
2616098|
2616099|
2616100|
2616101|
2616102|
2616103|
2616128|
2616129|
2616130|
2616131|
2616132|
2616133|
2616134|
2616135|
2616160|
2616161|
2616162|
2616163|
2616164|
2616165|
2616166|
2616167|
2616192|
2616193|
2616194|
2616195|
2616196|
2616197|
2616198|
2616199|
2616224|
2616225|
2616226|
2616227|
2616228|
2616229|
2616230|
2616231|
2616256|
2616257|
2616258|
2616259|
2616260|
2616261|
2616262|
2616263|
2616288|
2616289|
2616290|
2616291|
2616292|
2616293|
2616294|
2616295|
2616320|
2616321|
2616322|
2616323|
2616324|
2616325|
2616326|
2616327|
2616352|
2616353|
2616354|
2616355|
2616356|
2616357|
2616358|
2616359|
2616384|
2616385|
2616386|
2616387|
2616388|
2616389|
2616390|
2616391|
2616416|
2616417|
2616418|
2616419|
2616420|
2616421|
2616422|
2616423|
2616448|
2616449|
2616450|
2616451|
2616452|
2616453|
2616454|
2616455|
2616480|
2616481|
2616482|
2616483|
2616484|
2616485|
2616486|
2616487|
2616512|
2616513|
2616514|
2616515|
2616516|
2616517|
2616518|
2616519|
2616544|
2616545|
2616546|
2616547|
2616548|
2616549|
2616550|
2616551|
2616576|
2616577|
2616578|
2616579|
2616580|
2616581|
2616582|
2616583|
2616608|
2616609|
2616610|
2616611|
2616612|
2616613|
2616614|
2616615|
2616640|
2616641|
2616642|
2616643|
2616644|
2616645|
2616646|
2616647|
2616672|
2616673|
2616674|
2616675|
2616676|
2616677|
2616678|
2616679|
2616704|
2616705|
2616706|
2616707|
2616708|
2616709|
2616710|
2616711|
2616736|
2616737|
2616738|
2616739|
2616740|
2616741|
2616742|
2616743|
2616768|
2616769|
2616770|
2616771|
2616772|
2616773|
2616774|
2616775|
2616800|
2616801|
2616802|
2616803|
2616804|
2616805|
2616806|
2616807|
2616832|
2616833|
2616834|
2616835|
2616836|
2616837|
2616838|
2616839|
2616864|
2616865|
2616866|
2616867|
2616868|
2616869|
2616870|
2616871|
2616896|
2616897|
2616898|
2616899|
2616900|
2616901|
2616902|
2616903|
2616928|
2616929|
2616930|
2616931|
2616932|
2616933|
2616934|
2616935|
2616960|
2616961|
2616962|
2616963|
2616964|
2616965|
2616966|
2616967|
2616992|
2616993|
2616994|
2616995|
2616996|
2616997|
2616998|
2616999|
2617024|
2617025|
2617026|
2617027|
2617028|
2617029|
2617030|
2617031|
2617056|
2617057|
2617058|
2617059|
2617060|
2617061|
2617062|
2617063|
2617088|
2617089|
2617090|
2617091|
2617092|
2617093|
2617094|
2617095|
2617120|
2617121|
2617122|
2617123|
2617124|
2617125|
2617126|
2617127|
2617152|
2617153|
2617154|
2617155|
2617156|
2617157|
2617158|
2617159|
2617184|
2617185|
2617186|
2617187|
2617188|
2617189|
2617190|
2617191|
2617216|
2617217|
2617218|
2617219|
2617220|
2617221|
2617222|
2617223|
2617248|
2617249|
2617250|
2617251|
2617252|
2617253|
2617254|
2617255|
2617280|
2617281|
2617282|
2617283|
2617284|
2617285|
2617286|
2617287|
2617312|
2617313|
2617314|
2617315|
2617316|
2617317|
2617318|
2617319|
2617344|
2617345|
2617346|
2617347|
2617348|
2617349|
2617350|
2617351|
2617376|
2617377|
2617378|
2617379|
2617380|
2617381|
2617382|
2617383|
2617408|
2617409|
2617410|
2617411|
2617412|
2617413|
2617414|
2617415|
2617440|
2617441|
2617442|
2617443|
2617444|
2617445|
2617446|
2617447|
2617472|
2617473|
2617474|
2617475|
2617476|
2617477|
2617478|
2617479|
2617504|
2617505|
2617506|
2617507|
2617508|
2617509|
2617510|
2617511|
2617536|
2617537|
2617538|
2617539|
2617540|
2617541|
2617542|
2617543|
2617568|
2617569|
2617570|
2617571|
2617572|
2617573|
2617574|
2617575|
2617600|
2617601|
2617602|
2617603|
2617604|
2617605|
2617606|
2617607|
2617632|
2617633|
2617634|
2617635|
2617636|
2617637|
2617638|
2617639|
2617664|
2617665|
2617666|
2617667|
2617668|
2617669|
2617670|
2617671|
2617696|
2617697|
2617698|
2617699|
2617700|
2617701|
2617702|
2617703|
2617728|
2617729|
2617730|
2617731|
2617732|
2617733|
2617734|
2617735|
2617760|
2617761|
2617762|
2617763|
2617764|
2617765|
2617766|
2617767|
2617792|
2617793|
2617794|
2617795|
2617796|
2617797|
2617798|
2617799|
2617824|
2617825|
2617826|
2617827|
2617828|
2617829|
2617830|
2617831|
2617856|
2617857|
2617858|
2617859|
2617860|
2617861|
2617862|
2617863|
2617888|
2617889|
2617890|
2617891|
2617892|
2617893|
2617894|
2617895|
2617920|
2617921|
2617922|
2617923|
2617924|
2617925|
2617926|
2617927|
2617952|
2617953|
2617954|
2617955|
2617956|
2617957|
2617958|
2617959|
2617984|
2617985|
2617986|
2617987|
2617988|
2617989|
2617990|
2617991|
2618016|
2618017|
2618018|
2618019|
2618020|
2618021|
2618022|
2618023|
2618048|
2618049|
2618050|
2618051|
2618052|
2618053|
2618054|
2618055|
2618080|
2618081|
2618082|
2618083|
2618084|
2618085|
2618086|
2618087|
2618112|
2618113|
2618114|
2618115|
2618116|
2618117|
2618118|
2618119|
2618144|
2618145|
2618146|
2618147|
2618148|
2618149|
2618150|
2618151|
2618176|
2618177|
2618178|
2618179|
2618180|
2618181|
2618182|
2618183|
2618208|
2618209|
2618210|
2618211|
2618212|
2618213|
2618214|
2618215|
2618240|
2618241|
2618242|
2618243|
2618244|
2618245|
2618246|
2618247|
2618272|
2618273|
2618274|
2618275|
2618276|
2618277|
2618278|
2618279|
2618304|
2618305|
2618306|
2618307|
2618308|
2618309|
2618310|
2618311|
2618336|
2618337|
2618338|
2618339|
2618340|
2618341|
2618342|
2618343|
2618368|
2618369|
2618370|
2618371|
2618372|
2618373|
2618374|
2618375|
2618400|
2618401|
2618402|
2618403|
2618404|
2618405|
2618406|
2618407|
2618432|
2618433|
2618434|
2618435|
2618436|
2618437|
2618438|
2618439|
2618464|
2618465|
2618466|
2618467|
2618468|
2618469|
2618470|
2618471|
2618496|
2618497|
2618498|
2618499|
2618500|
2618501|
2618502|
2618503|
2618528|
2618529|
2618530|
2618531|
2618532|
2618533|
2618534|
2618535|
2618560|
2618561|
2618562|
2618563|
2618564|
2618565|
2618566|
2618567|
2618592|
2618593|
2618594|
2618595|
2618596|
2618597|
2618598|
2618599|
2618624|
2618625|
2618626|
2618627|
2618628|
2618629|
2618630|
2618631|
2618656|
2618657|
2618658|
2618659|
2618660|
2618661|
2618662|
2618663|
2618688|
2618689|
2618690|
2618691|
2618692|
2618693|
2618694|
2618695|
2618720|
2618721|
2618722|
2618723|
2618724|
2618725|
2618726|
2618727|
2618752|
2618753|
2618754|
2618755|
2618756|
2618757|
2618758|
2618759|
2618784|
2618785|
2618786|
2618787|
2618788|
2618789|
2618790|
2618791|
2618816|
2618817|
2618818|
2618819|
2618820|
2618821|
2618822|
2618823|
2618848|
2618849|
2618850|
2618851|
2618852|
2618853|
2618854|
2618855|
2618880|
2618881|
2618882|
2618883|
2618884|
2618885|
2618886|
2618887|
2618912|
2618913|
2618914|
2618915|
2618916|
2618917|
2618918|
2618919|
2618944|
2618945|
2618946|
2618947|
2618948|
2618949|
2618950|
2618951|
2618976|
2618977|
2618978|
2618979|
2618980|
2618981|
2618982|
2618983|
2619008|
2619009|
2619010|
2619011|
2619012|
2619013|
2619014|
2619015|
2619040|
2619041|
2619042|
2619043|
2619044|
2619045|
2619046|
2619047|
2619072|
2619073|
2619074|
2619075|
2619076|
2619077|
2619078|
2619079|
2619104|
2619105|
2619106|
2619107|
2619108|
2619109|
2619110|
2619111|
2619136|
2619137|
2619138|
2619139|
2619140|
2619141|
2619142|
2619143|
2619168|
2619169|
2619170|
2619171|
2619172|
2619173|
2619174|
2619175|
2619200|
2619201|
2619202|
2619203|
2619204|
2619205|
2619206|
2619207|
2619232|
2619233|
2619234|
2619235|
2619236|
2619237|
2619238|
2619239|
2619264|
2619265|
2619266|
2619267|
2619268|
2619269|
2619270|
2619271|
2619296|
2619297|
2619298|
2619299|
2619300|
2619301|
2619302|
2619303|
2619328|
2619329|
2619330|
2619331|
2619332|
2619333|
2619334|
2619335|
2619360|
2619361|
2619362|
2619363|
2619364|
2619365|
2619366|
2619367|
2619392|
2619393|
2619394|
2619395|
2619396|
2619397|
2619398|
2619399|
2619424|
2619425|
2619426|
2619427|
2619428|
2619429|
2619430|
2619431|
2619456|
2619457|
2619458|
2619459|
2619460|
2619461|
2619462|
2619463|
2619488|
2619489|
2619490|
2619491|
2619492|
2619493|
2619494|
2619495|
2619520|
2619521|
2619522|
2619523|
2619524|
2619525|
2619526|
2619527|
2619552|
2619553|
2619554|
2619555|
2619556|
2619557|
2619558|
2619559|
2619584|
2619585|
2619586|
2619587|
2619588|
2619589|
2619590|
2619591|
2619616|
2619617|
2619618|
2619619|
2619620|
2619621|
2619622|
2619623|
2619648|
2619649|
2619650|
2619651|
2619652|
2619653|
2619654|
2619655|
2619680|
2619681|
2619682|
2619683|
2619684|
2619685|
2619686|
2619687|
2619712|
2619713|
2619714|
2619715|
2619716|
2619717|
2619718|
2619719|
2619744|
2619745|
2619746|
2619747|
2619748|
2619749|
2619750|
2619751|
2619776|
2619777|
2619778|
2619779|
2619780|
2619781|
2619782|
2619783|
2619808|
2619809|
2619810|
2619811|
2619812|
2619813|
2619814|
2619815|
2619840|
2619841|
2619842|
2619843|
2619844|
2619845|
2619846|
2619847|
2619872|
2619873|
2619874|
2619875|
2619876|
2619877|
2619878|
2619879|
2619904|
2619905|
2619906|
2619907|
2619908|
2619909|
2619910|
2619911|
2619936|
2619937|
2619938|
2619939|
2619940|
2619941|
2619942|
2619943|
2619968|
2619969|
2619970|
2619971|
2619972|
2619973|
2619974|
2619975|
2620000|
2620001|
2620002|
2620003|
2620004|
2620005|
2620006|
2620007|
2620032|
2620033|
2620034|
2620035|
2620036|
2620037|
2620038|
2620039|
2620064|
2620065|
2620066|
2620067|
2620068|
2620069|
2620070|
2620071|
2620096|
2620097|
2620098|
2620099|
2620100|
2620101|
2620102|
2620103|
2620128|
2620129|
2620130|
2620131|
2620132|
2620133|
2620134|
2620135|
2620160|
2620161|
2620162|
2620163|
2620164|
2620165|
2620166|
2620167|
2620192|
2620193|
2620194|
2620195|
2620196|
2620197|
2620198|
2620199|
2620224|
2620225|
2620226|
2620227|
2620228|
2620229|
2620230|
2620231|
2620256|
2620257|
2620258|
2620259|
2620260|
2620261|
2620262|
2620263|
2620288|
2620289|
2620290|
2620291|
2620292|
2620293|
2620294|
2620295|
2620320|
2620321|
2620322|
2620323|
2620324|
2620325|
2620326|
2620327|
2620352|
2620353|
2620354|
2620355|
2620356|
2620357|
2620358|
2620359|
2620384|
2620385|
2620386|
2620387|
2620388|
2620389|
2620390|
2620391|
2620416|
2620417|
2620418|
2620419|
2620420|
2620421|
2620422|
2620423|
2620448|
2620449|
2620450|
2620451|
2620452|
2620453|
2620454|
2620455|
2620480|
2620481|
2620482|
2620483|
2620484|
2620485|
2620486|
2620487|
2620512|
2620513|
2620514|
2620515|
2620516|
2620517|
2620518|
2620519|
2620544|
2620545|
2620546|
2620547|
2620548|
2620549|
2620550|
2620551|
2620576|
2620577|
2620578|
2620579|
2620580|
2620581|
2620582|
2620583|
2620608|
2620609|
2620610|
2620611|
2620612|
2620613|
2620614|
2620615|
2620640|
2620641|
2620642|
2620643|
2620644|
2620645|
2620646|
2620647|
2620672|
2620673|
2620674|
2620675|
2620676|
2620677|
2620678|
2620679|
2620704|
2620705|
2620706|
2620707|
2620708|
2620709|
2620710|
2620711|
2620736|
2620737|
2620738|
2620739|
2620740|
2620741|
2620742|
2620743|
2620768|
2620769|
2620770|
2620771|
2620772|
2620773|
2620774|
2620775|
2620800|
2620801|
2620802|
2620803|
2620804|
2620805|
2620806|
2620807|
2620832|
2620833|
2620834|
2620835|
2620836|
2620837|
2620838|
2620839|
2620864|
2620865|
2620866|
2620867|
2620868|
2620869|
2620870|
2620871|
2620896|
2620897|
2620898|
2620899|
2620900|
2620901|
2620902|
2620903|
2620928|
2620929|
2620930|
2620931|
2620932|
2620933|
2620934|
2620935|
2620960|
2620961|
2620962|
2620963|
2620964|
2620965|
2620966|
2620967|
2620992|
2620993|
2620994|
2620995|
2620996|
2620997|
2620998|
2620999|
2621024|
2621025|
2621026|
2621027|
2621028|
2621029|
2621030|
2621031|
2621056|
2621057|
2621058|
2621059|
2621060|
2621061|
2621062|
2621063|
2621088|
2621089|
2621090|
2621091|
2621092|
2621093|
2621094|
2621095|
2621120|
2621121|
2621122|
2621123|
2621124|
2621125|
2621126|
2621127|
2621152|
2621153|
2621154|
2621155|
2621156|
2621157|
2621158|
2621159|
2621184|
2621185|
2621186|
2621187|
2621188|
2621189|
2621190|
2621191|
2621216|
2621217|
2621218|
2621219|
2621220|
2621221|
2621222|
2621223|
2621248|
2621249|
2621250|
2621251|
2621252|
2621253|
2621254|
2621255|
2621280|
2621281|
2621282|
2621283|
2621284|
2621285|
2621286|
2621287|
2621312|
2621313|
2621314|
2621315|
2621316|
2621317|
2621318|
2621319|
2621344|
2621345|
2621346|
2621347|
2621348|
2621349|
2621350|
2621351|
2621376|
2621377|
2621378|
2621379|
2621380|
2621381|
2621382|
2621383|
2621408|
2621409|
2621410|
2621411|
2621412|
2621413|
2621414|
2621415|
2621440|
2621441|
2621442|
2621443|
2621444|
2621445|
2621446|
2621447|
2621472|
2621473|
2621474|
2621475|
2621476|
2621477|
2621478|
2621479|
2621504|
2621505|
2621506|
2621507|
2621508|
2621509|
2621510|
2621511|
2621536|
2621537|
2621538|
2621539|
2621540|
2621541|
2621542|
2621543|
2621568|
2621569|
2621570|
2621571|
2621572|
2621573|
2621574|
2621575|
2621600|
2621601|
2621602|
2621603|
2621604|
2621605|
2621606|
2621607|
2621632|
2621633|
2621634|
2621635|
2621636|
2621637|
2621638|
2621639|
2621664|
2621665|
2621666|
2621667|
2621668|
2621669|
2621670|
2621671|
2621696|
2621697|
2621698|
2621699|
2621700|
2621701|
2621702|
2621703|
2621728|
2621729|
2621730|
2621731|
2621732|
2621733|
2621734|
2621735|
2621760|
2621761|
2621762|
2621763|
2621764|
2621765|
2621766|
2621767|
2621792|
2621793|
2621794|
2621795|
2621796|
2621797|
2621798|
2621799|
2621824|
2621825|
2621826|
2621827|
2621828|
2621829|
2621830|
2621831|
2621856|
2621857|
2621858|
2621859|
2621860|
2621861|
2621862|
2621863|
2621888|
2621889|
2621890|
2621891|
2621892|
2621893|
2621894|
2621895|
2621920|
2621921|
2621922|
2621923|
2621924|
2621925|
2621926|
2621927|
2621952|
2621953|
2621954|
2621955|
2621956|
2621957|
2621958|
2621959|
2621984|
2621985|
2621986|
2621987|
2621988|
