2573989|
2573990|
2573991|
2574016|
2574017|
2574018|
2574019|
2574020|
2574021|
2574022|
2574023|
2574048|
2574049|
2574050|
2574051|
2574052|
2574053|
2574054|
2574055|
2574080|
2574081|
2574082|
2574083|
2574084|
2574085|
2574086|
2574087|
2574112|
2574113|
2574114|
2574115|
2574116|
2574117|
2574118|
2574119|
2574144|
2574145|
2574146|
2574147|
2574148|
2574149|
2574150|
2574151|
2574176|
2574177|
2574178|
2574179|
2574180|
2574181|
2574182|
2574183|
2574208|
2574209|
2574210|
2574211|
2574212|
2574213|
2574214|
2574215|
2574240|
2574241|
2574242|
2574243|
2574244|
2574245|
2574246|
2574247|
2574272|
2574273|
2574274|
2574275|
2574276|
2574277|
2574278|
2574279|
2574304|
2574305|
2574306|
2574307|
2574308|
2574309|
2574310|
2574311|
2574336|
2574337|
2574338|
2574339|
2574340|
2574341|
2574342|
2574343|
2574368|
2574369|
2574370|
2574371|
2574372|
2574373|
2574374|
2574375|
2574400|
2574401|
2574402|
2574403|
2574404|
2574405|
2574406|
2574407|
2574432|
2574433|
2574434|
2574435|
2574436|
2574437|
2574438|
2574439|
2574464|
2574465|
2574466|
2574467|
2574468|
2574469|
2574470|
2574471|
2574496|
2574497|
2574498|
2574499|
2574500|
2574501|
2574502|
2574503|
2574528|
2574529|
2574530|
2574531|
2574532|
2574533|
2574534|
2574535|
2574560|
2574561|
2574562|
2574563|
2574564|
2574565|
2574566|
2574567|
2574592|
2574593|
2574594|
2574595|
2574596|
2574597|
2574598|
2574599|
2574624|
2574625|
2574626|
2574627|
2574628|
2574629|
2574630|
2574631|
2574656|
2574657|
2574658|
2574659|
2574660|
2574661|
2574662|
2574663|
2574688|
2574689|
2574690|
2574691|
2574692|
2574693|
2574694|
2574695|
2574720|
2574721|
2574722|
2574723|
2574724|
2574725|
2574726|
2574727|
2574752|
2574753|
2574754|
2574755|
2574756|
2574757|
2574758|
2574759|
2574784|
2574785|
2574786|
2574787|
2574788|
2574789|
2574790|
2574791|
2574816|
2574817|
2574818|
2574819|
2574820|
2574821|
2574822|
2574823|
2574848|
2574849|
2574850|
2574851|
2574852|
2574853|
2574854|
2574855|
2574880|
2574881|
2574882|
2574883|
2574884|
2574885|
2574886|
2574887|
2574912|
2574913|
2574914|
2574915|
2574916|
2574917|
2574918|
2574919|
2574944|
2574945|
2574946|
2574947|
2574948|
2574949|
2574950|
2574951|
2574976|
2574977|
2574978|
2574979|
2574980|
2574981|
2574982|
2574983|
2575008|
2575009|
2575010|
2575011|
2575012|
2575013|
2575014|
2575015|
2575040|
2575041|
2575042|
2575043|
2575044|
2575045|
2575046|
2575047|
2575072|
2575073|
2575074|
2575075|
2575076|
2575077|
2575078|
2575079|
2575104|
2575105|
2575106|
2575107|
2575108|
2575109|
2575110|
2575111|
2575136|
2575137|
2575138|
2575139|
2575140|
2575141|
2575142|
2575143|
2575168|
2575169|
2575170|
2575171|
2575172|
2575173|
2575174|
2575175|
2575200|
2575201|
2575202|
2575203|
2575204|
2575205|
2575206|
2575207|
2575232|
2575233|
2575234|
2575235|
2575236|
2575237|
2575238|
2575239|
2575264|
2575265|
2575266|
2575267|
2575268|
2575269|
2575270|
2575271|
2575296|
2575297|
2575298|
2575299|
2575300|
2575301|
2575302|
2575303|
2575328|
2575329|
2575330|
2575331|
2575332|
2575333|
2575334|
2575335|
2575360|
2575361|
2575362|
2575363|
2575364|
2575365|
2575366|
2575367|
2575392|
2575393|
2575394|
2575395|
2575396|
2575397|
2575398|
2575399|
2575424|
2575425|
2575426|
2575427|
2575428|
2575429|
2575430|
2575431|
2575456|
2575457|
2575458|
2575459|
2575460|
2575461|
2575462|
2575463|
2575488|
2575489|
2575490|
2575491|
2575492|
2575493|
2575494|
2575495|
2575520|
2575521|
2575522|
2575523|
2575524|
2575525|
2575526|
2575527|
2575552|
2575553|
2575554|
2575555|
2575556|
2575557|
2575558|
2575559|
2575584|
2575585|
2575586|
2575587|
2575588|
2575589|
2575590|
2575591|
2575616|
2575617|
2575618|
2575619|
2575620|
2575621|
2575622|
2575623|
2575648|
2575649|
2575650|
2575651|
2575652|
2575653|
2575654|
2575655|
2575680|
2575681|
2575682|
2575683|
2575684|
2575685|
2575686|
2575687|
2575712|
2575713|
2575714|
2575715|
2575716|
2575717|
2575718|
2575719|
2575744|
2575745|
2575746|
2575747|
2575748|
2575749|
2575750|
2575751|
2575776|
2575777|
2575778|
2575779|
2575780|
2575781|
2575782|
2575783|
2575808|
2575809|
2575810|
2575811|
2575812|
2575813|
2575814|
2575815|
2575840|
2575841|
2575842|
2575843|
2575844|
2575845|
2575846|
2575847|
2575872|
2575873|
2575874|
2575875|
2575876|
2575877|
2575878|
2575879|
2575904|
2575905|
2575906|
2575907|
2575908|
2575909|
2575910|
2575911|
2575936|
2575937|
2575938|
2575939|
2575940|
2575941|
2575942|
2575943|
2575968|
2575969|
2575970|
2575971|
2575972|
2575973|
2575974|
2575975|
2576000|
2576001|
2576002|
2576003|
2576004|
2576005|
2576006|
2576007|
2576032|
2576033|
2576034|
2576035|
2576036|
2576037|
2576038|
2576039|
2576064|
2576065|
2576066|
2576067|
2576068|
2576069|
2576070|
2576071|
2576096|
2576097|
2576098|
2576099|
2576100|
2576101|
2576102|
2576103|
2576128|
2576129|
2576130|
2576131|
2576132|
2576133|
2576134|
2576135|
2576160|
2576161|
2576162|
2576163|
2576164|
2576165|
2576166|
2576167|
2576192|
2576193|
2576194|
2576195|
2576196|
2576197|
2576198|
2576199|
2576224|
2576225|
2576226|
2576227|
2576228|
2576229|
2576230|
2576231|
2576256|
2576257|
2576258|
2576259|
2576260|
2576261|
2576262|
2576263|
2576288|
2576289|
2576290|
2576291|
2576292|
2576293|
2576294|
2576295|
2576320|
2576321|
2576322|
2576323|
2576324|
2576325|
2576326|
2576327|
2576352|
2576353|
2576354|
2576355|
2576356|
2576357|
2576358|
2576359|
2576384|
2576385|
2576386|
2576387|
2576388|
2576389|
2576390|
2576391|
2576416|
2576417|
2576418|
2576419|
2576420|
2576421|
2576422|
2576423|
2576448|
2576449|
2576450|
2576451|
2576452|
2576453|
2576454|
2576455|
2576480|
2576481|
2576482|
2576483|
2576484|
2576485|
2576486|
2576487|
2576512|
2576513|
2576514|
2576515|
2576516|
2576517|
2576518|
2576519|
2576544|
2576545|
2576546|
2576547|
2576548|
2576549|
2576550|
2576551|
2576576|
2576577|
2576578|
2576579|
2576580|
2576581|
2576582|
2576583|
2576608|
2576609|
2576610|
2576611|
2576612|
2576613|
2576614|
2576615|
2576640|
2576641|
2576642|
2576643|
2576644|
2576645|
2576646|
2576647|
2576672|
2576673|
2576674|
2576675|
2576676|
2576677|
2576678|
2576679|
2576704|
2576705|
2576706|
2576707|
2576708|
2576709|
2576710|
2576711|
2576736|
2576737|
2576738|
2576739|
2576740|
2576741|
2576742|
2576743|
2576768|
2576769|
2576770|
2576771|
2576772|
2576773|
2576774|
2576775|
2576800|
2576801|
2576802|
2576803|
2576804|
2576805|
2576806|
2576807|
2576832|
2576833|
2576834|
2576835|
2576836|
2576837|
2576838|
2576839|
2576864|
2576865|
2576866|
2576867|
2576868|
2576869|
2576870|
2576871|
2576896|
2576897|
2576898|
2576899|
2576900|
2576901|
2576902|
2576903|
2576928|
2576929|
2576930|
2576931|
2576932|
2576933|
2576934|
2576935|
2576960|
2576961|
2576962|
2576963|
2576964|
2576965|
2576966|
2576967|
2576992|
2576993|
2576994|
2576995|
2576996|
2576997|
2576998|
2576999|
2577024|
2577025|
2577026|
2577027|
2577028|
2577029|
2577030|
2577031|
2577056|
2577057|
2577058|
2577059|
2577060|
2577061|
2577062|
2577063|
2577088|
2577089|
2577090|
2577091|
2577092|
2577093|
2577094|
2577095|
2577120|
2577121|
2577122|
2577123|
2577124|
2577125|
2577126|
2577127|
2577152|
2577153|
2577154|
2577155|
2577156|
2577157|
2577158|
2577159|
2577184|
2577185|
2577186|
2577187|
2577188|
2577189|
2577190|
2577191|
2577216|
2577217|
2577218|
2577219|
2577220|
2577221|
2577222|
2577223|
2577248|
2577249|
2577250|
2577251|
2577252|
2577253|
2577254|
2577255|
2577280|
2577281|
2577282|
2577283|
2577284|
2577285|
2577286|
2577287|
2577312|
2577313|
2577314|
2577315|
2577316|
2577317|
2577318|
2577319|
2577344|
2577345|
2577346|
2577347|
2577348|
2577349|
2577350|
2577351|
2577376|
2577377|
2577378|
2577379|
2577380|
2577381|
2577382|
2577383|
2577408|
2577409|
2577410|
2577411|
2577412|
2577413|
2577414|
2577415|
2577440|
2577441|
2577442|
2577443|
2577444|
2577445|
2577446|
2577447|
2577472|
2577473|
2577474|
2577475|
2577476|
2577477|
2577478|
2577479|
2577504|
2577505|
2577506|
2577507|
2577508|
2577509|
2577510|
2577511|
2577536|
2577537|
2577538|
2577539|
2577540|
2577541|
2577542|
2577543|
2577568|
2577569|
2577570|
2577571|
2577572|
2577573|
2577574|
2577575|
2577600|
2577601|
2577602|
2577603|
2577604|
2577605|
2577606|
2577607|
2577632|
2577633|
2577634|
2577635|
2577636|
2577637|
2577638|
2577639|
2577664|
2577665|
2577666|
2577667|
2577668|
2577669|
2577670|
2577671|
2577696|
2577697|
2577698|
2577699|
2577700|
2577701|
2577702|
2577703|
2577728|
2577729|
2577730|
2577731|
2577732|
2577733|
2577734|
2577735|
2577760|
2577761|
2577762|
2577763|
2577764|
2577765|
2577766|
2577767|
2577792|
2577793|
2577794|
2577795|
2577796|
2577797|
2577798|
2577799|
2577824|
2577825|
2577826|
2577827|
2577828|
2577829|
2577830|
2577831|
2577856|
2577857|
2577858|
2577859|
2577860|
2577861|
2577862|
2577863|
2577888|
2577889|
2577890|
2577891|
2577892|
2577893|
2577894|
2577895|
2577920|
2577921|
2577922|
2577923|
2577924|
2577925|
2577926|
2577927|
2577952|
2577953|
2577954|
2577955|
2577956|
2577957|
2577958|
2577959|
2577984|
2577985|
2577986|
2577987|
2577988|
2577989|
2577990|
2577991|
2578016|
2578017|
2578018|
2578019|
2578020|
2578021|
2578022|
2578023|
2578048|
2578049|
2578050|
2578051|
2578052|
2578053|
2578054|
2578055|
2578080|
2578081|
2578082|
2578083|
2578084|
2578085|
2578086|
2578087|
2578112|
2578113|
2578114|
2578115|
2578116|
2578117|
2578118|
2578119|
2578144|
2578145|
2578146|
2578147|
2578148|
2578149|
2578150|
2578151|
2578176|
2578177|
2578178|
2578179|
2578180|
2578181|
2578182|
2578183|
2578208|
2578209|
2578210|
2578211|
2578212|
2578213|
2578214|
2578215|
2578240|
2578241|
2578242|
2578243|
2578244|
2578245|
2578246|
2578247|
2578272|
2578273|
2578274|
2578275|
2578276|
2578277|
2578278|
2578279|
2578304|
2578305|
2578306|
2578307|
2578308|
2578309|
2578310|
2578311|
2578336|
2578337|
2578338|
2578339|
2578340|
2578341|
2578342|
2578343|
2578368|
2578369|
2578370|
2578371|
2578372|
2578373|
2578374|
2578375|
2578400|
2578401|
2578402|
2578403|
2578404|
2578405|
2578406|
2578407|
2578432|
2578433|
2578434|
2578435|
2578436|
2578437|
2578438|
2578439|
2578464|
2578465|
2578466|
2578467|
2578468|
2578469|
2578470|
2578471|
2578496|
2578497|
2578498|
2578499|
2578500|
2578501|
2578502|
2578503|
2578528|
2578529|
2578530|
2578531|
2578532|
2578533|
2578534|
2578535|
2578560|
2578561|
2578562|
2578563|
2578564|
2578565|
2578566|
2578567|
2578592|
2578593|
2578594|
2578595|
2578596|
2578597|
2578598|
2578599|
2578624|
2578625|
2578626|
2578627|
2578628|
2578629|
2578630|
2578631|
2578656|
2578657|
2578658|
2578659|
2578660|
2578661|
2578662|
2578663|
2578688|
2578689|
2578690|
2578691|
2578692|
2578693|
2578694|
2578695|
2578720|
2578721|
2578722|
2578723|
2578724|
2578725|
2578726|
2578727|
2578752|
2578753|
2578754|
2578755|
2578756|
2578757|
2578758|
2578759|
2578784|
2578785|
2578786|
2578787|
2578788|
2578789|
2578790|
2578791|
2578816|
2578817|
2578818|
2578819|
2578820|
2578821|
2578822|
2578823|
2578848|
2578849|
2578850|
2578851|
2578852|
2578853|
2578854|
2578855|
2578880|
2578881|
2578882|
2578883|
2578884|
2578885|
2578886|
2578887|
2578912|
2578913|
2578914|
2578915|
2578916|
2578917|
2578918|
2578919|
2578944|
2578945|
2578946|
2578947|
2578948|
2578949|
2578950|
2578951|
2578976|
2578977|
2578978|
2578979|
2578980|
2578981|
2578982|
2578983|
2579008|
2579009|
2579010|
2579011|
2579012|
2579013|
2579014|
2579015|
2579040|
2579041|
2579042|
2579043|
2579044|
2579045|
2579046|
2579047|
2579072|
2579073|
2579074|
2579075|
2579076|
2579077|
2579078|
2579079|
2579104|
2579105|
2579106|
2579107|
2579108|
2579109|
2579110|
2579111|
2579136|
2579137|
2579138|
2579139|
2579140|
2579141|
2579142|
2579143|
2579168|
2579169|
2579170|
2579171|
2579172|
2579173|
2579174|
2579175|
2579200|
2579201|
2579202|
2579203|
2579204|
2579205|
2579206|
2579207|
2579232|
2579233|
2579234|
2579235|
2579236|
2579237|
2579238|
2579239|
2579264|
2579265|
2579266|
2579267|
2579268|
2579269|
2579270|
2579271|
2579296|
2579297|
2579298|
2579299|
2579300|
2579301|
2579302|
2579303|
2579328|
2579329|
2579330|
2579331|
2579332|
2579333|
2579334|
2579335|
2579360|
2579361|
2579362|
2579363|
2579364|
2579365|
2579366|
2579367|
2579392|
2579393|
2579394|
2579395|
2579396|
2579397|
2579398|
2579399|
2579424|
2579425|
2579426|
2579427|
2579428|
2579429|
2579430|
2579431|
2579456|
2579457|
2579458|
2579459|
2579460|
2579461|
2579462|
2579463|
2579488|
2579489|
2579490|
2579491|
2579492|
2579493|
2579494|
2579495|
2579520|
2579521|
2579522|
2579523|
2579524|
2579525|
2579526|
2579527|
2579552|
2579553|
2579554|
2579555|
2579556|
2579557|
2579558|
2579559|
2579584|
2579585|
2579586|
2579587|
2579588|
2579589|
2579590|
2579591|
2579616|
2579617|
2579618|
2579619|
2579620|
2579621|
2579622|
2579623|
2579648|
2579649|
2579650|
2579651|
2579652|
2579653|
2579654|
2579655|
2579680|
2579681|
2579682|
2579683|
2579684|
2579685|
2579686|
2579687|
2579712|
2579713|
2579714|
2579715|
2579716|
2579717|
2579718|
2579719|
2579744|
2579745|
2579746|
2579747|
2579748|
2579749|
2579750|
2579751|
2579776|
2579777|
2579778|
2579779|
2579780|
2579781|
2579782|
2579783|
2579808|
2579809|
2579810|
2579811|
2579812|
2579813|
2579814|
2579815|
2579840|
2579841|
2579842|
2579843|
2579844|
2579845|
2579846|
2579847|
2579872|
2579873|
2579874|
2579875|
2579876|
2579877|
2579878|
2579879|
2579904|
2579905|
2579906|
2579907|
2579908|
2579909|
2579910|
2579911|
2579936|
2579937|
2579938|
2579939|
2579940|
2579941|
2579942|
2579943|
2579968|
2579969|
2579970|
2579971|
2579972|
2579973|
2579974|
2579975|
2580000|
