1037989|
1037990|
1037991|
1038016|
1038017|
1038018|
1038019|
1038020|
1038021|
1038022|
1038023|
1038048|
1038049|
1038050|
1038051|
1038052|
1038053|
1038054|
1038055|
1038080|
1038081|
1038082|
1038083|
1038084|
1038085|
1038086|
1038087|
1038112|
1038113|
1038114|
1038115|
1038116|
1038117|
1038118|
1038119|
1038144|
1038145|
1038146|
1038147|
1038148|
1038149|
1038150|
1038151|
1038176|
1038177|
1038178|
1038179|
1038180|
1038181|
1038182|
1038183|
1038208|
1038209|
1038210|
1038211|
1038212|
1038213|
1038214|
1038215|
1038240|
1038241|
1038242|
1038243|
1038244|
1038245|
1038246|
1038247|
1038272|
1038273|
1038274|
1038275|
1038276|
1038277|
1038278|
1038279|
1038304|
1038305|
1038306|
1038307|
1038308|
1038309|
1038310|
1038311|
1038336|
1038337|
1038338|
1038339|
1038340|
1038341|
1038342|
1038343|
1038368|
1038369|
1038370|
1038371|
1038372|
1038373|
1038374|
1038375|
1038400|
1038401|
1038402|
1038403|
1038404|
1038405|
1038406|
1038407|
1038432|
1038433|
1038434|
1038435|
1038436|
1038437|
1038438|
1038439|
1038464|
1038465|
1038466|
1038467|
1038468|
1038469|
1038470|
1038471|
1038496|
1038497|
1038498|
1038499|
1038500|
1038501|
1038502|
1038503|
1038528|
1038529|
1038530|
1038531|
1038532|
1038533|
1038534|
1038535|
1038560|
1038561|
1038562|
1038563|
1038564|
1038565|
1038566|
1038567|
1038592|
1038593|
1038594|
1038595|
1038596|
1038597|
1038598|
1038599|
1038624|
1038625|
1038626|
1038627|
1038628|
1038629|
1038630|
1038631|
1038656|
1038657|
1038658|
1038659|
1038660|
1038661|
1038662|
1038663|
1038688|
1038689|
1038690|
1038691|
1038692|
1038693|
1038694|
1038695|
1038720|
1038721|
1038722|
1038723|
1038724|
1038725|
1038726|
1038727|
1038752|
1038753|
1038754|
1038755|
1038756|
1038757|
1038758|
1038759|
1038784|
1038785|
1038786|
1038787|
1038788|
1038789|
1038790|
1038791|
1038816|
1038817|
1038818|
1038819|
1038820|
1038821|
1038822|
1038823|
1038848|
1038849|
1038850|
1038851|
1038852|
1038853|
1038854|
1038855|
1038880|
1038881|
1038882|
1038883|
1038884|
1038885|
1038886|
1038887|
1038912|
1038913|
1038914|
1038915|
1038916|
1038917|
1038918|
1038919|
1038944|
1038945|
1038946|
1038947|
1038948|
1038949|
1038950|
1038951|
1038976|
1038977|
1038978|
1038979|
1038980|
1038981|
1038982|
1038983|
1039008|
1039009|
1039010|
1039011|
1039012|
1039013|
1039014|
1039015|
1039040|
1039041|
1039042|
1039043|
1039044|
1039045|
1039046|
1039047|
1039072|
1039073|
1039074|
1039075|
1039076|
1039077|
1039078|
1039079|
1039104|
1039105|
1039106|
1039107|
1039108|
1039109|
1039110|
1039111|
1039136|
1039137|
1039138|
1039139|
1039140|
1039141|
1039142|
1039143|
1039168|
1039169|
1039170|
1039171|
1039172|
1039173|
1039174|
1039175|
1039200|
1039201|
1039202|
1039203|
1039204|
1039205|
1039206|
1039207|
1039232|
1039233|
1039234|
1039235|
1039236|
1039237|
1039238|
1039239|
1039264|
1039265|
1039266|
1039267|
1039268|
1039269|
1039270|
1039271|
1039296|
1039297|
1039298|
1039299|
1039300|
1039301|
1039302|
1039303|
1039328|
1039329|
1039330|
1039331|
1039332|
1039333|
1039334|
1039335|
1039360|
1039361|
1039362|
1039363|
1039364|
1039365|
1039366|
1039367|
1039392|
1039393|
1039394|
1039395|
1039396|
1039397|
1039398|
1039399|
1039424|
1039425|
1039426|
1039427|
1039428|
1039429|
1039430|
1039431|
1039456|
1039457|
1039458|
1039459|
1039460|
1039461|
1039462|
1039463|
1039488|
1039489|
1039490|
1039491|
1039492|
1039493|
1039494|
1039495|
1039520|
1039521|
1039522|
1039523|
1039524|
1039525|
1039526|
1039527|
1039552|
1039553|
1039554|
1039555|
1039556|
1039557|
1039558|
1039559|
1039584|
1039585|
1039586|
1039587|
1039588|
1039589|
1039590|
1039591|
1039616|
1039617|
1039618|
1039619|
1039620|
1039621|
1039622|
1039623|
1039648|
1039649|
1039650|
1039651|
1039652|
1039653|
1039654|
1039655|
1039680|
1039681|
1039682|
1039683|
1039684|
1039685|
1039686|
1039687|
1039712|
1039713|
1039714|
1039715|
1039716|
1039717|
1039718|
1039719|
1039744|
1039745|
1039746|
1039747|
1039748|
1039749|
1039750|
1039751|
1039776|
1039777|
1039778|
1039779|
1039780|
1039781|
1039782|
1039783|
1039808|
1039809|
1039810|
1039811|
1039812|
1039813|
1039814|
1039815|
1039840|
1039841|
1039842|
1039843|
1039844|
1039845|
1039846|
1039847|
1039872|
1039873|
1039874|
1039875|
1039876|
1039877|
1039878|
1039879|
1039904|
1039905|
1039906|
1039907|
1039908|
1039909|
1039910|
1039911|
1039936|
1039937|
1039938|
1039939|
1039940|
1039941|
1039942|
1039943|
1039968|
1039969|
1039970|
1039971|
1039972|
1039973|
1039974|
1039975|
1040000|
1040001|
1040002|
1040003|
1040004|
1040005|
1040006|
1040007|
1040032|
1040033|
1040034|
1040035|
1040036|
1040037|
1040038|
1040039|
1040064|
1040065|
1040066|
1040067|
1040068|
1040069|
1040070|
1040071|
1040096|
1040097|
1040098|
1040099|
1040100|
1040101|
1040102|
1040103|
1040128|
1040129|
1040130|
1040131|
1040132|
1040133|
1040134|
1040135|
1040160|
1040161|
1040162|
1040163|
1040164|
1040165|
1040166|
1040167|
1040192|
1040193|
1040194|
1040195|
1040196|
1040197|
1040198|
1040199|
1040224|
1040225|
1040226|
1040227|
1040228|
1040229|
1040230|
1040231|
1040256|
1040257|
1040258|
1040259|
1040260|
1040261|
1040262|
1040263|
1040288|
1040289|
1040290|
1040291|
1040292|
1040293|
1040294|
1040295|
1040320|
1040321|
1040322|
1040323|
1040324|
1040325|
1040326|
1040327|
1040352|
1040353|
1040354|
1040355|
1040356|
1040357|
1040358|
1040359|
1040384|
1040385|
1040386|
1040387|
1040388|
1040389|
1040390|
1040391|
1040416|
1040417|
1040418|
1040419|
1040420|
1040421|
1040422|
1040423|
1040448|
1040449|
1040450|
1040451|
1040452|
1040453|
1040454|
1040455|
1040480|
1040481|
1040482|
1040483|
1040484|
1040485|
1040486|
1040487|
1040512|
1040513|
1040514|
1040515|
1040516|
1040517|
1040518|
1040519|
1040544|
1040545|
1040546|
1040547|
1040548|
1040549|
1040550|
1040551|
1040576|
1040577|
1040578|
1040579|
1040580|
1040581|
1040582|
1040583|
1040608|
1040609|
1040610|
1040611|
1040612|
1040613|
1040614|
1040615|
1040640|
1040641|
1040642|
1040643|
1040644|
1040645|
1040646|
1040647|
1040672|
1040673|
1040674|
1040675|
1040676|
1040677|
1040678|
1040679|
1040704|
1040705|
1040706|
1040707|
1040708|
1040709|
1040710|
1040711|
1040736|
1040737|
1040738|
1040739|
1040740|
1040741|
1040742|
1040743|
1040768|
1040769|
1040770|
1040771|
1040772|
1040773|
1040774|
1040775|
1040800|
1040801|
1040802|
1040803|
1040804|
1040805|
1040806|
1040807|
1040832|
1040833|
1040834|
1040835|
1040836|
1040837|
1040838|
1040839|
1040864|
1040865|
1040866|
1040867|
1040868|
1040869|
1040870|
1040871|
1040896|
1040897|
1040898|
1040899|
1040900|
1040901|
1040902|
1040903|
1040928|
1040929|
1040930|
1040931|
1040932|
1040933|
1040934|
1040935|
1040960|
1040961|
1040962|
1040963|
1040964|
1040965|
1040966|
1040967|
1040992|
1040993|
1040994|
1040995|
1040996|
1040997|
1040998|
1040999|
1041024|
1041025|
1041026|
1041027|
1041028|
1041029|
1041030|
1041031|
1041056|
1041057|
1041058|
1041059|
1041060|
1041061|
1041062|
1041063|
1041088|
1041089|
1041090|
1041091|
1041092|
1041093|
1041094|
1041095|
1041120|
1041121|
1041122|
1041123|
1041124|
1041125|
1041126|
1041127|
1041152|
1041153|
1041154|
1041155|
1041156|
1041157|
1041158|
1041159|
1041184|
1041185|
1041186|
1041187|
1041188|
1041189|
1041190|
1041191|
1041216|
1041217|
1041218|
1041219|
1041220|
1041221|
1041222|
1041223|
1041248|
1041249|
1041250|
1041251|
1041252|
1041253|
1041254|
1041255|
1041280|
1041281|
1041282|
1041283|
1041284|
1041285|
1041286|
1041287|
1041312|
1041313|
1041314|
1041315|
1041316|
1041317|
1041318|
1041319|
1041344|
1041345|
1041346|
1041347|
1041348|
1041349|
1041350|
1041351|
1041376|
1041377|
1041378|
1041379|
1041380|
1041381|
1041382|
1041383|
1041408|
1041409|
1041410|
1041411|
1041412|
1041413|
1041414|
1041415|
1041440|
1041441|
1041442|
1041443|
1041444|
1041445|
1041446|
1041447|
1041472|
1041473|
1041474|
1041475|
1041476|
1041477|
1041478|
1041479|
1041504|
1041505|
1041506|
1041507|
1041508|
1041509|
1041510|
1041511|
1041536|
1041537|
1041538|
1041539|
1041540|
1041541|
1041542|
1041543|
1041568|
1041569|
1041570|
1041571|
1041572|
1041573|
1041574|
1041575|
1041600|
1041601|
1041602|
1041603|
1041604|
1041605|
1041606|
1041607|
1041632|
1041633|
1041634|
1041635|
1041636|
1041637|
1041638|
1041639|
1041664|
1041665|
1041666|
1041667|
1041668|
1041669|
1041670|
1041671|
1041696|
1041697|
1041698|
1041699|
1041700|
1041701|
1041702|
1041703|
1041728|
1041729|
1041730|
1041731|
1041732|
1041733|
1041734|
1041735|
1041760|
1041761|
1041762|
1041763|
1041764|
1041765|
1041766|
1041767|
1041792|
1041793|
1041794|
1041795|
1041796|
1041797|
1041798|
1041799|
1041824|
1041825|
1041826|
1041827|
1041828|
1041829|
1041830|
1041831|
1041856|
1041857|
1041858|
1041859|
1041860|
1041861|
1041862|
1041863|
1041888|
1041889|
1041890|
1041891|
1041892|
1041893|
1041894|
1041895|
1041920|
1041921|
1041922|
1041923|
1041924|
1041925|
1041926|
1041927|
1041952|
1041953|
1041954|
1041955|
1041956|
1041957|
1041958|
1041959|
1041984|
1041985|
1041986|
1041987|
1041988|
1041989|
1041990|
1041991|
1042016|
1042017|
1042018|
1042019|
1042020|
1042021|
1042022|
1042023|
1042048|
1042049|
1042050|
1042051|
1042052|
1042053|
1042054|
1042055|
1042080|
1042081|
1042082|
1042083|
1042084|
1042085|
1042086|
1042087|
1042112|
1042113|
1042114|
1042115|
1042116|
1042117|
1042118|
1042119|
1042144|
1042145|
1042146|
1042147|
1042148|
1042149|
1042150|
1042151|
1042176|
1042177|
1042178|
1042179|
1042180|
1042181|
1042182|
1042183|
1042208|
1042209|
1042210|
1042211|
1042212|
1042213|
1042214|
1042215|
1042240|
1042241|
1042242|
1042243|
1042244|
1042245|
1042246|
1042247|
1042272|
1042273|
1042274|
1042275|
1042276|
1042277|
1042278|
1042279|
1042304|
1042305|
1042306|
1042307|
1042308|
1042309|
1042310|
1042311|
1042336|
1042337|
1042338|
1042339|
1042340|
1042341|
1042342|
1042343|
1042368|
1042369|
1042370|
1042371|
1042372|
1042373|
1042374|
1042375|
1042400|
1042401|
1042402|
1042403|
1042404|
1042405|
1042406|
1042407|
1042432|
1042433|
1042434|
1042435|
1042436|
1042437|
1042438|
1042439|
1042464|
1042465|
1042466|
1042467|
1042468|
1042469|
1042470|
1042471|
1042496|
1042497|
1042498|
1042499|
1042500|
1042501|
1042502|
1042503|
1042528|
1042529|
1042530|
1042531|
1042532|
1042533|
1042534|
1042535|
1042560|
1042561|
1042562|
1042563|
1042564|
1042565|
1042566|
1042567|
1042592|
1042593|
1042594|
1042595|
1042596|
1042597|
1042598|
1042599|
1042624|
1042625|
1042626|
1042627|
1042628|
1042629|
1042630|
1042631|
1042656|
1042657|
1042658|
1042659|
1042660|
1042661|
1042662|
1042663|
1042688|
1042689|
1042690|
1042691|
1042692|
1042693|
1042694|
1042695|
1042720|
1042721|
1042722|
1042723|
1042724|
1042725|
1042726|
1042727|
1042752|
1042753|
1042754|
1042755|
1042756|
1042757|
1042758|
1042759|
1042784|
1042785|
1042786|
1042787|
1042788|
1042789|
1042790|
1042791|
1042816|
1042817|
1042818|
1042819|
1042820|
1042821|
1042822|
1042823|
1042848|
1042849|
1042850|
1042851|
1042852|
1042853|
1042854|
1042855|
1042880|
1042881|
1042882|
1042883|
1042884|
1042885|
1042886|
1042887|
1042912|
1042913|
1042914|
1042915|
1042916|
1042917|
1042918|
1042919|
1042944|
1042945|
1042946|
1042947|
1042948|
1042949|
1042950|
1042951|
1042976|
1042977|
1042978|
1042979|
1042980|
1042981|
1042982|
1042983|
1043008|
1043009|
1043010|
1043011|
1043012|
1043013|
1043014|
1043015|
1043040|
1043041|
1043042|
1043043|
1043044|
1043045|
1043046|
1043047|
1043072|
1043073|
1043074|
1043075|
1043076|
1043077|
1043078|
1043079|
1043104|
1043105|
1043106|
1043107|
1043108|
1043109|
1043110|
1043111|
1043136|
1043137|
1043138|
1043139|
1043140|
1043141|
1043142|
1043143|
1043168|
1043169|
1043170|
1043171|
1043172|
1043173|
1043174|
1043175|
1043200|
1043201|
1043202|
1043203|
1043204|
1043205|
1043206|
1043207|
1043232|
1043233|
1043234|
1043235|
1043236|
1043237|
1043238|
1043239|
1043264|
1043265|
1043266|
1043267|
1043268|
1043269|
1043270|
1043271|
1043296|
1043297|
1043298|
1043299|
1043300|
1043301|
1043302|
1043303|
1043328|
1043329|
1043330|
1043331|
1043332|
1043333|
1043334|
1043335|
1043360|
1043361|
1043362|
1043363|
1043364|
1043365|
1043366|
1043367|
1043392|
1043393|
1043394|
1043395|
1043396|
1043397|
1043398|
1043399|
1043424|
1043425|
1043426|
1043427|
1043428|
1043429|
1043430|
1043431|
1043456|
1043457|
1043458|
1043459|
1043460|
1043461|
1043462|
1043463|
1043488|
1043489|
1043490|
1043491|
1043492|
1043493|
1043494|
1043495|
1043520|
1043521|
1043522|
1043523|
1043524|
1043525|
1043526|
1043527|
1043552|
1043553|
1043554|
1043555|
1043556|
1043557|
1043558|
1043559|
1043584|
1043585|
1043586|
1043587|
1043588|
1043589|
1043590|
1043591|
1043616|
1043617|
1043618|
1043619|
1043620|
1043621|
1043622|
1043623|
1043648|
1043649|
1043650|
1043651|
1043652|
1043653|
1043654|
1043655|
1043680|
1043681|
1043682|
1043683|
1043684|
1043685|
1043686|
1043687|
1043712|
1043713|
1043714|
1043715|
1043716|
1043717|
1043718|
1043719|
1043744|
1043745|
1043746|
1043747|
1043748|
1043749|
1043750|
1043751|
1043776|
1043777|
1043778|
1043779|
1043780|
1043781|
1043782|
1043783|
1043808|
1043809|
1043810|
1043811|
1043812|
1043813|
1043814|
1043815|
1043840|
1043841|
1043842|
1043843|
1043844|
1043845|
1043846|
1043847|
1043872|
1043873|
1043874|
1043875|
1043876|
1043877|
1043878|
1043879|
1043904|
1043905|
1043906|
1043907|
1043908|
1043909|
1043910|
1043911|
1043936|
1043937|
1043938|
1043939|
1043940|
1043941|
1043942|
1043943|
1043968|
1043969|
1043970|
1043971|
1043972|
1043973|
1043974|
1043975|
1044000|
