1440001|
1440002|
1440003|
1440004|
1440005|
1440006|
1440007|
1440032|
1440033|
1440034|
1440035|
1440036|
1440037|
1440038|
1440039|
1440064|
1440065|
1440066|
1440067|
1440068|
1440069|
1440070|
1440071|
1440096|
1440097|
1440098|
1440099|
1440100|
1440101|
1440102|
1440103|
1440128|
1440129|
1440130|
1440131|
1440132|
1440133|
1440134|
1440135|
1440160|
1440161|
1440162|
1440163|
1440164|
1440165|
1440166|
1440167|
1440192|
1440193|
1440194|
1440195|
1440196|
1440197|
1440198|
1440199|
1440224|
1440225|
1440226|
1440227|
1440228|
1440229|
1440230|
1440231|
1440256|
1440257|
1440258|
1440259|
1440260|
1440261|
1440262|
1440263|
1440288|
1440289|
1440290|
1440291|
1440292|
1440293|
1440294|
1440295|
1440320|
1440321|
1440322|
1440323|
1440324|
1440325|
1440326|
1440327|
1440352|
1440353|
1440354|
1440355|
1440356|
1440357|
1440358|
1440359|
1440384|
1440385|
1440386|
1440387|
1440388|
1440389|
1440390|
1440391|
1440416|
1440417|
1440418|
1440419|
1440420|
1440421|
1440422|
1440423|
1440448|
1440449|
1440450|
1440451|
1440452|
1440453|
1440454|
1440455|
1440480|
1440481|
1440482|
1440483|
1440484|
1440485|
1440486|
1440487|
1440512|
1440513|
1440514|
1440515|
1440516|
1440517|
1440518|
1440519|
1440544|
1440545|
1440546|
1440547|
1440548|
1440549|
1440550|
1440551|
1440576|
1440577|
1440578|
1440579|
1440580|
1440581|
1440582|
1440583|
1440608|
1440609|
1440610|
1440611|
1440612|
1440613|
1440614|
1440615|
1440640|
1440641|
1440642|
1440643|
1440644|
1440645|
1440646|
1440647|
1440672|
1440673|
1440674|
1440675|
1440676|
1440677|
1440678|
1440679|
1440704|
1440705|
1440706|
1440707|
1440708|
1440709|
1440710|
1440711|
1440736|
1440737|
1440738|
1440739|
1440740|
1440741|
1440742|
1440743|
1440768|
1440769|
1440770|
1440771|
1440772|
1440773|
1440774|
1440775|
1440800|
1440801|
1440802|
1440803|
1440804|
1440805|
1440806|
1440807|
1440832|
1440833|
1440834|
1440835|
1440836|
1440837|
1440838|
1440839|
1440864|
1440865|
1440866|
1440867|
1440868|
1440869|
1440870|
1440871|
1440896|
1440897|
1440898|
1440899|
1440900|
1440901|
1440902|
1440903|
1440928|
1440929|
1440930|
1440931|
1440932|
1440933|
1440934|
1440935|
1440960|
1440961|
1440962|
1440963|
1440964|
1440965|
1440966|
1440967|
1440992|
1440993|
1440994|
1440995|
1440996|
1440997|
1440998|
1440999|
1441024|
1441025|
1441026|
1441027|
1441028|
1441029|
1441030|
1441031|
1441056|
1441057|
1441058|
1441059|
1441060|
1441061|
1441062|
1441063|
1441088|
1441089|
1441090|
1441091|
1441092|
1441093|
1441094|
1441095|
1441120|
1441121|
1441122|
1441123|
1441124|
1441125|
1441126|
1441127|
1441152|
1441153|
1441154|
1441155|
1441156|
1441157|
1441158|
1441159|
1441184|
1441185|
1441186|
1441187|
1441188|
1441189|
1441190|
1441191|
1441216|
1441217|
1441218|
1441219|
1441220|
1441221|
1441222|
1441223|
1441248|
1441249|
1441250|
1441251|
1441252|
1441253|
1441254|
1441255|
1441280|
1441281|
1441282|
1441283|
1441284|
1441285|
1441286|
1441287|
1441312|
1441313|
1441314|
1441315|
1441316|
1441317|
1441318|
1441319|
1441344|
1441345|
1441346|
1441347|
1441348|
1441349|
1441350|
1441351|
1441376|
1441377|
1441378|
1441379|
1441380|
1441381|
1441382|
1441383|
1441408|
1441409|
1441410|
1441411|
1441412|
1441413|
1441414|
1441415|
1441440|
1441441|
1441442|
1441443|
1441444|
1441445|
1441446|
1441447|
1441472|
1441473|
1441474|
1441475|
1441476|
1441477|
1441478|
1441479|
1441504|
1441505|
1441506|
1441507|
1441508|
1441509|
1441510|
1441511|
1441536|
1441537|
1441538|
1441539|
1441540|
1441541|
1441542|
1441543|
1441568|
1441569|
1441570|
1441571|
1441572|
1441573|
1441574|
1441575|
1441600|
1441601|
1441602|
1441603|
1441604|
1441605|
1441606|
1441607|
1441632|
1441633|
1441634|
1441635|
1441636|
1441637|
1441638|
1441639|
1441664|
1441665|
1441666|
1441667|
1441668|
1441669|
1441670|
1441671|
1441696|
1441697|
1441698|
1441699|
1441700|
1441701|
1441702|
1441703|
1441728|
1441729|
1441730|
1441731|
1441732|
1441733|
1441734|
1441735|
1441760|
1441761|
1441762|
1441763|
1441764|
1441765|
1441766|
1441767|
1441792|
1441793|
1441794|
1441795|
1441796|
1441797|
1441798|
1441799|
1441824|
1441825|
1441826|
1441827|
1441828|
1441829|
1441830|
1441831|
1441856|
1441857|
1441858|
1441859|
1441860|
1441861|
1441862|
1441863|
1441888|
1441889|
1441890|
1441891|
1441892|
1441893|
1441894|
1441895|
1441920|
1441921|
1441922|
1441923|
1441924|
1441925|
1441926|
1441927|
1441952|
1441953|
1441954|
1441955|
1441956|
1441957|
1441958|
1441959|
1441984|
1441985|
1441986|
1441987|
1441988|
1441989|
1441990|
1441991|
1442016|
1442017|
1442018|
1442019|
1442020|
1442021|
1442022|
1442023|
1442048|
1442049|
1442050|
1442051|
1442052|
1442053|
1442054|
1442055|
1442080|
1442081|
1442082|
1442083|
1442084|
1442085|
1442086|
1442087|
1442112|
1442113|
1442114|
1442115|
1442116|
1442117|
1442118|
1442119|
1442144|
1442145|
1442146|
1442147|
1442148|
1442149|
1442150|
1442151|
1442176|
1442177|
1442178|
1442179|
1442180|
1442181|
1442182|
1442183|
1442208|
1442209|
1442210|
1442211|
1442212|
1442213|
1442214|
1442215|
1442240|
1442241|
1442242|
1442243|
1442244|
1442245|
1442246|
1442247|
1442272|
1442273|
1442274|
1442275|
1442276|
1442277|
1442278|
1442279|
1442304|
1442305|
1442306|
1442307|
1442308|
1442309|
1442310|
1442311|
1442336|
1442337|
1442338|
1442339|
1442340|
1442341|
1442342|
1442343|
1442368|
1442369|
1442370|
1442371|
1442372|
1442373|
1442374|
1442375|
1442400|
1442401|
1442402|
1442403|
1442404|
1442405|
1442406|
1442407|
1442432|
1442433|
1442434|
1442435|
1442436|
1442437|
1442438|
1442439|
1442464|
1442465|
1442466|
1442467|
1442468|
1442469|
1442470|
1442471|
1442496|
1442497|
1442498|
1442499|
1442500|
1442501|
1442502|
1442503|
1442528|
1442529|
1442530|
1442531|
1442532|
1442533|
1442534|
1442535|
1442560|
1442561|
1442562|
1442563|
1442564|
1442565|
1442566|
1442567|
1442592|
1442593|
1442594|
1442595|
1442596|
1442597|
1442598|
1442599|
1442624|
1442625|
1442626|
1442627|
1442628|
1442629|
1442630|
1442631|
1442656|
1442657|
1442658|
1442659|
1442660|
1442661|
1442662|
1442663|
1442688|
1442689|
1442690|
1442691|
1442692|
1442693|
1442694|
1442695|
1442720|
1442721|
1442722|
1442723|
1442724|
1442725|
1442726|
1442727|
1442752|
1442753|
1442754|
1442755|
1442756|
1442757|
1442758|
1442759|
1442784|
1442785|
1442786|
1442787|
1442788|
1442789|
1442790|
1442791|
1442816|
1442817|
1442818|
1442819|
1442820|
1442821|
1442822|
1442823|
1442848|
1442849|
1442850|
1442851|
1442852|
1442853|
1442854|
1442855|
1442880|
1442881|
1442882|
1442883|
1442884|
1442885|
1442886|
1442887|
1442912|
1442913|
1442914|
1442915|
1442916|
1442917|
1442918|
1442919|
1442944|
1442945|
1442946|
1442947|
1442948|
1442949|
1442950|
1442951|
1442976|
1442977|
1442978|
1442979|
1442980|
1442981|
1442982|
1442983|
1443008|
1443009|
1443010|
1443011|
1443012|
1443013|
1443014|
1443015|
1443040|
1443041|
1443042|
1443043|
1443044|
1443045|
1443046|
1443047|
1443072|
1443073|
1443074|
1443075|
1443076|
1443077|
1443078|
1443079|
1443104|
1443105|
1443106|
1443107|
1443108|
1443109|
1443110|
1443111|
1443136|
1443137|
1443138|
1443139|
1443140|
1443141|
1443142|
1443143|
1443168|
1443169|
1443170|
1443171|
1443172|
1443173|
1443174|
1443175|
1443200|
1443201|
1443202|
1443203|
1443204|
1443205|
1443206|
1443207|
1443232|
1443233|
1443234|
1443235|
1443236|
1443237|
1443238|
1443239|
1443264|
1443265|
1443266|
1443267|
1443268|
1443269|
1443270|
1443271|
1443296|
1443297|
1443298|
1443299|
1443300|
1443301|
1443302|
1443303|
1443328|
1443329|
1443330|
1443331|
1443332|
1443333|
1443334|
1443335|
1443360|
1443361|
1443362|
1443363|
1443364|
1443365|
1443366|
1443367|
1443392|
1443393|
1443394|
1443395|
1443396|
1443397|
1443398|
1443399|
1443424|
1443425|
1443426|
1443427|
1443428|
1443429|
1443430|
1443431|
1443456|
1443457|
1443458|
1443459|
1443460|
1443461|
1443462|
1443463|
1443488|
1443489|
1443490|
1443491|
1443492|
1443493|
1443494|
1443495|
1443520|
1443521|
1443522|
1443523|
1443524|
1443525|
1443526|
1443527|
1443552|
1443553|
1443554|
1443555|
1443556|
1443557|
1443558|
1443559|
1443584|
1443585|
1443586|
1443587|
1443588|
1443589|
1443590|
1443591|
1443616|
1443617|
1443618|
1443619|
1443620|
1443621|
1443622|
1443623|
1443648|
1443649|
1443650|
1443651|
1443652|
1443653|
1443654|
1443655|
1443680|
1443681|
1443682|
1443683|
1443684|
1443685|
1443686|
1443687|
1443712|
1443713|
1443714|
1443715|
1443716|
1443717|
1443718|
1443719|
1443744|
1443745|
1443746|
1443747|
1443748|
1443749|
1443750|
1443751|
1443776|
1443777|
1443778|
1443779|
1443780|
1443781|
1443782|
1443783|
1443808|
1443809|
1443810|
1443811|
1443812|
1443813|
1443814|
1443815|
1443840|
1443841|
1443842|
1443843|
1443844|
1443845|
1443846|
1443847|
1443872|
1443873|
1443874|
1443875|
1443876|
1443877|
1443878|
1443879|
1443904|
1443905|
1443906|
1443907|
1443908|
1443909|
1443910|
1443911|
1443936|
1443937|
1443938|
1443939|
1443940|
1443941|
1443942|
1443943|
1443968|
1443969|
1443970|
1443971|
1443972|
1443973|
1443974|
1443975|
1444000|
1444001|
1444002|
1444003|
1444004|
1444005|
1444006|
1444007|
1444032|
1444033|
1444034|
1444035|
1444036|
1444037|
1444038|
1444039|
1444064|
1444065|
1444066|
1444067|
1444068|
1444069|
1444070|
1444071|
1444096|
1444097|
1444098|
1444099|
1444100|
1444101|
1444102|
1444103|
1444128|
1444129|
1444130|
1444131|
1444132|
1444133|
1444134|
1444135|
1444160|
1444161|
1444162|
1444163|
1444164|
1444165|
1444166|
1444167|
1444192|
1444193|
1444194|
1444195|
1444196|
1444197|
1444198|
1444199|
1444224|
1444225|
1444226|
1444227|
1444228|
1444229|
1444230|
1444231|
1444256|
1444257|
1444258|
1444259|
1444260|
1444261|
1444262|
1444263|
1444288|
1444289|
1444290|
1444291|
1444292|
1444293|
1444294|
1444295|
1444320|
1444321|
1444322|
1444323|
1444324|
1444325|
1444326|
1444327|
1444352|
1444353|
1444354|
1444355|
1444356|
1444357|
1444358|
1444359|
1444384|
1444385|
1444386|
1444387|
1444388|
1444389|
1444390|
1444391|
1444416|
1444417|
1444418|
1444419|
1444420|
1444421|
1444422|
1444423|
1444448|
1444449|
1444450|
1444451|
1444452|
1444453|
1444454|
1444455|
1444480|
1444481|
1444482|
1444483|
1444484|
1444485|
1444486|
1444487|
1444512|
1444513|
1444514|
1444515|
1444516|
1444517|
1444518|
1444519|
1444544|
1444545|
1444546|
1444547|
1444548|
1444549|
1444550|
1444551|
1444576|
1444577|
1444578|
1444579|
1444580|
1444581|
1444582|
1444583|
1444608|
1444609|
1444610|
1444611|
1444612|
1444613|
1444614|
1444615|
1444640|
1444641|
1444642|
1444643|
1444644|
1444645|
1444646|
1444647|
1444672|
1444673|
1444674|
1444675|
1444676|
1444677|
1444678|
1444679|
1444704|
1444705|
1444706|
1444707|
1444708|
1444709|
1444710|
1444711|
1444736|
1444737|
1444738|
1444739|
1444740|
1444741|
1444742|
1444743|
1444768|
1444769|
1444770|
1444771|
1444772|
1444773|
1444774|
1444775|
1444800|
1444801|
1444802|
1444803|
1444804|
1444805|
1444806|
1444807|
1444832|
1444833|
1444834|
1444835|
1444836|
1444837|
1444838|
1444839|
1444864|
1444865|
1444866|
1444867|
1444868|
1444869|
1444870|
1444871|
1444896|
1444897|
1444898|
1444899|
1444900|
1444901|
1444902|
1444903|
1444928|
1444929|
1444930|
1444931|
1444932|
1444933|
1444934|
1444935|
1444960|
1444961|
1444962|
1444963|
1444964|
1444965|
1444966|
1444967|
1444992|
1444993|
1444994|
1444995|
1444996|
1444997|
1444998|
1444999|
1445024|
1445025|
1445026|
1445027|
1445028|
1445029|
1445030|
1445031|
1445056|
1445057|
1445058|
1445059|
1445060|
1445061|
1445062|
1445063|
1445088|
1445089|
1445090|
1445091|
1445092|
1445093|
1445094|
1445095|
1445120|
1445121|
1445122|
1445123|
1445124|
1445125|
1445126|
1445127|
1445152|
1445153|
1445154|
1445155|
1445156|
1445157|
1445158|
1445159|
1445184|
1445185|
1445186|
1445187|
1445188|
1445189|
1445190|
1445191|
1445216|
1445217|
1445218|
1445219|
1445220|
1445221|
1445222|
1445223|
1445248|
1445249|
1445250|
1445251|
1445252|
1445253|
1445254|
1445255|
1445280|
1445281|
1445282|
1445283|
1445284|
1445285|
1445286|
1445287|
1445312|
1445313|
1445314|
1445315|
1445316|
1445317|
1445318|
1445319|
1445344|
1445345|
1445346|
1445347|
1445348|
1445349|
1445350|
1445351|
1445376|
1445377|
1445378|
1445379|
1445380|
1445381|
1445382|
1445383|
1445408|
1445409|
1445410|
1445411|
1445412|
1445413|
1445414|
1445415|
1445440|
1445441|
1445442|
1445443|
1445444|
1445445|
1445446|
1445447|
1445472|
1445473|
1445474|
1445475|
1445476|
1445477|
1445478|
1445479|
1445504|
1445505|
1445506|
1445507|
1445508|
1445509|
1445510|
1445511|
1445536|
1445537|
1445538|
1445539|
1445540|
1445541|
1445542|
1445543|
1445568|
1445569|
1445570|
1445571|
1445572|
1445573|
1445574|
1445575|
1445600|
1445601|
1445602|
1445603|
1445604|
1445605|
1445606|
1445607|
1445632|
1445633|
1445634|
1445635|
1445636|
1445637|
1445638|
1445639|
1445664|
1445665|
1445666|
1445667|
1445668|
1445669|
1445670|
1445671|
1445696|
1445697|
1445698|
1445699|
1445700|
1445701|
1445702|
1445703|
1445728|
1445729|
1445730|
1445731|
1445732|
1445733|
1445734|
1445735|
1445760|
1445761|
1445762|
1445763|
1445764|
1445765|
1445766|
1445767|
1445792|
1445793|
1445794|
1445795|
1445796|
1445797|
1445798|
1445799|
1445824|
1445825|
1445826|
1445827|
1445828|
1445829|
1445830|
1445831|
1445856|
1445857|
1445858|
1445859|
1445860|
1445861|
1445862|
1445863|
1445888|
1445889|
1445890|
1445891|
1445892|
1445893|
1445894|
1445895|
1445920|
1445921|
1445922|
1445923|
1445924|
1445925|
1445926|
1445927|
1445952|
1445953|
1445954|
1445955|
1445956|
1445957|
1445958|
1445959|
1445984|
1445985|
1445986|
1445987|
1445988|
