348001|
348002|
348003|
348004|
348005|
348006|
348007|
348032|
348033|
348034|
348035|
348036|
348037|
348038|
348039|
348064|
348065|
348066|
348067|
348068|
348069|
348070|
348071|
348096|
348097|
348098|
348099|
348100|
348101|
348102|
348103|
348128|
348129|
348130|
348131|
348132|
348133|
348134|
348135|
348160|
348161|
348162|
348163|
348164|
348165|
348166|
348167|
348192|
348193|
348194|
348195|
348196|
348197|
348198|
348199|
348224|
348225|
348226|
348227|
348228|
348229|
348230|
348231|
348256|
348257|
348258|
348259|
348260|
348261|
348262|
348263|
348288|
348289|
348290|
348291|
348292|
348293|
348294|
348295|
348320|
348321|
348322|
348323|
348324|
348325|
348326|
348327|
348352|
348353|
348354|
348355|
348356|
348357|
348358|
348359|
348384|
348385|
348386|
348387|
348388|
348389|
348390|
348391|
348416|
348417|
348418|
348419|
348420|
348421|
348422|
348423|
348448|
348449|
348450|
348451|
348452|
348453|
348454|
348455|
348480|
348481|
348482|
348483|
348484|
348485|
348486|
348487|
348512|
348513|
348514|
348515|
348516|
348517|
348518|
348519|
348544|
348545|
348546|
348547|
348548|
348549|
348550|
348551|
348576|
348577|
348578|
348579|
348580|
348581|
348582|
348583|
348608|
348609|
348610|
348611|
348612|
348613|
348614|
348615|
348640|
348641|
348642|
348643|
348644|
348645|
348646|
348647|
348672|
348673|
348674|
348675|
348676|
348677|
348678|
348679|
348704|
348705|
348706|
348707|
348708|
348709|
348710|
348711|
348736|
348737|
348738|
348739|
348740|
348741|
348742|
348743|
348768|
348769|
348770|
348771|
348772|
348773|
348774|
348775|
348800|
348801|
348802|
348803|
348804|
348805|
348806|
348807|
348832|
348833|
348834|
348835|
348836|
348837|
348838|
348839|
348864|
348865|
348866|
348867|
348868|
348869|
348870|
348871|
348896|
348897|
348898|
348899|
348900|
348901|
348902|
348903|
348928|
348929|
348930|
348931|
348932|
348933|
348934|
348935|
348960|
348961|
348962|
348963|
348964|
348965|
348966|
348967|
348992|
348993|
348994|
348995|
348996|
348997|
348998|
348999|
349024|
349025|
349026|
349027|
349028|
349029|
349030|
349031|
349056|
349057|
349058|
349059|
349060|
349061|
349062|
349063|
349088|
349089|
349090|
349091|
349092|
349093|
349094|
349095|
349120|
349121|
349122|
349123|
349124|
349125|
349126|
349127|
349152|
349153|
349154|
349155|
349156|
349157|
349158|
349159|
349184|
349185|
349186|
349187|
349188|
349189|
349190|
349191|
349216|
349217|
349218|
349219|
349220|
349221|
349222|
349223|
349248|
349249|
349250|
349251|
349252|
349253|
349254|
349255|
349280|
349281|
349282|
349283|
349284|
349285|
349286|
349287|
349312|
349313|
349314|
349315|
349316|
349317|
349318|
349319|
349344|
349345|
349346|
349347|
349348|
349349|
349350|
349351|
349376|
349377|
349378|
349379|
349380|
349381|
349382|
349383|
349408|
349409|
349410|
349411|
349412|
349413|
349414|
349415|
349440|
349441|
349442|
349443|
349444|
349445|
349446|
349447|
349472|
349473|
349474|
349475|
349476|
349477|
349478|
349479|
349504|
349505|
349506|
349507|
349508|
349509|
349510|
349511|
349536|
349537|
349538|
349539|
349540|
349541|
349542|
349543|
349568|
349569|
349570|
349571|
349572|
349573|
349574|
349575|
349600|
349601|
349602|
349603|
349604|
349605|
349606|
349607|
349632|
349633|
349634|
349635|
349636|
349637|
349638|
349639|
349664|
349665|
349666|
349667|
349668|
349669|
349670|
349671|
349696|
349697|
349698|
349699|
349700|
349701|
349702|
349703|
349728|
349729|
349730|
349731|
349732|
349733|
349734|
349735|
349760|
349761|
349762|
349763|
349764|
349765|
349766|
349767|
349792|
349793|
349794|
349795|
349796|
349797|
349798|
349799|
349824|
349825|
349826|
349827|
349828|
349829|
349830|
349831|
349856|
349857|
349858|
349859|
349860|
349861|
349862|
349863|
349888|
349889|
349890|
349891|
349892|
349893|
349894|
349895|
349920|
349921|
349922|
349923|
349924|
349925|
349926|
349927|
349952|
349953|
349954|
349955|
349956|
349957|
349958|
349959|
349984|
349985|
349986|
349987|
349988|
349989|
349990|
349991|
350016|
350017|
350018|
350019|
350020|
350021|
350022|
350023|
350048|
350049|
350050|
350051|
350052|
350053|
350054|
350055|
350080|
350081|
350082|
350083|
350084|
350085|
350086|
350087|
350112|
350113|
350114|
350115|
350116|
350117|
350118|
350119|
350144|
350145|
350146|
350147|
350148|
350149|
350150|
350151|
350176|
350177|
350178|
350179|
350180|
350181|
350182|
350183|
350208|
350209|
350210|
350211|
350212|
350213|
350214|
350215|
350240|
350241|
350242|
350243|
350244|
350245|
350246|
350247|
350272|
350273|
350274|
350275|
350276|
350277|
350278|
350279|
350304|
350305|
350306|
350307|
350308|
350309|
350310|
350311|
350336|
350337|
350338|
350339|
350340|
350341|
350342|
350343|
350368|
350369|
350370|
350371|
350372|
350373|
350374|
350375|
350400|
350401|
350402|
350403|
350404|
350405|
350406|
350407|
350432|
350433|
350434|
350435|
350436|
350437|
350438|
350439|
350464|
350465|
350466|
350467|
350468|
350469|
350470|
350471|
350496|
350497|
350498|
350499|
350500|
350501|
350502|
350503|
350528|
350529|
350530|
350531|
350532|
350533|
350534|
350535|
350560|
350561|
350562|
350563|
350564|
350565|
350566|
350567|
350592|
350593|
350594|
350595|
350596|
350597|
350598|
350599|
350624|
350625|
350626|
350627|
350628|
350629|
350630|
350631|
350656|
350657|
350658|
350659|
350660|
350661|
350662|
350663|
350688|
350689|
350690|
350691|
350692|
350693|
350694|
350695|
350720|
350721|
350722|
350723|
350724|
350725|
350726|
350727|
350752|
350753|
350754|
350755|
350756|
350757|
350758|
350759|
350784|
350785|
350786|
350787|
350788|
350789|
350790|
350791|
350816|
350817|
350818|
350819|
350820|
350821|
350822|
350823|
350848|
350849|
350850|
350851|
350852|
350853|
350854|
350855|
350880|
350881|
350882|
350883|
350884|
350885|
350886|
350887|
350912|
350913|
350914|
350915|
350916|
350917|
350918|
350919|
350944|
350945|
350946|
350947|
350948|
350949|
350950|
350951|
350976|
350977|
350978|
350979|
350980|
350981|
350982|
350983|
351008|
351009|
351010|
351011|
351012|
351013|
351014|
351015|
351040|
351041|
351042|
351043|
351044|
351045|
351046|
351047|
351072|
351073|
351074|
351075|
351076|
351077|
351078|
351079|
351104|
351105|
351106|
351107|
351108|
351109|
351110|
351111|
351136|
351137|
351138|
351139|
351140|
351141|
351142|
351143|
351168|
351169|
351170|
351171|
351172|
351173|
351174|
351175|
351200|
351201|
351202|
351203|
351204|
351205|
351206|
351207|
351232|
351233|
351234|
351235|
351236|
351237|
351238|
351239|
351264|
351265|
351266|
351267|
351268|
351269|
351270|
351271|
351296|
351297|
351298|
351299|
351300|
351301|
351302|
351303|
351328|
351329|
351330|
351331|
351332|
351333|
351334|
351335|
351360|
351361|
351362|
351363|
351364|
351365|
351366|
351367|
351392|
351393|
351394|
351395|
351396|
351397|
351398|
351399|
351424|
351425|
351426|
351427|
351428|
351429|
351430|
351431|
351456|
351457|
351458|
351459|
351460|
351461|
351462|
351463|
351488|
351489|
351490|
351491|
351492|
351493|
351494|
351495|
351520|
351521|
351522|
351523|
351524|
351525|
351526|
351527|
351552|
351553|
351554|
351555|
351556|
351557|
351558|
351559|
351584|
351585|
351586|
351587|
351588|
351589|
351590|
351591|
351616|
351617|
351618|
351619|
351620|
351621|
351622|
351623|
351648|
351649|
351650|
351651|
351652|
351653|
351654|
351655|
351680|
351681|
351682|
351683|
351684|
351685|
351686|
351687|
351712|
351713|
351714|
351715|
351716|
351717|
351718|
351719|
351744|
351745|
351746|
351747|
351748|
351749|
351750|
351751|
351776|
351777|
351778|
351779|
351780|
351781|
351782|
351783|
351808|
351809|
351810|
351811|
351812|
351813|
351814|
351815|
351840|
351841|
351842|
351843|
351844|
351845|
351846|
351847|
351872|
351873|
351874|
351875|
351876|
351877|
351878|
351879|
351904|
351905|
351906|
351907|
351908|
351909|
351910|
351911|
351936|
351937|
351938|
351939|
351940|
351941|
351942|
351943|
351968|
351969|
351970|
351971|
351972|
351973|
351974|
351975|
352000|
352001|
352002|
352003|
352004|
352005|
352006|
352007|
352032|
352033|
352034|
352035|
352036|
352037|
352038|
352039|
352064|
352065|
352066|
352067|
352068|
352069|
352070|
352071|
352096|
352097|
352098|
352099|
352100|
352101|
352102|
352103|
352128|
352129|
352130|
352131|
352132|
352133|
352134|
352135|
352160|
352161|
352162|
352163|
352164|
352165|
352166|
352167|
352192|
352193|
352194|
352195|
352196|
352197|
352198|
352199|
352224|
352225|
352226|
352227|
352228|
352229|
352230|
352231|
352256|
352257|
352258|
352259|
352260|
352261|
352262|
352263|
352288|
352289|
352290|
352291|
352292|
352293|
352294|
352295|
352320|
352321|
352322|
352323|
352324|
352325|
352326|
352327|
352352|
352353|
352354|
352355|
352356|
352357|
352358|
352359|
352384|
352385|
352386|
352387|
352388|
352389|
352390|
352391|
352416|
352417|
352418|
352419|
352420|
352421|
352422|
352423|
352448|
352449|
352450|
352451|
352452|
352453|
352454|
352455|
352480|
352481|
352482|
352483|
352484|
352485|
352486|
352487|
352512|
352513|
352514|
352515|
352516|
352517|
352518|
352519|
352544|
352545|
352546|
352547|
352548|
352549|
352550|
352551|
352576|
352577|
352578|
352579|
352580|
352581|
352582|
352583|
352608|
352609|
352610|
352611|
352612|
352613|
352614|
352615|
352640|
352641|
352642|
352643|
352644|
352645|
352646|
352647|
352672|
352673|
352674|
352675|
352676|
352677|
352678|
352679|
352704|
352705|
352706|
352707|
352708|
352709|
352710|
352711|
352736|
352737|
352738|
352739|
352740|
352741|
352742|
352743|
352768|
352769|
352770|
352771|
352772|
352773|
352774|
352775|
352800|
352801|
352802|
352803|
352804|
352805|
352806|
352807|
352832|
352833|
352834|
352835|
352836|
352837|
352838|
352839|
352864|
352865|
352866|
352867|
352868|
352869|
352870|
352871|
352896|
352897|
352898|
352899|
352900|
352901|
352902|
352903|
352928|
352929|
352930|
352931|
352932|
352933|
352934|
352935|
352960|
352961|
352962|
352963|
352964|
352965|
352966|
352967|
352992|
352993|
352994|
352995|
352996|
352997|
352998|
352999|
353024|
353025|
353026|
353027|
353028|
353029|
353030|
353031|
353056|
353057|
353058|
353059|
353060|
353061|
353062|
353063|
353088|
353089|
353090|
353091|
353092|
353093|
353094|
353095|
353120|
353121|
353122|
353123|
353124|
353125|
353126|
353127|
353152|
353153|
353154|
353155|
353156|
353157|
353158|
353159|
353184|
353185|
353186|
353187|
353188|
353189|
353190|
353191|
353216|
353217|
353218|
353219|
353220|
353221|
353222|
353223|
353248|
353249|
353250|
353251|
353252|
353253|
353254|
353255|
353280|
353281|
353282|
353283|
353284|
353285|
353286|
353287|
353312|
353313|
353314|
353315|
353316|
353317|
353318|
353319|
353344|
353345|
353346|
353347|
353348|
353349|
353350|
353351|
353376|
353377|
353378|
353379|
353380|
353381|
353382|
353383|
353408|
353409|
353410|
353411|
353412|
353413|
353414|
353415|
353440|
353441|
353442|
353443|
353444|
353445|
353446|
353447|
353472|
353473|
353474|
353475|
353476|
353477|
353478|
353479|
353504|
353505|
353506|
353507|
353508|
353509|
353510|
353511|
353536|
353537|
353538|
353539|
353540|
353541|
353542|
353543|
353568|
353569|
353570|
353571|
353572|
353573|
353574|
353575|
353600|
353601|
353602|
353603|
353604|
353605|
353606|
353607|
353632|
353633|
353634|
353635|
353636|
353637|
353638|
353639|
353664|
353665|
353666|
353667|
353668|
353669|
353670|
353671|
353696|
353697|
353698|
353699|
353700|
353701|
353702|
353703|
353728|
353729|
353730|
353731|
353732|
353733|
353734|
353735|
353760|
353761|
353762|
353763|
353764|
353765|
353766|
353767|
353792|
353793|
353794|
353795|
353796|
353797|
353798|
353799|
353824|
353825|
353826|
353827|
353828|
353829|
353830|
353831|
353856|
353857|
353858|
353859|
353860|
353861|
353862|
353863|
353888|
353889|
353890|
353891|
353892|
353893|
353894|
353895|
353920|
353921|
353922|
353923|
353924|
353925|
353926|
353927|
353952|
353953|
353954|
353955|
353956|
353957|
353958|
353959|
353984|
353985|
353986|
353987|
353988|
