437989|
437990|
437991|
438016|
438017|
438018|
438019|
438020|
438021|
438022|
438023|
438048|
438049|
438050|
438051|
438052|
438053|
438054|
438055|
438080|
438081|
438082|
438083|
438084|
438085|
438086|
438087|
438112|
438113|
438114|
438115|
438116|
438117|
438118|
438119|
438144|
438145|
438146|
438147|
438148|
438149|
438150|
438151|
438176|
438177|
438178|
438179|
438180|
438181|
438182|
438183|
438208|
438209|
438210|
438211|
438212|
438213|
438214|
438215|
438240|
438241|
438242|
438243|
438244|
438245|
438246|
438247|
438272|
438273|
438274|
438275|
438276|
438277|
438278|
438279|
438304|
438305|
438306|
438307|
438308|
438309|
438310|
438311|
438336|
438337|
438338|
438339|
438340|
438341|
438342|
438343|
438368|
438369|
438370|
438371|
438372|
438373|
438374|
438375|
438400|
438401|
438402|
438403|
438404|
438405|
438406|
438407|
438432|
438433|
438434|
438435|
438436|
438437|
438438|
438439|
438464|
438465|
438466|
438467|
438468|
438469|
438470|
438471|
438496|
438497|
438498|
438499|
438500|
438501|
438502|
438503|
438528|
438529|
438530|
438531|
438532|
438533|
438534|
438535|
438560|
438561|
438562|
438563|
438564|
438565|
438566|
438567|
438592|
438593|
438594|
438595|
438596|
438597|
438598|
438599|
438624|
438625|
438626|
438627|
438628|
438629|
438630|
438631|
438656|
438657|
438658|
438659|
438660|
438661|
438662|
438663|
438688|
438689|
438690|
438691|
438692|
438693|
438694|
438695|
438720|
438721|
438722|
438723|
438724|
438725|
438726|
438727|
438752|
438753|
438754|
438755|
438756|
438757|
438758|
438759|
438784|
438785|
438786|
438787|
438788|
438789|
438790|
438791|
438816|
438817|
438818|
438819|
438820|
438821|
438822|
438823|
438848|
438849|
438850|
438851|
438852|
438853|
438854|
438855|
438880|
438881|
438882|
438883|
438884|
438885|
438886|
438887|
438912|
438913|
438914|
438915|
438916|
438917|
438918|
438919|
438944|
438945|
438946|
438947|
438948|
438949|
438950|
438951|
438976|
438977|
438978|
438979|
438980|
438981|
438982|
438983|
439008|
439009|
439010|
439011|
439012|
439013|
439014|
439015|
439040|
439041|
439042|
439043|
439044|
439045|
439046|
439047|
439072|
439073|
439074|
439075|
439076|
439077|
439078|
439079|
439104|
439105|
439106|
439107|
439108|
439109|
439110|
439111|
439136|
439137|
439138|
439139|
439140|
439141|
439142|
439143|
439168|
439169|
439170|
439171|
439172|
439173|
439174|
439175|
439200|
439201|
439202|
439203|
439204|
439205|
439206|
439207|
439232|
439233|
439234|
439235|
439236|
439237|
439238|
439239|
439264|
439265|
439266|
439267|
439268|
439269|
439270|
439271|
439296|
439297|
439298|
439299|
439300|
439301|
439302|
439303|
439328|
439329|
439330|
439331|
439332|
439333|
439334|
439335|
439360|
439361|
439362|
439363|
439364|
439365|
439366|
439367|
439392|
439393|
439394|
439395|
439396|
439397|
439398|
439399|
439424|
439425|
439426|
439427|
439428|
439429|
439430|
439431|
439456|
439457|
439458|
439459|
439460|
439461|
439462|
439463|
439488|
439489|
439490|
439491|
439492|
439493|
439494|
439495|
439520|
439521|
439522|
439523|
439524|
439525|
439526|
439527|
439552|
439553|
439554|
439555|
439556|
439557|
439558|
439559|
439584|
439585|
439586|
439587|
439588|
439589|
439590|
439591|
439616|
439617|
439618|
439619|
439620|
439621|
439622|
439623|
439648|
439649|
439650|
439651|
439652|
439653|
439654|
439655|
439680|
439681|
439682|
439683|
439684|
439685|
439686|
439687|
439712|
439713|
439714|
439715|
439716|
439717|
439718|
439719|
439744|
439745|
439746|
439747|
439748|
439749|
439750|
439751|
439776|
439777|
439778|
439779|
439780|
439781|
439782|
439783|
439808|
439809|
439810|
439811|
439812|
439813|
439814|
439815|
439840|
439841|
439842|
439843|
439844|
439845|
439846|
439847|
439872|
439873|
439874|
439875|
439876|
439877|
439878|
439879|
439904|
439905|
439906|
439907|
439908|
439909|
439910|
439911|
439936|
439937|
439938|
439939|
439940|
439941|
439942|
439943|
439968|
439969|
439970|
439971|
439972|
439973|
439974|
439975|
440000|
440001|
440002|
440003|
440004|
440005|
440006|
440007|
440032|
440033|
440034|
440035|
440036|
440037|
440038|
440039|
440064|
440065|
440066|
440067|
440068|
440069|
440070|
440071|
440096|
440097|
440098|
440099|
440100|
440101|
440102|
440103|
440128|
440129|
440130|
440131|
440132|
440133|
440134|
440135|
440160|
440161|
440162|
440163|
440164|
440165|
440166|
440167|
440192|
440193|
440194|
440195|
440196|
440197|
440198|
440199|
440224|
440225|
440226|
440227|
440228|
440229|
440230|
440231|
440256|
440257|
440258|
440259|
440260|
440261|
440262|
440263|
440288|
440289|
440290|
440291|
440292|
440293|
440294|
440295|
440320|
440321|
440322|
440323|
440324|
440325|
440326|
440327|
440352|
440353|
440354|
440355|
440356|
440357|
440358|
440359|
440384|
440385|
440386|
440387|
440388|
440389|
440390|
440391|
440416|
440417|
440418|
440419|
440420|
440421|
440422|
440423|
440448|
440449|
440450|
440451|
440452|
440453|
440454|
440455|
440480|
440481|
440482|
440483|
440484|
440485|
440486|
440487|
440512|
440513|
440514|
440515|
440516|
440517|
440518|
440519|
440544|
440545|
440546|
440547|
440548|
440549|
440550|
440551|
440576|
440577|
440578|
440579|
440580|
440581|
440582|
440583|
440608|
440609|
440610|
440611|
440612|
440613|
440614|
440615|
440640|
440641|
440642|
440643|
440644|
440645|
440646|
440647|
440672|
440673|
440674|
440675|
440676|
440677|
440678|
440679|
440704|
440705|
440706|
440707|
440708|
440709|
440710|
440711|
440736|
440737|
440738|
440739|
440740|
440741|
440742|
440743|
440768|
440769|
440770|
440771|
440772|
440773|
440774|
440775|
440800|
440801|
440802|
440803|
440804|
440805|
440806|
440807|
440832|
440833|
440834|
440835|
440836|
440837|
440838|
440839|
440864|
440865|
440866|
440867|
440868|
440869|
440870|
440871|
440896|
440897|
440898|
440899|
440900|
440901|
440902|
440903|
440928|
440929|
440930|
440931|
440932|
440933|
440934|
440935|
440960|
440961|
440962|
440963|
440964|
440965|
440966|
440967|
440992|
440993|
440994|
440995|
440996|
440997|
440998|
440999|
441024|
441025|
441026|
441027|
441028|
441029|
441030|
441031|
441056|
441057|
441058|
441059|
441060|
441061|
441062|
441063|
441088|
441089|
441090|
441091|
441092|
441093|
441094|
441095|
441120|
441121|
441122|
441123|
441124|
441125|
441126|
441127|
441152|
441153|
441154|
441155|
441156|
441157|
441158|
441159|
441184|
441185|
441186|
441187|
441188|
441189|
441190|
441191|
441216|
441217|
441218|
441219|
441220|
441221|
441222|
441223|
441248|
441249|
441250|
441251|
441252|
441253|
441254|
441255|
441280|
441281|
441282|
441283|
441284|
441285|
441286|
441287|
441312|
441313|
441314|
441315|
441316|
441317|
441318|
441319|
441344|
441345|
441346|
441347|
441348|
441349|
441350|
441351|
441376|
441377|
441378|
441379|
441380|
441381|
441382|
441383|
441408|
441409|
441410|
441411|
441412|
441413|
441414|
441415|
441440|
441441|
441442|
441443|
441444|
441445|
441446|
441447|
441472|
441473|
441474|
441475|
441476|
441477|
441478|
441479|
441504|
441505|
441506|
441507|
441508|
441509|
441510|
441511|
441536|
441537|
441538|
441539|
441540|
441541|
441542|
441543|
441568|
441569|
441570|
441571|
441572|
441573|
441574|
441575|
441600|
441601|
441602|
441603|
441604|
441605|
441606|
441607|
441632|
441633|
441634|
441635|
441636|
441637|
441638|
441639|
441664|
441665|
441666|
441667|
441668|
441669|
441670|
441671|
441696|
441697|
441698|
441699|
441700|
441701|
441702|
441703|
441728|
441729|
441730|
441731|
441732|
441733|
441734|
441735|
441760|
441761|
441762|
441763|
441764|
441765|
441766|
441767|
441792|
441793|
441794|
441795|
441796|
441797|
441798|
441799|
441824|
441825|
441826|
441827|
441828|
441829|
441830|
441831|
441856|
441857|
441858|
441859|
441860|
441861|
441862|
441863|
441888|
441889|
441890|
441891|
441892|
441893|
441894|
441895|
441920|
441921|
441922|
441923|
441924|
441925|
441926|
441927|
441952|
441953|
441954|
441955|
441956|
441957|
441958|
441959|
441984|
441985|
441986|
441987|
441988|
441989|
441990|
441991|
442016|
442017|
442018|
442019|
442020|
442021|
442022|
442023|
442048|
442049|
442050|
442051|
442052|
442053|
442054|
442055|
442080|
442081|
442082|
442083|
442084|
442085|
442086|
442087|
442112|
442113|
442114|
442115|
442116|
442117|
442118|
442119|
442144|
442145|
442146|
442147|
442148|
442149|
442150|
442151|
442176|
442177|
442178|
442179|
442180|
442181|
442182|
442183|
442208|
442209|
442210|
442211|
442212|
442213|
442214|
442215|
442240|
442241|
442242|
442243|
442244|
442245|
442246|
442247|
442272|
442273|
442274|
442275|
442276|
442277|
442278|
442279|
442304|
442305|
442306|
442307|
442308|
442309|
442310|
442311|
442336|
442337|
442338|
442339|
442340|
442341|
442342|
442343|
442368|
442369|
442370|
442371|
442372|
442373|
442374|
442375|
442400|
442401|
442402|
442403|
442404|
442405|
442406|
442407|
442432|
442433|
442434|
442435|
442436|
442437|
442438|
442439|
442464|
442465|
442466|
442467|
442468|
442469|
442470|
442471|
442496|
442497|
442498|
442499|
442500|
442501|
442502|
442503|
442528|
442529|
442530|
442531|
442532|
442533|
442534|
442535|
442560|
442561|
442562|
442563|
442564|
442565|
442566|
442567|
442592|
442593|
442594|
442595|
442596|
442597|
442598|
442599|
442624|
442625|
442626|
442627|
442628|
442629|
442630|
442631|
442656|
442657|
442658|
442659|
442660|
442661|
442662|
442663|
442688|
442689|
442690|
442691|
442692|
442693|
442694|
442695|
442720|
442721|
442722|
442723|
442724|
442725|
442726|
442727|
442752|
442753|
442754|
442755|
442756|
442757|
442758|
442759|
442784|
442785|
442786|
442787|
442788|
442789|
442790|
442791|
442816|
442817|
442818|
442819|
442820|
442821|
442822|
442823|
442848|
442849|
442850|
442851|
442852|
442853|
442854|
442855|
442880|
442881|
442882|
442883|
442884|
442885|
442886|
442887|
442912|
442913|
442914|
442915|
442916|
442917|
442918|
442919|
442944|
442945|
442946|
442947|
442948|
442949|
442950|
442951|
442976|
442977|
442978|
442979|
442980|
442981|
442982|
442983|
443008|
443009|
443010|
443011|
443012|
443013|
443014|
443015|
443040|
443041|
443042|
443043|
443044|
443045|
443046|
443047|
443072|
443073|
443074|
443075|
443076|
443077|
443078|
443079|
443104|
443105|
443106|
443107|
443108|
443109|
443110|
443111|
443136|
443137|
443138|
443139|
443140|
443141|
443142|
443143|
443168|
443169|
443170|
443171|
443172|
443173|
443174|
443175|
443200|
443201|
443202|
443203|
443204|
443205|
443206|
443207|
443232|
443233|
443234|
443235|
443236|
443237|
443238|
443239|
443264|
443265|
443266|
443267|
443268|
443269|
443270|
443271|
443296|
443297|
443298|
443299|
443300|
443301|
443302|
443303|
443328|
443329|
443330|
443331|
443332|
443333|
443334|
443335|
443360|
443361|
443362|
443363|
443364|
443365|
443366|
443367|
443392|
443393|
443394|
443395|
443396|
443397|
443398|
443399|
443424|
443425|
443426|
443427|
443428|
443429|
443430|
443431|
443456|
443457|
443458|
443459|
443460|
443461|
443462|
443463|
443488|
443489|
443490|
443491|
443492|
443493|
443494|
443495|
443520|
443521|
443522|
443523|
443524|
443525|
443526|
443527|
443552|
443553|
443554|
443555|
443556|
443557|
443558|
443559|
443584|
443585|
443586|
443587|
443588|
443589|
443590|
443591|
443616|
443617|
443618|
443619|
443620|
443621|
443622|
443623|
443648|
443649|
443650|
443651|
443652|
443653|
443654|
443655|
443680|
443681|
443682|
443683|
443684|
443685|
443686|
443687|
443712|
443713|
443714|
443715|
443716|
443717|
443718|
443719|
443744|
443745|
443746|
443747|
443748|
443749|
443750|
443751|
443776|
443777|
443778|
443779|
443780|
443781|
443782|
443783|
443808|
443809|
443810|
443811|
443812|
443813|
443814|
443815|
443840|
443841|
443842|
443843|
443844|
443845|
443846|
443847|
443872|
443873|
443874|
443875|
443876|
443877|
443878|
443879|
443904|
443905|
443906|
443907|
443908|
443909|
443910|
443911|
443936|
443937|
443938|
443939|
443940|
443941|
443942|
443943|
443968|
443969|
443970|
443971|
443972|
443973|
443974|
443975|
444000|
