401989|
401990|
401991|
402016|
402017|
402018|
402019|
402020|
402021|
402022|
402023|
402048|
402049|
402050|
402051|
402052|
402053|
402054|
402055|
402080|
402081|
402082|
402083|
402084|
402085|
402086|
402087|
402112|
402113|
402114|
402115|
402116|
402117|
402118|
402119|
402144|
402145|
402146|
402147|
402148|
402149|
402150|
402151|
402176|
402177|
402178|
402179|
402180|
402181|
402182|
402183|
402208|
402209|
402210|
402211|
402212|
402213|
402214|
402215|
402240|
402241|
402242|
402243|
402244|
402245|
402246|
402247|
402272|
402273|
402274|
402275|
402276|
402277|
402278|
402279|
402304|
402305|
402306|
402307|
402308|
402309|
402310|
402311|
402336|
402337|
402338|
402339|
402340|
402341|
402342|
402343|
402368|
402369|
402370|
402371|
402372|
402373|
402374|
402375|
402400|
402401|
402402|
402403|
402404|
402405|
402406|
402407|
402432|
402433|
402434|
402435|
402436|
402437|
402438|
402439|
402464|
402465|
402466|
402467|
402468|
402469|
402470|
402471|
402496|
402497|
402498|
402499|
402500|
402501|
402502|
402503|
402528|
402529|
402530|
402531|
402532|
402533|
402534|
402535|
402560|
402561|
402562|
402563|
402564|
402565|
402566|
402567|
402592|
402593|
402594|
402595|
402596|
402597|
402598|
402599|
402624|
402625|
402626|
402627|
402628|
402629|
402630|
402631|
402656|
402657|
402658|
402659|
402660|
402661|
402662|
402663|
402688|
402689|
402690|
402691|
402692|
402693|
402694|
402695|
402720|
402721|
402722|
402723|
402724|
402725|
402726|
402727|
402752|
402753|
402754|
402755|
402756|
402757|
402758|
402759|
402784|
402785|
402786|
402787|
402788|
402789|
402790|
402791|
402816|
402817|
402818|
402819|
402820|
402821|
402822|
402823|
402848|
402849|
402850|
402851|
402852|
402853|
402854|
402855|
402880|
402881|
402882|
402883|
402884|
402885|
402886|
402887|
402912|
402913|
402914|
402915|
402916|
402917|
402918|
402919|
402944|
402945|
402946|
402947|
402948|
402949|
402950|
402951|
402976|
402977|
402978|
402979|
402980|
402981|
402982|
402983|
403008|
403009|
403010|
403011|
403012|
403013|
403014|
403015|
403040|
403041|
403042|
403043|
403044|
403045|
403046|
403047|
403072|
403073|
403074|
403075|
403076|
403077|
403078|
403079|
403104|
403105|
403106|
403107|
403108|
403109|
403110|
403111|
403136|
403137|
403138|
403139|
403140|
403141|
403142|
403143|
403168|
403169|
403170|
403171|
403172|
403173|
403174|
403175|
403200|
403201|
403202|
403203|
403204|
403205|
403206|
403207|
403232|
403233|
403234|
403235|
403236|
403237|
403238|
403239|
403264|
403265|
403266|
403267|
403268|
403269|
403270|
403271|
403296|
403297|
403298|
403299|
403300|
403301|
403302|
403303|
403328|
403329|
403330|
403331|
403332|
403333|
403334|
403335|
403360|
403361|
403362|
403363|
403364|
403365|
403366|
403367|
403392|
403393|
403394|
403395|
403396|
403397|
403398|
403399|
403424|
403425|
403426|
403427|
403428|
403429|
403430|
403431|
403456|
403457|
403458|
403459|
403460|
403461|
403462|
403463|
403488|
403489|
403490|
403491|
403492|
403493|
403494|
403495|
403520|
403521|
403522|
403523|
403524|
403525|
403526|
403527|
403552|
403553|
403554|
403555|
403556|
403557|
403558|
403559|
403584|
403585|
403586|
403587|
403588|
403589|
403590|
403591|
403616|
403617|
403618|
403619|
403620|
403621|
403622|
403623|
403648|
403649|
403650|
403651|
403652|
403653|
403654|
403655|
403680|
403681|
403682|
403683|
403684|
403685|
403686|
403687|
403712|
403713|
403714|
403715|
403716|
403717|
403718|
403719|
403744|
403745|
403746|
403747|
403748|
403749|
403750|
403751|
403776|
403777|
403778|
403779|
403780|
403781|
403782|
403783|
403808|
403809|
403810|
403811|
403812|
403813|
403814|
403815|
403840|
403841|
403842|
403843|
403844|
403845|
403846|
403847|
403872|
403873|
403874|
403875|
403876|
403877|
403878|
403879|
403904|
403905|
403906|
403907|
403908|
403909|
403910|
403911|
403936|
403937|
403938|
403939|
403940|
403941|
403942|
403943|
403968|
403969|
403970|
403971|
403972|
403973|
403974|
403975|
404000|
404001|
404002|
404003|
404004|
404005|
404006|
404007|
404032|
404033|
404034|
404035|
404036|
404037|
404038|
404039|
404064|
404065|
404066|
404067|
404068|
404069|
404070|
404071|
404096|
404097|
404098|
404099|
404100|
404101|
404102|
404103|
404128|
404129|
404130|
404131|
404132|
404133|
404134|
404135|
404160|
404161|
404162|
404163|
404164|
404165|
404166|
404167|
404192|
404193|
404194|
404195|
404196|
404197|
404198|
404199|
404224|
404225|
404226|
404227|
404228|
404229|
404230|
404231|
404256|
404257|
404258|
404259|
404260|
404261|
404262|
404263|
404288|
404289|
404290|
404291|
404292|
404293|
404294|
404295|
404320|
404321|
404322|
404323|
404324|
404325|
404326|
404327|
404352|
404353|
404354|
404355|
404356|
404357|
404358|
404359|
404384|
404385|
404386|
404387|
404388|
404389|
404390|
404391|
404416|
404417|
404418|
404419|
404420|
404421|
404422|
404423|
404448|
404449|
404450|
404451|
404452|
404453|
404454|
404455|
404480|
404481|
404482|
404483|
404484|
404485|
404486|
404487|
404512|
404513|
404514|
404515|
404516|
404517|
404518|
404519|
404544|
404545|
404546|
404547|
404548|
404549|
404550|
404551|
404576|
404577|
404578|
404579|
404580|
404581|
404582|
404583|
404608|
404609|
404610|
404611|
404612|
404613|
404614|
404615|
404640|
404641|
404642|
404643|
404644|
404645|
404646|
404647|
404672|
404673|
404674|
404675|
404676|
404677|
404678|
404679|
404704|
404705|
404706|
404707|
404708|
404709|
404710|
404711|
404736|
404737|
404738|
404739|
404740|
404741|
404742|
404743|
404768|
404769|
404770|
404771|
404772|
404773|
404774|
404775|
404800|
404801|
404802|
404803|
404804|
404805|
404806|
404807|
404832|
404833|
404834|
404835|
404836|
404837|
404838|
404839|
404864|
404865|
404866|
404867|
404868|
404869|
404870|
404871|
404896|
404897|
404898|
404899|
404900|
404901|
404902|
404903|
404928|
404929|
404930|
404931|
404932|
404933|
404934|
404935|
404960|
404961|
404962|
404963|
404964|
404965|
404966|
404967|
404992|
404993|
404994|
404995|
404996|
404997|
404998|
404999|
405024|
405025|
405026|
405027|
405028|
405029|
405030|
405031|
405056|
405057|
405058|
405059|
405060|
405061|
405062|
405063|
405088|
405089|
405090|
405091|
405092|
405093|
405094|
405095|
405120|
405121|
405122|
405123|
405124|
405125|
405126|
405127|
405152|
405153|
405154|
405155|
405156|
405157|
405158|
405159|
405184|
405185|
405186|
405187|
405188|
405189|
405190|
405191|
405216|
405217|
405218|
405219|
405220|
405221|
405222|
405223|
405248|
405249|
405250|
405251|
405252|
405253|
405254|
405255|
405280|
405281|
405282|
405283|
405284|
405285|
405286|
405287|
405312|
405313|
405314|
405315|
405316|
405317|
405318|
405319|
405344|
405345|
405346|
405347|
405348|
405349|
405350|
405351|
405376|
405377|
405378|
405379|
405380|
405381|
405382|
405383|
405408|
405409|
405410|
405411|
405412|
405413|
405414|
405415|
405440|
405441|
405442|
405443|
405444|
405445|
405446|
405447|
405472|
405473|
405474|
405475|
405476|
405477|
405478|
405479|
405504|
405505|
405506|
405507|
405508|
405509|
405510|
405511|
405536|
405537|
405538|
405539|
405540|
405541|
405542|
405543|
405568|
405569|
405570|
405571|
405572|
405573|
405574|
405575|
405600|
405601|
405602|
405603|
405604|
405605|
405606|
405607|
405632|
405633|
405634|
405635|
405636|
405637|
405638|
405639|
405664|
405665|
405666|
405667|
405668|
405669|
405670|
405671|
405696|
405697|
405698|
405699|
405700|
405701|
405702|
405703|
405728|
405729|
405730|
405731|
405732|
405733|
405734|
405735|
405760|
405761|
405762|
405763|
405764|
405765|
405766|
405767|
405792|
405793|
405794|
405795|
405796|
405797|
405798|
405799|
405824|
405825|
405826|
405827|
405828|
405829|
405830|
405831|
405856|
405857|
405858|
405859|
405860|
405861|
405862|
405863|
405888|
405889|
405890|
405891|
405892|
405893|
405894|
405895|
405920|
405921|
405922|
405923|
405924|
405925|
405926|
405927|
405952|
405953|
405954|
405955|
405956|
405957|
405958|
405959|
405984|
405985|
405986|
405987|
405988|
405989|
405990|
405991|
406016|
406017|
406018|
406019|
406020|
406021|
406022|
406023|
406048|
406049|
406050|
406051|
406052|
406053|
406054|
406055|
406080|
406081|
406082|
406083|
406084|
406085|
406086|
406087|
406112|
406113|
406114|
406115|
406116|
406117|
406118|
406119|
406144|
406145|
406146|
406147|
406148|
406149|
406150|
406151|
406176|
406177|
406178|
406179|
406180|
406181|
406182|
406183|
406208|
406209|
406210|
406211|
406212|
406213|
406214|
406215|
406240|
406241|
406242|
406243|
406244|
406245|
406246|
406247|
406272|
406273|
406274|
406275|
406276|
406277|
406278|
406279|
406304|
406305|
406306|
406307|
406308|
406309|
406310|
406311|
406336|
406337|
406338|
406339|
406340|
406341|
406342|
406343|
406368|
406369|
406370|
406371|
406372|
406373|
406374|
406375|
406400|
406401|
406402|
406403|
406404|
406405|
406406|
406407|
406432|
406433|
406434|
406435|
406436|
406437|
406438|
406439|
406464|
406465|
406466|
406467|
406468|
406469|
406470|
406471|
406496|
406497|
406498|
406499|
406500|
406501|
406502|
406503|
406528|
406529|
406530|
406531|
406532|
406533|
406534|
406535|
406560|
406561|
406562|
406563|
406564|
406565|
406566|
406567|
406592|
406593|
406594|
406595|
406596|
406597|
406598|
406599|
406624|
406625|
406626|
406627|
406628|
406629|
406630|
406631|
406656|
406657|
406658|
406659|
406660|
406661|
406662|
406663|
406688|
406689|
406690|
406691|
406692|
406693|
406694|
406695|
406720|
406721|
406722|
406723|
406724|
406725|
406726|
406727|
406752|
406753|
406754|
406755|
406756|
406757|
406758|
406759|
406784|
406785|
406786|
406787|
406788|
406789|
406790|
406791|
406816|
406817|
406818|
406819|
406820|
406821|
406822|
406823|
406848|
406849|
406850|
406851|
406852|
406853|
406854|
406855|
406880|
406881|
406882|
406883|
406884|
406885|
406886|
406887|
406912|
406913|
406914|
406915|
406916|
406917|
406918|
406919|
406944|
406945|
406946|
406947|
406948|
406949|
406950|
406951|
406976|
406977|
406978|
406979|
406980|
406981|
406982|
406983|
407008|
407009|
407010|
407011|
407012|
407013|
407014|
407015|
407040|
407041|
407042|
407043|
407044|
407045|
407046|
407047|
407072|
407073|
407074|
407075|
407076|
407077|
407078|
407079|
407104|
407105|
407106|
407107|
407108|
407109|
407110|
407111|
407136|
407137|
407138|
407139|
407140|
407141|
407142|
407143|
407168|
407169|
407170|
407171|
407172|
407173|
407174|
407175|
407200|
407201|
407202|
407203|
407204|
407205|
407206|
407207|
407232|
407233|
407234|
407235|
407236|
407237|
407238|
407239|
407264|
407265|
407266|
407267|
407268|
407269|
407270|
407271|
407296|
407297|
407298|
407299|
407300|
407301|
407302|
407303|
407328|
407329|
407330|
407331|
407332|
407333|
407334|
407335|
407360|
407361|
407362|
407363|
407364|
407365|
407366|
407367|
407392|
407393|
407394|
407395|
407396|
407397|
407398|
407399|
407424|
407425|
407426|
407427|
407428|
407429|
407430|
407431|
407456|
407457|
407458|
407459|
407460|
407461|
407462|
407463|
407488|
407489|
407490|
407491|
407492|
407493|
407494|
407495|
407520|
407521|
407522|
407523|
407524|
407525|
407526|
407527|
407552|
407553|
407554|
407555|
407556|
407557|
407558|
407559|
407584|
407585|
407586|
407587|
407588|
407589|
407590|
407591|
407616|
407617|
407618|
407619|
407620|
407621|
407622|
407623|
407648|
407649|
407650|
407651|
407652|
407653|
407654|
407655|
407680|
407681|
407682|
407683|
407684|
407685|
407686|
407687|
407712|
407713|
407714|
407715|
407716|
407717|
407718|
407719|
407744|
407745|
407746|
407747|
407748|
407749|
407750|
407751|
407776|
407777|
407778|
407779|
407780|
407781|
407782|
407783|
407808|
407809|
407810|
407811|
407812|
407813|
407814|
407815|
407840|
407841|
407842|
407843|
407844|
407845|
407846|
407847|
407872|
407873|
407874|
407875|
407876|
407877|
407878|
407879|
407904|
407905|
407906|
407907|
407908|
407909|
407910|
407911|
407936|
407937|
407938|
407939|
407940|
407941|
407942|
407943|
407968|
407969|
407970|
407971|
407972|
407973|
407974|
407975|
408000|
