1757989|
1757990|
1757991|
1758016|
1758017|
1758018|
1758019|
1758020|
1758021|
1758022|
1758023|
1758048|
1758049|
1758050|
1758051|
1758052|
1758053|
1758054|
1758055|
1758080|
1758081|
1758082|
1758083|
1758084|
1758085|
1758086|
1758087|
1758112|
1758113|
1758114|
1758115|
1758116|
1758117|
1758118|
1758119|
1758144|
1758145|
1758146|
1758147|
1758148|
1758149|
1758150|
1758151|
1758176|
1758177|
1758178|
1758179|
1758180|
1758181|
1758182|
1758183|
1758208|
1758209|
1758210|
1758211|
1758212|
1758213|
1758214|
1758215|
1758240|
1758241|
1758242|
1758243|
1758244|
1758245|
1758246|
1758247|
1758272|
1758273|
1758274|
1758275|
1758276|
1758277|
1758278|
1758279|
1758304|
1758305|
1758306|
1758307|
1758308|
1758309|
1758310|
1758311|
1758336|
1758337|
1758338|
1758339|
1758340|
1758341|
1758342|
1758343|
1758368|
1758369|
1758370|
1758371|
1758372|
1758373|
1758374|
1758375|
1758400|
1758401|
1758402|
1758403|
1758404|
1758405|
1758406|
1758407|
1758432|
1758433|
1758434|
1758435|
1758436|
1758437|
1758438|
1758439|
1758464|
1758465|
1758466|
1758467|
1758468|
1758469|
1758470|
1758471|
1758496|
1758497|
1758498|
1758499|
1758500|
1758501|
1758502|
1758503|
1758528|
1758529|
1758530|
1758531|
1758532|
1758533|
1758534|
1758535|
1758560|
1758561|
1758562|
1758563|
1758564|
1758565|
1758566|
1758567|
1758592|
1758593|
1758594|
1758595|
1758596|
1758597|
1758598|
1758599|
1758624|
1758625|
1758626|
1758627|
1758628|
1758629|
1758630|
1758631|
1758656|
1758657|
1758658|
1758659|
1758660|
1758661|
1758662|
1758663|
1758688|
1758689|
1758690|
1758691|
1758692|
1758693|
1758694|
1758695|
1758720|
1758721|
1758722|
1758723|
1758724|
1758725|
1758726|
1758727|
1758752|
1758753|
1758754|
1758755|
1758756|
1758757|
1758758|
1758759|
1758784|
1758785|
1758786|
1758787|
1758788|
1758789|
1758790|
1758791|
1758816|
1758817|
1758818|
1758819|
1758820|
1758821|
1758822|
1758823|
1758848|
1758849|
1758850|
1758851|
1758852|
1758853|
1758854|
1758855|
1758880|
1758881|
1758882|
1758883|
1758884|
1758885|
1758886|
1758887|
1758912|
1758913|
1758914|
1758915|
1758916|
1758917|
1758918|
1758919|
1758944|
1758945|
1758946|
1758947|
1758948|
1758949|
1758950|
1758951|
1758976|
1758977|
1758978|
1758979|
1758980|
1758981|
1758982|
1758983|
1759008|
1759009|
1759010|
1759011|
1759012|
1759013|
1759014|
1759015|
1759040|
1759041|
1759042|
1759043|
1759044|
1759045|
1759046|
1759047|
1759072|
1759073|
1759074|
1759075|
1759076|
1759077|
1759078|
1759079|
1759104|
1759105|
1759106|
1759107|
1759108|
1759109|
1759110|
1759111|
1759136|
1759137|
1759138|
1759139|
1759140|
1759141|
1759142|
1759143|
1759168|
1759169|
1759170|
1759171|
1759172|
1759173|
1759174|
1759175|
1759200|
1759201|
1759202|
1759203|
1759204|
1759205|
1759206|
1759207|
1759232|
1759233|
1759234|
1759235|
1759236|
1759237|
1759238|
1759239|
1759264|
1759265|
1759266|
1759267|
1759268|
1759269|
1759270|
1759271|
1759296|
1759297|
1759298|
1759299|
1759300|
1759301|
1759302|
1759303|
1759328|
1759329|
1759330|
1759331|
1759332|
1759333|
1759334|
1759335|
1759360|
1759361|
1759362|
1759363|
1759364|
1759365|
1759366|
1759367|
1759392|
1759393|
1759394|
1759395|
1759396|
1759397|
1759398|
1759399|
1759424|
1759425|
1759426|
1759427|
1759428|
1759429|
1759430|
1759431|
1759456|
1759457|
1759458|
1759459|
1759460|
1759461|
1759462|
1759463|
1759488|
1759489|
1759490|
1759491|
1759492|
1759493|
1759494|
1759495|
1759520|
1759521|
1759522|
1759523|
1759524|
1759525|
1759526|
1759527|
1759552|
1759553|
1759554|
1759555|
1759556|
1759557|
1759558|
1759559|
1759584|
1759585|
1759586|
1759587|
1759588|
1759589|
1759590|
1759591|
1759616|
1759617|
1759618|
1759619|
1759620|
1759621|
1759622|
1759623|
1759648|
1759649|
1759650|
1759651|
1759652|
1759653|
1759654|
1759655|
1759680|
1759681|
1759682|
1759683|
1759684|
1759685|
1759686|
1759687|
1759712|
1759713|
1759714|
1759715|
1759716|
1759717|
1759718|
1759719|
1759744|
1759745|
1759746|
1759747|
1759748|
1759749|
1759750|
1759751|
1759776|
1759777|
1759778|
1759779|
1759780|
1759781|
1759782|
1759783|
1759808|
1759809|
1759810|
1759811|
1759812|
1759813|
1759814|
1759815|
1759840|
1759841|
1759842|
1759843|
1759844|
1759845|
1759846|
1759847|
1759872|
1759873|
1759874|
1759875|
1759876|
1759877|
1759878|
1759879|
1759904|
1759905|
1759906|
1759907|
1759908|
1759909|
1759910|
1759911|
1759936|
1759937|
1759938|
1759939|
1759940|
1759941|
1759942|
1759943|
1759968|
1759969|
1759970|
1759971|
1759972|
1759973|
1759974|
1759975|
1760000|
1760001|
1760002|
1760003|
1760004|
1760005|
1760006|
1760007|
1760032|
1760033|
1760034|
1760035|
1760036|
1760037|
1760038|
1760039|
1760064|
1760065|
1760066|
1760067|
1760068|
1760069|
1760070|
1760071|
1760096|
1760097|
1760098|
1760099|
1760100|
1760101|
1760102|
1760103|
1760128|
1760129|
1760130|
1760131|
1760132|
1760133|
1760134|
1760135|
1760160|
1760161|
1760162|
1760163|
1760164|
1760165|
1760166|
1760167|
1760192|
1760193|
1760194|
1760195|
1760196|
1760197|
1760198|
1760199|
1760224|
1760225|
1760226|
1760227|
1760228|
1760229|
1760230|
1760231|
1760256|
1760257|
1760258|
1760259|
1760260|
1760261|
1760262|
1760263|
1760288|
1760289|
1760290|
1760291|
1760292|
1760293|
1760294|
1760295|
1760320|
1760321|
1760322|
1760323|
1760324|
1760325|
1760326|
1760327|
1760352|
1760353|
1760354|
1760355|
1760356|
1760357|
1760358|
1760359|
1760384|
1760385|
1760386|
1760387|
1760388|
1760389|
1760390|
1760391|
1760416|
1760417|
1760418|
1760419|
1760420|
1760421|
1760422|
1760423|
1760448|
1760449|
1760450|
1760451|
1760452|
1760453|
1760454|
1760455|
1760480|
1760481|
1760482|
1760483|
1760484|
1760485|
1760486|
1760487|
1760512|
1760513|
1760514|
1760515|
1760516|
1760517|
1760518|
1760519|
1760544|
1760545|
1760546|
1760547|
1760548|
1760549|
1760550|
1760551|
1760576|
1760577|
1760578|
1760579|
1760580|
1760581|
1760582|
1760583|
1760608|
1760609|
1760610|
1760611|
1760612|
1760613|
1760614|
1760615|
1760640|
1760641|
1760642|
1760643|
1760644|
1760645|
1760646|
1760647|
1760672|
1760673|
1760674|
1760675|
1760676|
1760677|
1760678|
1760679|
1760704|
1760705|
1760706|
1760707|
1760708|
1760709|
1760710|
1760711|
1760736|
1760737|
1760738|
1760739|
1760740|
1760741|
1760742|
1760743|
1760768|
1760769|
1760770|
1760771|
1760772|
1760773|
1760774|
1760775|
1760800|
1760801|
1760802|
1760803|
1760804|
1760805|
1760806|
1760807|
1760832|
1760833|
1760834|
1760835|
1760836|
1760837|
1760838|
1760839|
1760864|
1760865|
1760866|
1760867|
1760868|
1760869|
1760870|
1760871|
1760896|
1760897|
1760898|
1760899|
1760900|
1760901|
1760902|
1760903|
1760928|
1760929|
1760930|
1760931|
1760932|
1760933|
1760934|
1760935|
1760960|
1760961|
1760962|
1760963|
1760964|
1760965|
1760966|
1760967|
1760992|
1760993|
1760994|
1760995|
1760996|
1760997|
1760998|
1760999|
1761024|
1761025|
1761026|
1761027|
1761028|
1761029|
1761030|
1761031|
1761056|
1761057|
1761058|
1761059|
1761060|
1761061|
1761062|
1761063|
1761088|
1761089|
1761090|
1761091|
1761092|
1761093|
1761094|
1761095|
1761120|
1761121|
1761122|
1761123|
1761124|
1761125|
1761126|
1761127|
1761152|
1761153|
1761154|
1761155|
1761156|
1761157|
1761158|
1761159|
1761184|
1761185|
1761186|
1761187|
1761188|
1761189|
1761190|
1761191|
1761216|
1761217|
1761218|
1761219|
1761220|
1761221|
1761222|
1761223|
1761248|
1761249|
1761250|
1761251|
1761252|
1761253|
1761254|
1761255|
1761280|
1761281|
1761282|
1761283|
1761284|
1761285|
1761286|
1761287|
1761312|
1761313|
1761314|
1761315|
1761316|
1761317|
1761318|
1761319|
1761344|
1761345|
1761346|
1761347|
1761348|
1761349|
1761350|
1761351|
1761376|
1761377|
1761378|
1761379|
1761380|
1761381|
1761382|
1761383|
1761408|
1761409|
1761410|
1761411|
1761412|
1761413|
1761414|
1761415|
1761440|
1761441|
1761442|
1761443|
1761444|
1761445|
1761446|
1761447|
1761472|
1761473|
1761474|
1761475|
1761476|
1761477|
1761478|
1761479|
1761504|
1761505|
1761506|
1761507|
1761508|
1761509|
1761510|
1761511|
1761536|
1761537|
1761538|
1761539|
1761540|
1761541|
1761542|
1761543|
1761568|
1761569|
1761570|
1761571|
1761572|
1761573|
1761574|
1761575|
1761600|
1761601|
1761602|
1761603|
1761604|
1761605|
1761606|
1761607|
1761632|
1761633|
1761634|
1761635|
1761636|
1761637|
1761638|
1761639|
1761664|
1761665|
1761666|
1761667|
1761668|
1761669|
1761670|
1761671|
1761696|
1761697|
1761698|
1761699|
1761700|
1761701|
1761702|
1761703|
1761728|
1761729|
1761730|
1761731|
1761732|
1761733|
1761734|
1761735|
1761760|
1761761|
1761762|
1761763|
1761764|
1761765|
1761766|
1761767|
1761792|
1761793|
1761794|
1761795|
1761796|
1761797|
1761798|
1761799|
1761824|
1761825|
1761826|
1761827|
1761828|
1761829|
1761830|
1761831|
1761856|
1761857|
1761858|
1761859|
1761860|
1761861|
1761862|
1761863|
1761888|
1761889|
1761890|
1761891|
1761892|
1761893|
1761894|
1761895|
1761920|
1761921|
1761922|
1761923|
1761924|
1761925|
1761926|
1761927|
1761952|
1761953|
1761954|
1761955|
1761956|
1761957|
1761958|
1761959|
1761984|
1761985|
1761986|
1761987|
1761988|
1761989|
1761990|
1761991|
1762016|
1762017|
1762018|
1762019|
1762020|
1762021|
1762022|
1762023|
1762048|
1762049|
1762050|
1762051|
1762052|
1762053|
1762054|
1762055|
1762080|
1762081|
1762082|
1762083|
1762084|
1762085|
1762086|
1762087|
1762112|
1762113|
1762114|
1762115|
1762116|
1762117|
1762118|
1762119|
1762144|
1762145|
1762146|
1762147|
1762148|
1762149|
1762150|
1762151|
1762176|
1762177|
1762178|
1762179|
1762180|
1762181|
1762182|
1762183|
1762208|
1762209|
1762210|
1762211|
1762212|
1762213|
1762214|
1762215|
1762240|
1762241|
1762242|
1762243|
1762244|
1762245|
1762246|
1762247|
1762272|
1762273|
1762274|
1762275|
1762276|
1762277|
1762278|
1762279|
1762304|
1762305|
1762306|
1762307|
1762308|
1762309|
1762310|
1762311|
1762336|
1762337|
1762338|
1762339|
1762340|
1762341|
1762342|
1762343|
1762368|
1762369|
1762370|
1762371|
1762372|
1762373|
1762374|
1762375|
1762400|
1762401|
1762402|
1762403|
1762404|
1762405|
1762406|
1762407|
1762432|
1762433|
1762434|
1762435|
1762436|
1762437|
1762438|
1762439|
1762464|
1762465|
1762466|
1762467|
1762468|
1762469|
1762470|
1762471|
1762496|
1762497|
1762498|
1762499|
1762500|
1762501|
1762502|
1762503|
1762528|
1762529|
1762530|
1762531|
1762532|
1762533|
1762534|
1762535|
1762560|
1762561|
1762562|
1762563|
1762564|
1762565|
1762566|
1762567|
1762592|
1762593|
1762594|
1762595|
1762596|
1762597|
1762598|
1762599|
1762624|
1762625|
1762626|
1762627|
1762628|
1762629|
1762630|
1762631|
1762656|
1762657|
1762658|
1762659|
1762660|
1762661|
1762662|
1762663|
1762688|
1762689|
1762690|
1762691|
1762692|
1762693|
1762694|
1762695|
1762720|
1762721|
1762722|
1762723|
1762724|
1762725|
1762726|
1762727|
1762752|
1762753|
1762754|
1762755|
1762756|
1762757|
1762758|
1762759|
1762784|
1762785|
1762786|
1762787|
1762788|
1762789|
1762790|
1762791|
1762816|
1762817|
1762818|
1762819|
1762820|
1762821|
1762822|
1762823|
1762848|
1762849|
1762850|
1762851|
1762852|
1762853|
1762854|
1762855|
1762880|
1762881|
1762882|
1762883|
1762884|
1762885|
1762886|
1762887|
1762912|
1762913|
1762914|
1762915|
1762916|
1762917|
1762918|
1762919|
1762944|
1762945|
1762946|
1762947|
1762948|
1762949|
1762950|
1762951|
1762976|
1762977|
1762978|
1762979|
1762980|
1762981|
1762982|
1762983|
1763008|
1763009|
1763010|
1763011|
1763012|
1763013|
1763014|
1763015|
1763040|
1763041|
1763042|
1763043|
1763044|
1763045|
1763046|
1763047|
1763072|
1763073|
1763074|
1763075|
1763076|
1763077|
1763078|
1763079|
1763104|
1763105|
1763106|
1763107|
1763108|
1763109|
1763110|
1763111|
1763136|
1763137|
1763138|
1763139|
1763140|
1763141|
1763142|
1763143|
1763168|
1763169|
1763170|
1763171|
1763172|
1763173|
1763174|
1763175|
1763200|
1763201|
1763202|
1763203|
1763204|
1763205|
1763206|
1763207|
1763232|
1763233|
1763234|
1763235|
1763236|
1763237|
1763238|
1763239|
1763264|
1763265|
1763266|
1763267|
1763268|
1763269|
1763270|
1763271|
1763296|
1763297|
1763298|
1763299|
1763300|
1763301|
1763302|
1763303|
1763328|
1763329|
1763330|
1763331|
1763332|
1763333|
1763334|
1763335|
1763360|
1763361|
1763362|
1763363|
1763364|
1763365|
1763366|
1763367|
1763392|
1763393|
1763394|
1763395|
1763396|
1763397|
1763398|
1763399|
1763424|
1763425|
1763426|
1763427|
1763428|
1763429|
1763430|
1763431|
1763456|
1763457|
1763458|
1763459|
1763460|
1763461|
1763462|
1763463|
1763488|
1763489|
1763490|
1763491|
1763492|
1763493|
1763494|
1763495|
1763520|
1763521|
1763522|
1763523|
1763524|
1763525|
1763526|
1763527|
1763552|
1763553|
1763554|
1763555|
1763556|
1763557|
1763558|
1763559|
1763584|
1763585|
1763586|
1763587|
1763588|
1763589|
1763590|
1763591|
1763616|
1763617|
1763618|
1763619|
1763620|
1763621|
1763622|
1763623|
1763648|
1763649|
1763650|
1763651|
1763652|
1763653|
1763654|
1763655|
1763680|
1763681|
1763682|
1763683|
1763684|
1763685|
1763686|
1763687|
1763712|
1763713|
1763714|
1763715|
1763716|
1763717|
1763718|
1763719|
1763744|
1763745|
1763746|
1763747|
1763748|
1763749|
1763750|
1763751|
1763776|
1763777|
1763778|
1763779|
1763780|
1763781|
1763782|
1763783|
1763808|
1763809|
1763810|
1763811|
1763812|
1763813|
1763814|
1763815|
1763840|
1763841|
1763842|
1763843|
1763844|
1763845|
1763846|
1763847|
1763872|
1763873|
1763874|
1763875|
1763876|
1763877|
1763878|
1763879|
1763904|
1763905|
1763906|
1763907|
1763908|
1763909|
1763910|
1763911|
1763936|
1763937|
1763938|
1763939|
1763940|
1763941|
1763942|
1763943|
1763968|
1763969|
1763970|
1763971|
1763972|
1763973|
1763974|
1763975|
1764000|
