2717989|
2717990|
2717991|
2718016|
2718017|
2718018|
2718019|
2718020|
2718021|
2718022|
2718023|
2718048|
2718049|
2718050|
2718051|
2718052|
2718053|
2718054|
2718055|
2718080|
2718081|
2718082|
2718083|
2718084|
2718085|
2718086|
2718087|
2718112|
2718113|
2718114|
2718115|
2718116|
2718117|
2718118|
2718119|
2718144|
2718145|
2718146|
2718147|
2718148|
2718149|
2718150|
2718151|
2718176|
2718177|
2718178|
2718179|
2718180|
2718181|
2718182|
2718183|
2718208|
2718209|
2718210|
2718211|
2718212|
2718213|
2718214|
2718215|
2718240|
2718241|
2718242|
2718243|
2718244|
2718245|
2718246|
2718247|
2718272|
2718273|
2718274|
2718275|
2718276|
2718277|
2718278|
2718279|
2718304|
2718305|
2718306|
2718307|
2718308|
2718309|
2718310|
2718311|
2718336|
2718337|
2718338|
2718339|
2718340|
2718341|
2718342|
2718343|
2718368|
2718369|
2718370|
2718371|
2718372|
2718373|
2718374|
2718375|
2718400|
2718401|
2718402|
2718403|
2718404|
2718405|
2718406|
2718407|
2718432|
2718433|
2718434|
2718435|
2718436|
2718437|
2718438|
2718439|
2718464|
2718465|
2718466|
2718467|
2718468|
2718469|
2718470|
2718471|
2718496|
2718497|
2718498|
2718499|
2718500|
2718501|
2718502|
2718503|
2718528|
2718529|
2718530|
2718531|
2718532|
2718533|
2718534|
2718535|
2718560|
2718561|
2718562|
2718563|
2718564|
2718565|
2718566|
2718567|
2718592|
2718593|
2718594|
2718595|
2718596|
2718597|
2718598|
2718599|
2718624|
2718625|
2718626|
2718627|
2718628|
2718629|
2718630|
2718631|
2718656|
2718657|
2718658|
2718659|
2718660|
2718661|
2718662|
2718663|
2718688|
2718689|
2718690|
2718691|
2718692|
2718693|
2718694|
2718695|
2718720|
2718721|
2718722|
2718723|
2718724|
2718725|
2718726|
2718727|
2718752|
2718753|
2718754|
2718755|
2718756|
2718757|
2718758|
2718759|
2718784|
2718785|
2718786|
2718787|
2718788|
2718789|
2718790|
2718791|
2718816|
2718817|
2718818|
2718819|
2718820|
2718821|
2718822|
2718823|
2718848|
2718849|
2718850|
2718851|
2718852|
2718853|
2718854|
2718855|
2718880|
2718881|
2718882|
2718883|
2718884|
2718885|
2718886|
2718887|
2718912|
2718913|
2718914|
2718915|
2718916|
2718917|
2718918|
2718919|
2718944|
2718945|
2718946|
2718947|
2718948|
2718949|
2718950|
2718951|
2718976|
2718977|
2718978|
2718979|
2718980|
2718981|
2718982|
2718983|
2719008|
2719009|
2719010|
2719011|
2719012|
2719013|
2719014|
2719015|
2719040|
2719041|
2719042|
2719043|
2719044|
2719045|
2719046|
2719047|
2719072|
2719073|
2719074|
2719075|
2719076|
2719077|
2719078|
2719079|
2719104|
2719105|
2719106|
2719107|
2719108|
2719109|
2719110|
2719111|
2719136|
2719137|
2719138|
2719139|
2719140|
2719141|
2719142|
2719143|
2719168|
2719169|
2719170|
2719171|
2719172|
2719173|
2719174|
2719175|
2719200|
2719201|
2719202|
2719203|
2719204|
2719205|
2719206|
2719207|
2719232|
2719233|
2719234|
2719235|
2719236|
2719237|
2719238|
2719239|
2719264|
2719265|
2719266|
2719267|
2719268|
2719269|
2719270|
2719271|
2719296|
2719297|
2719298|
2719299|
2719300|
2719301|
2719302|
2719303|
2719328|
2719329|
2719330|
2719331|
2719332|
2719333|
2719334|
2719335|
2719360|
2719361|
2719362|
2719363|
2719364|
2719365|
2719366|
2719367|
2719392|
2719393|
2719394|
2719395|
2719396|
2719397|
2719398|
2719399|
2719424|
2719425|
2719426|
2719427|
2719428|
2719429|
2719430|
2719431|
2719456|
2719457|
2719458|
2719459|
2719460|
2719461|
2719462|
2719463|
2719488|
2719489|
2719490|
2719491|
2719492|
2719493|
2719494|
2719495|
2719520|
2719521|
2719522|
2719523|
2719524|
2719525|
2719526|
2719527|
2719552|
2719553|
2719554|
2719555|
2719556|
2719557|
2719558|
2719559|
2719584|
2719585|
2719586|
2719587|
2719588|
2719589|
2719590|
2719591|
2719616|
2719617|
2719618|
2719619|
2719620|
2719621|
2719622|
2719623|
2719648|
2719649|
2719650|
2719651|
2719652|
2719653|
2719654|
2719655|
2719680|
2719681|
2719682|
2719683|
2719684|
2719685|
2719686|
2719687|
2719712|
2719713|
2719714|
2719715|
2719716|
2719717|
2719718|
2719719|
2719744|
2719745|
2719746|
2719747|
2719748|
2719749|
2719750|
2719751|
2719776|
2719777|
2719778|
2719779|
2719780|
2719781|
2719782|
2719783|
2719808|
2719809|
2719810|
2719811|
2719812|
2719813|
2719814|
2719815|
2719840|
2719841|
2719842|
2719843|
2719844|
2719845|
2719846|
2719847|
2719872|
2719873|
2719874|
2719875|
2719876|
2719877|
2719878|
2719879|
2719904|
2719905|
2719906|
2719907|
2719908|
2719909|
2719910|
2719911|
2719936|
2719937|
2719938|
2719939|
2719940|
2719941|
2719942|
2719943|
2719968|
2719969|
2719970|
2719971|
2719972|
2719973|
2719974|
2719975|
2720000|
2720001|
2720002|
2720003|
2720004|
2720005|
2720006|
2720007|
2720032|
2720033|
2720034|
2720035|
2720036|
2720037|
2720038|
2720039|
2720064|
2720065|
2720066|
2720067|
2720068|
2720069|
2720070|
2720071|
2720096|
2720097|
2720098|
2720099|
2720100|
2720101|
2720102|
2720103|
2720128|
2720129|
2720130|
2720131|
2720132|
2720133|
2720134|
2720135|
2720160|
2720161|
2720162|
2720163|
2720164|
2720165|
2720166|
2720167|
2720192|
2720193|
2720194|
2720195|
2720196|
2720197|
2720198|
2720199|
2720224|
2720225|
2720226|
2720227|
2720228|
2720229|
2720230|
2720231|
2720256|
2720257|
2720258|
2720259|
2720260|
2720261|
2720262|
2720263|
2720288|
2720289|
2720290|
2720291|
2720292|
2720293|
2720294|
2720295|
2720320|
2720321|
2720322|
2720323|
2720324|
2720325|
2720326|
2720327|
2720352|
2720353|
2720354|
2720355|
2720356|
2720357|
2720358|
2720359|
2720384|
2720385|
2720386|
2720387|
2720388|
2720389|
2720390|
2720391|
2720416|
2720417|
2720418|
2720419|
2720420|
2720421|
2720422|
2720423|
2720448|
2720449|
2720450|
2720451|
2720452|
2720453|
2720454|
2720455|
2720480|
2720481|
2720482|
2720483|
2720484|
2720485|
2720486|
2720487|
2720512|
2720513|
2720514|
2720515|
2720516|
2720517|
2720518|
2720519|
2720544|
2720545|
2720546|
2720547|
2720548|
2720549|
2720550|
2720551|
2720576|
2720577|
2720578|
2720579|
2720580|
2720581|
2720582|
2720583|
2720608|
2720609|
2720610|
2720611|
2720612|
2720613|
2720614|
2720615|
2720640|
2720641|
2720642|
2720643|
2720644|
2720645|
2720646|
2720647|
2720672|
2720673|
2720674|
2720675|
2720676|
2720677|
2720678|
2720679|
2720704|
2720705|
2720706|
2720707|
2720708|
2720709|
2720710|
2720711|
2720736|
2720737|
2720738|
2720739|
2720740|
2720741|
2720742|
2720743|
2720768|
2720769|
2720770|
2720771|
2720772|
2720773|
2720774|
2720775|
2720800|
2720801|
2720802|
2720803|
2720804|
2720805|
2720806|
2720807|
2720832|
2720833|
2720834|
2720835|
2720836|
2720837|
2720838|
2720839|
2720864|
2720865|
2720866|
2720867|
2720868|
2720869|
2720870|
2720871|
2720896|
2720897|
2720898|
2720899|
2720900|
2720901|
2720902|
2720903|
2720928|
2720929|
2720930|
2720931|
2720932|
2720933|
2720934|
2720935|
2720960|
2720961|
2720962|
2720963|
2720964|
2720965|
2720966|
2720967|
2720992|
2720993|
2720994|
2720995|
2720996|
2720997|
2720998|
2720999|
2721024|
2721025|
2721026|
2721027|
2721028|
2721029|
2721030|
2721031|
2721056|
2721057|
2721058|
2721059|
2721060|
2721061|
2721062|
2721063|
2721088|
2721089|
2721090|
2721091|
2721092|
2721093|
2721094|
2721095|
2721120|
2721121|
2721122|
2721123|
2721124|
2721125|
2721126|
2721127|
2721152|
2721153|
2721154|
2721155|
2721156|
2721157|
2721158|
2721159|
2721184|
2721185|
2721186|
2721187|
2721188|
2721189|
2721190|
2721191|
2721216|
2721217|
2721218|
2721219|
2721220|
2721221|
2721222|
2721223|
2721248|
2721249|
2721250|
2721251|
2721252|
2721253|
2721254|
2721255|
2721280|
2721281|
2721282|
2721283|
2721284|
2721285|
2721286|
2721287|
2721312|
2721313|
2721314|
2721315|
2721316|
2721317|
2721318|
2721319|
2721344|
2721345|
2721346|
2721347|
2721348|
2721349|
2721350|
2721351|
2721376|
2721377|
2721378|
2721379|
2721380|
2721381|
2721382|
2721383|
2721408|
2721409|
2721410|
2721411|
2721412|
2721413|
2721414|
2721415|
2721440|
2721441|
2721442|
2721443|
2721444|
2721445|
2721446|
2721447|
2721472|
2721473|
2721474|
2721475|
2721476|
2721477|
2721478|
2721479|
2721504|
2721505|
2721506|
2721507|
2721508|
2721509|
2721510|
2721511|
2721536|
2721537|
2721538|
2721539|
2721540|
2721541|
2721542|
2721543|
2721568|
2721569|
2721570|
2721571|
2721572|
2721573|
2721574|
2721575|
2721600|
2721601|
2721602|
2721603|
2721604|
2721605|
2721606|
2721607|
2721632|
2721633|
2721634|
2721635|
2721636|
2721637|
2721638|
2721639|
2721664|
2721665|
2721666|
2721667|
2721668|
2721669|
2721670|
2721671|
2721696|
2721697|
2721698|
2721699|
2721700|
2721701|
2721702|
2721703|
2721728|
2721729|
2721730|
2721731|
2721732|
2721733|
2721734|
2721735|
2721760|
2721761|
2721762|
2721763|
2721764|
2721765|
2721766|
2721767|
2721792|
2721793|
2721794|
2721795|
2721796|
2721797|
2721798|
2721799|
2721824|
2721825|
2721826|
2721827|
2721828|
2721829|
2721830|
2721831|
2721856|
2721857|
2721858|
2721859|
2721860|
2721861|
2721862|
2721863|
2721888|
2721889|
2721890|
2721891|
2721892|
2721893|
2721894|
2721895|
2721920|
2721921|
2721922|
2721923|
2721924|
2721925|
2721926|
2721927|
2721952|
2721953|
2721954|
2721955|
2721956|
2721957|
2721958|
2721959|
2721984|
2721985|
2721986|
2721987|
2721988|
2721989|
2721990|
2721991|
2722016|
2722017|
2722018|
2722019|
2722020|
2722021|
2722022|
2722023|
2722048|
2722049|
2722050|
2722051|
2722052|
2722053|
2722054|
2722055|
2722080|
2722081|
2722082|
2722083|
2722084|
2722085|
2722086|
2722087|
2722112|
2722113|
2722114|
2722115|
2722116|
2722117|
2722118|
2722119|
2722144|
2722145|
2722146|
2722147|
2722148|
2722149|
2722150|
2722151|
2722176|
2722177|
2722178|
2722179|
2722180|
2722181|
2722182|
2722183|
2722208|
2722209|
2722210|
2722211|
2722212|
2722213|
2722214|
2722215|
2722240|
2722241|
2722242|
2722243|
2722244|
2722245|
2722246|
2722247|
2722272|
2722273|
2722274|
2722275|
2722276|
2722277|
2722278|
2722279|
2722304|
2722305|
2722306|
2722307|
2722308|
2722309|
2722310|
2722311|
2722336|
2722337|
2722338|
2722339|
2722340|
2722341|
2722342|
2722343|
2722368|
2722369|
2722370|
2722371|
2722372|
2722373|
2722374|
2722375|
2722400|
2722401|
2722402|
2722403|
2722404|
2722405|
2722406|
2722407|
2722432|
2722433|
2722434|
2722435|
2722436|
2722437|
2722438|
2722439|
2722464|
2722465|
2722466|
2722467|
2722468|
2722469|
2722470|
2722471|
2722496|
2722497|
2722498|
2722499|
2722500|
2722501|
2722502|
2722503|
2722528|
2722529|
2722530|
2722531|
2722532|
2722533|
2722534|
2722535|
2722560|
2722561|
2722562|
2722563|
2722564|
2722565|
2722566|
2722567|
2722592|
2722593|
2722594|
2722595|
2722596|
2722597|
2722598|
2722599|
2722624|
2722625|
2722626|
2722627|
2722628|
2722629|
2722630|
2722631|
2722656|
2722657|
2722658|
2722659|
2722660|
2722661|
2722662|
2722663|
2722688|
2722689|
2722690|
2722691|
2722692|
2722693|
2722694|
2722695|
2722720|
2722721|
2722722|
2722723|
2722724|
2722725|
2722726|
2722727|
2722752|
2722753|
2722754|
2722755|
2722756|
2722757|
2722758|
2722759|
2722784|
2722785|
2722786|
2722787|
2722788|
2722789|
2722790|
2722791|
2722816|
2722817|
2722818|
2722819|
2722820|
2722821|
2722822|
2722823|
2722848|
2722849|
2722850|
2722851|
2722852|
2722853|
2722854|
2722855|
2722880|
2722881|
2722882|
2722883|
2722884|
2722885|
2722886|
2722887|
2722912|
2722913|
2722914|
2722915|
2722916|
2722917|
2722918|
2722919|
2722944|
2722945|
2722946|
2722947|
2722948|
2722949|
2722950|
2722951|
2722976|
2722977|
2722978|
2722979|
2722980|
2722981|
2722982|
2722983|
2723008|
2723009|
2723010|
2723011|
2723012|
2723013|
2723014|
2723015|
2723040|
2723041|
2723042|
2723043|
2723044|
2723045|
2723046|
2723047|
2723072|
2723073|
2723074|
2723075|
2723076|
2723077|
2723078|
2723079|
2723104|
2723105|
2723106|
2723107|
2723108|
2723109|
2723110|
2723111|
2723136|
2723137|
2723138|
2723139|
2723140|
2723141|
2723142|
2723143|
2723168|
2723169|
2723170|
2723171|
2723172|
2723173|
2723174|
2723175|
2723200|
2723201|
2723202|
2723203|
2723204|
2723205|
2723206|
2723207|
2723232|
2723233|
2723234|
2723235|
2723236|
2723237|
2723238|
2723239|
2723264|
2723265|
2723266|
2723267|
2723268|
2723269|
2723270|
2723271|
2723296|
2723297|
2723298|
2723299|
2723300|
2723301|
2723302|
2723303|
2723328|
2723329|
2723330|
2723331|
2723332|
2723333|
2723334|
2723335|
2723360|
2723361|
2723362|
2723363|
2723364|
2723365|
2723366|
2723367|
2723392|
2723393|
2723394|
2723395|
2723396|
2723397|
2723398|
2723399|
2723424|
2723425|
2723426|
2723427|
2723428|
2723429|
2723430|
2723431|
2723456|
2723457|
2723458|
2723459|
2723460|
2723461|
2723462|
2723463|
2723488|
2723489|
2723490|
2723491|
2723492|
2723493|
2723494|
2723495|
2723520|
2723521|
2723522|
2723523|
2723524|
2723525|
2723526|
2723527|
2723552|
2723553|
2723554|
2723555|
2723556|
2723557|
2723558|
2723559|
2723584|
2723585|
2723586|
2723587|
2723588|
2723589|
2723590|
2723591|
2723616|
2723617|
2723618|
2723619|
2723620|
2723621|
2723622|
2723623|
2723648|
2723649|
2723650|
2723651|
2723652|
2723653|
2723654|
2723655|
2723680|
2723681|
2723682|
2723683|
2723684|
2723685|
2723686|
2723687|
2723712|
2723713|
2723714|
2723715|
2723716|
2723717|
2723718|
2723719|
2723744|
2723745|
2723746|
2723747|
2723748|
2723749|
2723750|
2723751|
2723776|
2723777|
2723778|
2723779|
2723780|
2723781|
2723782|
2723783|
2723808|
2723809|
2723810|
2723811|
2723812|
2723813|
2723814|
2723815|
2723840|
2723841|
2723842|
2723843|
2723844|
2723845|
2723846|
2723847|
2723872|
2723873|
2723874|
2723875|
2723876|
2723877|
2723878|
2723879|
2723904|
2723905|
2723906|
2723907|
2723908|
2723909|
2723910|
2723911|
2723936|
2723937|
2723938|
2723939|
2723940|
2723941|
2723942|
2723943|
2723968|
2723969|
2723970|
2723971|
2723972|
2723973|
2723974|
2723975|
2724000|
