672001|
672002|
672003|
672004|
672005|
672006|
672007|
672032|
672033|
672034|
672035|
672036|
672037|
672038|
672039|
672064|
672065|
672066|
672067|
672068|
672069|
672070|
672071|
672096|
672097|
672098|
672099|
672100|
672101|
672102|
672103|
672128|
672129|
672130|
672131|
672132|
672133|
672134|
672135|
672160|
672161|
672162|
672163|
672164|
672165|
672166|
672167|
672192|
672193|
672194|
672195|
672196|
672197|
672198|
672199|
672224|
672225|
672226|
672227|
672228|
672229|
672230|
672231|
672256|
672257|
672258|
672259|
672260|
672261|
672262|
672263|
672288|
672289|
672290|
672291|
672292|
672293|
672294|
672295|
672320|
672321|
672322|
672323|
672324|
672325|
672326|
672327|
672352|
672353|
672354|
672355|
672356|
672357|
672358|
672359|
672384|
672385|
672386|
672387|
672388|
672389|
672390|
672391|
672416|
672417|
672418|
672419|
672420|
672421|
672422|
672423|
672448|
672449|
672450|
672451|
672452|
672453|
672454|
672455|
672480|
672481|
672482|
672483|
672484|
672485|
672486|
672487|
672512|
672513|
672514|
672515|
672516|
672517|
672518|
672519|
672544|
672545|
672546|
672547|
672548|
672549|
672550|
672551|
672576|
672577|
672578|
672579|
672580|
672581|
672582|
672583|
672608|
672609|
672610|
672611|
672612|
672613|
672614|
672615|
672640|
672641|
672642|
672643|
672644|
672645|
672646|
672647|
672672|
672673|
672674|
672675|
672676|
672677|
672678|
672679|
672704|
672705|
672706|
672707|
672708|
672709|
672710|
672711|
672736|
672737|
672738|
672739|
672740|
672741|
672742|
672743|
672768|
672769|
672770|
672771|
672772|
672773|
672774|
672775|
672800|
672801|
672802|
672803|
672804|
672805|
672806|
672807|
672832|
672833|
672834|
672835|
672836|
672837|
672838|
672839|
672864|
672865|
672866|
672867|
672868|
672869|
672870|
672871|
672896|
672897|
672898|
672899|
672900|
672901|
672902|
672903|
672928|
672929|
672930|
672931|
672932|
672933|
672934|
672935|
672960|
672961|
672962|
672963|
672964|
672965|
672966|
672967|
672992|
672993|
672994|
672995|
672996|
672997|
672998|
672999|
673024|
673025|
673026|
673027|
673028|
673029|
673030|
673031|
673056|
673057|
673058|
673059|
673060|
673061|
673062|
673063|
673088|
673089|
673090|
673091|
673092|
673093|
673094|
673095|
673120|
673121|
673122|
673123|
673124|
673125|
673126|
673127|
673152|
673153|
673154|
673155|
673156|
673157|
673158|
673159|
673184|
673185|
673186|
673187|
673188|
673189|
673190|
673191|
673216|
673217|
673218|
673219|
673220|
673221|
673222|
673223|
673248|
673249|
673250|
673251|
673252|
673253|
673254|
673255|
673280|
673281|
673282|
673283|
673284|
673285|
673286|
673287|
673312|
673313|
673314|
673315|
673316|
673317|
673318|
673319|
673344|
673345|
673346|
673347|
673348|
673349|
673350|
673351|
673376|
673377|
673378|
673379|
673380|
673381|
673382|
673383|
673408|
673409|
673410|
673411|
673412|
673413|
673414|
673415|
673440|
673441|
673442|
673443|
673444|
673445|
673446|
673447|
673472|
673473|
673474|
673475|
673476|
673477|
673478|
673479|
673504|
673505|
673506|
673507|
673508|
673509|
673510|
673511|
673536|
673537|
673538|
673539|
673540|
673541|
673542|
673543|
673568|
673569|
673570|
673571|
673572|
673573|
673574|
673575|
673600|
673601|
673602|
673603|
673604|
673605|
673606|
673607|
673632|
673633|
673634|
673635|
673636|
673637|
673638|
673639|
673664|
673665|
673666|
673667|
673668|
673669|
673670|
673671|
673696|
673697|
673698|
673699|
673700|
673701|
673702|
673703|
673728|
673729|
673730|
673731|
673732|
673733|
673734|
673735|
673760|
673761|
673762|
673763|
673764|
673765|
673766|
673767|
673792|
673793|
673794|
673795|
673796|
673797|
673798|
673799|
673824|
673825|
673826|
673827|
673828|
673829|
673830|
673831|
673856|
673857|
673858|
673859|
673860|
673861|
673862|
673863|
673888|
673889|
673890|
673891|
673892|
673893|
673894|
673895|
673920|
673921|
673922|
673923|
673924|
673925|
673926|
673927|
673952|
673953|
673954|
673955|
673956|
673957|
673958|
673959|
673984|
673985|
673986|
673987|
673988|
673989|
673990|
673991|
674016|
674017|
674018|
674019|
674020|
674021|
674022|
674023|
674048|
674049|
674050|
674051|
674052|
674053|
674054|
674055|
674080|
674081|
674082|
674083|
674084|
674085|
674086|
674087|
674112|
674113|
674114|
674115|
674116|
674117|
674118|
674119|
674144|
674145|
674146|
674147|
674148|
674149|
674150|
674151|
674176|
674177|
674178|
674179|
674180|
674181|
674182|
674183|
674208|
674209|
674210|
674211|
674212|
674213|
674214|
674215|
674240|
674241|
674242|
674243|
674244|
674245|
674246|
674247|
674272|
674273|
674274|
674275|
674276|
674277|
674278|
674279|
674304|
674305|
674306|
674307|
674308|
674309|
674310|
674311|
674336|
674337|
674338|
674339|
674340|
674341|
674342|
674343|
674368|
674369|
674370|
674371|
674372|
674373|
674374|
674375|
674400|
674401|
674402|
674403|
674404|
674405|
674406|
674407|
674432|
674433|
674434|
674435|
674436|
674437|
674438|
674439|
674464|
674465|
674466|
674467|
674468|
674469|
674470|
674471|
674496|
674497|
674498|
674499|
674500|
674501|
674502|
674503|
674528|
674529|
674530|
674531|
674532|
674533|
674534|
674535|
674560|
674561|
674562|
674563|
674564|
674565|
674566|
674567|
674592|
674593|
674594|
674595|
674596|
674597|
674598|
674599|
674624|
674625|
674626|
674627|
674628|
674629|
674630|
674631|
674656|
674657|
674658|
674659|
674660|
674661|
674662|
674663|
674688|
674689|
674690|
674691|
674692|
674693|
674694|
674695|
674720|
674721|
674722|
674723|
674724|
674725|
674726|
674727|
674752|
674753|
674754|
674755|
674756|
674757|
674758|
674759|
674784|
674785|
674786|
674787|
674788|
674789|
674790|
674791|
674816|
674817|
674818|
674819|
674820|
674821|
674822|
674823|
674848|
674849|
674850|
674851|
674852|
674853|
674854|
674855|
674880|
674881|
674882|
674883|
674884|
674885|
674886|
674887|
674912|
674913|
674914|
674915|
674916|
674917|
674918|
674919|
674944|
674945|
674946|
674947|
674948|
674949|
674950|
674951|
674976|
674977|
674978|
674979|
674980|
674981|
674982|
674983|
675008|
675009|
675010|
675011|
675012|
675013|
675014|
675015|
675040|
675041|
675042|
675043|
675044|
675045|
675046|
675047|
675072|
675073|
675074|
675075|
675076|
675077|
675078|
675079|
675104|
675105|
675106|
675107|
675108|
675109|
675110|
675111|
675136|
675137|
675138|
675139|
675140|
675141|
675142|
675143|
675168|
675169|
675170|
675171|
675172|
675173|
675174|
675175|
675200|
675201|
675202|
675203|
675204|
675205|
675206|
675207|
675232|
675233|
675234|
675235|
675236|
675237|
675238|
675239|
675264|
675265|
675266|
675267|
675268|
675269|
675270|
675271|
675296|
675297|
675298|
675299|
675300|
675301|
675302|
675303|
675328|
675329|
675330|
675331|
675332|
675333|
675334|
675335|
675360|
675361|
675362|
675363|
675364|
675365|
675366|
675367|
675392|
675393|
675394|
675395|
675396|
675397|
675398|
675399|
675424|
675425|
675426|
675427|
675428|
675429|
675430|
675431|
675456|
675457|
675458|
675459|
675460|
675461|
675462|
675463|
675488|
675489|
675490|
675491|
675492|
675493|
675494|
675495|
675520|
675521|
675522|
675523|
675524|
675525|
675526|
675527|
675552|
675553|
675554|
675555|
675556|
675557|
675558|
675559|
675584|
675585|
675586|
675587|
675588|
675589|
675590|
675591|
675616|
675617|
675618|
675619|
675620|
675621|
675622|
675623|
675648|
675649|
675650|
675651|
675652|
675653|
675654|
675655|
675680|
675681|
675682|
675683|
675684|
675685|
675686|
675687|
675712|
675713|
675714|
675715|
675716|
675717|
675718|
675719|
675744|
675745|
675746|
675747|
675748|
675749|
675750|
675751|
675776|
675777|
675778|
675779|
675780|
675781|
675782|
675783|
675808|
675809|
675810|
675811|
675812|
675813|
675814|
675815|
675840|
675841|
675842|
675843|
675844|
675845|
675846|
675847|
675872|
675873|
675874|
675875|
675876|
675877|
675878|
675879|
675904|
675905|
675906|
675907|
675908|
675909|
675910|
675911|
675936|
675937|
675938|
675939|
675940|
675941|
675942|
675943|
675968|
675969|
675970|
675971|
675972|
675973|
675974|
675975|
676000|
676001|
676002|
676003|
676004|
676005|
676006|
676007|
676032|
676033|
676034|
676035|
676036|
676037|
676038|
676039|
676064|
676065|
676066|
676067|
676068|
676069|
676070|
676071|
676096|
676097|
676098|
676099|
676100|
676101|
676102|
676103|
676128|
676129|
676130|
676131|
676132|
676133|
676134|
676135|
676160|
676161|
676162|
676163|
676164|
676165|
676166|
676167|
676192|
676193|
676194|
676195|
676196|
676197|
676198|
676199|
676224|
676225|
676226|
676227|
676228|
676229|
676230|
676231|
676256|
676257|
676258|
676259|
676260|
676261|
676262|
676263|
676288|
676289|
676290|
676291|
676292|
676293|
676294|
676295|
676320|
676321|
676322|
676323|
676324|
676325|
676326|
676327|
676352|
676353|
676354|
676355|
676356|
676357|
676358|
676359|
676384|
676385|
676386|
676387|
676388|
676389|
676390|
676391|
676416|
676417|
676418|
676419|
676420|
676421|
676422|
676423|
676448|
676449|
676450|
676451|
676452|
676453|
676454|
676455|
676480|
676481|
676482|
676483|
676484|
676485|
676486|
676487|
676512|
676513|
676514|
676515|
676516|
676517|
676518|
676519|
676544|
676545|
676546|
676547|
676548|
676549|
676550|
676551|
676576|
676577|
676578|
676579|
676580|
676581|
676582|
676583|
676608|
676609|
676610|
676611|
676612|
676613|
676614|
676615|
676640|
676641|
676642|
676643|
676644|
676645|
676646|
676647|
676672|
676673|
676674|
676675|
676676|
676677|
676678|
676679|
676704|
676705|
676706|
676707|
676708|
676709|
676710|
676711|
676736|
676737|
676738|
676739|
676740|
676741|
676742|
676743|
676768|
676769|
676770|
676771|
676772|
676773|
676774|
676775|
676800|
676801|
676802|
676803|
676804|
676805|
676806|
676807|
676832|
676833|
676834|
676835|
676836|
676837|
676838|
676839|
676864|
676865|
676866|
676867|
676868|
676869|
676870|
676871|
676896|
676897|
676898|
676899|
676900|
676901|
676902|
676903|
676928|
676929|
676930|
676931|
676932|
676933|
676934|
676935|
676960|
676961|
676962|
676963|
676964|
676965|
676966|
676967|
676992|
676993|
676994|
676995|
676996|
676997|
676998|
676999|
677024|
677025|
677026|
677027|
677028|
677029|
677030|
677031|
677056|
677057|
677058|
677059|
677060|
677061|
677062|
677063|
677088|
677089|
677090|
677091|
677092|
677093|
677094|
677095|
677120|
677121|
677122|
677123|
677124|
677125|
677126|
677127|
677152|
677153|
677154|
677155|
677156|
677157|
677158|
677159|
677184|
677185|
677186|
677187|
677188|
677189|
677190|
677191|
677216|
677217|
677218|
677219|
677220|
677221|
677222|
677223|
677248|
677249|
677250|
677251|
677252|
677253|
677254|
677255|
677280|
677281|
677282|
677283|
677284|
677285|
677286|
677287|
677312|
677313|
677314|
677315|
677316|
677317|
677318|
677319|
677344|
677345|
677346|
677347|
677348|
677349|
677350|
677351|
677376|
677377|
677378|
677379|
677380|
677381|
677382|
677383|
677408|
677409|
677410|
677411|
677412|
677413|
677414|
677415|
677440|
677441|
677442|
677443|
677444|
677445|
677446|
677447|
677472|
677473|
677474|
677475|
677476|
677477|
677478|
677479|
677504|
677505|
677506|
677507|
677508|
677509|
677510|
677511|
677536|
677537|
677538|
677539|
677540|
677541|
677542|
677543|
677568|
677569|
677570|
677571|
677572|
677573|
677574|
677575|
677600|
677601|
677602|
677603|
677604|
677605|
677606|
677607|
677632|
677633|
677634|
677635|
677636|
677637|
677638|
677639|
677664|
677665|
677666|
677667|
677668|
677669|
677670|
677671|
677696|
677697|
677698|
677699|
677700|
677701|
677702|
677703|
677728|
677729|
677730|
677731|
677732|
677733|
677734|
677735|
677760|
677761|
677762|
677763|
677764|
677765|
677766|
677767|
677792|
677793|
677794|
677795|
677796|
677797|
677798|
677799|
677824|
677825|
677826|
677827|
677828|
677829|
677830|
677831|
677856|
677857|
677858|
677859|
677860|
677861|
677862|
677863|
677888|
677889|
677890|
677891|
677892|
677893|
677894|
677895|
677920|
677921|
677922|
677923|
677924|
677925|
677926|
677927|
677952|
677953|
677954|
677955|
677956|
677957|
677958|
677959|
677984|
677985|
677986|
677987|
677988|
