204001|
204002|
204003|
204004|
204005|
204006|
204007|
204032|
204033|
204034|
204035|
204036|
204037|
204038|
204039|
204064|
204065|
204066|
204067|
204068|
204069|
204070|
204071|
204096|
204097|
204098|
204099|
204100|
204101|
204102|
204103|
204128|
204129|
204130|
204131|
204132|
204133|
204134|
204135|
204160|
204161|
204162|
204163|
204164|
204165|
204166|
204167|
204192|
204193|
204194|
204195|
204196|
204197|
204198|
204199|
204224|
204225|
204226|
204227|
204228|
204229|
204230|
204231|
204256|
204257|
204258|
204259|
204260|
204261|
204262|
204263|
204288|
204289|
204290|
204291|
204292|
204293|
204294|
204295|
204320|
204321|
204322|
204323|
204324|
204325|
204326|
204327|
204352|
204353|
204354|
204355|
204356|
204357|
204358|
204359|
204384|
204385|
204386|
204387|
204388|
204389|
204390|
204391|
204416|
204417|
204418|
204419|
204420|
204421|
204422|
204423|
204448|
204449|
204450|
204451|
204452|
204453|
204454|
204455|
204480|
204481|
204482|
204483|
204484|
204485|
204486|
204487|
204512|
204513|
204514|
204515|
204516|
204517|
204518|
204519|
204544|
204545|
204546|
204547|
204548|
204549|
204550|
204551|
204576|
204577|
204578|
204579|
204580|
204581|
204582|
204583|
204608|
204609|
204610|
204611|
204612|
204613|
204614|
204615|
204640|
204641|
204642|
204643|
204644|
204645|
204646|
204647|
204672|
204673|
204674|
204675|
204676|
204677|
204678|
204679|
204704|
204705|
204706|
204707|
204708|
204709|
204710|
204711|
204736|
204737|
204738|
204739|
204740|
204741|
204742|
204743|
204768|
204769|
204770|
204771|
204772|
204773|
204774|
204775|
204800|
204801|
204802|
204803|
204804|
204805|
204806|
204807|
204832|
204833|
204834|
204835|
204836|
204837|
204838|
204839|
204864|
204865|
204866|
204867|
204868|
204869|
204870|
204871|
204896|
204897|
204898|
204899|
204900|
204901|
204902|
204903|
204928|
204929|
204930|
204931|
204932|
204933|
204934|
204935|
204960|
204961|
204962|
204963|
204964|
204965|
204966|
204967|
204992|
204993|
204994|
204995|
204996|
204997|
204998|
204999|
205024|
205025|
205026|
205027|
205028|
205029|
205030|
205031|
205056|
205057|
205058|
205059|
205060|
205061|
205062|
205063|
205088|
205089|
205090|
205091|
205092|
205093|
205094|
205095|
205120|
205121|
205122|
205123|
205124|
205125|
205126|
205127|
205152|
205153|
205154|
205155|
205156|
205157|
205158|
205159|
205184|
205185|
205186|
205187|
205188|
205189|
205190|
205191|
205216|
205217|
205218|
205219|
205220|
205221|
205222|
205223|
205248|
205249|
205250|
205251|
205252|
205253|
205254|
205255|
205280|
205281|
205282|
205283|
205284|
205285|
205286|
205287|
205312|
205313|
205314|
205315|
205316|
205317|
205318|
205319|
205344|
205345|
205346|
205347|
205348|
205349|
205350|
205351|
205376|
205377|
205378|
205379|
205380|
205381|
205382|
205383|
205408|
205409|
205410|
205411|
205412|
205413|
205414|
205415|
205440|
205441|
205442|
205443|
205444|
205445|
205446|
205447|
205472|
205473|
205474|
205475|
205476|
205477|
205478|
205479|
205504|
205505|
205506|
205507|
205508|
205509|
205510|
205511|
205536|
205537|
205538|
205539|
205540|
205541|
205542|
205543|
205568|
205569|
205570|
205571|
205572|
205573|
205574|
205575|
205600|
205601|
205602|
205603|
205604|
205605|
205606|
205607|
205632|
205633|
205634|
205635|
205636|
205637|
205638|
205639|
205664|
205665|
205666|
205667|
205668|
205669|
205670|
205671|
205696|
205697|
205698|
205699|
205700|
205701|
205702|
205703|
205728|
205729|
205730|
205731|
205732|
205733|
205734|
205735|
205760|
205761|
205762|
205763|
205764|
205765|
205766|
205767|
205792|
205793|
205794|
205795|
205796|
205797|
205798|
205799|
205824|
205825|
205826|
205827|
205828|
205829|
205830|
205831|
205856|
205857|
205858|
205859|
205860|
205861|
205862|
205863|
205888|
205889|
205890|
205891|
205892|
205893|
205894|
205895|
205920|
205921|
205922|
205923|
205924|
205925|
205926|
205927|
205952|
205953|
205954|
205955|
205956|
205957|
205958|
205959|
205984|
205985|
205986|
205987|
205988|
205989|
205990|
205991|
206016|
206017|
206018|
206019|
206020|
206021|
206022|
206023|
206048|
206049|
206050|
206051|
206052|
206053|
206054|
206055|
206080|
206081|
206082|
206083|
206084|
206085|
206086|
206087|
206112|
206113|
206114|
206115|
206116|
206117|
206118|
206119|
206144|
206145|
206146|
206147|
206148|
206149|
206150|
206151|
206176|
206177|
206178|
206179|
206180|
206181|
206182|
206183|
206208|
206209|
206210|
206211|
206212|
206213|
206214|
206215|
206240|
206241|
206242|
206243|
206244|
206245|
206246|
206247|
206272|
206273|
206274|
206275|
206276|
206277|
206278|
206279|
206304|
206305|
206306|
206307|
206308|
206309|
206310|
206311|
206336|
206337|
206338|
206339|
206340|
206341|
206342|
206343|
206368|
206369|
206370|
206371|
206372|
206373|
206374|
206375|
206400|
206401|
206402|
206403|
206404|
206405|
206406|
206407|
206432|
206433|
206434|
206435|
206436|
206437|
206438|
206439|
206464|
206465|
206466|
206467|
206468|
206469|
206470|
206471|
206496|
206497|
206498|
206499|
206500|
206501|
206502|
206503|
206528|
206529|
206530|
206531|
206532|
206533|
206534|
206535|
206560|
206561|
206562|
206563|
206564|
206565|
206566|
206567|
206592|
206593|
206594|
206595|
206596|
206597|
206598|
206599|
206624|
206625|
206626|
206627|
206628|
206629|
206630|
206631|
206656|
206657|
206658|
206659|
206660|
206661|
206662|
206663|
206688|
206689|
206690|
206691|
206692|
206693|
206694|
206695|
206720|
206721|
206722|
206723|
206724|
206725|
206726|
206727|
206752|
206753|
206754|
206755|
206756|
206757|
206758|
206759|
206784|
206785|
206786|
206787|
206788|
206789|
206790|
206791|
206816|
206817|
206818|
206819|
206820|
206821|
206822|
206823|
206848|
206849|
206850|
206851|
206852|
206853|
206854|
206855|
206880|
206881|
206882|
206883|
206884|
206885|
206886|
206887|
206912|
206913|
206914|
206915|
206916|
206917|
206918|
206919|
206944|
206945|
206946|
206947|
206948|
206949|
206950|
206951|
206976|
206977|
206978|
206979|
206980|
206981|
206982|
206983|
207008|
207009|
207010|
207011|
207012|
207013|
207014|
207015|
207040|
207041|
207042|
207043|
207044|
207045|
207046|
207047|
207072|
207073|
207074|
207075|
207076|
207077|
207078|
207079|
207104|
207105|
207106|
207107|
207108|
207109|
207110|
207111|
207136|
207137|
207138|
207139|
207140|
207141|
207142|
207143|
207168|
207169|
207170|
207171|
207172|
207173|
207174|
207175|
207200|
207201|
207202|
207203|
207204|
207205|
207206|
207207|
207232|
207233|
207234|
207235|
207236|
207237|
207238|
207239|
207264|
207265|
207266|
207267|
207268|
207269|
207270|
207271|
207296|
207297|
207298|
207299|
207300|
207301|
207302|
207303|
207328|
207329|
207330|
207331|
207332|
207333|
207334|
207335|
207360|
207361|
207362|
207363|
207364|
207365|
207366|
207367|
207392|
207393|
207394|
207395|
207396|
207397|
207398|
207399|
207424|
207425|
207426|
207427|
207428|
207429|
207430|
207431|
207456|
207457|
207458|
207459|
207460|
207461|
207462|
207463|
207488|
207489|
207490|
207491|
207492|
207493|
207494|
207495|
207520|
207521|
207522|
207523|
207524|
207525|
207526|
207527|
207552|
207553|
207554|
207555|
207556|
207557|
207558|
207559|
207584|
207585|
207586|
207587|
207588|
207589|
207590|
207591|
207616|
207617|
207618|
207619|
207620|
207621|
207622|
207623|
207648|
207649|
207650|
207651|
207652|
207653|
207654|
207655|
207680|
207681|
207682|
207683|
207684|
207685|
207686|
207687|
207712|
207713|
207714|
207715|
207716|
207717|
207718|
207719|
207744|
207745|
207746|
207747|
207748|
207749|
207750|
207751|
207776|
207777|
207778|
207779|
207780|
207781|
207782|
207783|
207808|
207809|
207810|
207811|
207812|
207813|
207814|
207815|
207840|
207841|
207842|
207843|
207844|
207845|
207846|
207847|
207872|
207873|
207874|
207875|
207876|
207877|
207878|
207879|
207904|
207905|
207906|
207907|
207908|
207909|
207910|
207911|
207936|
207937|
207938|
207939|
207940|
207941|
207942|
207943|
207968|
207969|
207970|
207971|
207972|
207973|
207974|
207975|
208000|
208001|
208002|
208003|
208004|
208005|
208006|
208007|
208032|
208033|
208034|
208035|
208036|
208037|
208038|
208039|
208064|
208065|
208066|
208067|
208068|
208069|
208070|
208071|
208096|
208097|
208098|
208099|
208100|
208101|
208102|
208103|
208128|
208129|
208130|
208131|
208132|
208133|
208134|
208135|
208160|
208161|
208162|
208163|
208164|
208165|
208166|
208167|
208192|
208193|
208194|
208195|
208196|
208197|
208198|
208199|
208224|
208225|
208226|
208227|
208228|
208229|
208230|
208231|
208256|
208257|
208258|
208259|
208260|
208261|
208262|
208263|
208288|
208289|
208290|
208291|
208292|
208293|
208294|
208295|
208320|
208321|
208322|
208323|
208324|
208325|
208326|
208327|
208352|
208353|
208354|
208355|
208356|
208357|
208358|
208359|
208384|
208385|
208386|
208387|
208388|
208389|
208390|
208391|
208416|
208417|
208418|
208419|
208420|
208421|
208422|
208423|
208448|
208449|
208450|
208451|
208452|
208453|
208454|
208455|
208480|
208481|
208482|
208483|
208484|
208485|
208486|
208487|
208512|
208513|
208514|
208515|
208516|
208517|
208518|
208519|
208544|
208545|
208546|
208547|
208548|
208549|
208550|
208551|
208576|
208577|
208578|
208579|
208580|
208581|
208582|
208583|
208608|
208609|
208610|
208611|
208612|
208613|
208614|
208615|
208640|
208641|
208642|
208643|
208644|
208645|
208646|
208647|
208672|
208673|
208674|
208675|
208676|
208677|
208678|
208679|
208704|
208705|
208706|
208707|
208708|
208709|
208710|
208711|
208736|
208737|
208738|
208739|
208740|
208741|
208742|
208743|
208768|
208769|
208770|
208771|
208772|
208773|
208774|
208775|
208800|
208801|
208802|
208803|
208804|
208805|
208806|
208807|
208832|
208833|
208834|
208835|
208836|
208837|
208838|
208839|
208864|
208865|
208866|
208867|
208868|
208869|
208870|
208871|
208896|
208897|
208898|
208899|
208900|
208901|
208902|
208903|
208928|
208929|
208930|
208931|
208932|
208933|
208934|
208935|
208960|
208961|
208962|
208963|
208964|
208965|
208966|
208967|
208992|
208993|
208994|
208995|
208996|
208997|
208998|
208999|
209024|
209025|
209026|
209027|
209028|
209029|
209030|
209031|
209056|
209057|
209058|
209059|
209060|
209061|
209062|
209063|
209088|
209089|
209090|
209091|
209092|
209093|
209094|
209095|
209120|
209121|
209122|
209123|
209124|
209125|
209126|
209127|
209152|
209153|
209154|
209155|
209156|
209157|
209158|
209159|
209184|
209185|
209186|
209187|
209188|
209189|
209190|
209191|
209216|
209217|
209218|
209219|
209220|
209221|
209222|
209223|
209248|
209249|
209250|
209251|
209252|
209253|
209254|
209255|
209280|
209281|
209282|
209283|
209284|
209285|
209286|
209287|
209312|
209313|
209314|
209315|
209316|
209317|
209318|
209319|
209344|
209345|
209346|
209347|
209348|
209349|
209350|
209351|
209376|
209377|
209378|
209379|
209380|
209381|
209382|
209383|
209408|
209409|
209410|
209411|
209412|
209413|
209414|
209415|
209440|
209441|
209442|
209443|
209444|
209445|
209446|
209447|
209472|
209473|
209474|
209475|
209476|
209477|
209478|
209479|
209504|
209505|
209506|
209507|
209508|
209509|
209510|
209511|
209536|
209537|
209538|
209539|
209540|
209541|
209542|
209543|
209568|
209569|
209570|
209571|
209572|
209573|
209574|
209575|
209600|
209601|
209602|
209603|
209604|
209605|
209606|
209607|
209632|
209633|
209634|
209635|
209636|
209637|
209638|
209639|
209664|
209665|
209666|
209667|
209668|
209669|
209670|
209671|
209696|
209697|
209698|
209699|
209700|
209701|
209702|
209703|
209728|
209729|
209730|
209731|
209732|
209733|
209734|
209735|
209760|
209761|
209762|
209763|
209764|
209765|
209766|
209767|
209792|
209793|
209794|
209795|
209796|
209797|
209798|
209799|
209824|
209825|
209826|
209827|
209828|
209829|
209830|
209831|
209856|
209857|
209858|
209859|
209860|
209861|
209862|
209863|
209888|
209889|
209890|
209891|
209892|
209893|
209894|
209895|
209920|
209921|
209922|
209923|
209924|
209925|
209926|
209927|
209952|
209953|
209954|
209955|
209956|
209957|
209958|
209959|
209984|
209985|
209986|
209987|
209988|
