2705989|
2705990|
2705991|
2706016|
2706017|
2706018|
2706019|
2706020|
2706021|
2706022|
2706023|
2706048|
2706049|
2706050|
2706051|
2706052|
2706053|
2706054|
2706055|
2706080|
2706081|
2706082|
2706083|
2706084|
2706085|
2706086|
2706087|
2706112|
2706113|
2706114|
2706115|
2706116|
2706117|
2706118|
2706119|
2706144|
2706145|
2706146|
2706147|
2706148|
2706149|
2706150|
2706151|
2706176|
2706177|
2706178|
2706179|
2706180|
2706181|
2706182|
2706183|
2706208|
2706209|
2706210|
2706211|
2706212|
2706213|
2706214|
2706215|
2706240|
2706241|
2706242|
2706243|
2706244|
2706245|
2706246|
2706247|
2706272|
2706273|
2706274|
2706275|
2706276|
2706277|
2706278|
2706279|
2706304|
2706305|
2706306|
2706307|
2706308|
2706309|
2706310|
2706311|
2706336|
2706337|
2706338|
2706339|
2706340|
2706341|
2706342|
2706343|
2706368|
2706369|
2706370|
2706371|
2706372|
2706373|
2706374|
2706375|
2706400|
2706401|
2706402|
2706403|
2706404|
2706405|
2706406|
2706407|
2706432|
2706433|
2706434|
2706435|
2706436|
2706437|
2706438|
2706439|
2706464|
2706465|
2706466|
2706467|
2706468|
2706469|
2706470|
2706471|
2706496|
2706497|
2706498|
2706499|
2706500|
2706501|
2706502|
2706503|
2706528|
2706529|
2706530|
2706531|
2706532|
2706533|
2706534|
2706535|
2706560|
2706561|
2706562|
2706563|
2706564|
2706565|
2706566|
2706567|
2706592|
2706593|
2706594|
2706595|
2706596|
2706597|
2706598|
2706599|
2706624|
2706625|
2706626|
2706627|
2706628|
2706629|
2706630|
2706631|
2706656|
2706657|
2706658|
2706659|
2706660|
2706661|
2706662|
2706663|
2706688|
2706689|
2706690|
2706691|
2706692|
2706693|
2706694|
2706695|
2706720|
2706721|
2706722|
2706723|
2706724|
2706725|
2706726|
2706727|
2706752|
2706753|
2706754|
2706755|
2706756|
2706757|
2706758|
2706759|
2706784|
2706785|
2706786|
2706787|
2706788|
2706789|
2706790|
2706791|
2706816|
2706817|
2706818|
2706819|
2706820|
2706821|
2706822|
2706823|
2706848|
2706849|
2706850|
2706851|
2706852|
2706853|
2706854|
2706855|
2706880|
2706881|
2706882|
2706883|
2706884|
2706885|
2706886|
2706887|
2706912|
2706913|
2706914|
2706915|
2706916|
2706917|
2706918|
2706919|
2706944|
2706945|
2706946|
2706947|
2706948|
2706949|
2706950|
2706951|
2706976|
2706977|
2706978|
2706979|
2706980|
2706981|
2706982|
2706983|
2707008|
2707009|
2707010|
2707011|
2707012|
2707013|
2707014|
2707015|
2707040|
2707041|
2707042|
2707043|
2707044|
2707045|
2707046|
2707047|
2707072|
2707073|
2707074|
2707075|
2707076|
2707077|
2707078|
2707079|
2707104|
2707105|
2707106|
2707107|
2707108|
2707109|
2707110|
2707111|
2707136|
2707137|
2707138|
2707139|
2707140|
2707141|
2707142|
2707143|
2707168|
2707169|
2707170|
2707171|
2707172|
2707173|
2707174|
2707175|
2707200|
2707201|
2707202|
2707203|
2707204|
2707205|
2707206|
2707207|
2707232|
2707233|
2707234|
2707235|
2707236|
2707237|
2707238|
2707239|
2707264|
2707265|
2707266|
2707267|
2707268|
2707269|
2707270|
2707271|
2707296|
2707297|
2707298|
2707299|
2707300|
2707301|
2707302|
2707303|
2707328|
2707329|
2707330|
2707331|
2707332|
2707333|
2707334|
2707335|
2707360|
2707361|
2707362|
2707363|
2707364|
2707365|
2707366|
2707367|
2707392|
2707393|
2707394|
2707395|
2707396|
2707397|
2707398|
2707399|
2707424|
2707425|
2707426|
2707427|
2707428|
2707429|
2707430|
2707431|
2707456|
2707457|
2707458|
2707459|
2707460|
2707461|
2707462|
2707463|
2707488|
2707489|
2707490|
2707491|
2707492|
2707493|
2707494|
2707495|
2707520|
2707521|
2707522|
2707523|
2707524|
2707525|
2707526|
2707527|
2707552|
2707553|
2707554|
2707555|
2707556|
2707557|
2707558|
2707559|
2707584|
2707585|
2707586|
2707587|
2707588|
2707589|
2707590|
2707591|
2707616|
2707617|
2707618|
2707619|
2707620|
2707621|
2707622|
2707623|
2707648|
2707649|
2707650|
2707651|
2707652|
2707653|
2707654|
2707655|
2707680|
2707681|
2707682|
2707683|
2707684|
2707685|
2707686|
2707687|
2707712|
2707713|
2707714|
2707715|
2707716|
2707717|
2707718|
2707719|
2707744|
2707745|
2707746|
2707747|
2707748|
2707749|
2707750|
2707751|
2707776|
2707777|
2707778|
2707779|
2707780|
2707781|
2707782|
2707783|
2707808|
2707809|
2707810|
2707811|
2707812|
2707813|
2707814|
2707815|
2707840|
2707841|
2707842|
2707843|
2707844|
2707845|
2707846|
2707847|
2707872|
2707873|
2707874|
2707875|
2707876|
2707877|
2707878|
2707879|
2707904|
2707905|
2707906|
2707907|
2707908|
2707909|
2707910|
2707911|
2707936|
2707937|
2707938|
2707939|
2707940|
2707941|
2707942|
2707943|
2707968|
2707969|
2707970|
2707971|
2707972|
2707973|
2707974|
2707975|
2708000|
2708001|
2708002|
2708003|
2708004|
2708005|
2708006|
2708007|
2708032|
2708033|
2708034|
2708035|
2708036|
2708037|
2708038|
2708039|
2708064|
2708065|
2708066|
2708067|
2708068|
2708069|
2708070|
2708071|
2708096|
2708097|
2708098|
2708099|
2708100|
2708101|
2708102|
2708103|
2708128|
2708129|
2708130|
2708131|
2708132|
2708133|
2708134|
2708135|
2708160|
2708161|
2708162|
2708163|
2708164|
2708165|
2708166|
2708167|
2708192|
2708193|
2708194|
2708195|
2708196|
2708197|
2708198|
2708199|
2708224|
2708225|
2708226|
2708227|
2708228|
2708229|
2708230|
2708231|
2708256|
2708257|
2708258|
2708259|
2708260|
2708261|
2708262|
2708263|
2708288|
2708289|
2708290|
2708291|
2708292|
2708293|
2708294|
2708295|
2708320|
2708321|
2708322|
2708323|
2708324|
2708325|
2708326|
2708327|
2708352|
2708353|
2708354|
2708355|
2708356|
2708357|
2708358|
2708359|
2708384|
2708385|
2708386|
2708387|
2708388|
2708389|
2708390|
2708391|
2708416|
2708417|
2708418|
2708419|
2708420|
2708421|
2708422|
2708423|
2708448|
2708449|
2708450|
2708451|
2708452|
2708453|
2708454|
2708455|
2708480|
2708481|
2708482|
2708483|
2708484|
2708485|
2708486|
2708487|
2708512|
2708513|
2708514|
2708515|
2708516|
2708517|
2708518|
2708519|
2708544|
2708545|
2708546|
2708547|
2708548|
2708549|
2708550|
2708551|
2708576|
2708577|
2708578|
2708579|
2708580|
2708581|
2708582|
2708583|
2708608|
2708609|
2708610|
2708611|
2708612|
2708613|
2708614|
2708615|
2708640|
2708641|
2708642|
2708643|
2708644|
2708645|
2708646|
2708647|
2708672|
2708673|
2708674|
2708675|
2708676|
2708677|
2708678|
2708679|
2708704|
2708705|
2708706|
2708707|
2708708|
2708709|
2708710|
2708711|
2708736|
2708737|
2708738|
2708739|
2708740|
2708741|
2708742|
2708743|
2708768|
2708769|
2708770|
2708771|
2708772|
2708773|
2708774|
2708775|
2708800|
2708801|
2708802|
2708803|
2708804|
2708805|
2708806|
2708807|
2708832|
2708833|
2708834|
2708835|
2708836|
2708837|
2708838|
2708839|
2708864|
2708865|
2708866|
2708867|
2708868|
2708869|
2708870|
2708871|
2708896|
2708897|
2708898|
2708899|
2708900|
2708901|
2708902|
2708903|
2708928|
2708929|
2708930|
2708931|
2708932|
2708933|
2708934|
2708935|
2708960|
2708961|
2708962|
2708963|
2708964|
2708965|
2708966|
2708967|
2708992|
2708993|
2708994|
2708995|
2708996|
2708997|
2708998|
2708999|
2709024|
2709025|
2709026|
2709027|
2709028|
2709029|
2709030|
2709031|
2709056|
2709057|
2709058|
2709059|
2709060|
2709061|
2709062|
2709063|
2709088|
2709089|
2709090|
2709091|
2709092|
2709093|
2709094|
2709095|
2709120|
2709121|
2709122|
2709123|
2709124|
2709125|
2709126|
2709127|
2709152|
2709153|
2709154|
2709155|
2709156|
2709157|
2709158|
2709159|
2709184|
2709185|
2709186|
2709187|
2709188|
2709189|
2709190|
2709191|
2709216|
2709217|
2709218|
2709219|
2709220|
2709221|
2709222|
2709223|
2709248|
2709249|
2709250|
2709251|
2709252|
2709253|
2709254|
2709255|
2709280|
2709281|
2709282|
2709283|
2709284|
2709285|
2709286|
2709287|
2709312|
2709313|
2709314|
2709315|
2709316|
2709317|
2709318|
2709319|
2709344|
2709345|
2709346|
2709347|
2709348|
2709349|
2709350|
2709351|
2709376|
2709377|
2709378|
2709379|
2709380|
2709381|
2709382|
2709383|
2709408|
2709409|
2709410|
2709411|
2709412|
2709413|
2709414|
2709415|
2709440|
2709441|
2709442|
2709443|
2709444|
2709445|
2709446|
2709447|
2709472|
2709473|
2709474|
2709475|
2709476|
2709477|
2709478|
2709479|
2709504|
2709505|
2709506|
2709507|
2709508|
2709509|
2709510|
2709511|
2709536|
2709537|
2709538|
2709539|
2709540|
2709541|
2709542|
2709543|
2709568|
2709569|
2709570|
2709571|
2709572|
2709573|
2709574|
2709575|
2709600|
2709601|
2709602|
2709603|
2709604|
2709605|
2709606|
2709607|
2709632|
2709633|
2709634|
2709635|
2709636|
2709637|
2709638|
2709639|
2709664|
2709665|
2709666|
2709667|
2709668|
2709669|
2709670|
2709671|
2709696|
2709697|
2709698|
2709699|
2709700|
2709701|
2709702|
2709703|
2709728|
2709729|
2709730|
2709731|
2709732|
2709733|
2709734|
2709735|
2709760|
2709761|
2709762|
2709763|
2709764|
2709765|
2709766|
2709767|
2709792|
2709793|
2709794|
2709795|
2709796|
2709797|
2709798|
2709799|
2709824|
2709825|
2709826|
2709827|
2709828|
2709829|
2709830|
2709831|
2709856|
2709857|
2709858|
2709859|
2709860|
2709861|
2709862|
2709863|
2709888|
2709889|
2709890|
2709891|
2709892|
2709893|
2709894|
2709895|
2709920|
2709921|
2709922|
2709923|
2709924|
2709925|
2709926|
2709927|
2709952|
2709953|
2709954|
2709955|
2709956|
2709957|
2709958|
2709959|
2709984|
2709985|
2709986|
2709987|
2709988|
2709989|
2709990|
2709991|
2710016|
2710017|
2710018|
2710019|
2710020|
2710021|
2710022|
2710023|
2710048|
2710049|
2710050|
2710051|
2710052|
2710053|
2710054|
2710055|
2710080|
2710081|
2710082|
2710083|
2710084|
2710085|
2710086|
2710087|
2710112|
2710113|
2710114|
2710115|
2710116|
2710117|
2710118|
2710119|
2710144|
2710145|
2710146|
2710147|
2710148|
2710149|
2710150|
2710151|
2710176|
2710177|
2710178|
2710179|
2710180|
2710181|
2710182|
2710183|
2710208|
2710209|
2710210|
2710211|
2710212|
2710213|
2710214|
2710215|
2710240|
2710241|
2710242|
2710243|
2710244|
2710245|
2710246|
2710247|
2710272|
2710273|
2710274|
2710275|
2710276|
2710277|
2710278|
2710279|
2710304|
2710305|
2710306|
2710307|
2710308|
2710309|
2710310|
2710311|
2710336|
2710337|
2710338|
2710339|
2710340|
2710341|
2710342|
2710343|
2710368|
2710369|
2710370|
2710371|
2710372|
2710373|
2710374|
2710375|
2710400|
2710401|
2710402|
2710403|
2710404|
2710405|
2710406|
2710407|
2710432|
2710433|
2710434|
2710435|
2710436|
2710437|
2710438|
2710439|
2710464|
2710465|
2710466|
2710467|
2710468|
2710469|
2710470|
2710471|
2710496|
2710497|
2710498|
2710499|
2710500|
2710501|
2710502|
2710503|
2710528|
2710529|
2710530|
2710531|
2710532|
2710533|
2710534|
2710535|
2710560|
2710561|
2710562|
2710563|
2710564|
2710565|
2710566|
2710567|
2710592|
2710593|
2710594|
2710595|
2710596|
2710597|
2710598|
2710599|
2710624|
2710625|
2710626|
2710627|
2710628|
2710629|
2710630|
2710631|
2710656|
2710657|
2710658|
2710659|
2710660|
2710661|
2710662|
2710663|
2710688|
2710689|
2710690|
2710691|
2710692|
2710693|
2710694|
2710695|
2710720|
2710721|
2710722|
2710723|
2710724|
2710725|
2710726|
2710727|
2710752|
2710753|
2710754|
2710755|
2710756|
2710757|
2710758|
2710759|
2710784|
2710785|
2710786|
2710787|
2710788|
2710789|
2710790|
2710791|
2710816|
2710817|
2710818|
2710819|
2710820|
2710821|
2710822|
2710823|
2710848|
2710849|
2710850|
2710851|
2710852|
2710853|
2710854|
2710855|
2710880|
2710881|
2710882|
2710883|
2710884|
2710885|
2710886|
2710887|
2710912|
2710913|
2710914|
2710915|
2710916|
2710917|
2710918|
2710919|
2710944|
2710945|
2710946|
2710947|
2710948|
2710949|
2710950|
2710951|
2710976|
2710977|
2710978|
2710979|
2710980|
2710981|
2710982|
2710983|
2711008|
2711009|
2711010|
2711011|
2711012|
2711013|
2711014|
2711015|
2711040|
2711041|
2711042|
2711043|
2711044|
2711045|
2711046|
2711047|
2711072|
2711073|
2711074|
2711075|
2711076|
2711077|
2711078|
2711079|
2711104|
2711105|
2711106|
2711107|
2711108|
2711109|
2711110|
2711111|
2711136|
2711137|
2711138|
2711139|
2711140|
2711141|
2711142|
2711143|
2711168|
2711169|
2711170|
2711171|
2711172|
2711173|
2711174|
2711175|
2711200|
2711201|
2711202|
2711203|
2711204|
2711205|
2711206|
2711207|
2711232|
2711233|
2711234|
2711235|
2711236|
2711237|
2711238|
2711239|
2711264|
2711265|
2711266|
2711267|
2711268|
2711269|
2711270|
2711271|
2711296|
2711297|
2711298|
2711299|
2711300|
2711301|
2711302|
2711303|
2711328|
2711329|
2711330|
2711331|
2711332|
2711333|
2711334|
2711335|
2711360|
2711361|
2711362|
2711363|
2711364|
2711365|
2711366|
2711367|
2711392|
2711393|
2711394|
2711395|
2711396|
2711397|
2711398|
2711399|
2711424|
2711425|
2711426|
2711427|
2711428|
2711429|
2711430|
2711431|
2711456|
2711457|
2711458|
2711459|
2711460|
2711461|
2711462|
2711463|
2711488|
2711489|
2711490|
2711491|
2711492|
2711493|
2711494|
2711495|
2711520|
2711521|
2711522|
2711523|
2711524|
2711525|
2711526|
2711527|
2711552|
2711553|
2711554|
2711555|
2711556|
2711557|
2711558|
2711559|
2711584|
2711585|
2711586|
2711587|
2711588|
2711589|
2711590|
2711591|
2711616|
2711617|
2711618|
2711619|
2711620|
2711621|
2711622|
2711623|
2711648|
2711649|
2711650|
2711651|
2711652|
2711653|
2711654|
2711655|
2711680|
2711681|
2711682|
2711683|
2711684|
2711685|
2711686|
2711687|
2711712|
2711713|
2711714|
2711715|
2711716|
2711717|
2711718|
2711719|
2711744|
2711745|
2711746|
2711747|
2711748|
2711749|
2711750|
2711751|
2711776|
2711777|
2711778|
2711779|
2711780|
2711781|
2711782|
2711783|
2711808|
2711809|
2711810|
2711811|
2711812|
2711813|
2711814|
2711815|
2711840|
2711841|
2711842|
2711843|
2711844|
2711845|
2711846|
2711847|
2711872|
2711873|
2711874|
2711875|
2711876|
2711877|
2711878|
2711879|
2711904|
2711905|
2711906|
2711907|
2711908|
2711909|
2711910|
2711911|
2711936|
2711937|
2711938|
2711939|
2711940|
2711941|
2711942|
2711943|
2711968|
2711969|
2711970|
2711971|
2711972|
2711973|
2711974|
2711975|
2712000|
