2088001|
2088002|
2088003|
2088004|
2088005|
2088006|
2088007|
2088032|
2088033|
2088034|
2088035|
2088036|
2088037|
2088038|
2088039|
2088064|
2088065|
2088066|
2088067|
2088068|
2088069|
2088070|
2088071|
2088096|
2088097|
2088098|
2088099|
2088100|
2088101|
2088102|
2088103|
2088128|
2088129|
2088130|
2088131|
2088132|
2088133|
2088134|
2088135|
2088160|
2088161|
2088162|
2088163|
2088164|
2088165|
2088166|
2088167|
2088192|
2088193|
2088194|
2088195|
2088196|
2088197|
2088198|
2088199|
2088224|
2088225|
2088226|
2088227|
2088228|
2088229|
2088230|
2088231|
2088256|
2088257|
2088258|
2088259|
2088260|
2088261|
2088262|
2088263|
2088288|
2088289|
2088290|
2088291|
2088292|
2088293|
2088294|
2088295|
2088320|
2088321|
2088322|
2088323|
2088324|
2088325|
2088326|
2088327|
2088352|
2088353|
2088354|
2088355|
2088356|
2088357|
2088358|
2088359|
2088384|
2088385|
2088386|
2088387|
2088388|
2088389|
2088390|
2088391|
2088416|
2088417|
2088418|
2088419|
2088420|
2088421|
2088422|
2088423|
2088448|
2088449|
2088450|
2088451|
2088452|
2088453|
2088454|
2088455|
2088480|
2088481|
2088482|
2088483|
2088484|
2088485|
2088486|
2088487|
2088512|
2088513|
2088514|
2088515|
2088516|
2088517|
2088518|
2088519|
2088544|
2088545|
2088546|
2088547|
2088548|
2088549|
2088550|
2088551|
2088576|
2088577|
2088578|
2088579|
2088580|
2088581|
2088582|
2088583|
2088608|
2088609|
2088610|
2088611|
2088612|
2088613|
2088614|
2088615|
2088640|
2088641|
2088642|
2088643|
2088644|
2088645|
2088646|
2088647|
2088672|
2088673|
2088674|
2088675|
2088676|
2088677|
2088678|
2088679|
2088704|
2088705|
2088706|
2088707|
2088708|
2088709|
2088710|
2088711|
2088736|
2088737|
2088738|
2088739|
2088740|
2088741|
2088742|
2088743|
2088768|
2088769|
2088770|
2088771|
2088772|
2088773|
2088774|
2088775|
2088800|
2088801|
2088802|
2088803|
2088804|
2088805|
2088806|
2088807|
2088832|
2088833|
2088834|
2088835|
2088836|
2088837|
2088838|
2088839|
2088864|
2088865|
2088866|
2088867|
2088868|
2088869|
2088870|
2088871|
2088896|
2088897|
2088898|
2088899|
2088900|
2088901|
2088902|
2088903|
2088928|
2088929|
2088930|
2088931|
2088932|
2088933|
2088934|
2088935|
2088960|
2088961|
2088962|
2088963|
2088964|
2088965|
2088966|
2088967|
2088992|
2088993|
2088994|
2088995|
2088996|
2088997|
2088998|
2088999|
2089024|
2089025|
2089026|
2089027|
2089028|
2089029|
2089030|
2089031|
2089056|
2089057|
2089058|
2089059|
2089060|
2089061|
2089062|
2089063|
2089088|
2089089|
2089090|
2089091|
2089092|
2089093|
2089094|
2089095|
2089120|
2089121|
2089122|
2089123|
2089124|
2089125|
2089126|
2089127|
2089152|
2089153|
2089154|
2089155|
2089156|
2089157|
2089158|
2089159|
2089184|
2089185|
2089186|
2089187|
2089188|
2089189|
2089190|
2089191|
2089216|
2089217|
2089218|
2089219|
2089220|
2089221|
2089222|
2089223|
2089248|
2089249|
2089250|
2089251|
2089252|
2089253|
2089254|
2089255|
2089280|
2089281|
2089282|
2089283|
2089284|
2089285|
2089286|
2089287|
2089312|
2089313|
2089314|
2089315|
2089316|
2089317|
2089318|
2089319|
2089344|
2089345|
2089346|
2089347|
2089348|
2089349|
2089350|
2089351|
2089376|
2089377|
2089378|
2089379|
2089380|
2089381|
2089382|
2089383|
2089408|
2089409|
2089410|
2089411|
2089412|
2089413|
2089414|
2089415|
2089440|
2089441|
2089442|
2089443|
2089444|
2089445|
2089446|
2089447|
2089472|
2089473|
2089474|
2089475|
2089476|
2089477|
2089478|
2089479|
2089504|
2089505|
2089506|
2089507|
2089508|
2089509|
2089510|
2089511|
2089536|
2089537|
2089538|
2089539|
2089540|
2089541|
2089542|
2089543|
2089568|
2089569|
2089570|
2089571|
2089572|
2089573|
2089574|
2089575|
2089600|
2089601|
2089602|
2089603|
2089604|
2089605|
2089606|
2089607|
2089632|
2089633|
2089634|
2089635|
2089636|
2089637|
2089638|
2089639|
2089664|
2089665|
2089666|
2089667|
2089668|
2089669|
2089670|
2089671|
2089696|
2089697|
2089698|
2089699|
2089700|
2089701|
2089702|
2089703|
2089728|
2089729|
2089730|
2089731|
2089732|
2089733|
2089734|
2089735|
2089760|
2089761|
2089762|
2089763|
2089764|
2089765|
2089766|
2089767|
2089792|
2089793|
2089794|
2089795|
2089796|
2089797|
2089798|
2089799|
2089824|
2089825|
2089826|
2089827|
2089828|
2089829|
2089830|
2089831|
2089856|
2089857|
2089858|
2089859|
2089860|
2089861|
2089862|
2089863|
2089888|
2089889|
2089890|
2089891|
2089892|
2089893|
2089894|
2089895|
2089920|
2089921|
2089922|
2089923|
2089924|
2089925|
2089926|
2089927|
2089952|
2089953|
2089954|
2089955|
2089956|
2089957|
2089958|
2089959|
2089984|
2089985|
2089986|
2089987|
2089988|
2089989|
2089990|
2089991|
2090016|
2090017|
2090018|
2090019|
2090020|
2090021|
2090022|
2090023|
2090048|
2090049|
2090050|
2090051|
2090052|
2090053|
2090054|
2090055|
2090080|
2090081|
2090082|
2090083|
2090084|
2090085|
2090086|
2090087|
2090112|
2090113|
2090114|
2090115|
2090116|
2090117|
2090118|
2090119|
2090144|
2090145|
2090146|
2090147|
2090148|
2090149|
2090150|
2090151|
2090176|
2090177|
2090178|
2090179|
2090180|
2090181|
2090182|
2090183|
2090208|
2090209|
2090210|
2090211|
2090212|
2090213|
2090214|
2090215|
2090240|
2090241|
2090242|
2090243|
2090244|
2090245|
2090246|
2090247|
2090272|
2090273|
2090274|
2090275|
2090276|
2090277|
2090278|
2090279|
2090304|
2090305|
2090306|
2090307|
2090308|
2090309|
2090310|
2090311|
2090336|
2090337|
2090338|
2090339|
2090340|
2090341|
2090342|
2090343|
2090368|
2090369|
2090370|
2090371|
2090372|
2090373|
2090374|
2090375|
2090400|
2090401|
2090402|
2090403|
2090404|
2090405|
2090406|
2090407|
2090432|
2090433|
2090434|
2090435|
2090436|
2090437|
2090438|
2090439|
2090464|
2090465|
2090466|
2090467|
2090468|
2090469|
2090470|
2090471|
2090496|
2090497|
2090498|
2090499|
2090500|
2090501|
2090502|
2090503|
2090528|
2090529|
2090530|
2090531|
2090532|
2090533|
2090534|
2090535|
2090560|
2090561|
2090562|
2090563|
2090564|
2090565|
2090566|
2090567|
2090592|
2090593|
2090594|
2090595|
2090596|
2090597|
2090598|
2090599|
2090624|
2090625|
2090626|
2090627|
2090628|
2090629|
2090630|
2090631|
2090656|
2090657|
2090658|
2090659|
2090660|
2090661|
2090662|
2090663|
2090688|
2090689|
2090690|
2090691|
2090692|
2090693|
2090694|
2090695|
2090720|
2090721|
2090722|
2090723|
2090724|
2090725|
2090726|
2090727|
2090752|
2090753|
2090754|
2090755|
2090756|
2090757|
2090758|
2090759|
2090784|
2090785|
2090786|
2090787|
2090788|
2090789|
2090790|
2090791|
2090816|
2090817|
2090818|
2090819|
2090820|
2090821|
2090822|
2090823|
2090848|
2090849|
2090850|
2090851|
2090852|
2090853|
2090854|
2090855|
2090880|
2090881|
2090882|
2090883|
2090884|
2090885|
2090886|
2090887|
2090912|
2090913|
2090914|
2090915|
2090916|
2090917|
2090918|
2090919|
2090944|
2090945|
2090946|
2090947|
2090948|
2090949|
2090950|
2090951|
2090976|
2090977|
2090978|
2090979|
2090980|
2090981|
2090982|
2090983|
2091008|
2091009|
2091010|
2091011|
2091012|
2091013|
2091014|
2091015|
2091040|
2091041|
2091042|
2091043|
2091044|
2091045|
2091046|
2091047|
2091072|
2091073|
2091074|
2091075|
2091076|
2091077|
2091078|
2091079|
2091104|
2091105|
2091106|
2091107|
2091108|
2091109|
2091110|
2091111|
2091136|
2091137|
2091138|
2091139|
2091140|
2091141|
2091142|
2091143|
2091168|
2091169|
2091170|
2091171|
2091172|
2091173|
2091174|
2091175|
2091200|
2091201|
2091202|
2091203|
2091204|
2091205|
2091206|
2091207|
2091232|
2091233|
2091234|
2091235|
2091236|
2091237|
2091238|
2091239|
2091264|
2091265|
2091266|
2091267|
2091268|
2091269|
2091270|
2091271|
2091296|
2091297|
2091298|
2091299|
2091300|
2091301|
2091302|
2091303|
2091328|
2091329|
2091330|
2091331|
2091332|
2091333|
2091334|
2091335|
2091360|
2091361|
2091362|
2091363|
2091364|
2091365|
2091366|
2091367|
2091392|
2091393|
2091394|
2091395|
2091396|
2091397|
2091398|
2091399|
2091424|
2091425|
2091426|
2091427|
2091428|
2091429|
2091430|
2091431|
2091456|
2091457|
2091458|
2091459|
2091460|
2091461|
2091462|
2091463|
2091488|
2091489|
2091490|
2091491|
2091492|
2091493|
2091494|
2091495|
2091520|
2091521|
2091522|
2091523|
2091524|
2091525|
2091526|
2091527|
2091552|
2091553|
2091554|
2091555|
2091556|
2091557|
2091558|
2091559|
2091584|
2091585|
2091586|
2091587|
2091588|
2091589|
2091590|
2091591|
2091616|
2091617|
2091618|
2091619|
2091620|
2091621|
2091622|
2091623|
2091648|
2091649|
2091650|
2091651|
2091652|
2091653|
2091654|
2091655|
2091680|
2091681|
2091682|
2091683|
2091684|
2091685|
2091686|
2091687|
2091712|
2091713|
2091714|
2091715|
2091716|
2091717|
2091718|
2091719|
2091744|
2091745|
2091746|
2091747|
2091748|
2091749|
2091750|
2091751|
2091776|
2091777|
2091778|
2091779|
2091780|
2091781|
2091782|
2091783|
2091808|
2091809|
2091810|
2091811|
2091812|
2091813|
2091814|
2091815|
2091840|
2091841|
2091842|
2091843|
2091844|
2091845|
2091846|
2091847|
2091872|
2091873|
2091874|
2091875|
2091876|
2091877|
2091878|
2091879|
2091904|
2091905|
2091906|
2091907|
2091908|
2091909|
2091910|
2091911|
2091936|
2091937|
2091938|
2091939|
2091940|
2091941|
2091942|
2091943|
2091968|
2091969|
2091970|
2091971|
2091972|
2091973|
2091974|
2091975|
2092000|
2092001|
2092002|
2092003|
2092004|
2092005|
2092006|
2092007|
2092032|
2092033|
2092034|
2092035|
2092036|
2092037|
2092038|
2092039|
2092064|
2092065|
2092066|
2092067|
2092068|
2092069|
2092070|
2092071|
2092096|
2092097|
2092098|
2092099|
2092100|
2092101|
2092102|
2092103|
2092128|
2092129|
2092130|
2092131|
2092132|
2092133|
2092134|
2092135|
2092160|
2092161|
2092162|
2092163|
2092164|
2092165|
2092166|
2092167|
2092192|
2092193|
2092194|
2092195|
2092196|
2092197|
2092198|
2092199|
2092224|
2092225|
2092226|
2092227|
2092228|
2092229|
2092230|
2092231|
2092256|
2092257|
2092258|
2092259|
2092260|
2092261|
2092262|
2092263|
2092288|
2092289|
2092290|
2092291|
2092292|
2092293|
2092294|
2092295|
2092320|
2092321|
2092322|
2092323|
2092324|
2092325|
2092326|
2092327|
2092352|
2092353|
2092354|
2092355|
2092356|
2092357|
2092358|
2092359|
2092384|
2092385|
2092386|
2092387|
2092388|
2092389|
2092390|
2092391|
2092416|
2092417|
2092418|
2092419|
2092420|
2092421|
2092422|
2092423|
2092448|
2092449|
2092450|
2092451|
2092452|
2092453|
2092454|
2092455|
2092480|
2092481|
2092482|
2092483|
2092484|
2092485|
2092486|
2092487|
2092512|
2092513|
2092514|
2092515|
2092516|
2092517|
2092518|
2092519|
2092544|
2092545|
2092546|
2092547|
2092548|
2092549|
2092550|
2092551|
2092576|
2092577|
2092578|
2092579|
2092580|
2092581|
2092582|
2092583|
2092608|
2092609|
2092610|
2092611|
2092612|
2092613|
2092614|
2092615|
2092640|
2092641|
2092642|
2092643|
2092644|
2092645|
2092646|
2092647|
2092672|
2092673|
2092674|
2092675|
2092676|
2092677|
2092678|
2092679|
2092704|
2092705|
2092706|
2092707|
2092708|
2092709|
2092710|
2092711|
2092736|
2092737|
2092738|
2092739|
2092740|
2092741|
2092742|
2092743|
2092768|
2092769|
2092770|
2092771|
2092772|
2092773|
2092774|
2092775|
2092800|
2092801|
2092802|
2092803|
2092804|
2092805|
2092806|
2092807|
2092832|
2092833|
2092834|
2092835|
2092836|
2092837|
2092838|
2092839|
2092864|
2092865|
2092866|
2092867|
2092868|
2092869|
2092870|
2092871|
2092896|
2092897|
2092898|
2092899|
2092900|
2092901|
2092902|
2092903|
2092928|
2092929|
2092930|
2092931|
2092932|
2092933|
2092934|
2092935|
2092960|
2092961|
2092962|
2092963|
2092964|
2092965|
2092966|
2092967|
2092992|
2092993|
2092994|
2092995|
2092996|
2092997|
2092998|
2092999|
2093024|
2093025|
2093026|
2093027|
2093028|
2093029|
2093030|
2093031|
2093056|
2093057|
2093058|
2093059|
2093060|
2093061|
2093062|
2093063|
2093088|
2093089|
2093090|
2093091|
2093092|
2093093|
2093094|
2093095|
2093120|
2093121|
2093122|
2093123|
2093124|
2093125|
2093126|
2093127|
2093152|
2093153|
2093154|
2093155|
2093156|
2093157|
2093158|
2093159|
2093184|
2093185|
2093186|
2093187|
2093188|
2093189|
2093190|
2093191|
2093216|
2093217|
2093218|
2093219|
2093220|
2093221|
2093222|
2093223|
2093248|
2093249|
2093250|
2093251|
2093252|
2093253|
2093254|
2093255|
2093280|
2093281|
2093282|
2093283|
2093284|
2093285|
2093286|
2093287|
2093312|
2093313|
2093314|
2093315|
2093316|
2093317|
2093318|
2093319|
2093344|
2093345|
2093346|
2093347|
2093348|
2093349|
2093350|
2093351|
2093376|
2093377|
2093378|
2093379|
2093380|
2093381|
2093382|
2093383|
2093408|
2093409|
2093410|
2093411|
2093412|
2093413|
2093414|
2093415|
2093440|
2093441|
2093442|
2093443|
2093444|
2093445|
2093446|
2093447|
2093472|
2093473|
2093474|
2093475|
2093476|
2093477|
2093478|
2093479|
2093504|
2093505|
2093506|
2093507|
2093508|
2093509|
2093510|
2093511|
2093536|
2093537|
2093538|
2093539|
2093540|
2093541|
2093542|
2093543|
2093568|
2093569|
2093570|
2093571|
2093572|
2093573|
2093574|
2093575|
2093600|
2093601|
2093602|
2093603|
2093604|
2093605|
2093606|
2093607|
2093632|
2093633|
2093634|
2093635|
2093636|
2093637|
2093638|
2093639|
2093664|
2093665|
2093666|
2093667|
2093668|
2093669|
2093670|
2093671|
2093696|
2093697|
2093698|
2093699|
2093700|
2093701|
2093702|
2093703|
2093728|
2093729|
2093730|
2093731|
2093732|
2093733|
2093734|
2093735|
2093760|
2093761|
2093762|
2093763|
2093764|
2093765|
2093766|
2093767|
2093792|
2093793|
2093794|
2093795|
2093796|
2093797|
2093798|
2093799|
2093824|
2093825|
2093826|
2093827|
2093828|
2093829|
2093830|
2093831|
2093856|
2093857|
2093858|
2093859|
2093860|
2093861|
2093862|
2093863|
2093888|
2093889|
2093890|
2093891|
2093892|
2093893|
2093894|
2093895|
2093920|
2093921|
2093922|
2093923|
2093924|
2093925|
2093926|
2093927|
2093952|
2093953|
2093954|
2093955|
2093956|
2093957|
2093958|
2093959|
2093984|
2093985|
2093986|
2093987|
2093988|
