1169989|
1169990|
1169991|
1170016|
1170017|
1170018|
1170019|
1170020|
1170021|
1170022|
1170023|
1170048|
1170049|
1170050|
1170051|
1170052|
1170053|
1170054|
1170055|
1170080|
1170081|
1170082|
1170083|
1170084|
1170085|
1170086|
1170087|
1170112|
1170113|
1170114|
1170115|
1170116|
1170117|
1170118|
1170119|
1170144|
1170145|
1170146|
1170147|
1170148|
1170149|
1170150|
1170151|
1170176|
1170177|
1170178|
1170179|
1170180|
1170181|
1170182|
1170183|
1170208|
1170209|
1170210|
1170211|
1170212|
1170213|
1170214|
1170215|
1170240|
1170241|
1170242|
1170243|
1170244|
1170245|
1170246|
1170247|
1170272|
1170273|
1170274|
1170275|
1170276|
1170277|
1170278|
1170279|
1170304|
1170305|
1170306|
1170307|
1170308|
1170309|
1170310|
1170311|
1170336|
1170337|
1170338|
1170339|
1170340|
1170341|
1170342|
1170343|
1170368|
1170369|
1170370|
1170371|
1170372|
1170373|
1170374|
1170375|
1170400|
1170401|
1170402|
1170403|
1170404|
1170405|
1170406|
1170407|
1170432|
1170433|
1170434|
1170435|
1170436|
1170437|
1170438|
1170439|
1170464|
1170465|
1170466|
1170467|
1170468|
1170469|
1170470|
1170471|
1170496|
1170497|
1170498|
1170499|
1170500|
1170501|
1170502|
1170503|
1170528|
1170529|
1170530|
1170531|
1170532|
1170533|
1170534|
1170535|
1170560|
1170561|
1170562|
1170563|
1170564|
1170565|
1170566|
1170567|
1170592|
1170593|
1170594|
1170595|
1170596|
1170597|
1170598|
1170599|
1170624|
1170625|
1170626|
1170627|
1170628|
1170629|
1170630|
1170631|
1170656|
1170657|
1170658|
1170659|
1170660|
1170661|
1170662|
1170663|
1170688|
1170689|
1170690|
1170691|
1170692|
1170693|
1170694|
1170695|
1170720|
1170721|
1170722|
1170723|
1170724|
1170725|
1170726|
1170727|
1170752|
1170753|
1170754|
1170755|
1170756|
1170757|
1170758|
1170759|
1170784|
1170785|
1170786|
1170787|
1170788|
1170789|
1170790|
1170791|
1170816|
1170817|
1170818|
1170819|
1170820|
1170821|
1170822|
1170823|
1170848|
1170849|
1170850|
1170851|
1170852|
1170853|
1170854|
1170855|
1170880|
1170881|
1170882|
1170883|
1170884|
1170885|
1170886|
1170887|
1170912|
1170913|
1170914|
1170915|
1170916|
1170917|
1170918|
1170919|
1170944|
1170945|
1170946|
1170947|
1170948|
1170949|
1170950|
1170951|
1170976|
1170977|
1170978|
1170979|
1170980|
1170981|
1170982|
1170983|
1171008|
1171009|
1171010|
1171011|
1171012|
1171013|
1171014|
1171015|
1171040|
1171041|
1171042|
1171043|
1171044|
1171045|
1171046|
1171047|
1171072|
1171073|
1171074|
1171075|
1171076|
1171077|
1171078|
1171079|
1171104|
1171105|
1171106|
1171107|
1171108|
1171109|
1171110|
1171111|
1171136|
1171137|
1171138|
1171139|
1171140|
1171141|
1171142|
1171143|
1171168|
1171169|
1171170|
1171171|
1171172|
1171173|
1171174|
1171175|
1171200|
1171201|
1171202|
1171203|
1171204|
1171205|
1171206|
1171207|
1171232|
1171233|
1171234|
1171235|
1171236|
1171237|
1171238|
1171239|
1171264|
1171265|
1171266|
1171267|
1171268|
1171269|
1171270|
1171271|
1171296|
1171297|
1171298|
1171299|
1171300|
1171301|
1171302|
1171303|
1171328|
1171329|
1171330|
1171331|
1171332|
1171333|
1171334|
1171335|
1171360|
1171361|
1171362|
1171363|
1171364|
1171365|
1171366|
1171367|
1171392|
1171393|
1171394|
1171395|
1171396|
1171397|
1171398|
1171399|
1171424|
1171425|
1171426|
1171427|
1171428|
1171429|
1171430|
1171431|
1171456|
1171457|
1171458|
1171459|
1171460|
1171461|
1171462|
1171463|
1171488|
1171489|
1171490|
1171491|
1171492|
1171493|
1171494|
1171495|
1171520|
1171521|
1171522|
1171523|
1171524|
1171525|
1171526|
1171527|
1171552|
1171553|
1171554|
1171555|
1171556|
1171557|
1171558|
1171559|
1171584|
1171585|
1171586|
1171587|
1171588|
1171589|
1171590|
1171591|
1171616|
1171617|
1171618|
1171619|
1171620|
1171621|
1171622|
1171623|
1171648|
1171649|
1171650|
1171651|
1171652|
1171653|
1171654|
1171655|
1171680|
1171681|
1171682|
1171683|
1171684|
1171685|
1171686|
1171687|
1171712|
1171713|
1171714|
1171715|
1171716|
1171717|
1171718|
1171719|
1171744|
1171745|
1171746|
1171747|
1171748|
1171749|
1171750|
1171751|
1171776|
1171777|
1171778|
1171779|
1171780|
1171781|
1171782|
1171783|
1171808|
1171809|
1171810|
1171811|
1171812|
1171813|
1171814|
1171815|
1171840|
1171841|
1171842|
1171843|
1171844|
1171845|
1171846|
1171847|
1171872|
1171873|
1171874|
1171875|
1171876|
1171877|
1171878|
1171879|
1171904|
1171905|
1171906|
1171907|
1171908|
1171909|
1171910|
1171911|
1171936|
1171937|
1171938|
1171939|
1171940|
1171941|
1171942|
1171943|
1171968|
1171969|
1171970|
1171971|
1171972|
1171973|
1171974|
1171975|
1172000|
1172001|
1172002|
1172003|
1172004|
1172005|
1172006|
1172007|
1172032|
1172033|
1172034|
1172035|
1172036|
1172037|
1172038|
1172039|
1172064|
1172065|
1172066|
1172067|
1172068|
1172069|
1172070|
1172071|
1172096|
1172097|
1172098|
1172099|
1172100|
1172101|
1172102|
1172103|
1172128|
1172129|
1172130|
1172131|
1172132|
1172133|
1172134|
1172135|
1172160|
1172161|
1172162|
1172163|
1172164|
1172165|
1172166|
1172167|
1172192|
1172193|
1172194|
1172195|
1172196|
1172197|
1172198|
1172199|
1172224|
1172225|
1172226|
1172227|
1172228|
1172229|
1172230|
1172231|
1172256|
1172257|
1172258|
1172259|
1172260|
1172261|
1172262|
1172263|
1172288|
1172289|
1172290|
1172291|
1172292|
1172293|
1172294|
1172295|
1172320|
1172321|
1172322|
1172323|
1172324|
1172325|
1172326|
1172327|
1172352|
1172353|
1172354|
1172355|
1172356|
1172357|
1172358|
1172359|
1172384|
1172385|
1172386|
1172387|
1172388|
1172389|
1172390|
1172391|
1172416|
1172417|
1172418|
1172419|
1172420|
1172421|
1172422|
1172423|
1172448|
1172449|
1172450|
1172451|
1172452|
1172453|
1172454|
1172455|
1172480|
1172481|
1172482|
1172483|
1172484|
1172485|
1172486|
1172487|
1172512|
1172513|
1172514|
1172515|
1172516|
1172517|
1172518|
1172519|
1172544|
1172545|
1172546|
1172547|
1172548|
1172549|
1172550|
1172551|
1172576|
1172577|
1172578|
1172579|
1172580|
1172581|
1172582|
1172583|
1172608|
1172609|
1172610|
1172611|
1172612|
1172613|
1172614|
1172615|
1172640|
1172641|
1172642|
1172643|
1172644|
1172645|
1172646|
1172647|
1172672|
1172673|
1172674|
1172675|
1172676|
1172677|
1172678|
1172679|
1172704|
1172705|
1172706|
1172707|
1172708|
1172709|
1172710|
1172711|
1172736|
1172737|
1172738|
1172739|
1172740|
1172741|
1172742|
1172743|
1172768|
1172769|
1172770|
1172771|
1172772|
1172773|
1172774|
1172775|
1172800|
1172801|
1172802|
1172803|
1172804|
1172805|
1172806|
1172807|
1172832|
1172833|
1172834|
1172835|
1172836|
1172837|
1172838|
1172839|
1172864|
1172865|
1172866|
1172867|
1172868|
1172869|
1172870|
1172871|
1172896|
1172897|
1172898|
1172899|
1172900|
1172901|
1172902|
1172903|
1172928|
1172929|
1172930|
1172931|
1172932|
1172933|
1172934|
1172935|
1172960|
1172961|
1172962|
1172963|
1172964|
1172965|
1172966|
1172967|
1172992|
1172993|
1172994|
1172995|
1172996|
1172997|
1172998|
1172999|
1173024|
1173025|
1173026|
1173027|
1173028|
1173029|
1173030|
1173031|
1173056|
1173057|
1173058|
1173059|
1173060|
1173061|
1173062|
1173063|
1173088|
1173089|
1173090|
1173091|
1173092|
1173093|
1173094|
1173095|
1173120|
1173121|
1173122|
1173123|
1173124|
1173125|
1173126|
1173127|
1173152|
1173153|
1173154|
1173155|
1173156|
1173157|
1173158|
1173159|
1173184|
1173185|
1173186|
1173187|
1173188|
1173189|
1173190|
1173191|
1173216|
1173217|
1173218|
1173219|
1173220|
1173221|
1173222|
1173223|
1173248|
1173249|
1173250|
1173251|
1173252|
1173253|
1173254|
1173255|
1173280|
1173281|
1173282|
1173283|
1173284|
1173285|
1173286|
1173287|
1173312|
1173313|
1173314|
1173315|
1173316|
1173317|
1173318|
1173319|
1173344|
1173345|
1173346|
1173347|
1173348|
1173349|
1173350|
1173351|
1173376|
1173377|
1173378|
1173379|
1173380|
1173381|
1173382|
1173383|
1173408|
1173409|
1173410|
1173411|
1173412|
1173413|
1173414|
1173415|
1173440|
1173441|
1173442|
1173443|
1173444|
1173445|
1173446|
1173447|
1173472|
1173473|
1173474|
1173475|
1173476|
1173477|
1173478|
1173479|
1173504|
1173505|
1173506|
1173507|
1173508|
1173509|
1173510|
1173511|
1173536|
1173537|
1173538|
1173539|
1173540|
1173541|
1173542|
1173543|
1173568|
1173569|
1173570|
1173571|
1173572|
1173573|
1173574|
1173575|
1173600|
1173601|
1173602|
1173603|
1173604|
1173605|
1173606|
1173607|
1173632|
1173633|
1173634|
1173635|
1173636|
1173637|
1173638|
1173639|
1173664|
1173665|
1173666|
1173667|
1173668|
1173669|
1173670|
1173671|
1173696|
1173697|
1173698|
1173699|
1173700|
1173701|
1173702|
1173703|
1173728|
1173729|
1173730|
1173731|
1173732|
1173733|
1173734|
1173735|
1173760|
1173761|
1173762|
1173763|
1173764|
1173765|
1173766|
1173767|
1173792|
1173793|
1173794|
1173795|
1173796|
1173797|
1173798|
1173799|
1173824|
1173825|
1173826|
1173827|
1173828|
1173829|
1173830|
1173831|
1173856|
1173857|
1173858|
1173859|
1173860|
1173861|
1173862|
1173863|
1173888|
1173889|
1173890|
1173891|
1173892|
1173893|
1173894|
1173895|
1173920|
1173921|
1173922|
1173923|
1173924|
1173925|
1173926|
1173927|
1173952|
1173953|
1173954|
1173955|
1173956|
1173957|
1173958|
1173959|
1173984|
1173985|
1173986|
1173987|
1173988|
1173989|
1173990|
1173991|
1174016|
1174017|
1174018|
1174019|
1174020|
1174021|
1174022|
1174023|
1174048|
1174049|
1174050|
1174051|
1174052|
1174053|
1174054|
1174055|
1174080|
1174081|
1174082|
1174083|
1174084|
1174085|
1174086|
1174087|
1174112|
1174113|
1174114|
1174115|
1174116|
1174117|
1174118|
1174119|
1174144|
1174145|
1174146|
1174147|
1174148|
1174149|
1174150|
1174151|
1174176|
1174177|
1174178|
1174179|
1174180|
1174181|
1174182|
1174183|
1174208|
1174209|
1174210|
1174211|
1174212|
1174213|
1174214|
1174215|
1174240|
1174241|
1174242|
1174243|
1174244|
1174245|
1174246|
1174247|
1174272|
1174273|
1174274|
1174275|
1174276|
1174277|
1174278|
1174279|
1174304|
1174305|
1174306|
1174307|
1174308|
1174309|
1174310|
1174311|
1174336|
1174337|
1174338|
1174339|
1174340|
1174341|
1174342|
1174343|
1174368|
1174369|
1174370|
1174371|
1174372|
1174373|
1174374|
1174375|
1174400|
1174401|
1174402|
1174403|
1174404|
1174405|
1174406|
1174407|
1174432|
1174433|
1174434|
1174435|
1174436|
1174437|
1174438|
1174439|
1174464|
1174465|
1174466|
1174467|
1174468|
1174469|
1174470|
1174471|
1174496|
1174497|
1174498|
1174499|
1174500|
1174501|
1174502|
1174503|
1174528|
1174529|
1174530|
1174531|
1174532|
1174533|
1174534|
1174535|
1174560|
1174561|
1174562|
1174563|
1174564|
1174565|
1174566|
1174567|
1174592|
1174593|
1174594|
1174595|
1174596|
1174597|
1174598|
1174599|
1174624|
1174625|
1174626|
1174627|
1174628|
1174629|
1174630|
1174631|
1174656|
1174657|
1174658|
1174659|
1174660|
1174661|
1174662|
1174663|
1174688|
1174689|
1174690|
1174691|
1174692|
1174693|
1174694|
1174695|
1174720|
1174721|
1174722|
1174723|
1174724|
1174725|
1174726|
1174727|
1174752|
1174753|
1174754|
1174755|
1174756|
1174757|
1174758|
1174759|
1174784|
1174785|
1174786|
1174787|
1174788|
1174789|
1174790|
1174791|
1174816|
1174817|
1174818|
1174819|
1174820|
1174821|
1174822|
1174823|
1174848|
1174849|
1174850|
1174851|
1174852|
1174853|
1174854|
1174855|
1174880|
1174881|
1174882|
1174883|
1174884|
1174885|
1174886|
1174887|
1174912|
1174913|
1174914|
1174915|
1174916|
1174917|
1174918|
1174919|
1174944|
1174945|
1174946|
1174947|
1174948|
1174949|
1174950|
1174951|
1174976|
1174977|
1174978|
1174979|
1174980|
1174981|
1174982|
1174983|
1175008|
1175009|
1175010|
1175011|
1175012|
1175013|
1175014|
1175015|
1175040|
1175041|
1175042|
1175043|
1175044|
1175045|
1175046|
1175047|
1175072|
1175073|
1175074|
1175075|
1175076|
1175077|
1175078|
1175079|
1175104|
1175105|
1175106|
1175107|
1175108|
1175109|
1175110|
1175111|
1175136|
1175137|
1175138|
1175139|
1175140|
1175141|
1175142|
1175143|
1175168|
1175169|
1175170|
1175171|
1175172|
1175173|
1175174|
1175175|
1175200|
1175201|
1175202|
1175203|
1175204|
1175205|
1175206|
1175207|
1175232|
1175233|
1175234|
1175235|
1175236|
1175237|
1175238|
1175239|
1175264|
1175265|
1175266|
1175267|
1175268|
1175269|
1175270|
1175271|
1175296|
1175297|
1175298|
1175299|
1175300|
1175301|
1175302|
1175303|
1175328|
1175329|
1175330|
1175331|
1175332|
1175333|
1175334|
1175335|
1175360|
1175361|
1175362|
1175363|
1175364|
1175365|
1175366|
1175367|
1175392|
1175393|
1175394|
1175395|
1175396|
1175397|
1175398|
1175399|
1175424|
1175425|
1175426|
1175427|
1175428|
1175429|
1175430|
1175431|
1175456|
1175457|
1175458|
1175459|
1175460|
1175461|
1175462|
1175463|
1175488|
1175489|
1175490|
1175491|
1175492|
1175493|
1175494|
1175495|
1175520|
1175521|
1175522|
1175523|
1175524|
1175525|
1175526|
1175527|
1175552|
1175553|
1175554|
1175555|
1175556|
1175557|
1175558|
1175559|
1175584|
1175585|
1175586|
1175587|
1175588|
1175589|
1175590|
1175591|
1175616|
1175617|
1175618|
1175619|
1175620|
1175621|
1175622|
1175623|
1175648|
1175649|
1175650|
1175651|
1175652|
1175653|
1175654|
1175655|
1175680|
1175681|
1175682|
1175683|
1175684|
1175685|
1175686|
1175687|
1175712|
1175713|
1175714|
1175715|
1175716|
1175717|
1175718|
1175719|
1175744|
1175745|
1175746|
1175747|
1175748|
1175749|
1175750|
1175751|
1175776|
1175777|
1175778|
1175779|
1175780|
1175781|
1175782|
1175783|
1175808|
1175809|
1175810|
1175811|
1175812|
1175813|
1175814|
1175815|
1175840|
1175841|
1175842|
1175843|
1175844|
1175845|
1175846|
1175847|
1175872|
1175873|
1175874|
1175875|
1175876|
1175877|
1175878|
1175879|
1175904|
1175905|
1175906|
1175907|
1175908|
1175909|
1175910|
1175911|
1175936|
1175937|
1175938|
1175939|
1175940|
1175941|
1175942|
1175943|
1175968|
1175969|
1175970|
1175971|
1175972|
1175973|
1175974|
1175975|
1176000|
