1577989|
1577990|
1577991|
1578016|
1578017|
1578018|
1578019|
1578020|
1578021|
1578022|
1578023|
1578048|
1578049|
1578050|
1578051|
1578052|
1578053|
1578054|
1578055|
1578080|
1578081|
1578082|
1578083|
1578084|
1578085|
1578086|
1578087|
1578112|
1578113|
1578114|
1578115|
1578116|
1578117|
1578118|
1578119|
1578144|
1578145|
1578146|
1578147|
1578148|
1578149|
1578150|
1578151|
1578176|
1578177|
1578178|
1578179|
1578180|
1578181|
1578182|
1578183|
1578208|
1578209|
1578210|
1578211|
1578212|
1578213|
1578214|
1578215|
1578240|
1578241|
1578242|
1578243|
1578244|
1578245|
1578246|
1578247|
1578272|
1578273|
1578274|
1578275|
1578276|
1578277|
1578278|
1578279|
1578304|
1578305|
1578306|
1578307|
1578308|
1578309|
1578310|
1578311|
1578336|
1578337|
1578338|
1578339|
1578340|
1578341|
1578342|
1578343|
1578368|
1578369|
1578370|
1578371|
1578372|
1578373|
1578374|
1578375|
1578400|
1578401|
1578402|
1578403|
1578404|
1578405|
1578406|
1578407|
1578432|
1578433|
1578434|
1578435|
1578436|
1578437|
1578438|
1578439|
1578464|
1578465|
1578466|
1578467|
1578468|
1578469|
1578470|
1578471|
1578496|
1578497|
1578498|
1578499|
1578500|
1578501|
1578502|
1578503|
1578528|
1578529|
1578530|
1578531|
1578532|
1578533|
1578534|
1578535|
1578560|
1578561|
1578562|
1578563|
1578564|
1578565|
1578566|
1578567|
1578592|
1578593|
1578594|
1578595|
1578596|
1578597|
1578598|
1578599|
1578624|
1578625|
1578626|
1578627|
1578628|
1578629|
1578630|
1578631|
1578656|
1578657|
1578658|
1578659|
1578660|
1578661|
1578662|
1578663|
1578688|
1578689|
1578690|
1578691|
1578692|
1578693|
1578694|
1578695|
1578720|
1578721|
1578722|
1578723|
1578724|
1578725|
1578726|
1578727|
1578752|
1578753|
1578754|
1578755|
1578756|
1578757|
1578758|
1578759|
1578784|
1578785|
1578786|
1578787|
1578788|
1578789|
1578790|
1578791|
1578816|
1578817|
1578818|
1578819|
1578820|
1578821|
1578822|
1578823|
1578848|
1578849|
1578850|
1578851|
1578852|
1578853|
1578854|
1578855|
1578880|
1578881|
1578882|
1578883|
1578884|
1578885|
1578886|
1578887|
1578912|
1578913|
1578914|
1578915|
1578916|
1578917|
1578918|
1578919|
1578944|
1578945|
1578946|
1578947|
1578948|
1578949|
1578950|
1578951|
1578976|
1578977|
1578978|
1578979|
1578980|
1578981|
1578982|
1578983|
1579008|
1579009|
1579010|
1579011|
1579012|
1579013|
1579014|
1579015|
1579040|
1579041|
1579042|
1579043|
1579044|
1579045|
1579046|
1579047|
1579072|
1579073|
1579074|
1579075|
1579076|
1579077|
1579078|
1579079|
1579104|
1579105|
1579106|
1579107|
1579108|
1579109|
1579110|
1579111|
1579136|
1579137|
1579138|
1579139|
1579140|
1579141|
1579142|
1579143|
1579168|
1579169|
1579170|
1579171|
1579172|
1579173|
1579174|
1579175|
1579200|
1579201|
1579202|
1579203|
1579204|
1579205|
1579206|
1579207|
1579232|
1579233|
1579234|
1579235|
1579236|
1579237|
1579238|
1579239|
1579264|
1579265|
1579266|
1579267|
1579268|
1579269|
1579270|
1579271|
1579296|
1579297|
1579298|
1579299|
1579300|
1579301|
1579302|
1579303|
1579328|
1579329|
1579330|
1579331|
1579332|
1579333|
1579334|
1579335|
1579360|
1579361|
1579362|
1579363|
1579364|
1579365|
1579366|
1579367|
1579392|
1579393|
1579394|
1579395|
1579396|
1579397|
1579398|
1579399|
1579424|
1579425|
1579426|
1579427|
1579428|
1579429|
1579430|
1579431|
1579456|
1579457|
1579458|
1579459|
1579460|
1579461|
1579462|
1579463|
1579488|
1579489|
1579490|
1579491|
1579492|
1579493|
1579494|
1579495|
1579520|
1579521|
1579522|
1579523|
1579524|
1579525|
1579526|
1579527|
1579552|
1579553|
1579554|
1579555|
1579556|
1579557|
1579558|
1579559|
1579584|
1579585|
1579586|
1579587|
1579588|
1579589|
1579590|
1579591|
1579616|
1579617|
1579618|
1579619|
1579620|
1579621|
1579622|
1579623|
1579648|
1579649|
1579650|
1579651|
1579652|
1579653|
1579654|
1579655|
1579680|
1579681|
1579682|
1579683|
1579684|
1579685|
1579686|
1579687|
1579712|
1579713|
1579714|
1579715|
1579716|
1579717|
1579718|
1579719|
1579744|
1579745|
1579746|
1579747|
1579748|
1579749|
1579750|
1579751|
1579776|
1579777|
1579778|
1579779|
1579780|
1579781|
1579782|
1579783|
1579808|
1579809|
1579810|
1579811|
1579812|
1579813|
1579814|
1579815|
1579840|
1579841|
1579842|
1579843|
1579844|
1579845|
1579846|
1579847|
1579872|
1579873|
1579874|
1579875|
1579876|
1579877|
1579878|
1579879|
1579904|
1579905|
1579906|
1579907|
1579908|
1579909|
1579910|
1579911|
1579936|
1579937|
1579938|
1579939|
1579940|
1579941|
1579942|
1579943|
1579968|
1579969|
1579970|
1579971|
1579972|
1579973|
1579974|
1579975|
1580000|
1580001|
1580002|
1580003|
1580004|
1580005|
1580006|
1580007|
1580032|
1580033|
1580034|
1580035|
1580036|
1580037|
1580038|
1580039|
1580064|
1580065|
1580066|
1580067|
1580068|
1580069|
1580070|
1580071|
1580096|
1580097|
1580098|
1580099|
1580100|
1580101|
1580102|
1580103|
1580128|
1580129|
1580130|
1580131|
1580132|
1580133|
1580134|
1580135|
1580160|
1580161|
1580162|
1580163|
1580164|
1580165|
1580166|
1580167|
1580192|
1580193|
1580194|
1580195|
1580196|
1580197|
1580198|
1580199|
1580224|
1580225|
1580226|
1580227|
1580228|
1580229|
1580230|
1580231|
1580256|
1580257|
1580258|
1580259|
1580260|
1580261|
1580262|
1580263|
1580288|
1580289|
1580290|
1580291|
1580292|
1580293|
1580294|
1580295|
1580320|
1580321|
1580322|
1580323|
1580324|
1580325|
1580326|
1580327|
1580352|
1580353|
1580354|
1580355|
1580356|
1580357|
1580358|
1580359|
1580384|
1580385|
1580386|
1580387|
1580388|
1580389|
1580390|
1580391|
1580416|
1580417|
1580418|
1580419|
1580420|
1580421|
1580422|
1580423|
1580448|
1580449|
1580450|
1580451|
1580452|
1580453|
1580454|
1580455|
1580480|
1580481|
1580482|
1580483|
1580484|
1580485|
1580486|
1580487|
1580512|
1580513|
1580514|
1580515|
1580516|
1580517|
1580518|
1580519|
1580544|
1580545|
1580546|
1580547|
1580548|
1580549|
1580550|
1580551|
1580576|
1580577|
1580578|
1580579|
1580580|
1580581|
1580582|
1580583|
1580608|
1580609|
1580610|
1580611|
1580612|
1580613|
1580614|
1580615|
1580640|
1580641|
1580642|
1580643|
1580644|
1580645|
1580646|
1580647|
1580672|
1580673|
1580674|
1580675|
1580676|
1580677|
1580678|
1580679|
1580704|
1580705|
1580706|
1580707|
1580708|
1580709|
1580710|
1580711|
1580736|
1580737|
1580738|
1580739|
1580740|
1580741|
1580742|
1580743|
1580768|
1580769|
1580770|
1580771|
1580772|
1580773|
1580774|
1580775|
1580800|
1580801|
1580802|
1580803|
1580804|
1580805|
1580806|
1580807|
1580832|
1580833|
1580834|
1580835|
1580836|
1580837|
1580838|
1580839|
1580864|
1580865|
1580866|
1580867|
1580868|
1580869|
1580870|
1580871|
1580896|
1580897|
1580898|
1580899|
1580900|
1580901|
1580902|
1580903|
1580928|
1580929|
1580930|
1580931|
1580932|
1580933|
1580934|
1580935|
1580960|
1580961|
1580962|
1580963|
1580964|
1580965|
1580966|
1580967|
1580992|
1580993|
1580994|
1580995|
1580996|
1580997|
1580998|
1580999|
1581024|
1581025|
1581026|
1581027|
1581028|
1581029|
1581030|
1581031|
1581056|
1581057|
1581058|
1581059|
1581060|
1581061|
1581062|
1581063|
1581088|
1581089|
1581090|
1581091|
1581092|
1581093|
1581094|
1581095|
1581120|
1581121|
1581122|
1581123|
1581124|
1581125|
1581126|
1581127|
1581152|
1581153|
1581154|
1581155|
1581156|
1581157|
1581158|
1581159|
1581184|
1581185|
1581186|
1581187|
1581188|
1581189|
1581190|
1581191|
1581216|
1581217|
1581218|
1581219|
1581220|
1581221|
1581222|
1581223|
1581248|
1581249|
1581250|
1581251|
1581252|
1581253|
1581254|
1581255|
1581280|
1581281|
1581282|
1581283|
1581284|
1581285|
1581286|
1581287|
1581312|
1581313|
1581314|
1581315|
1581316|
1581317|
1581318|
1581319|
1581344|
1581345|
1581346|
1581347|
1581348|
1581349|
1581350|
1581351|
1581376|
1581377|
1581378|
1581379|
1581380|
1581381|
1581382|
1581383|
1581408|
1581409|
1581410|
1581411|
1581412|
1581413|
1581414|
1581415|
1581440|
1581441|
1581442|
1581443|
1581444|
1581445|
1581446|
1581447|
1581472|
1581473|
1581474|
1581475|
1581476|
1581477|
1581478|
1581479|
1581504|
1581505|
1581506|
1581507|
1581508|
1581509|
1581510|
1581511|
1581536|
1581537|
1581538|
1581539|
1581540|
1581541|
1581542|
1581543|
1581568|
1581569|
1581570|
1581571|
1581572|
1581573|
1581574|
1581575|
1581600|
1581601|
1581602|
1581603|
1581604|
1581605|
1581606|
1581607|
1581632|
1581633|
1581634|
1581635|
1581636|
1581637|
1581638|
1581639|
1581664|
1581665|
1581666|
1581667|
1581668|
1581669|
1581670|
1581671|
1581696|
1581697|
1581698|
1581699|
1581700|
1581701|
1581702|
1581703|
1581728|
1581729|
1581730|
1581731|
1581732|
1581733|
1581734|
1581735|
1581760|
1581761|
1581762|
1581763|
1581764|
1581765|
1581766|
1581767|
1581792|
1581793|
1581794|
1581795|
1581796|
1581797|
1581798|
1581799|
1581824|
1581825|
1581826|
1581827|
1581828|
1581829|
1581830|
1581831|
1581856|
1581857|
1581858|
1581859|
1581860|
1581861|
1581862|
1581863|
1581888|
1581889|
1581890|
1581891|
1581892|
1581893|
1581894|
1581895|
1581920|
1581921|
1581922|
1581923|
1581924|
1581925|
1581926|
1581927|
1581952|
1581953|
1581954|
1581955|
1581956|
1581957|
1581958|
1581959|
1581984|
1581985|
1581986|
1581987|
1581988|
1581989|
1581990|
1581991|
1582016|
1582017|
1582018|
1582019|
1582020|
1582021|
1582022|
1582023|
1582048|
1582049|
1582050|
1582051|
1582052|
1582053|
1582054|
1582055|
1582080|
1582081|
1582082|
1582083|
1582084|
1582085|
1582086|
1582087|
1582112|
1582113|
1582114|
1582115|
1582116|
1582117|
1582118|
1582119|
1582144|
1582145|
1582146|
1582147|
1582148|
1582149|
1582150|
1582151|
1582176|
1582177|
1582178|
1582179|
1582180|
1582181|
1582182|
1582183|
1582208|
1582209|
1582210|
1582211|
1582212|
1582213|
1582214|
1582215|
1582240|
1582241|
1582242|
1582243|
1582244|
1582245|
1582246|
1582247|
1582272|
1582273|
1582274|
1582275|
1582276|
1582277|
1582278|
1582279|
1582304|
1582305|
1582306|
1582307|
1582308|
1582309|
1582310|
1582311|
1582336|
1582337|
1582338|
1582339|
1582340|
1582341|
1582342|
1582343|
1582368|
1582369|
1582370|
1582371|
1582372|
1582373|
1582374|
1582375|
1582400|
1582401|
1582402|
1582403|
1582404|
1582405|
1582406|
1582407|
1582432|
1582433|
1582434|
1582435|
1582436|
1582437|
1582438|
1582439|
1582464|
1582465|
1582466|
1582467|
1582468|
1582469|
1582470|
1582471|
1582496|
1582497|
1582498|
1582499|
1582500|
1582501|
1582502|
1582503|
1582528|
1582529|
1582530|
1582531|
1582532|
1582533|
1582534|
1582535|
1582560|
1582561|
1582562|
1582563|
1582564|
1582565|
1582566|
1582567|
1582592|
1582593|
1582594|
1582595|
1582596|
1582597|
1582598|
1582599|
1582624|
1582625|
1582626|
1582627|
1582628|
1582629|
1582630|
1582631|
1582656|
1582657|
1582658|
1582659|
1582660|
1582661|
1582662|
1582663|
1582688|
1582689|
1582690|
1582691|
1582692|
1582693|
1582694|
1582695|
1582720|
1582721|
1582722|
1582723|
1582724|
1582725|
1582726|
1582727|
1582752|
1582753|
1582754|
1582755|
1582756|
1582757|
1582758|
1582759|
1582784|
1582785|
1582786|
1582787|
1582788|
1582789|
1582790|
1582791|
1582816|
1582817|
1582818|
1582819|
1582820|
1582821|
1582822|
1582823|
1582848|
1582849|
1582850|
1582851|
1582852|
1582853|
1582854|
1582855|
1582880|
1582881|
1582882|
1582883|
1582884|
1582885|
1582886|
1582887|
1582912|
1582913|
1582914|
1582915|
1582916|
1582917|
1582918|
1582919|
1582944|
1582945|
1582946|
1582947|
1582948|
1582949|
1582950|
1582951|
1582976|
1582977|
1582978|
1582979|
1582980|
1582981|
1582982|
1582983|
1583008|
1583009|
1583010|
1583011|
1583012|
1583013|
1583014|
1583015|
1583040|
1583041|
1583042|
1583043|
1583044|
1583045|
1583046|
1583047|
1583072|
1583073|
1583074|
1583075|
1583076|
1583077|
1583078|
1583079|
1583104|
1583105|
1583106|
1583107|
1583108|
1583109|
1583110|
1583111|
1583136|
1583137|
1583138|
1583139|
1583140|
1583141|
1583142|
1583143|
1583168|
1583169|
1583170|
1583171|
1583172|
1583173|
1583174|
1583175|
1583200|
1583201|
1583202|
1583203|
1583204|
1583205|
1583206|
1583207|
1583232|
1583233|
1583234|
1583235|
1583236|
1583237|
1583238|
1583239|
1583264|
1583265|
1583266|
1583267|
1583268|
1583269|
1583270|
1583271|
1583296|
1583297|
1583298|
1583299|
1583300|
1583301|
1583302|
1583303|
1583328|
1583329|
1583330|
1583331|
1583332|
1583333|
1583334|
1583335|
1583360|
1583361|
1583362|
1583363|
1583364|
1583365|
1583366|
1583367|
1583392|
1583393|
1583394|
1583395|
1583396|
1583397|
1583398|
1583399|
1583424|
1583425|
1583426|
1583427|
1583428|
1583429|
1583430|
1583431|
1583456|
1583457|
1583458|
1583459|
1583460|
1583461|
1583462|
1583463|
1583488|
1583489|
1583490|
1583491|
1583492|
1583493|
1583494|
1583495|
1583520|
1583521|
1583522|
1583523|
1583524|
1583525|
1583526|
1583527|
1583552|
1583553|
1583554|
1583555|
1583556|
1583557|
1583558|
1583559|
1583584|
1583585|
1583586|
1583587|
1583588|
1583589|
1583590|
1583591|
1583616|
1583617|
1583618|
1583619|
1583620|
1583621|
1583622|
1583623|
1583648|
1583649|
1583650|
1583651|
1583652|
1583653|
1583654|
1583655|
1583680|
1583681|
1583682|
1583683|
1583684|
1583685|
1583686|
1583687|
1583712|
1583713|
1583714|
1583715|
1583716|
1583717|
1583718|
1583719|
1583744|
1583745|
1583746|
1583747|
1583748|
1583749|
1583750|
1583751|
1583776|
1583777|
1583778|
1583779|
1583780|
1583781|
1583782|
1583783|
1583808|
1583809|
1583810|
1583811|
1583812|
1583813|
1583814|
1583815|
1583840|
1583841|
1583842|
1583843|
1583844|
1583845|
1583846|
1583847|
1583872|
1583873|
1583874|
1583875|
1583876|
1583877|
1583878|
1583879|
1583904|
1583905|
1583906|
1583907|
1583908|
1583909|
1583910|
1583911|
1583936|
1583937|
1583938|
1583939|
1583940|
1583941|
1583942|
1583943|
1583968|
1583969|
1583970|
1583971|
1583972|
1583973|
1583974|
1583975|
1584000|
