2640001|
2640002|
2640003|
2640004|
2640005|
2640006|
2640007|
2640032|
2640033|
2640034|
2640035|
2640036|
2640037|
2640038|
2640039|
2640064|
2640065|
2640066|
2640067|
2640068|
2640069|
2640070|
2640071|
2640096|
2640097|
2640098|
2640099|
2640100|
2640101|
2640102|
2640103|
2640128|
2640129|
2640130|
2640131|
2640132|
2640133|
2640134|
2640135|
2640160|
2640161|
2640162|
2640163|
2640164|
2640165|
2640166|
2640167|
2640192|
2640193|
2640194|
2640195|
2640196|
2640197|
2640198|
2640199|
2640224|
2640225|
2640226|
2640227|
2640228|
2640229|
2640230|
2640231|
2640256|
2640257|
2640258|
2640259|
2640260|
2640261|
2640262|
2640263|
2640288|
2640289|
2640290|
2640291|
2640292|
2640293|
2640294|
2640295|
2640320|
2640321|
2640322|
2640323|
2640324|
2640325|
2640326|
2640327|
2640352|
2640353|
2640354|
2640355|
2640356|
2640357|
2640358|
2640359|
2640384|
2640385|
2640386|
2640387|
2640388|
2640389|
2640390|
2640391|
2640416|
2640417|
2640418|
2640419|
2640420|
2640421|
2640422|
2640423|
2640448|
2640449|
2640450|
2640451|
2640452|
2640453|
2640454|
2640455|
2640480|
2640481|
2640482|
2640483|
2640484|
2640485|
2640486|
2640487|
2640512|
2640513|
2640514|
2640515|
2640516|
2640517|
2640518|
2640519|
2640544|
2640545|
2640546|
2640547|
2640548|
2640549|
2640550|
2640551|
2640576|
2640577|
2640578|
2640579|
2640580|
2640581|
2640582|
2640583|
2640608|
2640609|
2640610|
2640611|
2640612|
2640613|
2640614|
2640615|
2640640|
2640641|
2640642|
2640643|
2640644|
2640645|
2640646|
2640647|
2640672|
2640673|
2640674|
2640675|
2640676|
2640677|
2640678|
2640679|
2640704|
2640705|
2640706|
2640707|
2640708|
2640709|
2640710|
2640711|
2640736|
2640737|
2640738|
2640739|
2640740|
2640741|
2640742|
2640743|
2640768|
2640769|
2640770|
2640771|
2640772|
2640773|
2640774|
2640775|
2640800|
2640801|
2640802|
2640803|
2640804|
2640805|
2640806|
2640807|
2640832|
2640833|
2640834|
2640835|
2640836|
2640837|
2640838|
2640839|
2640864|
2640865|
2640866|
2640867|
2640868|
2640869|
2640870|
2640871|
2640896|
2640897|
2640898|
2640899|
2640900|
2640901|
2640902|
2640903|
2640928|
2640929|
2640930|
2640931|
2640932|
2640933|
2640934|
2640935|
2640960|
2640961|
2640962|
2640963|
2640964|
2640965|
2640966|
2640967|
2640992|
2640993|
2640994|
2640995|
2640996|
2640997|
2640998|
2640999|
2641024|
2641025|
2641026|
2641027|
2641028|
2641029|
2641030|
2641031|
2641056|
2641057|
2641058|
2641059|
2641060|
2641061|
2641062|
2641063|
2641088|
2641089|
2641090|
2641091|
2641092|
2641093|
2641094|
2641095|
2641120|
2641121|
2641122|
2641123|
2641124|
2641125|
2641126|
2641127|
2641152|
2641153|
2641154|
2641155|
2641156|
2641157|
2641158|
2641159|
2641184|
2641185|
2641186|
2641187|
2641188|
2641189|
2641190|
2641191|
2641216|
2641217|
2641218|
2641219|
2641220|
2641221|
2641222|
2641223|
2641248|
2641249|
2641250|
2641251|
2641252|
2641253|
2641254|
2641255|
2641280|
2641281|
2641282|
2641283|
2641284|
2641285|
2641286|
2641287|
2641312|
2641313|
2641314|
2641315|
2641316|
2641317|
2641318|
2641319|
2641344|
2641345|
2641346|
2641347|
2641348|
2641349|
2641350|
2641351|
2641376|
2641377|
2641378|
2641379|
2641380|
2641381|
2641382|
2641383|
2641408|
2641409|
2641410|
2641411|
2641412|
2641413|
2641414|
2641415|
2641440|
2641441|
2641442|
2641443|
2641444|
2641445|
2641446|
2641447|
2641472|
2641473|
2641474|
2641475|
2641476|
2641477|
2641478|
2641479|
2641504|
2641505|
2641506|
2641507|
2641508|
2641509|
2641510|
2641511|
2641536|
2641537|
2641538|
2641539|
2641540|
2641541|
2641542|
2641543|
2641568|
2641569|
2641570|
2641571|
2641572|
2641573|
2641574|
2641575|
2641600|
2641601|
2641602|
2641603|
2641604|
2641605|
2641606|
2641607|
2641632|
2641633|
2641634|
2641635|
2641636|
2641637|
2641638|
2641639|
2641664|
2641665|
2641666|
2641667|
2641668|
2641669|
2641670|
2641671|
2641696|
2641697|
2641698|
2641699|
2641700|
2641701|
2641702|
2641703|
2641728|
2641729|
2641730|
2641731|
2641732|
2641733|
2641734|
2641735|
2641760|
2641761|
2641762|
2641763|
2641764|
2641765|
2641766|
2641767|
2641792|
2641793|
2641794|
2641795|
2641796|
2641797|
2641798|
2641799|
2641824|
2641825|
2641826|
2641827|
2641828|
2641829|
2641830|
2641831|
2641856|
2641857|
2641858|
2641859|
2641860|
2641861|
2641862|
2641863|
2641888|
2641889|
2641890|
2641891|
2641892|
2641893|
2641894|
2641895|
2641920|
2641921|
2641922|
2641923|
2641924|
2641925|
2641926|
2641927|
2641952|
2641953|
2641954|
2641955|
2641956|
2641957|
2641958|
2641959|
2641984|
2641985|
2641986|
2641987|
2641988|
2641989|
2641990|
2641991|
2642016|
2642017|
2642018|
2642019|
2642020|
2642021|
2642022|
2642023|
2642048|
2642049|
2642050|
2642051|
2642052|
2642053|
2642054|
2642055|
2642080|
2642081|
2642082|
2642083|
2642084|
2642085|
2642086|
2642087|
2642112|
2642113|
2642114|
2642115|
2642116|
2642117|
2642118|
2642119|
2642144|
2642145|
2642146|
2642147|
2642148|
2642149|
2642150|
2642151|
2642176|
2642177|
2642178|
2642179|
2642180|
2642181|
2642182|
2642183|
2642208|
2642209|
2642210|
2642211|
2642212|
2642213|
2642214|
2642215|
2642240|
2642241|
2642242|
2642243|
2642244|
2642245|
2642246|
2642247|
2642272|
2642273|
2642274|
2642275|
2642276|
2642277|
2642278|
2642279|
2642304|
2642305|
2642306|
2642307|
2642308|
2642309|
2642310|
2642311|
2642336|
2642337|
2642338|
2642339|
2642340|
2642341|
2642342|
2642343|
2642368|
2642369|
2642370|
2642371|
2642372|
2642373|
2642374|
2642375|
2642400|
2642401|
2642402|
2642403|
2642404|
2642405|
2642406|
2642407|
2642432|
2642433|
2642434|
2642435|
2642436|
2642437|
2642438|
2642439|
2642464|
2642465|
2642466|
2642467|
2642468|
2642469|
2642470|
2642471|
2642496|
2642497|
2642498|
2642499|
2642500|
2642501|
2642502|
2642503|
2642528|
2642529|
2642530|
2642531|
2642532|
2642533|
2642534|
2642535|
2642560|
2642561|
2642562|
2642563|
2642564|
2642565|
2642566|
2642567|
2642592|
2642593|
2642594|
2642595|
2642596|
2642597|
2642598|
2642599|
2642624|
2642625|
2642626|
2642627|
2642628|
2642629|
2642630|
2642631|
2642656|
2642657|
2642658|
2642659|
2642660|
2642661|
2642662|
2642663|
2642688|
2642689|
2642690|
2642691|
2642692|
2642693|
2642694|
2642695|
2642720|
2642721|
2642722|
2642723|
2642724|
2642725|
2642726|
2642727|
2642752|
2642753|
2642754|
2642755|
2642756|
2642757|
2642758|
2642759|
2642784|
2642785|
2642786|
2642787|
2642788|
2642789|
2642790|
2642791|
2642816|
2642817|
2642818|
2642819|
2642820|
2642821|
2642822|
2642823|
2642848|
2642849|
2642850|
2642851|
2642852|
2642853|
2642854|
2642855|
2642880|
2642881|
2642882|
2642883|
2642884|
2642885|
2642886|
2642887|
2642912|
2642913|
2642914|
2642915|
2642916|
2642917|
2642918|
2642919|
2642944|
2642945|
2642946|
2642947|
2642948|
2642949|
2642950|
2642951|
2642976|
2642977|
2642978|
2642979|
2642980|
2642981|
2642982|
2642983|
2643008|
2643009|
2643010|
2643011|
2643012|
2643013|
2643014|
2643015|
2643040|
2643041|
2643042|
2643043|
2643044|
2643045|
2643046|
2643047|
2643072|
2643073|
2643074|
2643075|
2643076|
2643077|
2643078|
2643079|
2643104|
2643105|
2643106|
2643107|
2643108|
2643109|
2643110|
2643111|
2643136|
2643137|
2643138|
2643139|
2643140|
2643141|
2643142|
2643143|
2643168|
2643169|
2643170|
2643171|
2643172|
2643173|
2643174|
2643175|
2643200|
2643201|
2643202|
2643203|
2643204|
2643205|
2643206|
2643207|
2643232|
2643233|
2643234|
2643235|
2643236|
2643237|
2643238|
2643239|
2643264|
2643265|
2643266|
2643267|
2643268|
2643269|
2643270|
2643271|
2643296|
2643297|
2643298|
2643299|
2643300|
2643301|
2643302|
2643303|
2643328|
2643329|
2643330|
2643331|
2643332|
2643333|
2643334|
2643335|
2643360|
2643361|
2643362|
2643363|
2643364|
2643365|
2643366|
2643367|
2643392|
2643393|
2643394|
2643395|
2643396|
2643397|
2643398|
2643399|
2643424|
2643425|
2643426|
2643427|
2643428|
2643429|
2643430|
2643431|
2643456|
2643457|
2643458|
2643459|
2643460|
2643461|
2643462|
2643463|
2643488|
2643489|
2643490|
2643491|
2643492|
2643493|
2643494|
2643495|
2643520|
2643521|
2643522|
2643523|
2643524|
2643525|
2643526|
2643527|
2643552|
2643553|
2643554|
2643555|
2643556|
2643557|
2643558|
2643559|
2643584|
2643585|
2643586|
2643587|
2643588|
2643589|
2643590|
2643591|
2643616|
2643617|
2643618|
2643619|
2643620|
2643621|
2643622|
2643623|
2643648|
2643649|
2643650|
2643651|
2643652|
2643653|
2643654|
2643655|
2643680|
2643681|
2643682|
2643683|
2643684|
2643685|
2643686|
2643687|
2643712|
2643713|
2643714|
2643715|
2643716|
2643717|
2643718|
2643719|
2643744|
2643745|
2643746|
2643747|
2643748|
2643749|
2643750|
2643751|
2643776|
2643777|
2643778|
2643779|
2643780|
2643781|
2643782|
2643783|
2643808|
2643809|
2643810|
2643811|
2643812|
2643813|
2643814|
2643815|
2643840|
2643841|
2643842|
2643843|
2643844|
2643845|
2643846|
2643847|
2643872|
2643873|
2643874|
2643875|
2643876|
2643877|
2643878|
2643879|
2643904|
2643905|
2643906|
2643907|
2643908|
2643909|
2643910|
2643911|
2643936|
2643937|
2643938|
2643939|
2643940|
2643941|
2643942|
2643943|
2643968|
2643969|
2643970|
2643971|
2643972|
2643973|
2643974|
2643975|
2644000|
2644001|
2644002|
2644003|
2644004|
2644005|
2644006|
2644007|
2644032|
2644033|
2644034|
2644035|
2644036|
2644037|
2644038|
2644039|
2644064|
2644065|
2644066|
2644067|
2644068|
2644069|
2644070|
2644071|
2644096|
2644097|
2644098|
2644099|
2644100|
2644101|
2644102|
2644103|
2644128|
2644129|
2644130|
2644131|
2644132|
2644133|
2644134|
2644135|
2644160|
2644161|
2644162|
2644163|
2644164|
2644165|
2644166|
2644167|
2644192|
2644193|
2644194|
2644195|
2644196|
2644197|
2644198|
2644199|
2644224|
2644225|
2644226|
2644227|
2644228|
2644229|
2644230|
2644231|
2644256|
2644257|
2644258|
2644259|
2644260|
2644261|
2644262|
2644263|
2644288|
2644289|
2644290|
2644291|
2644292|
2644293|
2644294|
2644295|
2644320|
2644321|
2644322|
2644323|
2644324|
2644325|
2644326|
2644327|
2644352|
2644353|
2644354|
2644355|
2644356|
2644357|
2644358|
2644359|
2644384|
2644385|
2644386|
2644387|
2644388|
2644389|
2644390|
2644391|
2644416|
2644417|
2644418|
2644419|
2644420|
2644421|
2644422|
2644423|
2644448|
2644449|
2644450|
2644451|
2644452|
2644453|
2644454|
2644455|
2644480|
2644481|
2644482|
2644483|
2644484|
2644485|
2644486|
2644487|
2644512|
2644513|
2644514|
2644515|
2644516|
2644517|
2644518|
2644519|
2644544|
2644545|
2644546|
2644547|
2644548|
2644549|
2644550|
2644551|
2644576|
2644577|
2644578|
2644579|
2644580|
2644581|
2644582|
2644583|
2644608|
2644609|
2644610|
2644611|
2644612|
2644613|
2644614|
2644615|
2644640|
2644641|
2644642|
2644643|
2644644|
2644645|
2644646|
2644647|
2644672|
2644673|
2644674|
2644675|
2644676|
2644677|
2644678|
2644679|
2644704|
2644705|
2644706|
2644707|
2644708|
2644709|
2644710|
2644711|
2644736|
2644737|
2644738|
2644739|
2644740|
2644741|
2644742|
2644743|
2644768|
2644769|
2644770|
2644771|
2644772|
2644773|
2644774|
2644775|
2644800|
2644801|
2644802|
2644803|
2644804|
2644805|
2644806|
2644807|
2644832|
2644833|
2644834|
2644835|
2644836|
2644837|
2644838|
2644839|
2644864|
2644865|
2644866|
2644867|
2644868|
2644869|
2644870|
2644871|
2644896|
2644897|
2644898|
2644899|
2644900|
2644901|
2644902|
2644903|
2644928|
2644929|
2644930|
2644931|
2644932|
2644933|
2644934|
2644935|
2644960|
2644961|
2644962|
2644963|
2644964|
2644965|
2644966|
2644967|
2644992|
2644993|
2644994|
2644995|
2644996|
2644997|
2644998|
2644999|
2645024|
2645025|
2645026|
2645027|
2645028|
2645029|
2645030|
2645031|
2645056|
2645057|
2645058|
2645059|
2645060|
2645061|
2645062|
2645063|
2645088|
2645089|
2645090|
2645091|
2645092|
2645093|
2645094|
2645095|
2645120|
2645121|
2645122|
2645123|
2645124|
2645125|
2645126|
2645127|
2645152|
2645153|
2645154|
2645155|
2645156|
2645157|
2645158|
2645159|
2645184|
2645185|
2645186|
2645187|
2645188|
2645189|
2645190|
2645191|
2645216|
2645217|
2645218|
2645219|
2645220|
2645221|
2645222|
2645223|
2645248|
2645249|
2645250|
2645251|
2645252|
2645253|
2645254|
2645255|
2645280|
2645281|
2645282|
2645283|
2645284|
2645285|
2645286|
2645287|
2645312|
2645313|
2645314|
2645315|
2645316|
2645317|
2645318|
2645319|
2645344|
2645345|
2645346|
2645347|
2645348|
2645349|
2645350|
2645351|
2645376|
2645377|
2645378|
2645379|
2645380|
2645381|
2645382|
2645383|
2645408|
2645409|
2645410|
2645411|
2645412|
2645413|
2645414|
2645415|
2645440|
2645441|
2645442|
2645443|
2645444|
2645445|
2645446|
2645447|
2645472|
2645473|
2645474|
2645475|
2645476|
2645477|
2645478|
2645479|
2645504|
2645505|
2645506|
2645507|
2645508|
2645509|
2645510|
2645511|
2645536|
2645537|
2645538|
2645539|
2645540|
2645541|
2645542|
2645543|
2645568|
2645569|
2645570|
2645571|
2645572|
2645573|
2645574|
2645575|
2645600|
2645601|
2645602|
2645603|
2645604|
2645605|
2645606|
2645607|
2645632|
2645633|
2645634|
2645635|
2645636|
2645637|
2645638|
2645639|
2645664|
2645665|
2645666|
2645667|
2645668|
2645669|
2645670|
2645671|
2645696|
2645697|
2645698|
2645699|
2645700|
2645701|
2645702|
2645703|
2645728|
2645729|
2645730|
2645731|
2645732|
2645733|
2645734|
2645735|
2645760|
2645761|
2645762|
2645763|
2645764|
2645765|
2645766|
2645767|
2645792|
2645793|
2645794|
2645795|
2645796|
2645797|
2645798|
2645799|
2645824|
2645825|
2645826|
2645827|
2645828|
2645829|
2645830|
2645831|
2645856|
2645857|
2645858|
2645859|
2645860|
2645861|
2645862|
2645863|
2645888|
2645889|
2645890|
2645891|
2645892|
2645893|
2645894|
2645895|
2645920|
2645921|
2645922|
2645923|
2645924|
2645925|
2645926|
2645927|
2645952|
2645953|
2645954|
2645955|
2645956|
2645957|
2645958|
2645959|
2645984|
2645985|
2645986|
2645987|
2645988|
