1236001|
1236002|
1236003|
1236004|
1236005|
1236006|
1236007|
1236032|
1236033|
1236034|
1236035|
1236036|
1236037|
1236038|
1236039|
1236064|
1236065|
1236066|
1236067|
1236068|
1236069|
1236070|
1236071|
1236096|
1236097|
1236098|
1236099|
1236100|
1236101|
1236102|
1236103|
1236128|
1236129|
1236130|
1236131|
1236132|
1236133|
1236134|
1236135|
1236160|
1236161|
1236162|
1236163|
1236164|
1236165|
1236166|
1236167|
1236192|
1236193|
1236194|
1236195|
1236196|
1236197|
1236198|
1236199|
1236224|
1236225|
1236226|
1236227|
1236228|
1236229|
1236230|
1236231|
1236256|
1236257|
1236258|
1236259|
1236260|
1236261|
1236262|
1236263|
1236288|
1236289|
1236290|
1236291|
1236292|
1236293|
1236294|
1236295|
1236320|
1236321|
1236322|
1236323|
1236324|
1236325|
1236326|
1236327|
1236352|
1236353|
1236354|
1236355|
1236356|
1236357|
1236358|
1236359|
1236384|
1236385|
1236386|
1236387|
1236388|
1236389|
1236390|
1236391|
1236416|
1236417|
1236418|
1236419|
1236420|
1236421|
1236422|
1236423|
1236448|
1236449|
1236450|
1236451|
1236452|
1236453|
1236454|
1236455|
1236480|
1236481|
1236482|
1236483|
1236484|
1236485|
1236486|
1236487|
1236512|
1236513|
1236514|
1236515|
1236516|
1236517|
1236518|
1236519|
1236544|
1236545|
1236546|
1236547|
1236548|
1236549|
1236550|
1236551|
1236576|
1236577|
1236578|
1236579|
1236580|
1236581|
1236582|
1236583|
1236608|
1236609|
1236610|
1236611|
1236612|
1236613|
1236614|
1236615|
1236640|
1236641|
1236642|
1236643|
1236644|
1236645|
1236646|
1236647|
1236672|
1236673|
1236674|
1236675|
1236676|
1236677|
1236678|
1236679|
1236704|
1236705|
1236706|
1236707|
1236708|
1236709|
1236710|
1236711|
1236736|
1236737|
1236738|
1236739|
1236740|
1236741|
1236742|
1236743|
1236768|
1236769|
1236770|
1236771|
1236772|
1236773|
1236774|
1236775|
1236800|
1236801|
1236802|
1236803|
1236804|
1236805|
1236806|
1236807|
1236832|
1236833|
1236834|
1236835|
1236836|
1236837|
1236838|
1236839|
1236864|
1236865|
1236866|
1236867|
1236868|
1236869|
1236870|
1236871|
1236896|
1236897|
1236898|
1236899|
1236900|
1236901|
1236902|
1236903|
1236928|
1236929|
1236930|
1236931|
1236932|
1236933|
1236934|
1236935|
1236960|
1236961|
1236962|
1236963|
1236964|
1236965|
1236966|
1236967|
1236992|
1236993|
1236994|
1236995|
1236996|
1236997|
1236998|
1236999|
1237024|
1237025|
1237026|
1237027|
1237028|
1237029|
1237030|
1237031|
1237056|
1237057|
1237058|
1237059|
1237060|
1237061|
1237062|
1237063|
1237088|
1237089|
1237090|
1237091|
1237092|
1237093|
1237094|
1237095|
1237120|
1237121|
1237122|
1237123|
1237124|
1237125|
1237126|
1237127|
1237152|
1237153|
1237154|
1237155|
1237156|
1237157|
1237158|
1237159|
1237184|
1237185|
1237186|
1237187|
1237188|
1237189|
1237190|
1237191|
1237216|
1237217|
1237218|
1237219|
1237220|
1237221|
1237222|
1237223|
1237248|
1237249|
1237250|
1237251|
1237252|
1237253|
1237254|
1237255|
1237280|
1237281|
1237282|
1237283|
1237284|
1237285|
1237286|
1237287|
1237312|
1237313|
1237314|
1237315|
1237316|
1237317|
1237318|
1237319|
1237344|
1237345|
1237346|
1237347|
1237348|
1237349|
1237350|
1237351|
1237376|
1237377|
1237378|
1237379|
1237380|
1237381|
1237382|
1237383|
1237408|
1237409|
1237410|
1237411|
1237412|
1237413|
1237414|
1237415|
1237440|
1237441|
1237442|
1237443|
1237444|
1237445|
1237446|
1237447|
1237472|
1237473|
1237474|
1237475|
1237476|
1237477|
1237478|
1237479|
1237504|
1237505|
1237506|
1237507|
1237508|
1237509|
1237510|
1237511|
1237536|
1237537|
1237538|
1237539|
1237540|
1237541|
1237542|
1237543|
1237568|
1237569|
1237570|
1237571|
1237572|
1237573|
1237574|
1237575|
1237600|
1237601|
1237602|
1237603|
1237604|
1237605|
1237606|
1237607|
1237632|
1237633|
1237634|
1237635|
1237636|
1237637|
1237638|
1237639|
1237664|
1237665|
1237666|
1237667|
1237668|
1237669|
1237670|
1237671|
1237696|
1237697|
1237698|
1237699|
1237700|
1237701|
1237702|
1237703|
1237728|
1237729|
1237730|
1237731|
1237732|
1237733|
1237734|
1237735|
1237760|
1237761|
1237762|
1237763|
1237764|
1237765|
1237766|
1237767|
1237792|
1237793|
1237794|
1237795|
1237796|
1237797|
1237798|
1237799|
1237824|
1237825|
1237826|
1237827|
1237828|
1237829|
1237830|
1237831|
1237856|
1237857|
1237858|
1237859|
1237860|
1237861|
1237862|
1237863|
1237888|
1237889|
1237890|
1237891|
1237892|
1237893|
1237894|
1237895|
1237920|
1237921|
1237922|
1237923|
1237924|
1237925|
1237926|
1237927|
1237952|
1237953|
1237954|
1237955|
1237956|
1237957|
1237958|
1237959|
1237984|
1237985|
1237986|
1237987|
1237988|
1237989|
1237990|
1237991|
1238016|
1238017|
1238018|
1238019|
1238020|
1238021|
1238022|
1238023|
1238048|
1238049|
1238050|
1238051|
1238052|
1238053|
1238054|
1238055|
1238080|
1238081|
1238082|
1238083|
1238084|
1238085|
1238086|
1238087|
1238112|
1238113|
1238114|
1238115|
1238116|
1238117|
1238118|
1238119|
1238144|
1238145|
1238146|
1238147|
1238148|
1238149|
1238150|
1238151|
1238176|
1238177|
1238178|
1238179|
1238180|
1238181|
1238182|
1238183|
1238208|
1238209|
1238210|
1238211|
1238212|
1238213|
1238214|
1238215|
1238240|
1238241|
1238242|
1238243|
1238244|
1238245|
1238246|
1238247|
1238272|
1238273|
1238274|
1238275|
1238276|
1238277|
1238278|
1238279|
1238304|
1238305|
1238306|
1238307|
1238308|
1238309|
1238310|
1238311|
1238336|
1238337|
1238338|
1238339|
1238340|
1238341|
1238342|
1238343|
1238368|
1238369|
1238370|
1238371|
1238372|
1238373|
1238374|
1238375|
1238400|
1238401|
1238402|
1238403|
1238404|
1238405|
1238406|
1238407|
1238432|
1238433|
1238434|
1238435|
1238436|
1238437|
1238438|
1238439|
1238464|
1238465|
1238466|
1238467|
1238468|
1238469|
1238470|
1238471|
1238496|
1238497|
1238498|
1238499|
1238500|
1238501|
1238502|
1238503|
1238528|
1238529|
1238530|
1238531|
1238532|
1238533|
1238534|
1238535|
1238560|
1238561|
1238562|
1238563|
1238564|
1238565|
1238566|
1238567|
1238592|
1238593|
1238594|
1238595|
1238596|
1238597|
1238598|
1238599|
1238624|
1238625|
1238626|
1238627|
1238628|
1238629|
1238630|
1238631|
1238656|
1238657|
1238658|
1238659|
1238660|
1238661|
1238662|
1238663|
1238688|
1238689|
1238690|
1238691|
1238692|
1238693|
1238694|
1238695|
1238720|
1238721|
1238722|
1238723|
1238724|
1238725|
1238726|
1238727|
1238752|
1238753|
1238754|
1238755|
1238756|
1238757|
1238758|
1238759|
1238784|
1238785|
1238786|
1238787|
1238788|
1238789|
1238790|
1238791|
1238816|
1238817|
1238818|
1238819|
1238820|
1238821|
1238822|
1238823|
1238848|
1238849|
1238850|
1238851|
1238852|
1238853|
1238854|
1238855|
1238880|
1238881|
1238882|
1238883|
1238884|
1238885|
1238886|
1238887|
1238912|
1238913|
1238914|
1238915|
1238916|
1238917|
1238918|
1238919|
1238944|
1238945|
1238946|
1238947|
1238948|
1238949|
1238950|
1238951|
1238976|
1238977|
1238978|
1238979|
1238980|
1238981|
1238982|
1238983|
1239008|
1239009|
1239010|
1239011|
1239012|
1239013|
1239014|
1239015|
1239040|
1239041|
1239042|
1239043|
1239044|
1239045|
1239046|
1239047|
1239072|
1239073|
1239074|
1239075|
1239076|
1239077|
1239078|
1239079|
1239104|
1239105|
1239106|
1239107|
1239108|
1239109|
1239110|
1239111|
1239136|
1239137|
1239138|
1239139|
1239140|
1239141|
1239142|
1239143|
1239168|
1239169|
1239170|
1239171|
1239172|
1239173|
1239174|
1239175|
1239200|
1239201|
1239202|
1239203|
1239204|
1239205|
1239206|
1239207|
1239232|
1239233|
1239234|
1239235|
1239236|
1239237|
1239238|
1239239|
1239264|
1239265|
1239266|
1239267|
1239268|
1239269|
1239270|
1239271|
1239296|
1239297|
1239298|
1239299|
1239300|
1239301|
1239302|
1239303|
1239328|
1239329|
1239330|
1239331|
1239332|
1239333|
1239334|
1239335|
1239360|
1239361|
1239362|
1239363|
1239364|
1239365|
1239366|
1239367|
1239392|
1239393|
1239394|
1239395|
1239396|
1239397|
1239398|
1239399|
1239424|
1239425|
1239426|
1239427|
1239428|
1239429|
1239430|
1239431|
1239456|
1239457|
1239458|
1239459|
1239460|
1239461|
1239462|
1239463|
1239488|
1239489|
1239490|
1239491|
1239492|
1239493|
1239494|
1239495|
1239520|
1239521|
1239522|
1239523|
1239524|
1239525|
1239526|
1239527|
1239552|
1239553|
1239554|
1239555|
1239556|
1239557|
1239558|
1239559|
1239584|
1239585|
1239586|
1239587|
1239588|
1239589|
1239590|
1239591|
1239616|
1239617|
1239618|
1239619|
1239620|
1239621|
1239622|
1239623|
1239648|
1239649|
1239650|
1239651|
1239652|
1239653|
1239654|
1239655|
1239680|
1239681|
1239682|
1239683|
1239684|
1239685|
1239686|
1239687|
1239712|
1239713|
1239714|
1239715|
1239716|
1239717|
1239718|
1239719|
1239744|
1239745|
1239746|
1239747|
1239748|
1239749|
1239750|
1239751|
1239776|
1239777|
1239778|
1239779|
1239780|
1239781|
1239782|
1239783|
1239808|
1239809|
1239810|
1239811|
1239812|
1239813|
1239814|
1239815|
1239840|
1239841|
1239842|
1239843|
1239844|
1239845|
1239846|
1239847|
1239872|
1239873|
1239874|
1239875|
1239876|
1239877|
1239878|
1239879|
1239904|
1239905|
1239906|
1239907|
1239908|
1239909|
1239910|
1239911|
1239936|
1239937|
1239938|
1239939|
1239940|
1239941|
1239942|
1239943|
1239968|
1239969|
1239970|
1239971|
1239972|
1239973|
1239974|
1239975|
1240000|
1240001|
1240002|
1240003|
1240004|
1240005|
1240006|
1240007|
1240032|
1240033|
1240034|
1240035|
1240036|
1240037|
1240038|
1240039|
1240064|
1240065|
1240066|
1240067|
1240068|
1240069|
1240070|
1240071|
1240096|
1240097|
1240098|
1240099|
1240100|
1240101|
1240102|
1240103|
1240128|
1240129|
1240130|
1240131|
1240132|
1240133|
1240134|
1240135|
1240160|
1240161|
1240162|
1240163|
1240164|
1240165|
1240166|
1240167|
1240192|
1240193|
1240194|
1240195|
1240196|
1240197|
1240198|
1240199|
1240224|
1240225|
1240226|
1240227|
1240228|
1240229|
1240230|
1240231|
1240256|
1240257|
1240258|
1240259|
1240260|
1240261|
1240262|
1240263|
1240288|
1240289|
1240290|
1240291|
1240292|
1240293|
1240294|
1240295|
1240320|
1240321|
1240322|
1240323|
1240324|
1240325|
1240326|
1240327|
1240352|
1240353|
1240354|
1240355|
1240356|
1240357|
1240358|
1240359|
1240384|
1240385|
1240386|
1240387|
1240388|
1240389|
1240390|
1240391|
1240416|
1240417|
1240418|
1240419|
1240420|
1240421|
1240422|
1240423|
1240448|
1240449|
1240450|
1240451|
1240452|
1240453|
1240454|
1240455|
1240480|
1240481|
1240482|
1240483|
1240484|
1240485|
1240486|
1240487|
1240512|
1240513|
1240514|
1240515|
1240516|
1240517|
1240518|
1240519|
1240544|
1240545|
1240546|
1240547|
1240548|
1240549|
1240550|
1240551|
1240576|
1240577|
1240578|
1240579|
1240580|
1240581|
1240582|
1240583|
1240608|
1240609|
1240610|
1240611|
1240612|
1240613|
1240614|
1240615|
1240640|
1240641|
1240642|
1240643|
1240644|
1240645|
1240646|
1240647|
1240672|
1240673|
1240674|
1240675|
1240676|
1240677|
1240678|
1240679|
1240704|
1240705|
1240706|
1240707|
1240708|
1240709|
1240710|
1240711|
1240736|
1240737|
1240738|
1240739|
1240740|
1240741|
1240742|
1240743|
1240768|
1240769|
1240770|
1240771|
1240772|
1240773|
1240774|
1240775|
1240800|
1240801|
1240802|
1240803|
1240804|
1240805|
1240806|
1240807|
1240832|
1240833|
1240834|
1240835|
1240836|
1240837|
1240838|
1240839|
1240864|
1240865|
1240866|
1240867|
1240868|
1240869|
1240870|
1240871|
1240896|
1240897|
1240898|
1240899|
1240900|
1240901|
1240902|
1240903|
1240928|
1240929|
1240930|
1240931|
1240932|
1240933|
1240934|
1240935|
1240960|
1240961|
1240962|
1240963|
1240964|
1240965|
1240966|
1240967|
1240992|
1240993|
1240994|
1240995|
1240996|
1240997|
1240998|
1240999|
1241024|
1241025|
1241026|
1241027|
1241028|
1241029|
1241030|
1241031|
1241056|
1241057|
1241058|
1241059|
1241060|
1241061|
1241062|
1241063|
1241088|
1241089|
1241090|
1241091|
1241092|
1241093|
1241094|
1241095|
1241120|
1241121|
1241122|
1241123|
1241124|
1241125|
1241126|
1241127|
1241152|
1241153|
1241154|
1241155|
1241156|
1241157|
1241158|
1241159|
1241184|
1241185|
1241186|
1241187|
1241188|
1241189|
1241190|
1241191|
1241216|
1241217|
1241218|
1241219|
1241220|
1241221|
1241222|
1241223|
1241248|
1241249|
1241250|
1241251|
1241252|
1241253|
1241254|
1241255|
1241280|
1241281|
1241282|
1241283|
1241284|
1241285|
1241286|
1241287|
1241312|
1241313|
1241314|
1241315|
1241316|
1241317|
1241318|
1241319|
1241344|
1241345|
1241346|
1241347|
1241348|
1241349|
1241350|
1241351|
1241376|
1241377|
1241378|
1241379|
1241380|
1241381|
1241382|
1241383|
1241408|
1241409|
1241410|
1241411|
1241412|
1241413|
1241414|
1241415|
1241440|
1241441|
1241442|
1241443|
1241444|
1241445|
1241446|
1241447|
1241472|
1241473|
1241474|
1241475|
1241476|
1241477|
1241478|
1241479|
1241504|
1241505|
1241506|
1241507|
1241508|
1241509|
1241510|
1241511|
1241536|
1241537|
1241538|
1241539|
1241540|
1241541|
1241542|
1241543|
1241568|
1241569|
1241570|
1241571|
1241572|
1241573|
1241574|
1241575|
1241600|
1241601|
1241602|
1241603|
1241604|
1241605|
1241606|
1241607|
1241632|
1241633|
1241634|
1241635|
1241636|
1241637|
1241638|
1241639|
1241664|
1241665|
1241666|
1241667|
1241668|
1241669|
1241670|
1241671|
1241696|
1241697|
1241698|
1241699|
1241700|
1241701|
1241702|
1241703|
1241728|
1241729|
1241730|
1241731|
1241732|
1241733|
1241734|
1241735|
1241760|
1241761|
1241762|
1241763|
1241764|
1241765|
1241766|
1241767|
1241792|
1241793|
1241794|
1241795|
1241796|
1241797|
1241798|
1241799|
1241824|
1241825|
1241826|
1241827|
1241828|
1241829|
1241830|
1241831|
1241856|
1241857|
1241858|
1241859|
1241860|
1241861|
1241862|
1241863|
1241888|
1241889|
1241890|
1241891|
1241892|
1241893|
1241894|
1241895|
1241920|
1241921|
1241922|
1241923|
1241924|
1241925|
1241926|
1241927|
1241952|
1241953|
1241954|
1241955|
1241956|
1241957|
1241958|
1241959|
1241984|
1241985|
1241986|
1241987|
1241988|
