2489989|
2489990|
2489991|
2490016|
2490017|
2490018|
2490019|
2490020|
2490021|
2490022|
2490023|
2490048|
2490049|
2490050|
2490051|
2490052|
2490053|
2490054|
2490055|
2490080|
2490081|
2490082|
2490083|
2490084|
2490085|
2490086|
2490087|
2490112|
2490113|
2490114|
2490115|
2490116|
2490117|
2490118|
2490119|
2490144|
2490145|
2490146|
2490147|
2490148|
2490149|
2490150|
2490151|
2490176|
2490177|
2490178|
2490179|
2490180|
2490181|
2490182|
2490183|
2490208|
2490209|
2490210|
2490211|
2490212|
2490213|
2490214|
2490215|
2490240|
2490241|
2490242|
2490243|
2490244|
2490245|
2490246|
2490247|
2490272|
2490273|
2490274|
2490275|
2490276|
2490277|
2490278|
2490279|
2490304|
2490305|
2490306|
2490307|
2490308|
2490309|
2490310|
2490311|
2490336|
2490337|
2490338|
2490339|
2490340|
2490341|
2490342|
2490343|
2490368|
2490369|
2490370|
2490371|
2490372|
2490373|
2490374|
2490375|
2490400|
2490401|
2490402|
2490403|
2490404|
2490405|
2490406|
2490407|
2490432|
2490433|
2490434|
2490435|
2490436|
2490437|
2490438|
2490439|
2490464|
2490465|
2490466|
2490467|
2490468|
2490469|
2490470|
2490471|
2490496|
2490497|
2490498|
2490499|
2490500|
2490501|
2490502|
2490503|
2490528|
2490529|
2490530|
2490531|
2490532|
2490533|
2490534|
2490535|
2490560|
2490561|
2490562|
2490563|
2490564|
2490565|
2490566|
2490567|
2490592|
2490593|
2490594|
2490595|
2490596|
2490597|
2490598|
2490599|
2490624|
2490625|
2490626|
2490627|
2490628|
2490629|
2490630|
2490631|
2490656|
2490657|
2490658|
2490659|
2490660|
2490661|
2490662|
2490663|
2490688|
2490689|
2490690|
2490691|
2490692|
2490693|
2490694|
2490695|
2490720|
2490721|
2490722|
2490723|
2490724|
2490725|
2490726|
2490727|
2490752|
2490753|
2490754|
2490755|
2490756|
2490757|
2490758|
2490759|
2490784|
2490785|
2490786|
2490787|
2490788|
2490789|
2490790|
2490791|
2490816|
2490817|
2490818|
2490819|
2490820|
2490821|
2490822|
2490823|
2490848|
2490849|
2490850|
2490851|
2490852|
2490853|
2490854|
2490855|
2490880|
2490881|
2490882|
2490883|
2490884|
2490885|
2490886|
2490887|
2490912|
2490913|
2490914|
2490915|
2490916|
2490917|
2490918|
2490919|
2490944|
2490945|
2490946|
2490947|
2490948|
2490949|
2490950|
2490951|
2490976|
2490977|
2490978|
2490979|
2490980|
2490981|
2490982|
2490983|
2491008|
2491009|
2491010|
2491011|
2491012|
2491013|
2491014|
2491015|
2491040|
2491041|
2491042|
2491043|
2491044|
2491045|
2491046|
2491047|
2491072|
2491073|
2491074|
2491075|
2491076|
2491077|
2491078|
2491079|
2491104|
2491105|
2491106|
2491107|
2491108|
2491109|
2491110|
2491111|
2491136|
2491137|
2491138|
2491139|
2491140|
2491141|
2491142|
2491143|
2491168|
2491169|
2491170|
2491171|
2491172|
2491173|
2491174|
2491175|
2491200|
2491201|
2491202|
2491203|
2491204|
2491205|
2491206|
2491207|
2491232|
2491233|
2491234|
2491235|
2491236|
2491237|
2491238|
2491239|
2491264|
2491265|
2491266|
2491267|
2491268|
2491269|
2491270|
2491271|
2491296|
2491297|
2491298|
2491299|
2491300|
2491301|
2491302|
2491303|
2491328|
2491329|
2491330|
2491331|
2491332|
2491333|
2491334|
2491335|
2491360|
2491361|
2491362|
2491363|
2491364|
2491365|
2491366|
2491367|
2491392|
2491393|
2491394|
2491395|
2491396|
2491397|
2491398|
2491399|
2491424|
2491425|
2491426|
2491427|
2491428|
2491429|
2491430|
2491431|
2491456|
2491457|
2491458|
2491459|
2491460|
2491461|
2491462|
2491463|
2491488|
2491489|
2491490|
2491491|
2491492|
2491493|
2491494|
2491495|
2491520|
2491521|
2491522|
2491523|
2491524|
2491525|
2491526|
2491527|
2491552|
2491553|
2491554|
2491555|
2491556|
2491557|
2491558|
2491559|
2491584|
2491585|
2491586|
2491587|
2491588|
2491589|
2491590|
2491591|
2491616|
2491617|
2491618|
2491619|
2491620|
2491621|
2491622|
2491623|
2491648|
2491649|
2491650|
2491651|
2491652|
2491653|
2491654|
2491655|
2491680|
2491681|
2491682|
2491683|
2491684|
2491685|
2491686|
2491687|
2491712|
2491713|
2491714|
2491715|
2491716|
2491717|
2491718|
2491719|
2491744|
2491745|
2491746|
2491747|
2491748|
2491749|
2491750|
2491751|
2491776|
2491777|
2491778|
2491779|
2491780|
2491781|
2491782|
2491783|
2491808|
2491809|
2491810|
2491811|
2491812|
2491813|
2491814|
2491815|
2491840|
2491841|
2491842|
2491843|
2491844|
2491845|
2491846|
2491847|
2491872|
2491873|
2491874|
2491875|
2491876|
2491877|
2491878|
2491879|
2491904|
2491905|
2491906|
2491907|
2491908|
2491909|
2491910|
2491911|
2491936|
2491937|
2491938|
2491939|
2491940|
2491941|
2491942|
2491943|
2491968|
2491969|
2491970|
2491971|
2491972|
2491973|
2491974|
2491975|
2492000|
2492001|
2492002|
2492003|
2492004|
2492005|
2492006|
2492007|
2492032|
2492033|
2492034|
2492035|
2492036|
2492037|
2492038|
2492039|
2492064|
2492065|
2492066|
2492067|
2492068|
2492069|
2492070|
2492071|
2492096|
2492097|
2492098|
2492099|
2492100|
2492101|
2492102|
2492103|
2492128|
2492129|
2492130|
2492131|
2492132|
2492133|
2492134|
2492135|
2492160|
2492161|
2492162|
2492163|
2492164|
2492165|
2492166|
2492167|
2492192|
2492193|
2492194|
2492195|
2492196|
2492197|
2492198|
2492199|
2492224|
2492225|
2492226|
2492227|
2492228|
2492229|
2492230|
2492231|
2492256|
2492257|
2492258|
2492259|
2492260|
2492261|
2492262|
2492263|
2492288|
2492289|
2492290|
2492291|
2492292|
2492293|
2492294|
2492295|
2492320|
2492321|
2492322|
2492323|
2492324|
2492325|
2492326|
2492327|
2492352|
2492353|
2492354|
2492355|
2492356|
2492357|
2492358|
2492359|
2492384|
2492385|
2492386|
2492387|
2492388|
2492389|
2492390|
2492391|
2492416|
2492417|
2492418|
2492419|
2492420|
2492421|
2492422|
2492423|
2492448|
2492449|
2492450|
2492451|
2492452|
2492453|
2492454|
2492455|
2492480|
2492481|
2492482|
2492483|
2492484|
2492485|
2492486|
2492487|
2492512|
2492513|
2492514|
2492515|
2492516|
2492517|
2492518|
2492519|
2492544|
2492545|
2492546|
2492547|
2492548|
2492549|
2492550|
2492551|
2492576|
2492577|
2492578|
2492579|
2492580|
2492581|
2492582|
2492583|
2492608|
2492609|
2492610|
2492611|
2492612|
2492613|
2492614|
2492615|
2492640|
2492641|
2492642|
2492643|
2492644|
2492645|
2492646|
2492647|
2492672|
2492673|
2492674|
2492675|
2492676|
2492677|
2492678|
2492679|
2492704|
2492705|
2492706|
2492707|
2492708|
2492709|
2492710|
2492711|
2492736|
2492737|
2492738|
2492739|
2492740|
2492741|
2492742|
2492743|
2492768|
2492769|
2492770|
2492771|
2492772|
2492773|
2492774|
2492775|
2492800|
2492801|
2492802|
2492803|
2492804|
2492805|
2492806|
2492807|
2492832|
2492833|
2492834|
2492835|
2492836|
2492837|
2492838|
2492839|
2492864|
2492865|
2492866|
2492867|
2492868|
2492869|
2492870|
2492871|
2492896|
2492897|
2492898|
2492899|
2492900|
2492901|
2492902|
2492903|
2492928|
2492929|
2492930|
2492931|
2492932|
2492933|
2492934|
2492935|
2492960|
2492961|
2492962|
2492963|
2492964|
2492965|
2492966|
2492967|
2492992|
2492993|
2492994|
2492995|
2492996|
2492997|
2492998|
2492999|
2493024|
2493025|
2493026|
2493027|
2493028|
2493029|
2493030|
2493031|
2493056|
2493057|
2493058|
2493059|
2493060|
2493061|
2493062|
2493063|
2493088|
2493089|
2493090|
2493091|
2493092|
2493093|
2493094|
2493095|
2493120|
2493121|
2493122|
2493123|
2493124|
2493125|
2493126|
2493127|
2493152|
2493153|
2493154|
2493155|
2493156|
2493157|
2493158|
2493159|
2493184|
2493185|
2493186|
2493187|
2493188|
2493189|
2493190|
2493191|
2493216|
2493217|
2493218|
2493219|
2493220|
2493221|
2493222|
2493223|
2493248|
2493249|
2493250|
2493251|
2493252|
2493253|
2493254|
2493255|
2493280|
2493281|
2493282|
2493283|
2493284|
2493285|
2493286|
2493287|
2493312|
2493313|
2493314|
2493315|
2493316|
2493317|
2493318|
2493319|
2493344|
2493345|
2493346|
2493347|
2493348|
2493349|
2493350|
2493351|
2493376|
2493377|
2493378|
2493379|
2493380|
2493381|
2493382|
2493383|
2493408|
2493409|
2493410|
2493411|
2493412|
2493413|
2493414|
2493415|
2493440|
2493441|
2493442|
2493443|
2493444|
2493445|
2493446|
2493447|
2493472|
2493473|
2493474|
2493475|
2493476|
2493477|
2493478|
2493479|
2493504|
2493505|
2493506|
2493507|
2493508|
2493509|
2493510|
2493511|
2493536|
2493537|
2493538|
2493539|
2493540|
2493541|
2493542|
2493543|
2493568|
2493569|
2493570|
2493571|
2493572|
2493573|
2493574|
2493575|
2493600|
2493601|
2493602|
2493603|
2493604|
2493605|
2493606|
2493607|
2493632|
2493633|
2493634|
2493635|
2493636|
2493637|
2493638|
2493639|
2493664|
2493665|
2493666|
2493667|
2493668|
2493669|
2493670|
2493671|
2493696|
2493697|
2493698|
2493699|
2493700|
2493701|
2493702|
2493703|
2493728|
2493729|
2493730|
2493731|
2493732|
2493733|
2493734|
2493735|
2493760|
2493761|
2493762|
2493763|
2493764|
2493765|
2493766|
2493767|
2493792|
2493793|
2493794|
2493795|
2493796|
2493797|
2493798|
2493799|
2493824|
2493825|
2493826|
2493827|
2493828|
2493829|
2493830|
2493831|
2493856|
2493857|
2493858|
2493859|
2493860|
2493861|
2493862|
2493863|
2493888|
2493889|
2493890|
2493891|
2493892|
2493893|
2493894|
2493895|
2493920|
2493921|
2493922|
2493923|
2493924|
2493925|
2493926|
2493927|
2493952|
2493953|
2493954|
2493955|
2493956|
2493957|
2493958|
2493959|
2493984|
2493985|
2493986|
2493987|
2493988|
2493989|
2493990|
2493991|
2494016|
2494017|
2494018|
2494019|
2494020|
2494021|
2494022|
2494023|
2494048|
2494049|
2494050|
2494051|
2494052|
2494053|
2494054|
2494055|
2494080|
2494081|
2494082|
2494083|
2494084|
2494085|
2494086|
2494087|
2494112|
2494113|
2494114|
2494115|
2494116|
2494117|
2494118|
2494119|
2494144|
2494145|
2494146|
2494147|
2494148|
2494149|
2494150|
2494151|
2494176|
2494177|
2494178|
2494179|
2494180|
2494181|
2494182|
2494183|
2494208|
2494209|
2494210|
2494211|
2494212|
2494213|
2494214|
2494215|
2494240|
2494241|
2494242|
2494243|
2494244|
2494245|
2494246|
2494247|
2494272|
2494273|
2494274|
2494275|
2494276|
2494277|
2494278|
2494279|
2494304|
2494305|
2494306|
2494307|
2494308|
2494309|
2494310|
2494311|
2494336|
2494337|
2494338|
2494339|
2494340|
2494341|
2494342|
2494343|
2494368|
2494369|
2494370|
2494371|
2494372|
2494373|
2494374|
2494375|
2494400|
2494401|
2494402|
2494403|
2494404|
2494405|
2494406|
2494407|
2494432|
2494433|
2494434|
2494435|
2494436|
2494437|
2494438|
2494439|
2494464|
2494465|
2494466|
2494467|
2494468|
2494469|
2494470|
2494471|
2494496|
2494497|
2494498|
2494499|
2494500|
2494501|
2494502|
2494503|
2494528|
2494529|
2494530|
2494531|
2494532|
2494533|
2494534|
2494535|
2494560|
2494561|
2494562|
2494563|
2494564|
2494565|
2494566|
2494567|
2494592|
2494593|
2494594|
2494595|
2494596|
2494597|
2494598|
2494599|
2494624|
2494625|
2494626|
2494627|
2494628|
2494629|
2494630|
2494631|
2494656|
2494657|
2494658|
2494659|
2494660|
2494661|
2494662|
2494663|
2494688|
2494689|
2494690|
2494691|
2494692|
2494693|
2494694|
2494695|
2494720|
2494721|
2494722|
2494723|
2494724|
2494725|
2494726|
2494727|
2494752|
2494753|
2494754|
2494755|
2494756|
2494757|
2494758|
2494759|
2494784|
2494785|
2494786|
2494787|
2494788|
2494789|
2494790|
2494791|
2494816|
2494817|
2494818|
2494819|
2494820|
2494821|
2494822|
2494823|
2494848|
2494849|
2494850|
2494851|
2494852|
2494853|
2494854|
2494855|
2494880|
2494881|
2494882|
2494883|
2494884|
2494885|
2494886|
2494887|
2494912|
2494913|
2494914|
2494915|
2494916|
2494917|
2494918|
2494919|
2494944|
2494945|
2494946|
2494947|
2494948|
2494949|
2494950|
2494951|
2494976|
2494977|
2494978|
2494979|
2494980|
2494981|
2494982|
2494983|
2495008|
2495009|
2495010|
2495011|
2495012|
2495013|
2495014|
2495015|
2495040|
2495041|
2495042|
2495043|
2495044|
2495045|
2495046|
2495047|
2495072|
2495073|
2495074|
2495075|
2495076|
2495077|
2495078|
2495079|
2495104|
2495105|
2495106|
2495107|
2495108|
2495109|
2495110|
2495111|
2495136|
2495137|
2495138|
2495139|
2495140|
2495141|
2495142|
2495143|
2495168|
2495169|
2495170|
2495171|
2495172|
2495173|
2495174|
2495175|
2495200|
2495201|
2495202|
2495203|
2495204|
2495205|
2495206|
2495207|
2495232|
2495233|
2495234|
2495235|
2495236|
2495237|
2495238|
2495239|
2495264|
2495265|
2495266|
2495267|
2495268|
2495269|
2495270|
2495271|
2495296|
2495297|
2495298|
2495299|
2495300|
2495301|
2495302|
2495303|
2495328|
2495329|
2495330|
2495331|
2495332|
2495333|
2495334|
2495335|
2495360|
2495361|
2495362|
2495363|
2495364|
2495365|
2495366|
2495367|
2495392|
2495393|
2495394|
2495395|
2495396|
2495397|
2495398|
2495399|
2495424|
2495425|
2495426|
2495427|
2495428|
2495429|
2495430|
2495431|
2495456|
2495457|
2495458|
2495459|
2495460|
2495461|
2495462|
2495463|
2495488|
2495489|
2495490|
2495491|
2495492|
2495493|
2495494|
2495495|
2495520|
2495521|
2495522|
2495523|
2495524|
2495525|
2495526|
2495527|
2495552|
2495553|
2495554|
2495555|
2495556|
2495557|
2495558|
2495559|
2495584|
2495585|
2495586|
2495587|
2495588|
2495589|
2495590|
2495591|
2495616|
2495617|
2495618|
2495619|
2495620|
2495621|
2495622|
2495623|
2495648|
2495649|
2495650|
2495651|
2495652|
2495653|
2495654|
2495655|
2495680|
2495681|
2495682|
2495683|
2495684|
2495685|
2495686|
2495687|
2495712|
2495713|
2495714|
2495715|
2495716|
2495717|
2495718|
2495719|
2495744|
2495745|
2495746|
2495747|
2495748|
2495749|
2495750|
2495751|
2495776|
2495777|
2495778|
2495779|
2495780|
2495781|
2495782|
2495783|
2495808|
2495809|
2495810|
2495811|
2495812|
2495813|
2495814|
2495815|
2495840|
2495841|
2495842|
2495843|
2495844|
2495845|
2495846|
2495847|
2495872|
2495873|
2495874|
2495875|
2495876|
2495877|
2495878|
2495879|
2495904|
2495905|
2495906|
2495907|
2495908|
2495909|
2495910|
2495911|
2495936|
2495937|
2495938|
2495939|
2495940|
2495941|
2495942|
2495943|
2495968|
2495969|
2495970|
2495971|
2495972|
2495973|
2495974|
2495975|
2496000|
