2544001|
2544002|
2544003|
2544004|
2544005|
2544006|
2544007|
2544032|
2544033|
2544034|
2544035|
2544036|
2544037|
2544038|
2544039|
2544064|
2544065|
2544066|
2544067|
2544068|
2544069|
2544070|
2544071|
2544096|
2544097|
2544098|
2544099|
2544100|
2544101|
2544102|
2544103|
2544128|
2544129|
2544130|
2544131|
2544132|
2544133|
2544134|
2544135|
2544160|
2544161|
2544162|
2544163|
2544164|
2544165|
2544166|
2544167|
2544192|
2544193|
2544194|
2544195|
2544196|
2544197|
2544198|
2544199|
2544224|
2544225|
2544226|
2544227|
2544228|
2544229|
2544230|
2544231|
2544256|
2544257|
2544258|
2544259|
2544260|
2544261|
2544262|
2544263|
2544288|
2544289|
2544290|
2544291|
2544292|
2544293|
2544294|
2544295|
2544320|
2544321|
2544322|
2544323|
2544324|
2544325|
2544326|
2544327|
2544352|
2544353|
2544354|
2544355|
2544356|
2544357|
2544358|
2544359|
2544384|
2544385|
2544386|
2544387|
2544388|
2544389|
2544390|
2544391|
2544416|
2544417|
2544418|
2544419|
2544420|
2544421|
2544422|
2544423|
2544448|
2544449|
2544450|
2544451|
2544452|
2544453|
2544454|
2544455|
2544480|
2544481|
2544482|
2544483|
2544484|
2544485|
2544486|
2544487|
2544512|
2544513|
2544514|
2544515|
2544516|
2544517|
2544518|
2544519|
2544544|
2544545|
2544546|
2544547|
2544548|
2544549|
2544550|
2544551|
2544576|
2544577|
2544578|
2544579|
2544580|
2544581|
2544582|
2544583|
2544608|
2544609|
2544610|
2544611|
2544612|
2544613|
2544614|
2544615|
2544640|
2544641|
2544642|
2544643|
2544644|
2544645|
2544646|
2544647|
2544672|
2544673|
2544674|
2544675|
2544676|
2544677|
2544678|
2544679|
2544704|
2544705|
2544706|
2544707|
2544708|
2544709|
2544710|
2544711|
2544736|
2544737|
2544738|
2544739|
2544740|
2544741|
2544742|
2544743|
2544768|
2544769|
2544770|
2544771|
2544772|
2544773|
2544774|
2544775|
2544800|
2544801|
2544802|
2544803|
2544804|
2544805|
2544806|
2544807|
2544832|
2544833|
2544834|
2544835|
2544836|
2544837|
2544838|
2544839|
2544864|
2544865|
2544866|
2544867|
2544868|
2544869|
2544870|
2544871|
2544896|
2544897|
2544898|
2544899|
2544900|
2544901|
2544902|
2544903|
2544928|
2544929|
2544930|
2544931|
2544932|
2544933|
2544934|
2544935|
2544960|
2544961|
2544962|
2544963|
2544964|
2544965|
2544966|
2544967|
2544992|
2544993|
2544994|
2544995|
2544996|
2544997|
2544998|
2544999|
2545024|
2545025|
2545026|
2545027|
2545028|
2545029|
2545030|
2545031|
2545056|
2545057|
2545058|
2545059|
2545060|
2545061|
2545062|
2545063|
2545088|
2545089|
2545090|
2545091|
2545092|
2545093|
2545094|
2545095|
2545120|
2545121|
2545122|
2545123|
2545124|
2545125|
2545126|
2545127|
2545152|
2545153|
2545154|
2545155|
2545156|
2545157|
2545158|
2545159|
2545184|
2545185|
2545186|
2545187|
2545188|
2545189|
2545190|
2545191|
2545216|
2545217|
2545218|
2545219|
2545220|
2545221|
2545222|
2545223|
2545248|
2545249|
2545250|
2545251|
2545252|
2545253|
2545254|
2545255|
2545280|
2545281|
2545282|
2545283|
2545284|
2545285|
2545286|
2545287|
2545312|
2545313|
2545314|
2545315|
2545316|
2545317|
2545318|
2545319|
2545344|
2545345|
2545346|
2545347|
2545348|
2545349|
2545350|
2545351|
2545376|
2545377|
2545378|
2545379|
2545380|
2545381|
2545382|
2545383|
2545408|
2545409|
2545410|
2545411|
2545412|
2545413|
2545414|
2545415|
2545440|
2545441|
2545442|
2545443|
2545444|
2545445|
2545446|
2545447|
2545472|
2545473|
2545474|
2545475|
2545476|
2545477|
2545478|
2545479|
2545504|
2545505|
2545506|
2545507|
2545508|
2545509|
2545510|
2545511|
2545536|
2545537|
2545538|
2545539|
2545540|
2545541|
2545542|
2545543|
2545568|
2545569|
2545570|
2545571|
2545572|
2545573|
2545574|
2545575|
2545600|
2545601|
2545602|
2545603|
2545604|
2545605|
2545606|
2545607|
2545632|
2545633|
2545634|
2545635|
2545636|
2545637|
2545638|
2545639|
2545664|
2545665|
2545666|
2545667|
2545668|
2545669|
2545670|
2545671|
2545696|
2545697|
2545698|
2545699|
2545700|
2545701|
2545702|
2545703|
2545728|
2545729|
2545730|
2545731|
2545732|
2545733|
2545734|
2545735|
2545760|
2545761|
2545762|
2545763|
2545764|
2545765|
2545766|
2545767|
2545792|
2545793|
2545794|
2545795|
2545796|
2545797|
2545798|
2545799|
2545824|
2545825|
2545826|
2545827|
2545828|
2545829|
2545830|
2545831|
2545856|
2545857|
2545858|
2545859|
2545860|
2545861|
2545862|
2545863|
2545888|
2545889|
2545890|
2545891|
2545892|
2545893|
2545894|
2545895|
2545920|
2545921|
2545922|
2545923|
2545924|
2545925|
2545926|
2545927|
2545952|
2545953|
2545954|
2545955|
2545956|
2545957|
2545958|
2545959|
2545984|
2545985|
2545986|
2545987|
2545988|
2545989|
2545990|
2545991|
2546016|
2546017|
2546018|
2546019|
2546020|
2546021|
2546022|
2546023|
2546048|
2546049|
2546050|
2546051|
2546052|
2546053|
2546054|
2546055|
2546080|
2546081|
2546082|
2546083|
2546084|
2546085|
2546086|
2546087|
2546112|
2546113|
2546114|
2546115|
2546116|
2546117|
2546118|
2546119|
2546144|
2546145|
2546146|
2546147|
2546148|
2546149|
2546150|
2546151|
2546176|
2546177|
2546178|
2546179|
2546180|
2546181|
2546182|
2546183|
2546208|
2546209|
2546210|
2546211|
2546212|
2546213|
2546214|
2546215|
2546240|
2546241|
2546242|
2546243|
2546244|
2546245|
2546246|
2546247|
2546272|
2546273|
2546274|
2546275|
2546276|
2546277|
2546278|
2546279|
2546304|
2546305|
2546306|
2546307|
2546308|
2546309|
2546310|
2546311|
2546336|
2546337|
2546338|
2546339|
2546340|
2546341|
2546342|
2546343|
2546368|
2546369|
2546370|
2546371|
2546372|
2546373|
2546374|
2546375|
2546400|
2546401|
2546402|
2546403|
2546404|
2546405|
2546406|
2546407|
2546432|
2546433|
2546434|
2546435|
2546436|
2546437|
2546438|
2546439|
2546464|
2546465|
2546466|
2546467|
2546468|
2546469|
2546470|
2546471|
2546496|
2546497|
2546498|
2546499|
2546500|
2546501|
2546502|
2546503|
2546528|
2546529|
2546530|
2546531|
2546532|
2546533|
2546534|
2546535|
2546560|
2546561|
2546562|
2546563|
2546564|
2546565|
2546566|
2546567|
2546592|
2546593|
2546594|
2546595|
2546596|
2546597|
2546598|
2546599|
2546624|
2546625|
2546626|
2546627|
2546628|
2546629|
2546630|
2546631|
2546656|
2546657|
2546658|
2546659|
2546660|
2546661|
2546662|
2546663|
2546688|
2546689|
2546690|
2546691|
2546692|
2546693|
2546694|
2546695|
2546720|
2546721|
2546722|
2546723|
2546724|
2546725|
2546726|
2546727|
2546752|
2546753|
2546754|
2546755|
2546756|
2546757|
2546758|
2546759|
2546784|
2546785|
2546786|
2546787|
2546788|
2546789|
2546790|
2546791|
2546816|
2546817|
2546818|
2546819|
2546820|
2546821|
2546822|
2546823|
2546848|
2546849|
2546850|
2546851|
2546852|
2546853|
2546854|
2546855|
2546880|
2546881|
2546882|
2546883|
2546884|
2546885|
2546886|
2546887|
2546912|
2546913|
2546914|
2546915|
2546916|
2546917|
2546918|
2546919|
2546944|
2546945|
2546946|
2546947|
2546948|
2546949|
2546950|
2546951|
2546976|
2546977|
2546978|
2546979|
2546980|
2546981|
2546982|
2546983|
2547008|
2547009|
2547010|
2547011|
2547012|
2547013|
2547014|
2547015|
2547040|
2547041|
2547042|
2547043|
2547044|
2547045|
2547046|
2547047|
2547072|
2547073|
2547074|
2547075|
2547076|
2547077|
2547078|
2547079|
2547104|
2547105|
2547106|
2547107|
2547108|
2547109|
2547110|
2547111|
2547136|
2547137|
2547138|
2547139|
2547140|
2547141|
2547142|
2547143|
2547168|
2547169|
2547170|
2547171|
2547172|
2547173|
2547174|
2547175|
2547200|
2547201|
2547202|
2547203|
2547204|
2547205|
2547206|
2547207|
2547232|
2547233|
2547234|
2547235|
2547236|
2547237|
2547238|
2547239|
2547264|
2547265|
2547266|
2547267|
2547268|
2547269|
2547270|
2547271|
2547296|
2547297|
2547298|
2547299|
2547300|
2547301|
2547302|
2547303|
2547328|
2547329|
2547330|
2547331|
2547332|
2547333|
2547334|
2547335|
2547360|
2547361|
2547362|
2547363|
2547364|
2547365|
2547366|
2547367|
2547392|
2547393|
2547394|
2547395|
2547396|
2547397|
2547398|
2547399|
2547424|
2547425|
2547426|
2547427|
2547428|
2547429|
2547430|
2547431|
2547456|
2547457|
2547458|
2547459|
2547460|
2547461|
2547462|
2547463|
2547488|
2547489|
2547490|
2547491|
2547492|
2547493|
2547494|
2547495|
2547520|
2547521|
2547522|
2547523|
2547524|
2547525|
2547526|
2547527|
2547552|
2547553|
2547554|
2547555|
2547556|
2547557|
2547558|
2547559|
2547584|
2547585|
2547586|
2547587|
2547588|
2547589|
2547590|
2547591|
2547616|
2547617|
2547618|
2547619|
2547620|
2547621|
2547622|
2547623|
2547648|
2547649|
2547650|
2547651|
2547652|
2547653|
2547654|
2547655|
2547680|
2547681|
2547682|
2547683|
2547684|
2547685|
2547686|
2547687|
2547712|
2547713|
2547714|
2547715|
2547716|
2547717|
2547718|
2547719|
2547744|
2547745|
2547746|
2547747|
2547748|
2547749|
2547750|
2547751|
2547776|
2547777|
2547778|
2547779|
2547780|
2547781|
2547782|
2547783|
2547808|
2547809|
2547810|
2547811|
2547812|
2547813|
2547814|
2547815|
2547840|
2547841|
2547842|
2547843|
2547844|
2547845|
2547846|
2547847|
2547872|
2547873|
2547874|
2547875|
2547876|
2547877|
2547878|
2547879|
2547904|
2547905|
2547906|
2547907|
2547908|
2547909|
2547910|
2547911|
2547936|
2547937|
2547938|
2547939|
2547940|
2547941|
2547942|
2547943|
2547968|
2547969|
2547970|
2547971|
2547972|
2547973|
2547974|
2547975|
2548000|
2548001|
2548002|
2548003|
2548004|
2548005|
2548006|
2548007|
2548032|
2548033|
2548034|
2548035|
2548036|
2548037|
2548038|
2548039|
2548064|
2548065|
2548066|
2548067|
2548068|
2548069|
2548070|
2548071|
2548096|
2548097|
2548098|
2548099|
2548100|
2548101|
2548102|
2548103|
2548128|
2548129|
2548130|
2548131|
2548132|
2548133|
2548134|
2548135|
2548160|
2548161|
2548162|
2548163|
2548164|
2548165|
2548166|
2548167|
2548192|
2548193|
2548194|
2548195|
2548196|
2548197|
2548198|
2548199|
2548224|
2548225|
2548226|
2548227|
2548228|
2548229|
2548230|
2548231|
2548256|
2548257|
2548258|
2548259|
2548260|
2548261|
2548262|
2548263|
2548288|
2548289|
2548290|
2548291|
2548292|
2548293|
2548294|
2548295|
2548320|
2548321|
2548322|
2548323|
2548324|
2548325|
2548326|
2548327|
2548352|
2548353|
2548354|
2548355|
2548356|
2548357|
2548358|
2548359|
2548384|
2548385|
2548386|
2548387|
2548388|
2548389|
2548390|
2548391|
2548416|
2548417|
2548418|
2548419|
2548420|
2548421|
2548422|
2548423|
2548448|
2548449|
2548450|
2548451|
2548452|
2548453|
2548454|
2548455|
2548480|
2548481|
2548482|
2548483|
2548484|
2548485|
2548486|
2548487|
2548512|
2548513|
2548514|
2548515|
2548516|
2548517|
2548518|
2548519|
2548544|
2548545|
2548546|
2548547|
2548548|
2548549|
2548550|
2548551|
2548576|
2548577|
2548578|
2548579|
2548580|
2548581|
2548582|
2548583|
2548608|
2548609|
2548610|
2548611|
2548612|
2548613|
2548614|
2548615|
2548640|
2548641|
2548642|
2548643|
2548644|
2548645|
2548646|
2548647|
2548672|
2548673|
2548674|
2548675|
2548676|
2548677|
2548678|
2548679|
2548704|
2548705|
2548706|
2548707|
2548708|
2548709|
2548710|
2548711|
2548736|
2548737|
2548738|
2548739|
2548740|
2548741|
2548742|
2548743|
2548768|
2548769|
2548770|
2548771|
2548772|
2548773|
2548774|
2548775|
2548800|
2548801|
2548802|
2548803|
2548804|
2548805|
2548806|
2548807|
2548832|
2548833|
2548834|
2548835|
2548836|
2548837|
2548838|
2548839|
2548864|
2548865|
2548866|
2548867|
2548868|
2548869|
2548870|
2548871|
2548896|
2548897|
2548898|
2548899|
2548900|
2548901|
2548902|
2548903|
2548928|
2548929|
2548930|
2548931|
2548932|
2548933|
2548934|
2548935|
2548960|
2548961|
2548962|
2548963|
2548964|
2548965|
2548966|
2548967|
2548992|
2548993|
2548994|
2548995|
2548996|
2548997|
2548998|
2548999|
2549024|
2549025|
2549026|
2549027|
2549028|
2549029|
2549030|
2549031|
2549056|
2549057|
2549058|
2549059|
2549060|
2549061|
2549062|
2549063|
2549088|
2549089|
2549090|
2549091|
2549092|
2549093|
2549094|
2549095|
2549120|
2549121|
2549122|
2549123|
2549124|
2549125|
2549126|
2549127|
2549152|
2549153|
2549154|
2549155|
2549156|
2549157|
2549158|
2549159|
2549184|
2549185|
2549186|
2549187|
2549188|
2549189|
2549190|
2549191|
2549216|
2549217|
2549218|
2549219|
2549220|
2549221|
2549222|
2549223|
2549248|
2549249|
2549250|
2549251|
2549252|
2549253|
2549254|
2549255|
2549280|
2549281|
2549282|
2549283|
2549284|
2549285|
2549286|
2549287|
2549312|
2549313|
2549314|
2549315|
2549316|
2549317|
2549318|
2549319|
2549344|
2549345|
2549346|
2549347|
2549348|
2549349|
2549350|
2549351|
2549376|
2549377|
2549378|
2549379|
2549380|
2549381|
2549382|
2549383|
2549408|
2549409|
2549410|
2549411|
2549412|
2549413|
2549414|
2549415|
2549440|
2549441|
2549442|
2549443|
2549444|
2549445|
2549446|
2549447|
2549472|
2549473|
2549474|
2549475|
2549476|
2549477|
2549478|
2549479|
2549504|
2549505|
2549506|
2549507|
2549508|
2549509|
2549510|
2549511|
2549536|
2549537|
2549538|
2549539|
2549540|
2549541|
2549542|
2549543|
2549568|
2549569|
2549570|
2549571|
2549572|
2549573|
2549574|
2549575|
2549600|
2549601|
2549602|
2549603|
2549604|
2549605|
2549606|
2549607|
2549632|
2549633|
2549634|
2549635|
2549636|
2549637|
2549638|
2549639|
2549664|
2549665|
2549666|
2549667|
2549668|
2549669|
2549670|
2549671|
2549696|
2549697|
2549698|
2549699|
2549700|
2549701|
2549702|
2549703|
2549728|
2549729|
2549730|
2549731|
2549732|
2549733|
2549734|
2549735|
2549760|
2549761|
2549762|
2549763|
2549764|
2549765|
2549766|
2549767|
2549792|
2549793|
2549794|
2549795|
2549796|
2549797|
2549798|
2549799|
2549824|
2549825|
2549826|
2549827|
2549828|
2549829|
2549830|
2549831|
2549856|
2549857|
2549858|
2549859|
2549860|
2549861|
2549862|
2549863|
2549888|
2549889|
2549890|
2549891|
2549892|
2549893|
2549894|
2549895|
2549920|
2549921|
2549922|
2549923|
2549924|
2549925|
2549926|
2549927|
2549952|
2549953|
2549954|
2549955|
2549956|
2549957|
2549958|
2549959|
2549984|
2549985|
2549986|
2549987|
2549988|
