1961989|
1961990|
1961991|
1962016|
1962017|
1962018|
1962019|
1962020|
1962021|
1962022|
1962023|
1962048|
1962049|
1962050|
1962051|
1962052|
1962053|
1962054|
1962055|
1962080|
1962081|
1962082|
1962083|
1962084|
1962085|
1962086|
1962087|
1962112|
1962113|
1962114|
1962115|
1962116|
1962117|
1962118|
1962119|
1962144|
1962145|
1962146|
1962147|
1962148|
1962149|
1962150|
1962151|
1962176|
1962177|
1962178|
1962179|
1962180|
1962181|
1962182|
1962183|
1962208|
1962209|
1962210|
1962211|
1962212|
1962213|
1962214|
1962215|
1962240|
1962241|
1962242|
1962243|
1962244|
1962245|
1962246|
1962247|
1962272|
1962273|
1962274|
1962275|
1962276|
1962277|
1962278|
1962279|
1962304|
1962305|
1962306|
1962307|
1962308|
1962309|
1962310|
1962311|
1962336|
1962337|
1962338|
1962339|
1962340|
1962341|
1962342|
1962343|
1962368|
1962369|
1962370|
1962371|
1962372|
1962373|
1962374|
1962375|
1962400|
1962401|
1962402|
1962403|
1962404|
1962405|
1962406|
1962407|
1962432|
1962433|
1962434|
1962435|
1962436|
1962437|
1962438|
1962439|
1962464|
1962465|
1962466|
1962467|
1962468|
1962469|
1962470|
1962471|
1962496|
1962497|
1962498|
1962499|
1962500|
1962501|
1962502|
1962503|
1962528|
1962529|
1962530|
1962531|
1962532|
1962533|
1962534|
1962535|
1962560|
1962561|
1962562|
1962563|
1962564|
1962565|
1962566|
1962567|
1962592|
1962593|
1962594|
1962595|
1962596|
1962597|
1962598|
1962599|
1962624|
1962625|
1962626|
1962627|
1962628|
1962629|
1962630|
1962631|
1962656|
1962657|
1962658|
1962659|
1962660|
1962661|
1962662|
1962663|
1962688|
1962689|
1962690|
1962691|
1962692|
1962693|
1962694|
1962695|
1962720|
1962721|
1962722|
1962723|
1962724|
1962725|
1962726|
1962727|
1962752|
1962753|
1962754|
1962755|
1962756|
1962757|
1962758|
1962759|
1962784|
1962785|
1962786|
1962787|
1962788|
1962789|
1962790|
1962791|
1962816|
1962817|
1962818|
1962819|
1962820|
1962821|
1962822|
1962823|
1962848|
1962849|
1962850|
1962851|
1962852|
1962853|
1962854|
1962855|
1962880|
1962881|
1962882|
1962883|
1962884|
1962885|
1962886|
1962887|
1962912|
1962913|
1962914|
1962915|
1962916|
1962917|
1962918|
1962919|
1962944|
1962945|
1962946|
1962947|
1962948|
1962949|
1962950|
1962951|
1962976|
1962977|
1962978|
1962979|
1962980|
1962981|
1962982|
1962983|
1963008|
1963009|
1963010|
1963011|
1963012|
1963013|
1963014|
1963015|
1963040|
1963041|
1963042|
1963043|
1963044|
1963045|
1963046|
1963047|
1963072|
1963073|
1963074|
1963075|
1963076|
1963077|
1963078|
1963079|
1963104|
1963105|
1963106|
1963107|
1963108|
1963109|
1963110|
1963111|
1963136|
1963137|
1963138|
1963139|
1963140|
1963141|
1963142|
1963143|
1963168|
1963169|
1963170|
1963171|
1963172|
1963173|
1963174|
1963175|
1963200|
1963201|
1963202|
1963203|
1963204|
1963205|
1963206|
1963207|
1963232|
1963233|
1963234|
1963235|
1963236|
1963237|
1963238|
1963239|
1963264|
1963265|
1963266|
1963267|
1963268|
1963269|
1963270|
1963271|
1963296|
1963297|
1963298|
1963299|
1963300|
1963301|
1963302|
1963303|
1963328|
1963329|
1963330|
1963331|
1963332|
1963333|
1963334|
1963335|
1963360|
1963361|
1963362|
1963363|
1963364|
1963365|
1963366|
1963367|
1963392|
1963393|
1963394|
1963395|
1963396|
1963397|
1963398|
1963399|
1963424|
1963425|
1963426|
1963427|
1963428|
1963429|
1963430|
1963431|
1963456|
1963457|
1963458|
1963459|
1963460|
1963461|
1963462|
1963463|
1963488|
1963489|
1963490|
1963491|
1963492|
1963493|
1963494|
1963495|
1963520|
1963521|
1963522|
1963523|
1963524|
1963525|
1963526|
1963527|
1963552|
1963553|
1963554|
1963555|
1963556|
1963557|
1963558|
1963559|
1963584|
1963585|
1963586|
1963587|
1963588|
1963589|
1963590|
1963591|
1963616|
1963617|
1963618|
1963619|
1963620|
1963621|
1963622|
1963623|
1963648|
1963649|
1963650|
1963651|
1963652|
1963653|
1963654|
1963655|
1963680|
1963681|
1963682|
1963683|
1963684|
1963685|
1963686|
1963687|
1963712|
1963713|
1963714|
1963715|
1963716|
1963717|
1963718|
1963719|
1963744|
1963745|
1963746|
1963747|
1963748|
1963749|
1963750|
1963751|
1963776|
1963777|
1963778|
1963779|
1963780|
1963781|
1963782|
1963783|
1963808|
1963809|
1963810|
1963811|
1963812|
1963813|
1963814|
1963815|
1963840|
1963841|
1963842|
1963843|
1963844|
1963845|
1963846|
1963847|
1963872|
1963873|
1963874|
1963875|
1963876|
1963877|
1963878|
1963879|
1963904|
1963905|
1963906|
1963907|
1963908|
1963909|
1963910|
1963911|
1963936|
1963937|
1963938|
1963939|
1963940|
1963941|
1963942|
1963943|
1963968|
1963969|
1963970|
1963971|
1963972|
1963973|
1963974|
1963975|
1964000|
1964001|
1964002|
1964003|
1964004|
1964005|
1964006|
1964007|
1964032|
1964033|
1964034|
1964035|
1964036|
1964037|
1964038|
1964039|
1964064|
1964065|
1964066|
1964067|
1964068|
1964069|
1964070|
1964071|
1964096|
1964097|
1964098|
1964099|
1964100|
1964101|
1964102|
1964103|
1964128|
1964129|
1964130|
1964131|
1964132|
1964133|
1964134|
1964135|
1964160|
1964161|
1964162|
1964163|
1964164|
1964165|
1964166|
1964167|
1964192|
1964193|
1964194|
1964195|
1964196|
1964197|
1964198|
1964199|
1964224|
1964225|
1964226|
1964227|
1964228|
1964229|
1964230|
1964231|
1964256|
1964257|
1964258|
1964259|
1964260|
1964261|
1964262|
1964263|
1964288|
1964289|
1964290|
1964291|
1964292|
1964293|
1964294|
1964295|
1964320|
1964321|
1964322|
1964323|
1964324|
1964325|
1964326|
1964327|
1964352|
1964353|
1964354|
1964355|
1964356|
1964357|
1964358|
1964359|
1964384|
1964385|
1964386|
1964387|
1964388|
1964389|
1964390|
1964391|
1964416|
1964417|
1964418|
1964419|
1964420|
1964421|
1964422|
1964423|
1964448|
1964449|
1964450|
1964451|
1964452|
1964453|
1964454|
1964455|
1964480|
1964481|
1964482|
1964483|
1964484|
1964485|
1964486|
1964487|
1964512|
1964513|
1964514|
1964515|
1964516|
1964517|
1964518|
1964519|
1964544|
1964545|
1964546|
1964547|
1964548|
1964549|
1964550|
1964551|
1964576|
1964577|
1964578|
1964579|
1964580|
1964581|
1964582|
1964583|
1964608|
1964609|
1964610|
1964611|
1964612|
1964613|
1964614|
1964615|
1964640|
1964641|
1964642|
1964643|
1964644|
1964645|
1964646|
1964647|
1964672|
1964673|
1964674|
1964675|
1964676|
1964677|
1964678|
1964679|
1964704|
1964705|
1964706|
1964707|
1964708|
1964709|
1964710|
1964711|
1964736|
1964737|
1964738|
1964739|
1964740|
1964741|
1964742|
1964743|
1964768|
1964769|
1964770|
1964771|
1964772|
1964773|
1964774|
1964775|
1964800|
1964801|
1964802|
1964803|
1964804|
1964805|
1964806|
1964807|
1964832|
1964833|
1964834|
1964835|
1964836|
1964837|
1964838|
1964839|
1964864|
1964865|
1964866|
1964867|
1964868|
1964869|
1964870|
1964871|
1964896|
1964897|
1964898|
1964899|
1964900|
1964901|
1964902|
1964903|
1964928|
1964929|
1964930|
1964931|
1964932|
1964933|
1964934|
1964935|
1964960|
1964961|
1964962|
1964963|
1964964|
1964965|
1964966|
1964967|
1964992|
1964993|
1964994|
1964995|
1964996|
1964997|
1964998|
1964999|
1965024|
1965025|
1965026|
1965027|
1965028|
1965029|
1965030|
1965031|
1965056|
1965057|
1965058|
1965059|
1965060|
1965061|
1965062|
1965063|
1965088|
1965089|
1965090|
1965091|
1965092|
1965093|
1965094|
1965095|
1965120|
1965121|
1965122|
1965123|
1965124|
1965125|
1965126|
1965127|
1965152|
1965153|
1965154|
1965155|
1965156|
1965157|
1965158|
1965159|
1965184|
1965185|
1965186|
1965187|
1965188|
1965189|
1965190|
1965191|
1965216|
1965217|
1965218|
1965219|
1965220|
1965221|
1965222|
1965223|
1965248|
1965249|
1965250|
1965251|
1965252|
1965253|
1965254|
1965255|
1965280|
1965281|
1965282|
1965283|
1965284|
1965285|
1965286|
1965287|
1965312|
1965313|
1965314|
1965315|
1965316|
1965317|
1965318|
1965319|
1965344|
1965345|
1965346|
1965347|
1965348|
1965349|
1965350|
1965351|
1965376|
1965377|
1965378|
1965379|
1965380|
1965381|
1965382|
1965383|
1965408|
1965409|
1965410|
1965411|
1965412|
1965413|
1965414|
1965415|
1965440|
1965441|
1965442|
1965443|
1965444|
1965445|
1965446|
1965447|
1965472|
1965473|
1965474|
1965475|
1965476|
1965477|
1965478|
1965479|
1965504|
1965505|
1965506|
1965507|
1965508|
1965509|
1965510|
1965511|
1965536|
1965537|
1965538|
1965539|
1965540|
1965541|
1965542|
1965543|
1965568|
1965569|
1965570|
1965571|
1965572|
1965573|
1965574|
1965575|
1965600|
1965601|
1965602|
1965603|
1965604|
1965605|
1965606|
1965607|
1965632|
1965633|
1965634|
1965635|
1965636|
1965637|
1965638|
1965639|
1965664|
1965665|
1965666|
1965667|
1965668|
1965669|
1965670|
1965671|
1965696|
1965697|
1965698|
1965699|
1965700|
1965701|
1965702|
1965703|
1965728|
1965729|
1965730|
1965731|
1965732|
1965733|
1965734|
1965735|
1965760|
1965761|
1965762|
1965763|
1965764|
1965765|
1965766|
1965767|
1965792|
1965793|
1965794|
1965795|
1965796|
1965797|
1965798|
1965799|
1965824|
1965825|
1965826|
1965827|
1965828|
1965829|
1965830|
1965831|
1965856|
1965857|
1965858|
1965859|
1965860|
1965861|
1965862|
1965863|
1965888|
1965889|
1965890|
1965891|
1965892|
1965893|
1965894|
1965895|
1965920|
1965921|
1965922|
1965923|
1965924|
1965925|
1965926|
1965927|
1965952|
1965953|
1965954|
1965955|
1965956|
1965957|
1965958|
1965959|
1965984|
1965985|
1965986|
1965987|
1965988|
1965989|
1965990|
1965991|
1966016|
1966017|
1966018|
1966019|
1966020|
1966021|
1966022|
1966023|
1966048|
1966049|
1966050|
1966051|
1966052|
1966053|
1966054|
1966055|
1966080|
1966081|
1966082|
1966083|
1966084|
1966085|
1966086|
1966087|
1966112|
1966113|
1966114|
1966115|
1966116|
1966117|
1966118|
1966119|
1966144|
1966145|
1966146|
1966147|
1966148|
1966149|
1966150|
1966151|
1966176|
1966177|
1966178|
1966179|
1966180|
1966181|
1966182|
1966183|
1966208|
1966209|
1966210|
1966211|
1966212|
1966213|
1966214|
1966215|
1966240|
1966241|
1966242|
1966243|
1966244|
1966245|
1966246|
1966247|
1966272|
1966273|
1966274|
1966275|
1966276|
1966277|
1966278|
1966279|
1966304|
1966305|
1966306|
1966307|
1966308|
1966309|
1966310|
1966311|
1966336|
1966337|
1966338|
1966339|
1966340|
1966341|
1966342|
1966343|
1966368|
1966369|
1966370|
1966371|
1966372|
1966373|
1966374|
1966375|
1966400|
1966401|
1966402|
1966403|
1966404|
1966405|
1966406|
1966407|
1966432|
1966433|
1966434|
1966435|
1966436|
1966437|
1966438|
1966439|
1966464|
1966465|
1966466|
1966467|
1966468|
1966469|
1966470|
1966471|
1966496|
1966497|
1966498|
1966499|
1966500|
1966501|
1966502|
1966503|
1966528|
1966529|
1966530|
1966531|
1966532|
1966533|
1966534|
1966535|
1966560|
1966561|
1966562|
1966563|
1966564|
1966565|
1966566|
1966567|
1966592|
1966593|
1966594|
1966595|
1966596|
1966597|
1966598|
1966599|
1966624|
1966625|
1966626|
1966627|
1966628|
1966629|
1966630|
1966631|
1966656|
1966657|
1966658|
1966659|
1966660|
1966661|
1966662|
1966663|
1966688|
1966689|
1966690|
1966691|
1966692|
1966693|
1966694|
1966695|
1966720|
1966721|
1966722|
1966723|
1966724|
1966725|
1966726|
1966727|
1966752|
1966753|
1966754|
1966755|
1966756|
1966757|
1966758|
1966759|
1966784|
1966785|
1966786|
1966787|
1966788|
1966789|
1966790|
1966791|
1966816|
1966817|
1966818|
1966819|
1966820|
1966821|
1966822|
1966823|
1966848|
1966849|
1966850|
1966851|
1966852|
1966853|
1966854|
1966855|
1966880|
1966881|
1966882|
1966883|
1966884|
1966885|
1966886|
1966887|
1966912|
1966913|
1966914|
1966915|
1966916|
1966917|
1966918|
1966919|
1966944|
1966945|
1966946|
1966947|
1966948|
1966949|
1966950|
1966951|
1966976|
1966977|
1966978|
1966979|
1966980|
1966981|
1966982|
1966983|
1967008|
1967009|
1967010|
1967011|
1967012|
1967013|
1967014|
1967015|
1967040|
1967041|
1967042|
1967043|
1967044|
1967045|
1967046|
1967047|
1967072|
1967073|
1967074|
1967075|
1967076|
1967077|
1967078|
1967079|
1967104|
1967105|
1967106|
1967107|
1967108|
1967109|
1967110|
1967111|
1967136|
1967137|
1967138|
1967139|
1967140|
1967141|
1967142|
1967143|
1967168|
1967169|
1967170|
1967171|
1967172|
1967173|
1967174|
1967175|
1967200|
1967201|
1967202|
1967203|
1967204|
1967205|
1967206|
1967207|
1967232|
1967233|
1967234|
1967235|
1967236|
1967237|
1967238|
1967239|
1967264|
1967265|
1967266|
1967267|
1967268|
1967269|
1967270|
1967271|
1967296|
1967297|
1967298|
1967299|
1967300|
1967301|
1967302|
1967303|
1967328|
1967329|
1967330|
1967331|
1967332|
1967333|
1967334|
1967335|
1967360|
1967361|
1967362|
1967363|
1967364|
1967365|
1967366|
1967367|
1967392|
1967393|
1967394|
1967395|
1967396|
1967397|
1967398|
1967399|
1967424|
1967425|
1967426|
1967427|
1967428|
1967429|
1967430|
1967431|
1967456|
1967457|
1967458|
1967459|
1967460|
1967461|
1967462|
1967463|
1967488|
1967489|
1967490|
1967491|
1967492|
1967493|
1967494|
1967495|
1967520|
1967521|
1967522|
1967523|
1967524|
1967525|
1967526|
1967527|
1967552|
1967553|
1967554|
1967555|
1967556|
1967557|
1967558|
1967559|
1967584|
1967585|
1967586|
1967587|
1967588|
1967589|
1967590|
1967591|
1967616|
1967617|
1967618|
1967619|
1967620|
1967621|
1967622|
1967623|
1967648|
1967649|
1967650|
1967651|
1967652|
1967653|
1967654|
1967655|
1967680|
1967681|
1967682|
1967683|
1967684|
1967685|
1967686|
1967687|
1967712|
1967713|
1967714|
1967715|
1967716|
1967717|
1967718|
1967719|
1967744|
1967745|
1967746|
1967747|
1967748|
1967749|
1967750|
1967751|
1967776|
1967777|
1967778|
1967779|
1967780|
1967781|
1967782|
1967783|
1967808|
1967809|
1967810|
1967811|
1967812|
1967813|
1967814|
1967815|
1967840|
1967841|
1967842|
1967843|
1967844|
1967845|
1967846|
1967847|
1967872|
1967873|
1967874|
1967875|
1967876|
1967877|
1967878|
1967879|
1967904|
1967905|
1967906|
1967907|
1967908|
1967909|
1967910|
1967911|
1967936|
1967937|
1967938|
1967939|
1967940|
1967941|
1967942|
1967943|
1967968|
1967969|
1967970|
1967971|
1967972|
1967973|
1967974|
1967975|
1968000|
