1301989|
1301990|
1301991|
1302016|
1302017|
1302018|
1302019|
1302020|
1302021|
1302022|
1302023|
1302048|
1302049|
1302050|
1302051|
1302052|
1302053|
1302054|
1302055|
1302080|
1302081|
1302082|
1302083|
1302084|
1302085|
1302086|
1302087|
1302112|
1302113|
1302114|
1302115|
1302116|
1302117|
1302118|
1302119|
1302144|
1302145|
1302146|
1302147|
1302148|
1302149|
1302150|
1302151|
1302176|
1302177|
1302178|
1302179|
1302180|
1302181|
1302182|
1302183|
1302208|
1302209|
1302210|
1302211|
1302212|
1302213|
1302214|
1302215|
1302240|
1302241|
1302242|
1302243|
1302244|
1302245|
1302246|
1302247|
1302272|
1302273|
1302274|
1302275|
1302276|
1302277|
1302278|
1302279|
1302304|
1302305|
1302306|
1302307|
1302308|
1302309|
1302310|
1302311|
1302336|
1302337|
1302338|
1302339|
1302340|
1302341|
1302342|
1302343|
1302368|
1302369|
1302370|
1302371|
1302372|
1302373|
1302374|
1302375|
1302400|
1302401|
1302402|
1302403|
1302404|
1302405|
1302406|
1302407|
1302432|
1302433|
1302434|
1302435|
1302436|
1302437|
1302438|
1302439|
1302464|
1302465|
1302466|
1302467|
1302468|
1302469|
1302470|
1302471|
1302496|
1302497|
1302498|
1302499|
1302500|
1302501|
1302502|
1302503|
1302528|
1302529|
1302530|
1302531|
1302532|
1302533|
1302534|
1302535|
1302560|
1302561|
1302562|
1302563|
1302564|
1302565|
1302566|
1302567|
1302592|
1302593|
1302594|
1302595|
1302596|
1302597|
1302598|
1302599|
1302624|
1302625|
1302626|
1302627|
1302628|
1302629|
1302630|
1302631|
1302656|
1302657|
1302658|
1302659|
1302660|
1302661|
1302662|
1302663|
1302688|
1302689|
1302690|
1302691|
1302692|
1302693|
1302694|
1302695|
1302720|
1302721|
1302722|
1302723|
1302724|
1302725|
1302726|
1302727|
1302752|
1302753|
1302754|
1302755|
1302756|
1302757|
1302758|
1302759|
1302784|
1302785|
1302786|
1302787|
1302788|
1302789|
1302790|
1302791|
1302816|
1302817|
1302818|
1302819|
1302820|
1302821|
1302822|
1302823|
1302848|
1302849|
1302850|
1302851|
1302852|
1302853|
1302854|
1302855|
1302880|
1302881|
1302882|
1302883|
1302884|
1302885|
1302886|
1302887|
1302912|
1302913|
1302914|
1302915|
1302916|
1302917|
1302918|
1302919|
1302944|
1302945|
1302946|
1302947|
1302948|
1302949|
1302950|
1302951|
1302976|
1302977|
1302978|
1302979|
1302980|
1302981|
1302982|
1302983|
1303008|
1303009|
1303010|
1303011|
1303012|
1303013|
1303014|
1303015|
1303040|
1303041|
1303042|
1303043|
1303044|
1303045|
1303046|
1303047|
1303072|
1303073|
1303074|
1303075|
1303076|
1303077|
1303078|
1303079|
1303104|
1303105|
1303106|
1303107|
1303108|
1303109|
1303110|
1303111|
1303136|
1303137|
1303138|
1303139|
1303140|
1303141|
1303142|
1303143|
1303168|
1303169|
1303170|
1303171|
1303172|
1303173|
1303174|
1303175|
1303200|
1303201|
1303202|
1303203|
1303204|
1303205|
1303206|
1303207|
1303232|
1303233|
1303234|
1303235|
1303236|
1303237|
1303238|
1303239|
1303264|
1303265|
1303266|
1303267|
1303268|
1303269|
1303270|
1303271|
1303296|
1303297|
1303298|
1303299|
1303300|
1303301|
1303302|
1303303|
1303328|
1303329|
1303330|
1303331|
1303332|
1303333|
1303334|
1303335|
1303360|
1303361|
1303362|
1303363|
1303364|
1303365|
1303366|
1303367|
1303392|
1303393|
1303394|
1303395|
1303396|
1303397|
1303398|
1303399|
1303424|
1303425|
1303426|
1303427|
1303428|
1303429|
1303430|
1303431|
1303456|
1303457|
1303458|
1303459|
1303460|
1303461|
1303462|
1303463|
1303488|
1303489|
1303490|
1303491|
1303492|
1303493|
1303494|
1303495|
1303520|
1303521|
1303522|
1303523|
1303524|
1303525|
1303526|
1303527|
1303552|
1303553|
1303554|
1303555|
1303556|
1303557|
1303558|
1303559|
1303584|
1303585|
1303586|
1303587|
1303588|
1303589|
1303590|
1303591|
1303616|
1303617|
1303618|
1303619|
1303620|
1303621|
1303622|
1303623|
1303648|
1303649|
1303650|
1303651|
1303652|
1303653|
1303654|
1303655|
1303680|
1303681|
1303682|
1303683|
1303684|
1303685|
1303686|
1303687|
1303712|
1303713|
1303714|
1303715|
1303716|
1303717|
1303718|
1303719|
1303744|
1303745|
1303746|
1303747|
1303748|
1303749|
1303750|
1303751|
1303776|
1303777|
1303778|
1303779|
1303780|
1303781|
1303782|
1303783|
1303808|
1303809|
1303810|
1303811|
1303812|
1303813|
1303814|
1303815|
1303840|
1303841|
1303842|
1303843|
1303844|
1303845|
1303846|
1303847|
1303872|
1303873|
1303874|
1303875|
1303876|
1303877|
1303878|
1303879|
1303904|
1303905|
1303906|
1303907|
1303908|
1303909|
1303910|
1303911|
1303936|
1303937|
1303938|
1303939|
1303940|
1303941|
1303942|
1303943|
1303968|
1303969|
1303970|
1303971|
1303972|
1303973|
1303974|
1303975|
1304000|
1304001|
1304002|
1304003|
1304004|
1304005|
1304006|
1304007|
1304032|
1304033|
1304034|
1304035|
1304036|
1304037|
1304038|
1304039|
1304064|
1304065|
1304066|
1304067|
1304068|
1304069|
1304070|
1304071|
1304096|
1304097|
1304098|
1304099|
1304100|
1304101|
1304102|
1304103|
1304128|
1304129|
1304130|
1304131|
1304132|
1304133|
1304134|
1304135|
1304160|
1304161|
1304162|
1304163|
1304164|
1304165|
1304166|
1304167|
1304192|
1304193|
1304194|
1304195|
1304196|
1304197|
1304198|
1304199|
1304224|
1304225|
1304226|
1304227|
1304228|
1304229|
1304230|
1304231|
1304256|
1304257|
1304258|
1304259|
1304260|
1304261|
1304262|
1304263|
1304288|
1304289|
1304290|
1304291|
1304292|
1304293|
1304294|
1304295|
1304320|
1304321|
1304322|
1304323|
1304324|
1304325|
1304326|
1304327|
1304352|
1304353|
1304354|
1304355|
1304356|
1304357|
1304358|
1304359|
1304384|
1304385|
1304386|
1304387|
1304388|
1304389|
1304390|
1304391|
1304416|
1304417|
1304418|
1304419|
1304420|
1304421|
1304422|
1304423|
1304448|
1304449|
1304450|
1304451|
1304452|
1304453|
1304454|
1304455|
1304480|
1304481|
1304482|
1304483|
1304484|
1304485|
1304486|
1304487|
1304512|
1304513|
1304514|
1304515|
1304516|
1304517|
1304518|
1304519|
1304544|
1304545|
1304546|
1304547|
1304548|
1304549|
1304550|
1304551|
1304576|
1304577|
1304578|
1304579|
1304580|
1304581|
1304582|
1304583|
1304608|
1304609|
1304610|
1304611|
1304612|
1304613|
1304614|
1304615|
1304640|
1304641|
1304642|
1304643|
1304644|
1304645|
1304646|
1304647|
1304672|
1304673|
1304674|
1304675|
1304676|
1304677|
1304678|
1304679|
1304704|
1304705|
1304706|
1304707|
1304708|
1304709|
1304710|
1304711|
1304736|
1304737|
1304738|
1304739|
1304740|
1304741|
1304742|
1304743|
1304768|
1304769|
1304770|
1304771|
1304772|
1304773|
1304774|
1304775|
1304800|
1304801|
1304802|
1304803|
1304804|
1304805|
1304806|
1304807|
1304832|
1304833|
1304834|
1304835|
1304836|
1304837|
1304838|
1304839|
1304864|
1304865|
1304866|
1304867|
1304868|
1304869|
1304870|
1304871|
1304896|
1304897|
1304898|
1304899|
1304900|
1304901|
1304902|
1304903|
1304928|
1304929|
1304930|
1304931|
1304932|
1304933|
1304934|
1304935|
1304960|
1304961|
1304962|
1304963|
1304964|
1304965|
1304966|
1304967|
1304992|
1304993|
1304994|
1304995|
1304996|
1304997|
1304998|
1304999|
1305024|
1305025|
1305026|
1305027|
1305028|
1305029|
1305030|
1305031|
1305056|
1305057|
1305058|
1305059|
1305060|
1305061|
1305062|
1305063|
1305088|
1305089|
1305090|
1305091|
1305092|
1305093|
1305094|
1305095|
1305120|
1305121|
1305122|
1305123|
1305124|
1305125|
1305126|
1305127|
1305152|
1305153|
1305154|
1305155|
1305156|
1305157|
1305158|
1305159|
1305184|
1305185|
1305186|
1305187|
1305188|
1305189|
1305190|
1305191|
1305216|
1305217|
1305218|
1305219|
1305220|
1305221|
1305222|
1305223|
1305248|
1305249|
1305250|
1305251|
1305252|
1305253|
1305254|
1305255|
1305280|
1305281|
1305282|
1305283|
1305284|
1305285|
1305286|
1305287|
1305312|
1305313|
1305314|
1305315|
1305316|
1305317|
1305318|
1305319|
1305344|
1305345|
1305346|
1305347|
1305348|
1305349|
1305350|
1305351|
1305376|
1305377|
1305378|
1305379|
1305380|
1305381|
1305382|
1305383|
1305408|
1305409|
1305410|
1305411|
1305412|
1305413|
1305414|
1305415|
1305440|
1305441|
1305442|
1305443|
1305444|
1305445|
1305446|
1305447|
1305472|
1305473|
1305474|
1305475|
1305476|
1305477|
1305478|
1305479|
1305504|
1305505|
1305506|
1305507|
1305508|
1305509|
1305510|
1305511|
1305536|
1305537|
1305538|
1305539|
1305540|
1305541|
1305542|
1305543|
1305568|
1305569|
1305570|
1305571|
1305572|
1305573|
1305574|
1305575|
1305600|
1305601|
1305602|
1305603|
1305604|
1305605|
1305606|
1305607|
1305632|
1305633|
1305634|
1305635|
1305636|
1305637|
1305638|
1305639|
1305664|
1305665|
1305666|
1305667|
1305668|
1305669|
1305670|
1305671|
1305696|
1305697|
1305698|
1305699|
1305700|
1305701|
1305702|
1305703|
1305728|
1305729|
1305730|
1305731|
1305732|
1305733|
1305734|
1305735|
1305760|
1305761|
1305762|
1305763|
1305764|
1305765|
1305766|
1305767|
1305792|
1305793|
1305794|
1305795|
1305796|
1305797|
1305798|
1305799|
1305824|
1305825|
1305826|
1305827|
1305828|
1305829|
1305830|
1305831|
1305856|
1305857|
1305858|
1305859|
1305860|
1305861|
1305862|
1305863|
1305888|
1305889|
1305890|
1305891|
1305892|
1305893|
1305894|
1305895|
1305920|
1305921|
1305922|
1305923|
1305924|
1305925|
1305926|
1305927|
1305952|
1305953|
1305954|
1305955|
1305956|
1305957|
1305958|
1305959|
1305984|
1305985|
1305986|
1305987|
1305988|
1305989|
1305990|
1305991|
1306016|
1306017|
1306018|
1306019|
1306020|
1306021|
1306022|
1306023|
1306048|
1306049|
1306050|
1306051|
1306052|
1306053|
1306054|
1306055|
1306080|
1306081|
1306082|
1306083|
1306084|
1306085|
1306086|
1306087|
1306112|
1306113|
1306114|
1306115|
1306116|
1306117|
1306118|
1306119|
1306144|
1306145|
1306146|
1306147|
1306148|
1306149|
1306150|
1306151|
1306176|
1306177|
1306178|
1306179|
1306180|
1306181|
1306182|
1306183|
1306208|
1306209|
1306210|
1306211|
1306212|
1306213|
1306214|
1306215|
1306240|
1306241|
1306242|
1306243|
1306244|
1306245|
1306246|
1306247|
1306272|
1306273|
1306274|
1306275|
1306276|
1306277|
1306278|
1306279|
1306304|
1306305|
1306306|
1306307|
1306308|
1306309|
1306310|
1306311|
1306336|
1306337|
1306338|
1306339|
1306340|
1306341|
1306342|
1306343|
1306368|
1306369|
1306370|
1306371|
1306372|
1306373|
1306374|
1306375|
1306400|
1306401|
1306402|
1306403|
1306404|
1306405|
1306406|
1306407|
1306432|
1306433|
1306434|
1306435|
1306436|
1306437|
1306438|
1306439|
1306464|
1306465|
1306466|
1306467|
1306468|
1306469|
1306470|
1306471|
1306496|
1306497|
1306498|
1306499|
1306500|
1306501|
1306502|
1306503|
1306528|
1306529|
1306530|
1306531|
1306532|
1306533|
1306534|
1306535|
1306560|
1306561|
1306562|
1306563|
1306564|
1306565|
1306566|
1306567|
1306592|
1306593|
1306594|
1306595|
1306596|
1306597|
1306598|
1306599|
1306624|
1306625|
1306626|
1306627|
1306628|
1306629|
1306630|
1306631|
1306656|
1306657|
1306658|
1306659|
1306660|
1306661|
1306662|
1306663|
1306688|
1306689|
1306690|
1306691|
1306692|
1306693|
1306694|
1306695|
1306720|
1306721|
1306722|
1306723|
1306724|
1306725|
1306726|
1306727|
1306752|
1306753|
1306754|
1306755|
1306756|
1306757|
1306758|
1306759|
1306784|
1306785|
1306786|
1306787|
1306788|
1306789|
1306790|
1306791|
1306816|
1306817|
1306818|
1306819|
1306820|
1306821|
1306822|
1306823|
1306848|
1306849|
1306850|
1306851|
1306852|
1306853|
1306854|
1306855|
1306880|
1306881|
1306882|
1306883|
1306884|
1306885|
1306886|
1306887|
1306912|
1306913|
1306914|
1306915|
1306916|
1306917|
1306918|
1306919|
1306944|
1306945|
1306946|
1306947|
1306948|
1306949|
1306950|
1306951|
1306976|
1306977|
1306978|
1306979|
1306980|
1306981|
1306982|
1306983|
1307008|
1307009|
1307010|
1307011|
1307012|
1307013|
1307014|
1307015|
1307040|
1307041|
1307042|
1307043|
1307044|
1307045|
1307046|
1307047|
1307072|
1307073|
1307074|
1307075|
1307076|
1307077|
1307078|
1307079|
1307104|
1307105|
1307106|
1307107|
1307108|
1307109|
1307110|
1307111|
1307136|
1307137|
1307138|
1307139|
1307140|
1307141|
1307142|
1307143|
1307168|
1307169|
1307170|
1307171|
1307172|
1307173|
1307174|
1307175|
1307200|
1307201|
1307202|
1307203|
1307204|
1307205|
1307206|
1307207|
1307232|
1307233|
1307234|
1307235|
1307236|
1307237|
1307238|
1307239|
1307264|
1307265|
1307266|
1307267|
1307268|
1307269|
1307270|
1307271|
1307296|
1307297|
1307298|
1307299|
1307300|
1307301|
1307302|
1307303|
1307328|
1307329|
1307330|
1307331|
1307332|
1307333|
1307334|
1307335|
1307360|
1307361|
1307362|
1307363|
1307364|
1307365|
1307366|
1307367|
1307392|
1307393|
1307394|
1307395|
1307396|
1307397|
1307398|
1307399|
1307424|
1307425|
1307426|
1307427|
1307428|
1307429|
1307430|
1307431|
1307456|
1307457|
1307458|
1307459|
1307460|
1307461|
1307462|
1307463|
1307488|
1307489|
1307490|
1307491|
1307492|
1307493|
1307494|
1307495|
1307520|
1307521|
1307522|
1307523|
1307524|
1307525|
1307526|
1307527|
1307552|
1307553|
1307554|
1307555|
1307556|
1307557|
1307558|
1307559|
1307584|
1307585|
1307586|
1307587|
1307588|
1307589|
1307590|
1307591|
1307616|
1307617|
1307618|
1307619|
1307620|
1307621|
1307622|
1307623|
1307648|
1307649|
1307650|
1307651|
1307652|
1307653|
1307654|
1307655|
1307680|
1307681|
1307682|
1307683|
1307684|
1307685|
1307686|
1307687|
1307712|
1307713|
1307714|
1307715|
1307716|
1307717|
1307718|
1307719|
1307744|
1307745|
1307746|
1307747|
1307748|
1307749|
1307750|
1307751|
1307776|
1307777|
1307778|
1307779|
1307780|
1307781|
1307782|
1307783|
1307808|
1307809|
1307810|
1307811|
1307812|
1307813|
1307814|
1307815|
1307840|
1307841|
1307842|
1307843|
1307844|
1307845|
1307846|
1307847|
1307872|
1307873|
1307874|
1307875|
1307876|
1307877|
1307878|
1307879|
1307904|
1307905|
1307906|
1307907|
1307908|
1307909|
1307910|
1307911|
1307936|
1307937|
1307938|
1307939|
1307940|
1307941|
1307942|
1307943|
1307968|
1307969|
1307970|
1307971|
1307972|
1307973|
1307974|
1307975|
1308000|
