1992001|
1992002|
1992003|
1992004|
1992005|
1992006|
1992007|
1992032|
1992033|
1992034|
1992035|
1992036|
1992037|
1992038|
1992039|
1992064|
1992065|
1992066|
1992067|
1992068|
1992069|
1992070|
1992071|
1992096|
1992097|
1992098|
1992099|
1992100|
1992101|
1992102|
1992103|
1992128|
1992129|
1992130|
1992131|
1992132|
1992133|
1992134|
1992135|
1992160|
1992161|
1992162|
1992163|
1992164|
1992165|
1992166|
1992167|
1992192|
1992193|
1992194|
1992195|
1992196|
1992197|
1992198|
1992199|
1992224|
1992225|
1992226|
1992227|
1992228|
1992229|
1992230|
1992231|
1992256|
1992257|
1992258|
1992259|
1992260|
1992261|
1992262|
1992263|
1992288|
1992289|
1992290|
1992291|
1992292|
1992293|
1992294|
1992295|
1992320|
1992321|
1992322|
1992323|
1992324|
1992325|
1992326|
1992327|
1992352|
1992353|
1992354|
1992355|
1992356|
1992357|
1992358|
1992359|
1992384|
1992385|
1992386|
1992387|
1992388|
1992389|
1992390|
1992391|
1992416|
1992417|
1992418|
1992419|
1992420|
1992421|
1992422|
1992423|
1992448|
1992449|
1992450|
1992451|
1992452|
1992453|
1992454|
1992455|
1992480|
1992481|
1992482|
1992483|
1992484|
1992485|
1992486|
1992487|
1992512|
1992513|
1992514|
1992515|
1992516|
1992517|
1992518|
1992519|
1992544|
1992545|
1992546|
1992547|
1992548|
1992549|
1992550|
1992551|
1992576|
1992577|
1992578|
1992579|
1992580|
1992581|
1992582|
1992583|
1992608|
1992609|
1992610|
1992611|
1992612|
1992613|
1992614|
1992615|
1992640|
1992641|
1992642|
1992643|
1992644|
1992645|
1992646|
1992647|
1992672|
1992673|
1992674|
1992675|
1992676|
1992677|
1992678|
1992679|
1992704|
1992705|
1992706|
1992707|
1992708|
1992709|
1992710|
1992711|
1992736|
1992737|
1992738|
1992739|
1992740|
1992741|
1992742|
1992743|
1992768|
1992769|
1992770|
1992771|
1992772|
1992773|
1992774|
1992775|
1992800|
1992801|
1992802|
1992803|
1992804|
1992805|
1992806|
1992807|
1992832|
1992833|
1992834|
1992835|
1992836|
1992837|
1992838|
1992839|
1992864|
1992865|
1992866|
1992867|
1992868|
1992869|
1992870|
1992871|
1992896|
1992897|
1992898|
1992899|
1992900|
1992901|
1992902|
1992903|
1992928|
1992929|
1992930|
1992931|
1992932|
1992933|
1992934|
1992935|
1992960|
1992961|
1992962|
1992963|
1992964|
1992965|
1992966|
1992967|
1992992|
1992993|
1992994|
1992995|
1992996|
1992997|
1992998|
1992999|
1993024|
1993025|
1993026|
1993027|
1993028|
1993029|
1993030|
1993031|
1993056|
1993057|
1993058|
1993059|
1993060|
1993061|
1993062|
1993063|
1993088|
1993089|
1993090|
1993091|
1993092|
1993093|
1993094|
1993095|
1993120|
1993121|
1993122|
1993123|
1993124|
1993125|
1993126|
1993127|
1993152|
1993153|
1993154|
1993155|
1993156|
1993157|
1993158|
1993159|
1993184|
1993185|
1993186|
1993187|
1993188|
1993189|
1993190|
1993191|
1993216|
1993217|
1993218|
1993219|
1993220|
1993221|
1993222|
1993223|
1993248|
1993249|
1993250|
1993251|
1993252|
1993253|
1993254|
1993255|
1993280|
1993281|
1993282|
1993283|
1993284|
1993285|
1993286|
1993287|
1993312|
1993313|
1993314|
1993315|
1993316|
1993317|
1993318|
1993319|
1993344|
1993345|
1993346|
1993347|
1993348|
1993349|
1993350|
1993351|
1993376|
1993377|
1993378|
1993379|
1993380|
1993381|
1993382|
1993383|
1993408|
1993409|
1993410|
1993411|
1993412|
1993413|
1993414|
1993415|
1993440|
1993441|
1993442|
1993443|
1993444|
1993445|
1993446|
1993447|
1993472|
1993473|
1993474|
1993475|
1993476|
1993477|
1993478|
1993479|
1993504|
1993505|
1993506|
1993507|
1993508|
1993509|
1993510|
1993511|
1993536|
1993537|
1993538|
1993539|
1993540|
1993541|
1993542|
1993543|
1993568|
1993569|
1993570|
1993571|
1993572|
1993573|
1993574|
1993575|
1993600|
1993601|
1993602|
1993603|
1993604|
1993605|
1993606|
1993607|
1993632|
1993633|
1993634|
1993635|
1993636|
1993637|
1993638|
1993639|
1993664|
1993665|
1993666|
1993667|
1993668|
1993669|
1993670|
1993671|
1993696|
1993697|
1993698|
1993699|
1993700|
1993701|
1993702|
1993703|
1993728|
1993729|
1993730|
1993731|
1993732|
1993733|
1993734|
1993735|
1993760|
1993761|
1993762|
1993763|
1993764|
1993765|
1993766|
1993767|
1993792|
1993793|
1993794|
1993795|
1993796|
1993797|
1993798|
1993799|
1993824|
1993825|
1993826|
1993827|
1993828|
1993829|
1993830|
1993831|
1993856|
1993857|
1993858|
1993859|
1993860|
1993861|
1993862|
1993863|
1993888|
1993889|
1993890|
1993891|
1993892|
1993893|
1993894|
1993895|
1993920|
1993921|
1993922|
1993923|
1993924|
1993925|
1993926|
1993927|
1993952|
1993953|
1993954|
1993955|
1993956|
1993957|
1993958|
1993959|
1993984|
1993985|
1993986|
1993987|
1993988|
1993989|
1993990|
1993991|
1994016|
1994017|
1994018|
1994019|
1994020|
1994021|
1994022|
1994023|
1994048|
1994049|
1994050|
1994051|
1994052|
1994053|
1994054|
1994055|
1994080|
1994081|
1994082|
1994083|
1994084|
1994085|
1994086|
1994087|
1994112|
1994113|
1994114|
1994115|
1994116|
1994117|
1994118|
1994119|
1994144|
1994145|
1994146|
1994147|
1994148|
1994149|
1994150|
1994151|
1994176|
1994177|
1994178|
1994179|
1994180|
1994181|
1994182|
1994183|
1994208|
1994209|
1994210|
1994211|
1994212|
1994213|
1994214|
1994215|
1994240|
1994241|
1994242|
1994243|
1994244|
1994245|
1994246|
1994247|
1994272|
1994273|
1994274|
1994275|
1994276|
1994277|
1994278|
1994279|
1994304|
1994305|
1994306|
1994307|
1994308|
1994309|
1994310|
1994311|
1994336|
1994337|
1994338|
1994339|
1994340|
1994341|
1994342|
1994343|
1994368|
1994369|
1994370|
1994371|
1994372|
1994373|
1994374|
1994375|
1994400|
1994401|
1994402|
1994403|
1994404|
1994405|
1994406|
1994407|
1994432|
1994433|
1994434|
1994435|
1994436|
1994437|
1994438|
1994439|
1994464|
1994465|
1994466|
1994467|
1994468|
1994469|
1994470|
1994471|
1994496|
1994497|
1994498|
1994499|
1994500|
1994501|
1994502|
1994503|
1994528|
1994529|
1994530|
1994531|
1994532|
1994533|
1994534|
1994535|
1994560|
1994561|
1994562|
1994563|
1994564|
1994565|
1994566|
1994567|
1994592|
1994593|
1994594|
1994595|
1994596|
1994597|
1994598|
1994599|
1994624|
1994625|
1994626|
1994627|
1994628|
1994629|
1994630|
1994631|
1994656|
1994657|
1994658|
1994659|
1994660|
1994661|
1994662|
1994663|
1994688|
1994689|
1994690|
1994691|
1994692|
1994693|
1994694|
1994695|
1994720|
1994721|
1994722|
1994723|
1994724|
1994725|
1994726|
1994727|
1994752|
1994753|
1994754|
1994755|
1994756|
1994757|
1994758|
1994759|
1994784|
1994785|
1994786|
1994787|
1994788|
1994789|
1994790|
1994791|
1994816|
1994817|
1994818|
1994819|
1994820|
1994821|
1994822|
1994823|
1994848|
1994849|
1994850|
1994851|
1994852|
1994853|
1994854|
1994855|
1994880|
1994881|
1994882|
1994883|
1994884|
1994885|
1994886|
1994887|
1994912|
1994913|
1994914|
1994915|
1994916|
1994917|
1994918|
1994919|
1994944|
1994945|
1994946|
1994947|
1994948|
1994949|
1994950|
1994951|
1994976|
1994977|
1994978|
1994979|
1994980|
1994981|
1994982|
1994983|
1995008|
1995009|
1995010|
1995011|
1995012|
1995013|
1995014|
1995015|
1995040|
1995041|
1995042|
1995043|
1995044|
1995045|
1995046|
1995047|
1995072|
1995073|
1995074|
1995075|
1995076|
1995077|
1995078|
1995079|
1995104|
1995105|
1995106|
1995107|
1995108|
1995109|
1995110|
1995111|
1995136|
1995137|
1995138|
1995139|
1995140|
1995141|
1995142|
1995143|
1995168|
1995169|
1995170|
1995171|
1995172|
1995173|
1995174|
1995175|
1995200|
1995201|
1995202|
1995203|
1995204|
1995205|
1995206|
1995207|
1995232|
1995233|
1995234|
1995235|
1995236|
1995237|
1995238|
1995239|
1995264|
1995265|
1995266|
1995267|
1995268|
1995269|
1995270|
1995271|
1995296|
1995297|
1995298|
1995299|
1995300|
1995301|
1995302|
1995303|
1995328|
1995329|
1995330|
1995331|
1995332|
1995333|
1995334|
1995335|
1995360|
1995361|
1995362|
1995363|
1995364|
1995365|
1995366|
1995367|
1995392|
1995393|
1995394|
1995395|
1995396|
1995397|
1995398|
1995399|
1995424|
1995425|
1995426|
1995427|
1995428|
1995429|
1995430|
1995431|
1995456|
1995457|
1995458|
1995459|
1995460|
1995461|
1995462|
1995463|
1995488|
1995489|
1995490|
1995491|
1995492|
1995493|
1995494|
1995495|
1995520|
1995521|
1995522|
1995523|
1995524|
1995525|
1995526|
1995527|
1995552|
1995553|
1995554|
1995555|
1995556|
1995557|
1995558|
1995559|
1995584|
1995585|
1995586|
1995587|
1995588|
1995589|
1995590|
1995591|
1995616|
1995617|
1995618|
1995619|
1995620|
1995621|
1995622|
1995623|
1995648|
1995649|
1995650|
1995651|
1995652|
1995653|
1995654|
1995655|
1995680|
1995681|
1995682|
1995683|
1995684|
1995685|
1995686|
1995687|
1995712|
1995713|
1995714|
1995715|
1995716|
1995717|
1995718|
1995719|
1995744|
1995745|
1995746|
1995747|
1995748|
1995749|
1995750|
1995751|
1995776|
1995777|
1995778|
1995779|
1995780|
1995781|
1995782|
1995783|
1995808|
1995809|
1995810|
1995811|
1995812|
1995813|
1995814|
1995815|
1995840|
1995841|
1995842|
1995843|
1995844|
1995845|
1995846|
1995847|
1995872|
1995873|
1995874|
1995875|
1995876|
1995877|
1995878|
1995879|
1995904|
1995905|
1995906|
1995907|
1995908|
1995909|
1995910|
1995911|
1995936|
1995937|
1995938|
1995939|
1995940|
1995941|
1995942|
1995943|
1995968|
1995969|
1995970|
1995971|
1995972|
1995973|
1995974|
1995975|
1996000|
1996001|
1996002|
1996003|
1996004|
1996005|
1996006|
1996007|
1996032|
1996033|
1996034|
1996035|
1996036|
1996037|
1996038|
1996039|
1996064|
1996065|
1996066|
1996067|
1996068|
1996069|
1996070|
1996071|
1996096|
1996097|
1996098|
1996099|
1996100|
1996101|
1996102|
1996103|
1996128|
1996129|
1996130|
1996131|
1996132|
1996133|
1996134|
1996135|
1996160|
1996161|
1996162|
1996163|
1996164|
1996165|
1996166|
1996167|
1996192|
1996193|
1996194|
1996195|
1996196|
1996197|
1996198|
1996199|
1996224|
1996225|
1996226|
1996227|
1996228|
1996229|
1996230|
1996231|
1996256|
1996257|
1996258|
1996259|
1996260|
1996261|
1996262|
1996263|
1996288|
1996289|
1996290|
1996291|
1996292|
1996293|
1996294|
1996295|
1996320|
1996321|
1996322|
1996323|
1996324|
1996325|
1996326|
1996327|
1996352|
1996353|
1996354|
1996355|
1996356|
1996357|
1996358|
1996359|
1996384|
1996385|
1996386|
1996387|
1996388|
1996389|
1996390|
1996391|
1996416|
1996417|
1996418|
1996419|
1996420|
1996421|
1996422|
1996423|
1996448|
1996449|
1996450|
1996451|
1996452|
1996453|
1996454|
1996455|
1996480|
1996481|
1996482|
1996483|
1996484|
1996485|
1996486|
1996487|
1996512|
1996513|
1996514|
1996515|
1996516|
1996517|
1996518|
1996519|
1996544|
1996545|
1996546|
1996547|
1996548|
1996549|
1996550|
1996551|
1996576|
1996577|
1996578|
1996579|
1996580|
1996581|
1996582|
1996583|
1996608|
1996609|
1996610|
1996611|
1996612|
1996613|
1996614|
1996615|
1996640|
1996641|
1996642|
1996643|
1996644|
1996645|
1996646|
1996647|
1996672|
1996673|
1996674|
1996675|
1996676|
1996677|
1996678|
1996679|
1996704|
1996705|
1996706|
1996707|
1996708|
1996709|
1996710|
1996711|
1996736|
1996737|
1996738|
1996739|
1996740|
1996741|
1996742|
1996743|
1996768|
1996769|
1996770|
1996771|
1996772|
1996773|
1996774|
1996775|
1996800|
1996801|
1996802|
1996803|
1996804|
1996805|
1996806|
1996807|
1996832|
1996833|
1996834|
1996835|
1996836|
1996837|
1996838|
1996839|
1996864|
1996865|
1996866|
1996867|
1996868|
1996869|
1996870|
1996871|
1996896|
1996897|
1996898|
1996899|
1996900|
1996901|
1996902|
1996903|
1996928|
1996929|
1996930|
1996931|
1996932|
1996933|
1996934|
1996935|
1996960|
1996961|
1996962|
1996963|
1996964|
1996965|
1996966|
1996967|
1996992|
1996993|
1996994|
1996995|
1996996|
1996997|
1996998|
1996999|
1997024|
1997025|
1997026|
1997027|
1997028|
1997029|
1997030|
1997031|
1997056|
1997057|
1997058|
1997059|
1997060|
1997061|
1997062|
1997063|
1997088|
1997089|
1997090|
1997091|
1997092|
1997093|
1997094|
1997095|
1997120|
1997121|
1997122|
1997123|
1997124|
1997125|
1997126|
1997127|
1997152|
1997153|
1997154|
1997155|
1997156|
1997157|
1997158|
1997159|
1997184|
1997185|
1997186|
1997187|
1997188|
1997189|
1997190|
1997191|
1997216|
1997217|
1997218|
1997219|
1997220|
1997221|
1997222|
1997223|
1997248|
1997249|
1997250|
1997251|
1997252|
1997253|
1997254|
1997255|
1997280|
1997281|
1997282|
1997283|
1997284|
1997285|
1997286|
1997287|
1997312|
1997313|
1997314|
1997315|
1997316|
1997317|
1997318|
1997319|
1997344|
1997345|
1997346|
1997347|
1997348|
1997349|
1997350|
1997351|
1997376|
1997377|
1997378|
1997379|
1997380|
1997381|
1997382|
1997383|
1997408|
1997409|
1997410|
1997411|
1997412|
1997413|
1997414|
1997415|
1997440|
1997441|
1997442|
1997443|
1997444|
1997445|
1997446|
1997447|
1997472|
1997473|
1997474|
1997475|
1997476|
1997477|
1997478|
1997479|
1997504|
1997505|
1997506|
1997507|
1997508|
1997509|
1997510|
1997511|
1997536|
1997537|
1997538|
1997539|
1997540|
1997541|
1997542|
1997543|
1997568|
1997569|
1997570|
1997571|
1997572|
1997573|
1997574|
1997575|
1997600|
1997601|
1997602|
1997603|
1997604|
1997605|
1997606|
1997607|
1997632|
1997633|
1997634|
1997635|
1997636|
1997637|
1997638|
1997639|
1997664|
1997665|
1997666|
1997667|
1997668|
1997669|
1997670|
1997671|
1997696|
1997697|
1997698|
1997699|
1997700|
1997701|
1997702|
1997703|
1997728|
1997729|
1997730|
1997731|
1997732|
1997733|
1997734|
1997735|
1997760|
1997761|
1997762|
1997763|
1997764|
1997765|
1997766|
1997767|
1997792|
1997793|
1997794|
1997795|
1997796|
1997797|
1997798|
1997799|
1997824|
1997825|
1997826|
1997827|
1997828|
1997829|
1997830|
1997831|
1997856|
1997857|
1997858|
1997859|
1997860|
1997861|
1997862|
1997863|
1997888|
1997889|
1997890|
1997891|
1997892|
1997893|
1997894|
1997895|
1997920|
1997921|
1997922|
1997923|
1997924|
1997925|
1997926|
1997927|
1997952|
1997953|
1997954|
1997955|
1997956|
1997957|
1997958|
1997959|
1997984|
1997985|
1997986|
1997987|
1997988|
