2801989|
2801990|
2801991|
2802016|
2802017|
2802018|
2802019|
2802020|
2802021|
2802022|
2802023|
2802048|
2802049|
2802050|
2802051|
2802052|
2802053|
2802054|
2802055|
2802080|
2802081|
2802082|
2802083|
2802084|
2802085|
2802086|
2802087|
2802112|
2802113|
2802114|
2802115|
2802116|
2802117|
2802118|
2802119|
2802144|
2802145|
2802146|
2802147|
2802148|
2802149|
2802150|
2802151|
2802176|
2802177|
2802178|
2802179|
2802180|
2802181|
2802182|
2802183|
2802208|
2802209|
2802210|
2802211|
2802212|
2802213|
2802214|
2802215|
2802240|
2802241|
2802242|
2802243|
2802244|
2802245|
2802246|
2802247|
2802272|
2802273|
2802274|
2802275|
2802276|
2802277|
2802278|
2802279|
2802304|
2802305|
2802306|
2802307|
2802308|
2802309|
2802310|
2802311|
2802336|
2802337|
2802338|
2802339|
2802340|
2802341|
2802342|
2802343|
2802368|
2802369|
2802370|
2802371|
2802372|
2802373|
2802374|
2802375|
2802400|
2802401|
2802402|
2802403|
2802404|
2802405|
2802406|
2802407|
2802432|
2802433|
2802434|
2802435|
2802436|
2802437|
2802438|
2802439|
2802464|
2802465|
2802466|
2802467|
2802468|
2802469|
2802470|
2802471|
2802496|
2802497|
2802498|
2802499|
2802500|
2802501|
2802502|
2802503|
2802528|
2802529|
2802530|
2802531|
2802532|
2802533|
2802534|
2802535|
2802560|
2802561|
2802562|
2802563|
2802564|
2802565|
2802566|
2802567|
2802592|
2802593|
2802594|
2802595|
2802596|
2802597|
2802598|
2802599|
2802624|
2802625|
2802626|
2802627|
2802628|
2802629|
2802630|
2802631|
2802656|
2802657|
2802658|
2802659|
2802660|
2802661|
2802662|
2802663|
2802688|
2802689|
2802690|
2802691|
2802692|
2802693|
2802694|
2802695|
2802720|
2802721|
2802722|
2802723|
2802724|
2802725|
2802726|
2802727|
2802752|
2802753|
2802754|
2802755|
2802756|
2802757|
2802758|
2802759|
2802784|
2802785|
2802786|
2802787|
2802788|
2802789|
2802790|
2802791|
2802816|
2802817|
2802818|
2802819|
2802820|
2802821|
2802822|
2802823|
2802848|
2802849|
2802850|
2802851|
2802852|
2802853|
2802854|
2802855|
2802880|
2802881|
2802882|
2802883|
2802884|
2802885|
2802886|
2802887|
2802912|
2802913|
2802914|
2802915|
2802916|
2802917|
2802918|
2802919|
2802944|
2802945|
2802946|
2802947|
2802948|
2802949|
2802950|
2802951|
2802976|
2802977|
2802978|
2802979|
2802980|
2802981|
2802982|
2802983|
2803008|
2803009|
2803010|
2803011|
2803012|
2803013|
2803014|
2803015|
2803040|
2803041|
2803042|
2803043|
2803044|
2803045|
2803046|
2803047|
2803072|
2803073|
2803074|
2803075|
2803076|
2803077|
2803078|
2803079|
2803104|
2803105|
2803106|
2803107|
2803108|
2803109|
2803110|
2803111|
2803136|
2803137|
2803138|
2803139|
2803140|
2803141|
2803142|
2803143|
2803168|
2803169|
2803170|
2803171|
2803172|
2803173|
2803174|
2803175|
2803200|
2803201|
2803202|
2803203|
2803204|
2803205|
2803206|
2803207|
2803232|
2803233|
2803234|
2803235|
2803236|
2803237|
2803238|
2803239|
2803264|
2803265|
2803266|
2803267|
2803268|
2803269|
2803270|
2803271|
2803296|
2803297|
2803298|
2803299|
2803300|
2803301|
2803302|
2803303|
2803328|
2803329|
2803330|
2803331|
2803332|
2803333|
2803334|
2803335|
2803360|
2803361|
2803362|
2803363|
2803364|
2803365|
2803366|
2803367|
2803392|
2803393|
2803394|
2803395|
2803396|
2803397|
2803398|
2803399|
2803424|
2803425|
2803426|
2803427|
2803428|
2803429|
2803430|
2803431|
2803456|
2803457|
2803458|
2803459|
2803460|
2803461|
2803462|
2803463|
2803488|
2803489|
2803490|
2803491|
2803492|
2803493|
2803494|
2803495|
2803520|
2803521|
2803522|
2803523|
2803524|
2803525|
2803526|
2803527|
2803552|
2803553|
2803554|
2803555|
2803556|
2803557|
2803558|
2803559|
2803584|
2803585|
2803586|
2803587|
2803588|
2803589|
2803590|
2803591|
2803616|
2803617|
2803618|
2803619|
2803620|
2803621|
2803622|
2803623|
2803648|
2803649|
2803650|
2803651|
2803652|
2803653|
2803654|
2803655|
2803680|
2803681|
2803682|
2803683|
2803684|
2803685|
2803686|
2803687|
2803712|
2803713|
2803714|
2803715|
2803716|
2803717|
2803718|
2803719|
2803744|
2803745|
2803746|
2803747|
2803748|
2803749|
2803750|
2803751|
2803776|
2803777|
2803778|
2803779|
2803780|
2803781|
2803782|
2803783|
2803808|
2803809|
2803810|
2803811|
2803812|
2803813|
2803814|
2803815|
2803840|
2803841|
2803842|
2803843|
2803844|
2803845|
2803846|
2803847|
2803872|
2803873|
2803874|
2803875|
2803876|
2803877|
2803878|
2803879|
2803904|
2803905|
2803906|
2803907|
2803908|
2803909|
2803910|
2803911|
2803936|
2803937|
2803938|
2803939|
2803940|
2803941|
2803942|
2803943|
2803968|
2803969|
2803970|
2803971|
2803972|
2803973|
2803974|
2803975|
2804000|
2804001|
2804002|
2804003|
2804004|
2804005|
2804006|
2804007|
2804032|
2804033|
2804034|
2804035|
2804036|
2804037|
2804038|
2804039|
2804064|
2804065|
2804066|
2804067|
2804068|
2804069|
2804070|
2804071|
2804096|
2804097|
2804098|
2804099|
2804100|
2804101|
2804102|
2804103|
2804128|
2804129|
2804130|
2804131|
2804132|
2804133|
2804134|
2804135|
2804160|
2804161|
2804162|
2804163|
2804164|
2804165|
2804166|
2804167|
2804192|
2804193|
2804194|
2804195|
2804196|
2804197|
2804198|
2804199|
2804224|
2804225|
2804226|
2804227|
2804228|
2804229|
2804230|
2804231|
2804256|
2804257|
2804258|
2804259|
2804260|
2804261|
2804262|
2804263|
2804288|
2804289|
2804290|
2804291|
2804292|
2804293|
2804294|
2804295|
2804320|
2804321|
2804322|
2804323|
2804324|
2804325|
2804326|
2804327|
2804352|
2804353|
2804354|
2804355|
2804356|
2804357|
2804358|
2804359|
2804384|
2804385|
2804386|
2804387|
2804388|
2804389|
2804390|
2804391|
2804416|
2804417|
2804418|
2804419|
2804420|
2804421|
2804422|
2804423|
2804448|
2804449|
2804450|
2804451|
2804452|
2804453|
2804454|
2804455|
2804480|
2804481|
2804482|
2804483|
2804484|
2804485|
2804486|
2804487|
2804512|
2804513|
2804514|
2804515|
2804516|
2804517|
2804518|
2804519|
2804544|
2804545|
2804546|
2804547|
2804548|
2804549|
2804550|
2804551|
2804576|
2804577|
2804578|
2804579|
2804580|
2804581|
2804582|
2804583|
2804608|
2804609|
2804610|
2804611|
2804612|
2804613|
2804614|
2804615|
2804640|
2804641|
2804642|
2804643|
2804644|
2804645|
2804646|
2804647|
2804672|
2804673|
2804674|
2804675|
2804676|
2804677|
2804678|
2804679|
2804704|
2804705|
2804706|
2804707|
2804708|
2804709|
2804710|
2804711|
2804736|
2804737|
2804738|
2804739|
2804740|
2804741|
2804742|
2804743|
2804768|
2804769|
2804770|
2804771|
2804772|
2804773|
2804774|
2804775|
2804800|
2804801|
2804802|
2804803|
2804804|
2804805|
2804806|
2804807|
2804832|
2804833|
2804834|
2804835|
2804836|
2804837|
2804838|
2804839|
2804864|
2804865|
2804866|
2804867|
2804868|
2804869|
2804870|
2804871|
2804896|
2804897|
2804898|
2804899|
2804900|
2804901|
2804902|
2804903|
2804928|
2804929|
2804930|
2804931|
2804932|
2804933|
2804934|
2804935|
2804960|
2804961|
2804962|
2804963|
2804964|
2804965|
2804966|
2804967|
2804992|
2804993|
2804994|
2804995|
2804996|
2804997|
2804998|
2804999|
2805024|
2805025|
2805026|
2805027|
2805028|
2805029|
2805030|
2805031|
2805056|
2805057|
2805058|
2805059|
2805060|
2805061|
2805062|
2805063|
2805088|
2805089|
2805090|
2805091|
2805092|
2805093|
2805094|
2805095|
2805120|
2805121|
2805122|
2805123|
2805124|
2805125|
2805126|
2805127|
2805152|
2805153|
2805154|
2805155|
2805156|
2805157|
2805158|
2805159|
2805184|
2805185|
2805186|
2805187|
2805188|
2805189|
2805190|
2805191|
2805216|
2805217|
2805218|
2805219|
2805220|
2805221|
2805222|
2805223|
2805248|
2805249|
2805250|
2805251|
2805252|
2805253|
2805254|
2805255|
2805280|
2805281|
2805282|
2805283|
2805284|
2805285|
2805286|
2805287|
2805312|
2805313|
2805314|
2805315|
2805316|
2805317|
2805318|
2805319|
2805344|
2805345|
2805346|
2805347|
2805348|
2805349|
2805350|
2805351|
2805376|
2805377|
2805378|
2805379|
2805380|
2805381|
2805382|
2805383|
2805408|
2805409|
2805410|
2805411|
2805412|
2805413|
2805414|
2805415|
2805440|
2805441|
2805442|
2805443|
2805444|
2805445|
2805446|
2805447|
2805472|
2805473|
2805474|
2805475|
2805476|
2805477|
2805478|
2805479|
2805504|
2805505|
2805506|
2805507|
2805508|
2805509|
2805510|
2805511|
2805536|
2805537|
2805538|
2805539|
2805540|
2805541|
2805542|
2805543|
2805568|
2805569|
2805570|
2805571|
2805572|
2805573|
2805574|
2805575|
2805600|
2805601|
2805602|
2805603|
2805604|
2805605|
2805606|
2805607|
2805632|
2805633|
2805634|
2805635|
2805636|
2805637|
2805638|
2805639|
2805664|
2805665|
2805666|
2805667|
2805668|
2805669|
2805670|
2805671|
2805696|
2805697|
2805698|
2805699|
2805700|
2805701|
2805702|
2805703|
2805728|
2805729|
2805730|
2805731|
2805732|
2805733|
2805734|
2805735|
2805760|
2805761|
2805762|
2805763|
2805764|
2805765|
2805766|
2805767|
2805792|
2805793|
2805794|
2805795|
2805796|
2805797|
2805798|
2805799|
2805824|
2805825|
2805826|
2805827|
2805828|
2805829|
2805830|
2805831|
2805856|
2805857|
2805858|
2805859|
2805860|
2805861|
2805862|
2805863|
2805888|
2805889|
2805890|
2805891|
2805892|
2805893|
2805894|
2805895|
2805920|
2805921|
2805922|
2805923|
2805924|
2805925|
2805926|
2805927|
2805952|
2805953|
2805954|
2805955|
2805956|
2805957|
2805958|
2805959|
2805984|
2805985|
2805986|
2805987|
2805988|
2805989|
2805990|
2805991|
2806016|
2806017|
2806018|
2806019|
2806020|
2806021|
2806022|
2806023|
2806048|
2806049|
2806050|
2806051|
2806052|
2806053|
2806054|
2806055|
2806080|
2806081|
2806082|
2806083|
2806084|
2806085|
2806086|
2806087|
2806112|
2806113|
2806114|
2806115|
2806116|
2806117|
2806118|
2806119|
2806144|
2806145|
2806146|
2806147|
2806148|
2806149|
2806150|
2806151|
2806176|
2806177|
2806178|
2806179|
2806180|
2806181|
2806182|
2806183|
2806208|
2806209|
2806210|
2806211|
2806212|
2806213|
2806214|
2806215|
2806240|
2806241|
2806242|
2806243|
2806244|
2806245|
2806246|
2806247|
2806272|
2806273|
2806274|
2806275|
2806276|
2806277|
2806278|
2806279|
2806304|
2806305|
2806306|
2806307|
2806308|
2806309|
2806310|
2806311|
2806336|
2806337|
2806338|
2806339|
2806340|
2806341|
2806342|
2806343|
2806368|
2806369|
2806370|
2806371|
2806372|
2806373|
2806374|
2806375|
2806400|
2806401|
2806402|
2806403|
2806404|
2806405|
2806406|
2806407|
2806432|
2806433|
2806434|
2806435|
2806436|
2806437|
2806438|
2806439|
2806464|
2806465|
2806466|
2806467|
2806468|
2806469|
2806470|
2806471|
2806496|
2806497|
2806498|
2806499|
2806500|
2806501|
2806502|
2806503|
2806528|
2806529|
2806530|
2806531|
2806532|
2806533|
2806534|
2806535|
2806560|
2806561|
2806562|
2806563|
2806564|
2806565|
2806566|
2806567|
2806592|
2806593|
2806594|
2806595|
2806596|
2806597|
2806598|
2806599|
2806624|
2806625|
2806626|
2806627|
2806628|
2806629|
2806630|
2806631|
2806656|
2806657|
2806658|
2806659|
2806660|
2806661|
2806662|
2806663|
2806688|
2806689|
2806690|
2806691|
2806692|
2806693|
2806694|
2806695|
2806720|
2806721|
2806722|
2806723|
2806724|
2806725|
2806726|
2806727|
2806752|
2806753|
2806754|
2806755|
2806756|
2806757|
2806758|
2806759|
2806784|
2806785|
2806786|
2806787|
2806788|
2806789|
2806790|
2806791|
2806816|
2806817|
2806818|
2806819|
2806820|
2806821|
2806822|
2806823|
2806848|
2806849|
2806850|
2806851|
2806852|
2806853|
2806854|
2806855|
2806880|
2806881|
2806882|
2806883|
2806884|
2806885|
2806886|
2806887|
2806912|
2806913|
2806914|
2806915|
2806916|
2806917|
2806918|
2806919|
2806944|
2806945|
2806946|
2806947|
2806948|
2806949|
2806950|
2806951|
2806976|
2806977|
2806978|
2806979|
2806980|
2806981|
2806982|
2806983|
2807008|
2807009|
2807010|
2807011|
2807012|
2807013|
2807014|
2807015|
2807040|
2807041|
2807042|
2807043|
2807044|
2807045|
2807046|
2807047|
2807072|
2807073|
2807074|
2807075|
2807076|
2807077|
2807078|
2807079|
2807104|
2807105|
2807106|
2807107|
2807108|
2807109|
2807110|
2807111|
2807136|
2807137|
2807138|
2807139|
2807140|
2807141|
2807142|
2807143|
2807168|
2807169|
2807170|
2807171|
2807172|
2807173|
2807174|
2807175|
2807200|
2807201|
2807202|
2807203|
2807204|
2807205|
2807206|
2807207|
2807232|
2807233|
2807234|
2807235|
2807236|
2807237|
2807238|
2807239|
2807264|
2807265|
2807266|
2807267|
2807268|
2807269|
2807270|
2807271|
2807296|
2807297|
2807298|
2807299|
2807300|
2807301|
2807302|
2807303|
2807328|
2807329|
2807330|
2807331|
2807332|
2807333|
2807334|
2807335|
2807360|
2807361|
2807362|
2807363|
2807364|
2807365|
2807366|
2807367|
2807392|
2807393|
2807394|
2807395|
2807396|
2807397|
2807398|
2807399|
2807424|
2807425|
2807426|
2807427|
2807428|
2807429|
2807430|
2807431|
2807456|
2807457|
2807458|
2807459|
2807460|
2807461|
2807462|
2807463|
2807488|
2807489|
2807490|
2807491|
2807492|
2807493|
2807494|
2807495|
2807520|
2807521|
2807522|
2807523|
2807524|
2807525|
2807526|
2807527|
2807552|
2807553|
2807554|
2807555|
2807556|
2807557|
2807558|
2807559|
2807584|
2807585|
2807586|
2807587|
2807588|
2807589|
2807590|
2807591|
2807616|
2807617|
2807618|
2807619|
2807620|
2807621|
2807622|
2807623|
2807648|
2807649|
2807650|
2807651|
2807652|
2807653|
2807654|
2807655|
2807680|
2807681|
2807682|
2807683|
2807684|
2807685|
2807686|
2807687|
2807712|
2807713|
2807714|
2807715|
2807716|
2807717|
2807718|
2807719|
2807744|
2807745|
2807746|
2807747|
2807748|
2807749|
2807750|
2807751|
2807776|
2807777|
2807778|
2807779|
2807780|
2807781|
2807782|
2807783|
2807808|
2807809|
2807810|
2807811|
2807812|
2807813|
2807814|
2807815|
2807840|
2807841|
2807842|
2807843|
2807844|
2807845|
2807846|
2807847|
2807872|
2807873|
2807874|
2807875|
2807876|
2807877|
2807878|
2807879|
2807904|
2807905|
2807906|
2807907|
2807908|
2807909|
2807910|
2807911|
2807936|
2807937|
2807938|
2807939|
2807940|
2807941|
2807942|
2807943|
2807968|
2807969|
2807970|
2807971|
2807972|
2807973|
2807974|
2807975|
2808000|
