1289989|
1289990|
1289991|
1290016|
1290017|
1290018|
1290019|
1290020|
1290021|
1290022|
1290023|
1290048|
1290049|
1290050|
1290051|
1290052|
1290053|
1290054|
1290055|
1290080|
1290081|
1290082|
1290083|
1290084|
1290085|
1290086|
1290087|
1290112|
1290113|
1290114|
1290115|
1290116|
1290117|
1290118|
1290119|
1290144|
1290145|
1290146|
1290147|
1290148|
1290149|
1290150|
1290151|
1290176|
1290177|
1290178|
1290179|
1290180|
1290181|
1290182|
1290183|
1290208|
1290209|
1290210|
1290211|
1290212|
1290213|
1290214|
1290215|
1290240|
1290241|
1290242|
1290243|
1290244|
1290245|
1290246|
1290247|
1290272|
1290273|
1290274|
1290275|
1290276|
1290277|
1290278|
1290279|
1290304|
1290305|
1290306|
1290307|
1290308|
1290309|
1290310|
1290311|
1290336|
1290337|
1290338|
1290339|
1290340|
1290341|
1290342|
1290343|
1290368|
1290369|
1290370|
1290371|
1290372|
1290373|
1290374|
1290375|
1290400|
1290401|
1290402|
1290403|
1290404|
1290405|
1290406|
1290407|
1290432|
1290433|
1290434|
1290435|
1290436|
1290437|
1290438|
1290439|
1290464|
1290465|
1290466|
1290467|
1290468|
1290469|
1290470|
1290471|
1290496|
1290497|
1290498|
1290499|
1290500|
1290501|
1290502|
1290503|
1290528|
1290529|
1290530|
1290531|
1290532|
1290533|
1290534|
1290535|
1290560|
1290561|
1290562|
1290563|
1290564|
1290565|
1290566|
1290567|
1290592|
1290593|
1290594|
1290595|
1290596|
1290597|
1290598|
1290599|
1290624|
1290625|
1290626|
1290627|
1290628|
1290629|
1290630|
1290631|
1290656|
1290657|
1290658|
1290659|
1290660|
1290661|
1290662|
1290663|
1290688|
1290689|
1290690|
1290691|
1290692|
1290693|
1290694|
1290695|
1290720|
1290721|
1290722|
1290723|
1290724|
1290725|
1290726|
1290727|
1290752|
1290753|
1290754|
1290755|
1290756|
1290757|
1290758|
1290759|
1290784|
1290785|
1290786|
1290787|
1290788|
1290789|
1290790|
1290791|
1290816|
1290817|
1290818|
1290819|
1290820|
1290821|
1290822|
1290823|
1290848|
1290849|
1290850|
1290851|
1290852|
1290853|
1290854|
1290855|
1290880|
1290881|
1290882|
1290883|
1290884|
1290885|
1290886|
1290887|
1290912|
1290913|
1290914|
1290915|
1290916|
1290917|
1290918|
1290919|
1290944|
1290945|
1290946|
1290947|
1290948|
1290949|
1290950|
1290951|
1290976|
1290977|
1290978|
1290979|
1290980|
1290981|
1290982|
1290983|
1291008|
1291009|
1291010|
1291011|
1291012|
1291013|
1291014|
1291015|
1291040|
1291041|
1291042|
1291043|
1291044|
1291045|
1291046|
1291047|
1291072|
1291073|
1291074|
1291075|
1291076|
1291077|
1291078|
1291079|
1291104|
1291105|
1291106|
1291107|
1291108|
1291109|
1291110|
1291111|
1291136|
1291137|
1291138|
1291139|
1291140|
1291141|
1291142|
1291143|
1291168|
1291169|
1291170|
1291171|
1291172|
1291173|
1291174|
1291175|
1291200|
1291201|
1291202|
1291203|
1291204|
1291205|
1291206|
1291207|
1291232|
1291233|
1291234|
1291235|
1291236|
1291237|
1291238|
1291239|
1291264|
1291265|
1291266|
1291267|
1291268|
1291269|
1291270|
1291271|
1291296|
1291297|
1291298|
1291299|
1291300|
1291301|
1291302|
1291303|
1291328|
1291329|
1291330|
1291331|
1291332|
1291333|
1291334|
1291335|
1291360|
1291361|
1291362|
1291363|
1291364|
1291365|
1291366|
1291367|
1291392|
1291393|
1291394|
1291395|
1291396|
1291397|
1291398|
1291399|
1291424|
1291425|
1291426|
1291427|
1291428|
1291429|
1291430|
1291431|
1291456|
1291457|
1291458|
1291459|
1291460|
1291461|
1291462|
1291463|
1291488|
1291489|
1291490|
1291491|
1291492|
1291493|
1291494|
1291495|
1291520|
1291521|
1291522|
1291523|
1291524|
1291525|
1291526|
1291527|
1291552|
1291553|
1291554|
1291555|
1291556|
1291557|
1291558|
1291559|
1291584|
1291585|
1291586|
1291587|
1291588|
1291589|
1291590|
1291591|
1291616|
1291617|
1291618|
1291619|
1291620|
1291621|
1291622|
1291623|
1291648|
1291649|
1291650|
1291651|
1291652|
1291653|
1291654|
1291655|
1291680|
1291681|
1291682|
1291683|
1291684|
1291685|
1291686|
1291687|
1291712|
1291713|
1291714|
1291715|
1291716|
1291717|
1291718|
1291719|
1291744|
1291745|
1291746|
1291747|
1291748|
1291749|
1291750|
1291751|
1291776|
1291777|
1291778|
1291779|
1291780|
1291781|
1291782|
1291783|
1291808|
1291809|
1291810|
1291811|
1291812|
1291813|
1291814|
1291815|
1291840|
1291841|
1291842|
1291843|
1291844|
1291845|
1291846|
1291847|
1291872|
1291873|
1291874|
1291875|
1291876|
1291877|
1291878|
1291879|
1291904|
1291905|
1291906|
1291907|
1291908|
1291909|
1291910|
1291911|
1291936|
1291937|
1291938|
1291939|
1291940|
1291941|
1291942|
1291943|
1291968|
1291969|
1291970|
1291971|
1291972|
1291973|
1291974|
1291975|
1292000|
1292001|
1292002|
1292003|
1292004|
1292005|
1292006|
1292007|
1292032|
1292033|
1292034|
1292035|
1292036|
1292037|
1292038|
1292039|
1292064|
1292065|
1292066|
1292067|
1292068|
1292069|
1292070|
1292071|
1292096|
1292097|
1292098|
1292099|
1292100|
1292101|
1292102|
1292103|
1292128|
1292129|
1292130|
1292131|
1292132|
1292133|
1292134|
1292135|
1292160|
1292161|
1292162|
1292163|
1292164|
1292165|
1292166|
1292167|
1292192|
1292193|
1292194|
1292195|
1292196|
1292197|
1292198|
1292199|
1292224|
1292225|
1292226|
1292227|
1292228|
1292229|
1292230|
1292231|
1292256|
1292257|
1292258|
1292259|
1292260|
1292261|
1292262|
1292263|
1292288|
1292289|
1292290|
1292291|
1292292|
1292293|
1292294|
1292295|
1292320|
1292321|
1292322|
1292323|
1292324|
1292325|
1292326|
1292327|
1292352|
1292353|
1292354|
1292355|
1292356|
1292357|
1292358|
1292359|
1292384|
1292385|
1292386|
1292387|
1292388|
1292389|
1292390|
1292391|
1292416|
1292417|
1292418|
1292419|
1292420|
1292421|
1292422|
1292423|
1292448|
1292449|
1292450|
1292451|
1292452|
1292453|
1292454|
1292455|
1292480|
1292481|
1292482|
1292483|
1292484|
1292485|
1292486|
1292487|
1292512|
1292513|
1292514|
1292515|
1292516|
1292517|
1292518|
1292519|
1292544|
1292545|
1292546|
1292547|
1292548|
1292549|
1292550|
1292551|
1292576|
1292577|
1292578|
1292579|
1292580|
1292581|
1292582|
1292583|
1292608|
1292609|
1292610|
1292611|
1292612|
1292613|
1292614|
1292615|
1292640|
1292641|
1292642|
1292643|
1292644|
1292645|
1292646|
1292647|
1292672|
1292673|
1292674|
1292675|
1292676|
1292677|
1292678|
1292679|
1292704|
1292705|
1292706|
1292707|
1292708|
1292709|
1292710|
1292711|
1292736|
1292737|
1292738|
1292739|
1292740|
1292741|
1292742|
1292743|
1292768|
1292769|
1292770|
1292771|
1292772|
1292773|
1292774|
1292775|
1292800|
1292801|
1292802|
1292803|
1292804|
1292805|
1292806|
1292807|
1292832|
1292833|
1292834|
1292835|
1292836|
1292837|
1292838|
1292839|
1292864|
1292865|
1292866|
1292867|
1292868|
1292869|
1292870|
1292871|
1292896|
1292897|
1292898|
1292899|
1292900|
1292901|
1292902|
1292903|
1292928|
1292929|
1292930|
1292931|
1292932|
1292933|
1292934|
1292935|
1292960|
1292961|
1292962|
1292963|
1292964|
1292965|
1292966|
1292967|
1292992|
1292993|
1292994|
1292995|
1292996|
1292997|
1292998|
1292999|
1293024|
1293025|
1293026|
1293027|
1293028|
1293029|
1293030|
1293031|
1293056|
1293057|
1293058|
1293059|
1293060|
1293061|
1293062|
1293063|
1293088|
1293089|
1293090|
1293091|
1293092|
1293093|
1293094|
1293095|
1293120|
1293121|
1293122|
1293123|
1293124|
1293125|
1293126|
1293127|
1293152|
1293153|
1293154|
1293155|
1293156|
1293157|
1293158|
1293159|
1293184|
1293185|
1293186|
1293187|
1293188|
1293189|
1293190|
1293191|
1293216|
1293217|
1293218|
1293219|
1293220|
1293221|
1293222|
1293223|
1293248|
1293249|
1293250|
1293251|
1293252|
1293253|
1293254|
1293255|
1293280|
1293281|
1293282|
1293283|
1293284|
1293285|
1293286|
1293287|
1293312|
1293313|
1293314|
1293315|
1293316|
1293317|
1293318|
1293319|
1293344|
1293345|
1293346|
1293347|
1293348|
1293349|
1293350|
1293351|
1293376|
1293377|
1293378|
1293379|
1293380|
1293381|
1293382|
1293383|
1293408|
1293409|
1293410|
1293411|
1293412|
1293413|
1293414|
1293415|
1293440|
1293441|
1293442|
1293443|
1293444|
1293445|
1293446|
1293447|
1293472|
1293473|
1293474|
1293475|
1293476|
1293477|
1293478|
1293479|
1293504|
1293505|
1293506|
1293507|
1293508|
1293509|
1293510|
1293511|
1293536|
1293537|
1293538|
1293539|
1293540|
1293541|
1293542|
1293543|
1293568|
1293569|
1293570|
1293571|
1293572|
1293573|
1293574|
1293575|
1293600|
1293601|
1293602|
1293603|
1293604|
1293605|
1293606|
1293607|
1293632|
1293633|
1293634|
1293635|
1293636|
1293637|
1293638|
1293639|
1293664|
1293665|
1293666|
1293667|
1293668|
1293669|
1293670|
1293671|
1293696|
1293697|
1293698|
1293699|
1293700|
1293701|
1293702|
1293703|
1293728|
1293729|
1293730|
1293731|
1293732|
1293733|
1293734|
1293735|
1293760|
1293761|
1293762|
1293763|
1293764|
1293765|
1293766|
1293767|
1293792|
1293793|
1293794|
1293795|
1293796|
1293797|
1293798|
1293799|
1293824|
1293825|
1293826|
1293827|
1293828|
1293829|
1293830|
1293831|
1293856|
1293857|
1293858|
1293859|
1293860|
1293861|
1293862|
1293863|
1293888|
1293889|
1293890|
1293891|
1293892|
1293893|
1293894|
1293895|
1293920|
1293921|
1293922|
1293923|
1293924|
1293925|
1293926|
1293927|
1293952|
1293953|
1293954|
1293955|
1293956|
1293957|
1293958|
1293959|
1293984|
1293985|
1293986|
1293987|
1293988|
1293989|
1293990|
1293991|
1294016|
1294017|
1294018|
1294019|
1294020|
1294021|
1294022|
1294023|
1294048|
1294049|
1294050|
1294051|
1294052|
1294053|
1294054|
1294055|
1294080|
1294081|
1294082|
1294083|
1294084|
1294085|
1294086|
1294087|
1294112|
1294113|
1294114|
1294115|
1294116|
1294117|
1294118|
1294119|
1294144|
1294145|
1294146|
1294147|
1294148|
1294149|
1294150|
1294151|
1294176|
1294177|
1294178|
1294179|
1294180|
1294181|
1294182|
1294183|
1294208|
1294209|
1294210|
1294211|
1294212|
1294213|
1294214|
1294215|
1294240|
1294241|
1294242|
1294243|
1294244|
1294245|
1294246|
1294247|
1294272|
1294273|
1294274|
1294275|
1294276|
1294277|
1294278|
1294279|
1294304|
1294305|
1294306|
1294307|
1294308|
1294309|
1294310|
1294311|
1294336|
1294337|
1294338|
1294339|
1294340|
1294341|
1294342|
1294343|
1294368|
1294369|
1294370|
1294371|
1294372|
1294373|
1294374|
1294375|
1294400|
1294401|
1294402|
1294403|
1294404|
1294405|
1294406|
1294407|
1294432|
1294433|
1294434|
1294435|
1294436|
1294437|
1294438|
1294439|
1294464|
1294465|
1294466|
1294467|
1294468|
1294469|
1294470|
1294471|
1294496|
1294497|
1294498|
1294499|
1294500|
1294501|
1294502|
1294503|
1294528|
1294529|
1294530|
1294531|
1294532|
1294533|
1294534|
1294535|
1294560|
1294561|
1294562|
1294563|
1294564|
1294565|
1294566|
1294567|
1294592|
1294593|
1294594|
1294595|
1294596|
1294597|
1294598|
1294599|
1294624|
1294625|
1294626|
1294627|
1294628|
1294629|
1294630|
1294631|
1294656|
1294657|
1294658|
1294659|
1294660|
1294661|
1294662|
1294663|
1294688|
1294689|
1294690|
1294691|
1294692|
1294693|
1294694|
1294695|
1294720|
1294721|
1294722|
1294723|
1294724|
1294725|
1294726|
1294727|
1294752|
1294753|
1294754|
1294755|
1294756|
1294757|
1294758|
1294759|
1294784|
1294785|
1294786|
1294787|
1294788|
1294789|
1294790|
1294791|
1294816|
1294817|
1294818|
1294819|
1294820|
1294821|
1294822|
1294823|
1294848|
1294849|
1294850|
1294851|
1294852|
1294853|
1294854|
1294855|
1294880|
1294881|
1294882|
1294883|
1294884|
1294885|
1294886|
1294887|
1294912|
1294913|
1294914|
1294915|
1294916|
1294917|
1294918|
1294919|
1294944|
1294945|
1294946|
1294947|
1294948|
1294949|
1294950|
1294951|
1294976|
1294977|
1294978|
1294979|
1294980|
1294981|
1294982|
1294983|
1295008|
1295009|
1295010|
1295011|
1295012|
1295013|
1295014|
1295015|
1295040|
1295041|
1295042|
1295043|
1295044|
1295045|
1295046|
1295047|
1295072|
1295073|
1295074|
1295075|
1295076|
1295077|
1295078|
1295079|
1295104|
1295105|
1295106|
1295107|
1295108|
1295109|
1295110|
1295111|
1295136|
1295137|
1295138|
1295139|
1295140|
1295141|
1295142|
1295143|
1295168|
1295169|
1295170|
1295171|
1295172|
1295173|
1295174|
1295175|
1295200|
1295201|
1295202|
1295203|
1295204|
1295205|
1295206|
1295207|
1295232|
1295233|
1295234|
1295235|
1295236|
1295237|
1295238|
1295239|
1295264|
1295265|
1295266|
1295267|
1295268|
1295269|
1295270|
1295271|
1295296|
1295297|
1295298|
1295299|
1295300|
1295301|
1295302|
1295303|
1295328|
1295329|
1295330|
1295331|
1295332|
1295333|
1295334|
1295335|
1295360|
1295361|
1295362|
1295363|
1295364|
1295365|
1295366|
1295367|
1295392|
1295393|
1295394|
1295395|
1295396|
1295397|
1295398|
1295399|
1295424|
1295425|
1295426|
1295427|
1295428|
1295429|
1295430|
1295431|
1295456|
1295457|
1295458|
1295459|
1295460|
1295461|
1295462|
1295463|
1295488|
1295489|
1295490|
1295491|
1295492|
1295493|
1295494|
1295495|
1295520|
1295521|
1295522|
1295523|
1295524|
1295525|
1295526|
1295527|
1295552|
1295553|
1295554|
1295555|
1295556|
1295557|
1295558|
1295559|
1295584|
1295585|
1295586|
1295587|
1295588|
1295589|
1295590|
1295591|
1295616|
1295617|
1295618|
1295619|
1295620|
1295621|
1295622|
1295623|
1295648|
1295649|
1295650|
1295651|
1295652|
1295653|
1295654|
1295655|
1295680|
1295681|
1295682|
1295683|
1295684|
1295685|
1295686|
1295687|
1295712|
1295713|
1295714|
1295715|
1295716|
1295717|
1295718|
1295719|
1295744|
1295745|
1295746|
1295747|
1295748|
1295749|
1295750|
1295751|
1295776|
1295777|
1295778|
1295779|
1295780|
1295781|
1295782|
1295783|
1295808|
1295809|
1295810|
1295811|
1295812|
1295813|
1295814|
1295815|
1295840|
1295841|
1295842|
1295843|
1295844|
1295845|
1295846|
1295847|
1295872|
1295873|
1295874|
1295875|
1295876|
1295877|
1295878|
1295879|
1295904|
1295905|
1295906|
1295907|
1295908|
1295909|
1295910|
1295911|
1295936|
1295937|
1295938|
1295939|
1295940|
1295941|
1295942|
1295943|
1295968|
1295969|
1295970|
1295971|
1295972|
1295973|
1295974|
1295975|
1296000|
