1337989|
1337990|
1337991|
1338016|
1338017|
1338018|
1338019|
1338020|
1338021|
1338022|
1338023|
1338048|
1338049|
1338050|
1338051|
1338052|
1338053|
1338054|
1338055|
1338080|
1338081|
1338082|
1338083|
1338084|
1338085|
1338086|
1338087|
1338112|
1338113|
1338114|
1338115|
1338116|
1338117|
1338118|
1338119|
1338144|
1338145|
1338146|
1338147|
1338148|
1338149|
1338150|
1338151|
1338176|
1338177|
1338178|
1338179|
1338180|
1338181|
1338182|
1338183|
1338208|
1338209|
1338210|
1338211|
1338212|
1338213|
1338214|
1338215|
1338240|
1338241|
1338242|
1338243|
1338244|
1338245|
1338246|
1338247|
1338272|
1338273|
1338274|
1338275|
1338276|
1338277|
1338278|
1338279|
1338304|
1338305|
1338306|
1338307|
1338308|
1338309|
1338310|
1338311|
1338336|
1338337|
1338338|
1338339|
1338340|
1338341|
1338342|
1338343|
1338368|
1338369|
1338370|
1338371|
1338372|
1338373|
1338374|
1338375|
1338400|
1338401|
1338402|
1338403|
1338404|
1338405|
1338406|
1338407|
1338432|
1338433|
1338434|
1338435|
1338436|
1338437|
1338438|
1338439|
1338464|
1338465|
1338466|
1338467|
1338468|
1338469|
1338470|
1338471|
1338496|
1338497|
1338498|
1338499|
1338500|
1338501|
1338502|
1338503|
1338528|
1338529|
1338530|
1338531|
1338532|
1338533|
1338534|
1338535|
1338560|
1338561|
1338562|
1338563|
1338564|
1338565|
1338566|
1338567|
1338592|
1338593|
1338594|
1338595|
1338596|
1338597|
1338598|
1338599|
1338624|
1338625|
1338626|
1338627|
1338628|
1338629|
1338630|
1338631|
1338656|
1338657|
1338658|
1338659|
1338660|
1338661|
1338662|
1338663|
1338688|
1338689|
1338690|
1338691|
1338692|
1338693|
1338694|
1338695|
1338720|
1338721|
1338722|
1338723|
1338724|
1338725|
1338726|
1338727|
1338752|
1338753|
1338754|
1338755|
1338756|
1338757|
1338758|
1338759|
1338784|
1338785|
1338786|
1338787|
1338788|
1338789|
1338790|
1338791|
1338816|
1338817|
1338818|
1338819|
1338820|
1338821|
1338822|
1338823|
1338848|
1338849|
1338850|
1338851|
1338852|
1338853|
1338854|
1338855|
1338880|
1338881|
1338882|
1338883|
1338884|
1338885|
1338886|
1338887|
1338912|
1338913|
1338914|
1338915|
1338916|
1338917|
1338918|
1338919|
1338944|
1338945|
1338946|
1338947|
1338948|
1338949|
1338950|
1338951|
1338976|
1338977|
1338978|
1338979|
1338980|
1338981|
1338982|
1338983|
1339008|
1339009|
1339010|
1339011|
1339012|
1339013|
1339014|
1339015|
1339040|
1339041|
1339042|
1339043|
1339044|
1339045|
1339046|
1339047|
1339072|
1339073|
1339074|
1339075|
1339076|
1339077|
1339078|
1339079|
1339104|
1339105|
1339106|
1339107|
1339108|
1339109|
1339110|
1339111|
1339136|
1339137|
1339138|
1339139|
1339140|
1339141|
1339142|
1339143|
1339168|
1339169|
1339170|
1339171|
1339172|
1339173|
1339174|
1339175|
1339200|
1339201|
1339202|
1339203|
1339204|
1339205|
1339206|
1339207|
1339232|
1339233|
1339234|
1339235|
1339236|
1339237|
1339238|
1339239|
1339264|
1339265|
1339266|
1339267|
1339268|
1339269|
1339270|
1339271|
1339296|
1339297|
1339298|
1339299|
1339300|
1339301|
1339302|
1339303|
1339328|
1339329|
1339330|
1339331|
1339332|
1339333|
1339334|
1339335|
1339360|
1339361|
1339362|
1339363|
1339364|
1339365|
1339366|
1339367|
1339392|
1339393|
1339394|
1339395|
1339396|
1339397|
1339398|
1339399|
1339424|
1339425|
1339426|
1339427|
1339428|
1339429|
1339430|
1339431|
1339456|
1339457|
1339458|
1339459|
1339460|
1339461|
1339462|
1339463|
1339488|
1339489|
1339490|
1339491|
1339492|
1339493|
1339494|
1339495|
1339520|
1339521|
1339522|
1339523|
1339524|
1339525|
1339526|
1339527|
1339552|
1339553|
1339554|
1339555|
1339556|
1339557|
1339558|
1339559|
1339584|
1339585|
1339586|
1339587|
1339588|
1339589|
1339590|
1339591|
1339616|
1339617|
1339618|
1339619|
1339620|
1339621|
1339622|
1339623|
1339648|
1339649|
1339650|
1339651|
1339652|
1339653|
1339654|
1339655|
1339680|
1339681|
1339682|
1339683|
1339684|
1339685|
1339686|
1339687|
1339712|
1339713|
1339714|
1339715|
1339716|
1339717|
1339718|
1339719|
1339744|
1339745|
1339746|
1339747|
1339748|
1339749|
1339750|
1339751|
1339776|
1339777|
1339778|
1339779|
1339780|
1339781|
1339782|
1339783|
1339808|
1339809|
1339810|
1339811|
1339812|
1339813|
1339814|
1339815|
1339840|
1339841|
1339842|
1339843|
1339844|
1339845|
1339846|
1339847|
1339872|
1339873|
1339874|
1339875|
1339876|
1339877|
1339878|
1339879|
1339904|
1339905|
1339906|
1339907|
1339908|
1339909|
1339910|
1339911|
1339936|
1339937|
1339938|
1339939|
1339940|
1339941|
1339942|
1339943|
1339968|
1339969|
1339970|
1339971|
1339972|
1339973|
1339974|
1339975|
1340000|
1340001|
1340002|
1340003|
1340004|
1340005|
1340006|
1340007|
1340032|
1340033|
1340034|
1340035|
1340036|
1340037|
1340038|
1340039|
1340064|
1340065|
1340066|
1340067|
1340068|
1340069|
1340070|
1340071|
1340096|
1340097|
1340098|
1340099|
1340100|
1340101|
1340102|
1340103|
1340128|
1340129|
1340130|
1340131|
1340132|
1340133|
1340134|
1340135|
1340160|
1340161|
1340162|
1340163|
1340164|
1340165|
1340166|
1340167|
1340192|
1340193|
1340194|
1340195|
1340196|
1340197|
1340198|
1340199|
1340224|
1340225|
1340226|
1340227|
1340228|
1340229|
1340230|
1340231|
1340256|
1340257|
1340258|
1340259|
1340260|
1340261|
1340262|
1340263|
1340288|
1340289|
1340290|
1340291|
1340292|
1340293|
1340294|
1340295|
1340320|
1340321|
1340322|
1340323|
1340324|
1340325|
1340326|
1340327|
1340352|
1340353|
1340354|
1340355|
1340356|
1340357|
1340358|
1340359|
1340384|
1340385|
1340386|
1340387|
1340388|
1340389|
1340390|
1340391|
1340416|
1340417|
1340418|
1340419|
1340420|
1340421|
1340422|
1340423|
1340448|
1340449|
1340450|
1340451|
1340452|
1340453|
1340454|
1340455|
1340480|
1340481|
1340482|
1340483|
1340484|
1340485|
1340486|
1340487|
1340512|
1340513|
1340514|
1340515|
1340516|
1340517|
1340518|
1340519|
1340544|
1340545|
1340546|
1340547|
1340548|
1340549|
1340550|
1340551|
1340576|
1340577|
1340578|
1340579|
1340580|
1340581|
1340582|
1340583|
1340608|
1340609|
1340610|
1340611|
1340612|
1340613|
1340614|
1340615|
1340640|
1340641|
1340642|
1340643|
1340644|
1340645|
1340646|
1340647|
1340672|
1340673|
1340674|
1340675|
1340676|
1340677|
1340678|
1340679|
1340704|
1340705|
1340706|
1340707|
1340708|
1340709|
1340710|
1340711|
1340736|
1340737|
1340738|
1340739|
1340740|
1340741|
1340742|
1340743|
1340768|
1340769|
1340770|
1340771|
1340772|
1340773|
1340774|
1340775|
1340800|
1340801|
1340802|
1340803|
1340804|
1340805|
1340806|
1340807|
1340832|
1340833|
1340834|
1340835|
1340836|
1340837|
1340838|
1340839|
1340864|
1340865|
1340866|
1340867|
1340868|
1340869|
1340870|
1340871|
1340896|
1340897|
1340898|
1340899|
1340900|
1340901|
1340902|
1340903|
1340928|
1340929|
1340930|
1340931|
1340932|
1340933|
1340934|
1340935|
1340960|
1340961|
1340962|
1340963|
1340964|
1340965|
1340966|
1340967|
1340992|
1340993|
1340994|
1340995|
1340996|
1340997|
1340998|
1340999|
1341024|
1341025|
1341026|
1341027|
1341028|
1341029|
1341030|
1341031|
1341056|
1341057|
1341058|
1341059|
1341060|
1341061|
1341062|
1341063|
1341088|
1341089|
1341090|
1341091|
1341092|
1341093|
1341094|
1341095|
1341120|
1341121|
1341122|
1341123|
1341124|
1341125|
1341126|
1341127|
1341152|
1341153|
1341154|
1341155|
1341156|
1341157|
1341158|
1341159|
1341184|
1341185|
1341186|
1341187|
1341188|
1341189|
1341190|
1341191|
1341216|
1341217|
1341218|
1341219|
1341220|
1341221|
1341222|
1341223|
1341248|
1341249|
1341250|
1341251|
1341252|
1341253|
1341254|
1341255|
1341280|
1341281|
1341282|
1341283|
1341284|
1341285|
1341286|
1341287|
1341312|
1341313|
1341314|
1341315|
1341316|
1341317|
1341318|
1341319|
1341344|
1341345|
1341346|
1341347|
1341348|
1341349|
1341350|
1341351|
1341376|
1341377|
1341378|
1341379|
1341380|
1341381|
1341382|
1341383|
1341408|
1341409|
1341410|
1341411|
1341412|
1341413|
1341414|
1341415|
1341440|
1341441|
1341442|
1341443|
1341444|
1341445|
1341446|
1341447|
1341472|
1341473|
1341474|
1341475|
1341476|
1341477|
1341478|
1341479|
1341504|
1341505|
1341506|
1341507|
1341508|
1341509|
1341510|
1341511|
1341536|
1341537|
1341538|
1341539|
1341540|
1341541|
1341542|
1341543|
1341568|
1341569|
1341570|
1341571|
1341572|
1341573|
1341574|
1341575|
1341600|
1341601|
1341602|
1341603|
1341604|
1341605|
1341606|
1341607|
1341632|
1341633|
1341634|
1341635|
1341636|
1341637|
1341638|
1341639|
1341664|
1341665|
1341666|
1341667|
1341668|
1341669|
1341670|
1341671|
1341696|
1341697|
1341698|
1341699|
1341700|
1341701|
1341702|
1341703|
1341728|
1341729|
1341730|
1341731|
1341732|
1341733|
1341734|
1341735|
1341760|
1341761|
1341762|
1341763|
1341764|
1341765|
1341766|
1341767|
1341792|
1341793|
1341794|
1341795|
1341796|
1341797|
1341798|
1341799|
1341824|
1341825|
1341826|
1341827|
1341828|
1341829|
1341830|
1341831|
1341856|
1341857|
1341858|
1341859|
1341860|
1341861|
1341862|
1341863|
1341888|
1341889|
1341890|
1341891|
1341892|
1341893|
1341894|
1341895|
1341920|
1341921|
1341922|
1341923|
1341924|
1341925|
1341926|
1341927|
1341952|
1341953|
1341954|
1341955|
1341956|
1341957|
1341958|
1341959|
1341984|
1341985|
1341986|
1341987|
1341988|
1341989|
1341990|
1341991|
1342016|
1342017|
1342018|
1342019|
1342020|
1342021|
1342022|
1342023|
1342048|
1342049|
1342050|
1342051|
1342052|
1342053|
1342054|
1342055|
1342080|
1342081|
1342082|
1342083|
1342084|
1342085|
1342086|
1342087|
1342112|
1342113|
1342114|
1342115|
1342116|
1342117|
1342118|
1342119|
1342144|
1342145|
1342146|
1342147|
1342148|
1342149|
1342150|
1342151|
1342176|
1342177|
1342178|
1342179|
1342180|
1342181|
1342182|
1342183|
1342208|
1342209|
1342210|
1342211|
1342212|
1342213|
1342214|
1342215|
1342240|
1342241|
1342242|
1342243|
1342244|
1342245|
1342246|
1342247|
1342272|
1342273|
1342274|
1342275|
1342276|
1342277|
1342278|
1342279|
1342304|
1342305|
1342306|
1342307|
1342308|
1342309|
1342310|
1342311|
1342336|
1342337|
1342338|
1342339|
1342340|
1342341|
1342342|
1342343|
1342368|
1342369|
1342370|
1342371|
1342372|
1342373|
1342374|
1342375|
1342400|
1342401|
1342402|
1342403|
1342404|
1342405|
1342406|
1342407|
1342432|
1342433|
1342434|
1342435|
1342436|
1342437|
1342438|
1342439|
1342464|
1342465|
1342466|
1342467|
1342468|
1342469|
1342470|
1342471|
1342496|
1342497|
1342498|
1342499|
1342500|
1342501|
1342502|
1342503|
1342528|
1342529|
1342530|
1342531|
1342532|
1342533|
1342534|
1342535|
1342560|
1342561|
1342562|
1342563|
1342564|
1342565|
1342566|
1342567|
1342592|
1342593|
1342594|
1342595|
1342596|
1342597|
1342598|
1342599|
1342624|
1342625|
1342626|
1342627|
1342628|
1342629|
1342630|
1342631|
1342656|
1342657|
1342658|
1342659|
1342660|
1342661|
1342662|
1342663|
1342688|
1342689|
1342690|
1342691|
1342692|
1342693|
1342694|
1342695|
1342720|
1342721|
1342722|
1342723|
1342724|
1342725|
1342726|
1342727|
1342752|
1342753|
1342754|
1342755|
1342756|
1342757|
1342758|
1342759|
1342784|
1342785|
1342786|
1342787|
1342788|
1342789|
1342790|
1342791|
1342816|
1342817|
1342818|
1342819|
1342820|
1342821|
1342822|
1342823|
1342848|
1342849|
1342850|
1342851|
1342852|
1342853|
1342854|
1342855|
1342880|
1342881|
1342882|
1342883|
1342884|
1342885|
1342886|
1342887|
1342912|
1342913|
1342914|
1342915|
1342916|
1342917|
1342918|
1342919|
1342944|
1342945|
1342946|
1342947|
1342948|
1342949|
1342950|
1342951|
1342976|
1342977|
1342978|
1342979|
1342980|
1342981|
1342982|
1342983|
1343008|
1343009|
1343010|
1343011|
1343012|
1343013|
1343014|
1343015|
1343040|
1343041|
1343042|
1343043|
1343044|
1343045|
1343046|
1343047|
1343072|
1343073|
1343074|
1343075|
1343076|
1343077|
1343078|
1343079|
1343104|
1343105|
1343106|
1343107|
1343108|
1343109|
1343110|
1343111|
1343136|
1343137|
1343138|
1343139|
1343140|
1343141|
1343142|
1343143|
1343168|
1343169|
1343170|
1343171|
1343172|
1343173|
1343174|
1343175|
1343200|
1343201|
1343202|
1343203|
1343204|
1343205|
1343206|
1343207|
1343232|
1343233|
1343234|
1343235|
1343236|
1343237|
1343238|
1343239|
1343264|
1343265|
1343266|
1343267|
1343268|
1343269|
1343270|
1343271|
1343296|
1343297|
1343298|
1343299|
1343300|
1343301|
1343302|
1343303|
1343328|
1343329|
1343330|
1343331|
1343332|
1343333|
1343334|
1343335|
1343360|
1343361|
1343362|
1343363|
1343364|
1343365|
1343366|
1343367|
1343392|
1343393|
1343394|
1343395|
1343396|
1343397|
1343398|
1343399|
1343424|
1343425|
1343426|
1343427|
1343428|
1343429|
1343430|
1343431|
1343456|
1343457|
1343458|
1343459|
1343460|
1343461|
1343462|
1343463|
1343488|
1343489|
1343490|
1343491|
1343492|
1343493|
1343494|
1343495|
1343520|
1343521|
1343522|
1343523|
1343524|
1343525|
1343526|
1343527|
1343552|
1343553|
1343554|
1343555|
1343556|
1343557|
1343558|
1343559|
1343584|
1343585|
1343586|
1343587|
1343588|
1343589|
1343590|
1343591|
1343616|
1343617|
1343618|
1343619|
1343620|
1343621|
1343622|
1343623|
1343648|
1343649|
1343650|
1343651|
1343652|
1343653|
1343654|
1343655|
1343680|
1343681|
1343682|
1343683|
1343684|
1343685|
1343686|
1343687|
1343712|
1343713|
1343714|
1343715|
1343716|
1343717|
1343718|
1343719|
1343744|
1343745|
1343746|
1343747|
1343748|
1343749|
1343750|
1343751|
1343776|
1343777|
1343778|
1343779|
1343780|
1343781|
1343782|
1343783|
1343808|
1343809|
1343810|
1343811|
1343812|
1343813|
1343814|
1343815|
1343840|
1343841|
1343842|
1343843|
1343844|
1343845|
1343846|
1343847|
1343872|
1343873|
1343874|
1343875|
1343876|
1343877|
1343878|
1343879|
1343904|
1343905|
1343906|
1343907|
1343908|
1343909|
1343910|
1343911|
1343936|
1343937|
1343938|
1343939|
1343940|
1343941|
1343942|
1343943|
1343968|
1343969|
1343970|
1343971|
1343972|
1343973|
1343974|
1343975|
1344000|
