180001|
180002|
180003|
180004|
180005|
180006|
180007|
180032|
180033|
180034|
180035|
180036|
180037|
180038|
180039|
180064|
180065|
180066|
180067|
180068|
180069|
180070|
180071|
180096|
180097|
180098|
180099|
180100|
180101|
180102|
180103|
180128|
180129|
180130|
180131|
180132|
180133|
180134|
180135|
180160|
180161|
180162|
180163|
180164|
180165|
180166|
180167|
180192|
180193|
180194|
180195|
180196|
180197|
180198|
180199|
180224|
180225|
180226|
180227|
180228|
180229|
180230|
180231|
180256|
180257|
180258|
180259|
180260|
180261|
180262|
180263|
180288|
180289|
180290|
180291|
180292|
180293|
180294|
180295|
180320|
180321|
180322|
180323|
180324|
180325|
180326|
180327|
180352|
180353|
180354|
180355|
180356|
180357|
180358|
180359|
180384|
180385|
180386|
180387|
180388|
180389|
180390|
180391|
180416|
180417|
180418|
180419|
180420|
180421|
180422|
180423|
180448|
180449|
180450|
180451|
180452|
180453|
180454|
180455|
180480|
180481|
180482|
180483|
180484|
180485|
180486|
180487|
180512|
180513|
180514|
180515|
180516|
180517|
180518|
180519|
180544|
180545|
180546|
180547|
180548|
180549|
180550|
180551|
180576|
180577|
180578|
180579|
180580|
180581|
180582|
180583|
180608|
180609|
180610|
180611|
180612|
180613|
180614|
180615|
180640|
180641|
180642|
180643|
180644|
180645|
180646|
180647|
180672|
180673|
180674|
180675|
180676|
180677|
180678|
180679|
180704|
180705|
180706|
180707|
180708|
180709|
180710|
180711|
180736|
180737|
180738|
180739|
180740|
180741|
180742|
180743|
180768|
180769|
180770|
180771|
180772|
180773|
180774|
180775|
180800|
180801|
180802|
180803|
180804|
180805|
180806|
180807|
180832|
180833|
180834|
180835|
180836|
180837|
180838|
180839|
180864|
180865|
180866|
180867|
180868|
180869|
180870|
180871|
180896|
180897|
180898|
180899|
180900|
180901|
180902|
180903|
180928|
180929|
180930|
180931|
180932|
180933|
180934|
180935|
180960|
180961|
180962|
180963|
180964|
180965|
180966|
180967|
180992|
180993|
180994|
180995|
180996|
180997|
180998|
180999|
181024|
181025|
181026|
181027|
181028|
181029|
181030|
181031|
181056|
181057|
181058|
181059|
181060|
181061|
181062|
181063|
181088|
181089|
181090|
181091|
181092|
181093|
181094|
181095|
181120|
181121|
181122|
181123|
181124|
181125|
181126|
181127|
181152|
181153|
181154|
181155|
181156|
181157|
181158|
181159|
181184|
181185|
181186|
181187|
181188|
181189|
181190|
181191|
181216|
181217|
181218|
181219|
181220|
181221|
181222|
181223|
181248|
181249|
181250|
181251|
181252|
181253|
181254|
181255|
181280|
181281|
181282|
181283|
181284|
181285|
181286|
181287|
181312|
181313|
181314|
181315|
181316|
181317|
181318|
181319|
181344|
181345|
181346|
181347|
181348|
181349|
181350|
181351|
181376|
181377|
181378|
181379|
181380|
181381|
181382|
181383|
181408|
181409|
181410|
181411|
181412|
181413|
181414|
181415|
181440|
181441|
181442|
181443|
181444|
181445|
181446|
181447|
181472|
181473|
181474|
181475|
181476|
181477|
181478|
181479|
181504|
181505|
181506|
181507|
181508|
181509|
181510|
181511|
181536|
181537|
181538|
181539|
181540|
181541|
181542|
181543|
181568|
181569|
181570|
181571|
181572|
181573|
181574|
181575|
181600|
181601|
181602|
181603|
181604|
181605|
181606|
181607|
181632|
181633|
181634|
181635|
181636|
181637|
181638|
181639|
181664|
181665|
181666|
181667|
181668|
181669|
181670|
181671|
181696|
181697|
181698|
181699|
181700|
181701|
181702|
181703|
181728|
181729|
181730|
181731|
181732|
181733|
181734|
181735|
181760|
181761|
181762|
181763|
181764|
181765|
181766|
181767|
181792|
181793|
181794|
181795|
181796|
181797|
181798|
181799|
181824|
181825|
181826|
181827|
181828|
181829|
181830|
181831|
181856|
181857|
181858|
181859|
181860|
181861|
181862|
181863|
181888|
181889|
181890|
181891|
181892|
181893|
181894|
181895|
181920|
181921|
181922|
181923|
181924|
181925|
181926|
181927|
181952|
181953|
181954|
181955|
181956|
181957|
181958|
181959|
181984|
181985|
181986|
181987|
181988|
181989|
181990|
181991|
182016|
182017|
182018|
182019|
182020|
182021|
182022|
182023|
182048|
182049|
182050|
182051|
182052|
182053|
182054|
182055|
182080|
182081|
182082|
182083|
182084|
182085|
182086|
182087|
182112|
182113|
182114|
182115|
182116|
182117|
182118|
182119|
182144|
182145|
182146|
182147|
182148|
182149|
182150|
182151|
182176|
182177|
182178|
182179|
182180|
182181|
182182|
182183|
182208|
182209|
182210|
182211|
182212|
182213|
182214|
182215|
182240|
182241|
182242|
182243|
182244|
182245|
182246|
182247|
182272|
182273|
182274|
182275|
182276|
182277|
182278|
182279|
182304|
182305|
182306|
182307|
182308|
182309|
182310|
182311|
182336|
182337|
182338|
182339|
182340|
182341|
182342|
182343|
182368|
182369|
182370|
182371|
182372|
182373|
182374|
182375|
182400|
182401|
182402|
182403|
182404|
182405|
182406|
182407|
182432|
182433|
182434|
182435|
182436|
182437|
182438|
182439|
182464|
182465|
182466|
182467|
182468|
182469|
182470|
182471|
182496|
182497|
182498|
182499|
182500|
182501|
182502|
182503|
182528|
182529|
182530|
182531|
182532|
182533|
182534|
182535|
182560|
182561|
182562|
182563|
182564|
182565|
182566|
182567|
182592|
182593|
182594|
182595|
182596|
182597|
182598|
182599|
182624|
182625|
182626|
182627|
182628|
182629|
182630|
182631|
182656|
182657|
182658|
182659|
182660|
182661|
182662|
182663|
182688|
182689|
182690|
182691|
182692|
182693|
182694|
182695|
182720|
182721|
182722|
182723|
182724|
182725|
182726|
182727|
182752|
182753|
182754|
182755|
182756|
182757|
182758|
182759|
182784|
182785|
182786|
182787|
182788|
182789|
182790|
182791|
182816|
182817|
182818|
182819|
182820|
182821|
182822|
182823|
182848|
182849|
182850|
182851|
182852|
182853|
182854|
182855|
182880|
182881|
182882|
182883|
182884|
182885|
182886|
182887|
182912|
182913|
182914|
182915|
182916|
182917|
182918|
182919|
182944|
182945|
182946|
182947|
182948|
182949|
182950|
182951|
182976|
182977|
182978|
182979|
182980|
182981|
182982|
182983|
183008|
183009|
183010|
183011|
183012|
183013|
183014|
183015|
183040|
183041|
183042|
183043|
183044|
183045|
183046|
183047|
183072|
183073|
183074|
183075|
183076|
183077|
183078|
183079|
183104|
183105|
183106|
183107|
183108|
183109|
183110|
183111|
183136|
183137|
183138|
183139|
183140|
183141|
183142|
183143|
183168|
183169|
183170|
183171|
183172|
183173|
183174|
183175|
183200|
183201|
183202|
183203|
183204|
183205|
183206|
183207|
183232|
183233|
183234|
183235|
183236|
183237|
183238|
183239|
183264|
183265|
183266|
183267|
183268|
183269|
183270|
183271|
183296|
183297|
183298|
183299|
183300|
183301|
183302|
183303|
183328|
183329|
183330|
183331|
183332|
183333|
183334|
183335|
183360|
183361|
183362|
183363|
183364|
183365|
183366|
183367|
183392|
183393|
183394|
183395|
183396|
183397|
183398|
183399|
183424|
183425|
183426|
183427|
183428|
183429|
183430|
183431|
183456|
183457|
183458|
183459|
183460|
183461|
183462|
183463|
183488|
183489|
183490|
183491|
183492|
183493|
183494|
183495|
183520|
183521|
183522|
183523|
183524|
183525|
183526|
183527|
183552|
183553|
183554|
183555|
183556|
183557|
183558|
183559|
183584|
183585|
183586|
183587|
183588|
183589|
183590|
183591|
183616|
183617|
183618|
183619|
183620|
183621|
183622|
183623|
183648|
183649|
183650|
183651|
183652|
183653|
183654|
183655|
183680|
183681|
183682|
183683|
183684|
183685|
183686|
183687|
183712|
183713|
183714|
183715|
183716|
183717|
183718|
183719|
183744|
183745|
183746|
183747|
183748|
183749|
183750|
183751|
183776|
183777|
183778|
183779|
183780|
183781|
183782|
183783|
183808|
183809|
183810|
183811|
183812|
183813|
183814|
183815|
183840|
183841|
183842|
183843|
183844|
183845|
183846|
183847|
183872|
183873|
183874|
183875|
183876|
183877|
183878|
183879|
183904|
183905|
183906|
183907|
183908|
183909|
183910|
183911|
183936|
183937|
183938|
183939|
183940|
183941|
183942|
183943|
183968|
183969|
183970|
183971|
183972|
183973|
183974|
183975|
184000|
184001|
184002|
184003|
184004|
184005|
184006|
184007|
184032|
184033|
184034|
184035|
184036|
184037|
184038|
184039|
184064|
184065|
184066|
184067|
184068|
184069|
184070|
184071|
184096|
184097|
184098|
184099|
184100|
184101|
184102|
184103|
184128|
184129|
184130|
184131|
184132|
184133|
184134|
184135|
184160|
184161|
184162|
184163|
184164|
184165|
184166|
184167|
184192|
184193|
184194|
184195|
184196|
184197|
184198|
184199|
184224|
184225|
184226|
184227|
184228|
184229|
184230|
184231|
184256|
184257|
184258|
184259|
184260|
184261|
184262|
184263|
184288|
184289|
184290|
184291|
184292|
184293|
184294|
184295|
184320|
184321|
184322|
184323|
184324|
184325|
184326|
184327|
184352|
184353|
184354|
184355|
184356|
184357|
184358|
184359|
184384|
184385|
184386|
184387|
184388|
184389|
184390|
184391|
184416|
184417|
184418|
184419|
184420|
184421|
184422|
184423|
184448|
184449|
184450|
184451|
184452|
184453|
184454|
184455|
184480|
184481|
184482|
184483|
184484|
184485|
184486|
184487|
184512|
184513|
184514|
184515|
184516|
184517|
184518|
184519|
184544|
184545|
184546|
184547|
184548|
184549|
184550|
184551|
184576|
184577|
184578|
184579|
184580|
184581|
184582|
184583|
184608|
184609|
184610|
184611|
184612|
184613|
184614|
184615|
184640|
184641|
184642|
184643|
184644|
184645|
184646|
184647|
184672|
184673|
184674|
184675|
184676|
184677|
184678|
184679|
184704|
184705|
184706|
184707|
184708|
184709|
184710|
184711|
184736|
184737|
184738|
184739|
184740|
184741|
184742|
184743|
184768|
184769|
184770|
184771|
184772|
184773|
184774|
184775|
184800|
184801|
184802|
184803|
184804|
184805|
184806|
184807|
184832|
184833|
184834|
184835|
184836|
184837|
184838|
184839|
184864|
184865|
184866|
184867|
184868|
184869|
184870|
184871|
184896|
184897|
184898|
184899|
184900|
184901|
184902|
184903|
184928|
184929|
184930|
184931|
184932|
184933|
184934|
184935|
184960|
184961|
184962|
184963|
184964|
184965|
184966|
184967|
184992|
184993|
184994|
184995|
184996|
184997|
184998|
184999|
185024|
185025|
185026|
185027|
185028|
185029|
185030|
185031|
185056|
185057|
185058|
185059|
185060|
185061|
185062|
185063|
185088|
185089|
185090|
185091|
185092|
185093|
185094|
185095|
185120|
185121|
185122|
185123|
185124|
185125|
185126|
185127|
185152|
185153|
185154|
185155|
185156|
185157|
185158|
185159|
185184|
185185|
185186|
185187|
185188|
185189|
185190|
185191|
185216|
185217|
185218|
185219|
185220|
185221|
185222|
185223|
185248|
185249|
185250|
185251|
185252|
185253|
185254|
185255|
185280|
185281|
185282|
185283|
185284|
185285|
185286|
185287|
185312|
185313|
185314|
185315|
185316|
185317|
185318|
185319|
185344|
185345|
185346|
185347|
185348|
185349|
185350|
185351|
185376|
185377|
185378|
185379|
185380|
185381|
185382|
185383|
185408|
185409|
185410|
185411|
185412|
185413|
185414|
185415|
185440|
185441|
185442|
185443|
185444|
185445|
185446|
185447|
185472|
185473|
185474|
185475|
185476|
185477|
185478|
185479|
185504|
185505|
185506|
185507|
185508|
185509|
185510|
185511|
185536|
185537|
185538|
185539|
185540|
185541|
185542|
185543|
185568|
185569|
185570|
185571|
185572|
185573|
185574|
185575|
185600|
185601|
185602|
185603|
185604|
185605|
185606|
185607|
185632|
185633|
185634|
185635|
185636|
185637|
185638|
185639|
185664|
185665|
185666|
185667|
185668|
185669|
185670|
185671|
185696|
185697|
185698|
185699|
185700|
185701|
185702|
185703|
185728|
185729|
185730|
185731|
185732|
185733|
185734|
185735|
185760|
185761|
185762|
185763|
185764|
185765|
185766|
185767|
185792|
185793|
185794|
185795|
185796|
185797|
185798|
185799|
185824|
185825|
185826|
185827|
185828|
185829|
185830|
185831|
185856|
185857|
185858|
185859|
185860|
185861|
185862|
185863|
185888|
185889|
185890|
185891|
185892|
185893|
185894|
185895|
185920|
185921|
185922|
185923|
185924|
185925|
185926|
185927|
185952|
185953|
185954|
185955|
185956|
185957|
185958|
185959|
185984|
185985|
185986|
185987|
185988|
