365989|
365990|
365991|
366016|
366017|
366018|
366019|
366020|
366021|
366022|
366023|
366048|
366049|
366050|
366051|
366052|
366053|
366054|
366055|
366080|
366081|
366082|
366083|
366084|
366085|
366086|
366087|
366112|
366113|
366114|
366115|
366116|
366117|
366118|
366119|
366144|
366145|
366146|
366147|
366148|
366149|
366150|
366151|
366176|
366177|
366178|
366179|
366180|
366181|
366182|
366183|
366208|
366209|
366210|
366211|
366212|
366213|
366214|
366215|
366240|
366241|
366242|
366243|
366244|
366245|
366246|
366247|
366272|
366273|
366274|
366275|
366276|
366277|
366278|
366279|
366304|
366305|
366306|
366307|
366308|
366309|
366310|
366311|
366336|
366337|
366338|
366339|
366340|
366341|
366342|
366343|
366368|
366369|
366370|
366371|
366372|
366373|
366374|
366375|
366400|
366401|
366402|
366403|
366404|
366405|
366406|
366407|
366432|
366433|
366434|
366435|
366436|
366437|
366438|
366439|
366464|
366465|
366466|
366467|
366468|
366469|
366470|
366471|
366496|
366497|
366498|
366499|
366500|
366501|
366502|
366503|
366528|
366529|
366530|
366531|
366532|
366533|
366534|
366535|
366560|
366561|
366562|
366563|
366564|
366565|
366566|
366567|
366592|
366593|
366594|
366595|
366596|
366597|
366598|
366599|
366624|
366625|
366626|
366627|
366628|
366629|
366630|
366631|
366656|
366657|
366658|
366659|
366660|
366661|
366662|
366663|
366688|
366689|
366690|
366691|
366692|
366693|
366694|
366695|
366720|
366721|
366722|
366723|
366724|
366725|
366726|
366727|
366752|
366753|
366754|
366755|
366756|
366757|
366758|
366759|
366784|
366785|
366786|
366787|
366788|
366789|
366790|
366791|
366816|
366817|
366818|
366819|
366820|
366821|
366822|
366823|
366848|
366849|
366850|
366851|
366852|
366853|
366854|
366855|
366880|
366881|
366882|
366883|
366884|
366885|
366886|
366887|
366912|
366913|
366914|
366915|
366916|
366917|
366918|
366919|
366944|
366945|
366946|
366947|
366948|
366949|
366950|
366951|
366976|
366977|
366978|
366979|
366980|
366981|
366982|
366983|
367008|
367009|
367010|
367011|
367012|
367013|
367014|
367015|
367040|
367041|
367042|
367043|
367044|
367045|
367046|
367047|
367072|
367073|
367074|
367075|
367076|
367077|
367078|
367079|
367104|
367105|
367106|
367107|
367108|
367109|
367110|
367111|
367136|
367137|
367138|
367139|
367140|
367141|
367142|
367143|
367168|
367169|
367170|
367171|
367172|
367173|
367174|
367175|
367200|
367201|
367202|
367203|
367204|
367205|
367206|
367207|
367232|
367233|
367234|
367235|
367236|
367237|
367238|
367239|
367264|
367265|
367266|
367267|
367268|
367269|
367270|
367271|
367296|
367297|
367298|
367299|
367300|
367301|
367302|
367303|
367328|
367329|
367330|
367331|
367332|
367333|
367334|
367335|
367360|
367361|
367362|
367363|
367364|
367365|
367366|
367367|
367392|
367393|
367394|
367395|
367396|
367397|
367398|
367399|
367424|
367425|
367426|
367427|
367428|
367429|
367430|
367431|
367456|
367457|
367458|
367459|
367460|
367461|
367462|
367463|
367488|
367489|
367490|
367491|
367492|
367493|
367494|
367495|
367520|
367521|
367522|
367523|
367524|
367525|
367526|
367527|
367552|
367553|
367554|
367555|
367556|
367557|
367558|
367559|
367584|
367585|
367586|
367587|
367588|
367589|
367590|
367591|
367616|
367617|
367618|
367619|
367620|
367621|
367622|
367623|
367648|
367649|
367650|
367651|
367652|
367653|
367654|
367655|
367680|
367681|
367682|
367683|
367684|
367685|
367686|
367687|
367712|
367713|
367714|
367715|
367716|
367717|
367718|
367719|
367744|
367745|
367746|
367747|
367748|
367749|
367750|
367751|
367776|
367777|
367778|
367779|
367780|
367781|
367782|
367783|
367808|
367809|
367810|
367811|
367812|
367813|
367814|
367815|
367840|
367841|
367842|
367843|
367844|
367845|
367846|
367847|
367872|
367873|
367874|
367875|
367876|
367877|
367878|
367879|
367904|
367905|
367906|
367907|
367908|
367909|
367910|
367911|
367936|
367937|
367938|
367939|
367940|
367941|
367942|
367943|
367968|
367969|
367970|
367971|
367972|
367973|
367974|
367975|
368000|
368001|
368002|
368003|
368004|
368005|
368006|
368007|
368032|
368033|
368034|
368035|
368036|
368037|
368038|
368039|
368064|
368065|
368066|
368067|
368068|
368069|
368070|
368071|
368096|
368097|
368098|
368099|
368100|
368101|
368102|
368103|
368128|
368129|
368130|
368131|
368132|
368133|
368134|
368135|
368160|
368161|
368162|
368163|
368164|
368165|
368166|
368167|
368192|
368193|
368194|
368195|
368196|
368197|
368198|
368199|
368224|
368225|
368226|
368227|
368228|
368229|
368230|
368231|
368256|
368257|
368258|
368259|
368260|
368261|
368262|
368263|
368288|
368289|
368290|
368291|
368292|
368293|
368294|
368295|
368320|
368321|
368322|
368323|
368324|
368325|
368326|
368327|
368352|
368353|
368354|
368355|
368356|
368357|
368358|
368359|
368384|
368385|
368386|
368387|
368388|
368389|
368390|
368391|
368416|
368417|
368418|
368419|
368420|
368421|
368422|
368423|
368448|
368449|
368450|
368451|
368452|
368453|
368454|
368455|
368480|
368481|
368482|
368483|
368484|
368485|
368486|
368487|
368512|
368513|
368514|
368515|
368516|
368517|
368518|
368519|
368544|
368545|
368546|
368547|
368548|
368549|
368550|
368551|
368576|
368577|
368578|
368579|
368580|
368581|
368582|
368583|
368608|
368609|
368610|
368611|
368612|
368613|
368614|
368615|
368640|
368641|
368642|
368643|
368644|
368645|
368646|
368647|
368672|
368673|
368674|
368675|
368676|
368677|
368678|
368679|
368704|
368705|
368706|
368707|
368708|
368709|
368710|
368711|
368736|
368737|
368738|
368739|
368740|
368741|
368742|
368743|
368768|
368769|
368770|
368771|
368772|
368773|
368774|
368775|
368800|
368801|
368802|
368803|
368804|
368805|
368806|
368807|
368832|
368833|
368834|
368835|
368836|
368837|
368838|
368839|
368864|
368865|
368866|
368867|
368868|
368869|
368870|
368871|
368896|
368897|
368898|
368899|
368900|
368901|
368902|
368903|
368928|
368929|
368930|
368931|
368932|
368933|
368934|
368935|
368960|
368961|
368962|
368963|
368964|
368965|
368966|
368967|
368992|
368993|
368994|
368995|
368996|
368997|
368998|
368999|
369024|
369025|
369026|
369027|
369028|
369029|
369030|
369031|
369056|
369057|
369058|
369059|
369060|
369061|
369062|
369063|
369088|
369089|
369090|
369091|
369092|
369093|
369094|
369095|
369120|
369121|
369122|
369123|
369124|
369125|
369126|
369127|
369152|
369153|
369154|
369155|
369156|
369157|
369158|
369159|
369184|
369185|
369186|
369187|
369188|
369189|
369190|
369191|
369216|
369217|
369218|
369219|
369220|
369221|
369222|
369223|
369248|
369249|
369250|
369251|
369252|
369253|
369254|
369255|
369280|
369281|
369282|
369283|
369284|
369285|
369286|
369287|
369312|
369313|
369314|
369315|
369316|
369317|
369318|
369319|
369344|
369345|
369346|
369347|
369348|
369349|
369350|
369351|
369376|
369377|
369378|
369379|
369380|
369381|
369382|
369383|
369408|
369409|
369410|
369411|
369412|
369413|
369414|
369415|
369440|
369441|
369442|
369443|
369444|
369445|
369446|
369447|
369472|
369473|
369474|
369475|
369476|
369477|
369478|
369479|
369504|
369505|
369506|
369507|
369508|
369509|
369510|
369511|
369536|
369537|
369538|
369539|
369540|
369541|
369542|
369543|
369568|
369569|
369570|
369571|
369572|
369573|
369574|
369575|
369600|
369601|
369602|
369603|
369604|
369605|
369606|
369607|
369632|
369633|
369634|
369635|
369636|
369637|
369638|
369639|
369664|
369665|
369666|
369667|
369668|
369669|
369670|
369671|
369696|
369697|
369698|
369699|
369700|
369701|
369702|
369703|
369728|
369729|
369730|
369731|
369732|
369733|
369734|
369735|
369760|
369761|
369762|
369763|
369764|
369765|
369766|
369767|
369792|
369793|
369794|
369795|
369796|
369797|
369798|
369799|
369824|
369825|
369826|
369827|
369828|
369829|
369830|
369831|
369856|
369857|
369858|
369859|
369860|
369861|
369862|
369863|
369888|
369889|
369890|
369891|
369892|
369893|
369894|
369895|
369920|
369921|
369922|
369923|
369924|
369925|
369926|
369927|
369952|
369953|
369954|
369955|
369956|
369957|
369958|
369959|
369984|
369985|
369986|
369987|
369988|
369989|
369990|
369991|
370016|
370017|
370018|
370019|
370020|
370021|
370022|
370023|
370048|
370049|
370050|
370051|
370052|
370053|
370054|
370055|
370080|
370081|
370082|
370083|
370084|
370085|
370086|
370087|
370112|
370113|
370114|
370115|
370116|
370117|
370118|
370119|
370144|
370145|
370146|
370147|
370148|
370149|
370150|
370151|
370176|
370177|
370178|
370179|
370180|
370181|
370182|
370183|
370208|
370209|
370210|
370211|
370212|
370213|
370214|
370215|
370240|
370241|
370242|
370243|
370244|
370245|
370246|
370247|
370272|
370273|
370274|
370275|
370276|
370277|
370278|
370279|
370304|
370305|
370306|
370307|
370308|
370309|
370310|
370311|
370336|
370337|
370338|
370339|
370340|
370341|
370342|
370343|
370368|
370369|
370370|
370371|
370372|
370373|
370374|
370375|
370400|
370401|
370402|
370403|
370404|
370405|
370406|
370407|
370432|
370433|
370434|
370435|
370436|
370437|
370438|
370439|
370464|
370465|
370466|
370467|
370468|
370469|
370470|
370471|
370496|
370497|
370498|
370499|
370500|
370501|
370502|
370503|
370528|
370529|
370530|
370531|
370532|
370533|
370534|
370535|
370560|
370561|
370562|
370563|
370564|
370565|
370566|
370567|
370592|
370593|
370594|
370595|
370596|
370597|
370598|
370599|
370624|
370625|
370626|
370627|
370628|
370629|
370630|
370631|
370656|
370657|
370658|
370659|
370660|
370661|
370662|
370663|
370688|
370689|
370690|
370691|
370692|
370693|
370694|
370695|
370720|
370721|
370722|
370723|
370724|
370725|
370726|
370727|
370752|
370753|
370754|
370755|
370756|
370757|
370758|
370759|
370784|
370785|
370786|
370787|
370788|
370789|
370790|
370791|
370816|
370817|
370818|
370819|
370820|
370821|
370822|
370823|
370848|
370849|
370850|
370851|
370852|
370853|
370854|
370855|
370880|
370881|
370882|
370883|
370884|
370885|
370886|
370887|
370912|
370913|
370914|
370915|
370916|
370917|
370918|
370919|
370944|
370945|
370946|
370947|
370948|
370949|
370950|
370951|
370976|
370977|
370978|
370979|
370980|
370981|
370982|
370983|
371008|
371009|
371010|
371011|
371012|
371013|
371014|
371015|
371040|
371041|
371042|
371043|
371044|
371045|
371046|
371047|
371072|
371073|
371074|
371075|
371076|
371077|
371078|
371079|
371104|
371105|
371106|
371107|
371108|
371109|
371110|
371111|
371136|
371137|
371138|
371139|
371140|
371141|
371142|
371143|
371168|
371169|
371170|
371171|
371172|
371173|
371174|
371175|
371200|
371201|
371202|
371203|
371204|
371205|
371206|
371207|
371232|
371233|
371234|
371235|
371236|
371237|
371238|
371239|
371264|
371265|
371266|
371267|
371268|
371269|
371270|
371271|
371296|
371297|
371298|
371299|
371300|
371301|
371302|
371303|
371328|
371329|
371330|
371331|
371332|
371333|
371334|
371335|
371360|
371361|
371362|
371363|
371364|
371365|
371366|
371367|
371392|
371393|
371394|
371395|
371396|
371397|
371398|
371399|
371424|
371425|
371426|
371427|
371428|
371429|
371430|
371431|
371456|
371457|
371458|
371459|
371460|
371461|
371462|
371463|
371488|
371489|
371490|
371491|
371492|
371493|
371494|
371495|
371520|
371521|
371522|
371523|
371524|
371525|
371526|
371527|
371552|
371553|
371554|
371555|
371556|
371557|
371558|
371559|
371584|
371585|
371586|
371587|
371588|
371589|
371590|
371591|
371616|
371617|
371618|
371619|
371620|
371621|
371622|
371623|
371648|
371649|
371650|
371651|
371652|
371653|
371654|
371655|
371680|
371681|
371682|
371683|
371684|
371685|
371686|
371687|
371712|
371713|
371714|
371715|
371716|
371717|
371718|
371719|
371744|
371745|
371746|
371747|
371748|
371749|
371750|
371751|
371776|
371777|
371778|
371779|
371780|
371781|
371782|
371783|
371808|
371809|
371810|
371811|
371812|
371813|
371814|
371815|
371840|
371841|
371842|
371843|
371844|
371845|
371846|
371847|
371872|
371873|
371874|
371875|
371876|
371877|
371878|
371879|
371904|
371905|
371906|
371907|
371908|
371909|
371910|
371911|
371936|
371937|
371938|
371939|
371940|
371941|
371942|
371943|
371968|
371969|
371970|
371971|
371972|
371973|
371974|
371975|
372000|
