941989|
941990|
941991|
942016|
942017|
942018|
942019|
942020|
942021|
942022|
942023|
942048|
942049|
942050|
942051|
942052|
942053|
942054|
942055|
942080|
942081|
942082|
942083|
942084|
942085|
942086|
942087|
942112|
942113|
942114|
942115|
942116|
942117|
942118|
942119|
942144|
942145|
942146|
942147|
942148|
942149|
942150|
942151|
942176|
942177|
942178|
942179|
942180|
942181|
942182|
942183|
942208|
942209|
942210|
942211|
942212|
942213|
942214|
942215|
942240|
942241|
942242|
942243|
942244|
942245|
942246|
942247|
942272|
942273|
942274|
942275|
942276|
942277|
942278|
942279|
942304|
942305|
942306|
942307|
942308|
942309|
942310|
942311|
942336|
942337|
942338|
942339|
942340|
942341|
942342|
942343|
942368|
942369|
942370|
942371|
942372|
942373|
942374|
942375|
942400|
942401|
942402|
942403|
942404|
942405|
942406|
942407|
942432|
942433|
942434|
942435|
942436|
942437|
942438|
942439|
942464|
942465|
942466|
942467|
942468|
942469|
942470|
942471|
942496|
942497|
942498|
942499|
942500|
942501|
942502|
942503|
942528|
942529|
942530|
942531|
942532|
942533|
942534|
942535|
942560|
942561|
942562|
942563|
942564|
942565|
942566|
942567|
942592|
942593|
942594|
942595|
942596|
942597|
942598|
942599|
942624|
942625|
942626|
942627|
942628|
942629|
942630|
942631|
942656|
942657|
942658|
942659|
942660|
942661|
942662|
942663|
942688|
942689|
942690|
942691|
942692|
942693|
942694|
942695|
942720|
942721|
942722|
942723|
942724|
942725|
942726|
942727|
942752|
942753|
942754|
942755|
942756|
942757|
942758|
942759|
942784|
942785|
942786|
942787|
942788|
942789|
942790|
942791|
942816|
942817|
942818|
942819|
942820|
942821|
942822|
942823|
942848|
942849|
942850|
942851|
942852|
942853|
942854|
942855|
942880|
942881|
942882|
942883|
942884|
942885|
942886|
942887|
942912|
942913|
942914|
942915|
942916|
942917|
942918|
942919|
942944|
942945|
942946|
942947|
942948|
942949|
942950|
942951|
942976|
942977|
942978|
942979|
942980|
942981|
942982|
942983|
943008|
943009|
943010|
943011|
943012|
943013|
943014|
943015|
943040|
943041|
943042|
943043|
943044|
943045|
943046|
943047|
943072|
943073|
943074|
943075|
943076|
943077|
943078|
943079|
943104|
943105|
943106|
943107|
943108|
943109|
943110|
943111|
943136|
943137|
943138|
943139|
943140|
943141|
943142|
943143|
943168|
943169|
943170|
943171|
943172|
943173|
943174|
943175|
943200|
943201|
943202|
943203|
943204|
943205|
943206|
943207|
943232|
943233|
943234|
943235|
943236|
943237|
943238|
943239|
943264|
943265|
943266|
943267|
943268|
943269|
943270|
943271|
943296|
943297|
943298|
943299|
943300|
943301|
943302|
943303|
943328|
943329|
943330|
943331|
943332|
943333|
943334|
943335|
943360|
943361|
943362|
943363|
943364|
943365|
943366|
943367|
943392|
943393|
943394|
943395|
943396|
943397|
943398|
943399|
943424|
943425|
943426|
943427|
943428|
943429|
943430|
943431|
943456|
943457|
943458|
943459|
943460|
943461|
943462|
943463|
943488|
943489|
943490|
943491|
943492|
943493|
943494|
943495|
943520|
943521|
943522|
943523|
943524|
943525|
943526|
943527|
943552|
943553|
943554|
943555|
943556|
943557|
943558|
943559|
943584|
943585|
943586|
943587|
943588|
943589|
943590|
943591|
943616|
943617|
943618|
943619|
943620|
943621|
943622|
943623|
943648|
943649|
943650|
943651|
943652|
943653|
943654|
943655|
943680|
943681|
943682|
943683|
943684|
943685|
943686|
943687|
943712|
943713|
943714|
943715|
943716|
943717|
943718|
943719|
943744|
943745|
943746|
943747|
943748|
943749|
943750|
943751|
943776|
943777|
943778|
943779|
943780|
943781|
943782|
943783|
943808|
943809|
943810|
943811|
943812|
943813|
943814|
943815|
943840|
943841|
943842|
943843|
943844|
943845|
943846|
943847|
943872|
943873|
943874|
943875|
943876|
943877|
943878|
943879|
943904|
943905|
943906|
943907|
943908|
943909|
943910|
943911|
943936|
943937|
943938|
943939|
943940|
943941|
943942|
943943|
943968|
943969|
943970|
943971|
943972|
943973|
943974|
943975|
944000|
944001|
944002|
944003|
944004|
944005|
944006|
944007|
944032|
944033|
944034|
944035|
944036|
944037|
944038|
944039|
944064|
944065|
944066|
944067|
944068|
944069|
944070|
944071|
944096|
944097|
944098|
944099|
944100|
944101|
944102|
944103|
944128|
944129|
944130|
944131|
944132|
944133|
944134|
944135|
944160|
944161|
944162|
944163|
944164|
944165|
944166|
944167|
944192|
944193|
944194|
944195|
944196|
944197|
944198|
944199|
944224|
944225|
944226|
944227|
944228|
944229|
944230|
944231|
944256|
944257|
944258|
944259|
944260|
944261|
944262|
944263|
944288|
944289|
944290|
944291|
944292|
944293|
944294|
944295|
944320|
944321|
944322|
944323|
944324|
944325|
944326|
944327|
944352|
944353|
944354|
944355|
944356|
944357|
944358|
944359|
944384|
944385|
944386|
944387|
944388|
944389|
944390|
944391|
944416|
944417|
944418|
944419|
944420|
944421|
944422|
944423|
944448|
944449|
944450|
944451|
944452|
944453|
944454|
944455|
944480|
944481|
944482|
944483|
944484|
944485|
944486|
944487|
944512|
944513|
944514|
944515|
944516|
944517|
944518|
944519|
944544|
944545|
944546|
944547|
944548|
944549|
944550|
944551|
944576|
944577|
944578|
944579|
944580|
944581|
944582|
944583|
944608|
944609|
944610|
944611|
944612|
944613|
944614|
944615|
944640|
944641|
944642|
944643|
944644|
944645|
944646|
944647|
944672|
944673|
944674|
944675|
944676|
944677|
944678|
944679|
944704|
944705|
944706|
944707|
944708|
944709|
944710|
944711|
944736|
944737|
944738|
944739|
944740|
944741|
944742|
944743|
944768|
944769|
944770|
944771|
944772|
944773|
944774|
944775|
944800|
944801|
944802|
944803|
944804|
944805|
944806|
944807|
944832|
944833|
944834|
944835|
944836|
944837|
944838|
944839|
944864|
944865|
944866|
944867|
944868|
944869|
944870|
944871|
944896|
944897|
944898|
944899|
944900|
944901|
944902|
944903|
944928|
944929|
944930|
944931|
944932|
944933|
944934|
944935|
944960|
944961|
944962|
944963|
944964|
944965|
944966|
944967|
944992|
944993|
944994|
944995|
944996|
944997|
944998|
944999|
945024|
945025|
945026|
945027|
945028|
945029|
945030|
945031|
945056|
945057|
945058|
945059|
945060|
945061|
945062|
945063|
945088|
945089|
945090|
945091|
945092|
945093|
945094|
945095|
945120|
945121|
945122|
945123|
945124|
945125|
945126|
945127|
945152|
945153|
945154|
945155|
945156|
945157|
945158|
945159|
945184|
945185|
945186|
945187|
945188|
945189|
945190|
945191|
945216|
945217|
945218|
945219|
945220|
945221|
945222|
945223|
945248|
945249|
945250|
945251|
945252|
945253|
945254|
945255|
945280|
945281|
945282|
945283|
945284|
945285|
945286|
945287|
945312|
945313|
945314|
945315|
945316|
945317|
945318|
945319|
945344|
945345|
945346|
945347|
945348|
945349|
945350|
945351|
945376|
945377|
945378|
945379|
945380|
945381|
945382|
945383|
945408|
945409|
945410|
945411|
945412|
945413|
945414|
945415|
945440|
945441|
945442|
945443|
945444|
945445|
945446|
945447|
945472|
945473|
945474|
945475|
945476|
945477|
945478|
945479|
945504|
945505|
945506|
945507|
945508|
945509|
945510|
945511|
945536|
945537|
945538|
945539|
945540|
945541|
945542|
945543|
945568|
945569|
945570|
945571|
945572|
945573|
945574|
945575|
945600|
945601|
945602|
945603|
945604|
945605|
945606|
945607|
945632|
945633|
945634|
945635|
945636|
945637|
945638|
945639|
945664|
945665|
945666|
945667|
945668|
945669|
945670|
945671|
945696|
945697|
945698|
945699|
945700|
945701|
945702|
945703|
945728|
945729|
945730|
945731|
945732|
945733|
945734|
945735|
945760|
945761|
945762|
945763|
945764|
945765|
945766|
945767|
945792|
945793|
945794|
945795|
945796|
945797|
945798|
945799|
945824|
945825|
945826|
945827|
945828|
945829|
945830|
945831|
945856|
945857|
945858|
945859|
945860|
945861|
945862|
945863|
945888|
945889|
945890|
945891|
945892|
945893|
945894|
945895|
945920|
945921|
945922|
945923|
945924|
945925|
945926|
945927|
945952|
945953|
945954|
945955|
945956|
945957|
945958|
945959|
945984|
945985|
945986|
945987|
945988|
945989|
945990|
945991|
946016|
946017|
946018|
946019|
946020|
946021|
946022|
946023|
946048|
946049|
946050|
946051|
946052|
946053|
946054|
946055|
946080|
946081|
946082|
946083|
946084|
946085|
946086|
946087|
946112|
946113|
946114|
946115|
946116|
946117|
946118|
946119|
946144|
946145|
946146|
946147|
946148|
946149|
946150|
946151|
946176|
946177|
946178|
946179|
946180|
946181|
946182|
946183|
946208|
946209|
946210|
946211|
946212|
946213|
946214|
946215|
946240|
946241|
946242|
946243|
946244|
946245|
946246|
946247|
946272|
946273|
946274|
946275|
946276|
946277|
946278|
946279|
946304|
946305|
946306|
946307|
946308|
946309|
946310|
946311|
946336|
946337|
946338|
946339|
946340|
946341|
946342|
946343|
946368|
946369|
946370|
946371|
946372|
946373|
946374|
946375|
946400|
946401|
946402|
946403|
946404|
946405|
946406|
946407|
946432|
946433|
946434|
946435|
946436|
946437|
946438|
946439|
946464|
946465|
946466|
946467|
946468|
946469|
946470|
946471|
946496|
946497|
946498|
946499|
946500|
946501|
946502|
946503|
946528|
946529|
946530|
946531|
946532|
946533|
946534|
946535|
946560|
946561|
946562|
946563|
946564|
946565|
946566|
946567|
946592|
946593|
946594|
946595|
946596|
946597|
946598|
946599|
946624|
946625|
946626|
946627|
946628|
946629|
946630|
946631|
946656|
946657|
946658|
946659|
946660|
946661|
946662|
946663|
946688|
946689|
946690|
946691|
946692|
946693|
946694|
946695|
946720|
946721|
946722|
946723|
946724|
946725|
946726|
946727|
946752|
946753|
946754|
946755|
946756|
946757|
946758|
946759|
946784|
946785|
946786|
946787|
946788|
946789|
946790|
946791|
946816|
946817|
946818|
946819|
946820|
946821|
946822|
946823|
946848|
946849|
946850|
946851|
946852|
946853|
946854|
946855|
946880|
946881|
946882|
946883|
946884|
946885|
946886|
946887|
946912|
946913|
946914|
946915|
946916|
946917|
946918|
946919|
946944|
946945|
946946|
946947|
946948|
946949|
946950|
946951|
946976|
946977|
946978|
946979|
946980|
946981|
946982|
946983|
947008|
947009|
947010|
947011|
947012|
947013|
947014|
947015|
947040|
947041|
947042|
947043|
947044|
947045|
947046|
947047|
947072|
947073|
947074|
947075|
947076|
947077|
947078|
947079|
947104|
947105|
947106|
947107|
947108|
947109|
947110|
947111|
947136|
947137|
947138|
947139|
947140|
947141|
947142|
947143|
947168|
947169|
947170|
947171|
947172|
947173|
947174|
947175|
947200|
947201|
947202|
947203|
947204|
947205|
947206|
947207|
947232|
947233|
947234|
947235|
947236|
947237|
947238|
947239|
947264|
947265|
947266|
947267|
947268|
947269|
947270|
947271|
947296|
947297|
947298|
947299|
947300|
947301|
947302|
947303|
947328|
947329|
947330|
947331|
947332|
947333|
947334|
947335|
947360|
947361|
947362|
947363|
947364|
947365|
947366|
947367|
947392|
947393|
947394|
947395|
947396|
947397|
947398|
947399|
947424|
947425|
947426|
947427|
947428|
947429|
947430|
947431|
947456|
947457|
947458|
947459|
947460|
947461|
947462|
947463|
947488|
947489|
947490|
947491|
947492|
947493|
947494|
947495|
947520|
947521|
947522|
947523|
947524|
947525|
947526|
947527|
947552|
947553|
947554|
947555|
947556|
947557|
947558|
947559|
947584|
947585|
947586|
947587|
947588|
947589|
947590|
947591|
947616|
947617|
947618|
947619|
947620|
947621|
947622|
947623|
947648|
947649|
947650|
947651|
947652|
947653|
947654|
947655|
947680|
947681|
947682|
947683|
947684|
947685|
947686|
947687|
947712|
947713|
947714|
947715|
947716|
947717|
947718|
947719|
947744|
947745|
947746|
947747|
947748|
947749|
947750|
947751|
947776|
947777|
947778|
947779|
947780|
947781|
947782|
947783|
947808|
947809|
947810|
947811|
947812|
947813|
947814|
947815|
947840|
947841|
947842|
947843|
947844|
947845|
947846|
947847|
947872|
947873|
947874|
947875|
947876|
947877|
947878|
947879|
947904|
947905|
947906|
947907|
947908|
947909|
947910|
947911|
947936|
947937|
947938|
947939|
947940|
947941|
947942|
947943|
947968|
947969|
947970|
947971|
947972|
947973|
947974|
947975|
948000|
