168001|
168002|
168003|
168004|
168005|
168006|
168007|
168032|
168033|
168034|
168035|
168036|
168037|
168038|
168039|
168064|
168065|
168066|
168067|
168068|
168069|
168070|
168071|
168096|
168097|
168098|
168099|
168100|
168101|
168102|
168103|
168128|
168129|
168130|
168131|
168132|
168133|
168134|
168135|
168160|
168161|
168162|
168163|
168164|
168165|
168166|
168167|
168192|
168193|
168194|
168195|
168196|
168197|
168198|
168199|
168224|
168225|
168226|
168227|
168228|
168229|
168230|
168231|
168256|
168257|
168258|
168259|
168260|
168261|
168262|
168263|
168288|
168289|
168290|
168291|
168292|
168293|
168294|
168295|
168320|
168321|
168322|
168323|
168324|
168325|
168326|
168327|
168352|
168353|
168354|
168355|
168356|
168357|
168358|
168359|
168384|
168385|
168386|
168387|
168388|
168389|
168390|
168391|
168416|
168417|
168418|
168419|
168420|
168421|
168422|
168423|
168448|
168449|
168450|
168451|
168452|
168453|
168454|
168455|
168480|
168481|
168482|
168483|
168484|
168485|
168486|
168487|
168512|
168513|
168514|
168515|
168516|
168517|
168518|
168519|
168544|
168545|
168546|
168547|
168548|
168549|
168550|
168551|
168576|
168577|
168578|
168579|
168580|
168581|
168582|
168583|
168608|
168609|
168610|
168611|
168612|
168613|
168614|
168615|
168640|
168641|
168642|
168643|
168644|
168645|
168646|
168647|
168672|
168673|
168674|
168675|
168676|
168677|
168678|
168679|
168704|
168705|
168706|
168707|
168708|
168709|
168710|
168711|
168736|
168737|
168738|
168739|
168740|
168741|
168742|
168743|
168768|
168769|
168770|
168771|
168772|
168773|
168774|
168775|
168800|
168801|
168802|
168803|
168804|
168805|
168806|
168807|
168832|
168833|
168834|
168835|
168836|
168837|
168838|
168839|
168864|
168865|
168866|
168867|
168868|
168869|
168870|
168871|
168896|
168897|
168898|
168899|
168900|
168901|
168902|
168903|
168928|
168929|
168930|
168931|
168932|
168933|
168934|
168935|
168960|
168961|
168962|
168963|
168964|
168965|
168966|
168967|
168992|
168993|
168994|
168995|
168996|
168997|
168998|
168999|
169024|
169025|
169026|
169027|
169028|
169029|
169030|
169031|
169056|
169057|
169058|
169059|
169060|
169061|
169062|
169063|
169088|
169089|
169090|
169091|
169092|
169093|
169094|
169095|
169120|
169121|
169122|
169123|
169124|
169125|
169126|
169127|
169152|
169153|
169154|
169155|
169156|
169157|
169158|
169159|
169184|
169185|
169186|
169187|
169188|
169189|
169190|
169191|
169216|
169217|
169218|
169219|
169220|
169221|
169222|
169223|
169248|
169249|
169250|
169251|
169252|
169253|
169254|
169255|
169280|
169281|
169282|
169283|
169284|
169285|
169286|
169287|
169312|
169313|
169314|
169315|
169316|
169317|
169318|
169319|
169344|
169345|
169346|
169347|
169348|
169349|
169350|
169351|
169376|
169377|
169378|
169379|
169380|
169381|
169382|
169383|
169408|
169409|
169410|
169411|
169412|
169413|
169414|
169415|
169440|
169441|
169442|
169443|
169444|
169445|
169446|
169447|
169472|
169473|
169474|
169475|
169476|
169477|
169478|
169479|
169504|
169505|
169506|
169507|
169508|
169509|
169510|
169511|
169536|
169537|
169538|
169539|
169540|
169541|
169542|
169543|
169568|
169569|
169570|
169571|
169572|
169573|
169574|
169575|
169600|
169601|
169602|
169603|
169604|
169605|
169606|
169607|
169632|
169633|
169634|
169635|
169636|
169637|
169638|
169639|
169664|
169665|
169666|
169667|
169668|
169669|
169670|
169671|
169696|
169697|
169698|
169699|
169700|
169701|
169702|
169703|
169728|
169729|
169730|
169731|
169732|
169733|
169734|
169735|
169760|
169761|
169762|
169763|
169764|
169765|
169766|
169767|
169792|
169793|
169794|
169795|
169796|
169797|
169798|
169799|
169824|
169825|
169826|
169827|
169828|
169829|
169830|
169831|
169856|
169857|
169858|
169859|
169860|
169861|
169862|
169863|
169888|
169889|
169890|
169891|
169892|
169893|
169894|
169895|
169920|
169921|
169922|
169923|
169924|
169925|
169926|
169927|
169952|
169953|
169954|
169955|
169956|
169957|
169958|
169959|
169984|
169985|
169986|
169987|
169988|
169989|
169990|
169991|
170016|
170017|
170018|
170019|
170020|
170021|
170022|
170023|
170048|
170049|
170050|
170051|
170052|
170053|
170054|
170055|
170080|
170081|
170082|
170083|
170084|
170085|
170086|
170087|
170112|
170113|
170114|
170115|
170116|
170117|
170118|
170119|
170144|
170145|
170146|
170147|
170148|
170149|
170150|
170151|
170176|
170177|
170178|
170179|
170180|
170181|
170182|
170183|
170208|
170209|
170210|
170211|
170212|
170213|
170214|
170215|
170240|
170241|
170242|
170243|
170244|
170245|
170246|
170247|
170272|
170273|
170274|
170275|
170276|
170277|
170278|
170279|
170304|
170305|
170306|
170307|
170308|
170309|
170310|
170311|
170336|
170337|
170338|
170339|
170340|
170341|
170342|
170343|
170368|
170369|
170370|
170371|
170372|
170373|
170374|
170375|
170400|
170401|
170402|
170403|
170404|
170405|
170406|
170407|
170432|
170433|
170434|
170435|
170436|
170437|
170438|
170439|
170464|
170465|
170466|
170467|
170468|
170469|
170470|
170471|
170496|
170497|
170498|
170499|
170500|
170501|
170502|
170503|
170528|
170529|
170530|
170531|
170532|
170533|
170534|
170535|
170560|
170561|
170562|
170563|
170564|
170565|
170566|
170567|
170592|
170593|
170594|
170595|
170596|
170597|
170598|
170599|
170624|
170625|
170626|
170627|
170628|
170629|
170630|
170631|
170656|
170657|
170658|
170659|
170660|
170661|
170662|
170663|
170688|
170689|
170690|
170691|
170692|
170693|
170694|
170695|
170720|
170721|
170722|
170723|
170724|
170725|
170726|
170727|
170752|
170753|
170754|
170755|
170756|
170757|
170758|
170759|
170784|
170785|
170786|
170787|
170788|
170789|
170790|
170791|
170816|
170817|
170818|
170819|
170820|
170821|
170822|
170823|
170848|
170849|
170850|
170851|
170852|
170853|
170854|
170855|
170880|
170881|
170882|
170883|
170884|
170885|
170886|
170887|
170912|
170913|
170914|
170915|
170916|
170917|
170918|
170919|
170944|
170945|
170946|
170947|
170948|
170949|
170950|
170951|
170976|
170977|
170978|
170979|
170980|
170981|
170982|
170983|
171008|
171009|
171010|
171011|
171012|
171013|
171014|
171015|
171040|
171041|
171042|
171043|
171044|
171045|
171046|
171047|
171072|
171073|
171074|
171075|
171076|
171077|
171078|
171079|
171104|
171105|
171106|
171107|
171108|
171109|
171110|
171111|
171136|
171137|
171138|
171139|
171140|
171141|
171142|
171143|
171168|
171169|
171170|
171171|
171172|
171173|
171174|
171175|
171200|
171201|
171202|
171203|
171204|
171205|
171206|
171207|
171232|
171233|
171234|
171235|
171236|
171237|
171238|
171239|
171264|
171265|
171266|
171267|
171268|
171269|
171270|
171271|
171296|
171297|
171298|
171299|
171300|
171301|
171302|
171303|
171328|
171329|
171330|
171331|
171332|
171333|
171334|
171335|
171360|
171361|
171362|
171363|
171364|
171365|
171366|
171367|
171392|
171393|
171394|
171395|
171396|
171397|
171398|
171399|
171424|
171425|
171426|
171427|
171428|
171429|
171430|
171431|
171456|
171457|
171458|
171459|
171460|
171461|
171462|
171463|
171488|
171489|
171490|
171491|
171492|
171493|
171494|
171495|
171520|
171521|
171522|
171523|
171524|
171525|
171526|
171527|
171552|
171553|
171554|
171555|
171556|
171557|
171558|
171559|
171584|
171585|
171586|
171587|
171588|
171589|
171590|
171591|
171616|
171617|
171618|
171619|
171620|
171621|
171622|
171623|
171648|
171649|
171650|
171651|
171652|
171653|
171654|
171655|
171680|
171681|
171682|
171683|
171684|
171685|
171686|
171687|
171712|
171713|
171714|
171715|
171716|
171717|
171718|
171719|
171744|
171745|
171746|
171747|
171748|
171749|
171750|
171751|
171776|
171777|
171778|
171779|
171780|
171781|
171782|
171783|
171808|
171809|
171810|
171811|
171812|
171813|
171814|
171815|
171840|
171841|
171842|
171843|
171844|
171845|
171846|
171847|
171872|
171873|
171874|
171875|
171876|
171877|
171878|
171879|
171904|
171905|
171906|
171907|
171908|
171909|
171910|
171911|
171936|
171937|
171938|
171939|
171940|
171941|
171942|
171943|
171968|
171969|
171970|
171971|
171972|
171973|
171974|
171975|
172000|
172001|
172002|
172003|
172004|
172005|
172006|
172007|
172032|
172033|
172034|
172035|
172036|
172037|
172038|
172039|
172064|
172065|
172066|
172067|
172068|
172069|
172070|
172071|
172096|
172097|
172098|
172099|
172100|
172101|
172102|
172103|
172128|
172129|
172130|
172131|
172132|
172133|
172134|
172135|
172160|
172161|
172162|
172163|
172164|
172165|
172166|
172167|
172192|
172193|
172194|
172195|
172196|
172197|
172198|
172199|
172224|
172225|
172226|
172227|
172228|
172229|
172230|
172231|
172256|
172257|
172258|
172259|
172260|
172261|
172262|
172263|
172288|
172289|
172290|
172291|
172292|
172293|
172294|
172295|
172320|
172321|
172322|
172323|
172324|
172325|
172326|
172327|
172352|
172353|
172354|
172355|
172356|
172357|
172358|
172359|
172384|
172385|
172386|
172387|
172388|
172389|
172390|
172391|
172416|
172417|
172418|
172419|
172420|
172421|
172422|
172423|
172448|
172449|
172450|
172451|
172452|
172453|
172454|
172455|
172480|
172481|
172482|
172483|
172484|
172485|
172486|
172487|
172512|
172513|
172514|
172515|
172516|
172517|
172518|
172519|
172544|
172545|
172546|
172547|
172548|
172549|
172550|
172551|
172576|
172577|
172578|
172579|
172580|
172581|
172582|
172583|
172608|
172609|
172610|
172611|
172612|
172613|
172614|
172615|
172640|
172641|
172642|
172643|
172644|
172645|
172646|
172647|
172672|
172673|
172674|
172675|
172676|
172677|
172678|
172679|
172704|
172705|
172706|
172707|
172708|
172709|
172710|
172711|
172736|
172737|
172738|
172739|
172740|
172741|
172742|
172743|
172768|
172769|
172770|
172771|
172772|
172773|
172774|
172775|
172800|
172801|
172802|
172803|
172804|
172805|
172806|
172807|
172832|
172833|
172834|
172835|
172836|
172837|
172838|
172839|
172864|
172865|
172866|
172867|
172868|
172869|
172870|
172871|
172896|
172897|
172898|
172899|
172900|
172901|
172902|
172903|
172928|
172929|
172930|
172931|
172932|
172933|
172934|
172935|
172960|
172961|
172962|
172963|
172964|
172965|
172966|
172967|
172992|
172993|
172994|
172995|
172996|
172997|
172998|
172999|
173024|
173025|
173026|
173027|
173028|
173029|
173030|
173031|
173056|
173057|
173058|
173059|
173060|
173061|
173062|
173063|
173088|
173089|
173090|
173091|
173092|
173093|
173094|
173095|
173120|
173121|
173122|
173123|
173124|
173125|
173126|
173127|
173152|
173153|
173154|
173155|
173156|
173157|
173158|
173159|
173184|
173185|
173186|
173187|
173188|
173189|
173190|
173191|
173216|
173217|
173218|
173219|
173220|
173221|
173222|
173223|
173248|
173249|
173250|
173251|
173252|
173253|
173254|
173255|
173280|
173281|
173282|
173283|
173284|
173285|
173286|
173287|
173312|
173313|
173314|
173315|
173316|
173317|
173318|
173319|
173344|
173345|
173346|
173347|
173348|
173349|
173350|
173351|
173376|
173377|
173378|
173379|
173380|
173381|
173382|
173383|
173408|
173409|
173410|
173411|
173412|
173413|
173414|
173415|
173440|
173441|
173442|
173443|
173444|
173445|
173446|
173447|
173472|
173473|
173474|
173475|
173476|
173477|
173478|
173479|
173504|
173505|
173506|
173507|
173508|
173509|
173510|
173511|
173536|
173537|
173538|
173539|
173540|
173541|
173542|
173543|
173568|
173569|
173570|
173571|
173572|
173573|
173574|
173575|
173600|
173601|
173602|
173603|
173604|
173605|
173606|
173607|
173632|
173633|
173634|
173635|
173636|
173637|
173638|
173639|
173664|
173665|
173666|
173667|
173668|
173669|
173670|
173671|
173696|
173697|
173698|
173699|
173700|
173701|
173702|
173703|
173728|
173729|
173730|
173731|
173732|
173733|
173734|
173735|
173760|
173761|
173762|
173763|
173764|
173765|
173766|
173767|
173792|
173793|
173794|
173795|
173796|
173797|
173798|
173799|
173824|
173825|
173826|
173827|
173828|
173829|
173830|
173831|
173856|
173857|
173858|
173859|
173860|
173861|
173862|
173863|
173888|
173889|
173890|
173891|
173892|
173893|
173894|
173895|
173920|
173921|
173922|
173923|
173924|
173925|
173926|
173927|
173952|
173953|
173954|
173955|
173956|
173957|
173958|
173959|
173984|
173985|
173986|
173987|
173988|
