929989|
929990|
929991|
930016|
930017|
930018|
930019|
930020|
930021|
930022|
930023|
930048|
930049|
930050|
930051|
930052|
930053|
930054|
930055|
930080|
930081|
930082|
930083|
930084|
930085|
930086|
930087|
930112|
930113|
930114|
930115|
930116|
930117|
930118|
930119|
930144|
930145|
930146|
930147|
930148|
930149|
930150|
930151|
930176|
930177|
930178|
930179|
930180|
930181|
930182|
930183|
930208|
930209|
930210|
930211|
930212|
930213|
930214|
930215|
930240|
930241|
930242|
930243|
930244|
930245|
930246|
930247|
930272|
930273|
930274|
930275|
930276|
930277|
930278|
930279|
930304|
930305|
930306|
930307|
930308|
930309|
930310|
930311|
930336|
930337|
930338|
930339|
930340|
930341|
930342|
930343|
930368|
930369|
930370|
930371|
930372|
930373|
930374|
930375|
930400|
930401|
930402|
930403|
930404|
930405|
930406|
930407|
930432|
930433|
930434|
930435|
930436|
930437|
930438|
930439|
930464|
930465|
930466|
930467|
930468|
930469|
930470|
930471|
930496|
930497|
930498|
930499|
930500|
930501|
930502|
930503|
930528|
930529|
930530|
930531|
930532|
930533|
930534|
930535|
930560|
930561|
930562|
930563|
930564|
930565|
930566|
930567|
930592|
930593|
930594|
930595|
930596|
930597|
930598|
930599|
930624|
930625|
930626|
930627|
930628|
930629|
930630|
930631|
930656|
930657|
930658|
930659|
930660|
930661|
930662|
930663|
930688|
930689|
930690|
930691|
930692|
930693|
930694|
930695|
930720|
930721|
930722|
930723|
930724|
930725|
930726|
930727|
930752|
930753|
930754|
930755|
930756|
930757|
930758|
930759|
930784|
930785|
930786|
930787|
930788|
930789|
930790|
930791|
930816|
930817|
930818|
930819|
930820|
930821|
930822|
930823|
930848|
930849|
930850|
930851|
930852|
930853|
930854|
930855|
930880|
930881|
930882|
930883|
930884|
930885|
930886|
930887|
930912|
930913|
930914|
930915|
930916|
930917|
930918|
930919|
930944|
930945|
930946|
930947|
930948|
930949|
930950|
930951|
930976|
930977|
930978|
930979|
930980|
930981|
930982|
930983|
931008|
931009|
931010|
931011|
931012|
931013|
931014|
931015|
931040|
931041|
931042|
931043|
931044|
931045|
931046|
931047|
931072|
931073|
931074|
931075|
931076|
931077|
931078|
931079|
931104|
931105|
931106|
931107|
931108|
931109|
931110|
931111|
931136|
931137|
931138|
931139|
931140|
931141|
931142|
931143|
931168|
931169|
931170|
931171|
931172|
931173|
931174|
931175|
931200|
931201|
931202|
931203|
931204|
931205|
931206|
931207|
931232|
931233|
931234|
931235|
931236|
931237|
931238|
931239|
931264|
931265|
931266|
931267|
931268|
931269|
931270|
931271|
931296|
931297|
931298|
931299|
931300|
931301|
931302|
931303|
931328|
931329|
931330|
931331|
931332|
931333|
931334|
931335|
931360|
931361|
931362|
931363|
931364|
931365|
931366|
931367|
931392|
931393|
931394|
931395|
931396|
931397|
931398|
931399|
931424|
931425|
931426|
931427|
931428|
931429|
931430|
931431|
931456|
931457|
931458|
931459|
931460|
931461|
931462|
931463|
931488|
931489|
931490|
931491|
931492|
931493|
931494|
931495|
931520|
931521|
931522|
931523|
931524|
931525|
931526|
931527|
931552|
931553|
931554|
931555|
931556|
931557|
931558|
931559|
931584|
931585|
931586|
931587|
931588|
931589|
931590|
931591|
931616|
931617|
931618|
931619|
931620|
931621|
931622|
931623|
931648|
931649|
931650|
931651|
931652|
931653|
931654|
931655|
931680|
931681|
931682|
931683|
931684|
931685|
931686|
931687|
931712|
931713|
931714|
931715|
931716|
931717|
931718|
931719|
931744|
931745|
931746|
931747|
931748|
931749|
931750|
931751|
931776|
931777|
931778|
931779|
931780|
931781|
931782|
931783|
931808|
931809|
931810|
931811|
931812|
931813|
931814|
931815|
931840|
931841|
931842|
931843|
931844|
931845|
931846|
931847|
931872|
931873|
931874|
931875|
931876|
931877|
931878|
931879|
931904|
931905|
931906|
931907|
931908|
931909|
931910|
931911|
931936|
931937|
931938|
931939|
931940|
931941|
931942|
931943|
931968|
931969|
931970|
931971|
931972|
931973|
931974|
931975|
932000|
932001|
932002|
932003|
932004|
932005|
932006|
932007|
932032|
932033|
932034|
932035|
932036|
932037|
932038|
932039|
932064|
932065|
932066|
932067|
932068|
932069|
932070|
932071|
932096|
932097|
932098|
932099|
932100|
932101|
932102|
932103|
932128|
932129|
932130|
932131|
932132|
932133|
932134|
932135|
932160|
932161|
932162|
932163|
932164|
932165|
932166|
932167|
932192|
932193|
932194|
932195|
932196|
932197|
932198|
932199|
932224|
932225|
932226|
932227|
932228|
932229|
932230|
932231|
932256|
932257|
932258|
932259|
932260|
932261|
932262|
932263|
932288|
932289|
932290|
932291|
932292|
932293|
932294|
932295|
932320|
932321|
932322|
932323|
932324|
932325|
932326|
932327|
932352|
932353|
932354|
932355|
932356|
932357|
932358|
932359|
932384|
932385|
932386|
932387|
932388|
932389|
932390|
932391|
932416|
932417|
932418|
932419|
932420|
932421|
932422|
932423|
932448|
932449|
932450|
932451|
932452|
932453|
932454|
932455|
932480|
932481|
932482|
932483|
932484|
932485|
932486|
932487|
932512|
932513|
932514|
932515|
932516|
932517|
932518|
932519|
932544|
932545|
932546|
932547|
932548|
932549|
932550|
932551|
932576|
932577|
932578|
932579|
932580|
932581|
932582|
932583|
932608|
932609|
932610|
932611|
932612|
932613|
932614|
932615|
932640|
932641|
932642|
932643|
932644|
932645|
932646|
932647|
932672|
932673|
932674|
932675|
932676|
932677|
932678|
932679|
932704|
932705|
932706|
932707|
932708|
932709|
932710|
932711|
932736|
932737|
932738|
932739|
932740|
932741|
932742|
932743|
932768|
932769|
932770|
932771|
932772|
932773|
932774|
932775|
932800|
932801|
932802|
932803|
932804|
932805|
932806|
932807|
932832|
932833|
932834|
932835|
932836|
932837|
932838|
932839|
932864|
932865|
932866|
932867|
932868|
932869|
932870|
932871|
932896|
932897|
932898|
932899|
932900|
932901|
932902|
932903|
932928|
932929|
932930|
932931|
932932|
932933|
932934|
932935|
932960|
932961|
932962|
932963|
932964|
932965|
932966|
932967|
932992|
932993|
932994|
932995|
932996|
932997|
932998|
932999|
933024|
933025|
933026|
933027|
933028|
933029|
933030|
933031|
933056|
933057|
933058|
933059|
933060|
933061|
933062|
933063|
933088|
933089|
933090|
933091|
933092|
933093|
933094|
933095|
933120|
933121|
933122|
933123|
933124|
933125|
933126|
933127|
933152|
933153|
933154|
933155|
933156|
933157|
933158|
933159|
933184|
933185|
933186|
933187|
933188|
933189|
933190|
933191|
933216|
933217|
933218|
933219|
933220|
933221|
933222|
933223|
933248|
933249|
933250|
933251|
933252|
933253|
933254|
933255|
933280|
933281|
933282|
933283|
933284|
933285|
933286|
933287|
933312|
933313|
933314|
933315|
933316|
933317|
933318|
933319|
933344|
933345|
933346|
933347|
933348|
933349|
933350|
933351|
933376|
933377|
933378|
933379|
933380|
933381|
933382|
933383|
933408|
933409|
933410|
933411|
933412|
933413|
933414|
933415|
933440|
933441|
933442|
933443|
933444|
933445|
933446|
933447|
933472|
933473|
933474|
933475|
933476|
933477|
933478|
933479|
933504|
933505|
933506|
933507|
933508|
933509|
933510|
933511|
933536|
933537|
933538|
933539|
933540|
933541|
933542|
933543|
933568|
933569|
933570|
933571|
933572|
933573|
933574|
933575|
933600|
933601|
933602|
933603|
933604|
933605|
933606|
933607|
933632|
933633|
933634|
933635|
933636|
933637|
933638|
933639|
933664|
933665|
933666|
933667|
933668|
933669|
933670|
933671|
933696|
933697|
933698|
933699|
933700|
933701|
933702|
933703|
933728|
933729|
933730|
933731|
933732|
933733|
933734|
933735|
933760|
933761|
933762|
933763|
933764|
933765|
933766|
933767|
933792|
933793|
933794|
933795|
933796|
933797|
933798|
933799|
933824|
933825|
933826|
933827|
933828|
933829|
933830|
933831|
933856|
933857|
933858|
933859|
933860|
933861|
933862|
933863|
933888|
933889|
933890|
933891|
933892|
933893|
933894|
933895|
933920|
933921|
933922|
933923|
933924|
933925|
933926|
933927|
933952|
933953|
933954|
933955|
933956|
933957|
933958|
933959|
933984|
933985|
933986|
933987|
933988|
933989|
933990|
933991|
934016|
934017|
934018|
934019|
934020|
934021|
934022|
934023|
934048|
934049|
934050|
934051|
934052|
934053|
934054|
934055|
934080|
934081|
934082|
934083|
934084|
934085|
934086|
934087|
934112|
934113|
934114|
934115|
934116|
934117|
934118|
934119|
934144|
934145|
934146|
934147|
934148|
934149|
934150|
934151|
934176|
934177|
934178|
934179|
934180|
934181|
934182|
934183|
934208|
934209|
934210|
934211|
934212|
934213|
934214|
934215|
934240|
934241|
934242|
934243|
934244|
934245|
934246|
934247|
934272|
934273|
934274|
934275|
934276|
934277|
934278|
934279|
934304|
934305|
934306|
934307|
934308|
934309|
934310|
934311|
934336|
934337|
934338|
934339|
934340|
934341|
934342|
934343|
934368|
934369|
934370|
934371|
934372|
934373|
934374|
934375|
934400|
934401|
934402|
934403|
934404|
934405|
934406|
934407|
934432|
934433|
934434|
934435|
934436|
934437|
934438|
934439|
934464|
934465|
934466|
934467|
934468|
934469|
934470|
934471|
934496|
934497|
934498|
934499|
934500|
934501|
934502|
934503|
934528|
934529|
934530|
934531|
934532|
934533|
934534|
934535|
934560|
934561|
934562|
934563|
934564|
934565|
934566|
934567|
934592|
934593|
934594|
934595|
934596|
934597|
934598|
934599|
934624|
934625|
934626|
934627|
934628|
934629|
934630|
934631|
934656|
934657|
934658|
934659|
934660|
934661|
934662|
934663|
934688|
934689|
934690|
934691|
934692|
934693|
934694|
934695|
934720|
934721|
934722|
934723|
934724|
934725|
934726|
934727|
934752|
934753|
934754|
934755|
934756|
934757|
934758|
934759|
934784|
934785|
934786|
934787|
934788|
934789|
934790|
934791|
934816|
934817|
934818|
934819|
934820|
934821|
934822|
934823|
934848|
934849|
934850|
934851|
934852|
934853|
934854|
934855|
934880|
934881|
934882|
934883|
934884|
934885|
934886|
934887|
934912|
934913|
934914|
934915|
934916|
934917|
934918|
934919|
934944|
934945|
934946|
934947|
934948|
934949|
934950|
934951|
934976|
934977|
934978|
934979|
934980|
934981|
934982|
934983|
935008|
935009|
935010|
935011|
935012|
935013|
935014|
935015|
935040|
935041|
935042|
935043|
935044|
935045|
935046|
935047|
935072|
935073|
935074|
935075|
935076|
935077|
935078|
935079|
935104|
935105|
935106|
935107|
935108|
935109|
935110|
935111|
935136|
935137|
935138|
935139|
935140|
935141|
935142|
935143|
935168|
935169|
935170|
935171|
935172|
935173|
935174|
935175|
935200|
935201|
935202|
935203|
935204|
935205|
935206|
935207|
935232|
935233|
935234|
935235|
935236|
935237|
935238|
935239|
935264|
935265|
935266|
935267|
935268|
935269|
935270|
935271|
935296|
935297|
935298|
935299|
935300|
935301|
935302|
935303|
935328|
935329|
935330|
935331|
935332|
935333|
935334|
935335|
935360|
935361|
935362|
935363|
935364|
935365|
935366|
935367|
935392|
935393|
935394|
935395|
935396|
935397|
935398|
935399|
935424|
935425|
935426|
935427|
935428|
935429|
935430|
935431|
935456|
935457|
935458|
935459|
935460|
935461|
935462|
935463|
935488|
935489|
935490|
935491|
935492|
935493|
935494|
935495|
935520|
935521|
935522|
935523|
935524|
935525|
935526|
935527|
935552|
935553|
935554|
935555|
935556|
935557|
935558|
935559|
935584|
935585|
935586|
935587|
935588|
935589|
935590|
935591|
935616|
935617|
935618|
935619|
935620|
935621|
935622|
935623|
935648|
935649|
935650|
935651|
935652|
935653|
935654|
935655|
935680|
935681|
935682|
935683|
935684|
935685|
935686|
935687|
935712|
935713|
935714|
935715|
935716|
935717|
935718|
935719|
935744|
935745|
935746|
935747|
935748|
935749|
935750|
935751|
935776|
935777|
935778|
935779|
935780|
935781|
935782|
935783|
935808|
935809|
935810|
935811|
935812|
935813|
935814|
935815|
935840|
935841|
935842|
935843|
935844|
935845|
935846|
935847|
935872|
935873|
935874|
935875|
935876|
935877|
935878|
935879|
935904|
935905|
935906|
935907|
935908|
935909|
935910|
935911|
935936|
935937|
935938|
935939|
935940|
935941|
935942|
935943|
935968|
935969|
935970|
935971|
935972|
935973|
935974|
935975|
936000|
