228001|
228002|
228003|
228004|
228005|
228006|
228007|
228032|
228033|
228034|
228035|
228036|
228037|
228038|
228039|
228064|
228065|
228066|
228067|
228068|
228069|
228070|
228071|
228096|
228097|
228098|
228099|
228100|
228101|
228102|
228103|
228128|
228129|
228130|
228131|
228132|
228133|
228134|
228135|
228160|
228161|
228162|
228163|
228164|
228165|
228166|
228167|
228192|
228193|
228194|
228195|
228196|
228197|
228198|
228199|
228224|
228225|
228226|
228227|
228228|
228229|
228230|
228231|
228256|
228257|
228258|
228259|
228260|
228261|
228262|
228263|
228288|
228289|
228290|
228291|
228292|
228293|
228294|
228295|
228320|
228321|
228322|
228323|
228324|
228325|
228326|
228327|
228352|
228353|
228354|
228355|
228356|
228357|
228358|
228359|
228384|
228385|
228386|
228387|
228388|
228389|
228390|
228391|
228416|
228417|
228418|
228419|
228420|
228421|
228422|
228423|
228448|
228449|
228450|
228451|
228452|
228453|
228454|
228455|
228480|
228481|
228482|
228483|
228484|
228485|
228486|
228487|
228512|
228513|
228514|
228515|
228516|
228517|
228518|
228519|
228544|
228545|
228546|
228547|
228548|
228549|
228550|
228551|
228576|
228577|
228578|
228579|
228580|
228581|
228582|
228583|
228608|
228609|
228610|
228611|
228612|
228613|
228614|
228615|
228640|
228641|
228642|
228643|
228644|
228645|
228646|
228647|
228672|
228673|
228674|
228675|
228676|
228677|
228678|
228679|
228704|
228705|
228706|
228707|
228708|
228709|
228710|
228711|
228736|
228737|
228738|
228739|
228740|
228741|
228742|
228743|
228768|
228769|
228770|
228771|
228772|
228773|
228774|
228775|
228800|
228801|
228802|
228803|
228804|
228805|
228806|
228807|
228832|
228833|
228834|
228835|
228836|
228837|
228838|
228839|
228864|
228865|
228866|
228867|
228868|
228869|
228870|
228871|
228896|
228897|
228898|
228899|
228900|
228901|
228902|
228903|
228928|
228929|
228930|
228931|
228932|
228933|
228934|
228935|
228960|
228961|
228962|
228963|
228964|
228965|
228966|
228967|
228992|
228993|
228994|
228995|
228996|
228997|
228998|
228999|
229024|
229025|
229026|
229027|
229028|
229029|
229030|
229031|
229056|
229057|
229058|
229059|
229060|
229061|
229062|
229063|
229088|
229089|
229090|
229091|
229092|
229093|
229094|
229095|
229120|
229121|
229122|
229123|
229124|
229125|
229126|
229127|
229152|
229153|
229154|
229155|
229156|
229157|
229158|
229159|
229184|
229185|
229186|
229187|
229188|
229189|
229190|
229191|
229216|
229217|
229218|
229219|
229220|
229221|
229222|
229223|
229248|
229249|
229250|
229251|
229252|
229253|
229254|
229255|
229280|
229281|
229282|
229283|
229284|
229285|
229286|
229287|
229312|
229313|
229314|
229315|
229316|
229317|
229318|
229319|
229344|
229345|
229346|
229347|
229348|
229349|
229350|
229351|
229376|
229377|
229378|
229379|
229380|
229381|
229382|
229383|
229408|
229409|
229410|
229411|
229412|
229413|
229414|
229415|
229440|
229441|
229442|
229443|
229444|
229445|
229446|
229447|
229472|
229473|
229474|
229475|
229476|
229477|
229478|
229479|
229504|
229505|
229506|
229507|
229508|
229509|
229510|
229511|
229536|
229537|
229538|
229539|
229540|
229541|
229542|
229543|
229568|
229569|
229570|
229571|
229572|
229573|
229574|
229575|
229600|
229601|
229602|
229603|
229604|
229605|
229606|
229607|
229632|
229633|
229634|
229635|
229636|
229637|
229638|
229639|
229664|
229665|
229666|
229667|
229668|
229669|
229670|
229671|
229696|
229697|
229698|
229699|
229700|
229701|
229702|
229703|
229728|
229729|
229730|
229731|
229732|
229733|
229734|
229735|
229760|
229761|
229762|
229763|
229764|
229765|
229766|
229767|
229792|
229793|
229794|
229795|
229796|
229797|
229798|
229799|
229824|
229825|
229826|
229827|
229828|
229829|
229830|
229831|
229856|
229857|
229858|
229859|
229860|
229861|
229862|
229863|
229888|
229889|
229890|
229891|
229892|
229893|
229894|
229895|
229920|
229921|
229922|
229923|
229924|
229925|
229926|
229927|
229952|
229953|
229954|
229955|
229956|
229957|
229958|
229959|
229984|
229985|
229986|
229987|
229988|
229989|
229990|
229991|
230016|
230017|
230018|
230019|
230020|
230021|
230022|
230023|
230048|
230049|
230050|
230051|
230052|
230053|
230054|
230055|
230080|
230081|
230082|
230083|
230084|
230085|
230086|
230087|
230112|
230113|
230114|
230115|
230116|
230117|
230118|
230119|
230144|
230145|
230146|
230147|
230148|
230149|
230150|
230151|
230176|
230177|
230178|
230179|
230180|
230181|
230182|
230183|
230208|
230209|
230210|
230211|
230212|
230213|
230214|
230215|
230240|
230241|
230242|
230243|
230244|
230245|
230246|
230247|
230272|
230273|
230274|
230275|
230276|
230277|
230278|
230279|
230304|
230305|
230306|
230307|
230308|
230309|
230310|
230311|
230336|
230337|
230338|
230339|
230340|
230341|
230342|
230343|
230368|
230369|
230370|
230371|
230372|
230373|
230374|
230375|
230400|
230401|
230402|
230403|
230404|
230405|
230406|
230407|
230432|
230433|
230434|
230435|
230436|
230437|
230438|
230439|
230464|
230465|
230466|
230467|
230468|
230469|
230470|
230471|
230496|
230497|
230498|
230499|
230500|
230501|
230502|
230503|
230528|
230529|
230530|
230531|
230532|
230533|
230534|
230535|
230560|
230561|
230562|
230563|
230564|
230565|
230566|
230567|
230592|
230593|
230594|
230595|
230596|
230597|
230598|
230599|
230624|
230625|
230626|
230627|
230628|
230629|
230630|
230631|
230656|
230657|
230658|
230659|
230660|
230661|
230662|
230663|
230688|
230689|
230690|
230691|
230692|
230693|
230694|
230695|
230720|
230721|
230722|
230723|
230724|
230725|
230726|
230727|
230752|
230753|
230754|
230755|
230756|
230757|
230758|
230759|
230784|
230785|
230786|
230787|
230788|
230789|
230790|
230791|
230816|
230817|
230818|
230819|
230820|
230821|
230822|
230823|
230848|
230849|
230850|
230851|
230852|
230853|
230854|
230855|
230880|
230881|
230882|
230883|
230884|
230885|
230886|
230887|
230912|
230913|
230914|
230915|
230916|
230917|
230918|
230919|
230944|
230945|
230946|
230947|
230948|
230949|
230950|
230951|
230976|
230977|
230978|
230979|
230980|
230981|
230982|
230983|
231008|
231009|
231010|
231011|
231012|
231013|
231014|
231015|
231040|
231041|
231042|
231043|
231044|
231045|
231046|
231047|
231072|
231073|
231074|
231075|
231076|
231077|
231078|
231079|
231104|
231105|
231106|
231107|
231108|
231109|
231110|
231111|
231136|
231137|
231138|
231139|
231140|
231141|
231142|
231143|
231168|
231169|
231170|
231171|
231172|
231173|
231174|
231175|
231200|
231201|
231202|
231203|
231204|
231205|
231206|
231207|
231232|
231233|
231234|
231235|
231236|
231237|
231238|
231239|
231264|
231265|
231266|
231267|
231268|
231269|
231270|
231271|
231296|
231297|
231298|
231299|
231300|
231301|
231302|
231303|
231328|
231329|
231330|
231331|
231332|
231333|
231334|
231335|
231360|
231361|
231362|
231363|
231364|
231365|
231366|
231367|
231392|
231393|
231394|
231395|
231396|
231397|
231398|
231399|
231424|
231425|
231426|
231427|
231428|
231429|
231430|
231431|
231456|
231457|
231458|
231459|
231460|
231461|
231462|
231463|
231488|
231489|
231490|
231491|
231492|
231493|
231494|
231495|
231520|
231521|
231522|
231523|
231524|
231525|
231526|
231527|
231552|
231553|
231554|
231555|
231556|
231557|
231558|
231559|
231584|
231585|
231586|
231587|
231588|
231589|
231590|
231591|
231616|
231617|
231618|
231619|
231620|
231621|
231622|
231623|
231648|
231649|
231650|
231651|
231652|
231653|
231654|
231655|
231680|
231681|
231682|
231683|
231684|
231685|
231686|
231687|
231712|
231713|
231714|
231715|
231716|
231717|
231718|
231719|
231744|
231745|
231746|
231747|
231748|
231749|
231750|
231751|
231776|
231777|
231778|
231779|
231780|
231781|
231782|
231783|
231808|
231809|
231810|
231811|
231812|
231813|
231814|
231815|
231840|
231841|
231842|
231843|
231844|
231845|
231846|
231847|
231872|
231873|
231874|
231875|
231876|
231877|
231878|
231879|
231904|
231905|
231906|
231907|
231908|
231909|
231910|
231911|
231936|
231937|
231938|
231939|
231940|
231941|
231942|
231943|
231968|
231969|
231970|
231971|
231972|
231973|
231974|
231975|
232000|
232001|
232002|
232003|
232004|
232005|
232006|
232007|
232032|
232033|
232034|
232035|
232036|
232037|
232038|
232039|
232064|
232065|
232066|
232067|
232068|
232069|
232070|
232071|
232096|
232097|
232098|
232099|
232100|
232101|
232102|
232103|
232128|
232129|
232130|
232131|
232132|
232133|
232134|
232135|
232160|
232161|
232162|
232163|
232164|
232165|
232166|
232167|
232192|
232193|
232194|
232195|
232196|
232197|
232198|
232199|
232224|
232225|
232226|
232227|
232228|
232229|
232230|
232231|
232256|
232257|
232258|
232259|
232260|
232261|
232262|
232263|
232288|
232289|
232290|
232291|
232292|
232293|
232294|
232295|
232320|
232321|
232322|
232323|
232324|
232325|
232326|
232327|
232352|
232353|
232354|
232355|
232356|
232357|
232358|
232359|
232384|
232385|
232386|
232387|
232388|
232389|
232390|
232391|
232416|
232417|
232418|
232419|
232420|
232421|
232422|
232423|
232448|
232449|
232450|
232451|
232452|
232453|
232454|
232455|
232480|
232481|
232482|
232483|
232484|
232485|
232486|
232487|
232512|
232513|
232514|
232515|
232516|
232517|
232518|
232519|
232544|
232545|
232546|
232547|
232548|
232549|
232550|
232551|
232576|
232577|
232578|
232579|
232580|
232581|
232582|
232583|
232608|
232609|
232610|
232611|
232612|
232613|
232614|
232615|
232640|
232641|
232642|
232643|
232644|
232645|
232646|
232647|
232672|
232673|
232674|
232675|
232676|
232677|
232678|
232679|
232704|
232705|
232706|
232707|
232708|
232709|
232710|
232711|
232736|
232737|
232738|
232739|
232740|
232741|
232742|
232743|
232768|
232769|
232770|
232771|
232772|
232773|
232774|
232775|
232800|
232801|
232802|
232803|
232804|
232805|
232806|
232807|
232832|
232833|
232834|
232835|
232836|
232837|
232838|
232839|
232864|
232865|
232866|
232867|
232868|
232869|
232870|
232871|
232896|
232897|
232898|
232899|
232900|
232901|
232902|
232903|
232928|
232929|
232930|
232931|
232932|
232933|
232934|
232935|
232960|
232961|
232962|
232963|
232964|
232965|
232966|
232967|
232992|
232993|
232994|
232995|
232996|
232997|
232998|
232999|
233024|
233025|
233026|
233027|
233028|
233029|
233030|
233031|
233056|
233057|
233058|
233059|
233060|
233061|
233062|
233063|
233088|
233089|
233090|
233091|
233092|
233093|
233094|
233095|
233120|
233121|
233122|
233123|
233124|
233125|
233126|
233127|
233152|
233153|
233154|
233155|
233156|
233157|
233158|
233159|
233184|
233185|
233186|
233187|
233188|
233189|
233190|
233191|
233216|
233217|
233218|
233219|
233220|
233221|
233222|
233223|
233248|
233249|
233250|
233251|
233252|
233253|
233254|
233255|
233280|
233281|
233282|
233283|
233284|
233285|
233286|
233287|
233312|
233313|
233314|
233315|
233316|
233317|
233318|
233319|
233344|
233345|
233346|
233347|
233348|
233349|
233350|
233351|
233376|
233377|
233378|
233379|
233380|
233381|
233382|
233383|
233408|
233409|
233410|
233411|
233412|
233413|
233414|
233415|
233440|
233441|
233442|
233443|
233444|
233445|
233446|
233447|
233472|
233473|
233474|
233475|
233476|
233477|
233478|
233479|
233504|
233505|
233506|
233507|
233508|
233509|
233510|
233511|
233536|
233537|
233538|
233539|
233540|
233541|
233542|
233543|
233568|
233569|
233570|
233571|
233572|
233573|
233574|
233575|
233600|
233601|
233602|
233603|
233604|
233605|
233606|
233607|
233632|
233633|
233634|
233635|
233636|
233637|
233638|
233639|
233664|
233665|
233666|
233667|
233668|
233669|
233670|
233671|
233696|
233697|
233698|
233699|
233700|
233701|
233702|
233703|
233728|
233729|
233730|
233731|
233732|
233733|
233734|
233735|
233760|
233761|
233762|
233763|
233764|
233765|
233766|
233767|
233792|
233793|
233794|
233795|
233796|
233797|
233798|
233799|
233824|
233825|
233826|
233827|
233828|
233829|
233830|
233831|
233856|
233857|
233858|
233859|
233860|
233861|
233862|
233863|
233888|
233889|
233890|
233891|
233892|
233893|
233894|
233895|
233920|
233921|
233922|
233923|
233924|
233925|
233926|
233927|
233952|
233953|
233954|
233955|
233956|
233957|
233958|
233959|
233984|
233985|
233986|
233987|
233988|
