1512001|
1512002|
1512003|
1512004|
1512005|
1512006|
1512007|
1512032|
1512033|
1512034|
1512035|
1512036|
1512037|
1512038|
1512039|
1512064|
1512065|
1512066|
1512067|
1512068|
1512069|
1512070|
1512071|
1512096|
1512097|
1512098|
1512099|
1512100|
1512101|
1512102|
1512103|
1512128|
1512129|
1512130|
1512131|
1512132|
1512133|
1512134|
1512135|
1512160|
1512161|
1512162|
1512163|
1512164|
1512165|
1512166|
1512167|
1512192|
1512193|
1512194|
1512195|
1512196|
1512197|
1512198|
1512199|
1512224|
1512225|
1512226|
1512227|
1512228|
1512229|
1512230|
1512231|
1512256|
1512257|
1512258|
1512259|
1512260|
1512261|
1512262|
1512263|
1512288|
1512289|
1512290|
1512291|
1512292|
1512293|
1512294|
1512295|
1512320|
1512321|
1512322|
1512323|
1512324|
1512325|
1512326|
1512327|
1512352|
1512353|
1512354|
1512355|
1512356|
1512357|
1512358|
1512359|
1512384|
1512385|
1512386|
1512387|
1512388|
1512389|
1512390|
1512391|
1512416|
1512417|
1512418|
1512419|
1512420|
1512421|
1512422|
1512423|
1512448|
1512449|
1512450|
1512451|
1512452|
1512453|
1512454|
1512455|
1512480|
1512481|
1512482|
1512483|
1512484|
1512485|
1512486|
1512487|
1512512|
1512513|
1512514|
1512515|
1512516|
1512517|
1512518|
1512519|
1512544|
1512545|
1512546|
1512547|
1512548|
1512549|
1512550|
1512551|
1512576|
1512577|
1512578|
1512579|
1512580|
1512581|
1512582|
1512583|
1512608|
1512609|
1512610|
1512611|
1512612|
1512613|
1512614|
1512615|
1512640|
1512641|
1512642|
1512643|
1512644|
1512645|
1512646|
1512647|
1512672|
1512673|
1512674|
1512675|
1512676|
1512677|
1512678|
1512679|
1512704|
1512705|
1512706|
1512707|
1512708|
1512709|
1512710|
1512711|
1512736|
1512737|
1512738|
1512739|
1512740|
1512741|
1512742|
1512743|
1512768|
1512769|
1512770|
1512771|
1512772|
1512773|
1512774|
1512775|
1512800|
1512801|
1512802|
1512803|
1512804|
1512805|
1512806|
1512807|
1512832|
1512833|
1512834|
1512835|
1512836|
1512837|
1512838|
1512839|
1512864|
1512865|
1512866|
1512867|
1512868|
1512869|
1512870|
1512871|
1512896|
1512897|
1512898|
1512899|
1512900|
1512901|
1512902|
1512903|
1512928|
1512929|
1512930|
1512931|
1512932|
1512933|
1512934|
1512935|
1512960|
1512961|
1512962|
1512963|
1512964|
1512965|
1512966|
1512967|
1512992|
1512993|
1512994|
1512995|
1512996|
1512997|
1512998|
1512999|
1513024|
1513025|
1513026|
1513027|
1513028|
1513029|
1513030|
1513031|
1513056|
1513057|
1513058|
1513059|
1513060|
1513061|
1513062|
1513063|
1513088|
1513089|
1513090|
1513091|
1513092|
1513093|
1513094|
1513095|
1513120|
1513121|
1513122|
1513123|
1513124|
1513125|
1513126|
1513127|
1513152|
1513153|
1513154|
1513155|
1513156|
1513157|
1513158|
1513159|
1513184|
1513185|
1513186|
1513187|
1513188|
1513189|
1513190|
1513191|
1513216|
1513217|
1513218|
1513219|
1513220|
1513221|
1513222|
1513223|
1513248|
1513249|
1513250|
1513251|
1513252|
1513253|
1513254|
1513255|
1513280|
1513281|
1513282|
1513283|
1513284|
1513285|
1513286|
1513287|
1513312|
1513313|
1513314|
1513315|
1513316|
1513317|
1513318|
1513319|
1513344|
1513345|
1513346|
1513347|
1513348|
1513349|
1513350|
1513351|
1513376|
1513377|
1513378|
1513379|
1513380|
1513381|
1513382|
1513383|
1513408|
1513409|
1513410|
1513411|
1513412|
1513413|
1513414|
1513415|
1513440|
1513441|
1513442|
1513443|
1513444|
1513445|
1513446|
1513447|
1513472|
1513473|
1513474|
1513475|
1513476|
1513477|
1513478|
1513479|
1513504|
1513505|
1513506|
1513507|
1513508|
1513509|
1513510|
1513511|
1513536|
1513537|
1513538|
1513539|
1513540|
1513541|
1513542|
1513543|
1513568|
1513569|
1513570|
1513571|
1513572|
1513573|
1513574|
1513575|
1513600|
1513601|
1513602|
1513603|
1513604|
1513605|
1513606|
1513607|
1513632|
1513633|
1513634|
1513635|
1513636|
1513637|
1513638|
1513639|
1513664|
1513665|
1513666|
1513667|
1513668|
1513669|
1513670|
1513671|
1513696|
1513697|
1513698|
1513699|
1513700|
1513701|
1513702|
1513703|
1513728|
1513729|
1513730|
1513731|
1513732|
1513733|
1513734|
1513735|
1513760|
1513761|
1513762|
1513763|
1513764|
1513765|
1513766|
1513767|
1513792|
1513793|
1513794|
1513795|
1513796|
1513797|
1513798|
1513799|
1513824|
1513825|
1513826|
1513827|
1513828|
1513829|
1513830|
1513831|
1513856|
1513857|
1513858|
1513859|
1513860|
1513861|
1513862|
1513863|
1513888|
1513889|
1513890|
1513891|
1513892|
1513893|
1513894|
1513895|
1513920|
1513921|
1513922|
1513923|
1513924|
1513925|
1513926|
1513927|
1513952|
1513953|
1513954|
1513955|
1513956|
1513957|
1513958|
1513959|
1513984|
1513985|
1513986|
1513987|
1513988|
1513989|
1513990|
1513991|
1514016|
1514017|
1514018|
1514019|
1514020|
1514021|
1514022|
1514023|
1514048|
1514049|
1514050|
1514051|
1514052|
1514053|
1514054|
1514055|
1514080|
1514081|
1514082|
1514083|
1514084|
1514085|
1514086|
1514087|
1514112|
1514113|
1514114|
1514115|
1514116|
1514117|
1514118|
1514119|
1514144|
1514145|
1514146|
1514147|
1514148|
1514149|
1514150|
1514151|
1514176|
1514177|
1514178|
1514179|
1514180|
1514181|
1514182|
1514183|
1514208|
1514209|
1514210|
1514211|
1514212|
1514213|
1514214|
1514215|
1514240|
1514241|
1514242|
1514243|
1514244|
1514245|
1514246|
1514247|
1514272|
1514273|
1514274|
1514275|
1514276|
1514277|
1514278|
1514279|
1514304|
1514305|
1514306|
1514307|
1514308|
1514309|
1514310|
1514311|
1514336|
1514337|
1514338|
1514339|
1514340|
1514341|
1514342|
1514343|
1514368|
1514369|
1514370|
1514371|
1514372|
1514373|
1514374|
1514375|
1514400|
1514401|
1514402|
1514403|
1514404|
1514405|
1514406|
1514407|
1514432|
1514433|
1514434|
1514435|
1514436|
1514437|
1514438|
1514439|
1514464|
1514465|
1514466|
1514467|
1514468|
1514469|
1514470|
1514471|
1514496|
1514497|
1514498|
1514499|
1514500|
1514501|
1514502|
1514503|
1514528|
1514529|
1514530|
1514531|
1514532|
1514533|
1514534|
1514535|
1514560|
1514561|
1514562|
1514563|
1514564|
1514565|
1514566|
1514567|
1514592|
1514593|
1514594|
1514595|
1514596|
1514597|
1514598|
1514599|
1514624|
1514625|
1514626|
1514627|
1514628|
1514629|
1514630|
1514631|
1514656|
1514657|
1514658|
1514659|
1514660|
1514661|
1514662|
1514663|
1514688|
1514689|
1514690|
1514691|
1514692|
1514693|
1514694|
1514695|
1514720|
1514721|
1514722|
1514723|
1514724|
1514725|
1514726|
1514727|
1514752|
1514753|
1514754|
1514755|
1514756|
1514757|
1514758|
1514759|
1514784|
1514785|
1514786|
1514787|
1514788|
1514789|
1514790|
1514791|
1514816|
1514817|
1514818|
1514819|
1514820|
1514821|
1514822|
1514823|
1514848|
1514849|
1514850|
1514851|
1514852|
1514853|
1514854|
1514855|
1514880|
1514881|
1514882|
1514883|
1514884|
1514885|
1514886|
1514887|
1514912|
1514913|
1514914|
1514915|
1514916|
1514917|
1514918|
1514919|
1514944|
1514945|
1514946|
1514947|
1514948|
1514949|
1514950|
1514951|
1514976|
1514977|
1514978|
1514979|
1514980|
1514981|
1514982|
1514983|
1515008|
1515009|
1515010|
1515011|
1515012|
1515013|
1515014|
1515015|
1515040|
1515041|
1515042|
1515043|
1515044|
1515045|
1515046|
1515047|
1515072|
1515073|
1515074|
1515075|
1515076|
1515077|
1515078|
1515079|
1515104|
1515105|
1515106|
1515107|
1515108|
1515109|
1515110|
1515111|
1515136|
1515137|
1515138|
1515139|
1515140|
1515141|
1515142|
1515143|
1515168|
1515169|
1515170|
1515171|
1515172|
1515173|
1515174|
1515175|
1515200|
1515201|
1515202|
1515203|
1515204|
1515205|
1515206|
1515207|
1515232|
1515233|
1515234|
1515235|
1515236|
1515237|
1515238|
1515239|
1515264|
1515265|
1515266|
1515267|
1515268|
1515269|
1515270|
1515271|
1515296|
1515297|
1515298|
1515299|
1515300|
1515301|
1515302|
1515303|
1515328|
1515329|
1515330|
1515331|
1515332|
1515333|
1515334|
1515335|
1515360|
1515361|
1515362|
1515363|
1515364|
1515365|
1515366|
1515367|
1515392|
1515393|
1515394|
1515395|
1515396|
1515397|
1515398|
1515399|
1515424|
1515425|
1515426|
1515427|
1515428|
1515429|
1515430|
1515431|
1515456|
1515457|
1515458|
1515459|
1515460|
1515461|
1515462|
1515463|
1515488|
1515489|
1515490|
1515491|
1515492|
1515493|
1515494|
1515495|
1515520|
1515521|
1515522|
1515523|
1515524|
1515525|
1515526|
1515527|
1515552|
1515553|
1515554|
1515555|
1515556|
1515557|
1515558|
1515559|
1515584|
1515585|
1515586|
1515587|
1515588|
1515589|
1515590|
1515591|
1515616|
1515617|
1515618|
1515619|
1515620|
1515621|
1515622|
1515623|
1515648|
1515649|
1515650|
1515651|
1515652|
1515653|
1515654|
1515655|
1515680|
1515681|
1515682|
1515683|
1515684|
1515685|
1515686|
1515687|
1515712|
1515713|
1515714|
1515715|
1515716|
1515717|
1515718|
1515719|
1515744|
1515745|
1515746|
1515747|
1515748|
1515749|
1515750|
1515751|
1515776|
1515777|
1515778|
1515779|
1515780|
1515781|
1515782|
1515783|
1515808|
1515809|
1515810|
1515811|
1515812|
1515813|
1515814|
1515815|
1515840|
1515841|
1515842|
1515843|
1515844|
1515845|
1515846|
1515847|
1515872|
1515873|
1515874|
1515875|
1515876|
1515877|
1515878|
1515879|
1515904|
1515905|
1515906|
1515907|
1515908|
1515909|
1515910|
1515911|
1515936|
1515937|
1515938|
1515939|
1515940|
1515941|
1515942|
1515943|
1515968|
1515969|
1515970|
1515971|
1515972|
1515973|
1515974|
1515975|
1516000|
1516001|
1516002|
1516003|
1516004|
1516005|
1516006|
1516007|
1516032|
1516033|
1516034|
1516035|
1516036|
1516037|
1516038|
1516039|
1516064|
1516065|
1516066|
1516067|
1516068|
1516069|
1516070|
1516071|
1516096|
1516097|
1516098|
1516099|
1516100|
1516101|
1516102|
1516103|
1516128|
1516129|
1516130|
1516131|
1516132|
1516133|
1516134|
1516135|
1516160|
1516161|
1516162|
1516163|
1516164|
1516165|
1516166|
1516167|
1516192|
1516193|
1516194|
1516195|
1516196|
1516197|
1516198|
1516199|
1516224|
1516225|
1516226|
1516227|
1516228|
1516229|
1516230|
1516231|
1516256|
1516257|
1516258|
1516259|
1516260|
1516261|
1516262|
1516263|
1516288|
1516289|
1516290|
1516291|
1516292|
1516293|
1516294|
1516295|
1516320|
1516321|
1516322|
1516323|
1516324|
1516325|
1516326|
1516327|
1516352|
1516353|
1516354|
1516355|
1516356|
1516357|
1516358|
1516359|
1516384|
1516385|
1516386|
1516387|
1516388|
1516389|
1516390|
1516391|
1516416|
1516417|
1516418|
1516419|
1516420|
1516421|
1516422|
1516423|
1516448|
1516449|
1516450|
1516451|
1516452|
1516453|
1516454|
1516455|
1516480|
1516481|
1516482|
1516483|
1516484|
1516485|
1516486|
1516487|
1516512|
1516513|
1516514|
1516515|
1516516|
1516517|
1516518|
1516519|
1516544|
1516545|
1516546|
1516547|
1516548|
1516549|
1516550|
1516551|
1516576|
1516577|
1516578|
1516579|
1516580|
1516581|
1516582|
1516583|
1516608|
1516609|
1516610|
1516611|
1516612|
1516613|
1516614|
1516615|
1516640|
1516641|
1516642|
1516643|
1516644|
1516645|
1516646|
1516647|
1516672|
1516673|
1516674|
1516675|
1516676|
1516677|
1516678|
1516679|
1516704|
1516705|
1516706|
1516707|
1516708|
1516709|
1516710|
1516711|
1516736|
1516737|
1516738|
1516739|
1516740|
1516741|
1516742|
1516743|
1516768|
1516769|
1516770|
1516771|
1516772|
1516773|
1516774|
1516775|
1516800|
1516801|
1516802|
1516803|
1516804|
1516805|
1516806|
1516807|
1516832|
1516833|
1516834|
1516835|
1516836|
1516837|
1516838|
1516839|
1516864|
1516865|
1516866|
1516867|
1516868|
1516869|
1516870|
1516871|
1516896|
1516897|
1516898|
1516899|
1516900|
1516901|
1516902|
1516903|
1516928|
1516929|
1516930|
1516931|
1516932|
1516933|
1516934|
1516935|
1516960|
1516961|
1516962|
1516963|
1516964|
1516965|
1516966|
1516967|
1516992|
1516993|
1516994|
1516995|
1516996|
1516997|
1516998|
1516999|
1517024|
1517025|
1517026|
1517027|
1517028|
1517029|
1517030|
1517031|
1517056|
1517057|
1517058|
1517059|
1517060|
1517061|
1517062|
1517063|
1517088|
1517089|
1517090|
1517091|
1517092|
1517093|
1517094|
1517095|
1517120|
1517121|
1517122|
1517123|
1517124|
1517125|
1517126|
1517127|
1517152|
1517153|
1517154|
1517155|
1517156|
1517157|
1517158|
1517159|
1517184|
1517185|
1517186|
1517187|
1517188|
1517189|
1517190|
1517191|
1517216|
1517217|
1517218|
1517219|
1517220|
1517221|
1517222|
1517223|
1517248|
1517249|
1517250|
1517251|
1517252|
1517253|
1517254|
1517255|
1517280|
1517281|
1517282|
1517283|
1517284|
1517285|
1517286|
1517287|
1517312|
1517313|
1517314|
1517315|
1517316|
1517317|
1517318|
1517319|
1517344|
1517345|
1517346|
1517347|
1517348|
1517349|
1517350|
1517351|
1517376|
1517377|
1517378|
1517379|
1517380|
1517381|
1517382|
1517383|
1517408|
1517409|
1517410|
1517411|
1517412|
1517413|
1517414|
1517415|
1517440|
1517441|
1517442|
1517443|
1517444|
1517445|
1517446|
1517447|
1517472|
1517473|
1517474|
1517475|
1517476|
1517477|
1517478|
1517479|
1517504|
1517505|
1517506|
1517507|
1517508|
1517509|
1517510|
1517511|
1517536|
1517537|
1517538|
1517539|
1517540|
1517541|
1517542|
1517543|
1517568|
1517569|
1517570|
1517571|
1517572|
1517573|
1517574|
1517575|
1517600|
1517601|
1517602|
1517603|
1517604|
1517605|
1517606|
1517607|
1517632|
1517633|
1517634|
1517635|
1517636|
1517637|
1517638|
1517639|
1517664|
1517665|
1517666|
1517667|
1517668|
1517669|
1517670|
1517671|
1517696|
1517697|
1517698|
1517699|
1517700|
1517701|
1517702|
1517703|
1517728|
1517729|
1517730|
1517731|
1517732|
1517733|
1517734|
1517735|
1517760|
1517761|
1517762|
1517763|
1517764|
1517765|
1517766|
1517767|
1517792|
1517793|
1517794|
1517795|
1517796|
1517797|
1517798|
1517799|
1517824|
1517825|
1517826|
1517827|
1517828|
1517829|
1517830|
1517831|
1517856|
1517857|
1517858|
1517859|
1517860|
1517861|
1517862|
1517863|
1517888|
1517889|
1517890|
1517891|
1517892|
1517893|
1517894|
1517895|
1517920|
1517921|
1517922|
1517923|
1517924|
1517925|
1517926|
1517927|
1517952|
1517953|
1517954|
1517955|
1517956|
1517957|
1517958|
1517959|
1517984|
1517985|
1517986|
1517987|
1517988|
