413989|
413990|
413991|
414016|
414017|
414018|
414019|
414020|
414021|
414022|
414023|
414048|
414049|
414050|
414051|
414052|
414053|
414054|
414055|
414080|
414081|
414082|
414083|
414084|
414085|
414086|
414087|
414112|
414113|
414114|
414115|
414116|
414117|
414118|
414119|
414144|
414145|
414146|
414147|
414148|
414149|
414150|
414151|
414176|
414177|
414178|
414179|
414180|
414181|
414182|
414183|
414208|
414209|
414210|
414211|
414212|
414213|
414214|
414215|
414240|
414241|
414242|
414243|
414244|
414245|
414246|
414247|
414272|
414273|
414274|
414275|
414276|
414277|
414278|
414279|
414304|
414305|
414306|
414307|
414308|
414309|
414310|
414311|
414336|
414337|
414338|
414339|
414340|
414341|
414342|
414343|
414368|
414369|
414370|
414371|
414372|
414373|
414374|
414375|
414400|
414401|
414402|
414403|
414404|
414405|
414406|
414407|
414432|
414433|
414434|
414435|
414436|
414437|
414438|
414439|
414464|
414465|
414466|
414467|
414468|
414469|
414470|
414471|
414496|
414497|
414498|
414499|
414500|
414501|
414502|
414503|
414528|
414529|
414530|
414531|
414532|
414533|
414534|
414535|
414560|
414561|
414562|
414563|
414564|
414565|
414566|
414567|
414592|
414593|
414594|
414595|
414596|
414597|
414598|
414599|
414624|
414625|
414626|
414627|
414628|
414629|
414630|
414631|
414656|
414657|
414658|
414659|
414660|
414661|
414662|
414663|
414688|
414689|
414690|
414691|
414692|
414693|
414694|
414695|
414720|
414721|
414722|
414723|
414724|
414725|
414726|
414727|
414752|
414753|
414754|
414755|
414756|
414757|
414758|
414759|
414784|
414785|
414786|
414787|
414788|
414789|
414790|
414791|
414816|
414817|
414818|
414819|
414820|
414821|
414822|
414823|
414848|
414849|
414850|
414851|
414852|
414853|
414854|
414855|
414880|
414881|
414882|
414883|
414884|
414885|
414886|
414887|
414912|
414913|
414914|
414915|
414916|
414917|
414918|
414919|
414944|
414945|
414946|
414947|
414948|
414949|
414950|
414951|
414976|
414977|
414978|
414979|
414980|
414981|
414982|
414983|
415008|
415009|
415010|
415011|
415012|
415013|
415014|
415015|
415040|
415041|
415042|
415043|
415044|
415045|
415046|
415047|
415072|
415073|
415074|
415075|
415076|
415077|
415078|
415079|
415104|
415105|
415106|
415107|
415108|
415109|
415110|
415111|
415136|
415137|
415138|
415139|
415140|
415141|
415142|
415143|
415168|
415169|
415170|
415171|
415172|
415173|
415174|
415175|
415200|
415201|
415202|
415203|
415204|
415205|
415206|
415207|
415232|
415233|
415234|
415235|
415236|
415237|
415238|
415239|
415264|
415265|
415266|
415267|
415268|
415269|
415270|
415271|
415296|
415297|
415298|
415299|
415300|
415301|
415302|
415303|
415328|
415329|
415330|
415331|
415332|
415333|
415334|
415335|
415360|
415361|
415362|
415363|
415364|
415365|
415366|
415367|
415392|
415393|
415394|
415395|
415396|
415397|
415398|
415399|
415424|
415425|
415426|
415427|
415428|
415429|
415430|
415431|
415456|
415457|
415458|
415459|
415460|
415461|
415462|
415463|
415488|
415489|
415490|
415491|
415492|
415493|
415494|
415495|
415520|
415521|
415522|
415523|
415524|
415525|
415526|
415527|
415552|
415553|
415554|
415555|
415556|
415557|
415558|
415559|
415584|
415585|
415586|
415587|
415588|
415589|
415590|
415591|
415616|
415617|
415618|
415619|
415620|
415621|
415622|
415623|
415648|
415649|
415650|
415651|
415652|
415653|
415654|
415655|
415680|
415681|
415682|
415683|
415684|
415685|
415686|
415687|
415712|
415713|
415714|
415715|
415716|
415717|
415718|
415719|
415744|
415745|
415746|
415747|
415748|
415749|
415750|
415751|
415776|
415777|
415778|
415779|
415780|
415781|
415782|
415783|
415808|
415809|
415810|
415811|
415812|
415813|
415814|
415815|
415840|
415841|
415842|
415843|
415844|
415845|
415846|
415847|
415872|
415873|
415874|
415875|
415876|
415877|
415878|
415879|
415904|
415905|
415906|
415907|
415908|
415909|
415910|
415911|
415936|
415937|
415938|
415939|
415940|
415941|
415942|
415943|
415968|
415969|
415970|
415971|
415972|
415973|
415974|
415975|
416000|
416001|
416002|
416003|
416004|
416005|
416006|
416007|
416032|
416033|
416034|
416035|
416036|
416037|
416038|
416039|
416064|
416065|
416066|
416067|
416068|
416069|
416070|
416071|
416096|
416097|
416098|
416099|
416100|
416101|
416102|
416103|
416128|
416129|
416130|
416131|
416132|
416133|
416134|
416135|
416160|
416161|
416162|
416163|
416164|
416165|
416166|
416167|
416192|
416193|
416194|
416195|
416196|
416197|
416198|
416199|
416224|
416225|
416226|
416227|
416228|
416229|
416230|
416231|
416256|
416257|
416258|
416259|
416260|
416261|
416262|
416263|
416288|
416289|
416290|
416291|
416292|
416293|
416294|
416295|
416320|
416321|
416322|
416323|
416324|
416325|
416326|
416327|
416352|
416353|
416354|
416355|
416356|
416357|
416358|
416359|
416384|
416385|
416386|
416387|
416388|
416389|
416390|
416391|
416416|
416417|
416418|
416419|
416420|
416421|
416422|
416423|
416448|
416449|
416450|
416451|
416452|
416453|
416454|
416455|
416480|
416481|
416482|
416483|
416484|
416485|
416486|
416487|
416512|
416513|
416514|
416515|
416516|
416517|
416518|
416519|
416544|
416545|
416546|
416547|
416548|
416549|
416550|
416551|
416576|
416577|
416578|
416579|
416580|
416581|
416582|
416583|
416608|
416609|
416610|
416611|
416612|
416613|
416614|
416615|
416640|
416641|
416642|
416643|
416644|
416645|
416646|
416647|
416672|
416673|
416674|
416675|
416676|
416677|
416678|
416679|
416704|
416705|
416706|
416707|
416708|
416709|
416710|
416711|
416736|
416737|
416738|
416739|
416740|
416741|
416742|
416743|
416768|
416769|
416770|
416771|
416772|
416773|
416774|
416775|
416800|
416801|
416802|
416803|
416804|
416805|
416806|
416807|
416832|
416833|
416834|
416835|
416836|
416837|
416838|
416839|
416864|
416865|
416866|
416867|
416868|
416869|
416870|
416871|
416896|
416897|
416898|
416899|
416900|
416901|
416902|
416903|
416928|
416929|
416930|
416931|
416932|
416933|
416934|
416935|
416960|
416961|
416962|
416963|
416964|
416965|
416966|
416967|
416992|
416993|
416994|
416995|
416996|
416997|
416998|
416999|
417024|
417025|
417026|
417027|
417028|
417029|
417030|
417031|
417056|
417057|
417058|
417059|
417060|
417061|
417062|
417063|
417088|
417089|
417090|
417091|
417092|
417093|
417094|
417095|
417120|
417121|
417122|
417123|
417124|
417125|
417126|
417127|
417152|
417153|
417154|
417155|
417156|
417157|
417158|
417159|
417184|
417185|
417186|
417187|
417188|
417189|
417190|
417191|
417216|
417217|
417218|
417219|
417220|
417221|
417222|
417223|
417248|
417249|
417250|
417251|
417252|
417253|
417254|
417255|
417280|
417281|
417282|
417283|
417284|
417285|
417286|
417287|
417312|
417313|
417314|
417315|
417316|
417317|
417318|
417319|
417344|
417345|
417346|
417347|
417348|
417349|
417350|
417351|
417376|
417377|
417378|
417379|
417380|
417381|
417382|
417383|
417408|
417409|
417410|
417411|
417412|
417413|
417414|
417415|
417440|
417441|
417442|
417443|
417444|
417445|
417446|
417447|
417472|
417473|
417474|
417475|
417476|
417477|
417478|
417479|
417504|
417505|
417506|
417507|
417508|
417509|
417510|
417511|
417536|
417537|
417538|
417539|
417540|
417541|
417542|
417543|
417568|
417569|
417570|
417571|
417572|
417573|
417574|
417575|
417600|
417601|
417602|
417603|
417604|
417605|
417606|
417607|
417632|
417633|
417634|
417635|
417636|
417637|
417638|
417639|
417664|
417665|
417666|
417667|
417668|
417669|
417670|
417671|
417696|
417697|
417698|
417699|
417700|
417701|
417702|
417703|
417728|
417729|
417730|
417731|
417732|
417733|
417734|
417735|
417760|
417761|
417762|
417763|
417764|
417765|
417766|
417767|
417792|
417793|
417794|
417795|
417796|
417797|
417798|
417799|
417824|
417825|
417826|
417827|
417828|
417829|
417830|
417831|
417856|
417857|
417858|
417859|
417860|
417861|
417862|
417863|
417888|
417889|
417890|
417891|
417892|
417893|
417894|
417895|
417920|
417921|
417922|
417923|
417924|
417925|
417926|
417927|
417952|
417953|
417954|
417955|
417956|
417957|
417958|
417959|
417984|
417985|
417986|
417987|
417988|
417989|
417990|
417991|
418016|
418017|
418018|
418019|
418020|
418021|
418022|
418023|
418048|
418049|
418050|
418051|
418052|
418053|
418054|
418055|
418080|
418081|
418082|
418083|
418084|
418085|
418086|
418087|
418112|
418113|
418114|
418115|
418116|
418117|
418118|
418119|
418144|
418145|
418146|
418147|
418148|
418149|
418150|
418151|
418176|
418177|
418178|
418179|
418180|
418181|
418182|
418183|
418208|
418209|
418210|
418211|
418212|
418213|
418214|
418215|
418240|
418241|
418242|
418243|
418244|
418245|
418246|
418247|
418272|
418273|
418274|
418275|
418276|
418277|
418278|
418279|
418304|
418305|
418306|
418307|
418308|
418309|
418310|
418311|
418336|
418337|
418338|
418339|
418340|
418341|
418342|
418343|
418368|
418369|
418370|
418371|
418372|
418373|
418374|
418375|
418400|
418401|
418402|
418403|
418404|
418405|
418406|
418407|
418432|
418433|
418434|
418435|
418436|
418437|
418438|
418439|
418464|
418465|
418466|
418467|
418468|
418469|
418470|
418471|
418496|
418497|
418498|
418499|
418500|
418501|
418502|
418503|
418528|
418529|
418530|
418531|
418532|
418533|
418534|
418535|
418560|
418561|
418562|
418563|
418564|
418565|
418566|
418567|
418592|
418593|
418594|
418595|
418596|
418597|
418598|
418599|
418624|
418625|
418626|
418627|
418628|
418629|
418630|
418631|
418656|
418657|
418658|
418659|
418660|
418661|
418662|
418663|
418688|
418689|
418690|
418691|
418692|
418693|
418694|
418695|
418720|
418721|
418722|
418723|
418724|
418725|
418726|
418727|
418752|
418753|
418754|
418755|
418756|
418757|
418758|
418759|
418784|
418785|
418786|
418787|
418788|
418789|
418790|
418791|
418816|
418817|
418818|
418819|
418820|
418821|
418822|
418823|
418848|
418849|
418850|
418851|
418852|
418853|
418854|
418855|
418880|
418881|
418882|
418883|
418884|
418885|
418886|
418887|
418912|
418913|
418914|
418915|
418916|
418917|
418918|
418919|
418944|
418945|
418946|
418947|
418948|
418949|
418950|
418951|
418976|
418977|
418978|
418979|
418980|
418981|
418982|
418983|
419008|
419009|
419010|
419011|
419012|
419013|
419014|
419015|
419040|
419041|
419042|
419043|
419044|
419045|
419046|
419047|
419072|
419073|
419074|
419075|
419076|
419077|
419078|
419079|
419104|
419105|
419106|
419107|
419108|
419109|
419110|
419111|
419136|
419137|
419138|
419139|
419140|
419141|
419142|
419143|
419168|
419169|
419170|
419171|
419172|
419173|
419174|
419175|
419200|
419201|
419202|
419203|
419204|
419205|
419206|
419207|
419232|
419233|
419234|
419235|
419236|
419237|
419238|
419239|
419264|
419265|
419266|
419267|
419268|
419269|
419270|
419271|
419296|
419297|
419298|
419299|
419300|
419301|
419302|
419303|
419328|
419329|
419330|
419331|
419332|
419333|
419334|
419335|
419360|
419361|
419362|
419363|
419364|
419365|
419366|
419367|
419392|
419393|
419394|
419395|
419396|
419397|
419398|
419399|
419424|
419425|
419426|
419427|
419428|
419429|
419430|
419431|
419456|
419457|
419458|
419459|
419460|
419461|
419462|
419463|
419488|
419489|
419490|
419491|
419492|
419493|
419494|
419495|
419520|
419521|
419522|
419523|
419524|
419525|
419526|
419527|
419552|
419553|
419554|
419555|
419556|
419557|
419558|
419559|
419584|
419585|
419586|
419587|
419588|
419589|
419590|
419591|
419616|
419617|
419618|
419619|
419620|
419621|
419622|
419623|
419648|
419649|
419650|
419651|
419652|
419653|
419654|
419655|
419680|
419681|
419682|
419683|
419684|
419685|
419686|
419687|
419712|
419713|
419714|
419715|
419716|
419717|
419718|
419719|
419744|
419745|
419746|
419747|
419748|
419749|
419750|
419751|
419776|
419777|
419778|
419779|
419780|
419781|
419782|
419783|
419808|
419809|
419810|
419811|
419812|
419813|
419814|
419815|
419840|
419841|
419842|
419843|
419844|
419845|
419846|
419847|
419872|
419873|
419874|
419875|
419876|
419877|
419878|
419879|
419904|
419905|
419906|
419907|
419908|
419909|
419910|
419911|
419936|
419937|
419938|
419939|
419940|
419941|
419942|
419943|
419968|
419969|
419970|
419971|
419972|
419973|
419974|
419975|
420000|
