1176001|
1176002|
1176003|
1176004|
1176005|
1176006|
1176007|
1176032|
1176033|
1176034|
1176035|
1176036|
1176037|
1176038|
1176039|
1176064|
1176065|
1176066|
1176067|
1176068|
1176069|
1176070|
1176071|
1176096|
1176097|
1176098|
1176099|
1176100|
1176101|
1176102|
1176103|
1176128|
1176129|
1176130|
1176131|
1176132|
1176133|
1176134|
1176135|
1176160|
1176161|
1176162|
1176163|
1176164|
1176165|
1176166|
1176167|
1176192|
1176193|
1176194|
1176195|
1176196|
1176197|
1176198|
1176199|
1176224|
1176225|
1176226|
1176227|
1176228|
1176229|
1176230|
1176231|
1176256|
1176257|
1176258|
1176259|
1176260|
1176261|
1176262|
1176263|
1176288|
1176289|
1176290|
1176291|
1176292|
1176293|
1176294|
1176295|
1176320|
1176321|
1176322|
1176323|
1176324|
1176325|
1176326|
1176327|
1176352|
1176353|
1176354|
1176355|
1176356|
1176357|
1176358|
1176359|
1176384|
1176385|
1176386|
1176387|
1176388|
1176389|
1176390|
1176391|
1176416|
1176417|
1176418|
1176419|
1176420|
1176421|
1176422|
1176423|
1176448|
1176449|
1176450|
1176451|
1176452|
1176453|
1176454|
1176455|
1176480|
1176481|
1176482|
1176483|
1176484|
1176485|
1176486|
1176487|
1176512|
1176513|
1176514|
1176515|
1176516|
1176517|
1176518|
1176519|
1176544|
1176545|
1176546|
1176547|
1176548|
1176549|
1176550|
1176551|
1176576|
1176577|
1176578|
1176579|
1176580|
1176581|
1176582|
1176583|
1176608|
1176609|
1176610|
1176611|
1176612|
1176613|
1176614|
1176615|
1176640|
1176641|
1176642|
1176643|
1176644|
1176645|
1176646|
1176647|
1176672|
1176673|
1176674|
1176675|
1176676|
1176677|
1176678|
1176679|
1176704|
1176705|
1176706|
1176707|
1176708|
1176709|
1176710|
1176711|
1176736|
1176737|
1176738|
1176739|
1176740|
1176741|
1176742|
1176743|
1176768|
1176769|
1176770|
1176771|
1176772|
1176773|
1176774|
1176775|
1176800|
1176801|
1176802|
1176803|
1176804|
1176805|
1176806|
1176807|
1176832|
1176833|
1176834|
1176835|
1176836|
1176837|
1176838|
1176839|
1176864|
1176865|
1176866|
1176867|
1176868|
1176869|
1176870|
1176871|
1176896|
1176897|
1176898|
1176899|
1176900|
1176901|
1176902|
1176903|
1176928|
1176929|
1176930|
1176931|
1176932|
1176933|
1176934|
1176935|
1176960|
1176961|
1176962|
1176963|
1176964|
1176965|
1176966|
1176967|
1176992|
1176993|
1176994|
1176995|
1176996|
1176997|
1176998|
1176999|
1177024|
1177025|
1177026|
1177027|
1177028|
1177029|
1177030|
1177031|
1177056|
1177057|
1177058|
1177059|
1177060|
1177061|
1177062|
1177063|
1177088|
1177089|
1177090|
1177091|
1177092|
1177093|
1177094|
1177095|
1177120|
1177121|
1177122|
1177123|
1177124|
1177125|
1177126|
1177127|
1177152|
1177153|
1177154|
1177155|
1177156|
1177157|
1177158|
1177159|
1177184|
1177185|
1177186|
1177187|
1177188|
1177189|
1177190|
1177191|
1177216|
1177217|
1177218|
1177219|
1177220|
1177221|
1177222|
1177223|
1177248|
1177249|
1177250|
1177251|
1177252|
1177253|
1177254|
1177255|
1177280|
1177281|
1177282|
1177283|
1177284|
1177285|
1177286|
1177287|
1177312|
1177313|
1177314|
1177315|
1177316|
1177317|
1177318|
1177319|
1177344|
1177345|
1177346|
1177347|
1177348|
1177349|
1177350|
1177351|
1177376|
1177377|
1177378|
1177379|
1177380|
1177381|
1177382|
1177383|
1177408|
1177409|
1177410|
1177411|
1177412|
1177413|
1177414|
1177415|
1177440|
1177441|
1177442|
1177443|
1177444|
1177445|
1177446|
1177447|
1177472|
1177473|
1177474|
1177475|
1177476|
1177477|
1177478|
1177479|
1177504|
1177505|
1177506|
1177507|
1177508|
1177509|
1177510|
1177511|
1177536|
1177537|
1177538|
1177539|
1177540|
1177541|
1177542|
1177543|
1177568|
1177569|
1177570|
1177571|
1177572|
1177573|
1177574|
1177575|
1177600|
1177601|
1177602|
1177603|
1177604|
1177605|
1177606|
1177607|
1177632|
1177633|
1177634|
1177635|
1177636|
1177637|
1177638|
1177639|
1177664|
1177665|
1177666|
1177667|
1177668|
1177669|
1177670|
1177671|
1177696|
1177697|
1177698|
1177699|
1177700|
1177701|
1177702|
1177703|
1177728|
1177729|
1177730|
1177731|
1177732|
1177733|
1177734|
1177735|
1177760|
1177761|
1177762|
1177763|
1177764|
1177765|
1177766|
1177767|
1177792|
1177793|
1177794|
1177795|
1177796|
1177797|
1177798|
1177799|
1177824|
1177825|
1177826|
1177827|
1177828|
1177829|
1177830|
1177831|
1177856|
1177857|
1177858|
1177859|
1177860|
1177861|
1177862|
1177863|
1177888|
1177889|
1177890|
1177891|
1177892|
1177893|
1177894|
1177895|
1177920|
1177921|
1177922|
1177923|
1177924|
1177925|
1177926|
1177927|
1177952|
1177953|
1177954|
1177955|
1177956|
1177957|
1177958|
1177959|
1177984|
1177985|
1177986|
1177987|
1177988|
1177989|
1177990|
1177991|
1178016|
1178017|
1178018|
1178019|
1178020|
1178021|
1178022|
1178023|
1178048|
1178049|
1178050|
1178051|
1178052|
1178053|
1178054|
1178055|
1178080|
1178081|
1178082|
1178083|
1178084|
1178085|
1178086|
1178087|
1178112|
1178113|
1178114|
1178115|
1178116|
1178117|
1178118|
1178119|
1178144|
1178145|
1178146|
1178147|
1178148|
1178149|
1178150|
1178151|
1178176|
1178177|
1178178|
1178179|
1178180|
1178181|
1178182|
1178183|
1178208|
1178209|
1178210|
1178211|
1178212|
1178213|
1178214|
1178215|
1178240|
1178241|
1178242|
1178243|
1178244|
1178245|
1178246|
1178247|
1178272|
1178273|
1178274|
1178275|
1178276|
1178277|
1178278|
1178279|
1178304|
1178305|
1178306|
1178307|
1178308|
1178309|
1178310|
1178311|
1178336|
1178337|
1178338|
1178339|
1178340|
1178341|
1178342|
1178343|
1178368|
1178369|
1178370|
1178371|
1178372|
1178373|
1178374|
1178375|
1178400|
1178401|
1178402|
1178403|
1178404|
1178405|
1178406|
1178407|
1178432|
1178433|
1178434|
1178435|
1178436|
1178437|
1178438|
1178439|
1178464|
1178465|
1178466|
1178467|
1178468|
1178469|
1178470|
1178471|
1178496|
1178497|
1178498|
1178499|
1178500|
1178501|
1178502|
1178503|
1178528|
1178529|
1178530|
1178531|
1178532|
1178533|
1178534|
1178535|
1178560|
1178561|
1178562|
1178563|
1178564|
1178565|
1178566|
1178567|
1178592|
1178593|
1178594|
1178595|
1178596|
1178597|
1178598|
1178599|
1178624|
1178625|
1178626|
1178627|
1178628|
1178629|
1178630|
1178631|
1178656|
1178657|
1178658|
1178659|
1178660|
1178661|
1178662|
1178663|
1178688|
1178689|
1178690|
1178691|
1178692|
1178693|
1178694|
1178695|
1178720|
1178721|
1178722|
1178723|
1178724|
1178725|
1178726|
1178727|
1178752|
1178753|
1178754|
1178755|
1178756|
1178757|
1178758|
1178759|
1178784|
1178785|
1178786|
1178787|
1178788|
1178789|
1178790|
1178791|
1178816|
1178817|
1178818|
1178819|
1178820|
1178821|
1178822|
1178823|
1178848|
1178849|
1178850|
1178851|
1178852|
1178853|
1178854|
1178855|
1178880|
1178881|
1178882|
1178883|
1178884|
1178885|
1178886|
1178887|
1178912|
1178913|
1178914|
1178915|
1178916|
1178917|
1178918|
1178919|
1178944|
1178945|
1178946|
1178947|
1178948|
1178949|
1178950|
1178951|
1178976|
1178977|
1178978|
1178979|
1178980|
1178981|
1178982|
1178983|
1179008|
1179009|
1179010|
1179011|
1179012|
1179013|
1179014|
1179015|
1179040|
1179041|
1179042|
1179043|
1179044|
1179045|
1179046|
1179047|
1179072|
1179073|
1179074|
1179075|
1179076|
1179077|
1179078|
1179079|
1179104|
1179105|
1179106|
1179107|
1179108|
1179109|
1179110|
1179111|
1179136|
1179137|
1179138|
1179139|
1179140|
1179141|
1179142|
1179143|
1179168|
1179169|
1179170|
1179171|
1179172|
1179173|
1179174|
1179175|
1179200|
1179201|
1179202|
1179203|
1179204|
1179205|
1179206|
1179207|
1179232|
1179233|
1179234|
1179235|
1179236|
1179237|
1179238|
1179239|
1179264|
1179265|
1179266|
1179267|
1179268|
1179269|
1179270|
1179271|
1179296|
1179297|
1179298|
1179299|
1179300|
1179301|
1179302|
1179303|
1179328|
1179329|
1179330|
1179331|
1179332|
1179333|
1179334|
1179335|
1179360|
1179361|
1179362|
1179363|
1179364|
1179365|
1179366|
1179367|
1179392|
1179393|
1179394|
1179395|
1179396|
1179397|
1179398|
1179399|
1179424|
1179425|
1179426|
1179427|
1179428|
1179429|
1179430|
1179431|
1179456|
1179457|
1179458|
1179459|
1179460|
1179461|
1179462|
1179463|
1179488|
1179489|
1179490|
1179491|
1179492|
1179493|
1179494|
1179495|
1179520|
1179521|
1179522|
1179523|
1179524|
1179525|
1179526|
1179527|
1179552|
1179553|
1179554|
1179555|
1179556|
1179557|
1179558|
1179559|
1179584|
1179585|
1179586|
1179587|
1179588|
1179589|
1179590|
1179591|
1179616|
1179617|
1179618|
1179619|
1179620|
1179621|
1179622|
1179623|
1179648|
1179649|
1179650|
1179651|
1179652|
1179653|
1179654|
1179655|
1179680|
1179681|
1179682|
1179683|
1179684|
1179685|
1179686|
1179687|
1179712|
1179713|
1179714|
1179715|
1179716|
1179717|
1179718|
1179719|
1179744|
1179745|
1179746|
1179747|
1179748|
1179749|
1179750|
1179751|
1179776|
1179777|
1179778|
1179779|
1179780|
1179781|
1179782|
1179783|
1179808|
1179809|
1179810|
1179811|
1179812|
1179813|
1179814|
1179815|
1179840|
1179841|
1179842|
1179843|
1179844|
1179845|
1179846|
1179847|
1179872|
1179873|
1179874|
1179875|
1179876|
1179877|
1179878|
1179879|
1179904|
1179905|
1179906|
1179907|
1179908|
1179909|
1179910|
1179911|
1179936|
1179937|
1179938|
1179939|
1179940|
1179941|
1179942|
1179943|
1179968|
1179969|
1179970|
1179971|
1179972|
1179973|
1179974|
1179975|
1180000|
1180001|
1180002|
1180003|
1180004|
1180005|
1180006|
1180007|
1180032|
1180033|
1180034|
1180035|
1180036|
1180037|
1180038|
1180039|
1180064|
1180065|
1180066|
1180067|
1180068|
1180069|
1180070|
1180071|
1180096|
1180097|
1180098|
1180099|
1180100|
1180101|
1180102|
1180103|
1180128|
1180129|
1180130|
1180131|
1180132|
1180133|
1180134|
1180135|
1180160|
1180161|
1180162|
1180163|
1180164|
1180165|
1180166|
1180167|
1180192|
1180193|
1180194|
1180195|
1180196|
1180197|
1180198|
1180199|
1180224|
1180225|
1180226|
1180227|
1180228|
1180229|
1180230|
1180231|
1180256|
1180257|
1180258|
1180259|
1180260|
1180261|
1180262|
1180263|
1180288|
1180289|
1180290|
1180291|
1180292|
1180293|
1180294|
1180295|
1180320|
1180321|
1180322|
1180323|
1180324|
1180325|
1180326|
1180327|
1180352|
1180353|
1180354|
1180355|
1180356|
1180357|
1180358|
1180359|
1180384|
1180385|
1180386|
1180387|
1180388|
1180389|
1180390|
1180391|
1180416|
1180417|
1180418|
1180419|
1180420|
1180421|
1180422|
1180423|
1180448|
1180449|
1180450|
1180451|
1180452|
1180453|
1180454|
1180455|
1180480|
1180481|
1180482|
1180483|
1180484|
1180485|
1180486|
1180487|
1180512|
1180513|
1180514|
1180515|
1180516|
1180517|
1180518|
1180519|
1180544|
1180545|
1180546|
1180547|
1180548|
1180549|
1180550|
1180551|
1180576|
1180577|
1180578|
1180579|
1180580|
1180581|
1180582|
1180583|
1180608|
1180609|
1180610|
1180611|
1180612|
1180613|
1180614|
1180615|
1180640|
1180641|
1180642|
1180643|
1180644|
1180645|
1180646|
1180647|
1180672|
1180673|
1180674|
1180675|
1180676|
1180677|
1180678|
1180679|
1180704|
1180705|
1180706|
1180707|
1180708|
1180709|
1180710|
1180711|
1180736|
1180737|
1180738|
1180739|
1180740|
1180741|
1180742|
1180743|
1180768|
1180769|
1180770|
1180771|
1180772|
1180773|
1180774|
1180775|
1180800|
1180801|
1180802|
1180803|
1180804|
1180805|
1180806|
1180807|
1180832|
1180833|
1180834|
1180835|
1180836|
1180837|
1180838|
1180839|
1180864|
1180865|
1180866|
1180867|
1180868|
1180869|
1180870|
1180871|
1180896|
1180897|
1180898|
1180899|
1180900|
1180901|
1180902|
1180903|
1180928|
1180929|
1180930|
1180931|
1180932|
1180933|
1180934|
1180935|
1180960|
1180961|
1180962|
1180963|
1180964|
1180965|
1180966|
1180967|
1180992|
1180993|
1180994|
1180995|
1180996|
1180997|
1180998|
1180999|
1181024|
1181025|
1181026|
1181027|
1181028|
1181029|
1181030|
1181031|
1181056|
1181057|
1181058|
1181059|
1181060|
1181061|
1181062|
1181063|
1181088|
1181089|
1181090|
1181091|
1181092|
1181093|
1181094|
1181095|
1181120|
1181121|
1181122|
1181123|
1181124|
1181125|
1181126|
1181127|
1181152|
1181153|
1181154|
1181155|
1181156|
1181157|
1181158|
1181159|
1181184|
1181185|
1181186|
1181187|
1181188|
1181189|
1181190|
1181191|
1181216|
1181217|
1181218|
1181219|
1181220|
1181221|
1181222|
1181223|
1181248|
1181249|
1181250|
1181251|
1181252|
1181253|
1181254|
1181255|
1181280|
1181281|
1181282|
1181283|
1181284|
1181285|
1181286|
1181287|
1181312|
1181313|
1181314|
1181315|
1181316|
1181317|
1181318|
1181319|
1181344|
1181345|
1181346|
1181347|
1181348|
1181349|
1181350|
1181351|
1181376|
1181377|
1181378|
1181379|
1181380|
1181381|
1181382|
1181383|
1181408|
1181409|
1181410|
1181411|
1181412|
1181413|
1181414|
1181415|
1181440|
1181441|
1181442|
1181443|
1181444|
1181445|
1181446|
1181447|
1181472|
1181473|
1181474|
1181475|
1181476|
1181477|
1181478|
1181479|
1181504|
1181505|
1181506|
1181507|
1181508|
1181509|
1181510|
1181511|
1181536|
1181537|
1181538|
1181539|
1181540|
1181541|
1181542|
1181543|
1181568|
1181569|
1181570|
1181571|
1181572|
1181573|
1181574|
1181575|
1181600|
1181601|
1181602|
1181603|
1181604|
1181605|
1181606|
1181607|
1181632|
1181633|
1181634|
1181635|
1181636|
1181637|
1181638|
1181639|
1181664|
1181665|
1181666|
1181667|
1181668|
1181669|
1181670|
1181671|
1181696|
1181697|
1181698|
1181699|
1181700|
1181701|
1181702|
1181703|
1181728|
1181729|
1181730|
1181731|
1181732|
1181733|
1181734|
1181735|
1181760|
1181761|
1181762|
1181763|
1181764|
1181765|
1181766|
1181767|
1181792|
1181793|
1181794|
1181795|
1181796|
1181797|
1181798|
1181799|
1181824|
1181825|
1181826|
1181827|
1181828|
1181829|
1181830|
1181831|
1181856|
1181857|
1181858|
1181859|
1181860|
1181861|
1181862|
1181863|
1181888|
1181889|
1181890|
1181891|
1181892|
1181893|
1181894|
1181895|
1181920|
1181921|
1181922|
1181923|
1181924|
1181925|
1181926|
1181927|
1181952|
1181953|
1181954|
1181955|
1181956|
1181957|
1181958|
1181959|
1181984|
1181985|
1181986|
1181987|
1181988|
