1145989|
1145990|
1145991|
1146016|
1146017|
1146018|
1146019|
1146020|
1146021|
1146022|
1146023|
1146048|
1146049|
1146050|
1146051|
1146052|
1146053|
1146054|
1146055|
1146080|
1146081|
1146082|
1146083|
1146084|
1146085|
1146086|
1146087|
1146112|
1146113|
1146114|
1146115|
1146116|
1146117|
1146118|
1146119|
1146144|
1146145|
1146146|
1146147|
1146148|
1146149|
1146150|
1146151|
1146176|
1146177|
1146178|
1146179|
1146180|
1146181|
1146182|
1146183|
1146208|
1146209|
1146210|
1146211|
1146212|
1146213|
1146214|
1146215|
1146240|
1146241|
1146242|
1146243|
1146244|
1146245|
1146246|
1146247|
1146272|
1146273|
1146274|
1146275|
1146276|
1146277|
1146278|
1146279|
1146304|
1146305|
1146306|
1146307|
1146308|
1146309|
1146310|
1146311|
1146336|
1146337|
1146338|
1146339|
1146340|
1146341|
1146342|
1146343|
1146368|
1146369|
1146370|
1146371|
1146372|
1146373|
1146374|
1146375|
1146400|
1146401|
1146402|
1146403|
1146404|
1146405|
1146406|
1146407|
1146432|
1146433|
1146434|
1146435|
1146436|
1146437|
1146438|
1146439|
1146464|
1146465|
1146466|
1146467|
1146468|
1146469|
1146470|
1146471|
1146496|
1146497|
1146498|
1146499|
1146500|
1146501|
1146502|
1146503|
1146528|
1146529|
1146530|
1146531|
1146532|
1146533|
1146534|
1146535|
1146560|
1146561|
1146562|
1146563|
1146564|
1146565|
1146566|
1146567|
1146592|
1146593|
1146594|
1146595|
1146596|
1146597|
1146598|
1146599|
1146624|
1146625|
1146626|
1146627|
1146628|
1146629|
1146630|
1146631|
1146656|
1146657|
1146658|
1146659|
1146660|
1146661|
1146662|
1146663|
1146688|
1146689|
1146690|
1146691|
1146692|
1146693|
1146694|
1146695|
1146720|
1146721|
1146722|
1146723|
1146724|
1146725|
1146726|
1146727|
1146752|
1146753|
1146754|
1146755|
1146756|
1146757|
1146758|
1146759|
1146784|
1146785|
1146786|
1146787|
1146788|
1146789|
1146790|
1146791|
1146816|
1146817|
1146818|
1146819|
1146820|
1146821|
1146822|
1146823|
1146848|
1146849|
1146850|
1146851|
1146852|
1146853|
1146854|
1146855|
1146880|
1146881|
1146882|
1146883|
1146884|
1146885|
1146886|
1146887|
1146912|
1146913|
1146914|
1146915|
1146916|
1146917|
1146918|
1146919|
1146944|
1146945|
1146946|
1146947|
1146948|
1146949|
1146950|
1146951|
1146976|
1146977|
1146978|
1146979|
1146980|
1146981|
1146982|
1146983|
1147008|
1147009|
1147010|
1147011|
1147012|
1147013|
1147014|
1147015|
1147040|
1147041|
1147042|
1147043|
1147044|
1147045|
1147046|
1147047|
1147072|
1147073|
1147074|
1147075|
1147076|
1147077|
1147078|
1147079|
1147104|
1147105|
1147106|
1147107|
1147108|
1147109|
1147110|
1147111|
1147136|
1147137|
1147138|
1147139|
1147140|
1147141|
1147142|
1147143|
1147168|
1147169|
1147170|
1147171|
1147172|
1147173|
1147174|
1147175|
1147200|
1147201|
1147202|
1147203|
1147204|
1147205|
1147206|
1147207|
1147232|
1147233|
1147234|
1147235|
1147236|
1147237|
1147238|
1147239|
1147264|
1147265|
1147266|
1147267|
1147268|
1147269|
1147270|
1147271|
1147296|
1147297|
1147298|
1147299|
1147300|
1147301|
1147302|
1147303|
1147328|
1147329|
1147330|
1147331|
1147332|
1147333|
1147334|
1147335|
1147360|
1147361|
1147362|
1147363|
1147364|
1147365|
1147366|
1147367|
1147392|
1147393|
1147394|
1147395|
1147396|
1147397|
1147398|
1147399|
1147424|
1147425|
1147426|
1147427|
1147428|
1147429|
1147430|
1147431|
1147456|
1147457|
1147458|
1147459|
1147460|
1147461|
1147462|
1147463|
1147488|
1147489|
1147490|
1147491|
1147492|
1147493|
1147494|
1147495|
1147520|
1147521|
1147522|
1147523|
1147524|
1147525|
1147526|
1147527|
1147552|
1147553|
1147554|
1147555|
1147556|
1147557|
1147558|
1147559|
1147584|
1147585|
1147586|
1147587|
1147588|
1147589|
1147590|
1147591|
1147616|
1147617|
1147618|
1147619|
1147620|
1147621|
1147622|
1147623|
1147648|
1147649|
1147650|
1147651|
1147652|
1147653|
1147654|
1147655|
1147680|
1147681|
1147682|
1147683|
1147684|
1147685|
1147686|
1147687|
1147712|
1147713|
1147714|
1147715|
1147716|
1147717|
1147718|
1147719|
1147744|
1147745|
1147746|
1147747|
1147748|
1147749|
1147750|
1147751|
1147776|
1147777|
1147778|
1147779|
1147780|
1147781|
1147782|
1147783|
1147808|
1147809|
1147810|
1147811|
1147812|
1147813|
1147814|
1147815|
1147840|
1147841|
1147842|
1147843|
1147844|
1147845|
1147846|
1147847|
1147872|
1147873|
1147874|
1147875|
1147876|
1147877|
1147878|
1147879|
1147904|
1147905|
1147906|
1147907|
1147908|
1147909|
1147910|
1147911|
1147936|
1147937|
1147938|
1147939|
1147940|
1147941|
1147942|
1147943|
1147968|
1147969|
1147970|
1147971|
1147972|
1147973|
1147974|
1147975|
1148000|
1148001|
1148002|
1148003|
1148004|
1148005|
1148006|
1148007|
1148032|
1148033|
1148034|
1148035|
1148036|
1148037|
1148038|
1148039|
1148064|
1148065|
1148066|
1148067|
1148068|
1148069|
1148070|
1148071|
1148096|
1148097|
1148098|
1148099|
1148100|
1148101|
1148102|
1148103|
1148128|
1148129|
1148130|
1148131|
1148132|
1148133|
1148134|
1148135|
1148160|
1148161|
1148162|
1148163|
1148164|
1148165|
1148166|
1148167|
1148192|
1148193|
1148194|
1148195|
1148196|
1148197|
1148198|
1148199|
1148224|
1148225|
1148226|
1148227|
1148228|
1148229|
1148230|
1148231|
1148256|
1148257|
1148258|
1148259|
1148260|
1148261|
1148262|
1148263|
1148288|
1148289|
1148290|
1148291|
1148292|
1148293|
1148294|
1148295|
1148320|
1148321|
1148322|
1148323|
1148324|
1148325|
1148326|
1148327|
1148352|
1148353|
1148354|
1148355|
1148356|
1148357|
1148358|
1148359|
1148384|
1148385|
1148386|
1148387|
1148388|
1148389|
1148390|
1148391|
1148416|
1148417|
1148418|
1148419|
1148420|
1148421|
1148422|
1148423|
1148448|
1148449|
1148450|
1148451|
1148452|
1148453|
1148454|
1148455|
1148480|
1148481|
1148482|
1148483|
1148484|
1148485|
1148486|
1148487|
1148512|
1148513|
1148514|
1148515|
1148516|
1148517|
1148518|
1148519|
1148544|
1148545|
1148546|
1148547|
1148548|
1148549|
1148550|
1148551|
1148576|
1148577|
1148578|
1148579|
1148580|
1148581|
1148582|
1148583|
1148608|
1148609|
1148610|
1148611|
1148612|
1148613|
1148614|
1148615|
1148640|
1148641|
1148642|
1148643|
1148644|
1148645|
1148646|
1148647|
1148672|
1148673|
1148674|
1148675|
1148676|
1148677|
1148678|
1148679|
1148704|
1148705|
1148706|
1148707|
1148708|
1148709|
1148710|
1148711|
1148736|
1148737|
1148738|
1148739|
1148740|
1148741|
1148742|
1148743|
1148768|
1148769|
1148770|
1148771|
1148772|
1148773|
1148774|
1148775|
1148800|
1148801|
1148802|
1148803|
1148804|
1148805|
1148806|
1148807|
1148832|
1148833|
1148834|
1148835|
1148836|
1148837|
1148838|
1148839|
1148864|
1148865|
1148866|
1148867|
1148868|
1148869|
1148870|
1148871|
1148896|
1148897|
1148898|
1148899|
1148900|
1148901|
1148902|
1148903|
1148928|
1148929|
1148930|
1148931|
1148932|
1148933|
1148934|
1148935|
1148960|
1148961|
1148962|
1148963|
1148964|
1148965|
1148966|
1148967|
1148992|
1148993|
1148994|
1148995|
1148996|
1148997|
1148998|
1148999|
1149024|
1149025|
1149026|
1149027|
1149028|
1149029|
1149030|
1149031|
1149056|
1149057|
1149058|
1149059|
1149060|
1149061|
1149062|
1149063|
1149088|
1149089|
1149090|
1149091|
1149092|
1149093|
1149094|
1149095|
1149120|
1149121|
1149122|
1149123|
1149124|
1149125|
1149126|
1149127|
1149152|
1149153|
1149154|
1149155|
1149156|
1149157|
1149158|
1149159|
1149184|
1149185|
1149186|
1149187|
1149188|
1149189|
1149190|
1149191|
1149216|
1149217|
1149218|
1149219|
1149220|
1149221|
1149222|
1149223|
1149248|
1149249|
1149250|
1149251|
1149252|
1149253|
1149254|
1149255|
1149280|
1149281|
1149282|
1149283|
1149284|
1149285|
1149286|
1149287|
1149312|
1149313|
1149314|
1149315|
1149316|
1149317|
1149318|
1149319|
1149344|
1149345|
1149346|
1149347|
1149348|
1149349|
1149350|
1149351|
1149376|
1149377|
1149378|
1149379|
1149380|
1149381|
1149382|
1149383|
1149408|
1149409|
1149410|
1149411|
1149412|
1149413|
1149414|
1149415|
1149440|
1149441|
1149442|
1149443|
1149444|
1149445|
1149446|
1149447|
1149472|
1149473|
1149474|
1149475|
1149476|
1149477|
1149478|
1149479|
1149504|
1149505|
1149506|
1149507|
1149508|
1149509|
1149510|
1149511|
1149536|
1149537|
1149538|
1149539|
1149540|
1149541|
1149542|
1149543|
1149568|
1149569|
1149570|
1149571|
1149572|
1149573|
1149574|
1149575|
1149600|
1149601|
1149602|
1149603|
1149604|
1149605|
1149606|
1149607|
1149632|
1149633|
1149634|
1149635|
1149636|
1149637|
1149638|
1149639|
1149664|
1149665|
1149666|
1149667|
1149668|
1149669|
1149670|
1149671|
1149696|
1149697|
1149698|
1149699|
1149700|
1149701|
1149702|
1149703|
1149728|
1149729|
1149730|
1149731|
1149732|
1149733|
1149734|
1149735|
1149760|
1149761|
1149762|
1149763|
1149764|
1149765|
1149766|
1149767|
1149792|
1149793|
1149794|
1149795|
1149796|
1149797|
1149798|
1149799|
1149824|
1149825|
1149826|
1149827|
1149828|
1149829|
1149830|
1149831|
1149856|
1149857|
1149858|
1149859|
1149860|
1149861|
1149862|
1149863|
1149888|
1149889|
1149890|
1149891|
1149892|
1149893|
1149894|
1149895|
1149920|
1149921|
1149922|
1149923|
1149924|
1149925|
1149926|
1149927|
1149952|
1149953|
1149954|
1149955|
1149956|
1149957|
1149958|
1149959|
1149984|
1149985|
1149986|
1149987|
1149988|
1149989|
1149990|
1149991|
1150016|
1150017|
1150018|
1150019|
1150020|
1150021|
1150022|
1150023|
1150048|
1150049|
1150050|
1150051|
1150052|
1150053|
1150054|
1150055|
1150080|
1150081|
1150082|
1150083|
1150084|
1150085|
1150086|
1150087|
1150112|
1150113|
1150114|
1150115|
1150116|
1150117|
1150118|
1150119|
1150144|
1150145|
1150146|
1150147|
1150148|
1150149|
1150150|
1150151|
1150176|
1150177|
1150178|
1150179|
1150180|
1150181|
1150182|
1150183|
1150208|
1150209|
1150210|
1150211|
1150212|
1150213|
1150214|
1150215|
1150240|
1150241|
1150242|
1150243|
1150244|
1150245|
1150246|
1150247|
1150272|
1150273|
1150274|
1150275|
1150276|
1150277|
1150278|
1150279|
1150304|
1150305|
1150306|
1150307|
1150308|
1150309|
1150310|
1150311|
1150336|
1150337|
1150338|
1150339|
1150340|
1150341|
1150342|
1150343|
1150368|
1150369|
1150370|
1150371|
1150372|
1150373|
1150374|
1150375|
1150400|
1150401|
1150402|
1150403|
1150404|
1150405|
1150406|
1150407|
1150432|
1150433|
1150434|
1150435|
1150436|
1150437|
1150438|
1150439|
1150464|
1150465|
1150466|
1150467|
1150468|
1150469|
1150470|
1150471|
1150496|
1150497|
1150498|
1150499|
1150500|
1150501|
1150502|
1150503|
1150528|
1150529|
1150530|
1150531|
1150532|
1150533|
1150534|
1150535|
1150560|
1150561|
1150562|
1150563|
1150564|
1150565|
1150566|
1150567|
1150592|
1150593|
1150594|
1150595|
1150596|
1150597|
1150598|
1150599|
1150624|
1150625|
1150626|
1150627|
1150628|
1150629|
1150630|
1150631|
1150656|
1150657|
1150658|
1150659|
1150660|
1150661|
1150662|
1150663|
1150688|
1150689|
1150690|
1150691|
1150692|
1150693|
1150694|
1150695|
1150720|
1150721|
1150722|
1150723|
1150724|
1150725|
1150726|
1150727|
1150752|
1150753|
1150754|
1150755|
1150756|
1150757|
1150758|
1150759|
1150784|
1150785|
1150786|
1150787|
1150788|
1150789|
1150790|
1150791|
1150816|
1150817|
1150818|
1150819|
1150820|
1150821|
1150822|
1150823|
1150848|
1150849|
1150850|
1150851|
1150852|
1150853|
1150854|
1150855|
1150880|
1150881|
1150882|
1150883|
1150884|
1150885|
1150886|
1150887|
1150912|
1150913|
1150914|
1150915|
1150916|
1150917|
1150918|
1150919|
1150944|
1150945|
1150946|
1150947|
1150948|
1150949|
1150950|
1150951|
1150976|
1150977|
1150978|
1150979|
1150980|
1150981|
1150982|
1150983|
1151008|
1151009|
1151010|
1151011|
1151012|
1151013|
1151014|
1151015|
1151040|
1151041|
1151042|
1151043|
1151044|
1151045|
1151046|
1151047|
1151072|
1151073|
1151074|
1151075|
1151076|
1151077|
1151078|
1151079|
1151104|
1151105|
1151106|
1151107|
1151108|
1151109|
1151110|
1151111|
1151136|
1151137|
1151138|
1151139|
1151140|
1151141|
1151142|
1151143|
1151168|
1151169|
1151170|
1151171|
1151172|
1151173|
1151174|
1151175|
1151200|
1151201|
1151202|
1151203|
1151204|
1151205|
1151206|
1151207|
1151232|
1151233|
1151234|
1151235|
1151236|
1151237|
1151238|
1151239|
1151264|
1151265|
1151266|
1151267|
1151268|
1151269|
1151270|
1151271|
1151296|
1151297|
1151298|
1151299|
1151300|
1151301|
1151302|
1151303|
1151328|
1151329|
1151330|
1151331|
1151332|
1151333|
1151334|
1151335|
1151360|
1151361|
1151362|
1151363|
1151364|
1151365|
1151366|
1151367|
1151392|
1151393|
1151394|
1151395|
1151396|
1151397|
1151398|
1151399|
1151424|
1151425|
1151426|
1151427|
1151428|
1151429|
1151430|
1151431|
1151456|
1151457|
1151458|
1151459|
1151460|
1151461|
1151462|
1151463|
1151488|
1151489|
1151490|
1151491|
1151492|
1151493|
1151494|
1151495|
1151520|
1151521|
1151522|
1151523|
1151524|
1151525|
1151526|
1151527|
1151552|
1151553|
1151554|
1151555|
1151556|
1151557|
1151558|
1151559|
1151584|
1151585|
1151586|
1151587|
1151588|
1151589|
1151590|
1151591|
1151616|
1151617|
1151618|
1151619|
1151620|
1151621|
1151622|
1151623|
1151648|
1151649|
1151650|
1151651|
1151652|
1151653|
1151654|
1151655|
1151680|
1151681|
1151682|
1151683|
1151684|
1151685|
1151686|
1151687|
1151712|
1151713|
1151714|
1151715|
1151716|
1151717|
1151718|
1151719|
1151744|
1151745|
1151746|
1151747|
1151748|
1151749|
1151750|
1151751|
1151776|
1151777|
1151778|
1151779|
1151780|
1151781|
1151782|
1151783|
1151808|
1151809|
1151810|
1151811|
1151812|
1151813|
1151814|
1151815|
1151840|
1151841|
1151842|
1151843|
1151844|
1151845|
1151846|
1151847|
1151872|
1151873|
1151874|
1151875|
1151876|
1151877|
1151878|
1151879|
1151904|
1151905|
1151906|
1151907|
1151908|
1151909|
1151910|
1151911|
1151936|
1151937|
1151938|
1151939|
1151940|
1151941|
1151942|
1151943|
1151968|
1151969|
1151970|
1151971|
1151972|
1151973|
1151974|
1151975|
1152000|
