2700001|
2700002|
2700003|
2700004|
2700005|
2700006|
2700007|
2700032|
2700033|
2700034|
2700035|
2700036|
2700037|
2700038|
2700039|
2700064|
2700065|
2700066|
2700067|
2700068|
2700069|
2700070|
2700071|
2700096|
2700097|
2700098|
2700099|
2700100|
2700101|
2700102|
2700103|
2700128|
2700129|
2700130|
2700131|
2700132|
2700133|
2700134|
2700135|
2700160|
2700161|
2700162|
2700163|
2700164|
2700165|
2700166|
2700167|
2700192|
2700193|
2700194|
2700195|
2700196|
2700197|
2700198|
2700199|
2700224|
2700225|
2700226|
2700227|
2700228|
2700229|
2700230|
2700231|
2700256|
2700257|
2700258|
2700259|
2700260|
2700261|
2700262|
2700263|
2700288|
2700289|
2700290|
2700291|
2700292|
2700293|
2700294|
2700295|
2700320|
2700321|
2700322|
2700323|
2700324|
2700325|
2700326|
2700327|
2700352|
2700353|
2700354|
2700355|
2700356|
2700357|
2700358|
2700359|
2700384|
2700385|
2700386|
2700387|
2700388|
2700389|
2700390|
2700391|
2700416|
2700417|
2700418|
2700419|
2700420|
2700421|
2700422|
2700423|
2700448|
2700449|
2700450|
2700451|
2700452|
2700453|
2700454|
2700455|
2700480|
2700481|
2700482|
2700483|
2700484|
2700485|
2700486|
2700487|
2700512|
2700513|
2700514|
2700515|
2700516|
2700517|
2700518|
2700519|
2700544|
2700545|
2700546|
2700547|
2700548|
2700549|
2700550|
2700551|
2700576|
2700577|
2700578|
2700579|
2700580|
2700581|
2700582|
2700583|
2700608|
2700609|
2700610|
2700611|
2700612|
2700613|
2700614|
2700615|
2700640|
2700641|
2700642|
2700643|
2700644|
2700645|
2700646|
2700647|
2700672|
2700673|
2700674|
2700675|
2700676|
2700677|
2700678|
2700679|
2700704|
2700705|
2700706|
2700707|
2700708|
2700709|
2700710|
2700711|
2700736|
2700737|
2700738|
2700739|
2700740|
2700741|
2700742|
2700743|
2700768|
2700769|
2700770|
2700771|
2700772|
2700773|
2700774|
2700775|
2700800|
2700801|
2700802|
2700803|
2700804|
2700805|
2700806|
2700807|
2700832|
2700833|
2700834|
2700835|
2700836|
2700837|
2700838|
2700839|
2700864|
2700865|
2700866|
2700867|
2700868|
2700869|
2700870|
2700871|
2700896|
2700897|
2700898|
2700899|
2700900|
2700901|
2700902|
2700903|
2700928|
2700929|
2700930|
2700931|
2700932|
2700933|
2700934|
2700935|
2700960|
2700961|
2700962|
2700963|
2700964|
2700965|
2700966|
2700967|
2700992|
2700993|
2700994|
2700995|
2700996|
2700997|
2700998|
2700999|
2701024|
2701025|
2701026|
2701027|
2701028|
2701029|
2701030|
2701031|
2701056|
2701057|
2701058|
2701059|
2701060|
2701061|
2701062|
2701063|
2701088|
2701089|
2701090|
2701091|
2701092|
2701093|
2701094|
2701095|
2701120|
2701121|
2701122|
2701123|
2701124|
2701125|
2701126|
2701127|
2701152|
2701153|
2701154|
2701155|
2701156|
2701157|
2701158|
2701159|
2701184|
2701185|
2701186|
2701187|
2701188|
2701189|
2701190|
2701191|
2701216|
2701217|
2701218|
2701219|
2701220|
2701221|
2701222|
2701223|
2701248|
2701249|
2701250|
2701251|
2701252|
2701253|
2701254|
2701255|
2701280|
2701281|
2701282|
2701283|
2701284|
2701285|
2701286|
2701287|
2701312|
2701313|
2701314|
2701315|
2701316|
2701317|
2701318|
2701319|
2701344|
2701345|
2701346|
2701347|
2701348|
2701349|
2701350|
2701351|
2701376|
2701377|
2701378|
2701379|
2701380|
2701381|
2701382|
2701383|
2701408|
2701409|
2701410|
2701411|
2701412|
2701413|
2701414|
2701415|
2701440|
2701441|
2701442|
2701443|
2701444|
2701445|
2701446|
2701447|
2701472|
2701473|
2701474|
2701475|
2701476|
2701477|
2701478|
2701479|
2701504|
2701505|
2701506|
2701507|
2701508|
2701509|
2701510|
2701511|
2701536|
2701537|
2701538|
2701539|
2701540|
2701541|
2701542|
2701543|
2701568|
2701569|
2701570|
2701571|
2701572|
2701573|
2701574|
2701575|
2701600|
2701601|
2701602|
2701603|
2701604|
2701605|
2701606|
2701607|
2701632|
2701633|
2701634|
2701635|
2701636|
2701637|
2701638|
2701639|
2701664|
2701665|
2701666|
2701667|
2701668|
2701669|
2701670|
2701671|
2701696|
2701697|
2701698|
2701699|
2701700|
2701701|
2701702|
2701703|
2701728|
2701729|
2701730|
2701731|
2701732|
2701733|
2701734|
2701735|
2701760|
2701761|
2701762|
2701763|
2701764|
2701765|
2701766|
2701767|
2701792|
2701793|
2701794|
2701795|
2701796|
2701797|
2701798|
2701799|
2701824|
2701825|
2701826|
2701827|
2701828|
2701829|
2701830|
2701831|
2701856|
2701857|
2701858|
2701859|
2701860|
2701861|
2701862|
2701863|
2701888|
2701889|
2701890|
2701891|
2701892|
2701893|
2701894|
2701895|
2701920|
2701921|
2701922|
2701923|
2701924|
2701925|
2701926|
2701927|
2701952|
2701953|
2701954|
2701955|
2701956|
2701957|
2701958|
2701959|
2701984|
2701985|
2701986|
2701987|
2701988|
2701989|
2701990|
2701991|
2702016|
2702017|
2702018|
2702019|
2702020|
2702021|
2702022|
2702023|
2702048|
2702049|
2702050|
2702051|
2702052|
2702053|
2702054|
2702055|
2702080|
2702081|
2702082|
2702083|
2702084|
2702085|
2702086|
2702087|
2702112|
2702113|
2702114|
2702115|
2702116|
2702117|
2702118|
2702119|
2702144|
2702145|
2702146|
2702147|
2702148|
2702149|
2702150|
2702151|
2702176|
2702177|
2702178|
2702179|
2702180|
2702181|
2702182|
2702183|
2702208|
2702209|
2702210|
2702211|
2702212|
2702213|
2702214|
2702215|
2702240|
2702241|
2702242|
2702243|
2702244|
2702245|
2702246|
2702247|
2702272|
2702273|
2702274|
2702275|
2702276|
2702277|
2702278|
2702279|
2702304|
2702305|
2702306|
2702307|
2702308|
2702309|
2702310|
2702311|
2702336|
2702337|
2702338|
2702339|
2702340|
2702341|
2702342|
2702343|
2702368|
2702369|
2702370|
2702371|
2702372|
2702373|
2702374|
2702375|
2702400|
2702401|
2702402|
2702403|
2702404|
2702405|
2702406|
2702407|
2702432|
2702433|
2702434|
2702435|
2702436|
2702437|
2702438|
2702439|
2702464|
2702465|
2702466|
2702467|
2702468|
2702469|
2702470|
2702471|
2702496|
2702497|
2702498|
2702499|
2702500|
2702501|
2702502|
2702503|
2702528|
2702529|
2702530|
2702531|
2702532|
2702533|
2702534|
2702535|
2702560|
2702561|
2702562|
2702563|
2702564|
2702565|
2702566|
2702567|
2702592|
2702593|
2702594|
2702595|
2702596|
2702597|
2702598|
2702599|
2702624|
2702625|
2702626|
2702627|
2702628|
2702629|
2702630|
2702631|
2702656|
2702657|
2702658|
2702659|
2702660|
2702661|
2702662|
2702663|
2702688|
2702689|
2702690|
2702691|
2702692|
2702693|
2702694|
2702695|
2702720|
2702721|
2702722|
2702723|
2702724|
2702725|
2702726|
2702727|
2702752|
2702753|
2702754|
2702755|
2702756|
2702757|
2702758|
2702759|
2702784|
2702785|
2702786|
2702787|
2702788|
2702789|
2702790|
2702791|
2702816|
2702817|
2702818|
2702819|
2702820|
2702821|
2702822|
2702823|
2702848|
2702849|
2702850|
2702851|
2702852|
2702853|
2702854|
2702855|
2702880|
2702881|
2702882|
2702883|
2702884|
2702885|
2702886|
2702887|
2702912|
2702913|
2702914|
2702915|
2702916|
2702917|
2702918|
2702919|
2702944|
2702945|
2702946|
2702947|
2702948|
2702949|
2702950|
2702951|
2702976|
2702977|
2702978|
2702979|
2702980|
2702981|
2702982|
2702983|
2703008|
2703009|
2703010|
2703011|
2703012|
2703013|
2703014|
2703015|
2703040|
2703041|
2703042|
2703043|
2703044|
2703045|
2703046|
2703047|
2703072|
2703073|
2703074|
2703075|
2703076|
2703077|
2703078|
2703079|
2703104|
2703105|
2703106|
2703107|
2703108|
2703109|
2703110|
2703111|
2703136|
2703137|
2703138|
2703139|
2703140|
2703141|
2703142|
2703143|
2703168|
2703169|
2703170|
2703171|
2703172|
2703173|
2703174|
2703175|
2703200|
2703201|
2703202|
2703203|
2703204|
2703205|
2703206|
2703207|
2703232|
2703233|
2703234|
2703235|
2703236|
2703237|
2703238|
2703239|
2703264|
2703265|
2703266|
2703267|
2703268|
2703269|
2703270|
2703271|
2703296|
2703297|
2703298|
2703299|
2703300|
2703301|
2703302|
2703303|
2703328|
2703329|
2703330|
2703331|
2703332|
2703333|
2703334|
2703335|
2703360|
2703361|
2703362|
2703363|
2703364|
2703365|
2703366|
2703367|
2703392|
2703393|
2703394|
2703395|
2703396|
2703397|
2703398|
2703399|
2703424|
2703425|
2703426|
2703427|
2703428|
2703429|
2703430|
2703431|
2703456|
2703457|
2703458|
2703459|
2703460|
2703461|
2703462|
2703463|
2703488|
2703489|
2703490|
2703491|
2703492|
2703493|
2703494|
2703495|
2703520|
2703521|
2703522|
2703523|
2703524|
2703525|
2703526|
2703527|
2703552|
2703553|
2703554|
2703555|
2703556|
2703557|
2703558|
2703559|
2703584|
2703585|
2703586|
2703587|
2703588|
2703589|
2703590|
2703591|
2703616|
2703617|
2703618|
2703619|
2703620|
2703621|
2703622|
2703623|
2703648|
2703649|
2703650|
2703651|
2703652|
2703653|
2703654|
2703655|
2703680|
2703681|
2703682|
2703683|
2703684|
2703685|
2703686|
2703687|
2703712|
2703713|
2703714|
2703715|
2703716|
2703717|
2703718|
2703719|
2703744|
2703745|
2703746|
2703747|
2703748|
2703749|
2703750|
2703751|
2703776|
2703777|
2703778|
2703779|
2703780|
2703781|
2703782|
2703783|
2703808|
2703809|
2703810|
2703811|
2703812|
2703813|
2703814|
2703815|
2703840|
2703841|
2703842|
2703843|
2703844|
2703845|
2703846|
2703847|
2703872|
2703873|
2703874|
2703875|
2703876|
2703877|
2703878|
2703879|
2703904|
2703905|
2703906|
2703907|
2703908|
2703909|
2703910|
2703911|
2703936|
2703937|
2703938|
2703939|
2703940|
2703941|
2703942|
2703943|
2703968|
2703969|
2703970|
2703971|
2703972|
2703973|
2703974|
2703975|
2704000|
2704001|
2704002|
2704003|
2704004|
2704005|
2704006|
2704007|
2704032|
2704033|
2704034|
2704035|
2704036|
2704037|
2704038|
2704039|
2704064|
2704065|
2704066|
2704067|
2704068|
2704069|
2704070|
2704071|
2704096|
2704097|
2704098|
2704099|
2704100|
2704101|
2704102|
2704103|
2704128|
2704129|
2704130|
2704131|
2704132|
2704133|
2704134|
2704135|
2704160|
2704161|
2704162|
2704163|
2704164|
2704165|
2704166|
2704167|
2704192|
2704193|
2704194|
2704195|
2704196|
2704197|
2704198|
2704199|
2704224|
2704225|
2704226|
2704227|
2704228|
2704229|
2704230|
2704231|
2704256|
2704257|
2704258|
2704259|
2704260|
2704261|
2704262|
2704263|
2704288|
2704289|
2704290|
2704291|
2704292|
2704293|
2704294|
2704295|
2704320|
2704321|
2704322|
2704323|
2704324|
2704325|
2704326|
2704327|
2704352|
2704353|
2704354|
2704355|
2704356|
2704357|
2704358|
2704359|
2704384|
2704385|
2704386|
2704387|
2704388|
2704389|
2704390|
2704391|
2704416|
2704417|
2704418|
2704419|
2704420|
2704421|
2704422|
2704423|
2704448|
2704449|
2704450|
2704451|
2704452|
2704453|
2704454|
2704455|
2704480|
2704481|
2704482|
2704483|
2704484|
2704485|
2704486|
2704487|
2704512|
2704513|
2704514|
2704515|
2704516|
2704517|
2704518|
2704519|
2704544|
2704545|
2704546|
2704547|
2704548|
2704549|
2704550|
2704551|
2704576|
2704577|
2704578|
2704579|
2704580|
2704581|
2704582|
2704583|
2704608|
2704609|
2704610|
2704611|
2704612|
2704613|
2704614|
2704615|
2704640|
2704641|
2704642|
2704643|
2704644|
2704645|
2704646|
2704647|
2704672|
2704673|
2704674|
2704675|
2704676|
2704677|
2704678|
2704679|
2704704|
2704705|
2704706|
2704707|
2704708|
2704709|
2704710|
2704711|
2704736|
2704737|
2704738|
2704739|
2704740|
2704741|
2704742|
2704743|
2704768|
2704769|
2704770|
2704771|
2704772|
2704773|
2704774|
2704775|
2704800|
2704801|
2704802|
2704803|
2704804|
2704805|
2704806|
2704807|
2704832|
2704833|
2704834|
2704835|
2704836|
2704837|
2704838|
2704839|
2704864|
2704865|
2704866|
2704867|
2704868|
2704869|
2704870|
2704871|
2704896|
2704897|
2704898|
2704899|
2704900|
2704901|
2704902|
2704903|
2704928|
2704929|
2704930|
2704931|
2704932|
2704933|
2704934|
2704935|
2704960|
2704961|
2704962|
2704963|
2704964|
2704965|
2704966|
2704967|
2704992|
2704993|
2704994|
2704995|
2704996|
2704997|
2704998|
2704999|
2705024|
2705025|
2705026|
2705027|
2705028|
2705029|
2705030|
2705031|
2705056|
2705057|
2705058|
2705059|
2705060|
2705061|
2705062|
2705063|
2705088|
2705089|
2705090|
2705091|
2705092|
2705093|
2705094|
2705095|
2705120|
2705121|
2705122|
2705123|
2705124|
2705125|
2705126|
2705127|
2705152|
2705153|
2705154|
2705155|
2705156|
2705157|
2705158|
2705159|
2705184|
2705185|
2705186|
2705187|
2705188|
2705189|
2705190|
2705191|
2705216|
2705217|
2705218|
2705219|
2705220|
2705221|
2705222|
2705223|
2705248|
2705249|
2705250|
2705251|
2705252|
2705253|
2705254|
2705255|
2705280|
2705281|
2705282|
2705283|
2705284|
2705285|
2705286|
2705287|
2705312|
2705313|
2705314|
2705315|
2705316|
2705317|
2705318|
2705319|
2705344|
2705345|
2705346|
2705347|
2705348|
2705349|
2705350|
2705351|
2705376|
2705377|
2705378|
2705379|
2705380|
2705381|
2705382|
2705383|
2705408|
2705409|
2705410|
2705411|
2705412|
2705413|
2705414|
2705415|
2705440|
2705441|
2705442|
2705443|
2705444|
2705445|
2705446|
2705447|
2705472|
2705473|
2705474|
2705475|
2705476|
2705477|
2705478|
2705479|
2705504|
2705505|
2705506|
2705507|
2705508|
2705509|
2705510|
2705511|
2705536|
2705537|
2705538|
2705539|
2705540|
2705541|
2705542|
2705543|
2705568|
2705569|
2705570|
2705571|
2705572|
2705573|
2705574|
2705575|
2705600|
2705601|
2705602|
2705603|
2705604|
2705605|
2705606|
2705607|
2705632|
2705633|
2705634|
2705635|
2705636|
2705637|
2705638|
2705639|
2705664|
2705665|
2705666|
2705667|
2705668|
2705669|
2705670|
2705671|
2705696|
2705697|
2705698|
2705699|
2705700|
2705701|
2705702|
2705703|
2705728|
2705729|
2705730|
2705731|
2705732|
2705733|
2705734|
2705735|
2705760|
2705761|
2705762|
2705763|
2705764|
2705765|
2705766|
2705767|
2705792|
2705793|
2705794|
2705795|
2705796|
2705797|
2705798|
2705799|
2705824|
2705825|
2705826|
2705827|
2705828|
2705829|
2705830|
2705831|
2705856|
2705857|
2705858|
2705859|
2705860|
2705861|
2705862|
2705863|
2705888|
2705889|
2705890|
2705891|
2705892|
2705893|
2705894|
2705895|
2705920|
2705921|
2705922|
2705923|
2705924|
2705925|
2705926|
2705927|
2705952|
2705953|
2705954|
2705955|
2705956|
2705957|
2705958|
2705959|
2705984|
2705985|
2705986|
2705987|
2705988|
