636001|
636002|
636003|
636004|
636005|
636006|
636007|
636032|
636033|
636034|
636035|
636036|
636037|
636038|
636039|
636064|
636065|
636066|
636067|
636068|
636069|
636070|
636071|
636096|
636097|
636098|
636099|
636100|
636101|
636102|
636103|
636128|
636129|
636130|
636131|
636132|
636133|
636134|
636135|
636160|
636161|
636162|
636163|
636164|
636165|
636166|
636167|
636192|
636193|
636194|
636195|
636196|
636197|
636198|
636199|
636224|
636225|
636226|
636227|
636228|
636229|
636230|
636231|
636256|
636257|
636258|
636259|
636260|
636261|
636262|
636263|
636288|
636289|
636290|
636291|
636292|
636293|
636294|
636295|
636320|
636321|
636322|
636323|
636324|
636325|
636326|
636327|
636352|
636353|
636354|
636355|
636356|
636357|
636358|
636359|
636384|
636385|
636386|
636387|
636388|
636389|
636390|
636391|
636416|
636417|
636418|
636419|
636420|
636421|
636422|
636423|
636448|
636449|
636450|
636451|
636452|
636453|
636454|
636455|
636480|
636481|
636482|
636483|
636484|
636485|
636486|
636487|
636512|
636513|
636514|
636515|
636516|
636517|
636518|
636519|
636544|
636545|
636546|
636547|
636548|
636549|
636550|
636551|
636576|
636577|
636578|
636579|
636580|
636581|
636582|
636583|
636608|
636609|
636610|
636611|
636612|
636613|
636614|
636615|
636640|
636641|
636642|
636643|
636644|
636645|
636646|
636647|
636672|
636673|
636674|
636675|
636676|
636677|
636678|
636679|
636704|
636705|
636706|
636707|
636708|
636709|
636710|
636711|
636736|
636737|
636738|
636739|
636740|
636741|
636742|
636743|
636768|
636769|
636770|
636771|
636772|
636773|
636774|
636775|
636800|
636801|
636802|
636803|
636804|
636805|
636806|
636807|
636832|
636833|
636834|
636835|
636836|
636837|
636838|
636839|
636864|
636865|
636866|
636867|
636868|
636869|
636870|
636871|
636896|
636897|
636898|
636899|
636900|
636901|
636902|
636903|
636928|
636929|
636930|
636931|
636932|
636933|
636934|
636935|
636960|
636961|
636962|
636963|
636964|
636965|
636966|
636967|
636992|
636993|
636994|
636995|
636996|
636997|
636998|
636999|
637024|
637025|
637026|
637027|
637028|
637029|
637030|
637031|
637056|
637057|
637058|
637059|
637060|
637061|
637062|
637063|
637088|
637089|
637090|
637091|
637092|
637093|
637094|
637095|
637120|
637121|
637122|
637123|
637124|
637125|
637126|
637127|
637152|
637153|
637154|
637155|
637156|
637157|
637158|
637159|
637184|
637185|
637186|
637187|
637188|
637189|
637190|
637191|
637216|
637217|
637218|
637219|
637220|
637221|
637222|
637223|
637248|
637249|
637250|
637251|
637252|
637253|
637254|
637255|
637280|
637281|
637282|
637283|
637284|
637285|
637286|
637287|
637312|
637313|
637314|
637315|
637316|
637317|
637318|
637319|
637344|
637345|
637346|
637347|
637348|
637349|
637350|
637351|
637376|
637377|
637378|
637379|
637380|
637381|
637382|
637383|
637408|
637409|
637410|
637411|
637412|
637413|
637414|
637415|
637440|
637441|
637442|
637443|
637444|
637445|
637446|
637447|
637472|
637473|
637474|
637475|
637476|
637477|
637478|
637479|
637504|
637505|
637506|
637507|
637508|
637509|
637510|
637511|
637536|
637537|
637538|
637539|
637540|
637541|
637542|
637543|
637568|
637569|
637570|
637571|
637572|
637573|
637574|
637575|
637600|
637601|
637602|
637603|
637604|
637605|
637606|
637607|
637632|
637633|
637634|
637635|
637636|
637637|
637638|
637639|
637664|
637665|
637666|
637667|
637668|
637669|
637670|
637671|
637696|
637697|
637698|
637699|
637700|
637701|
637702|
637703|
637728|
637729|
637730|
637731|
637732|
637733|
637734|
637735|
637760|
637761|
637762|
637763|
637764|
637765|
637766|
637767|
637792|
637793|
637794|
637795|
637796|
637797|
637798|
637799|
637824|
637825|
637826|
637827|
637828|
637829|
637830|
637831|
637856|
637857|
637858|
637859|
637860|
637861|
637862|
637863|
637888|
637889|
637890|
637891|
637892|
637893|
637894|
637895|
637920|
637921|
637922|
637923|
637924|
637925|
637926|
637927|
637952|
637953|
637954|
637955|
637956|
637957|
637958|
637959|
637984|
637985|
637986|
637987|
637988|
637989|
637990|
637991|
638016|
638017|
638018|
638019|
638020|
638021|
638022|
638023|
638048|
638049|
638050|
638051|
638052|
638053|
638054|
638055|
638080|
638081|
638082|
638083|
638084|
638085|
638086|
638087|
638112|
638113|
638114|
638115|
638116|
638117|
638118|
638119|
638144|
638145|
638146|
638147|
638148|
638149|
638150|
638151|
638176|
638177|
638178|
638179|
638180|
638181|
638182|
638183|
638208|
638209|
638210|
638211|
638212|
638213|
638214|
638215|
638240|
638241|
638242|
638243|
638244|
638245|
638246|
638247|
638272|
638273|
638274|
638275|
638276|
638277|
638278|
638279|
638304|
638305|
638306|
638307|
638308|
638309|
638310|
638311|
638336|
638337|
638338|
638339|
638340|
638341|
638342|
638343|
638368|
638369|
638370|
638371|
638372|
638373|
638374|
638375|
638400|
638401|
638402|
638403|
638404|
638405|
638406|
638407|
638432|
638433|
638434|
638435|
638436|
638437|
638438|
638439|
638464|
638465|
638466|
638467|
638468|
638469|
638470|
638471|
638496|
638497|
638498|
638499|
638500|
638501|
638502|
638503|
638528|
638529|
638530|
638531|
638532|
638533|
638534|
638535|
638560|
638561|
638562|
638563|
638564|
638565|
638566|
638567|
638592|
638593|
638594|
638595|
638596|
638597|
638598|
638599|
638624|
638625|
638626|
638627|
638628|
638629|
638630|
638631|
638656|
638657|
638658|
638659|
638660|
638661|
638662|
638663|
638688|
638689|
638690|
638691|
638692|
638693|
638694|
638695|
638720|
638721|
638722|
638723|
638724|
638725|
638726|
638727|
638752|
638753|
638754|
638755|
638756|
638757|
638758|
638759|
638784|
638785|
638786|
638787|
638788|
638789|
638790|
638791|
638816|
638817|
638818|
638819|
638820|
638821|
638822|
638823|
638848|
638849|
638850|
638851|
638852|
638853|
638854|
638855|
638880|
638881|
638882|
638883|
638884|
638885|
638886|
638887|
638912|
638913|
638914|
638915|
638916|
638917|
638918|
638919|
638944|
638945|
638946|
638947|
638948|
638949|
638950|
638951|
638976|
638977|
638978|
638979|
638980|
638981|
638982|
638983|
639008|
639009|
639010|
639011|
639012|
639013|
639014|
639015|
639040|
639041|
639042|
639043|
639044|
639045|
639046|
639047|
639072|
639073|
639074|
639075|
639076|
639077|
639078|
639079|
639104|
639105|
639106|
639107|
639108|
639109|
639110|
639111|
639136|
639137|
639138|
639139|
639140|
639141|
639142|
639143|
639168|
639169|
639170|
639171|
639172|
639173|
639174|
639175|
639200|
639201|
639202|
639203|
639204|
639205|
639206|
639207|
639232|
639233|
639234|
639235|
639236|
639237|
639238|
639239|
639264|
639265|
639266|
639267|
639268|
639269|
639270|
639271|
639296|
639297|
639298|
639299|
639300|
639301|
639302|
639303|
639328|
639329|
639330|
639331|
639332|
639333|
639334|
639335|
639360|
639361|
639362|
639363|
639364|
639365|
639366|
639367|
639392|
639393|
639394|
639395|
639396|
639397|
639398|
639399|
639424|
639425|
639426|
639427|
639428|
639429|
639430|
639431|
639456|
639457|
639458|
639459|
639460|
639461|
639462|
639463|
639488|
639489|
639490|
639491|
639492|
639493|
639494|
639495|
639520|
639521|
639522|
639523|
639524|
639525|
639526|
639527|
639552|
639553|
639554|
639555|
639556|
639557|
639558|
639559|
639584|
639585|
639586|
639587|
639588|
639589|
639590|
639591|
639616|
639617|
639618|
639619|
639620|
639621|
639622|
639623|
639648|
639649|
639650|
639651|
639652|
639653|
639654|
639655|
639680|
639681|
639682|
639683|
639684|
639685|
639686|
639687|
639712|
639713|
639714|
639715|
639716|
639717|
639718|
639719|
639744|
639745|
639746|
639747|
639748|
639749|
639750|
639751|
639776|
639777|
639778|
639779|
639780|
639781|
639782|
639783|
639808|
639809|
639810|
639811|
639812|
639813|
639814|
639815|
639840|
639841|
639842|
639843|
639844|
639845|
639846|
639847|
639872|
639873|
639874|
639875|
639876|
639877|
639878|
639879|
639904|
639905|
639906|
639907|
639908|
639909|
639910|
639911|
639936|
639937|
639938|
639939|
639940|
639941|
639942|
639943|
639968|
639969|
639970|
639971|
639972|
639973|
639974|
639975|
640000|
640001|
640002|
640003|
640004|
640005|
640006|
640007|
640032|
640033|
640034|
640035|
640036|
640037|
640038|
640039|
640064|
640065|
640066|
640067|
640068|
640069|
640070|
640071|
640096|
640097|
640098|
640099|
640100|
640101|
640102|
640103|
640128|
640129|
640130|
640131|
640132|
640133|
640134|
640135|
640160|
640161|
640162|
640163|
640164|
640165|
640166|
640167|
640192|
640193|
640194|
640195|
640196|
640197|
640198|
640199|
640224|
640225|
640226|
640227|
640228|
640229|
640230|
640231|
640256|
640257|
640258|
640259|
640260|
640261|
640262|
640263|
640288|
640289|
640290|
640291|
640292|
640293|
640294|
640295|
640320|
640321|
640322|
640323|
640324|
640325|
640326|
640327|
640352|
640353|
640354|
640355|
640356|
640357|
640358|
640359|
640384|
640385|
640386|
640387|
640388|
640389|
640390|
640391|
640416|
640417|
640418|
640419|
640420|
640421|
640422|
640423|
640448|
640449|
640450|
640451|
640452|
640453|
640454|
640455|
640480|
640481|
640482|
640483|
640484|
640485|
640486|
640487|
640512|
640513|
640514|
640515|
640516|
640517|
640518|
640519|
640544|
640545|
640546|
640547|
640548|
640549|
640550|
640551|
640576|
640577|
640578|
640579|
640580|
640581|
640582|
640583|
640608|
640609|
640610|
640611|
640612|
640613|
640614|
640615|
640640|
640641|
640642|
640643|
640644|
640645|
640646|
640647|
640672|
640673|
640674|
640675|
640676|
640677|
640678|
640679|
640704|
640705|
640706|
640707|
640708|
640709|
640710|
640711|
640736|
640737|
640738|
640739|
640740|
640741|
640742|
640743|
640768|
640769|
640770|
640771|
640772|
640773|
640774|
640775|
640800|
640801|
640802|
640803|
640804|
640805|
640806|
640807|
640832|
640833|
640834|
640835|
640836|
640837|
640838|
640839|
640864|
640865|
640866|
640867|
640868|
640869|
640870|
640871|
640896|
640897|
640898|
640899|
640900|
640901|
640902|
640903|
640928|
640929|
640930|
640931|
640932|
640933|
640934|
640935|
640960|
640961|
640962|
640963|
640964|
640965|
640966|
640967|
640992|
640993|
640994|
640995|
640996|
640997|
640998|
640999|
641024|
641025|
641026|
641027|
641028|
641029|
641030|
641031|
641056|
641057|
641058|
641059|
641060|
641061|
641062|
641063|
641088|
641089|
641090|
641091|
641092|
641093|
641094|
641095|
641120|
641121|
641122|
641123|
641124|
641125|
641126|
641127|
641152|
641153|
641154|
641155|
641156|
641157|
641158|
641159|
641184|
641185|
641186|
641187|
641188|
641189|
641190|
641191|
641216|
641217|
641218|
641219|
641220|
641221|
641222|
641223|
641248|
641249|
641250|
641251|
641252|
641253|
641254|
641255|
641280|
641281|
641282|
641283|
641284|
641285|
641286|
641287|
641312|
641313|
641314|
641315|
641316|
641317|
641318|
641319|
641344|
641345|
641346|
641347|
641348|
641349|
641350|
641351|
641376|
641377|
641378|
641379|
641380|
641381|
641382|
641383|
641408|
641409|
641410|
641411|
641412|
641413|
641414|
641415|
641440|
641441|
641442|
641443|
641444|
641445|
641446|
641447|
641472|
641473|
641474|
641475|
641476|
641477|
641478|
641479|
641504|
641505|
641506|
641507|
641508|
641509|
641510|
641511|
641536|
641537|
641538|
641539|
641540|
641541|
641542|
641543|
641568|
641569|
641570|
641571|
641572|
641573|
641574|
641575|
641600|
641601|
641602|
641603|
641604|
641605|
641606|
641607|
641632|
641633|
641634|
641635|
641636|
641637|
641638|
641639|
641664|
641665|
641666|
641667|
641668|
641669|
641670|
641671|
641696|
641697|
641698|
641699|
641700|
641701|
641702|
641703|
641728|
641729|
641730|
641731|
641732|
641733|
641734|
641735|
641760|
641761|
641762|
641763|
641764|
641765|
641766|
641767|
641792|
641793|
641794|
641795|
641796|
641797|
641798|
641799|
641824|
641825|
641826|
641827|
641828|
641829|
641830|
641831|
641856|
641857|
641858|
641859|
641860|
641861|
641862|
641863|
641888|
641889|
641890|
641891|
641892|
641893|
641894|
641895|
641920|
641921|
641922|
641923|
641924|
641925|
641926|
641927|
641952|
641953|
641954|
641955|
641956|
641957|
641958|
641959|
641984|
641985|
641986|
641987|
641988|
