89989|
89990|
89991|
90016|
90017|
90018|
90019|
90020|
90021|
90022|
90023|
90048|
90049|
90050|
90051|
90052|
90053|
90054|
90055|
90080|
90081|
90082|
90083|
90084|
90085|
90086|
90087|
90112|
90113|
90114|
90115|
90116|
90117|
90118|
90119|
90144|
90145|
90146|
90147|
90148|
90149|
90150|
90151|
90176|
90177|
90178|
90179|
90180|
90181|
90182|
90183|
90208|
90209|
90210|
90211|
90212|
90213|
90214|
90215|
90240|
90241|
90242|
90243|
90244|
90245|
90246|
90247|
90272|
90273|
90274|
90275|
90276|
90277|
90278|
90279|
90304|
90305|
90306|
90307|
90308|
90309|
90310|
90311|
90336|
90337|
90338|
90339|
90340|
90341|
90342|
90343|
90368|
90369|
90370|
90371|
90372|
90373|
90374|
90375|
90400|
90401|
90402|
90403|
90404|
90405|
90406|
90407|
90432|
90433|
90434|
90435|
90436|
90437|
90438|
90439|
90464|
90465|
90466|
90467|
90468|
90469|
90470|
90471|
90496|
90497|
90498|
90499|
90500|
90501|
90502|
90503|
90528|
90529|
90530|
90531|
90532|
90533|
90534|
90535|
90560|
90561|
90562|
90563|
90564|
90565|
90566|
90567|
90592|
90593|
90594|
90595|
90596|
90597|
90598|
90599|
90624|
90625|
90626|
90627|
90628|
90629|
90630|
90631|
90656|
90657|
90658|
90659|
90660|
90661|
90662|
90663|
90688|
90689|
90690|
90691|
90692|
90693|
90694|
90695|
90720|
90721|
90722|
90723|
90724|
90725|
90726|
90727|
90752|
90753|
90754|
90755|
90756|
90757|
90758|
90759|
90784|
90785|
90786|
90787|
90788|
90789|
90790|
90791|
90816|
90817|
90818|
90819|
90820|
90821|
90822|
90823|
90848|
90849|
90850|
90851|
90852|
90853|
90854|
90855|
90880|
90881|
90882|
90883|
90884|
90885|
90886|
90887|
90912|
90913|
90914|
90915|
90916|
90917|
90918|
90919|
90944|
90945|
90946|
90947|
90948|
90949|
90950|
90951|
90976|
90977|
90978|
90979|
90980|
90981|
90982|
90983|
91008|
91009|
91010|
91011|
91012|
91013|
91014|
91015|
91040|
91041|
91042|
91043|
91044|
91045|
91046|
91047|
91072|
91073|
91074|
91075|
91076|
91077|
91078|
91079|
91104|
91105|
91106|
91107|
91108|
91109|
91110|
91111|
91136|
91137|
91138|
91139|
91140|
91141|
91142|
91143|
91168|
91169|
91170|
91171|
91172|
91173|
91174|
91175|
91200|
91201|
91202|
91203|
91204|
91205|
91206|
91207|
91232|
91233|
91234|
91235|
91236|
91237|
91238|
91239|
91264|
91265|
91266|
91267|
91268|
91269|
91270|
91271|
91296|
91297|
91298|
91299|
91300|
91301|
91302|
91303|
91328|
91329|
91330|
91331|
91332|
91333|
91334|
91335|
91360|
91361|
91362|
91363|
91364|
91365|
91366|
91367|
91392|
91393|
91394|
91395|
91396|
91397|
91398|
91399|
91424|
91425|
91426|
91427|
91428|
91429|
91430|
91431|
91456|
91457|
91458|
91459|
91460|
91461|
91462|
91463|
91488|
91489|
91490|
91491|
91492|
91493|
91494|
91495|
91520|
91521|
91522|
91523|
91524|
91525|
91526|
91527|
91552|
91553|
91554|
91555|
91556|
91557|
91558|
91559|
91584|
91585|
91586|
91587|
91588|
91589|
91590|
91591|
91616|
91617|
91618|
91619|
91620|
91621|
91622|
91623|
91648|
91649|
91650|
91651|
91652|
91653|
91654|
91655|
91680|
91681|
91682|
91683|
91684|
91685|
91686|
91687|
91712|
91713|
91714|
91715|
91716|
91717|
91718|
91719|
91744|
91745|
91746|
91747|
91748|
91749|
91750|
91751|
91776|
91777|
91778|
91779|
91780|
91781|
91782|
91783|
91808|
91809|
91810|
91811|
91812|
91813|
91814|
91815|
91840|
91841|
91842|
91843|
91844|
91845|
91846|
91847|
91872|
91873|
91874|
91875|
91876|
91877|
91878|
91879|
91904|
91905|
91906|
91907|
91908|
91909|
91910|
91911|
91936|
91937|
91938|
91939|
91940|
91941|
91942|
91943|
91968|
91969|
91970|
91971|
91972|
91973|
91974|
91975|
92000|
92001|
92002|
92003|
92004|
92005|
92006|
92007|
92032|
92033|
92034|
92035|
92036|
92037|
92038|
92039|
92064|
92065|
92066|
92067|
92068|
92069|
92070|
92071|
92096|
92097|
92098|
92099|
92100|
92101|
92102|
92103|
92128|
92129|
92130|
92131|
92132|
92133|
92134|
92135|
92160|
92161|
92162|
92163|
92164|
92165|
92166|
92167|
92192|
92193|
92194|
92195|
92196|
92197|
92198|
92199|
92224|
92225|
92226|
92227|
92228|
92229|
92230|
92231|
92256|
92257|
92258|
92259|
92260|
92261|
92262|
92263|
92288|
92289|
92290|
92291|
92292|
92293|
92294|
92295|
92320|
92321|
92322|
92323|
92324|
92325|
92326|
92327|
92352|
92353|
92354|
92355|
92356|
92357|
92358|
92359|
92384|
92385|
92386|
92387|
92388|
92389|
92390|
92391|
92416|
92417|
92418|
92419|
92420|
92421|
92422|
92423|
92448|
92449|
92450|
92451|
92452|
92453|
92454|
92455|
92480|
92481|
92482|
92483|
92484|
92485|
92486|
92487|
92512|
92513|
92514|
92515|
92516|
92517|
92518|
92519|
92544|
92545|
92546|
92547|
92548|
92549|
92550|
92551|
92576|
92577|
92578|
92579|
92580|
92581|
92582|
92583|
92608|
92609|
92610|
92611|
92612|
92613|
92614|
92615|
92640|
92641|
92642|
92643|
92644|
92645|
92646|
92647|
92672|
92673|
92674|
92675|
92676|
92677|
92678|
92679|
92704|
92705|
92706|
92707|
92708|
92709|
92710|
92711|
92736|
92737|
92738|
92739|
92740|
92741|
92742|
92743|
92768|
92769|
92770|
92771|
92772|
92773|
92774|
92775|
92800|
92801|
92802|
92803|
92804|
92805|
92806|
92807|
92832|
92833|
92834|
92835|
92836|
92837|
92838|
92839|
92864|
92865|
92866|
92867|
92868|
92869|
92870|
92871|
92896|
92897|
92898|
92899|
92900|
92901|
92902|
92903|
92928|
92929|
92930|
92931|
92932|
92933|
92934|
92935|
92960|
92961|
92962|
92963|
92964|
92965|
92966|
92967|
92992|
92993|
92994|
92995|
92996|
92997|
92998|
92999|
93024|
93025|
93026|
93027|
93028|
93029|
93030|
93031|
93056|
93057|
93058|
93059|
93060|
93061|
93062|
93063|
93088|
93089|
93090|
93091|
93092|
93093|
93094|
93095|
93120|
93121|
93122|
93123|
93124|
93125|
93126|
93127|
93152|
93153|
93154|
93155|
93156|
93157|
93158|
93159|
93184|
93185|
93186|
93187|
93188|
93189|
93190|
93191|
93216|
93217|
93218|
93219|
93220|
93221|
93222|
93223|
93248|
93249|
93250|
93251|
93252|
93253|
93254|
93255|
93280|
93281|
93282|
93283|
93284|
93285|
93286|
93287|
93312|
93313|
93314|
93315|
93316|
93317|
93318|
93319|
93344|
93345|
93346|
93347|
93348|
93349|
93350|
93351|
93376|
93377|
93378|
93379|
93380|
93381|
93382|
93383|
93408|
93409|
93410|
93411|
93412|
93413|
93414|
93415|
93440|
93441|
93442|
93443|
93444|
93445|
93446|
93447|
93472|
93473|
93474|
93475|
93476|
93477|
93478|
93479|
93504|
93505|
93506|
93507|
93508|
93509|
93510|
93511|
93536|
93537|
93538|
93539|
93540|
93541|
93542|
93543|
93568|
93569|
93570|
93571|
93572|
93573|
93574|
93575|
93600|
93601|
93602|
93603|
93604|
93605|
93606|
93607|
93632|
93633|
93634|
93635|
93636|
93637|
93638|
93639|
93664|
93665|
93666|
93667|
93668|
93669|
93670|
93671|
93696|
93697|
93698|
93699|
93700|
93701|
93702|
93703|
93728|
93729|
93730|
93731|
93732|
93733|
93734|
93735|
93760|
93761|
93762|
93763|
93764|
93765|
93766|
93767|
93792|
93793|
93794|
93795|
93796|
93797|
93798|
93799|
93824|
93825|
93826|
93827|
93828|
93829|
93830|
93831|
93856|
93857|
93858|
93859|
93860|
93861|
93862|
93863|
93888|
93889|
93890|
93891|
93892|
93893|
93894|
93895|
93920|
93921|
93922|
93923|
93924|
93925|
93926|
93927|
93952|
93953|
93954|
93955|
93956|
93957|
93958|
93959|
93984|
93985|
93986|
93987|
93988|
93989|
93990|
93991|
94016|
94017|
94018|
94019|
94020|
94021|
94022|
94023|
94048|
94049|
94050|
94051|
94052|
94053|
94054|
94055|
94080|
94081|
94082|
94083|
94084|
94085|
94086|
94087|
94112|
94113|
94114|
94115|
94116|
94117|
94118|
94119|
94144|
94145|
94146|
94147|
94148|
94149|
94150|
94151|
94176|
94177|
94178|
94179|
94180|
94181|
94182|
94183|
94208|
94209|
94210|
94211|
94212|
94213|
94214|
94215|
94240|
94241|
94242|
94243|
94244|
94245|
94246|
94247|
94272|
94273|
94274|
94275|
94276|
94277|
94278|
94279|
94304|
94305|
94306|
94307|
94308|
94309|
94310|
94311|
94336|
94337|
94338|
94339|
94340|
94341|
94342|
94343|
94368|
94369|
94370|
94371|
94372|
94373|
94374|
94375|
94400|
94401|
94402|
94403|
94404|
94405|
94406|
94407|
94432|
94433|
94434|
94435|
94436|
94437|
94438|
94439|
94464|
94465|
94466|
94467|
94468|
94469|
94470|
94471|
94496|
94497|
94498|
94499|
94500|
94501|
94502|
94503|
94528|
94529|
94530|
94531|
94532|
94533|
94534|
94535|
94560|
94561|
94562|
94563|
94564|
94565|
94566|
94567|
94592|
94593|
94594|
94595|
94596|
94597|
94598|
94599|
94624|
94625|
94626|
94627|
94628|
94629|
94630|
94631|
94656|
94657|
94658|
94659|
94660|
94661|
94662|
94663|
94688|
94689|
94690|
94691|
94692|
94693|
94694|
94695|
94720|
94721|
94722|
94723|
94724|
94725|
94726|
94727|
94752|
94753|
94754|
94755|
94756|
94757|
94758|
94759|
94784|
94785|
94786|
94787|
94788|
94789|
94790|
94791|
94816|
94817|
94818|
94819|
94820|
94821|
94822|
94823|
94848|
94849|
94850|
94851|
94852|
94853|
94854|
94855|
94880|
94881|
94882|
94883|
94884|
94885|
94886|
94887|
94912|
94913|
94914|
94915|
94916|
94917|
94918|
94919|
94944|
94945|
94946|
94947|
94948|
94949|
94950|
94951|
94976|
94977|
94978|
94979|
94980|
94981|
94982|
94983|
95008|
95009|
95010|
95011|
95012|
95013|
95014|
95015|
95040|
95041|
95042|
95043|
95044|
95045|
95046|
95047|
95072|
95073|
95074|
95075|
95076|
95077|
95078|
95079|
95104|
95105|
95106|
95107|
95108|
95109|
95110|
95111|
95136|
95137|
95138|
95139|
95140|
95141|
95142|
95143|
95168|
95169|
95170|
95171|
95172|
95173|
95174|
95175|
95200|
95201|
95202|
95203|
95204|
95205|
95206|
95207|
95232|
95233|
95234|
95235|
95236|
95237|
95238|
95239|
95264|
95265|
95266|
95267|
95268|
95269|
95270|
95271|
95296|
95297|
95298|
95299|
95300|
95301|
95302|
95303|
95328|
95329|
95330|
95331|
95332|
95333|
95334|
95335|
95360|
95361|
95362|
95363|
95364|
95365|
95366|
95367|
95392|
95393|
95394|
95395|
95396|
95397|
95398|
95399|
95424|
95425|
95426|
95427|
95428|
95429|
95430|
95431|
95456|
95457|
95458|
95459|
95460|
95461|
95462|
95463|
95488|
95489|
95490|
95491|
95492|
95493|
95494|
95495|
95520|
95521|
95522|
95523|
95524|
95525|
95526|
95527|
95552|
95553|
95554|
95555|
95556|
95557|
95558|
95559|
95584|
95585|
95586|
95587|
95588|
95589|
95590|
95591|
95616|
95617|
95618|
95619|
95620|
95621|
95622|
95623|
95648|
95649|
95650|
95651|
95652|
95653|
95654|
95655|
95680|
95681|
95682|
95683|
95684|
95685|
95686|
95687|
95712|
95713|
95714|
95715|
95716|
95717|
95718|
95719|
95744|
95745|
95746|
95747|
95748|
95749|
95750|
95751|
95776|
95777|
95778|
95779|
95780|
95781|
95782|
95783|
95808|
95809|
95810|
95811|
95812|
95813|
95814|
95815|
95840|
95841|
95842|
95843|
95844|
95845|
95846|
95847|
95872|
95873|
95874|
95875|
95876|
95877|
95878|
95879|
95904|
95905|
95906|
95907|
95908|
95909|
95910|
95911|
95936|
95937|
95938|
95939|
95940|
95941|
95942|
95943|
95968|
95969|
95970|
95971|
95972|
95973|
95974|
95975|
96000|
