1356001|
1356002|
1356003|
1356004|
1356005|
1356006|
1356007|
1356032|
1356033|
1356034|
1356035|
1356036|
1356037|
1356038|
1356039|
1356064|
1356065|
1356066|
1356067|
1356068|
1356069|
1356070|
1356071|
1356096|
1356097|
1356098|
1356099|
1356100|
1356101|
1356102|
1356103|
1356128|
1356129|
1356130|
1356131|
1356132|
1356133|
1356134|
1356135|
1356160|
1356161|
1356162|
1356163|
1356164|
1356165|
1356166|
1356167|
1356192|
1356193|
1356194|
1356195|
1356196|
1356197|
1356198|
1356199|
1356224|
1356225|
1356226|
1356227|
1356228|
1356229|
1356230|
1356231|
1356256|
1356257|
1356258|
1356259|
1356260|
1356261|
1356262|
1356263|
1356288|
1356289|
1356290|
1356291|
1356292|
1356293|
1356294|
1356295|
1356320|
1356321|
1356322|
1356323|
1356324|
1356325|
1356326|
1356327|
1356352|
1356353|
1356354|
1356355|
1356356|
1356357|
1356358|
1356359|
1356384|
1356385|
1356386|
1356387|
1356388|
1356389|
1356390|
1356391|
1356416|
1356417|
1356418|
1356419|
1356420|
1356421|
1356422|
1356423|
1356448|
1356449|
1356450|
1356451|
1356452|
1356453|
1356454|
1356455|
1356480|
1356481|
1356482|
1356483|
1356484|
1356485|
1356486|
1356487|
1356512|
1356513|
1356514|
1356515|
1356516|
1356517|
1356518|
1356519|
1356544|
1356545|
1356546|
1356547|
1356548|
1356549|
1356550|
1356551|
1356576|
1356577|
1356578|
1356579|
1356580|
1356581|
1356582|
1356583|
1356608|
1356609|
1356610|
1356611|
1356612|
1356613|
1356614|
1356615|
1356640|
1356641|
1356642|
1356643|
1356644|
1356645|
1356646|
1356647|
1356672|
1356673|
1356674|
1356675|
1356676|
1356677|
1356678|
1356679|
1356704|
1356705|
1356706|
1356707|
1356708|
1356709|
1356710|
1356711|
1356736|
1356737|
1356738|
1356739|
1356740|
1356741|
1356742|
1356743|
1356768|
1356769|
1356770|
1356771|
1356772|
1356773|
1356774|
1356775|
1356800|
1356801|
1356802|
1356803|
1356804|
1356805|
1356806|
1356807|
1356832|
1356833|
1356834|
1356835|
1356836|
1356837|
1356838|
1356839|
1356864|
1356865|
1356866|
1356867|
1356868|
1356869|
1356870|
1356871|
1356896|
1356897|
1356898|
1356899|
1356900|
1356901|
1356902|
1356903|
1356928|
1356929|
1356930|
1356931|
1356932|
1356933|
1356934|
1356935|
1356960|
1356961|
1356962|
1356963|
1356964|
1356965|
1356966|
1356967|
1356992|
1356993|
1356994|
1356995|
1356996|
1356997|
1356998|
1356999|
1357024|
1357025|
1357026|
1357027|
1357028|
1357029|
1357030|
1357031|
1357056|
1357057|
1357058|
1357059|
1357060|
1357061|
1357062|
1357063|
1357088|
1357089|
1357090|
1357091|
1357092|
1357093|
1357094|
1357095|
1357120|
1357121|
1357122|
1357123|
1357124|
1357125|
1357126|
1357127|
1357152|
1357153|
1357154|
1357155|
1357156|
1357157|
1357158|
1357159|
1357184|
1357185|
1357186|
1357187|
1357188|
1357189|
1357190|
1357191|
1357216|
1357217|
1357218|
1357219|
1357220|
1357221|
1357222|
1357223|
1357248|
1357249|
1357250|
1357251|
1357252|
1357253|
1357254|
1357255|
1357280|
1357281|
1357282|
1357283|
1357284|
1357285|
1357286|
1357287|
1357312|
1357313|
1357314|
1357315|
1357316|
1357317|
1357318|
1357319|
1357344|
1357345|
1357346|
1357347|
1357348|
1357349|
1357350|
1357351|
1357376|
1357377|
1357378|
1357379|
1357380|
1357381|
1357382|
1357383|
1357408|
1357409|
1357410|
1357411|
1357412|
1357413|
1357414|
1357415|
1357440|
1357441|
1357442|
1357443|
1357444|
1357445|
1357446|
1357447|
1357472|
1357473|
1357474|
1357475|
1357476|
1357477|
1357478|
1357479|
1357504|
1357505|
1357506|
1357507|
1357508|
1357509|
1357510|
1357511|
1357536|
1357537|
1357538|
1357539|
1357540|
1357541|
1357542|
1357543|
1357568|
1357569|
1357570|
1357571|
1357572|
1357573|
1357574|
1357575|
1357600|
1357601|
1357602|
1357603|
1357604|
1357605|
1357606|
1357607|
1357632|
1357633|
1357634|
1357635|
1357636|
1357637|
1357638|
1357639|
1357664|
1357665|
1357666|
1357667|
1357668|
1357669|
1357670|
1357671|
1357696|
1357697|
1357698|
1357699|
1357700|
1357701|
1357702|
1357703|
1357728|
1357729|
1357730|
1357731|
1357732|
1357733|
1357734|
1357735|
1357760|
1357761|
1357762|
1357763|
1357764|
1357765|
1357766|
1357767|
1357792|
1357793|
1357794|
1357795|
1357796|
1357797|
1357798|
1357799|
1357824|
1357825|
1357826|
1357827|
1357828|
1357829|
1357830|
1357831|
1357856|
1357857|
1357858|
1357859|
1357860|
1357861|
1357862|
1357863|
1357888|
1357889|
1357890|
1357891|
1357892|
1357893|
1357894|
1357895|
1357920|
1357921|
1357922|
1357923|
1357924|
1357925|
1357926|
1357927|
1357952|
1357953|
1357954|
1357955|
1357956|
1357957|
1357958|
1357959|
1357984|
1357985|
1357986|
1357987|
1357988|
1357989|
1357990|
1357991|
1358016|
1358017|
1358018|
1358019|
1358020|
1358021|
1358022|
1358023|
1358048|
1358049|
1358050|
1358051|
1358052|
1358053|
1358054|
1358055|
1358080|
1358081|
1358082|
1358083|
1358084|
1358085|
1358086|
1358087|
1358112|
1358113|
1358114|
1358115|
1358116|
1358117|
1358118|
1358119|
1358144|
1358145|
1358146|
1358147|
1358148|
1358149|
1358150|
1358151|
1358176|
1358177|
1358178|
1358179|
1358180|
1358181|
1358182|
1358183|
1358208|
1358209|
1358210|
1358211|
1358212|
1358213|
1358214|
1358215|
1358240|
1358241|
1358242|
1358243|
1358244|
1358245|
1358246|
1358247|
1358272|
1358273|
1358274|
1358275|
1358276|
1358277|
1358278|
1358279|
1358304|
1358305|
1358306|
1358307|
1358308|
1358309|
1358310|
1358311|
1358336|
1358337|
1358338|
1358339|
1358340|
1358341|
1358342|
1358343|
1358368|
1358369|
1358370|
1358371|
1358372|
1358373|
1358374|
1358375|
1358400|
1358401|
1358402|
1358403|
1358404|
1358405|
1358406|
1358407|
1358432|
1358433|
1358434|
1358435|
1358436|
1358437|
1358438|
1358439|
1358464|
1358465|
1358466|
1358467|
1358468|
1358469|
1358470|
1358471|
1358496|
1358497|
1358498|
1358499|
1358500|
1358501|
1358502|
1358503|
1358528|
1358529|
1358530|
1358531|
1358532|
1358533|
1358534|
1358535|
1358560|
1358561|
1358562|
1358563|
1358564|
1358565|
1358566|
1358567|
1358592|
1358593|
1358594|
1358595|
1358596|
1358597|
1358598|
1358599|
1358624|
1358625|
1358626|
1358627|
1358628|
1358629|
1358630|
1358631|
1358656|
1358657|
1358658|
1358659|
1358660|
1358661|
1358662|
1358663|
1358688|
1358689|
1358690|
1358691|
1358692|
1358693|
1358694|
1358695|
1358720|
1358721|
1358722|
1358723|
1358724|
1358725|
1358726|
1358727|
1358752|
1358753|
1358754|
1358755|
1358756|
1358757|
1358758|
1358759|
1358784|
1358785|
1358786|
1358787|
1358788|
1358789|
1358790|
1358791|
1358816|
1358817|
1358818|
1358819|
1358820|
1358821|
1358822|
1358823|
1358848|
1358849|
1358850|
1358851|
1358852|
1358853|
1358854|
1358855|
1358880|
1358881|
1358882|
1358883|
1358884|
1358885|
1358886|
1358887|
1358912|
1358913|
1358914|
1358915|
1358916|
1358917|
1358918|
1358919|
1358944|
1358945|
1358946|
1358947|
1358948|
1358949|
1358950|
1358951|
1358976|
1358977|
1358978|
1358979|
1358980|
1358981|
1358982|
1358983|
1359008|
1359009|
1359010|
1359011|
1359012|
1359013|
1359014|
1359015|
1359040|
1359041|
1359042|
1359043|
1359044|
1359045|
1359046|
1359047|
1359072|
1359073|
1359074|
1359075|
1359076|
1359077|
1359078|
1359079|
1359104|
1359105|
1359106|
1359107|
1359108|
1359109|
1359110|
1359111|
1359136|
1359137|
1359138|
1359139|
1359140|
1359141|
1359142|
1359143|
1359168|
1359169|
1359170|
1359171|
1359172|
1359173|
1359174|
1359175|
1359200|
1359201|
1359202|
1359203|
1359204|
1359205|
1359206|
1359207|
1359232|
1359233|
1359234|
1359235|
1359236|
1359237|
1359238|
1359239|
1359264|
1359265|
1359266|
1359267|
1359268|
1359269|
1359270|
1359271|
1359296|
1359297|
1359298|
1359299|
1359300|
1359301|
1359302|
1359303|
1359328|
1359329|
1359330|
1359331|
1359332|
1359333|
1359334|
1359335|
1359360|
1359361|
1359362|
1359363|
1359364|
1359365|
1359366|
1359367|
1359392|
1359393|
1359394|
1359395|
1359396|
1359397|
1359398|
1359399|
1359424|
1359425|
1359426|
1359427|
1359428|
1359429|
1359430|
1359431|
1359456|
1359457|
1359458|
1359459|
1359460|
1359461|
1359462|
1359463|
1359488|
1359489|
1359490|
1359491|
1359492|
1359493|
1359494|
1359495|
1359520|
1359521|
1359522|
1359523|
1359524|
1359525|
1359526|
1359527|
1359552|
1359553|
1359554|
1359555|
1359556|
1359557|
1359558|
1359559|
1359584|
1359585|
1359586|
1359587|
1359588|
1359589|
1359590|
1359591|
1359616|
1359617|
1359618|
1359619|
1359620|
1359621|
1359622|
1359623|
1359648|
1359649|
1359650|
1359651|
1359652|
1359653|
1359654|
1359655|
1359680|
1359681|
1359682|
1359683|
1359684|
1359685|
1359686|
1359687|
1359712|
1359713|
1359714|
1359715|
1359716|
1359717|
1359718|
1359719|
1359744|
1359745|
1359746|
1359747|
1359748|
1359749|
1359750|
1359751|
1359776|
1359777|
1359778|
1359779|
1359780|
1359781|
1359782|
1359783|
1359808|
1359809|
1359810|
1359811|
1359812|
1359813|
1359814|
1359815|
1359840|
1359841|
1359842|
1359843|
1359844|
1359845|
1359846|
1359847|
1359872|
1359873|
1359874|
1359875|
1359876|
1359877|
1359878|
1359879|
1359904|
1359905|
1359906|
1359907|
1359908|
1359909|
1359910|
1359911|
1359936|
1359937|
1359938|
1359939|
1359940|
1359941|
1359942|
1359943|
1359968|
1359969|
1359970|
1359971|
1359972|
1359973|
1359974|
1359975|
1360000|
1360001|
1360002|
1360003|
1360004|
1360005|
1360006|
1360007|
1360032|
1360033|
1360034|
1360035|
1360036|
1360037|
1360038|
1360039|
1360064|
1360065|
1360066|
1360067|
1360068|
1360069|
1360070|
1360071|
1360096|
1360097|
1360098|
1360099|
1360100|
1360101|
1360102|
1360103|
1360128|
1360129|
1360130|
1360131|
1360132|
1360133|
1360134|
1360135|
1360160|
1360161|
1360162|
1360163|
1360164|
1360165|
1360166|
1360167|
1360192|
1360193|
1360194|
1360195|
1360196|
1360197|
1360198|
1360199|
1360224|
1360225|
1360226|
1360227|
1360228|
1360229|
1360230|
1360231|
1360256|
1360257|
1360258|
1360259|
1360260|
1360261|
1360262|
1360263|
1360288|
1360289|
1360290|
1360291|
1360292|
1360293|
1360294|
1360295|
1360320|
1360321|
1360322|
1360323|
1360324|
1360325|
1360326|
1360327|
1360352|
1360353|
1360354|
1360355|
1360356|
1360357|
1360358|
1360359|
1360384|
1360385|
1360386|
1360387|
1360388|
1360389|
1360390|
1360391|
1360416|
1360417|
1360418|
1360419|
1360420|
1360421|
1360422|
1360423|
1360448|
1360449|
1360450|
1360451|
1360452|
1360453|
1360454|
1360455|
1360480|
1360481|
1360482|
1360483|
1360484|
1360485|
1360486|
1360487|
1360512|
1360513|
1360514|
1360515|
1360516|
1360517|
1360518|
1360519|
1360544|
1360545|
1360546|
1360547|
1360548|
1360549|
1360550|
1360551|
1360576|
1360577|
1360578|
1360579|
1360580|
1360581|
1360582|
1360583|
1360608|
1360609|
1360610|
1360611|
1360612|
1360613|
1360614|
1360615|
1360640|
1360641|
1360642|
1360643|
1360644|
1360645|
1360646|
1360647|
1360672|
1360673|
1360674|
1360675|
1360676|
1360677|
1360678|
1360679|
1360704|
1360705|
1360706|
1360707|
1360708|
1360709|
1360710|
1360711|
1360736|
1360737|
1360738|
1360739|
1360740|
1360741|
1360742|
1360743|
1360768|
1360769|
1360770|
1360771|
1360772|
1360773|
1360774|
1360775|
1360800|
1360801|
1360802|
1360803|
1360804|
1360805|
1360806|
1360807|
1360832|
1360833|
1360834|
1360835|
1360836|
1360837|
1360838|
1360839|
1360864|
1360865|
1360866|
1360867|
1360868|
1360869|
1360870|
1360871|
1360896|
1360897|
1360898|
1360899|
1360900|
1360901|
1360902|
1360903|
1360928|
1360929|
1360930|
1360931|
1360932|
1360933|
1360934|
1360935|
1360960|
1360961|
1360962|
1360963|
1360964|
1360965|
1360966|
1360967|
1360992|
1360993|
1360994|
1360995|
1360996|
1360997|
1360998|
1360999|
1361024|
1361025|
1361026|
1361027|
1361028|
1361029|
1361030|
1361031|
1361056|
1361057|
1361058|
1361059|
1361060|
1361061|
1361062|
1361063|
1361088|
1361089|
1361090|
1361091|
1361092|
1361093|
1361094|
1361095|
1361120|
1361121|
1361122|
1361123|
1361124|
1361125|
1361126|
1361127|
1361152|
1361153|
1361154|
1361155|
1361156|
1361157|
1361158|
1361159|
1361184|
1361185|
1361186|
1361187|
1361188|
1361189|
1361190|
1361191|
1361216|
1361217|
1361218|
1361219|
1361220|
1361221|
1361222|
1361223|
1361248|
1361249|
1361250|
1361251|
1361252|
1361253|
1361254|
1361255|
1361280|
1361281|
1361282|
1361283|
1361284|
1361285|
1361286|
1361287|
1361312|
1361313|
1361314|
1361315|
1361316|
1361317|
1361318|
1361319|
1361344|
1361345|
1361346|
1361347|
1361348|
1361349|
1361350|
1361351|
1361376|
1361377|
1361378|
1361379|
1361380|
1361381|
1361382|
1361383|
1361408|
1361409|
1361410|
1361411|
1361412|
1361413|
1361414|
1361415|
1361440|
1361441|
1361442|
1361443|
1361444|
1361445|
1361446|
1361447|
1361472|
1361473|
1361474|
1361475|
1361476|
1361477|
1361478|
1361479|
1361504|
1361505|
1361506|
1361507|
1361508|
1361509|
1361510|
1361511|
1361536|
1361537|
1361538|
1361539|
1361540|
1361541|
1361542|
1361543|
1361568|
1361569|
1361570|
1361571|
1361572|
1361573|
1361574|
1361575|
1361600|
1361601|
1361602|
1361603|
1361604|
1361605|
1361606|
1361607|
1361632|
1361633|
1361634|
1361635|
1361636|
1361637|
1361638|
1361639|
1361664|
1361665|
1361666|
1361667|
1361668|
1361669|
1361670|
1361671|
1361696|
1361697|
1361698|
1361699|
1361700|
1361701|
1361702|
1361703|
1361728|
1361729|
1361730|
1361731|
1361732|
1361733|
1361734|
1361735|
1361760|
1361761|
1361762|
1361763|
1361764|
1361765|
1361766|
1361767|
1361792|
1361793|
1361794|
1361795|
1361796|
1361797|
1361798|
1361799|
1361824|
1361825|
1361826|
1361827|
1361828|
1361829|
1361830|
1361831|
1361856|
1361857|
1361858|
1361859|
1361860|
1361861|
1361862|
1361863|
1361888|
1361889|
1361890|
1361891|
1361892|
1361893|
1361894|
1361895|
1361920|
1361921|
1361922|
1361923|
1361924|
1361925|
1361926|
1361927|
1361952|
1361953|
1361954|
1361955|
1361956|
1361957|
1361958|
1361959|
1361984|
1361985|
1361986|
1361987|
1361988|
