2664001|
2664002|
2664003|
2664004|
2664005|
2664006|
2664007|
2664032|
2664033|
2664034|
2664035|
2664036|
2664037|
2664038|
2664039|
2664064|
2664065|
2664066|
2664067|
2664068|
2664069|
2664070|
2664071|
2664096|
2664097|
2664098|
2664099|
2664100|
2664101|
2664102|
2664103|
2664128|
2664129|
2664130|
2664131|
2664132|
2664133|
2664134|
2664135|
2664160|
2664161|
2664162|
2664163|
2664164|
2664165|
2664166|
2664167|
2664192|
2664193|
2664194|
2664195|
2664196|
2664197|
2664198|
2664199|
2664224|
2664225|
2664226|
2664227|
2664228|
2664229|
2664230|
2664231|
2664256|
2664257|
2664258|
2664259|
2664260|
2664261|
2664262|
2664263|
2664288|
2664289|
2664290|
2664291|
2664292|
2664293|
2664294|
2664295|
2664320|
2664321|
2664322|
2664323|
2664324|
2664325|
2664326|
2664327|
2664352|
2664353|
2664354|
2664355|
2664356|
2664357|
2664358|
2664359|
2664384|
2664385|
2664386|
2664387|
2664388|
2664389|
2664390|
2664391|
2664416|
2664417|
2664418|
2664419|
2664420|
2664421|
2664422|
2664423|
2664448|
2664449|
2664450|
2664451|
2664452|
2664453|
2664454|
2664455|
2664480|
2664481|
2664482|
2664483|
2664484|
2664485|
2664486|
2664487|
2664512|
2664513|
2664514|
2664515|
2664516|
2664517|
2664518|
2664519|
2664544|
2664545|
2664546|
2664547|
2664548|
2664549|
2664550|
2664551|
2664576|
2664577|
2664578|
2664579|
2664580|
2664581|
2664582|
2664583|
2664608|
2664609|
2664610|
2664611|
2664612|
2664613|
2664614|
2664615|
2664640|
2664641|
2664642|
2664643|
2664644|
2664645|
2664646|
2664647|
2664672|
2664673|
2664674|
2664675|
2664676|
2664677|
2664678|
2664679|
2664704|
2664705|
2664706|
2664707|
2664708|
2664709|
2664710|
2664711|
2664736|
2664737|
2664738|
2664739|
2664740|
2664741|
2664742|
2664743|
2664768|
2664769|
2664770|
2664771|
2664772|
2664773|
2664774|
2664775|
2664800|
2664801|
2664802|
2664803|
2664804|
2664805|
2664806|
2664807|
2664832|
2664833|
2664834|
2664835|
2664836|
2664837|
2664838|
2664839|
2664864|
2664865|
2664866|
2664867|
2664868|
2664869|
2664870|
2664871|
2664896|
2664897|
2664898|
2664899|
2664900|
2664901|
2664902|
2664903|
2664928|
2664929|
2664930|
2664931|
2664932|
2664933|
2664934|
2664935|
2664960|
2664961|
2664962|
2664963|
2664964|
2664965|
2664966|
2664967|
2664992|
2664993|
2664994|
2664995|
2664996|
2664997|
2664998|
2664999|
2665024|
2665025|
2665026|
2665027|
2665028|
2665029|
2665030|
2665031|
2665056|
2665057|
2665058|
2665059|
2665060|
2665061|
2665062|
2665063|
2665088|
2665089|
2665090|
2665091|
2665092|
2665093|
2665094|
2665095|
2665120|
2665121|
2665122|
2665123|
2665124|
2665125|
2665126|
2665127|
2665152|
2665153|
2665154|
2665155|
2665156|
2665157|
2665158|
2665159|
2665184|
2665185|
2665186|
2665187|
2665188|
2665189|
2665190|
2665191|
2665216|
2665217|
2665218|
2665219|
2665220|
2665221|
2665222|
2665223|
2665248|
2665249|
2665250|
2665251|
2665252|
2665253|
2665254|
2665255|
2665280|
2665281|
2665282|
2665283|
2665284|
2665285|
2665286|
2665287|
2665312|
2665313|
2665314|
2665315|
2665316|
2665317|
2665318|
2665319|
2665344|
2665345|
2665346|
2665347|
2665348|
2665349|
2665350|
2665351|
2665376|
2665377|
2665378|
2665379|
2665380|
2665381|
2665382|
2665383|
2665408|
2665409|
2665410|
2665411|
2665412|
2665413|
2665414|
2665415|
2665440|
2665441|
2665442|
2665443|
2665444|
2665445|
2665446|
2665447|
2665472|
2665473|
2665474|
2665475|
2665476|
2665477|
2665478|
2665479|
2665504|
2665505|
2665506|
2665507|
2665508|
2665509|
2665510|
2665511|
2665536|
2665537|
2665538|
2665539|
2665540|
2665541|
2665542|
2665543|
2665568|
2665569|
2665570|
2665571|
2665572|
2665573|
2665574|
2665575|
2665600|
2665601|
2665602|
2665603|
2665604|
2665605|
2665606|
2665607|
2665632|
2665633|
2665634|
2665635|
2665636|
2665637|
2665638|
2665639|
2665664|
2665665|
2665666|
2665667|
2665668|
2665669|
2665670|
2665671|
2665696|
2665697|
2665698|
2665699|
2665700|
2665701|
2665702|
2665703|
2665728|
2665729|
2665730|
2665731|
2665732|
2665733|
2665734|
2665735|
2665760|
2665761|
2665762|
2665763|
2665764|
2665765|
2665766|
2665767|
2665792|
2665793|
2665794|
2665795|
2665796|
2665797|
2665798|
2665799|
2665824|
2665825|
2665826|
2665827|
2665828|
2665829|
2665830|
2665831|
2665856|
2665857|
2665858|
2665859|
2665860|
2665861|
2665862|
2665863|
2665888|
2665889|
2665890|
2665891|
2665892|
2665893|
2665894|
2665895|
2665920|
2665921|
2665922|
2665923|
2665924|
2665925|
2665926|
2665927|
2665952|
2665953|
2665954|
2665955|
2665956|
2665957|
2665958|
2665959|
2665984|
2665985|
2665986|
2665987|
2665988|
2665989|
2665990|
2665991|
2666016|
2666017|
2666018|
2666019|
2666020|
2666021|
2666022|
2666023|
2666048|
2666049|
2666050|
2666051|
2666052|
2666053|
2666054|
2666055|
2666080|
2666081|
2666082|
2666083|
2666084|
2666085|
2666086|
2666087|
2666112|
2666113|
2666114|
2666115|
2666116|
2666117|
2666118|
2666119|
2666144|
2666145|
2666146|
2666147|
2666148|
2666149|
2666150|
2666151|
2666176|
2666177|
2666178|
2666179|
2666180|
2666181|
2666182|
2666183|
2666208|
2666209|
2666210|
2666211|
2666212|
2666213|
2666214|
2666215|
2666240|
2666241|
2666242|
2666243|
2666244|
2666245|
2666246|
2666247|
2666272|
2666273|
2666274|
2666275|
2666276|
2666277|
2666278|
2666279|
2666304|
2666305|
2666306|
2666307|
2666308|
2666309|
2666310|
2666311|
2666336|
2666337|
2666338|
2666339|
2666340|
2666341|
2666342|
2666343|
2666368|
2666369|
2666370|
2666371|
2666372|
2666373|
2666374|
2666375|
2666400|
2666401|
2666402|
2666403|
2666404|
2666405|
2666406|
2666407|
2666432|
2666433|
2666434|
2666435|
2666436|
2666437|
2666438|
2666439|
2666464|
2666465|
2666466|
2666467|
2666468|
2666469|
2666470|
2666471|
2666496|
2666497|
2666498|
2666499|
2666500|
2666501|
2666502|
2666503|
2666528|
2666529|
2666530|
2666531|
2666532|
2666533|
2666534|
2666535|
2666560|
2666561|
2666562|
2666563|
2666564|
2666565|
2666566|
2666567|
2666592|
2666593|
2666594|
2666595|
2666596|
2666597|
2666598|
2666599|
2666624|
2666625|
2666626|
2666627|
2666628|
2666629|
2666630|
2666631|
2666656|
2666657|
2666658|
2666659|
2666660|
2666661|
2666662|
2666663|
2666688|
2666689|
2666690|
2666691|
2666692|
2666693|
2666694|
2666695|
2666720|
2666721|
2666722|
2666723|
2666724|
2666725|
2666726|
2666727|
2666752|
2666753|
2666754|
2666755|
2666756|
2666757|
2666758|
2666759|
2666784|
2666785|
2666786|
2666787|
2666788|
2666789|
2666790|
2666791|
2666816|
2666817|
2666818|
2666819|
2666820|
2666821|
2666822|
2666823|
2666848|
2666849|
2666850|
2666851|
2666852|
2666853|
2666854|
2666855|
2666880|
2666881|
2666882|
2666883|
2666884|
2666885|
2666886|
2666887|
2666912|
2666913|
2666914|
2666915|
2666916|
2666917|
2666918|
2666919|
2666944|
2666945|
2666946|
2666947|
2666948|
2666949|
2666950|
2666951|
2666976|
2666977|
2666978|
2666979|
2666980|
2666981|
2666982|
2666983|
2667008|
2667009|
2667010|
2667011|
2667012|
2667013|
2667014|
2667015|
2667040|
2667041|
2667042|
2667043|
2667044|
2667045|
2667046|
2667047|
2667072|
2667073|
2667074|
2667075|
2667076|
2667077|
2667078|
2667079|
2667104|
2667105|
2667106|
2667107|
2667108|
2667109|
2667110|
2667111|
2667136|
2667137|
2667138|
2667139|
2667140|
2667141|
2667142|
2667143|
2667168|
2667169|
2667170|
2667171|
2667172|
2667173|
2667174|
2667175|
2667200|
2667201|
2667202|
2667203|
2667204|
2667205|
2667206|
2667207|
2667232|
2667233|
2667234|
2667235|
2667236|
2667237|
2667238|
2667239|
2667264|
2667265|
2667266|
2667267|
2667268|
2667269|
2667270|
2667271|
2667296|
2667297|
2667298|
2667299|
2667300|
2667301|
2667302|
2667303|
2667328|
2667329|
2667330|
2667331|
2667332|
2667333|
2667334|
2667335|
2667360|
2667361|
2667362|
2667363|
2667364|
2667365|
2667366|
2667367|
2667392|
2667393|
2667394|
2667395|
2667396|
2667397|
2667398|
2667399|
2667424|
2667425|
2667426|
2667427|
2667428|
2667429|
2667430|
2667431|
2667456|
2667457|
2667458|
2667459|
2667460|
2667461|
2667462|
2667463|
2667488|
2667489|
2667490|
2667491|
2667492|
2667493|
2667494|
2667495|
2667520|
2667521|
2667522|
2667523|
2667524|
2667525|
2667526|
2667527|
2667552|
2667553|
2667554|
2667555|
2667556|
2667557|
2667558|
2667559|
2667584|
2667585|
2667586|
2667587|
2667588|
2667589|
2667590|
2667591|
2667616|
2667617|
2667618|
2667619|
2667620|
2667621|
2667622|
2667623|
2667648|
2667649|
2667650|
2667651|
2667652|
2667653|
2667654|
2667655|
2667680|
2667681|
2667682|
2667683|
2667684|
2667685|
2667686|
2667687|
2667712|
2667713|
2667714|
2667715|
2667716|
2667717|
2667718|
2667719|
2667744|
2667745|
2667746|
2667747|
2667748|
2667749|
2667750|
2667751|
2667776|
2667777|
2667778|
2667779|
2667780|
2667781|
2667782|
2667783|
2667808|
2667809|
2667810|
2667811|
2667812|
2667813|
2667814|
2667815|
2667840|
2667841|
2667842|
2667843|
2667844|
2667845|
2667846|
2667847|
2667872|
2667873|
2667874|
2667875|
2667876|
2667877|
2667878|
2667879|
2667904|
2667905|
2667906|
2667907|
2667908|
2667909|
2667910|
2667911|
2667936|
2667937|
2667938|
2667939|
2667940|
2667941|
2667942|
2667943|
2667968|
2667969|
2667970|
2667971|
2667972|
2667973|
2667974|
2667975|
2668000|
2668001|
2668002|
2668003|
2668004|
2668005|
2668006|
2668007|
2668032|
2668033|
2668034|
2668035|
2668036|
2668037|
2668038|
2668039|
2668064|
2668065|
2668066|
2668067|
2668068|
2668069|
2668070|
2668071|
2668096|
2668097|
2668098|
2668099|
2668100|
2668101|
2668102|
2668103|
2668128|
2668129|
2668130|
2668131|
2668132|
2668133|
2668134|
2668135|
2668160|
2668161|
2668162|
2668163|
2668164|
2668165|
2668166|
2668167|
2668192|
2668193|
2668194|
2668195|
2668196|
2668197|
2668198|
2668199|
2668224|
2668225|
2668226|
2668227|
2668228|
2668229|
2668230|
2668231|
2668256|
2668257|
2668258|
2668259|
2668260|
2668261|
2668262|
2668263|
2668288|
2668289|
2668290|
2668291|
2668292|
2668293|
2668294|
2668295|
2668320|
2668321|
2668322|
2668323|
2668324|
2668325|
2668326|
2668327|
2668352|
2668353|
2668354|
2668355|
2668356|
2668357|
2668358|
2668359|
2668384|
2668385|
2668386|
2668387|
2668388|
2668389|
2668390|
2668391|
2668416|
2668417|
2668418|
2668419|
2668420|
2668421|
2668422|
2668423|
2668448|
2668449|
2668450|
2668451|
2668452|
2668453|
2668454|
2668455|
2668480|
2668481|
2668482|
2668483|
2668484|
2668485|
2668486|
2668487|
2668512|
2668513|
2668514|
2668515|
2668516|
2668517|
2668518|
2668519|
2668544|
2668545|
2668546|
2668547|
2668548|
2668549|
2668550|
2668551|
2668576|
2668577|
2668578|
2668579|
2668580|
2668581|
2668582|
2668583|
2668608|
2668609|
2668610|
2668611|
2668612|
2668613|
2668614|
2668615|
2668640|
2668641|
2668642|
2668643|
2668644|
2668645|
2668646|
2668647|
2668672|
2668673|
2668674|
2668675|
2668676|
2668677|
2668678|
2668679|
2668704|
2668705|
2668706|
2668707|
2668708|
2668709|
2668710|
2668711|
2668736|
2668737|
2668738|
2668739|
2668740|
2668741|
2668742|
2668743|
2668768|
2668769|
2668770|
2668771|
2668772|
2668773|
2668774|
2668775|
2668800|
2668801|
2668802|
2668803|
2668804|
2668805|
2668806|
2668807|
2668832|
2668833|
2668834|
2668835|
2668836|
2668837|
2668838|
2668839|
2668864|
2668865|
2668866|
2668867|
2668868|
2668869|
2668870|
2668871|
2668896|
2668897|
2668898|
2668899|
2668900|
2668901|
2668902|
2668903|
2668928|
2668929|
2668930|
2668931|
2668932|
2668933|
2668934|
2668935|
2668960|
2668961|
2668962|
2668963|
2668964|
2668965|
2668966|
2668967|
2668992|
2668993|
2668994|
2668995|
2668996|
2668997|
2668998|
2668999|
2669024|
2669025|
2669026|
2669027|
2669028|
2669029|
2669030|
2669031|
2669056|
2669057|
2669058|
2669059|
2669060|
2669061|
2669062|
2669063|
2669088|
2669089|
2669090|
2669091|
2669092|
2669093|
2669094|
2669095|
2669120|
2669121|
2669122|
2669123|
2669124|
2669125|
2669126|
2669127|
2669152|
2669153|
2669154|
2669155|
2669156|
2669157|
2669158|
2669159|
2669184|
2669185|
2669186|
2669187|
2669188|
2669189|
2669190|
2669191|
2669216|
2669217|
2669218|
2669219|
2669220|
2669221|
2669222|
2669223|
2669248|
2669249|
2669250|
2669251|
2669252|
2669253|
2669254|
2669255|
2669280|
2669281|
2669282|
2669283|
2669284|
2669285|
2669286|
2669287|
2669312|
2669313|
2669314|
2669315|
2669316|
2669317|
2669318|
2669319|
2669344|
2669345|
2669346|
2669347|
2669348|
2669349|
2669350|
2669351|
2669376|
2669377|
2669378|
2669379|
2669380|
2669381|
2669382|
2669383|
2669408|
2669409|
2669410|
2669411|
2669412|
2669413|
2669414|
2669415|
2669440|
2669441|
2669442|
2669443|
2669444|
2669445|
2669446|
2669447|
2669472|
2669473|
2669474|
2669475|
2669476|
2669477|
2669478|
2669479|
2669504|
2669505|
2669506|
2669507|
2669508|
2669509|
2669510|
2669511|
2669536|
2669537|
2669538|
2669539|
2669540|
2669541|
2669542|
2669543|
2669568|
2669569|
2669570|
2669571|
2669572|
2669573|
2669574|
2669575|
2669600|
2669601|
2669602|
2669603|
2669604|
2669605|
2669606|
2669607|
2669632|
2669633|
2669634|
2669635|
2669636|
2669637|
2669638|
2669639|
2669664|
2669665|
2669666|
2669667|
2669668|
2669669|
2669670|
2669671|
2669696|
2669697|
2669698|
2669699|
2669700|
2669701|
2669702|
2669703|
2669728|
2669729|
2669730|
2669731|
2669732|
2669733|
2669734|
2669735|
2669760|
2669761|
2669762|
2669763|
2669764|
2669765|
2669766|
2669767|
2669792|
2669793|
2669794|
2669795|
2669796|
2669797|
2669798|
2669799|
2669824|
2669825|
2669826|
2669827|
2669828|
2669829|
2669830|
2669831|
2669856|
2669857|
2669858|
2669859|
2669860|
2669861|
2669862|
2669863|
2669888|
2669889|
2669890|
2669891|
2669892|
2669893|
2669894|
2669895|
2669920|
2669921|
2669922|
2669923|
2669924|
2669925|
2669926|
2669927|
2669952|
2669953|
2669954|
2669955|
2669956|
2669957|
2669958|
2669959|
2669984|
2669985|
2669986|
2669987|
2669988|
