648001|
648002|
648003|
648004|
648005|
648006|
648007|
648032|
648033|
648034|
648035|
648036|
648037|
648038|
648039|
648064|
648065|
648066|
648067|
648068|
648069|
648070|
648071|
648096|
648097|
648098|
648099|
648100|
648101|
648102|
648103|
648128|
648129|
648130|
648131|
648132|
648133|
648134|
648135|
648160|
648161|
648162|
648163|
648164|
648165|
648166|
648167|
648192|
648193|
648194|
648195|
648196|
648197|
648198|
648199|
648224|
648225|
648226|
648227|
648228|
648229|
648230|
648231|
648256|
648257|
648258|
648259|
648260|
648261|
648262|
648263|
648288|
648289|
648290|
648291|
648292|
648293|
648294|
648295|
648320|
648321|
648322|
648323|
648324|
648325|
648326|
648327|
648352|
648353|
648354|
648355|
648356|
648357|
648358|
648359|
648384|
648385|
648386|
648387|
648388|
648389|
648390|
648391|
648416|
648417|
648418|
648419|
648420|
648421|
648422|
648423|
648448|
648449|
648450|
648451|
648452|
648453|
648454|
648455|
648480|
648481|
648482|
648483|
648484|
648485|
648486|
648487|
648512|
648513|
648514|
648515|
648516|
648517|
648518|
648519|
648544|
648545|
648546|
648547|
648548|
648549|
648550|
648551|
648576|
648577|
648578|
648579|
648580|
648581|
648582|
648583|
648608|
648609|
648610|
648611|
648612|
648613|
648614|
648615|
648640|
648641|
648642|
648643|
648644|
648645|
648646|
648647|
648672|
648673|
648674|
648675|
648676|
648677|
648678|
648679|
648704|
648705|
648706|
648707|
648708|
648709|
648710|
648711|
648736|
648737|
648738|
648739|
648740|
648741|
648742|
648743|
648768|
648769|
648770|
648771|
648772|
648773|
648774|
648775|
648800|
648801|
648802|
648803|
648804|
648805|
648806|
648807|
648832|
648833|
648834|
648835|
648836|
648837|
648838|
648839|
648864|
648865|
648866|
648867|
648868|
648869|
648870|
648871|
648896|
648897|
648898|
648899|
648900|
648901|
648902|
648903|
648928|
648929|
648930|
648931|
648932|
648933|
648934|
648935|
648960|
648961|
648962|
648963|
648964|
648965|
648966|
648967|
648992|
648993|
648994|
648995|
648996|
648997|
648998|
648999|
649024|
649025|
649026|
649027|
649028|
649029|
649030|
649031|
649056|
649057|
649058|
649059|
649060|
649061|
649062|
649063|
649088|
649089|
649090|
649091|
649092|
649093|
649094|
649095|
649120|
649121|
649122|
649123|
649124|
649125|
649126|
649127|
649152|
649153|
649154|
649155|
649156|
649157|
649158|
649159|
649184|
649185|
649186|
649187|
649188|
649189|
649190|
649191|
649216|
649217|
649218|
649219|
649220|
649221|
649222|
649223|
649248|
649249|
649250|
649251|
649252|
649253|
649254|
649255|
649280|
649281|
649282|
649283|
649284|
649285|
649286|
649287|
649312|
649313|
649314|
649315|
649316|
649317|
649318|
649319|
649344|
649345|
649346|
649347|
649348|
649349|
649350|
649351|
649376|
649377|
649378|
649379|
649380|
649381|
649382|
649383|
649408|
649409|
649410|
649411|
649412|
649413|
649414|
649415|
649440|
649441|
649442|
649443|
649444|
649445|
649446|
649447|
649472|
649473|
649474|
649475|
649476|
649477|
649478|
649479|
649504|
649505|
649506|
649507|
649508|
649509|
649510|
649511|
649536|
649537|
649538|
649539|
649540|
649541|
649542|
649543|
649568|
649569|
649570|
649571|
649572|
649573|
649574|
649575|
649600|
649601|
649602|
649603|
649604|
649605|
649606|
649607|
649632|
649633|
649634|
649635|
649636|
649637|
649638|
649639|
649664|
649665|
649666|
649667|
649668|
649669|
649670|
649671|
649696|
649697|
649698|
649699|
649700|
649701|
649702|
649703|
649728|
649729|
649730|
649731|
649732|
649733|
649734|
649735|
649760|
649761|
649762|
649763|
649764|
649765|
649766|
649767|
649792|
649793|
649794|
649795|
649796|
649797|
649798|
649799|
649824|
649825|
649826|
649827|
649828|
649829|
649830|
649831|
649856|
649857|
649858|
649859|
649860|
649861|
649862|
649863|
649888|
649889|
649890|
649891|
649892|
649893|
649894|
649895|
649920|
649921|
649922|
649923|
649924|
649925|
649926|
649927|
649952|
649953|
649954|
649955|
649956|
649957|
649958|
649959|
649984|
649985|
649986|
649987|
649988|
649989|
649990|
649991|
650016|
650017|
650018|
650019|
650020|
650021|
650022|
650023|
650048|
650049|
650050|
650051|
650052|
650053|
650054|
650055|
650080|
650081|
650082|
650083|
650084|
650085|
650086|
650087|
650112|
650113|
650114|
650115|
650116|
650117|
650118|
650119|
650144|
650145|
650146|
650147|
650148|
650149|
650150|
650151|
650176|
650177|
650178|
650179|
650180|
650181|
650182|
650183|
650208|
650209|
650210|
650211|
650212|
650213|
650214|
650215|
650240|
650241|
650242|
650243|
650244|
650245|
650246|
650247|
650272|
650273|
650274|
650275|
650276|
650277|
650278|
650279|
650304|
650305|
650306|
650307|
650308|
650309|
650310|
650311|
650336|
650337|
650338|
650339|
650340|
650341|
650342|
650343|
650368|
650369|
650370|
650371|
650372|
650373|
650374|
650375|
650400|
650401|
650402|
650403|
650404|
650405|
650406|
650407|
650432|
650433|
650434|
650435|
650436|
650437|
650438|
650439|
650464|
650465|
650466|
650467|
650468|
650469|
650470|
650471|
650496|
650497|
650498|
650499|
650500|
650501|
650502|
650503|
650528|
650529|
650530|
650531|
650532|
650533|
650534|
650535|
650560|
650561|
650562|
650563|
650564|
650565|
650566|
650567|
650592|
650593|
650594|
650595|
650596|
650597|
650598|
650599|
650624|
650625|
650626|
650627|
650628|
650629|
650630|
650631|
650656|
650657|
650658|
650659|
650660|
650661|
650662|
650663|
650688|
650689|
650690|
650691|
650692|
650693|
650694|
650695|
650720|
650721|
650722|
650723|
650724|
650725|
650726|
650727|
650752|
650753|
650754|
650755|
650756|
650757|
650758|
650759|
650784|
650785|
650786|
650787|
650788|
650789|
650790|
650791|
650816|
650817|
650818|
650819|
650820|
650821|
650822|
650823|
650848|
650849|
650850|
650851|
650852|
650853|
650854|
650855|
650880|
650881|
650882|
650883|
650884|
650885|
650886|
650887|
650912|
650913|
650914|
650915|
650916|
650917|
650918|
650919|
650944|
650945|
650946|
650947|
650948|
650949|
650950|
650951|
650976|
650977|
650978|
650979|
650980|
650981|
650982|
650983|
651008|
651009|
651010|
651011|
651012|
651013|
651014|
651015|
651040|
651041|
651042|
651043|
651044|
651045|
651046|
651047|
651072|
651073|
651074|
651075|
651076|
651077|
651078|
651079|
651104|
651105|
651106|
651107|
651108|
651109|
651110|
651111|
651136|
651137|
651138|
651139|
651140|
651141|
651142|
651143|
651168|
651169|
651170|
651171|
651172|
651173|
651174|
651175|
651200|
651201|
651202|
651203|
651204|
651205|
651206|
651207|
651232|
651233|
651234|
651235|
651236|
651237|
651238|
651239|
651264|
651265|
651266|
651267|
651268|
651269|
651270|
651271|
651296|
651297|
651298|
651299|
651300|
651301|
651302|
651303|
651328|
651329|
651330|
651331|
651332|
651333|
651334|
651335|
651360|
651361|
651362|
651363|
651364|
651365|
651366|
651367|
651392|
651393|
651394|
651395|
651396|
651397|
651398|
651399|
651424|
651425|
651426|
651427|
651428|
651429|
651430|
651431|
651456|
651457|
651458|
651459|
651460|
651461|
651462|
651463|
651488|
651489|
651490|
651491|
651492|
651493|
651494|
651495|
651520|
651521|
651522|
651523|
651524|
651525|
651526|
651527|
651552|
651553|
651554|
651555|
651556|
651557|
651558|
651559|
651584|
651585|
651586|
651587|
651588|
651589|
651590|
651591|
651616|
651617|
651618|
651619|
651620|
651621|
651622|
651623|
651648|
651649|
651650|
651651|
651652|
651653|
651654|
651655|
651680|
651681|
651682|
651683|
651684|
651685|
651686|
651687|
651712|
651713|
651714|
651715|
651716|
651717|
651718|
651719|
651744|
651745|
651746|
651747|
651748|
651749|
651750|
651751|
651776|
651777|
651778|
651779|
651780|
651781|
651782|
651783|
651808|
651809|
651810|
651811|
651812|
651813|
651814|
651815|
651840|
651841|
651842|
651843|
651844|
651845|
651846|
651847|
651872|
651873|
651874|
651875|
651876|
651877|
651878|
651879|
651904|
651905|
651906|
651907|
651908|
651909|
651910|
651911|
651936|
651937|
651938|
651939|
651940|
651941|
651942|
651943|
651968|
651969|
651970|
651971|
651972|
651973|
651974|
651975|
652000|
652001|
652002|
652003|
652004|
652005|
652006|
652007|
652032|
652033|
652034|
652035|
652036|
652037|
652038|
652039|
652064|
652065|
652066|
652067|
652068|
652069|
652070|
652071|
652096|
652097|
652098|
652099|
652100|
652101|
652102|
652103|
652128|
652129|
652130|
652131|
652132|
652133|
652134|
652135|
652160|
652161|
652162|
652163|
652164|
652165|
652166|
652167|
652192|
652193|
652194|
652195|
652196|
652197|
652198|
652199|
652224|
652225|
652226|
652227|
652228|
652229|
652230|
652231|
652256|
652257|
652258|
652259|
652260|
652261|
652262|
652263|
652288|
652289|
652290|
652291|
652292|
652293|
652294|
652295|
652320|
652321|
652322|
652323|
652324|
652325|
652326|
652327|
652352|
652353|
652354|
652355|
652356|
652357|
652358|
652359|
652384|
652385|
652386|
652387|
652388|
652389|
652390|
652391|
652416|
652417|
652418|
652419|
652420|
652421|
652422|
652423|
652448|
652449|
652450|
652451|
652452|
652453|
652454|
652455|
652480|
652481|
652482|
652483|
652484|
652485|
652486|
652487|
652512|
652513|
652514|
652515|
652516|
652517|
652518|
652519|
652544|
652545|
652546|
652547|
652548|
652549|
652550|
652551|
652576|
652577|
652578|
652579|
652580|
652581|
652582|
652583|
652608|
652609|
652610|
652611|
652612|
652613|
652614|
652615|
652640|
652641|
652642|
652643|
652644|
652645|
652646|
652647|
652672|
652673|
652674|
652675|
652676|
652677|
652678|
652679|
652704|
652705|
652706|
652707|
652708|
652709|
652710|
652711|
652736|
652737|
652738|
652739|
652740|
652741|
652742|
652743|
652768|
652769|
652770|
652771|
652772|
652773|
652774|
652775|
652800|
652801|
652802|
652803|
652804|
652805|
652806|
652807|
652832|
652833|
652834|
652835|
652836|
652837|
652838|
652839|
652864|
652865|
652866|
652867|
652868|
652869|
652870|
652871|
652896|
652897|
652898|
652899|
652900|
652901|
652902|
652903|
652928|
652929|
652930|
652931|
652932|
652933|
652934|
652935|
652960|
652961|
652962|
652963|
652964|
652965|
652966|
652967|
652992|
652993|
652994|
652995|
652996|
652997|
652998|
652999|
653024|
653025|
653026|
653027|
653028|
653029|
653030|
653031|
653056|
653057|
653058|
653059|
653060|
653061|
653062|
653063|
653088|
653089|
653090|
653091|
653092|
653093|
653094|
653095|
653120|
653121|
653122|
653123|
653124|
653125|
653126|
653127|
653152|
653153|
653154|
653155|
653156|
653157|
653158|
653159|
653184|
653185|
653186|
653187|
653188|
653189|
653190|
653191|
653216|
653217|
653218|
653219|
653220|
653221|
653222|
653223|
653248|
653249|
653250|
653251|
653252|
653253|
653254|
653255|
653280|
653281|
653282|
653283|
653284|
653285|
653286|
653287|
653312|
653313|
653314|
653315|
653316|
653317|
653318|
653319|
653344|
653345|
653346|
653347|
653348|
653349|
653350|
653351|
653376|
653377|
653378|
653379|
653380|
653381|
653382|
653383|
653408|
653409|
653410|
653411|
653412|
653413|
653414|
653415|
653440|
653441|
653442|
653443|
653444|
653445|
653446|
653447|
653472|
653473|
653474|
653475|
653476|
653477|
653478|
653479|
653504|
653505|
653506|
653507|
653508|
653509|
653510|
653511|
653536|
653537|
653538|
653539|
653540|
653541|
653542|
653543|
653568|
653569|
653570|
653571|
653572|
653573|
653574|
653575|
653600|
653601|
653602|
653603|
653604|
653605|
653606|
653607|
653632|
653633|
653634|
653635|
653636|
653637|
653638|
653639|
653664|
653665|
653666|
653667|
653668|
653669|
653670|
653671|
653696|
653697|
653698|
653699|
653700|
653701|
653702|
653703|
653728|
653729|
653730|
653731|
653732|
653733|
653734|
653735|
653760|
653761|
653762|
653763|
653764|
653765|
653766|
653767|
653792|
653793|
653794|
653795|
653796|
653797|
653798|
653799|
653824|
653825|
653826|
653827|
653828|
653829|
653830|
653831|
653856|
653857|
653858|
653859|
653860|
653861|
653862|
653863|
653888|
653889|
653890|
653891|
653892|
653893|
653894|
653895|
653920|
653921|
653922|
653923|
653924|
653925|
653926|
653927|
653952|
653953|
653954|
653955|
653956|
653957|
653958|
653959|
653984|
653985|
653986|
653987|
653988|
