2537989|
2537990|
2537991|
2538016|
2538017|
2538018|
2538019|
2538020|
2538021|
2538022|
2538023|
2538048|
2538049|
2538050|
2538051|
2538052|
2538053|
2538054|
2538055|
2538080|
2538081|
2538082|
2538083|
2538084|
2538085|
2538086|
2538087|
2538112|
2538113|
2538114|
2538115|
2538116|
2538117|
2538118|
2538119|
2538144|
2538145|
2538146|
2538147|
2538148|
2538149|
2538150|
2538151|
2538176|
2538177|
2538178|
2538179|
2538180|
2538181|
2538182|
2538183|
2538208|
2538209|
2538210|
2538211|
2538212|
2538213|
2538214|
2538215|
2538240|
2538241|
2538242|
2538243|
2538244|
2538245|
2538246|
2538247|
2538272|
2538273|
2538274|
2538275|
2538276|
2538277|
2538278|
2538279|
2538304|
2538305|
2538306|
2538307|
2538308|
2538309|
2538310|
2538311|
2538336|
2538337|
2538338|
2538339|
2538340|
2538341|
2538342|
2538343|
2538368|
2538369|
2538370|
2538371|
2538372|
2538373|
2538374|
2538375|
2538400|
2538401|
2538402|
2538403|
2538404|
2538405|
2538406|
2538407|
2538432|
2538433|
2538434|
2538435|
2538436|
2538437|
2538438|
2538439|
2538464|
2538465|
2538466|
2538467|
2538468|
2538469|
2538470|
2538471|
2538496|
2538497|
2538498|
2538499|
2538500|
2538501|
2538502|
2538503|
2538528|
2538529|
2538530|
2538531|
2538532|
2538533|
2538534|
2538535|
2538560|
2538561|
2538562|
2538563|
2538564|
2538565|
2538566|
2538567|
2538592|
2538593|
2538594|
2538595|
2538596|
2538597|
2538598|
2538599|
2538624|
2538625|
2538626|
2538627|
2538628|
2538629|
2538630|
2538631|
2538656|
2538657|
2538658|
2538659|
2538660|
2538661|
2538662|
2538663|
2538688|
2538689|
2538690|
2538691|
2538692|
2538693|
2538694|
2538695|
2538720|
2538721|
2538722|
2538723|
2538724|
2538725|
2538726|
2538727|
2538752|
2538753|
2538754|
2538755|
2538756|
2538757|
2538758|
2538759|
2538784|
2538785|
2538786|
2538787|
2538788|
2538789|
2538790|
2538791|
2538816|
2538817|
2538818|
2538819|
2538820|
2538821|
2538822|
2538823|
2538848|
2538849|
2538850|
2538851|
2538852|
2538853|
2538854|
2538855|
2538880|
2538881|
2538882|
2538883|
2538884|
2538885|
2538886|
2538887|
2538912|
2538913|
2538914|
2538915|
2538916|
2538917|
2538918|
2538919|
2538944|
2538945|
2538946|
2538947|
2538948|
2538949|
2538950|
2538951|
2538976|
2538977|
2538978|
2538979|
2538980|
2538981|
2538982|
2538983|
2539008|
2539009|
2539010|
2539011|
2539012|
2539013|
2539014|
2539015|
2539040|
2539041|
2539042|
2539043|
2539044|
2539045|
2539046|
2539047|
2539072|
2539073|
2539074|
2539075|
2539076|
2539077|
2539078|
2539079|
2539104|
2539105|
2539106|
2539107|
2539108|
2539109|
2539110|
2539111|
2539136|
2539137|
2539138|
2539139|
2539140|
2539141|
2539142|
2539143|
2539168|
2539169|
2539170|
2539171|
2539172|
2539173|
2539174|
2539175|
2539200|
2539201|
2539202|
2539203|
2539204|
2539205|
2539206|
2539207|
2539232|
2539233|
2539234|
2539235|
2539236|
2539237|
2539238|
2539239|
2539264|
2539265|
2539266|
2539267|
2539268|
2539269|
2539270|
2539271|
2539296|
2539297|
2539298|
2539299|
2539300|
2539301|
2539302|
2539303|
2539328|
2539329|
2539330|
2539331|
2539332|
2539333|
2539334|
2539335|
2539360|
2539361|
2539362|
2539363|
2539364|
2539365|
2539366|
2539367|
2539392|
2539393|
2539394|
2539395|
2539396|
2539397|
2539398|
2539399|
2539424|
2539425|
2539426|
2539427|
2539428|
2539429|
2539430|
2539431|
2539456|
2539457|
2539458|
2539459|
2539460|
2539461|
2539462|
2539463|
2539488|
2539489|
2539490|
2539491|
2539492|
2539493|
2539494|
2539495|
2539520|
2539521|
2539522|
2539523|
2539524|
2539525|
2539526|
2539527|
2539552|
2539553|
2539554|
2539555|
2539556|
2539557|
2539558|
2539559|
2539584|
2539585|
2539586|
2539587|
2539588|
2539589|
2539590|
2539591|
2539616|
2539617|
2539618|
2539619|
2539620|
2539621|
2539622|
2539623|
2539648|
2539649|
2539650|
2539651|
2539652|
2539653|
2539654|
2539655|
2539680|
2539681|
2539682|
2539683|
2539684|
2539685|
2539686|
2539687|
2539712|
2539713|
2539714|
2539715|
2539716|
2539717|
2539718|
2539719|
2539744|
2539745|
2539746|
2539747|
2539748|
2539749|
2539750|
2539751|
2539776|
2539777|
2539778|
2539779|
2539780|
2539781|
2539782|
2539783|
2539808|
2539809|
2539810|
2539811|
2539812|
2539813|
2539814|
2539815|
2539840|
2539841|
2539842|
2539843|
2539844|
2539845|
2539846|
2539847|
2539872|
2539873|
2539874|
2539875|
2539876|
2539877|
2539878|
2539879|
2539904|
2539905|
2539906|
2539907|
2539908|
2539909|
2539910|
2539911|
2539936|
2539937|
2539938|
2539939|
2539940|
2539941|
2539942|
2539943|
2539968|
2539969|
2539970|
2539971|
2539972|
2539973|
2539974|
2539975|
2540000|
2540001|
2540002|
2540003|
2540004|
2540005|
2540006|
2540007|
2540032|
2540033|
2540034|
2540035|
2540036|
2540037|
2540038|
2540039|
2540064|
2540065|
2540066|
2540067|
2540068|
2540069|
2540070|
2540071|
2540096|
2540097|
2540098|
2540099|
2540100|
2540101|
2540102|
2540103|
2540128|
2540129|
2540130|
2540131|
2540132|
2540133|
2540134|
2540135|
2540160|
2540161|
2540162|
2540163|
2540164|
2540165|
2540166|
2540167|
2540192|
2540193|
2540194|
2540195|
2540196|
2540197|
2540198|
2540199|
2540224|
2540225|
2540226|
2540227|
2540228|
2540229|
2540230|
2540231|
2540256|
2540257|
2540258|
2540259|
2540260|
2540261|
2540262|
2540263|
2540288|
2540289|
2540290|
2540291|
2540292|
2540293|
2540294|
2540295|
2540320|
2540321|
2540322|
2540323|
2540324|
2540325|
2540326|
2540327|
2540352|
2540353|
2540354|
2540355|
2540356|
2540357|
2540358|
2540359|
2540384|
2540385|
2540386|
2540387|
2540388|
2540389|
2540390|
2540391|
2540416|
2540417|
2540418|
2540419|
2540420|
2540421|
2540422|
2540423|
2540448|
2540449|
2540450|
2540451|
2540452|
2540453|
2540454|
2540455|
2540480|
2540481|
2540482|
2540483|
2540484|
2540485|
2540486|
2540487|
2540512|
2540513|
2540514|
2540515|
2540516|
2540517|
2540518|
2540519|
2540544|
2540545|
2540546|
2540547|
2540548|
2540549|
2540550|
2540551|
2540576|
2540577|
2540578|
2540579|
2540580|
2540581|
2540582|
2540583|
2540608|
2540609|
2540610|
2540611|
2540612|
2540613|
2540614|
2540615|
2540640|
2540641|
2540642|
2540643|
2540644|
2540645|
2540646|
2540647|
2540672|
2540673|
2540674|
2540675|
2540676|
2540677|
2540678|
2540679|
2540704|
2540705|
2540706|
2540707|
2540708|
2540709|
2540710|
2540711|
2540736|
2540737|
2540738|
2540739|
2540740|
2540741|
2540742|
2540743|
2540768|
2540769|
2540770|
2540771|
2540772|
2540773|
2540774|
2540775|
2540800|
2540801|
2540802|
2540803|
2540804|
2540805|
2540806|
2540807|
2540832|
2540833|
2540834|
2540835|
2540836|
2540837|
2540838|
2540839|
2540864|
2540865|
2540866|
2540867|
2540868|
2540869|
2540870|
2540871|
2540896|
2540897|
2540898|
2540899|
2540900|
2540901|
2540902|
2540903|
2540928|
2540929|
2540930|
2540931|
2540932|
2540933|
2540934|
2540935|
2540960|
2540961|
2540962|
2540963|
2540964|
2540965|
2540966|
2540967|
2540992|
2540993|
2540994|
2540995|
2540996|
2540997|
2540998|
2540999|
2541024|
2541025|
2541026|
2541027|
2541028|
2541029|
2541030|
2541031|
2541056|
2541057|
2541058|
2541059|
2541060|
2541061|
2541062|
2541063|
2541088|
2541089|
2541090|
2541091|
2541092|
2541093|
2541094|
2541095|
2541120|
2541121|
2541122|
2541123|
2541124|
2541125|
2541126|
2541127|
2541152|
2541153|
2541154|
2541155|
2541156|
2541157|
2541158|
2541159|
2541184|
2541185|
2541186|
2541187|
2541188|
2541189|
2541190|
2541191|
2541216|
2541217|
2541218|
2541219|
2541220|
2541221|
2541222|
2541223|
2541248|
2541249|
2541250|
2541251|
2541252|
2541253|
2541254|
2541255|
2541280|
2541281|
2541282|
2541283|
2541284|
2541285|
2541286|
2541287|
2541312|
2541313|
2541314|
2541315|
2541316|
2541317|
2541318|
2541319|
2541344|
2541345|
2541346|
2541347|
2541348|
2541349|
2541350|
2541351|
2541376|
2541377|
2541378|
2541379|
2541380|
2541381|
2541382|
2541383|
2541408|
2541409|
2541410|
2541411|
2541412|
2541413|
2541414|
2541415|
2541440|
2541441|
2541442|
2541443|
2541444|
2541445|
2541446|
2541447|
2541472|
2541473|
2541474|
2541475|
2541476|
2541477|
2541478|
2541479|
2541504|
2541505|
2541506|
2541507|
2541508|
2541509|
2541510|
2541511|
2541536|
2541537|
2541538|
2541539|
2541540|
2541541|
2541542|
2541543|
2541568|
2541569|
2541570|
2541571|
2541572|
2541573|
2541574|
2541575|
2541600|
2541601|
2541602|
2541603|
2541604|
2541605|
2541606|
2541607|
2541632|
2541633|
2541634|
2541635|
2541636|
2541637|
2541638|
2541639|
2541664|
2541665|
2541666|
2541667|
2541668|
2541669|
2541670|
2541671|
2541696|
2541697|
2541698|
2541699|
2541700|
2541701|
2541702|
2541703|
2541728|
2541729|
2541730|
2541731|
2541732|
2541733|
2541734|
2541735|
2541760|
2541761|
2541762|
2541763|
2541764|
2541765|
2541766|
2541767|
2541792|
2541793|
2541794|
2541795|
2541796|
2541797|
2541798|
2541799|
2541824|
2541825|
2541826|
2541827|
2541828|
2541829|
2541830|
2541831|
2541856|
2541857|
2541858|
2541859|
2541860|
2541861|
2541862|
2541863|
2541888|
2541889|
2541890|
2541891|
2541892|
2541893|
2541894|
2541895|
2541920|
2541921|
2541922|
2541923|
2541924|
2541925|
2541926|
2541927|
2541952|
2541953|
2541954|
2541955|
2541956|
2541957|
2541958|
2541959|
2541984|
2541985|
2541986|
2541987|
2541988|
2541989|
2541990|
2541991|
2542016|
2542017|
2542018|
2542019|
2542020|
2542021|
2542022|
2542023|
2542048|
2542049|
2542050|
2542051|
2542052|
2542053|
2542054|
2542055|
2542080|
2542081|
2542082|
2542083|
2542084|
2542085|
2542086|
2542087|
2542112|
2542113|
2542114|
2542115|
2542116|
2542117|
2542118|
2542119|
2542144|
2542145|
2542146|
2542147|
2542148|
2542149|
2542150|
2542151|
2542176|
2542177|
2542178|
2542179|
2542180|
2542181|
2542182|
2542183|
2542208|
2542209|
2542210|
2542211|
2542212|
2542213|
2542214|
2542215|
2542240|
2542241|
2542242|
2542243|
2542244|
2542245|
2542246|
2542247|
2542272|
2542273|
2542274|
2542275|
2542276|
2542277|
2542278|
2542279|
2542304|
2542305|
2542306|
2542307|
2542308|
2542309|
2542310|
2542311|
2542336|
2542337|
2542338|
2542339|
2542340|
2542341|
2542342|
2542343|
2542368|
2542369|
2542370|
2542371|
2542372|
2542373|
2542374|
2542375|
2542400|
2542401|
2542402|
2542403|
2542404|
2542405|
2542406|
2542407|
2542432|
2542433|
2542434|
2542435|
2542436|
2542437|
2542438|
2542439|
2542464|
2542465|
2542466|
2542467|
2542468|
2542469|
2542470|
2542471|
2542496|
2542497|
2542498|
2542499|
2542500|
2542501|
2542502|
2542503|
2542528|
2542529|
2542530|
2542531|
2542532|
2542533|
2542534|
2542535|
2542560|
2542561|
2542562|
2542563|
2542564|
2542565|
2542566|
2542567|
2542592|
2542593|
2542594|
2542595|
2542596|
2542597|
2542598|
2542599|
2542624|
2542625|
2542626|
2542627|
2542628|
2542629|
2542630|
2542631|
2542656|
2542657|
2542658|
2542659|
2542660|
2542661|
2542662|
2542663|
2542688|
2542689|
2542690|
2542691|
2542692|
2542693|
2542694|
2542695|
2542720|
2542721|
2542722|
2542723|
2542724|
2542725|
2542726|
2542727|
2542752|
2542753|
2542754|
2542755|
2542756|
2542757|
2542758|
2542759|
2542784|
2542785|
2542786|
2542787|
2542788|
2542789|
2542790|
2542791|
2542816|
2542817|
2542818|
2542819|
2542820|
2542821|
2542822|
2542823|
2542848|
2542849|
2542850|
2542851|
2542852|
2542853|
2542854|
2542855|
2542880|
2542881|
2542882|
2542883|
2542884|
2542885|
2542886|
2542887|
2542912|
2542913|
2542914|
2542915|
2542916|
2542917|
2542918|
2542919|
2542944|
2542945|
2542946|
2542947|
2542948|
2542949|
2542950|
2542951|
2542976|
2542977|
2542978|
2542979|
2542980|
2542981|
2542982|
2542983|
2543008|
2543009|
2543010|
2543011|
2543012|
2543013|
2543014|
2543015|
2543040|
2543041|
2543042|
2543043|
2543044|
2543045|
2543046|
2543047|
2543072|
2543073|
2543074|
2543075|
2543076|
2543077|
2543078|
2543079|
2543104|
2543105|
2543106|
2543107|
2543108|
2543109|
2543110|
2543111|
2543136|
2543137|
2543138|
2543139|
2543140|
2543141|
2543142|
2543143|
2543168|
2543169|
2543170|
2543171|
2543172|
2543173|
2543174|
2543175|
2543200|
2543201|
2543202|
2543203|
2543204|
2543205|
2543206|
2543207|
2543232|
2543233|
2543234|
2543235|
2543236|
2543237|
2543238|
2543239|
2543264|
2543265|
2543266|
2543267|
2543268|
2543269|
2543270|
2543271|
2543296|
2543297|
2543298|
2543299|
2543300|
2543301|
2543302|
2543303|
2543328|
2543329|
2543330|
2543331|
2543332|
2543333|
2543334|
2543335|
2543360|
2543361|
2543362|
2543363|
2543364|
2543365|
2543366|
2543367|
2543392|
2543393|
2543394|
2543395|
2543396|
2543397|
2543398|
2543399|
2543424|
2543425|
2543426|
2543427|
2543428|
2543429|
2543430|
2543431|
2543456|
2543457|
2543458|
2543459|
2543460|
2543461|
2543462|
2543463|
2543488|
2543489|
2543490|
2543491|
2543492|
2543493|
2543494|
2543495|
2543520|
2543521|
2543522|
2543523|
2543524|
2543525|
2543526|
2543527|
2543552|
2543553|
2543554|
2543555|
2543556|
2543557|
2543558|
2543559|
2543584|
2543585|
2543586|
2543587|
2543588|
2543589|
2543590|
2543591|
2543616|
2543617|
2543618|
2543619|
2543620|
2543621|
2543622|
2543623|
2543648|
2543649|
2543650|
2543651|
2543652|
2543653|
2543654|
2543655|
2543680|
2543681|
2543682|
2543683|
2543684|
2543685|
2543686|
2543687|
2543712|
2543713|
2543714|
2543715|
2543716|
2543717|
2543718|
2543719|
2543744|
2543745|
2543746|
2543747|
2543748|
2543749|
2543750|
2543751|
2543776|
2543777|
2543778|
2543779|
2543780|
2543781|
2543782|
2543783|
2543808|
2543809|
2543810|
2543811|
2543812|
2543813|
2543814|
2543815|
2543840|
2543841|
2543842|
2543843|
2543844|
2543845|
2543846|
2543847|
2543872|
2543873|
2543874|
2543875|
2543876|
2543877|
2543878|
2543879|
2543904|
2543905|
2543906|
2543907|
2543908|
2543909|
2543910|
2543911|
2543936|
2543937|
2543938|
2543939|
2543940|
2543941|
2543942|
2543943|
2543968|
2543969|
2543970|
2543971|
2543972|
2543973|
2543974|
2543975|
2544000|
