1805989|
1805990|
1805991|
1806016|
1806017|
1806018|
1806019|
1806020|
1806021|
1806022|
1806023|
1806048|
1806049|
1806050|
1806051|
1806052|
1806053|
1806054|
1806055|
1806080|
1806081|
1806082|
1806083|
1806084|
1806085|
1806086|
1806087|
1806112|
1806113|
1806114|
1806115|
1806116|
1806117|
1806118|
1806119|
1806144|
1806145|
1806146|
1806147|
1806148|
1806149|
1806150|
1806151|
1806176|
1806177|
1806178|
1806179|
1806180|
1806181|
1806182|
1806183|
1806208|
1806209|
1806210|
1806211|
1806212|
1806213|
1806214|
1806215|
1806240|
1806241|
1806242|
1806243|
1806244|
1806245|
1806246|
1806247|
1806272|
1806273|
1806274|
1806275|
1806276|
1806277|
1806278|
1806279|
1806304|
1806305|
1806306|
1806307|
1806308|
1806309|
1806310|
1806311|
1806336|
1806337|
1806338|
1806339|
1806340|
1806341|
1806342|
1806343|
1806368|
1806369|
1806370|
1806371|
1806372|
1806373|
1806374|
1806375|
1806400|
1806401|
1806402|
1806403|
1806404|
1806405|
1806406|
1806407|
1806432|
1806433|
1806434|
1806435|
1806436|
1806437|
1806438|
1806439|
1806464|
1806465|
1806466|
1806467|
1806468|
1806469|
1806470|
1806471|
1806496|
1806497|
1806498|
1806499|
1806500|
1806501|
1806502|
1806503|
1806528|
1806529|
1806530|
1806531|
1806532|
1806533|
1806534|
1806535|
1806560|
1806561|
1806562|
1806563|
1806564|
1806565|
1806566|
1806567|
1806592|
1806593|
1806594|
1806595|
1806596|
1806597|
1806598|
1806599|
1806624|
1806625|
1806626|
1806627|
1806628|
1806629|
1806630|
1806631|
1806656|
1806657|
1806658|
1806659|
1806660|
1806661|
1806662|
1806663|
1806688|
1806689|
1806690|
1806691|
1806692|
1806693|
1806694|
1806695|
1806720|
1806721|
1806722|
1806723|
1806724|
1806725|
1806726|
1806727|
1806752|
1806753|
1806754|
1806755|
1806756|
1806757|
1806758|
1806759|
1806784|
1806785|
1806786|
1806787|
1806788|
1806789|
1806790|
1806791|
1806816|
1806817|
1806818|
1806819|
1806820|
1806821|
1806822|
1806823|
1806848|
1806849|
1806850|
1806851|
1806852|
1806853|
1806854|
1806855|
1806880|
1806881|
1806882|
1806883|
1806884|
1806885|
1806886|
1806887|
1806912|
1806913|
1806914|
1806915|
1806916|
1806917|
1806918|
1806919|
1806944|
1806945|
1806946|
1806947|
1806948|
1806949|
1806950|
1806951|
1806976|
1806977|
1806978|
1806979|
1806980|
1806981|
1806982|
1806983|
1807008|
1807009|
1807010|
1807011|
1807012|
1807013|
1807014|
1807015|
1807040|
1807041|
1807042|
1807043|
1807044|
1807045|
1807046|
1807047|
1807072|
1807073|
1807074|
1807075|
1807076|
1807077|
1807078|
1807079|
1807104|
1807105|
1807106|
1807107|
1807108|
1807109|
1807110|
1807111|
1807136|
1807137|
1807138|
1807139|
1807140|
1807141|
1807142|
1807143|
1807168|
1807169|
1807170|
1807171|
1807172|
1807173|
1807174|
1807175|
1807200|
1807201|
1807202|
1807203|
1807204|
1807205|
1807206|
1807207|
1807232|
1807233|
1807234|
1807235|
1807236|
1807237|
1807238|
1807239|
1807264|
1807265|
1807266|
1807267|
1807268|
1807269|
1807270|
1807271|
1807296|
1807297|
1807298|
1807299|
1807300|
1807301|
1807302|
1807303|
1807328|
1807329|
1807330|
1807331|
1807332|
1807333|
1807334|
1807335|
1807360|
1807361|
1807362|
1807363|
1807364|
1807365|
1807366|
1807367|
1807392|
1807393|
1807394|
1807395|
1807396|
1807397|
1807398|
1807399|
1807424|
1807425|
1807426|
1807427|
1807428|
1807429|
1807430|
1807431|
1807456|
1807457|
1807458|
1807459|
1807460|
1807461|
1807462|
1807463|
1807488|
1807489|
1807490|
1807491|
1807492|
1807493|
1807494|
1807495|
1807520|
1807521|
1807522|
1807523|
1807524|
1807525|
1807526|
1807527|
1807552|
1807553|
1807554|
1807555|
1807556|
1807557|
1807558|
1807559|
1807584|
1807585|
1807586|
1807587|
1807588|
1807589|
1807590|
1807591|
1807616|
1807617|
1807618|
1807619|
1807620|
1807621|
1807622|
1807623|
1807648|
1807649|
1807650|
1807651|
1807652|
1807653|
1807654|
1807655|
1807680|
1807681|
1807682|
1807683|
1807684|
1807685|
1807686|
1807687|
1807712|
1807713|
1807714|
1807715|
1807716|
1807717|
1807718|
1807719|
1807744|
1807745|
1807746|
1807747|
1807748|
1807749|
1807750|
1807751|
1807776|
1807777|
1807778|
1807779|
1807780|
1807781|
1807782|
1807783|
1807808|
1807809|
1807810|
1807811|
1807812|
1807813|
1807814|
1807815|
1807840|
1807841|
1807842|
1807843|
1807844|
1807845|
1807846|
1807847|
1807872|
1807873|
1807874|
1807875|
1807876|
1807877|
1807878|
1807879|
1807904|
1807905|
1807906|
1807907|
1807908|
1807909|
1807910|
1807911|
1807936|
1807937|
1807938|
1807939|
1807940|
1807941|
1807942|
1807943|
1807968|
1807969|
1807970|
1807971|
1807972|
1807973|
1807974|
1807975|
1808000|
1808001|
1808002|
1808003|
1808004|
1808005|
1808006|
1808007|
1808032|
1808033|
1808034|
1808035|
1808036|
1808037|
1808038|
1808039|
1808064|
1808065|
1808066|
1808067|
1808068|
1808069|
1808070|
1808071|
1808096|
1808097|
1808098|
1808099|
1808100|
1808101|
1808102|
1808103|
1808128|
1808129|
1808130|
1808131|
1808132|
1808133|
1808134|
1808135|
1808160|
1808161|
1808162|
1808163|
1808164|
1808165|
1808166|
1808167|
1808192|
1808193|
1808194|
1808195|
1808196|
1808197|
1808198|
1808199|
1808224|
1808225|
1808226|
1808227|
1808228|
1808229|
1808230|
1808231|
1808256|
1808257|
1808258|
1808259|
1808260|
1808261|
1808262|
1808263|
1808288|
1808289|
1808290|
1808291|
1808292|
1808293|
1808294|
1808295|
1808320|
1808321|
1808322|
1808323|
1808324|
1808325|
1808326|
1808327|
1808352|
1808353|
1808354|
1808355|
1808356|
1808357|
1808358|
1808359|
1808384|
1808385|
1808386|
1808387|
1808388|
1808389|
1808390|
1808391|
1808416|
1808417|
1808418|
1808419|
1808420|
1808421|
1808422|
1808423|
1808448|
1808449|
1808450|
1808451|
1808452|
1808453|
1808454|
1808455|
1808480|
1808481|
1808482|
1808483|
1808484|
1808485|
1808486|
1808487|
1808512|
1808513|
1808514|
1808515|
1808516|
1808517|
1808518|
1808519|
1808544|
1808545|
1808546|
1808547|
1808548|
1808549|
1808550|
1808551|
1808576|
1808577|
1808578|
1808579|
1808580|
1808581|
1808582|
1808583|
1808608|
1808609|
1808610|
1808611|
1808612|
1808613|
1808614|
1808615|
1808640|
1808641|
1808642|
1808643|
1808644|
1808645|
1808646|
1808647|
1808672|
1808673|
1808674|
1808675|
1808676|
1808677|
1808678|
1808679|
1808704|
1808705|
1808706|
1808707|
1808708|
1808709|
1808710|
1808711|
1808736|
1808737|
1808738|
1808739|
1808740|
1808741|
1808742|
1808743|
1808768|
1808769|
1808770|
1808771|
1808772|
1808773|
1808774|
1808775|
1808800|
1808801|
1808802|
1808803|
1808804|
1808805|
1808806|
1808807|
1808832|
1808833|
1808834|
1808835|
1808836|
1808837|
1808838|
1808839|
1808864|
1808865|
1808866|
1808867|
1808868|
1808869|
1808870|
1808871|
1808896|
1808897|
1808898|
1808899|
1808900|
1808901|
1808902|
1808903|
1808928|
1808929|
1808930|
1808931|
1808932|
1808933|
1808934|
1808935|
1808960|
1808961|
1808962|
1808963|
1808964|
1808965|
1808966|
1808967|
1808992|
1808993|
1808994|
1808995|
1808996|
1808997|
1808998|
1808999|
1809024|
1809025|
1809026|
1809027|
1809028|
1809029|
1809030|
1809031|
1809056|
1809057|
1809058|
1809059|
1809060|
1809061|
1809062|
1809063|
1809088|
1809089|
1809090|
1809091|
1809092|
1809093|
1809094|
1809095|
1809120|
1809121|
1809122|
1809123|
1809124|
1809125|
1809126|
1809127|
1809152|
1809153|
1809154|
1809155|
1809156|
1809157|
1809158|
1809159|
1809184|
1809185|
1809186|
1809187|
1809188|
1809189|
1809190|
1809191|
1809216|
1809217|
1809218|
1809219|
1809220|
1809221|
1809222|
1809223|
1809248|
1809249|
1809250|
1809251|
1809252|
1809253|
1809254|
1809255|
1809280|
1809281|
1809282|
1809283|
1809284|
1809285|
1809286|
1809287|
1809312|
1809313|
1809314|
1809315|
1809316|
1809317|
1809318|
1809319|
1809344|
1809345|
1809346|
1809347|
1809348|
1809349|
1809350|
1809351|
1809376|
1809377|
1809378|
1809379|
1809380|
1809381|
1809382|
1809383|
1809408|
1809409|
1809410|
1809411|
1809412|
1809413|
1809414|
1809415|
1809440|
1809441|
1809442|
1809443|
1809444|
1809445|
1809446|
1809447|
1809472|
1809473|
1809474|
1809475|
1809476|
1809477|
1809478|
1809479|
1809504|
1809505|
1809506|
1809507|
1809508|
1809509|
1809510|
1809511|
1809536|
1809537|
1809538|
1809539|
1809540|
1809541|
1809542|
1809543|
1809568|
1809569|
1809570|
1809571|
1809572|
1809573|
1809574|
1809575|
1809600|
1809601|
1809602|
1809603|
1809604|
1809605|
1809606|
1809607|
1809632|
1809633|
1809634|
1809635|
1809636|
1809637|
1809638|
1809639|
1809664|
1809665|
1809666|
1809667|
1809668|
1809669|
1809670|
1809671|
1809696|
1809697|
1809698|
1809699|
1809700|
1809701|
1809702|
1809703|
1809728|
1809729|
1809730|
1809731|
1809732|
1809733|
1809734|
1809735|
1809760|
1809761|
1809762|
1809763|
1809764|
1809765|
1809766|
1809767|
1809792|
1809793|
1809794|
1809795|
1809796|
1809797|
1809798|
1809799|
1809824|
1809825|
1809826|
1809827|
1809828|
1809829|
1809830|
1809831|
1809856|
1809857|
1809858|
1809859|
1809860|
1809861|
1809862|
1809863|
1809888|
1809889|
1809890|
1809891|
1809892|
1809893|
1809894|
1809895|
1809920|
1809921|
1809922|
1809923|
1809924|
1809925|
1809926|
1809927|
1809952|
1809953|
1809954|
1809955|
1809956|
1809957|
1809958|
1809959|
1809984|
1809985|
1809986|
1809987|
1809988|
1809989|
1809990|
1809991|
1810016|
1810017|
1810018|
1810019|
1810020|
1810021|
1810022|
1810023|
1810048|
1810049|
1810050|
1810051|
1810052|
1810053|
1810054|
1810055|
1810080|
1810081|
1810082|
1810083|
1810084|
1810085|
1810086|
1810087|
1810112|
1810113|
1810114|
1810115|
1810116|
1810117|
1810118|
1810119|
1810144|
1810145|
1810146|
1810147|
1810148|
1810149|
1810150|
1810151|
1810176|
1810177|
1810178|
1810179|
1810180|
1810181|
1810182|
1810183|
1810208|
1810209|
1810210|
1810211|
1810212|
1810213|
1810214|
1810215|
1810240|
1810241|
1810242|
1810243|
1810244|
1810245|
1810246|
1810247|
1810272|
1810273|
1810274|
1810275|
1810276|
1810277|
1810278|
1810279|
1810304|
1810305|
1810306|
1810307|
1810308|
1810309|
1810310|
1810311|
1810336|
1810337|
1810338|
1810339|
1810340|
1810341|
1810342|
1810343|
1810368|
1810369|
1810370|
1810371|
1810372|
1810373|
1810374|
1810375|
1810400|
1810401|
1810402|
1810403|
1810404|
1810405|
1810406|
1810407|
1810432|
1810433|
1810434|
1810435|
1810436|
1810437|
1810438|
1810439|
1810464|
1810465|
1810466|
1810467|
1810468|
1810469|
1810470|
1810471|
1810496|
1810497|
1810498|
1810499|
1810500|
1810501|
1810502|
1810503|
1810528|
1810529|
1810530|
1810531|
1810532|
1810533|
1810534|
1810535|
1810560|
1810561|
1810562|
1810563|
1810564|
1810565|
1810566|
1810567|
1810592|
1810593|
1810594|
1810595|
1810596|
1810597|
1810598|
1810599|
1810624|
1810625|
1810626|
1810627|
1810628|
1810629|
1810630|
1810631|
1810656|
1810657|
1810658|
1810659|
1810660|
1810661|
1810662|
1810663|
1810688|
1810689|
1810690|
1810691|
1810692|
1810693|
1810694|
1810695|
1810720|
1810721|
1810722|
1810723|
1810724|
1810725|
1810726|
1810727|
1810752|
1810753|
1810754|
1810755|
1810756|
1810757|
1810758|
1810759|
1810784|
1810785|
1810786|
1810787|
1810788|
1810789|
1810790|
1810791|
1810816|
1810817|
1810818|
1810819|
1810820|
1810821|
1810822|
1810823|
1810848|
1810849|
1810850|
1810851|
1810852|
1810853|
1810854|
1810855|
1810880|
1810881|
1810882|
1810883|
1810884|
1810885|
1810886|
1810887|
1810912|
1810913|
1810914|
1810915|
1810916|
1810917|
1810918|
1810919|
1810944|
1810945|
1810946|
1810947|
1810948|
1810949|
1810950|
1810951|
1810976|
1810977|
1810978|
1810979|
1810980|
1810981|
1810982|
1810983|
1811008|
1811009|
1811010|
1811011|
1811012|
1811013|
1811014|
1811015|
1811040|
1811041|
1811042|
1811043|
1811044|
1811045|
1811046|
1811047|
1811072|
1811073|
1811074|
1811075|
1811076|
1811077|
1811078|
1811079|
1811104|
1811105|
1811106|
1811107|
1811108|
1811109|
1811110|
1811111|
1811136|
1811137|
1811138|
1811139|
1811140|
1811141|
1811142|
1811143|
1811168|
1811169|
1811170|
1811171|
1811172|
1811173|
1811174|
1811175|
1811200|
1811201|
1811202|
1811203|
1811204|
1811205|
1811206|
1811207|
1811232|
1811233|
1811234|
1811235|
1811236|
1811237|
1811238|
1811239|
1811264|
1811265|
1811266|
1811267|
1811268|
1811269|
1811270|
1811271|
1811296|
1811297|
1811298|
1811299|
1811300|
1811301|
1811302|
1811303|
1811328|
1811329|
1811330|
1811331|
1811332|
1811333|
1811334|
1811335|
1811360|
1811361|
1811362|
1811363|
1811364|
1811365|
1811366|
1811367|
1811392|
1811393|
1811394|
1811395|
1811396|
1811397|
1811398|
1811399|
1811424|
1811425|
1811426|
1811427|
1811428|
1811429|
1811430|
1811431|
1811456|
1811457|
1811458|
1811459|
1811460|
1811461|
1811462|
1811463|
1811488|
1811489|
1811490|
1811491|
1811492|
1811493|
1811494|
1811495|
1811520|
1811521|
1811522|
1811523|
1811524|
1811525|
1811526|
1811527|
1811552|
1811553|
1811554|
1811555|
1811556|
1811557|
1811558|
1811559|
1811584|
1811585|
1811586|
1811587|
1811588|
1811589|
1811590|
1811591|
1811616|
1811617|
1811618|
1811619|
1811620|
1811621|
1811622|
1811623|
1811648|
1811649|
1811650|
1811651|
1811652|
1811653|
1811654|
1811655|
1811680|
1811681|
1811682|
1811683|
1811684|
1811685|
1811686|
1811687|
1811712|
1811713|
1811714|
1811715|
1811716|
1811717|
1811718|
1811719|
1811744|
1811745|
1811746|
1811747|
1811748|
1811749|
1811750|
1811751|
1811776|
1811777|
1811778|
1811779|
1811780|
1811781|
1811782|
1811783|
1811808|
1811809|
1811810|
1811811|
1811812|
1811813|
1811814|
1811815|
1811840|
1811841|
1811842|
1811843|
1811844|
1811845|
1811846|
1811847|
1811872|
1811873|
1811874|
1811875|
1811876|
1811877|
1811878|
1811879|
1811904|
1811905|
1811906|
1811907|
1811908|
1811909|
1811910|
1811911|
1811936|
1811937|
1811938|
1811939|
1811940|
1811941|
1811942|
1811943|
1811968|
1811969|
1811970|
1811971|
1811972|
1811973|
1811974|
1811975|
1812000|
