1056001|
1056002|
1056003|
1056004|
1056005|
1056006|
1056007|
1056032|
1056033|
1056034|
1056035|
1056036|
1056037|
1056038|
1056039|
1056064|
1056065|
1056066|
1056067|
1056068|
1056069|
1056070|
1056071|
1056096|
1056097|
1056098|
1056099|
1056100|
1056101|
1056102|
1056103|
1056128|
1056129|
1056130|
1056131|
1056132|
1056133|
1056134|
1056135|
1056160|
1056161|
1056162|
1056163|
1056164|
1056165|
1056166|
1056167|
1056192|
1056193|
1056194|
1056195|
1056196|
1056197|
1056198|
1056199|
1056224|
1056225|
1056226|
1056227|
1056228|
1056229|
1056230|
1056231|
1056256|
1056257|
1056258|
1056259|
1056260|
1056261|
1056262|
1056263|
1056288|
1056289|
1056290|
1056291|
1056292|
1056293|
1056294|
1056295|
1056320|
1056321|
1056322|
1056323|
1056324|
1056325|
1056326|
1056327|
1056352|
1056353|
1056354|
1056355|
1056356|
1056357|
1056358|
1056359|
1056384|
1056385|
1056386|
1056387|
1056388|
1056389|
1056390|
1056391|
1056416|
1056417|
1056418|
1056419|
1056420|
1056421|
1056422|
1056423|
1056448|
1056449|
1056450|
1056451|
1056452|
1056453|
1056454|
1056455|
1056480|
1056481|
1056482|
1056483|
1056484|
1056485|
1056486|
1056487|
1056512|
1056513|
1056514|
1056515|
1056516|
1056517|
1056518|
1056519|
1056544|
1056545|
1056546|
1056547|
1056548|
1056549|
1056550|
1056551|
1056576|
1056577|
1056578|
1056579|
1056580|
1056581|
1056582|
1056583|
1056608|
1056609|
1056610|
1056611|
1056612|
1056613|
1056614|
1056615|
1056640|
1056641|
1056642|
1056643|
1056644|
1056645|
1056646|
1056647|
1056672|
1056673|
1056674|
1056675|
1056676|
1056677|
1056678|
1056679|
1056704|
1056705|
1056706|
1056707|
1056708|
1056709|
1056710|
1056711|
1056736|
1056737|
1056738|
1056739|
1056740|
1056741|
1056742|
1056743|
1056768|
1056769|
1056770|
1056771|
1056772|
1056773|
1056774|
1056775|
1056800|
1056801|
1056802|
1056803|
1056804|
1056805|
1056806|
1056807|
1056832|
1056833|
1056834|
1056835|
1056836|
1056837|
1056838|
1056839|
1056864|
1056865|
1056866|
1056867|
1056868|
1056869|
1056870|
1056871|
1056896|
1056897|
1056898|
1056899|
1056900|
1056901|
1056902|
1056903|
1056928|
1056929|
1056930|
1056931|
1056932|
1056933|
1056934|
1056935|
1056960|
1056961|
1056962|
1056963|
1056964|
1056965|
1056966|
1056967|
1056992|
1056993|
1056994|
1056995|
1056996|
1056997|
1056998|
1056999|
1057024|
1057025|
1057026|
1057027|
1057028|
1057029|
1057030|
1057031|
1057056|
1057057|
1057058|
1057059|
1057060|
1057061|
1057062|
1057063|
1057088|
1057089|
1057090|
1057091|
1057092|
1057093|
1057094|
1057095|
1057120|
1057121|
1057122|
1057123|
1057124|
1057125|
1057126|
1057127|
1057152|
1057153|
1057154|
1057155|
1057156|
1057157|
1057158|
1057159|
1057184|
1057185|
1057186|
1057187|
1057188|
1057189|
1057190|
1057191|
1057216|
1057217|
1057218|
1057219|
1057220|
1057221|
1057222|
1057223|
1057248|
1057249|
1057250|
1057251|
1057252|
1057253|
1057254|
1057255|
1057280|
1057281|
1057282|
1057283|
1057284|
1057285|
1057286|
1057287|
1057312|
1057313|
1057314|
1057315|
1057316|
1057317|
1057318|
1057319|
1057344|
1057345|
1057346|
1057347|
1057348|
1057349|
1057350|
1057351|
1057376|
1057377|
1057378|
1057379|
1057380|
1057381|
1057382|
1057383|
1057408|
1057409|
1057410|
1057411|
1057412|
1057413|
1057414|
1057415|
1057440|
1057441|
1057442|
1057443|
1057444|
1057445|
1057446|
1057447|
1057472|
1057473|
1057474|
1057475|
1057476|
1057477|
1057478|
1057479|
1057504|
1057505|
1057506|
1057507|
1057508|
1057509|
1057510|
1057511|
1057536|
1057537|
1057538|
1057539|
1057540|
1057541|
1057542|
1057543|
1057568|
1057569|
1057570|
1057571|
1057572|
1057573|
1057574|
1057575|
1057600|
1057601|
1057602|
1057603|
1057604|
1057605|
1057606|
1057607|
1057632|
1057633|
1057634|
1057635|
1057636|
1057637|
1057638|
1057639|
1057664|
1057665|
1057666|
1057667|
1057668|
1057669|
1057670|
1057671|
1057696|
1057697|
1057698|
1057699|
1057700|
1057701|
1057702|
1057703|
1057728|
1057729|
1057730|
1057731|
1057732|
1057733|
1057734|
1057735|
1057760|
1057761|
1057762|
1057763|
1057764|
1057765|
1057766|
1057767|
1057792|
1057793|
1057794|
1057795|
1057796|
1057797|
1057798|
1057799|
1057824|
1057825|
1057826|
1057827|
1057828|
1057829|
1057830|
1057831|
1057856|
1057857|
1057858|
1057859|
1057860|
1057861|
1057862|
1057863|
1057888|
1057889|
1057890|
1057891|
1057892|
1057893|
1057894|
1057895|
1057920|
1057921|
1057922|
1057923|
1057924|
1057925|
1057926|
1057927|
1057952|
1057953|
1057954|
1057955|
1057956|
1057957|
1057958|
1057959|
1057984|
1057985|
1057986|
1057987|
1057988|
1057989|
1057990|
1057991|
1058016|
1058017|
1058018|
1058019|
1058020|
1058021|
1058022|
1058023|
1058048|
1058049|
1058050|
1058051|
1058052|
1058053|
1058054|
1058055|
1058080|
1058081|
1058082|
1058083|
1058084|
1058085|
1058086|
1058087|
1058112|
1058113|
1058114|
1058115|
1058116|
1058117|
1058118|
1058119|
1058144|
1058145|
1058146|
1058147|
1058148|
1058149|
1058150|
1058151|
1058176|
1058177|
1058178|
1058179|
1058180|
1058181|
1058182|
1058183|
1058208|
1058209|
1058210|
1058211|
1058212|
1058213|
1058214|
1058215|
1058240|
1058241|
1058242|
1058243|
1058244|
1058245|
1058246|
1058247|
1058272|
1058273|
1058274|
1058275|
1058276|
1058277|
1058278|
1058279|
1058304|
1058305|
1058306|
1058307|
1058308|
1058309|
1058310|
1058311|
1058336|
1058337|
1058338|
1058339|
1058340|
1058341|
1058342|
1058343|
1058368|
1058369|
1058370|
1058371|
1058372|
1058373|
1058374|
1058375|
1058400|
1058401|
1058402|
1058403|
1058404|
1058405|
1058406|
1058407|
1058432|
1058433|
1058434|
1058435|
1058436|
1058437|
1058438|
1058439|
1058464|
1058465|
1058466|
1058467|
1058468|
1058469|
1058470|
1058471|
1058496|
1058497|
1058498|
1058499|
1058500|
1058501|
1058502|
1058503|
1058528|
1058529|
1058530|
1058531|
1058532|
1058533|
1058534|
1058535|
1058560|
1058561|
1058562|
1058563|
1058564|
1058565|
1058566|
1058567|
1058592|
1058593|
1058594|
1058595|
1058596|
1058597|
1058598|
1058599|
1058624|
1058625|
1058626|
1058627|
1058628|
1058629|
1058630|
1058631|
1058656|
1058657|
1058658|
1058659|
1058660|
1058661|
1058662|
1058663|
1058688|
1058689|
1058690|
1058691|
1058692|
1058693|
1058694|
1058695|
1058720|
1058721|
1058722|
1058723|
1058724|
1058725|
1058726|
1058727|
1058752|
1058753|
1058754|
1058755|
1058756|
1058757|
1058758|
1058759|
1058784|
1058785|
1058786|
1058787|
1058788|
1058789|
1058790|
1058791|
1058816|
1058817|
1058818|
1058819|
1058820|
1058821|
1058822|
1058823|
1058848|
1058849|
1058850|
1058851|
1058852|
1058853|
1058854|
1058855|
1058880|
1058881|
1058882|
1058883|
1058884|
1058885|
1058886|
1058887|
1058912|
1058913|
1058914|
1058915|
1058916|
1058917|
1058918|
1058919|
1058944|
1058945|
1058946|
1058947|
1058948|
1058949|
1058950|
1058951|
1058976|
1058977|
1058978|
1058979|
1058980|
1058981|
1058982|
1058983|
1059008|
1059009|
1059010|
1059011|
1059012|
1059013|
1059014|
1059015|
1059040|
1059041|
1059042|
1059043|
1059044|
1059045|
1059046|
1059047|
1059072|
1059073|
1059074|
1059075|
1059076|
1059077|
1059078|
1059079|
1059104|
1059105|
1059106|
1059107|
1059108|
1059109|
1059110|
1059111|
1059136|
1059137|
1059138|
1059139|
1059140|
1059141|
1059142|
1059143|
1059168|
1059169|
1059170|
1059171|
1059172|
1059173|
1059174|
1059175|
1059200|
1059201|
1059202|
1059203|
1059204|
1059205|
1059206|
1059207|
1059232|
1059233|
1059234|
1059235|
1059236|
1059237|
1059238|
1059239|
1059264|
1059265|
1059266|
1059267|
1059268|
1059269|
1059270|
1059271|
1059296|
1059297|
1059298|
1059299|
1059300|
1059301|
1059302|
1059303|
1059328|
1059329|
1059330|
1059331|
1059332|
1059333|
1059334|
1059335|
1059360|
1059361|
1059362|
1059363|
1059364|
1059365|
1059366|
1059367|
1059392|
1059393|
1059394|
1059395|
1059396|
1059397|
1059398|
1059399|
1059424|
1059425|
1059426|
1059427|
1059428|
1059429|
1059430|
1059431|
1059456|
1059457|
1059458|
1059459|
1059460|
1059461|
1059462|
1059463|
1059488|
1059489|
1059490|
1059491|
1059492|
1059493|
1059494|
1059495|
1059520|
1059521|
1059522|
1059523|
1059524|
1059525|
1059526|
1059527|
1059552|
1059553|
1059554|
1059555|
1059556|
1059557|
1059558|
1059559|
1059584|
1059585|
1059586|
1059587|
1059588|
1059589|
1059590|
1059591|
1059616|
1059617|
1059618|
1059619|
1059620|
1059621|
1059622|
1059623|
1059648|
1059649|
1059650|
1059651|
1059652|
1059653|
1059654|
1059655|
1059680|
1059681|
1059682|
1059683|
1059684|
1059685|
1059686|
1059687|
1059712|
1059713|
1059714|
1059715|
1059716|
1059717|
1059718|
1059719|
1059744|
1059745|
1059746|
1059747|
1059748|
1059749|
1059750|
1059751|
1059776|
1059777|
1059778|
1059779|
1059780|
1059781|
1059782|
1059783|
1059808|
1059809|
1059810|
1059811|
1059812|
1059813|
1059814|
1059815|
1059840|
1059841|
1059842|
1059843|
1059844|
1059845|
1059846|
1059847|
1059872|
1059873|
1059874|
1059875|
1059876|
1059877|
1059878|
1059879|
1059904|
1059905|
1059906|
1059907|
1059908|
1059909|
1059910|
1059911|
1059936|
1059937|
1059938|
1059939|
1059940|
1059941|
1059942|
1059943|
1059968|
1059969|
1059970|
1059971|
1059972|
1059973|
1059974|
1059975|
1060000|
1060001|
1060002|
1060003|
1060004|
1060005|
1060006|
1060007|
1060032|
1060033|
1060034|
1060035|
1060036|
1060037|
1060038|
1060039|
1060064|
1060065|
1060066|
1060067|
1060068|
1060069|
1060070|
1060071|
1060096|
1060097|
1060098|
1060099|
1060100|
1060101|
1060102|
1060103|
1060128|
1060129|
1060130|
1060131|
1060132|
1060133|
1060134|
1060135|
1060160|
1060161|
1060162|
1060163|
1060164|
1060165|
1060166|
1060167|
1060192|
1060193|
1060194|
1060195|
1060196|
1060197|
1060198|
1060199|
1060224|
1060225|
1060226|
1060227|
1060228|
1060229|
1060230|
1060231|
1060256|
1060257|
1060258|
1060259|
1060260|
1060261|
1060262|
1060263|
1060288|
1060289|
1060290|
1060291|
1060292|
1060293|
1060294|
1060295|
1060320|
1060321|
1060322|
1060323|
1060324|
1060325|
1060326|
1060327|
1060352|
1060353|
1060354|
1060355|
1060356|
1060357|
1060358|
1060359|
1060384|
1060385|
1060386|
1060387|
1060388|
1060389|
1060390|
1060391|
1060416|
1060417|
1060418|
1060419|
1060420|
1060421|
1060422|
1060423|
1060448|
1060449|
1060450|
1060451|
1060452|
1060453|
1060454|
1060455|
1060480|
1060481|
1060482|
1060483|
1060484|
1060485|
1060486|
1060487|
1060512|
1060513|
1060514|
1060515|
1060516|
1060517|
1060518|
1060519|
1060544|
1060545|
1060546|
1060547|
1060548|
1060549|
1060550|
1060551|
1060576|
1060577|
1060578|
1060579|
1060580|
1060581|
1060582|
1060583|
1060608|
1060609|
1060610|
1060611|
1060612|
1060613|
1060614|
1060615|
1060640|
1060641|
1060642|
1060643|
1060644|
1060645|
1060646|
1060647|
1060672|
1060673|
1060674|
1060675|
1060676|
1060677|
1060678|
1060679|
1060704|
1060705|
1060706|
1060707|
1060708|
1060709|
1060710|
1060711|
1060736|
1060737|
1060738|
1060739|
1060740|
1060741|
1060742|
1060743|
1060768|
1060769|
1060770|
1060771|
1060772|
1060773|
1060774|
1060775|
1060800|
1060801|
1060802|
1060803|
1060804|
1060805|
1060806|
1060807|
1060832|
1060833|
1060834|
1060835|
1060836|
1060837|
1060838|
1060839|
1060864|
1060865|
1060866|
1060867|
1060868|
1060869|
1060870|
1060871|
1060896|
1060897|
1060898|
1060899|
1060900|
1060901|
1060902|
1060903|
1060928|
1060929|
1060930|
1060931|
1060932|
1060933|
1060934|
1060935|
1060960|
1060961|
1060962|
1060963|
1060964|
1060965|
1060966|
1060967|
1060992|
1060993|
1060994|
1060995|
1060996|
1060997|
1060998|
1060999|
1061024|
1061025|
1061026|
1061027|
1061028|
1061029|
1061030|
1061031|
1061056|
1061057|
1061058|
1061059|
1061060|
1061061|
1061062|
1061063|
1061088|
1061089|
1061090|
1061091|
1061092|
1061093|
1061094|
1061095|
1061120|
1061121|
1061122|
1061123|
1061124|
1061125|
1061126|
1061127|
1061152|
1061153|
1061154|
1061155|
1061156|
1061157|
1061158|
1061159|
1061184|
1061185|
1061186|
1061187|
1061188|
1061189|
1061190|
1061191|
1061216|
1061217|
1061218|
1061219|
1061220|
1061221|
1061222|
1061223|
1061248|
1061249|
1061250|
1061251|
1061252|
1061253|
1061254|
1061255|
1061280|
1061281|
1061282|
1061283|
1061284|
1061285|
1061286|
1061287|
1061312|
1061313|
1061314|
1061315|
1061316|
1061317|
1061318|
1061319|
1061344|
1061345|
1061346|
1061347|
1061348|
1061349|
1061350|
1061351|
1061376|
1061377|
1061378|
1061379|
1061380|
1061381|
1061382|
1061383|
1061408|
1061409|
1061410|
1061411|
1061412|
1061413|
1061414|
1061415|
1061440|
1061441|
1061442|
1061443|
1061444|
1061445|
1061446|
1061447|
1061472|
1061473|
1061474|
1061475|
1061476|
1061477|
1061478|
1061479|
1061504|
1061505|
1061506|
1061507|
1061508|
1061509|
1061510|
1061511|
1061536|
1061537|
1061538|
1061539|
1061540|
1061541|
1061542|
1061543|
1061568|
1061569|
1061570|
1061571|
1061572|
1061573|
1061574|
1061575|
1061600|
1061601|
1061602|
1061603|
1061604|
1061605|
1061606|
1061607|
1061632|
1061633|
1061634|
1061635|
1061636|
1061637|
1061638|
1061639|
1061664|
1061665|
1061666|
1061667|
1061668|
1061669|
1061670|
1061671|
1061696|
1061697|
1061698|
1061699|
1061700|
1061701|
1061702|
1061703|
1061728|
1061729|
1061730|
1061731|
1061732|
1061733|
1061734|
1061735|
1061760|
1061761|
1061762|
1061763|
1061764|
1061765|
1061766|
1061767|
1061792|
1061793|
1061794|
1061795|
1061796|
1061797|
1061798|
1061799|
1061824|
1061825|
1061826|
1061827|
1061828|
1061829|
1061830|
1061831|
1061856|
1061857|
1061858|
1061859|
1061860|
1061861|
1061862|
1061863|
1061888|
1061889|
1061890|
1061891|
1061892|
1061893|
1061894|
1061895|
1061920|
1061921|
1061922|
1061923|
1061924|
1061925|
1061926|
1061927|
1061952|
1061953|
1061954|
1061955|
1061956|
1061957|
1061958|
1061959|
1061984|
1061985|
1061986|
1061987|
1061988|
