2340001|
2340002|
2340003|
2340004|
2340005|
2340006|
2340007|
2340032|
2340033|
2340034|
2340035|
2340036|
2340037|
2340038|
2340039|
2340064|
2340065|
2340066|
2340067|
2340068|
2340069|
2340070|
2340071|
2340096|
2340097|
2340098|
2340099|
2340100|
2340101|
2340102|
2340103|
2340128|
2340129|
2340130|
2340131|
2340132|
2340133|
2340134|
2340135|
2340160|
2340161|
2340162|
2340163|
2340164|
2340165|
2340166|
2340167|
2340192|
2340193|
2340194|
2340195|
2340196|
2340197|
2340198|
2340199|
2340224|
2340225|
2340226|
2340227|
2340228|
2340229|
2340230|
2340231|
2340256|
2340257|
2340258|
2340259|
2340260|
2340261|
2340262|
2340263|
2340288|
2340289|
2340290|
2340291|
2340292|
2340293|
2340294|
2340295|
2340320|
2340321|
2340322|
2340323|
2340324|
2340325|
2340326|
2340327|
2340352|
2340353|
2340354|
2340355|
2340356|
2340357|
2340358|
2340359|
2340384|
2340385|
2340386|
2340387|
2340388|
2340389|
2340390|
2340391|
2340416|
2340417|
2340418|
2340419|
2340420|
2340421|
2340422|
2340423|
2340448|
2340449|
2340450|
2340451|
2340452|
2340453|
2340454|
2340455|
2340480|
2340481|
2340482|
2340483|
2340484|
2340485|
2340486|
2340487|
2340512|
2340513|
2340514|
2340515|
2340516|
2340517|
2340518|
2340519|
2340544|
2340545|
2340546|
2340547|
2340548|
2340549|
2340550|
2340551|
2340576|
2340577|
2340578|
2340579|
2340580|
2340581|
2340582|
2340583|
2340608|
2340609|
2340610|
2340611|
2340612|
2340613|
2340614|
2340615|
2340640|
2340641|
2340642|
2340643|
2340644|
2340645|
2340646|
2340647|
2340672|
2340673|
2340674|
2340675|
2340676|
2340677|
2340678|
2340679|
2340704|
2340705|
2340706|
2340707|
2340708|
2340709|
2340710|
2340711|
2340736|
2340737|
2340738|
2340739|
2340740|
2340741|
2340742|
2340743|
2340768|
2340769|
2340770|
2340771|
2340772|
2340773|
2340774|
2340775|
2340800|
2340801|
2340802|
2340803|
2340804|
2340805|
2340806|
2340807|
2340832|
2340833|
2340834|
2340835|
2340836|
2340837|
2340838|
2340839|
2340864|
2340865|
2340866|
2340867|
2340868|
2340869|
2340870|
2340871|
2340896|
2340897|
2340898|
2340899|
2340900|
2340901|
2340902|
2340903|
2340928|
2340929|
2340930|
2340931|
2340932|
2340933|
2340934|
2340935|
2340960|
2340961|
2340962|
2340963|
2340964|
2340965|
2340966|
2340967|
2340992|
2340993|
2340994|
2340995|
2340996|
2340997|
2340998|
2340999|
2341024|
2341025|
2341026|
2341027|
2341028|
2341029|
2341030|
2341031|
2341056|
2341057|
2341058|
2341059|
2341060|
2341061|
2341062|
2341063|
2341088|
2341089|
2341090|
2341091|
2341092|
2341093|
2341094|
2341095|
2341120|
2341121|
2341122|
2341123|
2341124|
2341125|
2341126|
2341127|
2341152|
2341153|
2341154|
2341155|
2341156|
2341157|
2341158|
2341159|
2341184|
2341185|
2341186|
2341187|
2341188|
2341189|
2341190|
2341191|
2341216|
2341217|
2341218|
2341219|
2341220|
2341221|
2341222|
2341223|
2341248|
2341249|
2341250|
2341251|
2341252|
2341253|
2341254|
2341255|
2341280|
2341281|
2341282|
2341283|
2341284|
2341285|
2341286|
2341287|
2341312|
2341313|
2341314|
2341315|
2341316|
2341317|
2341318|
2341319|
2341344|
2341345|
2341346|
2341347|
2341348|
2341349|
2341350|
2341351|
2341376|
2341377|
2341378|
2341379|
2341380|
2341381|
2341382|
2341383|
2341408|
2341409|
2341410|
2341411|
2341412|
2341413|
2341414|
2341415|
2341440|
2341441|
2341442|
2341443|
2341444|
2341445|
2341446|
2341447|
2341472|
2341473|
2341474|
2341475|
2341476|
2341477|
2341478|
2341479|
2341504|
2341505|
2341506|
2341507|
2341508|
2341509|
2341510|
2341511|
2341536|
2341537|
2341538|
2341539|
2341540|
2341541|
2341542|
2341543|
2341568|
2341569|
2341570|
2341571|
2341572|
2341573|
2341574|
2341575|
2341600|
2341601|
2341602|
2341603|
2341604|
2341605|
2341606|
2341607|
2341632|
2341633|
2341634|
2341635|
2341636|
2341637|
2341638|
2341639|
2341664|
2341665|
2341666|
2341667|
2341668|
2341669|
2341670|
2341671|
2341696|
2341697|
2341698|
2341699|
2341700|
2341701|
2341702|
2341703|
2341728|
2341729|
2341730|
2341731|
2341732|
2341733|
2341734|
2341735|
2341760|
2341761|
2341762|
2341763|
2341764|
2341765|
2341766|
2341767|
2341792|
2341793|
2341794|
2341795|
2341796|
2341797|
2341798|
2341799|
2341824|
2341825|
2341826|
2341827|
2341828|
2341829|
2341830|
2341831|
2341856|
2341857|
2341858|
2341859|
2341860|
2341861|
2341862|
2341863|
2341888|
2341889|
2341890|
2341891|
2341892|
2341893|
2341894|
2341895|
2341920|
2341921|
2341922|
2341923|
2341924|
2341925|
2341926|
2341927|
2341952|
2341953|
2341954|
2341955|
2341956|
2341957|
2341958|
2341959|
2341984|
2341985|
2341986|
2341987|
2341988|
2341989|
2341990|
2341991|
2342016|
2342017|
2342018|
2342019|
2342020|
2342021|
2342022|
2342023|
2342048|
2342049|
2342050|
2342051|
2342052|
2342053|
2342054|
2342055|
2342080|
2342081|
2342082|
2342083|
2342084|
2342085|
2342086|
2342087|
2342112|
2342113|
2342114|
2342115|
2342116|
2342117|
2342118|
2342119|
2342144|
2342145|
2342146|
2342147|
2342148|
2342149|
2342150|
2342151|
2342176|
2342177|
2342178|
2342179|
2342180|
2342181|
2342182|
2342183|
2342208|
2342209|
2342210|
2342211|
2342212|
2342213|
2342214|
2342215|
2342240|
2342241|
2342242|
2342243|
2342244|
2342245|
2342246|
2342247|
2342272|
2342273|
2342274|
2342275|
2342276|
2342277|
2342278|
2342279|
2342304|
2342305|
2342306|
2342307|
2342308|
2342309|
2342310|
2342311|
2342336|
2342337|
2342338|
2342339|
2342340|
2342341|
2342342|
2342343|
2342368|
2342369|
2342370|
2342371|
2342372|
2342373|
2342374|
2342375|
2342400|
2342401|
2342402|
2342403|
2342404|
2342405|
2342406|
2342407|
2342432|
2342433|
2342434|
2342435|
2342436|
2342437|
2342438|
2342439|
2342464|
2342465|
2342466|
2342467|
2342468|
2342469|
2342470|
2342471|
2342496|
2342497|
2342498|
2342499|
2342500|
2342501|
2342502|
2342503|
2342528|
2342529|
2342530|
2342531|
2342532|
2342533|
2342534|
2342535|
2342560|
2342561|
2342562|
2342563|
2342564|
2342565|
2342566|
2342567|
2342592|
2342593|
2342594|
2342595|
2342596|
2342597|
2342598|
2342599|
2342624|
2342625|
2342626|
2342627|
2342628|
2342629|
2342630|
2342631|
2342656|
2342657|
2342658|
2342659|
2342660|
2342661|
2342662|
2342663|
2342688|
2342689|
2342690|
2342691|
2342692|
2342693|
2342694|
2342695|
2342720|
2342721|
2342722|
2342723|
2342724|
2342725|
2342726|
2342727|
2342752|
2342753|
2342754|
2342755|
2342756|
2342757|
2342758|
2342759|
2342784|
2342785|
2342786|
2342787|
2342788|
2342789|
2342790|
2342791|
2342816|
2342817|
2342818|
2342819|
2342820|
2342821|
2342822|
2342823|
2342848|
2342849|
2342850|
2342851|
2342852|
2342853|
2342854|
2342855|
2342880|
2342881|
2342882|
2342883|
2342884|
2342885|
2342886|
2342887|
2342912|
2342913|
2342914|
2342915|
2342916|
2342917|
2342918|
2342919|
2342944|
2342945|
2342946|
2342947|
2342948|
2342949|
2342950|
2342951|
2342976|
2342977|
2342978|
2342979|
2342980|
2342981|
2342982|
2342983|
2343008|
2343009|
2343010|
2343011|
2343012|
2343013|
2343014|
2343015|
2343040|
2343041|
2343042|
2343043|
2343044|
2343045|
2343046|
2343047|
2343072|
2343073|
2343074|
2343075|
2343076|
2343077|
2343078|
2343079|
2343104|
2343105|
2343106|
2343107|
2343108|
2343109|
2343110|
2343111|
2343136|
2343137|
2343138|
2343139|
2343140|
2343141|
2343142|
2343143|
2343168|
2343169|
2343170|
2343171|
2343172|
2343173|
2343174|
2343175|
2343200|
2343201|
2343202|
2343203|
2343204|
2343205|
2343206|
2343207|
2343232|
2343233|
2343234|
2343235|
2343236|
2343237|
2343238|
2343239|
2343264|
2343265|
2343266|
2343267|
2343268|
2343269|
2343270|
2343271|
2343296|
2343297|
2343298|
2343299|
2343300|
2343301|
2343302|
2343303|
2343328|
2343329|
2343330|
2343331|
2343332|
2343333|
2343334|
2343335|
2343360|
2343361|
2343362|
2343363|
2343364|
2343365|
2343366|
2343367|
2343392|
2343393|
2343394|
2343395|
2343396|
2343397|
2343398|
2343399|
2343424|
2343425|
2343426|
2343427|
2343428|
2343429|
2343430|
2343431|
2343456|
2343457|
2343458|
2343459|
2343460|
2343461|
2343462|
2343463|
2343488|
2343489|
2343490|
2343491|
2343492|
2343493|
2343494|
2343495|
2343520|
2343521|
2343522|
2343523|
2343524|
2343525|
2343526|
2343527|
2343552|
2343553|
2343554|
2343555|
2343556|
2343557|
2343558|
2343559|
2343584|
2343585|
2343586|
2343587|
2343588|
2343589|
2343590|
2343591|
2343616|
2343617|
2343618|
2343619|
2343620|
2343621|
2343622|
2343623|
2343648|
2343649|
2343650|
2343651|
2343652|
2343653|
2343654|
2343655|
2343680|
2343681|
2343682|
2343683|
2343684|
2343685|
2343686|
2343687|
2343712|
2343713|
2343714|
2343715|
2343716|
2343717|
2343718|
2343719|
2343744|
2343745|
2343746|
2343747|
2343748|
2343749|
2343750|
2343751|
2343776|
2343777|
2343778|
2343779|
2343780|
2343781|
2343782|
2343783|
2343808|
2343809|
2343810|
2343811|
2343812|
2343813|
2343814|
2343815|
2343840|
2343841|
2343842|
2343843|
2343844|
2343845|
2343846|
2343847|
2343872|
2343873|
2343874|
2343875|
2343876|
2343877|
2343878|
2343879|
2343904|
2343905|
2343906|
2343907|
2343908|
2343909|
2343910|
2343911|
2343936|
2343937|
2343938|
2343939|
2343940|
2343941|
2343942|
2343943|
2343968|
2343969|
2343970|
2343971|
2343972|
2343973|
2343974|
2343975|
2344000|
2344001|
2344002|
2344003|
2344004|
2344005|
2344006|
2344007|
2344032|
2344033|
2344034|
2344035|
2344036|
2344037|
2344038|
2344039|
2344064|
2344065|
2344066|
2344067|
2344068|
2344069|
2344070|
2344071|
2344096|
2344097|
2344098|
2344099|
2344100|
2344101|
2344102|
2344103|
2344128|
2344129|
2344130|
2344131|
2344132|
2344133|
2344134|
2344135|
2344160|
2344161|
2344162|
2344163|
2344164|
2344165|
2344166|
2344167|
2344192|
2344193|
2344194|
2344195|
2344196|
2344197|
2344198|
2344199|
2344224|
2344225|
2344226|
2344227|
2344228|
2344229|
2344230|
2344231|
2344256|
2344257|
2344258|
2344259|
2344260|
2344261|
2344262|
2344263|
2344288|
2344289|
2344290|
2344291|
2344292|
2344293|
2344294|
2344295|
2344320|
2344321|
2344322|
2344323|
2344324|
2344325|
2344326|
2344327|
2344352|
2344353|
2344354|
2344355|
2344356|
2344357|
2344358|
2344359|
2344384|
2344385|
2344386|
2344387|
2344388|
2344389|
2344390|
2344391|
2344416|
2344417|
2344418|
2344419|
2344420|
2344421|
2344422|
2344423|
2344448|
2344449|
2344450|
2344451|
2344452|
2344453|
2344454|
2344455|
2344480|
2344481|
2344482|
2344483|
2344484|
2344485|
2344486|
2344487|
2344512|
2344513|
2344514|
2344515|
2344516|
2344517|
2344518|
2344519|
2344544|
2344545|
2344546|
2344547|
2344548|
2344549|
2344550|
2344551|
2344576|
2344577|
2344578|
2344579|
2344580|
2344581|
2344582|
2344583|
2344608|
2344609|
2344610|
2344611|
2344612|
2344613|
2344614|
2344615|
2344640|
2344641|
2344642|
2344643|
2344644|
2344645|
2344646|
2344647|
2344672|
2344673|
2344674|
2344675|
2344676|
2344677|
2344678|
2344679|
2344704|
2344705|
2344706|
2344707|
2344708|
2344709|
2344710|
2344711|
2344736|
2344737|
2344738|
2344739|
2344740|
2344741|
2344742|
2344743|
2344768|
2344769|
2344770|
2344771|
2344772|
2344773|
2344774|
2344775|
2344800|
2344801|
2344802|
2344803|
2344804|
2344805|
2344806|
2344807|
2344832|
2344833|
2344834|
2344835|
2344836|
2344837|
2344838|
2344839|
2344864|
2344865|
2344866|
2344867|
2344868|
2344869|
2344870|
2344871|
2344896|
2344897|
2344898|
2344899|
2344900|
2344901|
2344902|
2344903|
2344928|
2344929|
2344930|
2344931|
2344932|
2344933|
2344934|
2344935|
2344960|
2344961|
2344962|
2344963|
2344964|
2344965|
2344966|
2344967|
2344992|
2344993|
2344994|
2344995|
2344996|
2344997|
2344998|
2344999|
2345024|
2345025|
2345026|
2345027|
2345028|
2345029|
2345030|
2345031|
2345056|
2345057|
2345058|
2345059|
2345060|
2345061|
2345062|
2345063|
2345088|
2345089|
2345090|
2345091|
2345092|
2345093|
2345094|
2345095|
2345120|
2345121|
2345122|
2345123|
2345124|
2345125|
2345126|
2345127|
2345152|
2345153|
2345154|
2345155|
2345156|
2345157|
2345158|
2345159|
2345184|
2345185|
2345186|
2345187|
2345188|
2345189|
2345190|
2345191|
2345216|
2345217|
2345218|
2345219|
2345220|
2345221|
2345222|
2345223|
2345248|
2345249|
2345250|
2345251|
2345252|
2345253|
2345254|
2345255|
2345280|
2345281|
2345282|
2345283|
2345284|
2345285|
2345286|
2345287|
2345312|
2345313|
2345314|
2345315|
2345316|
2345317|
2345318|
2345319|
2345344|
2345345|
2345346|
2345347|
2345348|
2345349|
2345350|
2345351|
2345376|
2345377|
2345378|
2345379|
2345380|
2345381|
2345382|
2345383|
2345408|
2345409|
2345410|
2345411|
2345412|
2345413|
2345414|
2345415|
2345440|
2345441|
2345442|
2345443|
2345444|
2345445|
2345446|
2345447|
2345472|
2345473|
2345474|
2345475|
2345476|
2345477|
2345478|
2345479|
2345504|
2345505|
2345506|
2345507|
2345508|
2345509|
2345510|
2345511|
2345536|
2345537|
2345538|
2345539|
2345540|
2345541|
2345542|
2345543|
2345568|
2345569|
2345570|
2345571|
2345572|
2345573|
2345574|
2345575|
2345600|
2345601|
2345602|
2345603|
2345604|
2345605|
2345606|
2345607|
2345632|
2345633|
2345634|
2345635|
2345636|
2345637|
2345638|
2345639|
2345664|
2345665|
2345666|
2345667|
2345668|
2345669|
2345670|
2345671|
2345696|
2345697|
2345698|
2345699|
2345700|
2345701|
2345702|
2345703|
2345728|
2345729|
2345730|
2345731|
2345732|
2345733|
2345734|
2345735|
2345760|
2345761|
2345762|
2345763|
2345764|
2345765|
2345766|
2345767|
2345792|
2345793|
2345794|
2345795|
2345796|
2345797|
2345798|
2345799|
2345824|
2345825|
2345826|
2345827|
2345828|
2345829|
2345830|
2345831|
2345856|
2345857|
2345858|
2345859|
2345860|
2345861|
2345862|
2345863|
2345888|
2345889|
2345890|
2345891|
2345892|
2345893|
2345894|
2345895|
2345920|
2345921|
2345922|
2345923|
2345924|
2345925|
2345926|
2345927|
2345952|
2345953|
2345954|
2345955|
2345956|
2345957|
2345958|
2345959|
2345984|
2345985|
2345986|
2345987|
2345988|
