708001|
708002|
708003|
708004|
708005|
708006|
708007|
708032|
708033|
708034|
708035|
708036|
708037|
708038|
708039|
708064|
708065|
708066|
708067|
708068|
708069|
708070|
708071|
708096|
708097|
708098|
708099|
708100|
708101|
708102|
708103|
708128|
708129|
708130|
708131|
708132|
708133|
708134|
708135|
708160|
708161|
708162|
708163|
708164|
708165|
708166|
708167|
708192|
708193|
708194|
708195|
708196|
708197|
708198|
708199|
708224|
708225|
708226|
708227|
708228|
708229|
708230|
708231|
708256|
708257|
708258|
708259|
708260|
708261|
708262|
708263|
708288|
708289|
708290|
708291|
708292|
708293|
708294|
708295|
708320|
708321|
708322|
708323|
708324|
708325|
708326|
708327|
708352|
708353|
708354|
708355|
708356|
708357|
708358|
708359|
708384|
708385|
708386|
708387|
708388|
708389|
708390|
708391|
708416|
708417|
708418|
708419|
708420|
708421|
708422|
708423|
708448|
708449|
708450|
708451|
708452|
708453|
708454|
708455|
708480|
708481|
708482|
708483|
708484|
708485|
708486|
708487|
708512|
708513|
708514|
708515|
708516|
708517|
708518|
708519|
708544|
708545|
708546|
708547|
708548|
708549|
708550|
708551|
708576|
708577|
708578|
708579|
708580|
708581|
708582|
708583|
708608|
708609|
708610|
708611|
708612|
708613|
708614|
708615|
708640|
708641|
708642|
708643|
708644|
708645|
708646|
708647|
708672|
708673|
708674|
708675|
708676|
708677|
708678|
708679|
708704|
708705|
708706|
708707|
708708|
708709|
708710|
708711|
708736|
708737|
708738|
708739|
708740|
708741|
708742|
708743|
708768|
708769|
708770|
708771|
708772|
708773|
708774|
708775|
708800|
708801|
708802|
708803|
708804|
708805|
708806|
708807|
708832|
708833|
708834|
708835|
708836|
708837|
708838|
708839|
708864|
708865|
708866|
708867|
708868|
708869|
708870|
708871|
708896|
708897|
708898|
708899|
708900|
708901|
708902|
708903|
708928|
708929|
708930|
708931|
708932|
708933|
708934|
708935|
708960|
708961|
708962|
708963|
708964|
708965|
708966|
708967|
708992|
708993|
708994|
708995|
708996|
708997|
708998|
708999|
709024|
709025|
709026|
709027|
709028|
709029|
709030|
709031|
709056|
709057|
709058|
709059|
709060|
709061|
709062|
709063|
709088|
709089|
709090|
709091|
709092|
709093|
709094|
709095|
709120|
709121|
709122|
709123|
709124|
709125|
709126|
709127|
709152|
709153|
709154|
709155|
709156|
709157|
709158|
709159|
709184|
709185|
709186|
709187|
709188|
709189|
709190|
709191|
709216|
709217|
709218|
709219|
709220|
709221|
709222|
709223|
709248|
709249|
709250|
709251|
709252|
709253|
709254|
709255|
709280|
709281|
709282|
709283|
709284|
709285|
709286|
709287|
709312|
709313|
709314|
709315|
709316|
709317|
709318|
709319|
709344|
709345|
709346|
709347|
709348|
709349|
709350|
709351|
709376|
709377|
709378|
709379|
709380|
709381|
709382|
709383|
709408|
709409|
709410|
709411|
709412|
709413|
709414|
709415|
709440|
709441|
709442|
709443|
709444|
709445|
709446|
709447|
709472|
709473|
709474|
709475|
709476|
709477|
709478|
709479|
709504|
709505|
709506|
709507|
709508|
709509|
709510|
709511|
709536|
709537|
709538|
709539|
709540|
709541|
709542|
709543|
709568|
709569|
709570|
709571|
709572|
709573|
709574|
709575|
709600|
709601|
709602|
709603|
709604|
709605|
709606|
709607|
709632|
709633|
709634|
709635|
709636|
709637|
709638|
709639|
709664|
709665|
709666|
709667|
709668|
709669|
709670|
709671|
709696|
709697|
709698|
709699|
709700|
709701|
709702|
709703|
709728|
709729|
709730|
709731|
709732|
709733|
709734|
709735|
709760|
709761|
709762|
709763|
709764|
709765|
709766|
709767|
709792|
709793|
709794|
709795|
709796|
709797|
709798|
709799|
709824|
709825|
709826|
709827|
709828|
709829|
709830|
709831|
709856|
709857|
709858|
709859|
709860|
709861|
709862|
709863|
709888|
709889|
709890|
709891|
709892|
709893|
709894|
709895|
709920|
709921|
709922|
709923|
709924|
709925|
709926|
709927|
709952|
709953|
709954|
709955|
709956|
709957|
709958|
709959|
709984|
709985|
709986|
709987|
709988|
709989|
709990|
709991|
710016|
710017|
710018|
710019|
710020|
710021|
710022|
710023|
710048|
710049|
710050|
710051|
710052|
710053|
710054|
710055|
710080|
710081|
710082|
710083|
710084|
710085|
710086|
710087|
710112|
710113|
710114|
710115|
710116|
710117|
710118|
710119|
710144|
710145|
710146|
710147|
710148|
710149|
710150|
710151|
710176|
710177|
710178|
710179|
710180|
710181|
710182|
710183|
710208|
710209|
710210|
710211|
710212|
710213|
710214|
710215|
710240|
710241|
710242|
710243|
710244|
710245|
710246|
710247|
710272|
710273|
710274|
710275|
710276|
710277|
710278|
710279|
710304|
710305|
710306|
710307|
710308|
710309|
710310|
710311|
710336|
710337|
710338|
710339|
710340|
710341|
710342|
710343|
710368|
710369|
710370|
710371|
710372|
710373|
710374|
710375|
710400|
710401|
710402|
710403|
710404|
710405|
710406|
710407|
710432|
710433|
710434|
710435|
710436|
710437|
710438|
710439|
710464|
710465|
710466|
710467|
710468|
710469|
710470|
710471|
710496|
710497|
710498|
710499|
710500|
710501|
710502|
710503|
710528|
710529|
710530|
710531|
710532|
710533|
710534|
710535|
710560|
710561|
710562|
710563|
710564|
710565|
710566|
710567|
710592|
710593|
710594|
710595|
710596|
710597|
710598|
710599|
710624|
710625|
710626|
710627|
710628|
710629|
710630|
710631|
710656|
710657|
710658|
710659|
710660|
710661|
710662|
710663|
710688|
710689|
710690|
710691|
710692|
710693|
710694|
710695|
710720|
710721|
710722|
710723|
710724|
710725|
710726|
710727|
710752|
710753|
710754|
710755|
710756|
710757|
710758|
710759|
710784|
710785|
710786|
710787|
710788|
710789|
710790|
710791|
710816|
710817|
710818|
710819|
710820|
710821|
710822|
710823|
710848|
710849|
710850|
710851|
710852|
710853|
710854|
710855|
710880|
710881|
710882|
710883|
710884|
710885|
710886|
710887|
710912|
710913|
710914|
710915|
710916|
710917|
710918|
710919|
710944|
710945|
710946|
710947|
710948|
710949|
710950|
710951|
710976|
710977|
710978|
710979|
710980|
710981|
710982|
710983|
711008|
711009|
711010|
711011|
711012|
711013|
711014|
711015|
711040|
711041|
711042|
711043|
711044|
711045|
711046|
711047|
711072|
711073|
711074|
711075|
711076|
711077|
711078|
711079|
711104|
711105|
711106|
711107|
711108|
711109|
711110|
711111|
711136|
711137|
711138|
711139|
711140|
711141|
711142|
711143|
711168|
711169|
711170|
711171|
711172|
711173|
711174|
711175|
711200|
711201|
711202|
711203|
711204|
711205|
711206|
711207|
711232|
711233|
711234|
711235|
711236|
711237|
711238|
711239|
711264|
711265|
711266|
711267|
711268|
711269|
711270|
711271|
711296|
711297|
711298|
711299|
711300|
711301|
711302|
711303|
711328|
711329|
711330|
711331|
711332|
711333|
711334|
711335|
711360|
711361|
711362|
711363|
711364|
711365|
711366|
711367|
711392|
711393|
711394|
711395|
711396|
711397|
711398|
711399|
711424|
711425|
711426|
711427|
711428|
711429|
711430|
711431|
711456|
711457|
711458|
711459|
711460|
711461|
711462|
711463|
711488|
711489|
711490|
711491|
711492|
711493|
711494|
711495|
711520|
711521|
711522|
711523|
711524|
711525|
711526|
711527|
711552|
711553|
711554|
711555|
711556|
711557|
711558|
711559|
711584|
711585|
711586|
711587|
711588|
711589|
711590|
711591|
711616|
711617|
711618|
711619|
711620|
711621|
711622|
711623|
711648|
711649|
711650|
711651|
711652|
711653|
711654|
711655|
711680|
711681|
711682|
711683|
711684|
711685|
711686|
711687|
711712|
711713|
711714|
711715|
711716|
711717|
711718|
711719|
711744|
711745|
711746|
711747|
711748|
711749|
711750|
711751|
711776|
711777|
711778|
711779|
711780|
711781|
711782|
711783|
711808|
711809|
711810|
711811|
711812|
711813|
711814|
711815|
711840|
711841|
711842|
711843|
711844|
711845|
711846|
711847|
711872|
711873|
711874|
711875|
711876|
711877|
711878|
711879|
711904|
711905|
711906|
711907|
711908|
711909|
711910|
711911|
711936|
711937|
711938|
711939|
711940|
711941|
711942|
711943|
711968|
711969|
711970|
711971|
711972|
711973|
711974|
711975|
712000|
712001|
712002|
712003|
712004|
712005|
712006|
712007|
712032|
712033|
712034|
712035|
712036|
712037|
712038|
712039|
712064|
712065|
712066|
712067|
712068|
712069|
712070|
712071|
712096|
712097|
712098|
712099|
712100|
712101|
712102|
712103|
712128|
712129|
712130|
712131|
712132|
712133|
712134|
712135|
712160|
712161|
712162|
712163|
712164|
712165|
712166|
712167|
712192|
712193|
712194|
712195|
712196|
712197|
712198|
712199|
712224|
712225|
712226|
712227|
712228|
712229|
712230|
712231|
712256|
712257|
712258|
712259|
712260|
712261|
712262|
712263|
712288|
712289|
712290|
712291|
712292|
712293|
712294|
712295|
712320|
712321|
712322|
712323|
712324|
712325|
712326|
712327|
712352|
712353|
712354|
712355|
712356|
712357|
712358|
712359|
712384|
712385|
712386|
712387|
712388|
712389|
712390|
712391|
712416|
712417|
712418|
712419|
712420|
712421|
712422|
712423|
712448|
712449|
712450|
712451|
712452|
712453|
712454|
712455|
712480|
712481|
712482|
712483|
712484|
712485|
712486|
712487|
712512|
712513|
712514|
712515|
712516|
712517|
712518|
712519|
712544|
712545|
712546|
712547|
712548|
712549|
712550|
712551|
712576|
712577|
712578|
712579|
712580|
712581|
712582|
712583|
712608|
712609|
712610|
712611|
712612|
712613|
712614|
712615|
712640|
712641|
712642|
712643|
712644|
712645|
712646|
712647|
712672|
712673|
712674|
712675|
712676|
712677|
712678|
712679|
712704|
712705|
712706|
712707|
712708|
712709|
712710|
712711|
712736|
712737|
712738|
712739|
712740|
712741|
712742|
712743|
712768|
712769|
712770|
712771|
712772|
712773|
712774|
712775|
712800|
712801|
712802|
712803|
712804|
712805|
712806|
712807|
712832|
712833|
712834|
712835|
712836|
712837|
712838|
712839|
712864|
712865|
712866|
712867|
712868|
712869|
712870|
712871|
712896|
712897|
712898|
712899|
712900|
712901|
712902|
712903|
712928|
712929|
712930|
712931|
712932|
712933|
712934|
712935|
712960|
712961|
712962|
712963|
712964|
712965|
712966|
712967|
712992|
712993|
712994|
712995|
712996|
712997|
712998|
712999|
713024|
713025|
713026|
713027|
713028|
713029|
713030|
713031|
713056|
713057|
713058|
713059|
713060|
713061|
713062|
713063|
713088|
713089|
713090|
713091|
713092|
713093|
713094|
713095|
713120|
713121|
713122|
713123|
713124|
713125|
713126|
713127|
713152|
713153|
713154|
713155|
713156|
713157|
713158|
713159|
713184|
713185|
713186|
713187|
713188|
713189|
713190|
713191|
713216|
713217|
713218|
713219|
713220|
713221|
713222|
713223|
713248|
713249|
713250|
713251|
713252|
713253|
713254|
713255|
713280|
713281|
713282|
713283|
713284|
713285|
713286|
713287|
713312|
713313|
713314|
713315|
713316|
713317|
713318|
713319|
713344|
713345|
713346|
713347|
713348|
713349|
713350|
713351|
713376|
713377|
713378|
713379|
713380|
713381|
713382|
713383|
713408|
713409|
713410|
713411|
713412|
713413|
713414|
713415|
713440|
713441|
713442|
713443|
713444|
713445|
713446|
713447|
713472|
713473|
713474|
713475|
713476|
713477|
713478|
713479|
713504|
713505|
713506|
713507|
713508|
713509|
713510|
713511|
713536|
713537|
713538|
713539|
713540|
713541|
713542|
713543|
713568|
713569|
713570|
713571|
713572|
713573|
713574|
713575|
713600|
713601|
713602|
713603|
713604|
713605|
713606|
713607|
713632|
713633|
713634|
713635|
713636|
713637|
713638|
713639|
713664|
713665|
713666|
713667|
713668|
713669|
713670|
713671|
713696|
713697|
713698|
713699|
713700|
713701|
713702|
713703|
713728|
713729|
713730|
713731|
713732|
713733|
713734|
713735|
713760|
713761|
713762|
713763|
713764|
713765|
713766|
713767|
713792|
713793|
713794|
713795|
713796|
713797|
713798|
713799|
713824|
713825|
713826|
713827|
713828|
713829|
713830|
713831|
713856|
713857|
713858|
713859|
713860|
713861|
713862|
713863|
713888|
713889|
713890|
713891|
713892|
713893|
713894|
713895|
713920|
713921|
713922|
713923|
713924|
713925|
713926|
713927|
713952|
713953|
713954|
713955|
713956|
713957|
713958|
713959|
713984|
713985|
713986|
713987|
713988|
