1445989|
1445990|
1445991|
1446016|
1446017|
1446018|
1446019|
1446020|
1446021|
1446022|
1446023|
1446048|
1446049|
1446050|
1446051|
1446052|
1446053|
1446054|
1446055|
1446080|
1446081|
1446082|
1446083|
1446084|
1446085|
1446086|
1446087|
1446112|
1446113|
1446114|
1446115|
1446116|
1446117|
1446118|
1446119|
1446144|
1446145|
1446146|
1446147|
1446148|
1446149|
1446150|
1446151|
1446176|
1446177|
1446178|
1446179|
1446180|
1446181|
1446182|
1446183|
1446208|
1446209|
1446210|
1446211|
1446212|
1446213|
1446214|
1446215|
1446240|
1446241|
1446242|
1446243|
1446244|
1446245|
1446246|
1446247|
1446272|
1446273|
1446274|
1446275|
1446276|
1446277|
1446278|
1446279|
1446304|
1446305|
1446306|
1446307|
1446308|
1446309|
1446310|
1446311|
1446336|
1446337|
1446338|
1446339|
1446340|
1446341|
1446342|
1446343|
1446368|
1446369|
1446370|
1446371|
1446372|
1446373|
1446374|
1446375|
1446400|
1446401|
1446402|
1446403|
1446404|
1446405|
1446406|
1446407|
1446432|
1446433|
1446434|
1446435|
1446436|
1446437|
1446438|
1446439|
1446464|
1446465|
1446466|
1446467|
1446468|
1446469|
1446470|
1446471|
1446496|
1446497|
1446498|
1446499|
1446500|
1446501|
1446502|
1446503|
1446528|
1446529|
1446530|
1446531|
1446532|
1446533|
1446534|
1446535|
1446560|
1446561|
1446562|
1446563|
1446564|
1446565|
1446566|
1446567|
1446592|
1446593|
1446594|
1446595|
1446596|
1446597|
1446598|
1446599|
1446624|
1446625|
1446626|
1446627|
1446628|
1446629|
1446630|
1446631|
1446656|
1446657|
1446658|
1446659|
1446660|
1446661|
1446662|
1446663|
1446688|
1446689|
1446690|
1446691|
1446692|
1446693|
1446694|
1446695|
1446720|
1446721|
1446722|
1446723|
1446724|
1446725|
1446726|
1446727|
1446752|
1446753|
1446754|
1446755|
1446756|
1446757|
1446758|
1446759|
1446784|
1446785|
1446786|
1446787|
1446788|
1446789|
1446790|
1446791|
1446816|
1446817|
1446818|
1446819|
1446820|
1446821|
1446822|
1446823|
1446848|
1446849|
1446850|
1446851|
1446852|
1446853|
1446854|
1446855|
1446880|
1446881|
1446882|
1446883|
1446884|
1446885|
1446886|
1446887|
1446912|
1446913|
1446914|
1446915|
1446916|
1446917|
1446918|
1446919|
1446944|
1446945|
1446946|
1446947|
1446948|
1446949|
1446950|
1446951|
1446976|
1446977|
1446978|
1446979|
1446980|
1446981|
1446982|
1446983|
1447008|
1447009|
1447010|
1447011|
1447012|
1447013|
1447014|
1447015|
1447040|
1447041|
1447042|
1447043|
1447044|
1447045|
1447046|
1447047|
1447072|
1447073|
1447074|
1447075|
1447076|
1447077|
1447078|
1447079|
1447104|
1447105|
1447106|
1447107|
1447108|
1447109|
1447110|
1447111|
1447136|
1447137|
1447138|
1447139|
1447140|
1447141|
1447142|
1447143|
1447168|
1447169|
1447170|
1447171|
1447172|
1447173|
1447174|
1447175|
1447200|
1447201|
1447202|
1447203|
1447204|
1447205|
1447206|
1447207|
1447232|
1447233|
1447234|
1447235|
1447236|
1447237|
1447238|
1447239|
1447264|
1447265|
1447266|
1447267|
1447268|
1447269|
1447270|
1447271|
1447296|
1447297|
1447298|
1447299|
1447300|
1447301|
1447302|
1447303|
1447328|
1447329|
1447330|
1447331|
1447332|
1447333|
1447334|
1447335|
1447360|
1447361|
1447362|
1447363|
1447364|
1447365|
1447366|
1447367|
1447392|
1447393|
1447394|
1447395|
1447396|
1447397|
1447398|
1447399|
1447424|
1447425|
1447426|
1447427|
1447428|
1447429|
1447430|
1447431|
1447456|
1447457|
1447458|
1447459|
1447460|
1447461|
1447462|
1447463|
1447488|
1447489|
1447490|
1447491|
1447492|
1447493|
1447494|
1447495|
1447520|
1447521|
1447522|
1447523|
1447524|
1447525|
1447526|
1447527|
1447552|
1447553|
1447554|
1447555|
1447556|
1447557|
1447558|
1447559|
1447584|
1447585|
1447586|
1447587|
1447588|
1447589|
1447590|
1447591|
1447616|
1447617|
1447618|
1447619|
1447620|
1447621|
1447622|
1447623|
1447648|
1447649|
1447650|
1447651|
1447652|
1447653|
1447654|
1447655|
1447680|
1447681|
1447682|
1447683|
1447684|
1447685|
1447686|
1447687|
1447712|
1447713|
1447714|
1447715|
1447716|
1447717|
1447718|
1447719|
1447744|
1447745|
1447746|
1447747|
1447748|
1447749|
1447750|
1447751|
1447776|
1447777|
1447778|
1447779|
1447780|
1447781|
1447782|
1447783|
1447808|
1447809|
1447810|
1447811|
1447812|
1447813|
1447814|
1447815|
1447840|
1447841|
1447842|
1447843|
1447844|
1447845|
1447846|
1447847|
1447872|
1447873|
1447874|
1447875|
1447876|
1447877|
1447878|
1447879|
1447904|
1447905|
1447906|
1447907|
1447908|
1447909|
1447910|
1447911|
1447936|
1447937|
1447938|
1447939|
1447940|
1447941|
1447942|
1447943|
1447968|
1447969|
1447970|
1447971|
1447972|
1447973|
1447974|
1447975|
1448000|
1448001|
1448002|
1448003|
1448004|
1448005|
1448006|
1448007|
1448032|
1448033|
1448034|
1448035|
1448036|
1448037|
1448038|
1448039|
1448064|
1448065|
1448066|
1448067|
1448068|
1448069|
1448070|
1448071|
1448096|
1448097|
1448098|
1448099|
1448100|
1448101|
1448102|
1448103|
1448128|
1448129|
1448130|
1448131|
1448132|
1448133|
1448134|
1448135|
1448160|
1448161|
1448162|
1448163|
1448164|
1448165|
1448166|
1448167|
1448192|
1448193|
1448194|
1448195|
1448196|
1448197|
1448198|
1448199|
1448224|
1448225|
1448226|
1448227|
1448228|
1448229|
1448230|
1448231|
1448256|
1448257|
1448258|
1448259|
1448260|
1448261|
1448262|
1448263|
1448288|
1448289|
1448290|
1448291|
1448292|
1448293|
1448294|
1448295|
1448320|
1448321|
1448322|
1448323|
1448324|
1448325|
1448326|
1448327|
1448352|
1448353|
1448354|
1448355|
1448356|
1448357|
1448358|
1448359|
1448384|
1448385|
1448386|
1448387|
1448388|
1448389|
1448390|
1448391|
1448416|
1448417|
1448418|
1448419|
1448420|
1448421|
1448422|
1448423|
1448448|
1448449|
1448450|
1448451|
1448452|
1448453|
1448454|
1448455|
1448480|
1448481|
1448482|
1448483|
1448484|
1448485|
1448486|
1448487|
1448512|
1448513|
1448514|
1448515|
1448516|
1448517|
1448518|
1448519|
1448544|
1448545|
1448546|
1448547|
1448548|
1448549|
1448550|
1448551|
1448576|
1448577|
1448578|
1448579|
1448580|
1448581|
1448582|
1448583|
1448608|
1448609|
1448610|
1448611|
1448612|
1448613|
1448614|
1448615|
1448640|
1448641|
1448642|
1448643|
1448644|
1448645|
1448646|
1448647|
1448672|
1448673|
1448674|
1448675|
1448676|
1448677|
1448678|
1448679|
1448704|
1448705|
1448706|
1448707|
1448708|
1448709|
1448710|
1448711|
1448736|
1448737|
1448738|
1448739|
1448740|
1448741|
1448742|
1448743|
1448768|
1448769|
1448770|
1448771|
1448772|
1448773|
1448774|
1448775|
1448800|
1448801|
1448802|
1448803|
1448804|
1448805|
1448806|
1448807|
1448832|
1448833|
1448834|
1448835|
1448836|
1448837|
1448838|
1448839|
1448864|
1448865|
1448866|
1448867|
1448868|
1448869|
1448870|
1448871|
1448896|
1448897|
1448898|
1448899|
1448900|
1448901|
1448902|
1448903|
1448928|
1448929|
1448930|
1448931|
1448932|
1448933|
1448934|
1448935|
1448960|
1448961|
1448962|
1448963|
1448964|
1448965|
1448966|
1448967|
1448992|
1448993|
1448994|
1448995|
1448996|
1448997|
1448998|
1448999|
1449024|
1449025|
1449026|
1449027|
1449028|
1449029|
1449030|
1449031|
1449056|
1449057|
1449058|
1449059|
1449060|
1449061|
1449062|
1449063|
1449088|
1449089|
1449090|
1449091|
1449092|
1449093|
1449094|
1449095|
1449120|
1449121|
1449122|
1449123|
1449124|
1449125|
1449126|
1449127|
1449152|
1449153|
1449154|
1449155|
1449156|
1449157|
1449158|
1449159|
1449184|
1449185|
1449186|
1449187|
1449188|
1449189|
1449190|
1449191|
1449216|
1449217|
1449218|
1449219|
1449220|
1449221|
1449222|
1449223|
1449248|
1449249|
1449250|
1449251|
1449252|
1449253|
1449254|
1449255|
1449280|
1449281|
1449282|
1449283|
1449284|
1449285|
1449286|
1449287|
1449312|
1449313|
1449314|
1449315|
1449316|
1449317|
1449318|
1449319|
1449344|
1449345|
1449346|
1449347|
1449348|
1449349|
1449350|
1449351|
1449376|
1449377|
1449378|
1449379|
1449380|
1449381|
1449382|
1449383|
1449408|
1449409|
1449410|
1449411|
1449412|
1449413|
1449414|
1449415|
1449440|
1449441|
1449442|
1449443|
1449444|
1449445|
1449446|
1449447|
1449472|
1449473|
1449474|
1449475|
1449476|
1449477|
1449478|
1449479|
1449504|
1449505|
1449506|
1449507|
1449508|
1449509|
1449510|
1449511|
1449536|
1449537|
1449538|
1449539|
1449540|
1449541|
1449542|
1449543|
1449568|
1449569|
1449570|
1449571|
1449572|
1449573|
1449574|
1449575|
1449600|
1449601|
1449602|
1449603|
1449604|
1449605|
1449606|
1449607|
1449632|
1449633|
1449634|
1449635|
1449636|
1449637|
1449638|
1449639|
1449664|
1449665|
1449666|
1449667|
1449668|
1449669|
1449670|
1449671|
1449696|
1449697|
1449698|
1449699|
1449700|
1449701|
1449702|
1449703|
1449728|
1449729|
1449730|
1449731|
1449732|
1449733|
1449734|
1449735|
1449760|
1449761|
1449762|
1449763|
1449764|
1449765|
1449766|
1449767|
1449792|
1449793|
1449794|
1449795|
1449796|
1449797|
1449798|
1449799|
1449824|
1449825|
1449826|
1449827|
1449828|
1449829|
1449830|
1449831|
1449856|
1449857|
1449858|
1449859|
1449860|
1449861|
1449862|
1449863|
1449888|
1449889|
1449890|
1449891|
1449892|
1449893|
1449894|
1449895|
1449920|
1449921|
1449922|
1449923|
1449924|
1449925|
1449926|
1449927|
1449952|
1449953|
1449954|
1449955|
1449956|
1449957|
1449958|
1449959|
1449984|
1449985|
1449986|
1449987|
1449988|
1449989|
1449990|
1449991|
1450016|
1450017|
1450018|
1450019|
1450020|
1450021|
1450022|
1450023|
1450048|
1450049|
1450050|
1450051|
1450052|
1450053|
1450054|
1450055|
1450080|
1450081|
1450082|
1450083|
1450084|
1450085|
1450086|
1450087|
1450112|
1450113|
1450114|
1450115|
1450116|
1450117|
1450118|
1450119|
1450144|
1450145|
1450146|
1450147|
1450148|
1450149|
1450150|
1450151|
1450176|
1450177|
1450178|
1450179|
1450180|
1450181|
1450182|
1450183|
1450208|
1450209|
1450210|
1450211|
1450212|
1450213|
1450214|
1450215|
1450240|
1450241|
1450242|
1450243|
1450244|
1450245|
1450246|
1450247|
1450272|
1450273|
1450274|
1450275|
1450276|
1450277|
1450278|
1450279|
1450304|
1450305|
1450306|
1450307|
1450308|
1450309|
1450310|
1450311|
1450336|
1450337|
1450338|
1450339|
1450340|
1450341|
1450342|
1450343|
1450368|
1450369|
1450370|
1450371|
1450372|
1450373|
1450374|
1450375|
1450400|
1450401|
1450402|
1450403|
1450404|
1450405|
1450406|
1450407|
1450432|
1450433|
1450434|
1450435|
1450436|
1450437|
1450438|
1450439|
1450464|
1450465|
1450466|
1450467|
1450468|
1450469|
1450470|
1450471|
1450496|
1450497|
1450498|
1450499|
1450500|
1450501|
1450502|
1450503|
1450528|
1450529|
1450530|
1450531|
1450532|
1450533|
1450534|
1450535|
1450560|
1450561|
1450562|
1450563|
1450564|
1450565|
1450566|
1450567|
1450592|
1450593|
1450594|
1450595|
1450596|
1450597|
1450598|
1450599|
1450624|
1450625|
1450626|
1450627|
1450628|
1450629|
1450630|
1450631|
1450656|
1450657|
1450658|
1450659|
1450660|
1450661|
1450662|
1450663|
1450688|
1450689|
1450690|
1450691|
1450692|
1450693|
1450694|
1450695|
1450720|
1450721|
1450722|
1450723|
1450724|
1450725|
1450726|
1450727|
1450752|
1450753|
1450754|
1450755|
1450756|
1450757|
1450758|
1450759|
1450784|
1450785|
1450786|
1450787|
1450788|
1450789|
1450790|
1450791|
1450816|
1450817|
1450818|
1450819|
1450820|
1450821|
1450822|
1450823|
1450848|
1450849|
1450850|
1450851|
1450852|
1450853|
1450854|
1450855|
1450880|
1450881|
1450882|
1450883|
1450884|
1450885|
1450886|
1450887|
1450912|
1450913|
1450914|
1450915|
1450916|
1450917|
1450918|
1450919|
1450944|
1450945|
1450946|
1450947|
1450948|
1450949|
1450950|
1450951|
1450976|
1450977|
1450978|
1450979|
1450980|
1450981|
1450982|
1450983|
1451008|
1451009|
1451010|
1451011|
1451012|
1451013|
1451014|
1451015|
1451040|
1451041|
1451042|
1451043|
1451044|
1451045|
1451046|
1451047|
1451072|
1451073|
1451074|
1451075|
1451076|
1451077|
1451078|
1451079|
1451104|
1451105|
1451106|
1451107|
1451108|
1451109|
1451110|
1451111|
1451136|
1451137|
1451138|
1451139|
1451140|
1451141|
1451142|
1451143|
1451168|
1451169|
1451170|
1451171|
1451172|
1451173|
1451174|
1451175|
1451200|
1451201|
1451202|
1451203|
1451204|
1451205|
1451206|
1451207|
1451232|
1451233|
1451234|
1451235|
1451236|
1451237|
1451238|
1451239|
1451264|
1451265|
1451266|
1451267|
1451268|
1451269|
1451270|
1451271|
1451296|
1451297|
1451298|
1451299|
1451300|
1451301|
1451302|
1451303|
1451328|
1451329|
1451330|
1451331|
1451332|
1451333|
1451334|
1451335|
1451360|
1451361|
1451362|
1451363|
1451364|
1451365|
1451366|
1451367|
1451392|
1451393|
1451394|
1451395|
1451396|
1451397|
1451398|
1451399|
1451424|
1451425|
1451426|
1451427|
1451428|
1451429|
1451430|
1451431|
1451456|
1451457|
1451458|
1451459|
1451460|
1451461|
1451462|
1451463|
1451488|
1451489|
1451490|
1451491|
1451492|
1451493|
1451494|
1451495|
1451520|
1451521|
1451522|
1451523|
1451524|
1451525|
1451526|
1451527|
1451552|
1451553|
1451554|
1451555|
1451556|
1451557|
1451558|
1451559|
1451584|
1451585|
1451586|
1451587|
1451588|
1451589|
1451590|
1451591|
1451616|
1451617|
1451618|
1451619|
1451620|
1451621|
1451622|
1451623|
1451648|
1451649|
1451650|
1451651|
1451652|
1451653|
1451654|
1451655|
1451680|
1451681|
1451682|
1451683|
1451684|
1451685|
1451686|
1451687|
1451712|
1451713|
1451714|
1451715|
1451716|
1451717|
1451718|
1451719|
1451744|
1451745|
1451746|
1451747|
1451748|
1451749|
1451750|
1451751|
1451776|
1451777|
1451778|
1451779|
1451780|
1451781|
1451782|
1451783|
1451808|
1451809|
1451810|
1451811|
1451812|
1451813|
1451814|
1451815|
1451840|
1451841|
1451842|
1451843|
1451844|
1451845|
1451846|
1451847|
1451872|
1451873|
1451874|
1451875|
1451876|
1451877|
1451878|
1451879|
1451904|
1451905|
1451906|
1451907|
1451908|
1451909|
1451910|
1451911|
1451936|
1451937|
1451938|
1451939|
1451940|
1451941|
1451942|
1451943|
1451968|
1451969|
1451970|
1451971|
1451972|
1451973|
1451974|
1451975|
1452000|
