545989|
545990|
545991|
546016|
546017|
546018|
546019|
546020|
546021|
546022|
546023|
546048|
546049|
546050|
546051|
546052|
546053|
546054|
546055|
546080|
546081|
546082|
546083|
546084|
546085|
546086|
546087|
546112|
546113|
546114|
546115|
546116|
546117|
546118|
546119|
546144|
546145|
546146|
546147|
546148|
546149|
546150|
546151|
546176|
546177|
546178|
546179|
546180|
546181|
546182|
546183|
546208|
546209|
546210|
546211|
546212|
546213|
546214|
546215|
546240|
546241|
546242|
546243|
546244|
546245|
546246|
546247|
546272|
546273|
546274|
546275|
546276|
546277|
546278|
546279|
546304|
546305|
546306|
546307|
546308|
546309|
546310|
546311|
546336|
546337|
546338|
546339|
546340|
546341|
546342|
546343|
546368|
546369|
546370|
546371|
546372|
546373|
546374|
546375|
546400|
546401|
546402|
546403|
546404|
546405|
546406|
546407|
546432|
546433|
546434|
546435|
546436|
546437|
546438|
546439|
546464|
546465|
546466|
546467|
546468|
546469|
546470|
546471|
546496|
546497|
546498|
546499|
546500|
546501|
546502|
546503|
546528|
546529|
546530|
546531|
546532|
546533|
546534|
546535|
546560|
546561|
546562|
546563|
546564|
546565|
546566|
546567|
546592|
546593|
546594|
546595|
546596|
546597|
546598|
546599|
546624|
546625|
546626|
546627|
546628|
546629|
546630|
546631|
546656|
546657|
546658|
546659|
546660|
546661|
546662|
546663|
546688|
546689|
546690|
546691|
546692|
546693|
546694|
546695|
546720|
546721|
546722|
546723|
546724|
546725|
546726|
546727|
546752|
546753|
546754|
546755|
546756|
546757|
546758|
546759|
546784|
546785|
546786|
546787|
546788|
546789|
546790|
546791|
546816|
546817|
546818|
546819|
546820|
546821|
546822|
546823|
546848|
546849|
546850|
546851|
546852|
546853|
546854|
546855|
546880|
546881|
546882|
546883|
546884|
546885|
546886|
546887|
546912|
546913|
546914|
546915|
546916|
546917|
546918|
546919|
546944|
546945|
546946|
546947|
546948|
546949|
546950|
546951|
546976|
546977|
546978|
546979|
546980|
546981|
546982|
546983|
547008|
547009|
547010|
547011|
547012|
547013|
547014|
547015|
547040|
547041|
547042|
547043|
547044|
547045|
547046|
547047|
547072|
547073|
547074|
547075|
547076|
547077|
547078|
547079|
547104|
547105|
547106|
547107|
547108|
547109|
547110|
547111|
547136|
547137|
547138|
547139|
547140|
547141|
547142|
547143|
547168|
547169|
547170|
547171|
547172|
547173|
547174|
547175|
547200|
547201|
547202|
547203|
547204|
547205|
547206|
547207|
547232|
547233|
547234|
547235|
547236|
547237|
547238|
547239|
547264|
547265|
547266|
547267|
547268|
547269|
547270|
547271|
547296|
547297|
547298|
547299|
547300|
547301|
547302|
547303|
547328|
547329|
547330|
547331|
547332|
547333|
547334|
547335|
547360|
547361|
547362|
547363|
547364|
547365|
547366|
547367|
547392|
547393|
547394|
547395|
547396|
547397|
547398|
547399|
547424|
547425|
547426|
547427|
547428|
547429|
547430|
547431|
547456|
547457|
547458|
547459|
547460|
547461|
547462|
547463|
547488|
547489|
547490|
547491|
547492|
547493|
547494|
547495|
547520|
547521|
547522|
547523|
547524|
547525|
547526|
547527|
547552|
547553|
547554|
547555|
547556|
547557|
547558|
547559|
547584|
547585|
547586|
547587|
547588|
547589|
547590|
547591|
547616|
547617|
547618|
547619|
547620|
547621|
547622|
547623|
547648|
547649|
547650|
547651|
547652|
547653|
547654|
547655|
547680|
547681|
547682|
547683|
547684|
547685|
547686|
547687|
547712|
547713|
547714|
547715|
547716|
547717|
547718|
547719|
547744|
547745|
547746|
547747|
547748|
547749|
547750|
547751|
547776|
547777|
547778|
547779|
547780|
547781|
547782|
547783|
547808|
547809|
547810|
547811|
547812|
547813|
547814|
547815|
547840|
547841|
547842|
547843|
547844|
547845|
547846|
547847|
547872|
547873|
547874|
547875|
547876|
547877|
547878|
547879|
547904|
547905|
547906|
547907|
547908|
547909|
547910|
547911|
547936|
547937|
547938|
547939|
547940|
547941|
547942|
547943|
547968|
547969|
547970|
547971|
547972|
547973|
547974|
547975|
548000|
548001|
548002|
548003|
548004|
548005|
548006|
548007|
548032|
548033|
548034|
548035|
548036|
548037|
548038|
548039|
548064|
548065|
548066|
548067|
548068|
548069|
548070|
548071|
548096|
548097|
548098|
548099|
548100|
548101|
548102|
548103|
548128|
548129|
548130|
548131|
548132|
548133|
548134|
548135|
548160|
548161|
548162|
548163|
548164|
548165|
548166|
548167|
548192|
548193|
548194|
548195|
548196|
548197|
548198|
548199|
548224|
548225|
548226|
548227|
548228|
548229|
548230|
548231|
548256|
548257|
548258|
548259|
548260|
548261|
548262|
548263|
548288|
548289|
548290|
548291|
548292|
548293|
548294|
548295|
548320|
548321|
548322|
548323|
548324|
548325|
548326|
548327|
548352|
548353|
548354|
548355|
548356|
548357|
548358|
548359|
548384|
548385|
548386|
548387|
548388|
548389|
548390|
548391|
548416|
548417|
548418|
548419|
548420|
548421|
548422|
548423|
548448|
548449|
548450|
548451|
548452|
548453|
548454|
548455|
548480|
548481|
548482|
548483|
548484|
548485|
548486|
548487|
548512|
548513|
548514|
548515|
548516|
548517|
548518|
548519|
548544|
548545|
548546|
548547|
548548|
548549|
548550|
548551|
548576|
548577|
548578|
548579|
548580|
548581|
548582|
548583|
548608|
548609|
548610|
548611|
548612|
548613|
548614|
548615|
548640|
548641|
548642|
548643|
548644|
548645|
548646|
548647|
548672|
548673|
548674|
548675|
548676|
548677|
548678|
548679|
548704|
548705|
548706|
548707|
548708|
548709|
548710|
548711|
548736|
548737|
548738|
548739|
548740|
548741|
548742|
548743|
548768|
548769|
548770|
548771|
548772|
548773|
548774|
548775|
548800|
548801|
548802|
548803|
548804|
548805|
548806|
548807|
548832|
548833|
548834|
548835|
548836|
548837|
548838|
548839|
548864|
548865|
548866|
548867|
548868|
548869|
548870|
548871|
548896|
548897|
548898|
548899|
548900|
548901|
548902|
548903|
548928|
548929|
548930|
548931|
548932|
548933|
548934|
548935|
548960|
548961|
548962|
548963|
548964|
548965|
548966|
548967|
548992|
548993|
548994|
548995|
548996|
548997|
548998|
548999|
549024|
549025|
549026|
549027|
549028|
549029|
549030|
549031|
549056|
549057|
549058|
549059|
549060|
549061|
549062|
549063|
549088|
549089|
549090|
549091|
549092|
549093|
549094|
549095|
549120|
549121|
549122|
549123|
549124|
549125|
549126|
549127|
549152|
549153|
549154|
549155|
549156|
549157|
549158|
549159|
549184|
549185|
549186|
549187|
549188|
549189|
549190|
549191|
549216|
549217|
549218|
549219|
549220|
549221|
549222|
549223|
549248|
549249|
549250|
549251|
549252|
549253|
549254|
549255|
549280|
549281|
549282|
549283|
549284|
549285|
549286|
549287|
549312|
549313|
549314|
549315|
549316|
549317|
549318|
549319|
549344|
549345|
549346|
549347|
549348|
549349|
549350|
549351|
549376|
549377|
549378|
549379|
549380|
549381|
549382|
549383|
549408|
549409|
549410|
549411|
549412|
549413|
549414|
549415|
549440|
549441|
549442|
549443|
549444|
549445|
549446|
549447|
549472|
549473|
549474|
549475|
549476|
549477|
549478|
549479|
549504|
549505|
549506|
549507|
549508|
549509|
549510|
549511|
549536|
549537|
549538|
549539|
549540|
549541|
549542|
549543|
549568|
549569|
549570|
549571|
549572|
549573|
549574|
549575|
549600|
549601|
549602|
549603|
549604|
549605|
549606|
549607|
549632|
549633|
549634|
549635|
549636|
549637|
549638|
549639|
549664|
549665|
549666|
549667|
549668|
549669|
549670|
549671|
549696|
549697|
549698|
549699|
549700|
549701|
549702|
549703|
549728|
549729|
549730|
549731|
549732|
549733|
549734|
549735|
549760|
549761|
549762|
549763|
549764|
549765|
549766|
549767|
549792|
549793|
549794|
549795|
549796|
549797|
549798|
549799|
549824|
549825|
549826|
549827|
549828|
549829|
549830|
549831|
549856|
549857|
549858|
549859|
549860|
549861|
549862|
549863|
549888|
549889|
549890|
549891|
549892|
549893|
549894|
549895|
549920|
549921|
549922|
549923|
549924|
549925|
549926|
549927|
549952|
549953|
549954|
549955|
549956|
549957|
549958|
549959|
549984|
549985|
549986|
549987|
549988|
549989|
549990|
549991|
550016|
550017|
550018|
550019|
550020|
550021|
550022|
550023|
550048|
550049|
550050|
550051|
550052|
550053|
550054|
550055|
550080|
550081|
550082|
550083|
550084|
550085|
550086|
550087|
550112|
550113|
550114|
550115|
550116|
550117|
550118|
550119|
550144|
550145|
550146|
550147|
550148|
550149|
550150|
550151|
550176|
550177|
550178|
550179|
550180|
550181|
550182|
550183|
550208|
550209|
550210|
550211|
550212|
550213|
550214|
550215|
550240|
550241|
550242|
550243|
550244|
550245|
550246|
550247|
550272|
550273|
550274|
550275|
550276|
550277|
550278|
550279|
550304|
550305|
550306|
550307|
550308|
550309|
550310|
550311|
550336|
550337|
550338|
550339|
550340|
550341|
550342|
550343|
550368|
550369|
550370|
550371|
550372|
550373|
550374|
550375|
550400|
550401|
550402|
550403|
550404|
550405|
550406|
550407|
550432|
550433|
550434|
550435|
550436|
550437|
550438|
550439|
550464|
550465|
550466|
550467|
550468|
550469|
550470|
550471|
550496|
550497|
550498|
550499|
550500|
550501|
550502|
550503|
550528|
550529|
550530|
550531|
550532|
550533|
550534|
550535|
550560|
550561|
550562|
550563|
550564|
550565|
550566|
550567|
550592|
550593|
550594|
550595|
550596|
550597|
550598|
550599|
550624|
550625|
550626|
550627|
550628|
550629|
550630|
550631|
550656|
550657|
550658|
550659|
550660|
550661|
550662|
550663|
550688|
550689|
550690|
550691|
550692|
550693|
550694|
550695|
550720|
550721|
550722|
550723|
550724|
550725|
550726|
550727|
550752|
550753|
550754|
550755|
550756|
550757|
550758|
550759|
550784|
550785|
550786|
550787|
550788|
550789|
550790|
550791|
550816|
550817|
550818|
550819|
550820|
550821|
550822|
550823|
550848|
550849|
550850|
550851|
550852|
550853|
550854|
550855|
550880|
550881|
550882|
550883|
550884|
550885|
550886|
550887|
550912|
550913|
550914|
550915|
550916|
550917|
550918|
550919|
550944|
550945|
550946|
550947|
550948|
550949|
550950|
550951|
550976|
550977|
550978|
550979|
550980|
550981|
550982|
550983|
551008|
551009|
551010|
551011|
551012|
551013|
551014|
551015|
551040|
551041|
551042|
551043|
551044|
551045|
551046|
551047|
551072|
551073|
551074|
551075|
551076|
551077|
551078|
551079|
551104|
551105|
551106|
551107|
551108|
551109|
551110|
551111|
551136|
551137|
551138|
551139|
551140|
551141|
551142|
551143|
551168|
551169|
551170|
551171|
551172|
551173|
551174|
551175|
551200|
551201|
551202|
551203|
551204|
551205|
551206|
551207|
551232|
551233|
551234|
551235|
551236|
551237|
551238|
551239|
551264|
551265|
551266|
551267|
551268|
551269|
551270|
551271|
551296|
551297|
551298|
551299|
551300|
551301|
551302|
551303|
551328|
551329|
551330|
551331|
551332|
551333|
551334|
551335|
551360|
551361|
551362|
551363|
551364|
551365|
551366|
551367|
551392|
551393|
551394|
551395|
551396|
551397|
551398|
551399|
551424|
551425|
551426|
551427|
551428|
551429|
551430|
551431|
551456|
551457|
551458|
551459|
551460|
551461|
551462|
551463|
551488|
551489|
551490|
551491|
551492|
551493|
551494|
551495|
551520|
551521|
551522|
551523|
551524|
551525|
551526|
551527|
551552|
551553|
551554|
551555|
551556|
551557|
551558|
551559|
551584|
551585|
551586|
551587|
551588|
551589|
551590|
551591|
551616|
551617|
551618|
551619|
551620|
551621|
551622|
551623|
551648|
551649|
551650|
551651|
551652|
551653|
551654|
551655|
551680|
551681|
551682|
551683|
551684|
551685|
551686|
551687|
551712|
551713|
551714|
551715|
551716|
551717|
551718|
551719|
551744|
551745|
551746|
551747|
551748|
551749|
551750|
551751|
551776|
551777|
551778|
551779|
551780|
551781|
551782|
551783|
551808|
551809|
551810|
551811|
551812|
551813|
551814|
551815|
551840|
551841|
551842|
551843|
551844|
551845|
551846|
551847|
551872|
551873|
551874|
551875|
551876|
551877|
551878|
551879|
551904|
551905|
551906|
551907|
551908|
551909|
551910|
551911|
551936|
551937|
551938|
551939|
551940|
551941|
551942|
551943|
551968|
551969|
551970|
551971|
551972|
551973|
551974|
551975|
552000|
