2688001|
2688002|
2688003|
2688004|
2688005|
2688006|
2688007|
2688032|
2688033|
2688034|
2688035|
2688036|
2688037|
2688038|
2688039|
2688064|
2688065|
2688066|
2688067|
2688068|
2688069|
2688070|
2688071|
2688096|
2688097|
2688098|
2688099|
2688100|
2688101|
2688102|
2688103|
2688128|
2688129|
2688130|
2688131|
2688132|
2688133|
2688134|
2688135|
2688160|
2688161|
2688162|
2688163|
2688164|
2688165|
2688166|
2688167|
2688192|
2688193|
2688194|
2688195|
2688196|
2688197|
2688198|
2688199|
2688224|
2688225|
2688226|
2688227|
2688228|
2688229|
2688230|
2688231|
2688256|
2688257|
2688258|
2688259|
2688260|
2688261|
2688262|
2688263|
2688288|
2688289|
2688290|
2688291|
2688292|
2688293|
2688294|
2688295|
2688320|
2688321|
2688322|
2688323|
2688324|
2688325|
2688326|
2688327|
2688352|
2688353|
2688354|
2688355|
2688356|
2688357|
2688358|
2688359|
2688384|
2688385|
2688386|
2688387|
2688388|
2688389|
2688390|
2688391|
2688416|
2688417|
2688418|
2688419|
2688420|
2688421|
2688422|
2688423|
2688448|
2688449|
2688450|
2688451|
2688452|
2688453|
2688454|
2688455|
2688480|
2688481|
2688482|
2688483|
2688484|
2688485|
2688486|
2688487|
2688512|
2688513|
2688514|
2688515|
2688516|
2688517|
2688518|
2688519|
2688544|
2688545|
2688546|
2688547|
2688548|
2688549|
2688550|
2688551|
2688576|
2688577|
2688578|
2688579|
2688580|
2688581|
2688582|
2688583|
2688608|
2688609|
2688610|
2688611|
2688612|
2688613|
2688614|
2688615|
2688640|
2688641|
2688642|
2688643|
2688644|
2688645|
2688646|
2688647|
2688672|
2688673|
2688674|
2688675|
2688676|
2688677|
2688678|
2688679|
2688704|
2688705|
2688706|
2688707|
2688708|
2688709|
2688710|
2688711|
2688736|
2688737|
2688738|
2688739|
2688740|
2688741|
2688742|
2688743|
2688768|
2688769|
2688770|
2688771|
2688772|
2688773|
2688774|
2688775|
2688800|
2688801|
2688802|
2688803|
2688804|
2688805|
2688806|
2688807|
2688832|
2688833|
2688834|
2688835|
2688836|
2688837|
2688838|
2688839|
2688864|
2688865|
2688866|
2688867|
2688868|
2688869|
2688870|
2688871|
2688896|
2688897|
2688898|
2688899|
2688900|
2688901|
2688902|
2688903|
2688928|
2688929|
2688930|
2688931|
2688932|
2688933|
2688934|
2688935|
2688960|
2688961|
2688962|
2688963|
2688964|
2688965|
2688966|
2688967|
2688992|
2688993|
2688994|
2688995|
2688996|
2688997|
2688998|
2688999|
2689024|
2689025|
2689026|
2689027|
2689028|
2689029|
2689030|
2689031|
2689056|
2689057|
2689058|
2689059|
2689060|
2689061|
2689062|
2689063|
2689088|
2689089|
2689090|
2689091|
2689092|
2689093|
2689094|
2689095|
2689120|
2689121|
2689122|
2689123|
2689124|
2689125|
2689126|
2689127|
2689152|
2689153|
2689154|
2689155|
2689156|
2689157|
2689158|
2689159|
2689184|
2689185|
2689186|
2689187|
2689188|
2689189|
2689190|
2689191|
2689216|
2689217|
2689218|
2689219|
2689220|
2689221|
2689222|
2689223|
2689248|
2689249|
2689250|
2689251|
2689252|
2689253|
2689254|
2689255|
2689280|
2689281|
2689282|
2689283|
2689284|
2689285|
2689286|
2689287|
2689312|
2689313|
2689314|
2689315|
2689316|
2689317|
2689318|
2689319|
2689344|
2689345|
2689346|
2689347|
2689348|
2689349|
2689350|
2689351|
2689376|
2689377|
2689378|
2689379|
2689380|
2689381|
2689382|
2689383|
2689408|
2689409|
2689410|
2689411|
2689412|
2689413|
2689414|
2689415|
2689440|
2689441|
2689442|
2689443|
2689444|
2689445|
2689446|
2689447|
2689472|
2689473|
2689474|
2689475|
2689476|
2689477|
2689478|
2689479|
2689504|
2689505|
2689506|
2689507|
2689508|
2689509|
2689510|
2689511|
2689536|
2689537|
2689538|
2689539|
2689540|
2689541|
2689542|
2689543|
2689568|
2689569|
2689570|
2689571|
2689572|
2689573|
2689574|
2689575|
2689600|
2689601|
2689602|
2689603|
2689604|
2689605|
2689606|
2689607|
2689632|
2689633|
2689634|
2689635|
2689636|
2689637|
2689638|
2689639|
2689664|
2689665|
2689666|
2689667|
2689668|
2689669|
2689670|
2689671|
2689696|
2689697|
2689698|
2689699|
2689700|
2689701|
2689702|
2689703|
2689728|
2689729|
2689730|
2689731|
2689732|
2689733|
2689734|
2689735|
2689760|
2689761|
2689762|
2689763|
2689764|
2689765|
2689766|
2689767|
2689792|
2689793|
2689794|
2689795|
2689796|
2689797|
2689798|
2689799|
2689824|
2689825|
2689826|
2689827|
2689828|
2689829|
2689830|
2689831|
2689856|
2689857|
2689858|
2689859|
2689860|
2689861|
2689862|
2689863|
2689888|
2689889|
2689890|
2689891|
2689892|
2689893|
2689894|
2689895|
2689920|
2689921|
2689922|
2689923|
2689924|
2689925|
2689926|
2689927|
2689952|
2689953|
2689954|
2689955|
2689956|
2689957|
2689958|
2689959|
2689984|
2689985|
2689986|
2689987|
2689988|
2689989|
2689990|
2689991|
2690016|
2690017|
2690018|
2690019|
2690020|
2690021|
2690022|
2690023|
2690048|
2690049|
2690050|
2690051|
2690052|
2690053|
2690054|
2690055|
2690080|
2690081|
2690082|
2690083|
2690084|
2690085|
2690086|
2690087|
2690112|
2690113|
2690114|
2690115|
2690116|
2690117|
2690118|
2690119|
2690144|
2690145|
2690146|
2690147|
2690148|
2690149|
2690150|
2690151|
2690176|
2690177|
2690178|
2690179|
2690180|
2690181|
2690182|
2690183|
2690208|
2690209|
2690210|
2690211|
2690212|
2690213|
2690214|
2690215|
2690240|
2690241|
2690242|
2690243|
2690244|
2690245|
2690246|
2690247|
2690272|
2690273|
2690274|
2690275|
2690276|
2690277|
2690278|
2690279|
2690304|
2690305|
2690306|
2690307|
2690308|
2690309|
2690310|
2690311|
2690336|
2690337|
2690338|
2690339|
2690340|
2690341|
2690342|
2690343|
2690368|
2690369|
2690370|
2690371|
2690372|
2690373|
2690374|
2690375|
2690400|
2690401|
2690402|
2690403|
2690404|
2690405|
2690406|
2690407|
2690432|
2690433|
2690434|
2690435|
2690436|
2690437|
2690438|
2690439|
2690464|
2690465|
2690466|
2690467|
2690468|
2690469|
2690470|
2690471|
2690496|
2690497|
2690498|
2690499|
2690500|
2690501|
2690502|
2690503|
2690528|
2690529|
2690530|
2690531|
2690532|
2690533|
2690534|
2690535|
2690560|
2690561|
2690562|
2690563|
2690564|
2690565|
2690566|
2690567|
2690592|
2690593|
2690594|
2690595|
2690596|
2690597|
2690598|
2690599|
2690624|
2690625|
2690626|
2690627|
2690628|
2690629|
2690630|
2690631|
2690656|
2690657|
2690658|
2690659|
2690660|
2690661|
2690662|
2690663|
2690688|
2690689|
2690690|
2690691|
2690692|
2690693|
2690694|
2690695|
2690720|
2690721|
2690722|
2690723|
2690724|
2690725|
2690726|
2690727|
2690752|
2690753|
2690754|
2690755|
2690756|
2690757|
2690758|
2690759|
2690784|
2690785|
2690786|
2690787|
2690788|
2690789|
2690790|
2690791|
2690816|
2690817|
2690818|
2690819|
2690820|
2690821|
2690822|
2690823|
2690848|
2690849|
2690850|
2690851|
2690852|
2690853|
2690854|
2690855|
2690880|
2690881|
2690882|
2690883|
2690884|
2690885|
2690886|
2690887|
2690912|
2690913|
2690914|
2690915|
2690916|
2690917|
2690918|
2690919|
2690944|
2690945|
2690946|
2690947|
2690948|
2690949|
2690950|
2690951|
2690976|
2690977|
2690978|
2690979|
2690980|
2690981|
2690982|
2690983|
2691008|
2691009|
2691010|
2691011|
2691012|
2691013|
2691014|
2691015|
2691040|
2691041|
2691042|
2691043|
2691044|
2691045|
2691046|
2691047|
2691072|
2691073|
2691074|
2691075|
2691076|
2691077|
2691078|
2691079|
2691104|
2691105|
2691106|
2691107|
2691108|
2691109|
2691110|
2691111|
2691136|
2691137|
2691138|
2691139|
2691140|
2691141|
2691142|
2691143|
2691168|
2691169|
2691170|
2691171|
2691172|
2691173|
2691174|
2691175|
2691200|
2691201|
2691202|
2691203|
2691204|
2691205|
2691206|
2691207|
2691232|
2691233|
2691234|
2691235|
2691236|
2691237|
2691238|
2691239|
2691264|
2691265|
2691266|
2691267|
2691268|
2691269|
2691270|
2691271|
2691296|
2691297|
2691298|
2691299|
2691300|
2691301|
2691302|
2691303|
2691328|
2691329|
2691330|
2691331|
2691332|
2691333|
2691334|
2691335|
2691360|
2691361|
2691362|
2691363|
2691364|
2691365|
2691366|
2691367|
2691392|
2691393|
2691394|
2691395|
2691396|
2691397|
2691398|
2691399|
2691424|
2691425|
2691426|
2691427|
2691428|
2691429|
2691430|
2691431|
2691456|
2691457|
2691458|
2691459|
2691460|
2691461|
2691462|
2691463|
2691488|
2691489|
2691490|
2691491|
2691492|
2691493|
2691494|
2691495|
2691520|
2691521|
2691522|
2691523|
2691524|
2691525|
2691526|
2691527|
2691552|
2691553|
2691554|
2691555|
2691556|
2691557|
2691558|
2691559|
2691584|
2691585|
2691586|
2691587|
2691588|
2691589|
2691590|
2691591|
2691616|
2691617|
2691618|
2691619|
2691620|
2691621|
2691622|
2691623|
2691648|
2691649|
2691650|
2691651|
2691652|
2691653|
2691654|
2691655|
2691680|
2691681|
2691682|
2691683|
2691684|
2691685|
2691686|
2691687|
2691712|
2691713|
2691714|
2691715|
2691716|
2691717|
2691718|
2691719|
2691744|
2691745|
2691746|
2691747|
2691748|
2691749|
2691750|
2691751|
2691776|
2691777|
2691778|
2691779|
2691780|
2691781|
2691782|
2691783|
2691808|
2691809|
2691810|
2691811|
2691812|
2691813|
2691814|
2691815|
2691840|
2691841|
2691842|
2691843|
2691844|
2691845|
2691846|
2691847|
2691872|
2691873|
2691874|
2691875|
2691876|
2691877|
2691878|
2691879|
2691904|
2691905|
2691906|
2691907|
2691908|
2691909|
2691910|
2691911|
2691936|
2691937|
2691938|
2691939|
2691940|
2691941|
2691942|
2691943|
2691968|
2691969|
2691970|
2691971|
2691972|
2691973|
2691974|
2691975|
2692000|
2692001|
2692002|
2692003|
2692004|
2692005|
2692006|
2692007|
2692032|
2692033|
2692034|
2692035|
2692036|
2692037|
2692038|
2692039|
2692064|
2692065|
2692066|
2692067|
2692068|
2692069|
2692070|
2692071|
2692096|
2692097|
2692098|
2692099|
2692100|
2692101|
2692102|
2692103|
2692128|
2692129|
2692130|
2692131|
2692132|
2692133|
2692134|
2692135|
2692160|
2692161|
2692162|
2692163|
2692164|
2692165|
2692166|
2692167|
2692192|
2692193|
2692194|
2692195|
2692196|
2692197|
2692198|
2692199|
2692224|
2692225|
2692226|
2692227|
2692228|
2692229|
2692230|
2692231|
2692256|
2692257|
2692258|
2692259|
2692260|
2692261|
2692262|
2692263|
2692288|
2692289|
2692290|
2692291|
2692292|
2692293|
2692294|
2692295|
2692320|
2692321|
2692322|
2692323|
2692324|
2692325|
2692326|
2692327|
2692352|
2692353|
2692354|
2692355|
2692356|
2692357|
2692358|
2692359|
2692384|
2692385|
2692386|
2692387|
2692388|
2692389|
2692390|
2692391|
2692416|
2692417|
2692418|
2692419|
2692420|
2692421|
2692422|
2692423|
2692448|
2692449|
2692450|
2692451|
2692452|
2692453|
2692454|
2692455|
2692480|
2692481|
2692482|
2692483|
2692484|
2692485|
2692486|
2692487|
2692512|
2692513|
2692514|
2692515|
2692516|
2692517|
2692518|
2692519|
2692544|
2692545|
2692546|
2692547|
2692548|
2692549|
2692550|
2692551|
2692576|
2692577|
2692578|
2692579|
2692580|
2692581|
2692582|
2692583|
2692608|
2692609|
2692610|
2692611|
2692612|
2692613|
2692614|
2692615|
2692640|
2692641|
2692642|
2692643|
2692644|
2692645|
2692646|
2692647|
2692672|
2692673|
2692674|
2692675|
2692676|
2692677|
2692678|
2692679|
2692704|
2692705|
2692706|
2692707|
2692708|
2692709|
2692710|
2692711|
2692736|
2692737|
2692738|
2692739|
2692740|
2692741|
2692742|
2692743|
2692768|
2692769|
2692770|
2692771|
2692772|
2692773|
2692774|
2692775|
2692800|
2692801|
2692802|
2692803|
2692804|
2692805|
2692806|
2692807|
2692832|
2692833|
2692834|
2692835|
2692836|
2692837|
2692838|
2692839|
2692864|
2692865|
2692866|
2692867|
2692868|
2692869|
2692870|
2692871|
2692896|
2692897|
2692898|
2692899|
2692900|
2692901|
2692902|
2692903|
2692928|
2692929|
2692930|
2692931|
2692932|
2692933|
2692934|
2692935|
2692960|
2692961|
2692962|
2692963|
2692964|
2692965|
2692966|
2692967|
2692992|
2692993|
2692994|
2692995|
2692996|
2692997|
2692998|
2692999|
2693024|
2693025|
2693026|
2693027|
2693028|
2693029|
2693030|
2693031|
2693056|
2693057|
2693058|
2693059|
2693060|
2693061|
2693062|
2693063|
2693088|
2693089|
2693090|
2693091|
2693092|
2693093|
2693094|
2693095|
2693120|
2693121|
2693122|
2693123|
2693124|
2693125|
2693126|
2693127|
2693152|
2693153|
2693154|
2693155|
2693156|
2693157|
2693158|
2693159|
2693184|
2693185|
2693186|
2693187|
2693188|
2693189|
2693190|
2693191|
2693216|
2693217|
2693218|
2693219|
2693220|
2693221|
2693222|
2693223|
2693248|
2693249|
2693250|
2693251|
2693252|
2693253|
2693254|
2693255|
2693280|
2693281|
2693282|
2693283|
2693284|
2693285|
2693286|
2693287|
2693312|
2693313|
2693314|
2693315|
2693316|
2693317|
2693318|
2693319|
2693344|
2693345|
2693346|
2693347|
2693348|
2693349|
2693350|
2693351|
2693376|
2693377|
2693378|
2693379|
2693380|
2693381|
2693382|
2693383|
2693408|
2693409|
2693410|
2693411|
2693412|
2693413|
2693414|
2693415|
2693440|
2693441|
2693442|
2693443|
2693444|
2693445|
2693446|
2693447|
2693472|
2693473|
2693474|
2693475|
2693476|
2693477|
2693478|
2693479|
2693504|
2693505|
2693506|
2693507|
2693508|
2693509|
2693510|
2693511|
2693536|
2693537|
2693538|
2693539|
2693540|
2693541|
2693542|
2693543|
2693568|
2693569|
2693570|
2693571|
2693572|
2693573|
2693574|
2693575|
2693600|
2693601|
2693602|
2693603|
2693604|
2693605|
2693606|
2693607|
2693632|
2693633|
2693634|
2693635|
2693636|
2693637|
2693638|
2693639|
2693664|
2693665|
2693666|
2693667|
2693668|
2693669|
2693670|
2693671|
2693696|
2693697|
2693698|
2693699|
2693700|
2693701|
2693702|
2693703|
2693728|
2693729|
2693730|
2693731|
2693732|
2693733|
2693734|
2693735|
2693760|
2693761|
2693762|
2693763|
2693764|
2693765|
2693766|
2693767|
2693792|
2693793|
2693794|
2693795|
2693796|
2693797|
2693798|
2693799|
2693824|
2693825|
2693826|
2693827|
2693828|
2693829|
2693830|
2693831|
2693856|
2693857|
2693858|
2693859|
2693860|
2693861|
2693862|
2693863|
2693888|
2693889|
2693890|
2693891|
2693892|
2693893|
2693894|
2693895|
2693920|
2693921|
2693922|
2693923|
2693924|
2693925|
2693926|
2693927|
2693952|
2693953|
2693954|
2693955|
2693956|
2693957|
2693958|
2693959|
2693984|
2693985|
2693986|
2693987|
2693988|
