660001|
660002|
660003|
660004|
660005|
660006|
660007|
660032|
660033|
660034|
660035|
660036|
660037|
660038|
660039|
660064|
660065|
660066|
660067|
660068|
660069|
660070|
660071|
660096|
660097|
660098|
660099|
660100|
660101|
660102|
660103|
660128|
660129|
660130|
660131|
660132|
660133|
660134|
660135|
660160|
660161|
660162|
660163|
660164|
660165|
660166|
660167|
660192|
660193|
660194|
660195|
660196|
660197|
660198|
660199|
660224|
660225|
660226|
660227|
660228|
660229|
660230|
660231|
660256|
660257|
660258|
660259|
660260|
660261|
660262|
660263|
660288|
660289|
660290|
660291|
660292|
660293|
660294|
660295|
660320|
660321|
660322|
660323|
660324|
660325|
660326|
660327|
660352|
660353|
660354|
660355|
660356|
660357|
660358|
660359|
660384|
660385|
660386|
660387|
660388|
660389|
660390|
660391|
660416|
660417|
660418|
660419|
660420|
660421|
660422|
660423|
660448|
660449|
660450|
660451|
660452|
660453|
660454|
660455|
660480|
660481|
660482|
660483|
660484|
660485|
660486|
660487|
660512|
660513|
660514|
660515|
660516|
660517|
660518|
660519|
660544|
660545|
660546|
660547|
660548|
660549|
660550|
660551|
660576|
660577|
660578|
660579|
660580|
660581|
660582|
660583|
660608|
660609|
660610|
660611|
660612|
660613|
660614|
660615|
660640|
660641|
660642|
660643|
660644|
660645|
660646|
660647|
660672|
660673|
660674|
660675|
660676|
660677|
660678|
660679|
660704|
660705|
660706|
660707|
660708|
660709|
660710|
660711|
660736|
660737|
660738|
660739|
660740|
660741|
660742|
660743|
660768|
660769|
660770|
660771|
660772|
660773|
660774|
660775|
660800|
660801|
660802|
660803|
660804|
660805|
660806|
660807|
660832|
660833|
660834|
660835|
660836|
660837|
660838|
660839|
660864|
660865|
660866|
660867|
660868|
660869|
660870|
660871|
660896|
660897|
660898|
660899|
660900|
660901|
660902|
660903|
660928|
660929|
660930|
660931|
660932|
660933|
660934|
660935|
660960|
660961|
660962|
660963|
660964|
660965|
660966|
660967|
660992|
660993|
660994|
660995|
660996|
660997|
660998|
660999|
661024|
661025|
661026|
661027|
661028|
661029|
661030|
661031|
661056|
661057|
661058|
661059|
661060|
661061|
661062|
661063|
661088|
661089|
661090|
661091|
661092|
661093|
661094|
661095|
661120|
661121|
661122|
661123|
661124|
661125|
661126|
661127|
661152|
661153|
661154|
661155|
661156|
661157|
661158|
661159|
661184|
661185|
661186|
661187|
661188|
661189|
661190|
661191|
661216|
661217|
661218|
661219|
661220|
661221|
661222|
661223|
661248|
661249|
661250|
661251|
661252|
661253|
661254|
661255|
661280|
661281|
661282|
661283|
661284|
661285|
661286|
661287|
661312|
661313|
661314|
661315|
661316|
661317|
661318|
661319|
661344|
661345|
661346|
661347|
661348|
661349|
661350|
661351|
661376|
661377|
661378|
661379|
661380|
661381|
661382|
661383|
661408|
661409|
661410|
661411|
661412|
661413|
661414|
661415|
661440|
661441|
661442|
661443|
661444|
661445|
661446|
661447|
661472|
661473|
661474|
661475|
661476|
661477|
661478|
661479|
661504|
661505|
661506|
661507|
661508|
661509|
661510|
661511|
661536|
661537|
661538|
661539|
661540|
661541|
661542|
661543|
661568|
661569|
661570|
661571|
661572|
661573|
661574|
661575|
661600|
661601|
661602|
661603|
661604|
661605|
661606|
661607|
661632|
661633|
661634|
661635|
661636|
661637|
661638|
661639|
661664|
661665|
661666|
661667|
661668|
661669|
661670|
661671|
661696|
661697|
661698|
661699|
661700|
661701|
661702|
661703|
661728|
661729|
661730|
661731|
661732|
661733|
661734|
661735|
661760|
661761|
661762|
661763|
661764|
661765|
661766|
661767|
661792|
661793|
661794|
661795|
661796|
661797|
661798|
661799|
661824|
661825|
661826|
661827|
661828|
661829|
661830|
661831|
661856|
661857|
661858|
661859|
661860|
661861|
661862|
661863|
661888|
661889|
661890|
661891|
661892|
661893|
661894|
661895|
661920|
661921|
661922|
661923|
661924|
661925|
661926|
661927|
661952|
661953|
661954|
661955|
661956|
661957|
661958|
661959|
661984|
661985|
661986|
661987|
661988|
661989|
661990|
661991|
662016|
662017|
662018|
662019|
662020|
662021|
662022|
662023|
662048|
662049|
662050|
662051|
662052|
662053|
662054|
662055|
662080|
662081|
662082|
662083|
662084|
662085|
662086|
662087|
662112|
662113|
662114|
662115|
662116|
662117|
662118|
662119|
662144|
662145|
662146|
662147|
662148|
662149|
662150|
662151|
662176|
662177|
662178|
662179|
662180|
662181|
662182|
662183|
662208|
662209|
662210|
662211|
662212|
662213|
662214|
662215|
662240|
662241|
662242|
662243|
662244|
662245|
662246|
662247|
662272|
662273|
662274|
662275|
662276|
662277|
662278|
662279|
662304|
662305|
662306|
662307|
662308|
662309|
662310|
662311|
662336|
662337|
662338|
662339|
662340|
662341|
662342|
662343|
662368|
662369|
662370|
662371|
662372|
662373|
662374|
662375|
662400|
662401|
662402|
662403|
662404|
662405|
662406|
662407|
662432|
662433|
662434|
662435|
662436|
662437|
662438|
662439|
662464|
662465|
662466|
662467|
662468|
662469|
662470|
662471|
662496|
662497|
662498|
662499|
662500|
662501|
662502|
662503|
662528|
662529|
662530|
662531|
662532|
662533|
662534|
662535|
662560|
662561|
662562|
662563|
662564|
662565|
662566|
662567|
662592|
662593|
662594|
662595|
662596|
662597|
662598|
662599|
662624|
662625|
662626|
662627|
662628|
662629|
662630|
662631|
662656|
662657|
662658|
662659|
662660|
662661|
662662|
662663|
662688|
662689|
662690|
662691|
662692|
662693|
662694|
662695|
662720|
662721|
662722|
662723|
662724|
662725|
662726|
662727|
662752|
662753|
662754|
662755|
662756|
662757|
662758|
662759|
662784|
662785|
662786|
662787|
662788|
662789|
662790|
662791|
662816|
662817|
662818|
662819|
662820|
662821|
662822|
662823|
662848|
662849|
662850|
662851|
662852|
662853|
662854|
662855|
662880|
662881|
662882|
662883|
662884|
662885|
662886|
662887|
662912|
662913|
662914|
662915|
662916|
662917|
662918|
662919|
662944|
662945|
662946|
662947|
662948|
662949|
662950|
662951|
662976|
662977|
662978|
662979|
662980|
662981|
662982|
662983|
663008|
663009|
663010|
663011|
663012|
663013|
663014|
663015|
663040|
663041|
663042|
663043|
663044|
663045|
663046|
663047|
663072|
663073|
663074|
663075|
663076|
663077|
663078|
663079|
663104|
663105|
663106|
663107|
663108|
663109|
663110|
663111|
663136|
663137|
663138|
663139|
663140|
663141|
663142|
663143|
663168|
663169|
663170|
663171|
663172|
663173|
663174|
663175|
663200|
663201|
663202|
663203|
663204|
663205|
663206|
663207|
663232|
663233|
663234|
663235|
663236|
663237|
663238|
663239|
663264|
663265|
663266|
663267|
663268|
663269|
663270|
663271|
663296|
663297|
663298|
663299|
663300|
663301|
663302|
663303|
663328|
663329|
663330|
663331|
663332|
663333|
663334|
663335|
663360|
663361|
663362|
663363|
663364|
663365|
663366|
663367|
663392|
663393|
663394|
663395|
663396|
663397|
663398|
663399|
663424|
663425|
663426|
663427|
663428|
663429|
663430|
663431|
663456|
663457|
663458|
663459|
663460|
663461|
663462|
663463|
663488|
663489|
663490|
663491|
663492|
663493|
663494|
663495|
663520|
663521|
663522|
663523|
663524|
663525|
663526|
663527|
663552|
663553|
663554|
663555|
663556|
663557|
663558|
663559|
663584|
663585|
663586|
663587|
663588|
663589|
663590|
663591|
663616|
663617|
663618|
663619|
663620|
663621|
663622|
663623|
663648|
663649|
663650|
663651|
663652|
663653|
663654|
663655|
663680|
663681|
663682|
663683|
663684|
663685|
663686|
663687|
663712|
663713|
663714|
663715|
663716|
663717|
663718|
663719|
663744|
663745|
663746|
663747|
663748|
663749|
663750|
663751|
663776|
663777|
663778|
663779|
663780|
663781|
663782|
663783|
663808|
663809|
663810|
663811|
663812|
663813|
663814|
663815|
663840|
663841|
663842|
663843|
663844|
663845|
663846|
663847|
663872|
663873|
663874|
663875|
663876|
663877|
663878|
663879|
663904|
663905|
663906|
663907|
663908|
663909|
663910|
663911|
663936|
663937|
663938|
663939|
663940|
663941|
663942|
663943|
663968|
663969|
663970|
663971|
663972|
663973|
663974|
663975|
664000|
664001|
664002|
664003|
664004|
664005|
664006|
664007|
664032|
664033|
664034|
664035|
664036|
664037|
664038|
664039|
664064|
664065|
664066|
664067|
664068|
664069|
664070|
664071|
664096|
664097|
664098|
664099|
664100|
664101|
664102|
664103|
664128|
664129|
664130|
664131|
664132|
664133|
664134|
664135|
664160|
664161|
664162|
664163|
664164|
664165|
664166|
664167|
664192|
664193|
664194|
664195|
664196|
664197|
664198|
664199|
664224|
664225|
664226|
664227|
664228|
664229|
664230|
664231|
664256|
664257|
664258|
664259|
664260|
664261|
664262|
664263|
664288|
664289|
664290|
664291|
664292|
664293|
664294|
664295|
664320|
664321|
664322|
664323|
664324|
664325|
664326|
664327|
664352|
664353|
664354|
664355|
664356|
664357|
664358|
664359|
664384|
664385|
664386|
664387|
664388|
664389|
664390|
664391|
664416|
664417|
664418|
664419|
664420|
664421|
664422|
664423|
664448|
664449|
664450|
664451|
664452|
664453|
664454|
664455|
664480|
664481|
664482|
664483|
664484|
664485|
664486|
664487|
664512|
664513|
664514|
664515|
664516|
664517|
664518|
664519|
664544|
664545|
664546|
664547|
664548|
664549|
664550|
664551|
664576|
664577|
664578|
664579|
664580|
664581|
664582|
664583|
664608|
664609|
664610|
664611|
664612|
664613|
664614|
664615|
664640|
664641|
664642|
664643|
664644|
664645|
664646|
664647|
664672|
664673|
664674|
664675|
664676|
664677|
664678|
664679|
664704|
664705|
664706|
664707|
664708|
664709|
664710|
664711|
664736|
664737|
664738|
664739|
664740|
664741|
664742|
664743|
664768|
664769|
664770|
664771|
664772|
664773|
664774|
664775|
664800|
664801|
664802|
664803|
664804|
664805|
664806|
664807|
664832|
664833|
664834|
664835|
664836|
664837|
664838|
664839|
664864|
664865|
664866|
664867|
664868|
664869|
664870|
664871|
664896|
664897|
664898|
664899|
664900|
664901|
664902|
664903|
664928|
664929|
664930|
664931|
664932|
664933|
664934|
664935|
664960|
664961|
664962|
664963|
664964|
664965|
664966|
664967|
664992|
664993|
664994|
664995|
664996|
664997|
664998|
664999|
665024|
665025|
665026|
665027|
665028|
665029|
665030|
665031|
665056|
665057|
665058|
665059|
665060|
665061|
665062|
665063|
665088|
665089|
665090|
665091|
665092|
665093|
665094|
665095|
665120|
665121|
665122|
665123|
665124|
665125|
665126|
665127|
665152|
665153|
665154|
665155|
665156|
665157|
665158|
665159|
665184|
665185|
665186|
665187|
665188|
665189|
665190|
665191|
665216|
665217|
665218|
665219|
665220|
665221|
665222|
665223|
665248|
665249|
665250|
665251|
665252|
665253|
665254|
665255|
665280|
665281|
665282|
665283|
665284|
665285|
665286|
665287|
665312|
665313|
665314|
665315|
665316|
665317|
665318|
665319|
665344|
665345|
665346|
665347|
665348|
665349|
665350|
665351|
665376|
665377|
665378|
665379|
665380|
665381|
665382|
665383|
665408|
665409|
665410|
665411|
665412|
665413|
665414|
665415|
665440|
665441|
665442|
665443|
665444|
665445|
665446|
665447|
665472|
665473|
665474|
665475|
665476|
665477|
665478|
665479|
665504|
665505|
665506|
665507|
665508|
665509|
665510|
665511|
665536|
665537|
665538|
665539|
665540|
665541|
665542|
665543|
665568|
665569|
665570|
665571|
665572|
665573|
665574|
665575|
665600|
665601|
665602|
665603|
665604|
665605|
665606|
665607|
665632|
665633|
665634|
665635|
665636|
665637|
665638|
665639|
665664|
665665|
665666|
665667|
665668|
665669|
665670|
665671|
665696|
665697|
665698|
665699|
665700|
665701|
665702|
665703|
665728|
665729|
665730|
665731|
665732|
665733|
665734|
665735|
665760|
665761|
665762|
665763|
665764|
665765|
665766|
665767|
665792|
665793|
665794|
665795|
665796|
665797|
665798|
665799|
665824|
665825|
665826|
665827|
665828|
665829|
665830|
665831|
665856|
665857|
665858|
665859|
665860|
665861|
665862|
665863|
665888|
665889|
665890|
665891|
665892|
665893|
665894|
665895|
665920|
665921|
665922|
665923|
665924|
665925|
665926|
665927|
665952|
665953|
665954|
665955|
665956|
665957|
665958|
665959|
665984|
665985|
665986|
665987|
665988|
