2129989|
2129990|
2129991|
2130016|
2130017|
2130018|
2130019|
2130020|
2130021|
2130022|
2130023|
2130048|
2130049|
2130050|
2130051|
2130052|
2130053|
2130054|
2130055|
2130080|
2130081|
2130082|
2130083|
2130084|
2130085|
2130086|
2130087|
2130112|
2130113|
2130114|
2130115|
2130116|
2130117|
2130118|
2130119|
2130144|
2130145|
2130146|
2130147|
2130148|
2130149|
2130150|
2130151|
2130176|
2130177|
2130178|
2130179|
2130180|
2130181|
2130182|
2130183|
2130208|
2130209|
2130210|
2130211|
2130212|
2130213|
2130214|
2130215|
2130240|
2130241|
2130242|
2130243|
2130244|
2130245|
2130246|
2130247|
2130272|
2130273|
2130274|
2130275|
2130276|
2130277|
2130278|
2130279|
2130304|
2130305|
2130306|
2130307|
2130308|
2130309|
2130310|
2130311|
2130336|
2130337|
2130338|
2130339|
2130340|
2130341|
2130342|
2130343|
2130368|
2130369|
2130370|
2130371|
2130372|
2130373|
2130374|
2130375|
2130400|
2130401|
2130402|
2130403|
2130404|
2130405|
2130406|
2130407|
2130432|
2130433|
2130434|
2130435|
2130436|
2130437|
2130438|
2130439|
2130464|
2130465|
2130466|
2130467|
2130468|
2130469|
2130470|
2130471|
2130496|
2130497|
2130498|
2130499|
2130500|
2130501|
2130502|
2130503|
2130528|
2130529|
2130530|
2130531|
2130532|
2130533|
2130534|
2130535|
2130560|
2130561|
2130562|
2130563|
2130564|
2130565|
2130566|
2130567|
2130592|
2130593|
2130594|
2130595|
2130596|
2130597|
2130598|
2130599|
2130624|
2130625|
2130626|
2130627|
2130628|
2130629|
2130630|
2130631|
2130656|
2130657|
2130658|
2130659|
2130660|
2130661|
2130662|
2130663|
2130688|
2130689|
2130690|
2130691|
2130692|
2130693|
2130694|
2130695|
2130720|
2130721|
2130722|
2130723|
2130724|
2130725|
2130726|
2130727|
2130752|
2130753|
2130754|
2130755|
2130756|
2130757|
2130758|
2130759|
2130784|
2130785|
2130786|
2130787|
2130788|
2130789|
2130790|
2130791|
2130816|
2130817|
2130818|
2130819|
2130820|
2130821|
2130822|
2130823|
2130848|
2130849|
2130850|
2130851|
2130852|
2130853|
2130854|
2130855|
2130880|
2130881|
2130882|
2130883|
2130884|
2130885|
2130886|
2130887|
2130912|
2130913|
2130914|
2130915|
2130916|
2130917|
2130918|
2130919|
2130944|
2130945|
2130946|
2130947|
2130948|
2130949|
2130950|
2130951|
2130976|
2130977|
2130978|
2130979|
2130980|
2130981|
2130982|
2130983|
2131008|
2131009|
2131010|
2131011|
2131012|
2131013|
2131014|
2131015|
2131040|
2131041|
2131042|
2131043|
2131044|
2131045|
2131046|
2131047|
2131072|
2131073|
2131074|
2131075|
2131076|
2131077|
2131078|
2131079|
2131104|
2131105|
2131106|
2131107|
2131108|
2131109|
2131110|
2131111|
2131136|
2131137|
2131138|
2131139|
2131140|
2131141|
2131142|
2131143|
2131168|
2131169|
2131170|
2131171|
2131172|
2131173|
2131174|
2131175|
2131200|
2131201|
2131202|
2131203|
2131204|
2131205|
2131206|
2131207|
2131232|
2131233|
2131234|
2131235|
2131236|
2131237|
2131238|
2131239|
2131264|
2131265|
2131266|
2131267|
2131268|
2131269|
2131270|
2131271|
2131296|
2131297|
2131298|
2131299|
2131300|
2131301|
2131302|
2131303|
2131328|
2131329|
2131330|
2131331|
2131332|
2131333|
2131334|
2131335|
2131360|
2131361|
2131362|
2131363|
2131364|
2131365|
2131366|
2131367|
2131392|
2131393|
2131394|
2131395|
2131396|
2131397|
2131398|
2131399|
2131424|
2131425|
2131426|
2131427|
2131428|
2131429|
2131430|
2131431|
2131456|
2131457|
2131458|
2131459|
2131460|
2131461|
2131462|
2131463|
2131488|
2131489|
2131490|
2131491|
2131492|
2131493|
2131494|
2131495|
2131520|
2131521|
2131522|
2131523|
2131524|
2131525|
2131526|
2131527|
2131552|
2131553|
2131554|
2131555|
2131556|
2131557|
2131558|
2131559|
2131584|
2131585|
2131586|
2131587|
2131588|
2131589|
2131590|
2131591|
2131616|
2131617|
2131618|
2131619|
2131620|
2131621|
2131622|
2131623|
2131648|
2131649|
2131650|
2131651|
2131652|
2131653|
2131654|
2131655|
2131680|
2131681|
2131682|
2131683|
2131684|
2131685|
2131686|
2131687|
2131712|
2131713|
2131714|
2131715|
2131716|
2131717|
2131718|
2131719|
2131744|
2131745|
2131746|
2131747|
2131748|
2131749|
2131750|
2131751|
2131776|
2131777|
2131778|
2131779|
2131780|
2131781|
2131782|
2131783|
2131808|
2131809|
2131810|
2131811|
2131812|
2131813|
2131814|
2131815|
2131840|
2131841|
2131842|
2131843|
2131844|
2131845|
2131846|
2131847|
2131872|
2131873|
2131874|
2131875|
2131876|
2131877|
2131878|
2131879|
2131904|
2131905|
2131906|
2131907|
2131908|
2131909|
2131910|
2131911|
2131936|
2131937|
2131938|
2131939|
2131940|
2131941|
2131942|
2131943|
2131968|
2131969|
2131970|
2131971|
2131972|
2131973|
2131974|
2131975|
2132000|
2132001|
2132002|
2132003|
2132004|
2132005|
2132006|
2132007|
2132032|
2132033|
2132034|
2132035|
2132036|
2132037|
2132038|
2132039|
2132064|
2132065|
2132066|
2132067|
2132068|
2132069|
2132070|
2132071|
2132096|
2132097|
2132098|
2132099|
2132100|
2132101|
2132102|
2132103|
2132128|
2132129|
2132130|
2132131|
2132132|
2132133|
2132134|
2132135|
2132160|
2132161|
2132162|
2132163|
2132164|
2132165|
2132166|
2132167|
2132192|
2132193|
2132194|
2132195|
2132196|
2132197|
2132198|
2132199|
2132224|
2132225|
2132226|
2132227|
2132228|
2132229|
2132230|
2132231|
2132256|
2132257|
2132258|
2132259|
2132260|
2132261|
2132262|
2132263|
2132288|
2132289|
2132290|
2132291|
2132292|
2132293|
2132294|
2132295|
2132320|
2132321|
2132322|
2132323|
2132324|
2132325|
2132326|
2132327|
2132352|
2132353|
2132354|
2132355|
2132356|
2132357|
2132358|
2132359|
2132384|
2132385|
2132386|
2132387|
2132388|
2132389|
2132390|
2132391|
2132416|
2132417|
2132418|
2132419|
2132420|
2132421|
2132422|
2132423|
2132448|
2132449|
2132450|
2132451|
2132452|
2132453|
2132454|
2132455|
2132480|
2132481|
2132482|
2132483|
2132484|
2132485|
2132486|
2132487|
2132512|
2132513|
2132514|
2132515|
2132516|
2132517|
2132518|
2132519|
2132544|
2132545|
2132546|
2132547|
2132548|
2132549|
2132550|
2132551|
2132576|
2132577|
2132578|
2132579|
2132580|
2132581|
2132582|
2132583|
2132608|
2132609|
2132610|
2132611|
2132612|
2132613|
2132614|
2132615|
2132640|
2132641|
2132642|
2132643|
2132644|
2132645|
2132646|
2132647|
2132672|
2132673|
2132674|
2132675|
2132676|
2132677|
2132678|
2132679|
2132704|
2132705|
2132706|
2132707|
2132708|
2132709|
2132710|
2132711|
2132736|
2132737|
2132738|
2132739|
2132740|
2132741|
2132742|
2132743|
2132768|
2132769|
2132770|
2132771|
2132772|
2132773|
2132774|
2132775|
2132800|
2132801|
2132802|
2132803|
2132804|
2132805|
2132806|
2132807|
2132832|
2132833|
2132834|
2132835|
2132836|
2132837|
2132838|
2132839|
2132864|
2132865|
2132866|
2132867|
2132868|
2132869|
2132870|
2132871|
2132896|
2132897|
2132898|
2132899|
2132900|
2132901|
2132902|
2132903|
2132928|
2132929|
2132930|
2132931|
2132932|
2132933|
2132934|
2132935|
2132960|
2132961|
2132962|
2132963|
2132964|
2132965|
2132966|
2132967|
2132992|
2132993|
2132994|
2132995|
2132996|
2132997|
2132998|
2132999|
2133024|
2133025|
2133026|
2133027|
2133028|
2133029|
2133030|
2133031|
2133056|
2133057|
2133058|
2133059|
2133060|
2133061|
2133062|
2133063|
2133088|
2133089|
2133090|
2133091|
2133092|
2133093|
2133094|
2133095|
2133120|
2133121|
2133122|
2133123|
2133124|
2133125|
2133126|
2133127|
2133152|
2133153|
2133154|
2133155|
2133156|
2133157|
2133158|
2133159|
2133184|
2133185|
2133186|
2133187|
2133188|
2133189|
2133190|
2133191|
2133216|
2133217|
2133218|
2133219|
2133220|
2133221|
2133222|
2133223|
2133248|
2133249|
2133250|
2133251|
2133252|
2133253|
2133254|
2133255|
2133280|
2133281|
2133282|
2133283|
2133284|
2133285|
2133286|
2133287|
2133312|
2133313|
2133314|
2133315|
2133316|
2133317|
2133318|
2133319|
2133344|
2133345|
2133346|
2133347|
2133348|
2133349|
2133350|
2133351|
2133376|
2133377|
2133378|
2133379|
2133380|
2133381|
2133382|
2133383|
2133408|
2133409|
2133410|
2133411|
2133412|
2133413|
2133414|
2133415|
2133440|
2133441|
2133442|
2133443|
2133444|
2133445|
2133446|
2133447|
2133472|
2133473|
2133474|
2133475|
2133476|
2133477|
2133478|
2133479|
2133504|
2133505|
2133506|
2133507|
2133508|
2133509|
2133510|
2133511|
2133536|
2133537|
2133538|
2133539|
2133540|
2133541|
2133542|
2133543|
2133568|
2133569|
2133570|
2133571|
2133572|
2133573|
2133574|
2133575|
2133600|
2133601|
2133602|
2133603|
2133604|
2133605|
2133606|
2133607|
2133632|
2133633|
2133634|
2133635|
2133636|
2133637|
2133638|
2133639|
2133664|
2133665|
2133666|
2133667|
2133668|
2133669|
2133670|
2133671|
2133696|
2133697|
2133698|
2133699|
2133700|
2133701|
2133702|
2133703|
2133728|
2133729|
2133730|
2133731|
2133732|
2133733|
2133734|
2133735|
2133760|
2133761|
2133762|
2133763|
2133764|
2133765|
2133766|
2133767|
2133792|
2133793|
2133794|
2133795|
2133796|
2133797|
2133798|
2133799|
2133824|
2133825|
2133826|
2133827|
2133828|
2133829|
2133830|
2133831|
2133856|
2133857|
2133858|
2133859|
2133860|
2133861|
2133862|
2133863|
2133888|
2133889|
2133890|
2133891|
2133892|
2133893|
2133894|
2133895|
2133920|
2133921|
2133922|
2133923|
2133924|
2133925|
2133926|
2133927|
2133952|
2133953|
2133954|
2133955|
2133956|
2133957|
2133958|
2133959|
2133984|
2133985|
2133986|
2133987|
2133988|
2133989|
2133990|
2133991|
2134016|
2134017|
2134018|
2134019|
2134020|
2134021|
2134022|
2134023|
2134048|
2134049|
2134050|
2134051|
2134052|
2134053|
2134054|
2134055|
2134080|
2134081|
2134082|
2134083|
2134084|
2134085|
2134086|
2134087|
2134112|
2134113|
2134114|
2134115|
2134116|
2134117|
2134118|
2134119|
2134144|
2134145|
2134146|
2134147|
2134148|
2134149|
2134150|
2134151|
2134176|
2134177|
2134178|
2134179|
2134180|
2134181|
2134182|
2134183|
2134208|
2134209|
2134210|
2134211|
2134212|
2134213|
2134214|
2134215|
2134240|
2134241|
2134242|
2134243|
2134244|
2134245|
2134246|
2134247|
2134272|
2134273|
2134274|
2134275|
2134276|
2134277|
2134278|
2134279|
2134304|
2134305|
2134306|
2134307|
2134308|
2134309|
2134310|
2134311|
2134336|
2134337|
2134338|
2134339|
2134340|
2134341|
2134342|
2134343|
2134368|
2134369|
2134370|
2134371|
2134372|
2134373|
2134374|
2134375|
2134400|
2134401|
2134402|
2134403|
2134404|
2134405|
2134406|
2134407|
2134432|
2134433|
2134434|
2134435|
2134436|
2134437|
2134438|
2134439|
2134464|
2134465|
2134466|
2134467|
2134468|
2134469|
2134470|
2134471|
2134496|
2134497|
2134498|
2134499|
2134500|
2134501|
2134502|
2134503|
2134528|
2134529|
2134530|
2134531|
2134532|
2134533|
2134534|
2134535|
2134560|
2134561|
2134562|
2134563|
2134564|
2134565|
2134566|
2134567|
2134592|
2134593|
2134594|
2134595|
2134596|
2134597|
2134598|
2134599|
2134624|
2134625|
2134626|
2134627|
2134628|
2134629|
2134630|
2134631|
2134656|
2134657|
2134658|
2134659|
2134660|
2134661|
2134662|
2134663|
2134688|
2134689|
2134690|
2134691|
2134692|
2134693|
2134694|
2134695|
2134720|
2134721|
2134722|
2134723|
2134724|
2134725|
2134726|
2134727|
2134752|
2134753|
2134754|
2134755|
2134756|
2134757|
2134758|
2134759|
2134784|
2134785|
2134786|
2134787|
2134788|
2134789|
2134790|
2134791|
2134816|
2134817|
2134818|
2134819|
2134820|
2134821|
2134822|
2134823|
2134848|
2134849|
2134850|
2134851|
2134852|
2134853|
2134854|
2134855|
2134880|
2134881|
2134882|
2134883|
2134884|
2134885|
2134886|
2134887|
2134912|
2134913|
2134914|
2134915|
2134916|
2134917|
2134918|
2134919|
2134944|
2134945|
2134946|
2134947|
2134948|
2134949|
2134950|
2134951|
2134976|
2134977|
2134978|
2134979|
2134980|
2134981|
2134982|
2134983|
2135008|
2135009|
2135010|
2135011|
2135012|
2135013|
2135014|
2135015|
2135040|
2135041|
2135042|
2135043|
2135044|
2135045|
2135046|
2135047|
2135072|
2135073|
2135074|
2135075|
2135076|
2135077|
2135078|
2135079|
2135104|
2135105|
2135106|
2135107|
2135108|
2135109|
2135110|
2135111|
2135136|
2135137|
2135138|
2135139|
2135140|
2135141|
2135142|
2135143|
2135168|
2135169|
2135170|
2135171|
2135172|
2135173|
2135174|
2135175|
2135200|
2135201|
2135202|
2135203|
2135204|
2135205|
2135206|
2135207|
2135232|
2135233|
2135234|
2135235|
2135236|
2135237|
2135238|
2135239|
2135264|
2135265|
2135266|
2135267|
2135268|
2135269|
2135270|
2135271|
2135296|
2135297|
2135298|
2135299|
2135300|
2135301|
2135302|
2135303|
2135328|
2135329|
2135330|
2135331|
2135332|
2135333|
2135334|
2135335|
2135360|
2135361|
2135362|
2135363|
2135364|
2135365|
2135366|
2135367|
2135392|
2135393|
2135394|
2135395|
2135396|
2135397|
2135398|
2135399|
2135424|
2135425|
2135426|
2135427|
2135428|
2135429|
2135430|
2135431|
2135456|
2135457|
2135458|
2135459|
2135460|
2135461|
2135462|
2135463|
2135488|
2135489|
2135490|
2135491|
2135492|
2135493|
2135494|
2135495|
2135520|
2135521|
2135522|
2135523|
2135524|
2135525|
2135526|
2135527|
2135552|
2135553|
2135554|
2135555|
2135556|
2135557|
2135558|
2135559|
2135584|
2135585|
2135586|
2135587|
2135588|
2135589|
2135590|
2135591|
2135616|
2135617|
2135618|
2135619|
2135620|
2135621|
2135622|
2135623|
2135648|
2135649|
2135650|
2135651|
2135652|
2135653|
2135654|
2135655|
2135680|
2135681|
2135682|
2135683|
2135684|
2135685|
2135686|
2135687|
2135712|
2135713|
2135714|
2135715|
2135716|
2135717|
2135718|
2135719|
2135744|
2135745|
2135746|
2135747|
2135748|
2135749|
2135750|
2135751|
2135776|
2135777|
2135778|
2135779|
2135780|
2135781|
2135782|
2135783|
2135808|
2135809|
2135810|
2135811|
2135812|
2135813|
2135814|
2135815|
2135840|
2135841|
2135842|
2135843|
2135844|
2135845|
2135846|
2135847|
2135872|
2135873|
2135874|
2135875|
2135876|
2135877|
2135878|
2135879|
2135904|
2135905|
2135906|
2135907|
2135908|
2135909|
2135910|
2135911|
2135936|
2135937|
2135938|
2135939|
2135940|
2135941|
2135942|
2135943|
2135968|
2135969|
2135970|
2135971|
2135972|
2135973|
2135974|
2135975|
2136000|
