1008001|
1008002|
1008003|
1008004|
1008005|
1008006|
1008007|
1008032|
1008033|
1008034|
1008035|
1008036|
1008037|
1008038|
1008039|
1008064|
1008065|
1008066|
1008067|
1008068|
1008069|
1008070|
1008071|
1008096|
1008097|
1008098|
1008099|
1008100|
1008101|
1008102|
1008103|
1008128|
1008129|
1008130|
1008131|
1008132|
1008133|
1008134|
1008135|
1008160|
1008161|
1008162|
1008163|
1008164|
1008165|
1008166|
1008167|
1008192|
1008193|
1008194|
1008195|
1008196|
1008197|
1008198|
1008199|
1008224|
1008225|
1008226|
1008227|
1008228|
1008229|
1008230|
1008231|
1008256|
1008257|
1008258|
1008259|
1008260|
1008261|
1008262|
1008263|
1008288|
1008289|
1008290|
1008291|
1008292|
1008293|
1008294|
1008295|
1008320|
1008321|
1008322|
1008323|
1008324|
1008325|
1008326|
1008327|
1008352|
1008353|
1008354|
1008355|
1008356|
1008357|
1008358|
1008359|
1008384|
1008385|
1008386|
1008387|
1008388|
1008389|
1008390|
1008391|
1008416|
1008417|
1008418|
1008419|
1008420|
1008421|
1008422|
1008423|
1008448|
1008449|
1008450|
1008451|
1008452|
1008453|
1008454|
1008455|
1008480|
1008481|
1008482|
1008483|
1008484|
1008485|
1008486|
1008487|
1008512|
1008513|
1008514|
1008515|
1008516|
1008517|
1008518|
1008519|
1008544|
1008545|
1008546|
1008547|
1008548|
1008549|
1008550|
1008551|
1008576|
1008577|
1008578|
1008579|
1008580|
1008581|
1008582|
1008583|
1008608|
1008609|
1008610|
1008611|
1008612|
1008613|
1008614|
1008615|
1008640|
1008641|
1008642|
1008643|
1008644|
1008645|
1008646|
1008647|
1008672|
1008673|
1008674|
1008675|
1008676|
1008677|
1008678|
1008679|
1008704|
1008705|
1008706|
1008707|
1008708|
1008709|
1008710|
1008711|
1008736|
1008737|
1008738|
1008739|
1008740|
1008741|
1008742|
1008743|
1008768|
1008769|
1008770|
1008771|
1008772|
1008773|
1008774|
1008775|
1008800|
1008801|
1008802|
1008803|
1008804|
1008805|
1008806|
1008807|
1008832|
1008833|
1008834|
1008835|
1008836|
1008837|
1008838|
1008839|
1008864|
1008865|
1008866|
1008867|
1008868|
1008869|
1008870|
1008871|
1008896|
1008897|
1008898|
1008899|
1008900|
1008901|
1008902|
1008903|
1008928|
1008929|
1008930|
1008931|
1008932|
1008933|
1008934|
1008935|
1008960|
1008961|
1008962|
1008963|
1008964|
1008965|
1008966|
1008967|
1008992|
1008993|
1008994|
1008995|
1008996|
1008997|
1008998|
1008999|
1009024|
1009025|
1009026|
1009027|
1009028|
1009029|
1009030|
1009031|
1009056|
1009057|
1009058|
1009059|
1009060|
1009061|
1009062|
1009063|
1009088|
1009089|
1009090|
1009091|
1009092|
1009093|
1009094|
1009095|
1009120|
1009121|
1009122|
1009123|
1009124|
1009125|
1009126|
1009127|
1009152|
1009153|
1009154|
1009155|
1009156|
1009157|
1009158|
1009159|
1009184|
1009185|
1009186|
1009187|
1009188|
1009189|
1009190|
1009191|
1009216|
1009217|
1009218|
1009219|
1009220|
1009221|
1009222|
1009223|
1009248|
1009249|
1009250|
1009251|
1009252|
1009253|
1009254|
1009255|
1009280|
1009281|
1009282|
1009283|
1009284|
1009285|
1009286|
1009287|
1009312|
1009313|
1009314|
1009315|
1009316|
1009317|
1009318|
1009319|
1009344|
1009345|
1009346|
1009347|
1009348|
1009349|
1009350|
1009351|
1009376|
1009377|
1009378|
1009379|
1009380|
1009381|
1009382|
1009383|
1009408|
1009409|
1009410|
1009411|
1009412|
1009413|
1009414|
1009415|
1009440|
1009441|
1009442|
1009443|
1009444|
1009445|
1009446|
1009447|
1009472|
1009473|
1009474|
1009475|
1009476|
1009477|
1009478|
1009479|
1009504|
1009505|
1009506|
1009507|
1009508|
1009509|
1009510|
1009511|
1009536|
1009537|
1009538|
1009539|
1009540|
1009541|
1009542|
1009543|
1009568|
1009569|
1009570|
1009571|
1009572|
1009573|
1009574|
1009575|
1009600|
1009601|
1009602|
1009603|
1009604|
1009605|
1009606|
1009607|
1009632|
1009633|
1009634|
1009635|
1009636|
1009637|
1009638|
1009639|
1009664|
1009665|
1009666|
1009667|
1009668|
1009669|
1009670|
1009671|
1009696|
1009697|
1009698|
1009699|
1009700|
1009701|
1009702|
1009703|
1009728|
1009729|
1009730|
1009731|
1009732|
1009733|
1009734|
1009735|
1009760|
1009761|
1009762|
1009763|
1009764|
1009765|
1009766|
1009767|
1009792|
1009793|
1009794|
1009795|
1009796|
1009797|
1009798|
1009799|
1009824|
1009825|
1009826|
1009827|
1009828|
1009829|
1009830|
1009831|
1009856|
1009857|
1009858|
1009859|
1009860|
1009861|
1009862|
1009863|
1009888|
1009889|
1009890|
1009891|
1009892|
1009893|
1009894|
1009895|
1009920|
1009921|
1009922|
1009923|
1009924|
1009925|
1009926|
1009927|
1009952|
1009953|
1009954|
1009955|
1009956|
1009957|
1009958|
1009959|
1009984|
1009985|
1009986|
1009987|
1009988|
1009989|
1009990|
1009991|
1010016|
1010017|
1010018|
1010019|
1010020|
1010021|
1010022|
1010023|
1010048|
1010049|
1010050|
1010051|
1010052|
1010053|
1010054|
1010055|
1010080|
1010081|
1010082|
1010083|
1010084|
1010085|
1010086|
1010087|
1010112|
1010113|
1010114|
1010115|
1010116|
1010117|
1010118|
1010119|
1010144|
1010145|
1010146|
1010147|
1010148|
1010149|
1010150|
1010151|
1010176|
1010177|
1010178|
1010179|
1010180|
1010181|
1010182|
1010183|
1010208|
1010209|
1010210|
1010211|
1010212|
1010213|
1010214|
1010215|
1010240|
1010241|
1010242|
1010243|
1010244|
1010245|
1010246|
1010247|
1010272|
1010273|
1010274|
1010275|
1010276|
1010277|
1010278|
1010279|
1010304|
1010305|
1010306|
1010307|
1010308|
1010309|
1010310|
1010311|
1010336|
1010337|
1010338|
1010339|
1010340|
1010341|
1010342|
1010343|
1010368|
1010369|
1010370|
1010371|
1010372|
1010373|
1010374|
1010375|
1010400|
1010401|
1010402|
1010403|
1010404|
1010405|
1010406|
1010407|
1010432|
1010433|
1010434|
1010435|
1010436|
1010437|
1010438|
1010439|
1010464|
1010465|
1010466|
1010467|
1010468|
1010469|
1010470|
1010471|
1010496|
1010497|
1010498|
1010499|
1010500|
1010501|
1010502|
1010503|
1010528|
1010529|
1010530|
1010531|
1010532|
1010533|
1010534|
1010535|
1010560|
1010561|
1010562|
1010563|
1010564|
1010565|
1010566|
1010567|
1010592|
1010593|
1010594|
1010595|
1010596|
1010597|
1010598|
1010599|
1010624|
1010625|
1010626|
1010627|
1010628|
1010629|
1010630|
1010631|
1010656|
1010657|
1010658|
1010659|
1010660|
1010661|
1010662|
1010663|
1010688|
1010689|
1010690|
1010691|
1010692|
1010693|
1010694|
1010695|
1010720|
1010721|
1010722|
1010723|
1010724|
1010725|
1010726|
1010727|
1010752|
1010753|
1010754|
1010755|
1010756|
1010757|
1010758|
1010759|
1010784|
1010785|
1010786|
1010787|
1010788|
1010789|
1010790|
1010791|
1010816|
1010817|
1010818|
1010819|
1010820|
1010821|
1010822|
1010823|
1010848|
1010849|
1010850|
1010851|
1010852|
1010853|
1010854|
1010855|
1010880|
1010881|
1010882|
1010883|
1010884|
1010885|
1010886|
1010887|
1010912|
1010913|
1010914|
1010915|
1010916|
1010917|
1010918|
1010919|
1010944|
1010945|
1010946|
1010947|
1010948|
1010949|
1010950|
1010951|
1010976|
1010977|
1010978|
1010979|
1010980|
1010981|
1010982|
1010983|
1011008|
1011009|
1011010|
1011011|
1011012|
1011013|
1011014|
1011015|
1011040|
1011041|
1011042|
1011043|
1011044|
1011045|
1011046|
1011047|
1011072|
1011073|
1011074|
1011075|
1011076|
1011077|
1011078|
1011079|
1011104|
1011105|
1011106|
1011107|
1011108|
1011109|
1011110|
1011111|
1011136|
1011137|
1011138|
1011139|
1011140|
1011141|
1011142|
1011143|
1011168|
1011169|
1011170|
1011171|
1011172|
1011173|
1011174|
1011175|
1011200|
1011201|
1011202|
1011203|
1011204|
1011205|
1011206|
1011207|
1011232|
1011233|
1011234|
1011235|
1011236|
1011237|
1011238|
1011239|
1011264|
1011265|
1011266|
1011267|
1011268|
1011269|
1011270|
1011271|
1011296|
1011297|
1011298|
1011299|
1011300|
1011301|
1011302|
1011303|
1011328|
1011329|
1011330|
1011331|
1011332|
1011333|
1011334|
1011335|
1011360|
1011361|
1011362|
1011363|
1011364|
1011365|
1011366|
1011367|
1011392|
1011393|
1011394|
1011395|
1011396|
1011397|
1011398|
1011399|
1011424|
1011425|
1011426|
1011427|
1011428|
1011429|
1011430|
1011431|
1011456|
1011457|
1011458|
1011459|
1011460|
1011461|
1011462|
1011463|
1011488|
1011489|
1011490|
1011491|
1011492|
1011493|
1011494|
1011495|
1011520|
1011521|
1011522|
1011523|
1011524|
1011525|
1011526|
1011527|
1011552|
1011553|
1011554|
1011555|
1011556|
1011557|
1011558|
1011559|
1011584|
1011585|
1011586|
1011587|
1011588|
1011589|
1011590|
1011591|
1011616|
1011617|
1011618|
1011619|
1011620|
1011621|
1011622|
1011623|
1011648|
1011649|
1011650|
1011651|
1011652|
1011653|
1011654|
1011655|
1011680|
1011681|
1011682|
1011683|
1011684|
1011685|
1011686|
1011687|
1011712|
1011713|
1011714|
1011715|
1011716|
1011717|
1011718|
1011719|
1011744|
1011745|
1011746|
1011747|
1011748|
1011749|
1011750|
1011751|
1011776|
1011777|
1011778|
1011779|
1011780|
1011781|
1011782|
1011783|
1011808|
1011809|
1011810|
1011811|
1011812|
1011813|
1011814|
1011815|
1011840|
1011841|
1011842|
1011843|
1011844|
1011845|
1011846|
1011847|
1011872|
1011873|
1011874|
1011875|
1011876|
1011877|
1011878|
1011879|
1011904|
1011905|
1011906|
1011907|
1011908|
1011909|
1011910|
1011911|
1011936|
1011937|
1011938|
1011939|
1011940|
1011941|
1011942|
1011943|
1011968|
1011969|
1011970|
1011971|
1011972|
1011973|
1011974|
1011975|
1012000|
1012001|
1012002|
1012003|
1012004|
1012005|
1012006|
1012007|
1012032|
1012033|
1012034|
1012035|
1012036|
1012037|
1012038|
1012039|
1012064|
1012065|
1012066|
1012067|
1012068|
1012069|
1012070|
1012071|
1012096|
1012097|
1012098|
1012099|
1012100|
1012101|
1012102|
1012103|
1012128|
1012129|
1012130|
1012131|
1012132|
1012133|
1012134|
1012135|
1012160|
1012161|
1012162|
1012163|
1012164|
1012165|
1012166|
1012167|
1012192|
1012193|
1012194|
1012195|
1012196|
1012197|
1012198|
1012199|
1012224|
1012225|
1012226|
1012227|
1012228|
1012229|
1012230|
1012231|
1012256|
1012257|
1012258|
1012259|
1012260|
1012261|
1012262|
1012263|
1012288|
1012289|
1012290|
1012291|
1012292|
1012293|
1012294|
1012295|
1012320|
1012321|
1012322|
1012323|
1012324|
1012325|
1012326|
1012327|
1012352|
1012353|
1012354|
1012355|
1012356|
1012357|
1012358|
1012359|
1012384|
1012385|
1012386|
1012387|
1012388|
1012389|
1012390|
1012391|
1012416|
1012417|
1012418|
1012419|
1012420|
1012421|
1012422|
1012423|
1012448|
1012449|
1012450|
1012451|
1012452|
1012453|
1012454|
1012455|
1012480|
1012481|
1012482|
1012483|
1012484|
1012485|
1012486|
1012487|
1012512|
1012513|
1012514|
1012515|
1012516|
1012517|
1012518|
1012519|
1012544|
1012545|
1012546|
1012547|
1012548|
1012549|
1012550|
1012551|
1012576|
1012577|
1012578|
1012579|
1012580|
1012581|
1012582|
1012583|
1012608|
1012609|
1012610|
1012611|
1012612|
1012613|
1012614|
1012615|
1012640|
1012641|
1012642|
1012643|
1012644|
1012645|
1012646|
1012647|
1012672|
1012673|
1012674|
1012675|
1012676|
1012677|
1012678|
1012679|
1012704|
1012705|
1012706|
1012707|
1012708|
1012709|
1012710|
1012711|
1012736|
1012737|
1012738|
1012739|
1012740|
1012741|
1012742|
1012743|
1012768|
1012769|
1012770|
1012771|
1012772|
1012773|
1012774|
1012775|
1012800|
1012801|
1012802|
1012803|
1012804|
1012805|
1012806|
1012807|
1012832|
1012833|
1012834|
1012835|
1012836|
1012837|
1012838|
1012839|
1012864|
1012865|
1012866|
1012867|
1012868|
1012869|
1012870|
1012871|
1012896|
1012897|
1012898|
1012899|
1012900|
1012901|
1012902|
1012903|
1012928|
1012929|
1012930|
1012931|
1012932|
1012933|
1012934|
1012935|
1012960|
1012961|
1012962|
1012963|
1012964|
1012965|
1012966|
1012967|
1012992|
1012993|
1012994|
1012995|
1012996|
1012997|
1012998|
1012999|
1013024|
1013025|
1013026|
1013027|
1013028|
1013029|
1013030|
1013031|
1013056|
1013057|
1013058|
1013059|
1013060|
1013061|
1013062|
1013063|
1013088|
1013089|
1013090|
1013091|
1013092|
1013093|
1013094|
1013095|
1013120|
1013121|
1013122|
1013123|
1013124|
1013125|
1013126|
1013127|
1013152|
1013153|
1013154|
1013155|
1013156|
1013157|
1013158|
1013159|
1013184|
1013185|
1013186|
1013187|
1013188|
1013189|
1013190|
1013191|
1013216|
1013217|
1013218|
1013219|
1013220|
1013221|
1013222|
1013223|
1013248|
1013249|
1013250|
1013251|
1013252|
1013253|
1013254|
1013255|
1013280|
1013281|
1013282|
1013283|
1013284|
1013285|
1013286|
1013287|
1013312|
1013313|
1013314|
1013315|
1013316|
1013317|
1013318|
1013319|
1013344|
1013345|
1013346|
1013347|
1013348|
1013349|
1013350|
1013351|
1013376|
1013377|
1013378|
1013379|
1013380|
1013381|
1013382|
1013383|
1013408|
1013409|
1013410|
1013411|
1013412|
1013413|
1013414|
1013415|
1013440|
1013441|
1013442|
1013443|
1013444|
1013445|
1013446|
1013447|
1013472|
1013473|
1013474|
1013475|
1013476|
1013477|
1013478|
1013479|
1013504|
1013505|
1013506|
1013507|
1013508|
1013509|
1013510|
1013511|
1013536|
1013537|
1013538|
1013539|
1013540|
1013541|
1013542|
1013543|
1013568|
1013569|
1013570|
1013571|
1013572|
1013573|
1013574|
1013575|
1013600|
1013601|
1013602|
1013603|
1013604|
1013605|
1013606|
1013607|
1013632|
1013633|
1013634|
1013635|
1013636|
1013637|
1013638|
1013639|
1013664|
1013665|
1013666|
1013667|
1013668|
1013669|
1013670|
1013671|
1013696|
1013697|
1013698|
1013699|
1013700|
1013701|
1013702|
1013703|
1013728|
1013729|
1013730|
1013731|
1013732|
1013733|
1013734|
1013735|
1013760|
1013761|
1013762|
1013763|
1013764|
1013765|
1013766|
1013767|
1013792|
1013793|
1013794|
1013795|
1013796|
1013797|
1013798|
1013799|
1013824|
1013825|
1013826|
1013827|
1013828|
1013829|
1013830|
1013831|
1013856|
1013857|
1013858|
1013859|
1013860|
1013861|
1013862|
1013863|
1013888|
1013889|
1013890|
1013891|
1013892|
1013893|
1013894|
1013895|
1013920|
1013921|
1013922|
1013923|
1013924|
1013925|
1013926|
1013927|
1013952|
1013953|
1013954|
1013955|
1013956|
1013957|
1013958|
1013959|
1013984|
1013985|
1013986|
1013987|
1013988|
