840001|
840002|
840003|
840004|
840005|
840006|
840007|
840032|
840033|
840034|
840035|
840036|
840037|
840038|
840039|
840064|
840065|
840066|
840067|
840068|
840069|
840070|
840071|
840096|
840097|
840098|
840099|
840100|
840101|
840102|
840103|
840128|
840129|
840130|
840131|
840132|
840133|
840134|
840135|
840160|
840161|
840162|
840163|
840164|
840165|
840166|
840167|
840192|
840193|
840194|
840195|
840196|
840197|
840198|
840199|
840224|
840225|
840226|
840227|
840228|
840229|
840230|
840231|
840256|
840257|
840258|
840259|
840260|
840261|
840262|
840263|
840288|
840289|
840290|
840291|
840292|
840293|
840294|
840295|
840320|
840321|
840322|
840323|
840324|
840325|
840326|
840327|
840352|
840353|
840354|
840355|
840356|
840357|
840358|
840359|
840384|
840385|
840386|
840387|
840388|
840389|
840390|
840391|
840416|
840417|
840418|
840419|
840420|
840421|
840422|
840423|
840448|
840449|
840450|
840451|
840452|
840453|
840454|
840455|
840480|
840481|
840482|
840483|
840484|
840485|
840486|
840487|
840512|
840513|
840514|
840515|
840516|
840517|
840518|
840519|
840544|
840545|
840546|
840547|
840548|
840549|
840550|
840551|
840576|
840577|
840578|
840579|
840580|
840581|
840582|
840583|
840608|
840609|
840610|
840611|
840612|
840613|
840614|
840615|
840640|
840641|
840642|
840643|
840644|
840645|
840646|
840647|
840672|
840673|
840674|
840675|
840676|
840677|
840678|
840679|
840704|
840705|
840706|
840707|
840708|
840709|
840710|
840711|
840736|
840737|
840738|
840739|
840740|
840741|
840742|
840743|
840768|
840769|
840770|
840771|
840772|
840773|
840774|
840775|
840800|
840801|
840802|
840803|
840804|
840805|
840806|
840807|
840832|
840833|
840834|
840835|
840836|
840837|
840838|
840839|
840864|
840865|
840866|
840867|
840868|
840869|
840870|
840871|
840896|
840897|
840898|
840899|
840900|
840901|
840902|
840903|
840928|
840929|
840930|
840931|
840932|
840933|
840934|
840935|
840960|
840961|
840962|
840963|
840964|
840965|
840966|
840967|
840992|
840993|
840994|
840995|
840996|
840997|
840998|
840999|
841024|
841025|
841026|
841027|
841028|
841029|
841030|
841031|
841056|
841057|
841058|
841059|
841060|
841061|
841062|
841063|
841088|
841089|
841090|
841091|
841092|
841093|
841094|
841095|
841120|
841121|
841122|
841123|
841124|
841125|
841126|
841127|
841152|
841153|
841154|
841155|
841156|
841157|
841158|
841159|
841184|
841185|
841186|
841187|
841188|
841189|
841190|
841191|
841216|
841217|
841218|
841219|
841220|
841221|
841222|
841223|
841248|
841249|
841250|
841251|
841252|
841253|
841254|
841255|
841280|
841281|
841282|
841283|
841284|
841285|
841286|
841287|
841312|
841313|
841314|
841315|
841316|
841317|
841318|
841319|
841344|
841345|
841346|
841347|
841348|
841349|
841350|
841351|
841376|
841377|
841378|
841379|
841380|
841381|
841382|
841383|
841408|
841409|
841410|
841411|
841412|
841413|
841414|
841415|
841440|
841441|
841442|
841443|
841444|
841445|
841446|
841447|
841472|
841473|
841474|
841475|
841476|
841477|
841478|
841479|
841504|
841505|
841506|
841507|
841508|
841509|
841510|
841511|
841536|
841537|
841538|
841539|
841540|
841541|
841542|
841543|
841568|
841569|
841570|
841571|
841572|
841573|
841574|
841575|
841600|
841601|
841602|
841603|
841604|
841605|
841606|
841607|
841632|
841633|
841634|
841635|
841636|
841637|
841638|
841639|
841664|
841665|
841666|
841667|
841668|
841669|
841670|
841671|
841696|
841697|
841698|
841699|
841700|
841701|
841702|
841703|
841728|
841729|
841730|
841731|
841732|
841733|
841734|
841735|
841760|
841761|
841762|
841763|
841764|
841765|
841766|
841767|
841792|
841793|
841794|
841795|
841796|
841797|
841798|
841799|
841824|
841825|
841826|
841827|
841828|
841829|
841830|
841831|
841856|
841857|
841858|
841859|
841860|
841861|
841862|
841863|
841888|
841889|
841890|
841891|
841892|
841893|
841894|
841895|
841920|
841921|
841922|
841923|
841924|
841925|
841926|
841927|
841952|
841953|
841954|
841955|
841956|
841957|
841958|
841959|
841984|
841985|
841986|
841987|
841988|
841989|
841990|
841991|
842016|
842017|
842018|
842019|
842020|
842021|
842022|
842023|
842048|
842049|
842050|
842051|
842052|
842053|
842054|
842055|
842080|
842081|
842082|
842083|
842084|
842085|
842086|
842087|
842112|
842113|
842114|
842115|
842116|
842117|
842118|
842119|
842144|
842145|
842146|
842147|
842148|
842149|
842150|
842151|
842176|
842177|
842178|
842179|
842180|
842181|
842182|
842183|
842208|
842209|
842210|
842211|
842212|
842213|
842214|
842215|
842240|
842241|
842242|
842243|
842244|
842245|
842246|
842247|
842272|
842273|
842274|
842275|
842276|
842277|
842278|
842279|
842304|
842305|
842306|
842307|
842308|
842309|
842310|
842311|
842336|
842337|
842338|
842339|
842340|
842341|
842342|
842343|
842368|
842369|
842370|
842371|
842372|
842373|
842374|
842375|
842400|
842401|
842402|
842403|
842404|
842405|
842406|
842407|
842432|
842433|
842434|
842435|
842436|
842437|
842438|
842439|
842464|
842465|
842466|
842467|
842468|
842469|
842470|
842471|
842496|
842497|
842498|
842499|
842500|
842501|
842502|
842503|
842528|
842529|
842530|
842531|
842532|
842533|
842534|
842535|
842560|
842561|
842562|
842563|
842564|
842565|
842566|
842567|
842592|
842593|
842594|
842595|
842596|
842597|
842598|
842599|
842624|
842625|
842626|
842627|
842628|
842629|
842630|
842631|
842656|
842657|
842658|
842659|
842660|
842661|
842662|
842663|
842688|
842689|
842690|
842691|
842692|
842693|
842694|
842695|
842720|
842721|
842722|
842723|
842724|
842725|
842726|
842727|
842752|
842753|
842754|
842755|
842756|
842757|
842758|
842759|
842784|
842785|
842786|
842787|
842788|
842789|
842790|
842791|
842816|
842817|
842818|
842819|
842820|
842821|
842822|
842823|
842848|
842849|
842850|
842851|
842852|
842853|
842854|
842855|
842880|
842881|
842882|
842883|
842884|
842885|
842886|
842887|
842912|
842913|
842914|
842915|
842916|
842917|
842918|
842919|
842944|
842945|
842946|
842947|
842948|
842949|
842950|
842951|
842976|
842977|
842978|
842979|
842980|
842981|
842982|
842983|
843008|
843009|
843010|
843011|
843012|
843013|
843014|
843015|
843040|
843041|
843042|
843043|
843044|
843045|
843046|
843047|
843072|
843073|
843074|
843075|
843076|
843077|
843078|
843079|
843104|
843105|
843106|
843107|
843108|
843109|
843110|
843111|
843136|
843137|
843138|
843139|
843140|
843141|
843142|
843143|
843168|
843169|
843170|
843171|
843172|
843173|
843174|
843175|
843200|
843201|
843202|
843203|
843204|
843205|
843206|
843207|
843232|
843233|
843234|
843235|
843236|
843237|
843238|
843239|
843264|
843265|
843266|
843267|
843268|
843269|
843270|
843271|
843296|
843297|
843298|
843299|
843300|
843301|
843302|
843303|
843328|
843329|
843330|
843331|
843332|
843333|
843334|
843335|
843360|
843361|
843362|
843363|
843364|
843365|
843366|
843367|
843392|
843393|
843394|
843395|
843396|
843397|
843398|
843399|
843424|
843425|
843426|
843427|
843428|
843429|
843430|
843431|
843456|
843457|
843458|
843459|
843460|
843461|
843462|
843463|
843488|
843489|
843490|
843491|
843492|
843493|
843494|
843495|
843520|
843521|
843522|
843523|
843524|
843525|
843526|
843527|
843552|
843553|
843554|
843555|
843556|
843557|
843558|
843559|
843584|
843585|
843586|
843587|
843588|
843589|
843590|
843591|
843616|
843617|
843618|
843619|
843620|
843621|
843622|
843623|
843648|
843649|
843650|
843651|
843652|
843653|
843654|
843655|
843680|
843681|
843682|
843683|
843684|
843685|
843686|
843687|
843712|
843713|
843714|
843715|
843716|
843717|
843718|
843719|
843744|
843745|
843746|
843747|
843748|
843749|
843750|
843751|
843776|
843777|
843778|
843779|
843780|
843781|
843782|
843783|
843808|
843809|
843810|
843811|
843812|
843813|
843814|
843815|
843840|
843841|
843842|
843843|
843844|
843845|
843846|
843847|
843872|
843873|
843874|
843875|
843876|
843877|
843878|
843879|
843904|
843905|
843906|
843907|
843908|
843909|
843910|
843911|
843936|
843937|
843938|
843939|
843940|
843941|
843942|
843943|
843968|
843969|
843970|
843971|
843972|
843973|
843974|
843975|
844000|
844001|
844002|
844003|
844004|
844005|
844006|
844007|
844032|
844033|
844034|
844035|
844036|
844037|
844038|
844039|
844064|
844065|
844066|
844067|
844068|
844069|
844070|
844071|
844096|
844097|
844098|
844099|
844100|
844101|
844102|
844103|
844128|
844129|
844130|
844131|
844132|
844133|
844134|
844135|
844160|
844161|
844162|
844163|
844164|
844165|
844166|
844167|
844192|
844193|
844194|
844195|
844196|
844197|
844198|
844199|
844224|
844225|
844226|
844227|
844228|
844229|
844230|
844231|
844256|
844257|
844258|
844259|
844260|
844261|
844262|
844263|
844288|
844289|
844290|
844291|
844292|
844293|
844294|
844295|
844320|
844321|
844322|
844323|
844324|
844325|
844326|
844327|
844352|
844353|
844354|
844355|
844356|
844357|
844358|
844359|
844384|
844385|
844386|
844387|
844388|
844389|
844390|
844391|
844416|
844417|
844418|
844419|
844420|
844421|
844422|
844423|
844448|
844449|
844450|
844451|
844452|
844453|
844454|
844455|
844480|
844481|
844482|
844483|
844484|
844485|
844486|
844487|
844512|
844513|
844514|
844515|
844516|
844517|
844518|
844519|
844544|
844545|
844546|
844547|
844548|
844549|
844550|
844551|
844576|
844577|
844578|
844579|
844580|
844581|
844582|
844583|
844608|
844609|
844610|
844611|
844612|
844613|
844614|
844615|
844640|
844641|
844642|
844643|
844644|
844645|
844646|
844647|
844672|
844673|
844674|
844675|
844676|
844677|
844678|
844679|
844704|
844705|
844706|
844707|
844708|
844709|
844710|
844711|
844736|
844737|
844738|
844739|
844740|
844741|
844742|
844743|
844768|
844769|
844770|
844771|
844772|
844773|
844774|
844775|
844800|
844801|
844802|
844803|
844804|
844805|
844806|
844807|
844832|
844833|
844834|
844835|
844836|
844837|
844838|
844839|
844864|
844865|
844866|
844867|
844868|
844869|
844870|
844871|
844896|
844897|
844898|
844899|
844900|
844901|
844902|
844903|
844928|
844929|
844930|
844931|
844932|
844933|
844934|
844935|
844960|
844961|
844962|
844963|
844964|
844965|
844966|
844967|
844992|
844993|
844994|
844995|
844996|
844997|
844998|
844999|
845024|
845025|
845026|
845027|
845028|
845029|
845030|
845031|
845056|
845057|
845058|
845059|
845060|
845061|
845062|
845063|
845088|
845089|
845090|
845091|
845092|
845093|
845094|
845095|
845120|
845121|
845122|
845123|
845124|
845125|
845126|
845127|
845152|
845153|
845154|
845155|
845156|
845157|
845158|
845159|
845184|
845185|
845186|
845187|
845188|
845189|
845190|
845191|
845216|
845217|
845218|
845219|
845220|
845221|
845222|
845223|
845248|
845249|
845250|
845251|
845252|
845253|
845254|
845255|
845280|
845281|
845282|
845283|
845284|
845285|
845286|
845287|
845312|
845313|
845314|
845315|
845316|
845317|
845318|
845319|
845344|
845345|
845346|
845347|
845348|
845349|
845350|
845351|
845376|
845377|
845378|
845379|
845380|
845381|
845382|
845383|
845408|
845409|
845410|
845411|
845412|
845413|
845414|
845415|
845440|
845441|
845442|
845443|
845444|
845445|
845446|
845447|
845472|
845473|
845474|
845475|
845476|
845477|
845478|
845479|
845504|
845505|
845506|
845507|
845508|
845509|
845510|
845511|
845536|
845537|
845538|
845539|
845540|
845541|
845542|
845543|
845568|
845569|
845570|
845571|
845572|
845573|
845574|
845575|
845600|
845601|
845602|
845603|
845604|
845605|
845606|
845607|
845632|
845633|
845634|
845635|
845636|
845637|
845638|
845639|
845664|
845665|
845666|
845667|
845668|
845669|
845670|
845671|
845696|
845697|
845698|
845699|
845700|
845701|
845702|
845703|
845728|
845729|
845730|
845731|
845732|
845733|
845734|
845735|
845760|
845761|
845762|
845763|
845764|
845765|
845766|
845767|
845792|
845793|
845794|
845795|
845796|
845797|
845798|
845799|
845824|
845825|
845826|
845827|
845828|
845829|
845830|
845831|
845856|
845857|
845858|
845859|
845860|
845861|
845862|
845863|
845888|
845889|
845890|
845891|
845892|
845893|
845894|
845895|
845920|
845921|
845922|
845923|
845924|
845925|
845926|
845927|
845952|
845953|
845954|
845955|
845956|
845957|
845958|
845959|
845984|
845985|
845986|
845987|
845988|
