2657989|
2657990|
2657991|
2658016|
2658017|
2658018|
2658019|
2658020|
2658021|
2658022|
2658023|
2658048|
2658049|
2658050|
2658051|
2658052|
2658053|
2658054|
2658055|
2658080|
2658081|
2658082|
2658083|
2658084|
2658085|
2658086|
2658087|
2658112|
2658113|
2658114|
2658115|
2658116|
2658117|
2658118|
2658119|
2658144|
2658145|
2658146|
2658147|
2658148|
2658149|
2658150|
2658151|
2658176|
2658177|
2658178|
2658179|
2658180|
2658181|
2658182|
2658183|
2658208|
2658209|
2658210|
2658211|
2658212|
2658213|
2658214|
2658215|
2658240|
2658241|
2658242|
2658243|
2658244|
2658245|
2658246|
2658247|
2658272|
2658273|
2658274|
2658275|
2658276|
2658277|
2658278|
2658279|
2658304|
2658305|
2658306|
2658307|
2658308|
2658309|
2658310|
2658311|
2658336|
2658337|
2658338|
2658339|
2658340|
2658341|
2658342|
2658343|
2658368|
2658369|
2658370|
2658371|
2658372|
2658373|
2658374|
2658375|
2658400|
2658401|
2658402|
2658403|
2658404|
2658405|
2658406|
2658407|
2658432|
2658433|
2658434|
2658435|
2658436|
2658437|
2658438|
2658439|
2658464|
2658465|
2658466|
2658467|
2658468|
2658469|
2658470|
2658471|
2658496|
2658497|
2658498|
2658499|
2658500|
2658501|
2658502|
2658503|
2658528|
2658529|
2658530|
2658531|
2658532|
2658533|
2658534|
2658535|
2658560|
2658561|
2658562|
2658563|
2658564|
2658565|
2658566|
2658567|
2658592|
2658593|
2658594|
2658595|
2658596|
2658597|
2658598|
2658599|
2658624|
2658625|
2658626|
2658627|
2658628|
2658629|
2658630|
2658631|
2658656|
2658657|
2658658|
2658659|
2658660|
2658661|
2658662|
2658663|
2658688|
2658689|
2658690|
2658691|
2658692|
2658693|
2658694|
2658695|
2658720|
2658721|
2658722|
2658723|
2658724|
2658725|
2658726|
2658727|
2658752|
2658753|
2658754|
2658755|
2658756|
2658757|
2658758|
2658759|
2658784|
2658785|
2658786|
2658787|
2658788|
2658789|
2658790|
2658791|
2658816|
2658817|
2658818|
2658819|
2658820|
2658821|
2658822|
2658823|
2658848|
2658849|
2658850|
2658851|
2658852|
2658853|
2658854|
2658855|
2658880|
2658881|
2658882|
2658883|
2658884|
2658885|
2658886|
2658887|
2658912|
2658913|
2658914|
2658915|
2658916|
2658917|
2658918|
2658919|
2658944|
2658945|
2658946|
2658947|
2658948|
2658949|
2658950|
2658951|
2658976|
2658977|
2658978|
2658979|
2658980|
2658981|
2658982|
2658983|
2659008|
2659009|
2659010|
2659011|
2659012|
2659013|
2659014|
2659015|
2659040|
2659041|
2659042|
2659043|
2659044|
2659045|
2659046|
2659047|
2659072|
2659073|
2659074|
2659075|
2659076|
2659077|
2659078|
2659079|
2659104|
2659105|
2659106|
2659107|
2659108|
2659109|
2659110|
2659111|
2659136|
2659137|
2659138|
2659139|
2659140|
2659141|
2659142|
2659143|
2659168|
2659169|
2659170|
2659171|
2659172|
2659173|
2659174|
2659175|
2659200|
2659201|
2659202|
2659203|
2659204|
2659205|
2659206|
2659207|
2659232|
2659233|
2659234|
2659235|
2659236|
2659237|
2659238|
2659239|
2659264|
2659265|
2659266|
2659267|
2659268|
2659269|
2659270|
2659271|
2659296|
2659297|
2659298|
2659299|
2659300|
2659301|
2659302|
2659303|
2659328|
2659329|
2659330|
2659331|
2659332|
2659333|
2659334|
2659335|
2659360|
2659361|
2659362|
2659363|
2659364|
2659365|
2659366|
2659367|
2659392|
2659393|
2659394|
2659395|
2659396|
2659397|
2659398|
2659399|
2659424|
2659425|
2659426|
2659427|
2659428|
2659429|
2659430|
2659431|
2659456|
2659457|
2659458|
2659459|
2659460|
2659461|
2659462|
2659463|
2659488|
2659489|
2659490|
2659491|
2659492|
2659493|
2659494|
2659495|
2659520|
2659521|
2659522|
2659523|
2659524|
2659525|
2659526|
2659527|
2659552|
2659553|
2659554|
2659555|
2659556|
2659557|
2659558|
2659559|
2659584|
2659585|
2659586|
2659587|
2659588|
2659589|
2659590|
2659591|
2659616|
2659617|
2659618|
2659619|
2659620|
2659621|
2659622|
2659623|
2659648|
2659649|
2659650|
2659651|
2659652|
2659653|
2659654|
2659655|
2659680|
2659681|
2659682|
2659683|
2659684|
2659685|
2659686|
2659687|
2659712|
2659713|
2659714|
2659715|
2659716|
2659717|
2659718|
2659719|
2659744|
2659745|
2659746|
2659747|
2659748|
2659749|
2659750|
2659751|
2659776|
2659777|
2659778|
2659779|
2659780|
2659781|
2659782|
2659783|
2659808|
2659809|
2659810|
2659811|
2659812|
2659813|
2659814|
2659815|
2659840|
2659841|
2659842|
2659843|
2659844|
2659845|
2659846|
2659847|
2659872|
2659873|
2659874|
2659875|
2659876|
2659877|
2659878|
2659879|
2659904|
2659905|
2659906|
2659907|
2659908|
2659909|
2659910|
2659911|
2659936|
2659937|
2659938|
2659939|
2659940|
2659941|
2659942|
2659943|
2659968|
2659969|
2659970|
2659971|
2659972|
2659973|
2659974|
2659975|
2660000|
2660001|
2660002|
2660003|
2660004|
2660005|
2660006|
2660007|
2660032|
2660033|
2660034|
2660035|
2660036|
2660037|
2660038|
2660039|
2660064|
2660065|
2660066|
2660067|
2660068|
2660069|
2660070|
2660071|
2660096|
2660097|
2660098|
2660099|
2660100|
2660101|
2660102|
2660103|
2660128|
2660129|
2660130|
2660131|
2660132|
2660133|
2660134|
2660135|
2660160|
2660161|
2660162|
2660163|
2660164|
2660165|
2660166|
2660167|
2660192|
2660193|
2660194|
2660195|
2660196|
2660197|
2660198|
2660199|
2660224|
2660225|
2660226|
2660227|
2660228|
2660229|
2660230|
2660231|
2660256|
2660257|
2660258|
2660259|
2660260|
2660261|
2660262|
2660263|
2660288|
2660289|
2660290|
2660291|
2660292|
2660293|
2660294|
2660295|
2660320|
2660321|
2660322|
2660323|
2660324|
2660325|
2660326|
2660327|
2660352|
2660353|
2660354|
2660355|
2660356|
2660357|
2660358|
2660359|
2660384|
2660385|
2660386|
2660387|
2660388|
2660389|
2660390|
2660391|
2660416|
2660417|
2660418|
2660419|
2660420|
2660421|
2660422|
2660423|
2660448|
2660449|
2660450|
2660451|
2660452|
2660453|
2660454|
2660455|
2660480|
2660481|
2660482|
2660483|
2660484|
2660485|
2660486|
2660487|
2660512|
2660513|
2660514|
2660515|
2660516|
2660517|
2660518|
2660519|
2660544|
2660545|
2660546|
2660547|
2660548|
2660549|
2660550|
2660551|
2660576|
2660577|
2660578|
2660579|
2660580|
2660581|
2660582|
2660583|
2660608|
2660609|
2660610|
2660611|
2660612|
2660613|
2660614|
2660615|
2660640|
2660641|
2660642|
2660643|
2660644|
2660645|
2660646|
2660647|
2660672|
2660673|
2660674|
2660675|
2660676|
2660677|
2660678|
2660679|
2660704|
2660705|
2660706|
2660707|
2660708|
2660709|
2660710|
2660711|
2660736|
2660737|
2660738|
2660739|
2660740|
2660741|
2660742|
2660743|
2660768|
2660769|
2660770|
2660771|
2660772|
2660773|
2660774|
2660775|
2660800|
2660801|
2660802|
2660803|
2660804|
2660805|
2660806|
2660807|
2660832|
2660833|
2660834|
2660835|
2660836|
2660837|
2660838|
2660839|
2660864|
2660865|
2660866|
2660867|
2660868|
2660869|
2660870|
2660871|
2660896|
2660897|
2660898|
2660899|
2660900|
2660901|
2660902|
2660903|
2660928|
2660929|
2660930|
2660931|
2660932|
2660933|
2660934|
2660935|
2660960|
2660961|
2660962|
2660963|
2660964|
2660965|
2660966|
2660967|
2660992|
2660993|
2660994|
2660995|
2660996|
2660997|
2660998|
2660999|
2661024|
2661025|
2661026|
2661027|
2661028|
2661029|
2661030|
2661031|
2661056|
2661057|
2661058|
2661059|
2661060|
2661061|
2661062|
2661063|
2661088|
2661089|
2661090|
2661091|
2661092|
2661093|
2661094|
2661095|
2661120|
2661121|
2661122|
2661123|
2661124|
2661125|
2661126|
2661127|
2661152|
2661153|
2661154|
2661155|
2661156|
2661157|
2661158|
2661159|
2661184|
2661185|
2661186|
2661187|
2661188|
2661189|
2661190|
2661191|
2661216|
2661217|
2661218|
2661219|
2661220|
2661221|
2661222|
2661223|
2661248|
2661249|
2661250|
2661251|
2661252|
2661253|
2661254|
2661255|
2661280|
2661281|
2661282|
2661283|
2661284|
2661285|
2661286|
2661287|
2661312|
2661313|
2661314|
2661315|
2661316|
2661317|
2661318|
2661319|
2661344|
2661345|
2661346|
2661347|
2661348|
2661349|
2661350|
2661351|
2661376|
2661377|
2661378|
2661379|
2661380|
2661381|
2661382|
2661383|
2661408|
2661409|
2661410|
2661411|
2661412|
2661413|
2661414|
2661415|
2661440|
2661441|
2661442|
2661443|
2661444|
2661445|
2661446|
2661447|
2661472|
2661473|
2661474|
2661475|
2661476|
2661477|
2661478|
2661479|
2661504|
2661505|
2661506|
2661507|
2661508|
2661509|
2661510|
2661511|
2661536|
2661537|
2661538|
2661539|
2661540|
2661541|
2661542|
2661543|
2661568|
2661569|
2661570|
2661571|
2661572|
2661573|
2661574|
2661575|
2661600|
2661601|
2661602|
2661603|
2661604|
2661605|
2661606|
2661607|
2661632|
2661633|
2661634|
2661635|
2661636|
2661637|
2661638|
2661639|
2661664|
2661665|
2661666|
2661667|
2661668|
2661669|
2661670|
2661671|
2661696|
2661697|
2661698|
2661699|
2661700|
2661701|
2661702|
2661703|
2661728|
2661729|
2661730|
2661731|
2661732|
2661733|
2661734|
2661735|
2661760|
2661761|
2661762|
2661763|
2661764|
2661765|
2661766|
2661767|
2661792|
2661793|
2661794|
2661795|
2661796|
2661797|
2661798|
2661799|
2661824|
2661825|
2661826|
2661827|
2661828|
2661829|
2661830|
2661831|
2661856|
2661857|
2661858|
2661859|
2661860|
2661861|
2661862|
2661863|
2661888|
2661889|
2661890|
2661891|
2661892|
2661893|
2661894|
2661895|
2661920|
2661921|
2661922|
2661923|
2661924|
2661925|
2661926|
2661927|
2661952|
2661953|
2661954|
2661955|
2661956|
2661957|
2661958|
2661959|
2661984|
2661985|
2661986|
2661987|
2661988|
2661989|
2661990|
2661991|
2662016|
2662017|
2662018|
2662019|
2662020|
2662021|
2662022|
2662023|
2662048|
2662049|
2662050|
2662051|
2662052|
2662053|
2662054|
2662055|
2662080|
2662081|
2662082|
2662083|
2662084|
2662085|
2662086|
2662087|
2662112|
2662113|
2662114|
2662115|
2662116|
2662117|
2662118|
2662119|
2662144|
2662145|
2662146|
2662147|
2662148|
2662149|
2662150|
2662151|
2662176|
2662177|
2662178|
2662179|
2662180|
2662181|
2662182|
2662183|
2662208|
2662209|
2662210|
2662211|
2662212|
2662213|
2662214|
2662215|
2662240|
2662241|
2662242|
2662243|
2662244|
2662245|
2662246|
2662247|
2662272|
2662273|
2662274|
2662275|
2662276|
2662277|
2662278|
2662279|
2662304|
2662305|
2662306|
2662307|
2662308|
2662309|
2662310|
2662311|
2662336|
2662337|
2662338|
2662339|
2662340|
2662341|
2662342|
2662343|
2662368|
2662369|
2662370|
2662371|
2662372|
2662373|
2662374|
2662375|
2662400|
2662401|
2662402|
2662403|
2662404|
2662405|
2662406|
2662407|
2662432|
2662433|
2662434|
2662435|
2662436|
2662437|
2662438|
2662439|
2662464|
2662465|
2662466|
2662467|
2662468|
2662469|
2662470|
2662471|
2662496|
2662497|
2662498|
2662499|
2662500|
2662501|
2662502|
2662503|
2662528|
2662529|
2662530|
2662531|
2662532|
2662533|
2662534|
2662535|
2662560|
2662561|
2662562|
2662563|
2662564|
2662565|
2662566|
2662567|
2662592|
2662593|
2662594|
2662595|
2662596|
2662597|
2662598|
2662599|
2662624|
2662625|
2662626|
2662627|
2662628|
2662629|
2662630|
2662631|
2662656|
2662657|
2662658|
2662659|
2662660|
2662661|
2662662|
2662663|
2662688|
2662689|
2662690|
2662691|
2662692|
2662693|
2662694|
2662695|
2662720|
2662721|
2662722|
2662723|
2662724|
2662725|
2662726|
2662727|
2662752|
2662753|
2662754|
2662755|
2662756|
2662757|
2662758|
2662759|
2662784|
2662785|
2662786|
2662787|
2662788|
2662789|
2662790|
2662791|
2662816|
2662817|
2662818|
2662819|
2662820|
2662821|
2662822|
2662823|
2662848|
2662849|
2662850|
2662851|
2662852|
2662853|
2662854|
2662855|
2662880|
2662881|
2662882|
2662883|
2662884|
2662885|
2662886|
2662887|
2662912|
2662913|
2662914|
2662915|
2662916|
2662917|
2662918|
2662919|
2662944|
2662945|
2662946|
2662947|
2662948|
2662949|
2662950|
2662951|
2662976|
2662977|
2662978|
2662979|
2662980|
2662981|
2662982|
2662983|
2663008|
2663009|
2663010|
2663011|
2663012|
2663013|
2663014|
2663015|
2663040|
2663041|
2663042|
2663043|
2663044|
2663045|
2663046|
2663047|
2663072|
2663073|
2663074|
2663075|
2663076|
2663077|
2663078|
2663079|
2663104|
2663105|
2663106|
2663107|
2663108|
2663109|
2663110|
2663111|
2663136|
2663137|
2663138|
2663139|
2663140|
2663141|
2663142|
2663143|
2663168|
2663169|
2663170|
2663171|
2663172|
2663173|
2663174|
2663175|
2663200|
2663201|
2663202|
2663203|
2663204|
2663205|
2663206|
2663207|
2663232|
2663233|
2663234|
2663235|
2663236|
2663237|
2663238|
2663239|
2663264|
2663265|
2663266|
2663267|
2663268|
2663269|
2663270|
2663271|
2663296|
2663297|
2663298|
2663299|
2663300|
2663301|
2663302|
2663303|
2663328|
2663329|
2663330|
2663331|
2663332|
2663333|
2663334|
2663335|
2663360|
2663361|
2663362|
2663363|
2663364|
2663365|
2663366|
2663367|
2663392|
2663393|
2663394|
2663395|
2663396|
2663397|
2663398|
2663399|
2663424|
2663425|
2663426|
2663427|
2663428|
2663429|
2663430|
2663431|
2663456|
2663457|
2663458|
2663459|
2663460|
2663461|
2663462|
2663463|
2663488|
2663489|
2663490|
2663491|
2663492|
2663493|
2663494|
2663495|
2663520|
2663521|
2663522|
2663523|
2663524|
2663525|
2663526|
2663527|
2663552|
2663553|
2663554|
2663555|
2663556|
2663557|
2663558|
2663559|
2663584|
2663585|
2663586|
2663587|
2663588|
2663589|
2663590|
2663591|
2663616|
2663617|
2663618|
2663619|
2663620|
2663621|
2663622|
2663623|
2663648|
2663649|
2663650|
2663651|
2663652|
2663653|
2663654|
2663655|
2663680|
2663681|
2663682|
2663683|
2663684|
2663685|
2663686|
2663687|
2663712|
2663713|
2663714|
2663715|
2663716|
2663717|
2663718|
2663719|
2663744|
2663745|
2663746|
2663747|
2663748|
2663749|
2663750|
2663751|
2663776|
2663777|
2663778|
2663779|
2663780|
2663781|
2663782|
2663783|
2663808|
2663809|
2663810|
2663811|
2663812|
2663813|
2663814|
2663815|
2663840|
2663841|
2663842|
2663843|
2663844|
2663845|
2663846|
2663847|
2663872|
2663873|
2663874|
2663875|
2663876|
2663877|
2663878|
2663879|
2663904|
2663905|
2663906|
2663907|
2663908|
2663909|
2663910|
2663911|
2663936|
2663937|
2663938|
2663939|
2663940|
2663941|
2663942|
2663943|
2663968|
2663969|
2663970|
2663971|
2663972|
2663973|
2663974|
2663975|
2664000|
