1596001|
1596002|
1596003|
1596004|
1596005|
1596006|
1596007|
1596032|
1596033|
1596034|
1596035|
1596036|
1596037|
1596038|
1596039|
1596064|
1596065|
1596066|
1596067|
1596068|
1596069|
1596070|
1596071|
1596096|
1596097|
1596098|
1596099|
1596100|
1596101|
1596102|
1596103|
1596128|
1596129|
1596130|
1596131|
1596132|
1596133|
1596134|
1596135|
1596160|
1596161|
1596162|
1596163|
1596164|
1596165|
1596166|
1596167|
1596192|
1596193|
1596194|
1596195|
1596196|
1596197|
1596198|
1596199|
1596224|
1596225|
1596226|
1596227|
1596228|
1596229|
1596230|
1596231|
1596256|
1596257|
1596258|
1596259|
1596260|
1596261|
1596262|
1596263|
1596288|
1596289|
1596290|
1596291|
1596292|
1596293|
1596294|
1596295|
1596320|
1596321|
1596322|
1596323|
1596324|
1596325|
1596326|
1596327|
1596352|
1596353|
1596354|
1596355|
1596356|
1596357|
1596358|
1596359|
1596384|
1596385|
1596386|
1596387|
1596388|
1596389|
1596390|
1596391|
1596416|
1596417|
1596418|
1596419|
1596420|
1596421|
1596422|
1596423|
1596448|
1596449|
1596450|
1596451|
1596452|
1596453|
1596454|
1596455|
1596480|
1596481|
1596482|
1596483|
1596484|
1596485|
1596486|
1596487|
1596512|
1596513|
1596514|
1596515|
1596516|
1596517|
1596518|
1596519|
1596544|
1596545|
1596546|
1596547|
1596548|
1596549|
1596550|
1596551|
1596576|
1596577|
1596578|
1596579|
1596580|
1596581|
1596582|
1596583|
1596608|
1596609|
1596610|
1596611|
1596612|
1596613|
1596614|
1596615|
1596640|
1596641|
1596642|
1596643|
1596644|
1596645|
1596646|
1596647|
1596672|
1596673|
1596674|
1596675|
1596676|
1596677|
1596678|
1596679|
1596704|
1596705|
1596706|
1596707|
1596708|
1596709|
1596710|
1596711|
1596736|
1596737|
1596738|
1596739|
1596740|
1596741|
1596742|
1596743|
1596768|
1596769|
1596770|
1596771|
1596772|
1596773|
1596774|
1596775|
1596800|
1596801|
1596802|
1596803|
1596804|
1596805|
1596806|
1596807|
1596832|
1596833|
1596834|
1596835|
1596836|
1596837|
1596838|
1596839|
1596864|
1596865|
1596866|
1596867|
1596868|
1596869|
1596870|
1596871|
1596896|
1596897|
1596898|
1596899|
1596900|
1596901|
1596902|
1596903|
1596928|
1596929|
1596930|
1596931|
1596932|
1596933|
1596934|
1596935|
1596960|
1596961|
1596962|
1596963|
1596964|
1596965|
1596966|
1596967|
1596992|
1596993|
1596994|
1596995|
1596996|
1596997|
1596998|
1596999|
1597024|
1597025|
1597026|
1597027|
1597028|
1597029|
1597030|
1597031|
1597056|
1597057|
1597058|
1597059|
1597060|
1597061|
1597062|
1597063|
1597088|
1597089|
1597090|
1597091|
1597092|
1597093|
1597094|
1597095|
1597120|
1597121|
1597122|
1597123|
1597124|
1597125|
1597126|
1597127|
1597152|
1597153|
1597154|
1597155|
1597156|
1597157|
1597158|
1597159|
1597184|
1597185|
1597186|
1597187|
1597188|
1597189|
1597190|
1597191|
1597216|
1597217|
1597218|
1597219|
1597220|
1597221|
1597222|
1597223|
1597248|
1597249|
1597250|
1597251|
1597252|
1597253|
1597254|
1597255|
1597280|
1597281|
1597282|
1597283|
1597284|
1597285|
1597286|
1597287|
1597312|
1597313|
1597314|
1597315|
1597316|
1597317|
1597318|
1597319|
1597344|
1597345|
1597346|
1597347|
1597348|
1597349|
1597350|
1597351|
1597376|
1597377|
1597378|
1597379|
1597380|
1597381|
1597382|
1597383|
1597408|
1597409|
1597410|
1597411|
1597412|
1597413|
1597414|
1597415|
1597440|
1597441|
1597442|
1597443|
1597444|
1597445|
1597446|
1597447|
1597472|
1597473|
1597474|
1597475|
1597476|
1597477|
1597478|
1597479|
1597504|
1597505|
1597506|
1597507|
1597508|
1597509|
1597510|
1597511|
1597536|
1597537|
1597538|
1597539|
1597540|
1597541|
1597542|
1597543|
1597568|
1597569|
1597570|
1597571|
1597572|
1597573|
1597574|
1597575|
1597600|
1597601|
1597602|
1597603|
1597604|
1597605|
1597606|
1597607|
1597632|
1597633|
1597634|
1597635|
1597636|
1597637|
1597638|
1597639|
1597664|
1597665|
1597666|
1597667|
1597668|
1597669|
1597670|
1597671|
1597696|
1597697|
1597698|
1597699|
1597700|
1597701|
1597702|
1597703|
1597728|
1597729|
1597730|
1597731|
1597732|
1597733|
1597734|
1597735|
1597760|
1597761|
1597762|
1597763|
1597764|
1597765|
1597766|
1597767|
1597792|
1597793|
1597794|
1597795|
1597796|
1597797|
1597798|
1597799|
1597824|
1597825|
1597826|
1597827|
1597828|
1597829|
1597830|
1597831|
1597856|
1597857|
1597858|
1597859|
1597860|
1597861|
1597862|
1597863|
1597888|
1597889|
1597890|
1597891|
1597892|
1597893|
1597894|
1597895|
1597920|
1597921|
1597922|
1597923|
1597924|
1597925|
1597926|
1597927|
1597952|
1597953|
1597954|
1597955|
1597956|
1597957|
1597958|
1597959|
1597984|
1597985|
1597986|
1597987|
1597988|
1597989|
1597990|
1597991|
1598016|
1598017|
1598018|
1598019|
1598020|
1598021|
1598022|
1598023|
1598048|
1598049|
1598050|
1598051|
1598052|
1598053|
1598054|
1598055|
1598080|
1598081|
1598082|
1598083|
1598084|
1598085|
1598086|
1598087|
1598112|
1598113|
1598114|
1598115|
1598116|
1598117|
1598118|
1598119|
1598144|
1598145|
1598146|
1598147|
1598148|
1598149|
1598150|
1598151|
1598176|
1598177|
1598178|
1598179|
1598180|
1598181|
1598182|
1598183|
1598208|
1598209|
1598210|
1598211|
1598212|
1598213|
1598214|
1598215|
1598240|
1598241|
1598242|
1598243|
1598244|
1598245|
1598246|
1598247|
1598272|
1598273|
1598274|
1598275|
1598276|
1598277|
1598278|
1598279|
1598304|
1598305|
1598306|
1598307|
1598308|
1598309|
1598310|
1598311|
1598336|
1598337|
1598338|
1598339|
1598340|
1598341|
1598342|
1598343|
1598368|
1598369|
1598370|
1598371|
1598372|
1598373|
1598374|
1598375|
1598400|
1598401|
1598402|
1598403|
1598404|
1598405|
1598406|
1598407|
1598432|
1598433|
1598434|
1598435|
1598436|
1598437|
1598438|
1598439|
1598464|
1598465|
1598466|
1598467|
1598468|
1598469|
1598470|
1598471|
1598496|
1598497|
1598498|
1598499|
1598500|
1598501|
1598502|
1598503|
1598528|
1598529|
1598530|
1598531|
1598532|
1598533|
1598534|
1598535|
1598560|
1598561|
1598562|
1598563|
1598564|
1598565|
1598566|
1598567|
1598592|
1598593|
1598594|
1598595|
1598596|
1598597|
1598598|
1598599|
1598624|
1598625|
1598626|
1598627|
1598628|
1598629|
1598630|
1598631|
1598656|
1598657|
1598658|
1598659|
1598660|
1598661|
1598662|
1598663|
1598688|
1598689|
1598690|
1598691|
1598692|
1598693|
1598694|
1598695|
1598720|
1598721|
1598722|
1598723|
1598724|
1598725|
1598726|
1598727|
1598752|
1598753|
1598754|
1598755|
1598756|
1598757|
1598758|
1598759|
1598784|
1598785|
1598786|
1598787|
1598788|
1598789|
1598790|
1598791|
1598816|
1598817|
1598818|
1598819|
1598820|
1598821|
1598822|
1598823|
1598848|
1598849|
1598850|
1598851|
1598852|
1598853|
1598854|
1598855|
1598880|
1598881|
1598882|
1598883|
1598884|
1598885|
1598886|
1598887|
1598912|
1598913|
1598914|
1598915|
1598916|
1598917|
1598918|
1598919|
1598944|
1598945|
1598946|
1598947|
1598948|
1598949|
1598950|
1598951|
1598976|
1598977|
1598978|
1598979|
1598980|
1598981|
1598982|
1598983|
1599008|
1599009|
1599010|
1599011|
1599012|
1599013|
1599014|
1599015|
1599040|
1599041|
1599042|
1599043|
1599044|
1599045|
1599046|
1599047|
1599072|
1599073|
1599074|
1599075|
1599076|
1599077|
1599078|
1599079|
1599104|
1599105|
1599106|
1599107|
1599108|
1599109|
1599110|
1599111|
1599136|
1599137|
1599138|
1599139|
1599140|
1599141|
1599142|
1599143|
1599168|
1599169|
1599170|
1599171|
1599172|
1599173|
1599174|
1599175|
1599200|
1599201|
1599202|
1599203|
1599204|
1599205|
1599206|
1599207|
1599232|
1599233|
1599234|
1599235|
1599236|
1599237|
1599238|
1599239|
1599264|
1599265|
1599266|
1599267|
1599268|
1599269|
1599270|
1599271|
1599296|
1599297|
1599298|
1599299|
1599300|
1599301|
1599302|
1599303|
1599328|
1599329|
1599330|
1599331|
1599332|
1599333|
1599334|
1599335|
1599360|
1599361|
1599362|
1599363|
1599364|
1599365|
1599366|
1599367|
1599392|
1599393|
1599394|
1599395|
1599396|
1599397|
1599398|
1599399|
1599424|
1599425|
1599426|
1599427|
1599428|
1599429|
1599430|
1599431|
1599456|
1599457|
1599458|
1599459|
1599460|
1599461|
1599462|
1599463|
1599488|
1599489|
1599490|
1599491|
1599492|
1599493|
1599494|
1599495|
1599520|
1599521|
1599522|
1599523|
1599524|
1599525|
1599526|
1599527|
1599552|
1599553|
1599554|
1599555|
1599556|
1599557|
1599558|
1599559|
1599584|
1599585|
1599586|
1599587|
1599588|
1599589|
1599590|
1599591|
1599616|
1599617|
1599618|
1599619|
1599620|
1599621|
1599622|
1599623|
1599648|
1599649|
1599650|
1599651|
1599652|
1599653|
1599654|
1599655|
1599680|
1599681|
1599682|
1599683|
1599684|
1599685|
1599686|
1599687|
1599712|
1599713|
1599714|
1599715|
1599716|
1599717|
1599718|
1599719|
1599744|
1599745|
1599746|
1599747|
1599748|
1599749|
1599750|
1599751|
1599776|
1599777|
1599778|
1599779|
1599780|
1599781|
1599782|
1599783|
1599808|
1599809|
1599810|
1599811|
1599812|
1599813|
1599814|
1599815|
1599840|
1599841|
1599842|
1599843|
1599844|
1599845|
1599846|
1599847|
1599872|
1599873|
1599874|
1599875|
1599876|
1599877|
1599878|
1599879|
1599904|
1599905|
1599906|
1599907|
1599908|
1599909|
1599910|
1599911|
1599936|
1599937|
1599938|
1599939|
1599940|
1599941|
1599942|
1599943|
1599968|
1599969|
1599970|
1599971|
1599972|
1599973|
1599974|
1599975|
1600000|
1600001|
1600002|
1600003|
1600004|
1600005|
1600006|
1600007|
1600032|
1600033|
1600034|
1600035|
1600036|
1600037|
1600038|
1600039|
1600064|
1600065|
1600066|
1600067|
1600068|
1600069|
1600070|
1600071|
1600096|
1600097|
1600098|
1600099|
1600100|
1600101|
1600102|
1600103|
1600128|
1600129|
1600130|
1600131|
1600132|
1600133|
1600134|
1600135|
1600160|
1600161|
1600162|
1600163|
1600164|
1600165|
1600166|
1600167|
1600192|
1600193|
1600194|
1600195|
1600196|
1600197|
1600198|
1600199|
1600224|
1600225|
1600226|
1600227|
1600228|
1600229|
1600230|
1600231|
1600256|
1600257|
1600258|
1600259|
1600260|
1600261|
1600262|
1600263|
1600288|
1600289|
1600290|
1600291|
1600292|
1600293|
1600294|
1600295|
1600320|
1600321|
1600322|
1600323|
1600324|
1600325|
1600326|
1600327|
1600352|
1600353|
1600354|
1600355|
1600356|
1600357|
1600358|
1600359|
1600384|
1600385|
1600386|
1600387|
1600388|
1600389|
1600390|
1600391|
1600416|
1600417|
1600418|
1600419|
1600420|
1600421|
1600422|
1600423|
1600448|
1600449|
1600450|
1600451|
1600452|
1600453|
1600454|
1600455|
1600480|
1600481|
1600482|
1600483|
1600484|
1600485|
1600486|
1600487|
1600512|
1600513|
1600514|
1600515|
1600516|
1600517|
1600518|
1600519|
1600544|
1600545|
1600546|
1600547|
1600548|
1600549|
1600550|
1600551|
1600576|
1600577|
1600578|
1600579|
1600580|
1600581|
1600582|
1600583|
1600608|
1600609|
1600610|
1600611|
1600612|
1600613|
1600614|
1600615|
1600640|
1600641|
1600642|
1600643|
1600644|
1600645|
1600646|
1600647|
1600672|
1600673|
1600674|
1600675|
1600676|
1600677|
1600678|
1600679|
1600704|
1600705|
1600706|
1600707|
1600708|
1600709|
1600710|
1600711|
1600736|
1600737|
1600738|
1600739|
1600740|
1600741|
1600742|
1600743|
1600768|
1600769|
1600770|
1600771|
1600772|
1600773|
1600774|
1600775|
1600800|
1600801|
1600802|
1600803|
1600804|
1600805|
1600806|
1600807|
1600832|
1600833|
1600834|
1600835|
1600836|
1600837|
1600838|
1600839|
1600864|
1600865|
1600866|
1600867|
1600868|
1600869|
1600870|
1600871|
1600896|
1600897|
1600898|
1600899|
1600900|
1600901|
1600902|
1600903|
1600928|
1600929|
1600930|
1600931|
1600932|
1600933|
1600934|
1600935|
1600960|
1600961|
1600962|
1600963|
1600964|
1600965|
1600966|
1600967|
1600992|
1600993|
1600994|
1600995|
1600996|
1600997|
1600998|
1600999|
1601024|
1601025|
1601026|
1601027|
1601028|
1601029|
1601030|
1601031|
1601056|
1601057|
1601058|
1601059|
1601060|
1601061|
1601062|
1601063|
1601088|
1601089|
1601090|
1601091|
1601092|
1601093|
1601094|
1601095|
1601120|
1601121|
1601122|
1601123|
1601124|
1601125|
1601126|
1601127|
1601152|
1601153|
1601154|
1601155|
1601156|
1601157|
1601158|
1601159|
1601184|
1601185|
1601186|
1601187|
1601188|
1601189|
1601190|
1601191|
1601216|
1601217|
1601218|
1601219|
1601220|
1601221|
1601222|
1601223|
1601248|
1601249|
1601250|
1601251|
1601252|
1601253|
1601254|
1601255|
1601280|
1601281|
1601282|
1601283|
1601284|
1601285|
1601286|
1601287|
1601312|
1601313|
1601314|
1601315|
1601316|
1601317|
1601318|
1601319|
1601344|
1601345|
1601346|
1601347|
1601348|
1601349|
1601350|
1601351|
1601376|
1601377|
1601378|
1601379|
1601380|
1601381|
1601382|
1601383|
1601408|
1601409|
1601410|
1601411|
1601412|
1601413|
1601414|
1601415|
1601440|
1601441|
1601442|
1601443|
1601444|
1601445|
1601446|
1601447|
1601472|
1601473|
1601474|
1601475|
1601476|
1601477|
1601478|
1601479|
1601504|
1601505|
1601506|
1601507|
1601508|
1601509|
1601510|
1601511|
1601536|
1601537|
1601538|
1601539|
1601540|
1601541|
1601542|
1601543|
1601568|
1601569|
1601570|
1601571|
1601572|
1601573|
1601574|
1601575|
1601600|
1601601|
1601602|
1601603|
1601604|
1601605|
1601606|
1601607|
1601632|
1601633|
1601634|
1601635|
1601636|
1601637|
1601638|
1601639|
1601664|
1601665|
1601666|
1601667|
1601668|
1601669|
1601670|
1601671|
1601696|
1601697|
1601698|
1601699|
1601700|
1601701|
1601702|
1601703|
1601728|
1601729|
1601730|
1601731|
1601732|
1601733|
1601734|
1601735|
1601760|
1601761|
1601762|
1601763|
1601764|
1601765|
1601766|
1601767|
1601792|
1601793|
1601794|
1601795|
1601796|
1601797|
1601798|
1601799|
1601824|
1601825|
1601826|
1601827|
1601828|
1601829|
1601830|
1601831|
1601856|
1601857|
1601858|
1601859|
1601860|
1601861|
1601862|
1601863|
1601888|
1601889|
1601890|
1601891|
1601892|
1601893|
1601894|
1601895|
1601920|
1601921|
1601922|
1601923|
1601924|
1601925|
1601926|
1601927|
1601952|
1601953|
1601954|
1601955|
1601956|
1601957|
1601958|
1601959|
1601984|
1601985|
1601986|
1601987|
1601988|
