684001|
684002|
684003|
684004|
684005|
684006|
684007|
684032|
684033|
684034|
684035|
684036|
684037|
684038|
684039|
684064|
684065|
684066|
684067|
684068|
684069|
684070|
684071|
684096|
684097|
684098|
684099|
684100|
684101|
684102|
684103|
684128|
684129|
684130|
684131|
684132|
684133|
684134|
684135|
684160|
684161|
684162|
684163|
684164|
684165|
684166|
684167|
684192|
684193|
684194|
684195|
684196|
684197|
684198|
684199|
684224|
684225|
684226|
684227|
684228|
684229|
684230|
684231|
684256|
684257|
684258|
684259|
684260|
684261|
684262|
684263|
684288|
684289|
684290|
684291|
684292|
684293|
684294|
684295|
684320|
684321|
684322|
684323|
684324|
684325|
684326|
684327|
684352|
684353|
684354|
684355|
684356|
684357|
684358|
684359|
684384|
684385|
684386|
684387|
684388|
684389|
684390|
684391|
684416|
684417|
684418|
684419|
684420|
684421|
684422|
684423|
684448|
684449|
684450|
684451|
684452|
684453|
684454|
684455|
684480|
684481|
684482|
684483|
684484|
684485|
684486|
684487|
684512|
684513|
684514|
684515|
684516|
684517|
684518|
684519|
684544|
684545|
684546|
684547|
684548|
684549|
684550|
684551|
684576|
684577|
684578|
684579|
684580|
684581|
684582|
684583|
684608|
684609|
684610|
684611|
684612|
684613|
684614|
684615|
684640|
684641|
684642|
684643|
684644|
684645|
684646|
684647|
684672|
684673|
684674|
684675|
684676|
684677|
684678|
684679|
684704|
684705|
684706|
684707|
684708|
684709|
684710|
684711|
684736|
684737|
684738|
684739|
684740|
684741|
684742|
684743|
684768|
684769|
684770|
684771|
684772|
684773|
684774|
684775|
684800|
684801|
684802|
684803|
684804|
684805|
684806|
684807|
684832|
684833|
684834|
684835|
684836|
684837|
684838|
684839|
684864|
684865|
684866|
684867|
684868|
684869|
684870|
684871|
684896|
684897|
684898|
684899|
684900|
684901|
684902|
684903|
684928|
684929|
684930|
684931|
684932|
684933|
684934|
684935|
684960|
684961|
684962|
684963|
684964|
684965|
684966|
684967|
684992|
684993|
684994|
684995|
684996|
684997|
684998|
684999|
685024|
685025|
685026|
685027|
685028|
685029|
685030|
685031|
685056|
685057|
685058|
685059|
685060|
685061|
685062|
685063|
685088|
685089|
685090|
685091|
685092|
685093|
685094|
685095|
685120|
685121|
685122|
685123|
685124|
685125|
685126|
685127|
685152|
685153|
685154|
685155|
685156|
685157|
685158|
685159|
685184|
685185|
685186|
685187|
685188|
685189|
685190|
685191|
685216|
685217|
685218|
685219|
685220|
685221|
685222|
685223|
685248|
685249|
685250|
685251|
685252|
685253|
685254|
685255|
685280|
685281|
685282|
685283|
685284|
685285|
685286|
685287|
685312|
685313|
685314|
685315|
685316|
685317|
685318|
685319|
685344|
685345|
685346|
685347|
685348|
685349|
685350|
685351|
685376|
685377|
685378|
685379|
685380|
685381|
685382|
685383|
685408|
685409|
685410|
685411|
685412|
685413|
685414|
685415|
685440|
685441|
685442|
685443|
685444|
685445|
685446|
685447|
685472|
685473|
685474|
685475|
685476|
685477|
685478|
685479|
685504|
685505|
685506|
685507|
685508|
685509|
685510|
685511|
685536|
685537|
685538|
685539|
685540|
685541|
685542|
685543|
685568|
685569|
685570|
685571|
685572|
685573|
685574|
685575|
685600|
685601|
685602|
685603|
685604|
685605|
685606|
685607|
685632|
685633|
685634|
685635|
685636|
685637|
685638|
685639|
685664|
685665|
685666|
685667|
685668|
685669|
685670|
685671|
685696|
685697|
685698|
685699|
685700|
685701|
685702|
685703|
685728|
685729|
685730|
685731|
685732|
685733|
685734|
685735|
685760|
685761|
685762|
685763|
685764|
685765|
685766|
685767|
685792|
685793|
685794|
685795|
685796|
685797|
685798|
685799|
685824|
685825|
685826|
685827|
685828|
685829|
685830|
685831|
685856|
685857|
685858|
685859|
685860|
685861|
685862|
685863|
685888|
685889|
685890|
685891|
685892|
685893|
685894|
685895|
685920|
685921|
685922|
685923|
685924|
685925|
685926|
685927|
685952|
685953|
685954|
685955|
685956|
685957|
685958|
685959|
685984|
685985|
685986|
685987|
685988|
685989|
685990|
685991|
686016|
686017|
686018|
686019|
686020|
686021|
686022|
686023|
686048|
686049|
686050|
686051|
686052|
686053|
686054|
686055|
686080|
686081|
686082|
686083|
686084|
686085|
686086|
686087|
686112|
686113|
686114|
686115|
686116|
686117|
686118|
686119|
686144|
686145|
686146|
686147|
686148|
686149|
686150|
686151|
686176|
686177|
686178|
686179|
686180|
686181|
686182|
686183|
686208|
686209|
686210|
686211|
686212|
686213|
686214|
686215|
686240|
686241|
686242|
686243|
686244|
686245|
686246|
686247|
686272|
686273|
686274|
686275|
686276|
686277|
686278|
686279|
686304|
686305|
686306|
686307|
686308|
686309|
686310|
686311|
686336|
686337|
686338|
686339|
686340|
686341|
686342|
686343|
686368|
686369|
686370|
686371|
686372|
686373|
686374|
686375|
686400|
686401|
686402|
686403|
686404|
686405|
686406|
686407|
686432|
686433|
686434|
686435|
686436|
686437|
686438|
686439|
686464|
686465|
686466|
686467|
686468|
686469|
686470|
686471|
686496|
686497|
686498|
686499|
686500|
686501|
686502|
686503|
686528|
686529|
686530|
686531|
686532|
686533|
686534|
686535|
686560|
686561|
686562|
686563|
686564|
686565|
686566|
686567|
686592|
686593|
686594|
686595|
686596|
686597|
686598|
686599|
686624|
686625|
686626|
686627|
686628|
686629|
686630|
686631|
686656|
686657|
686658|
686659|
686660|
686661|
686662|
686663|
686688|
686689|
686690|
686691|
686692|
686693|
686694|
686695|
686720|
686721|
686722|
686723|
686724|
686725|
686726|
686727|
686752|
686753|
686754|
686755|
686756|
686757|
686758|
686759|
686784|
686785|
686786|
686787|
686788|
686789|
686790|
686791|
686816|
686817|
686818|
686819|
686820|
686821|
686822|
686823|
686848|
686849|
686850|
686851|
686852|
686853|
686854|
686855|
686880|
686881|
686882|
686883|
686884|
686885|
686886|
686887|
686912|
686913|
686914|
686915|
686916|
686917|
686918|
686919|
686944|
686945|
686946|
686947|
686948|
686949|
686950|
686951|
686976|
686977|
686978|
686979|
686980|
686981|
686982|
686983|
687008|
687009|
687010|
687011|
687012|
687013|
687014|
687015|
687040|
687041|
687042|
687043|
687044|
687045|
687046|
687047|
687072|
687073|
687074|
687075|
687076|
687077|
687078|
687079|
687104|
687105|
687106|
687107|
687108|
687109|
687110|
687111|
687136|
687137|
687138|
687139|
687140|
687141|
687142|
687143|
687168|
687169|
687170|
687171|
687172|
687173|
687174|
687175|
687200|
687201|
687202|
687203|
687204|
687205|
687206|
687207|
687232|
687233|
687234|
687235|
687236|
687237|
687238|
687239|
687264|
687265|
687266|
687267|
687268|
687269|
687270|
687271|
687296|
687297|
687298|
687299|
687300|
687301|
687302|
687303|
687328|
687329|
687330|
687331|
687332|
687333|
687334|
687335|
687360|
687361|
687362|
687363|
687364|
687365|
687366|
687367|
687392|
687393|
687394|
687395|
687396|
687397|
687398|
687399|
687424|
687425|
687426|
687427|
687428|
687429|
687430|
687431|
687456|
687457|
687458|
687459|
687460|
687461|
687462|
687463|
687488|
687489|
687490|
687491|
687492|
687493|
687494|
687495|
687520|
687521|
687522|
687523|
687524|
687525|
687526|
687527|
687552|
687553|
687554|
687555|
687556|
687557|
687558|
687559|
687584|
687585|
687586|
687587|
687588|
687589|
687590|
687591|
687616|
687617|
687618|
687619|
687620|
687621|
687622|
687623|
687648|
687649|
687650|
687651|
687652|
687653|
687654|
687655|
687680|
687681|
687682|
687683|
687684|
687685|
687686|
687687|
687712|
687713|
687714|
687715|
687716|
687717|
687718|
687719|
687744|
687745|
687746|
687747|
687748|
687749|
687750|
687751|
687776|
687777|
687778|
687779|
687780|
687781|
687782|
687783|
687808|
687809|
687810|
687811|
687812|
687813|
687814|
687815|
687840|
687841|
687842|
687843|
687844|
687845|
687846|
687847|
687872|
687873|
687874|
687875|
687876|
687877|
687878|
687879|
687904|
687905|
687906|
687907|
687908|
687909|
687910|
687911|
687936|
687937|
687938|
687939|
687940|
687941|
687942|
687943|
687968|
687969|
687970|
687971|
687972|
687973|
687974|
687975|
688000|
688001|
688002|
688003|
688004|
688005|
688006|
688007|
688032|
688033|
688034|
688035|
688036|
688037|
688038|
688039|
688064|
688065|
688066|
688067|
688068|
688069|
688070|
688071|
688096|
688097|
688098|
688099|
688100|
688101|
688102|
688103|
688128|
688129|
688130|
688131|
688132|
688133|
688134|
688135|
688160|
688161|
688162|
688163|
688164|
688165|
688166|
688167|
688192|
688193|
688194|
688195|
688196|
688197|
688198|
688199|
688224|
688225|
688226|
688227|
688228|
688229|
688230|
688231|
688256|
688257|
688258|
688259|
688260|
688261|
688262|
688263|
688288|
688289|
688290|
688291|
688292|
688293|
688294|
688295|
688320|
688321|
688322|
688323|
688324|
688325|
688326|
688327|
688352|
688353|
688354|
688355|
688356|
688357|
688358|
688359|
688384|
688385|
688386|
688387|
688388|
688389|
688390|
688391|
688416|
688417|
688418|
688419|
688420|
688421|
688422|
688423|
688448|
688449|
688450|
688451|
688452|
688453|
688454|
688455|
688480|
688481|
688482|
688483|
688484|
688485|
688486|
688487|
688512|
688513|
688514|
688515|
688516|
688517|
688518|
688519|
688544|
688545|
688546|
688547|
688548|
688549|
688550|
688551|
688576|
688577|
688578|
688579|
688580|
688581|
688582|
688583|
688608|
688609|
688610|
688611|
688612|
688613|
688614|
688615|
688640|
688641|
688642|
688643|
688644|
688645|
688646|
688647|
688672|
688673|
688674|
688675|
688676|
688677|
688678|
688679|
688704|
688705|
688706|
688707|
688708|
688709|
688710|
688711|
688736|
688737|
688738|
688739|
688740|
688741|
688742|
688743|
688768|
688769|
688770|
688771|
688772|
688773|
688774|
688775|
688800|
688801|
688802|
688803|
688804|
688805|
688806|
688807|
688832|
688833|
688834|
688835|
688836|
688837|
688838|
688839|
688864|
688865|
688866|
688867|
688868|
688869|
688870|
688871|
688896|
688897|
688898|
688899|
688900|
688901|
688902|
688903|
688928|
688929|
688930|
688931|
688932|
688933|
688934|
688935|
688960|
688961|
688962|
688963|
688964|
688965|
688966|
688967|
688992|
688993|
688994|
688995|
688996|
688997|
688998|
688999|
689024|
689025|
689026|
689027|
689028|
689029|
689030|
689031|
689056|
689057|
689058|
689059|
689060|
689061|
689062|
689063|
689088|
689089|
689090|
689091|
689092|
689093|
689094|
689095|
689120|
689121|
689122|
689123|
689124|
689125|
689126|
689127|
689152|
689153|
689154|
689155|
689156|
689157|
689158|
689159|
689184|
689185|
689186|
689187|
689188|
689189|
689190|
689191|
689216|
689217|
689218|
689219|
689220|
689221|
689222|
689223|
689248|
689249|
689250|
689251|
689252|
689253|
689254|
689255|
689280|
689281|
689282|
689283|
689284|
689285|
689286|
689287|
689312|
689313|
689314|
689315|
689316|
689317|
689318|
689319|
689344|
689345|
689346|
689347|
689348|
689349|
689350|
689351|
689376|
689377|
689378|
689379|
689380|
689381|
689382|
689383|
689408|
689409|
689410|
689411|
689412|
689413|
689414|
689415|
689440|
689441|
689442|
689443|
689444|
689445|
689446|
689447|
689472|
689473|
689474|
689475|
689476|
689477|
689478|
689479|
689504|
689505|
689506|
689507|
689508|
689509|
689510|
689511|
689536|
689537|
689538|
689539|
689540|
689541|
689542|
689543|
689568|
689569|
689570|
689571|
689572|
689573|
689574|
689575|
689600|
689601|
689602|
689603|
689604|
689605|
689606|
689607|
689632|
689633|
689634|
689635|
689636|
689637|
689638|
689639|
689664|
689665|
689666|
689667|
689668|
689669|
689670|
689671|
689696|
689697|
689698|
689699|
689700|
689701|
689702|
689703|
689728|
689729|
689730|
689731|
689732|
689733|
689734|
689735|
689760|
689761|
689762|
689763|
689764|
689765|
689766|
689767|
689792|
689793|
689794|
689795|
689796|
689797|
689798|
689799|
689824|
689825|
689826|
689827|
689828|
689829|
689830|
689831|
689856|
689857|
689858|
689859|
689860|
689861|
689862|
689863|
689888|
689889|
689890|
689891|
689892|
689893|
689894|
689895|
689920|
689921|
689922|
689923|
689924|
689925|
689926|
689927|
689952|
689953|
689954|
689955|
689956|
689957|
689958|
689959|
689984|
689985|
689986|
689987|
689988|
