1140001|
1140002|
1140003|
1140004|
1140005|
1140006|
1140007|
1140032|
1140033|
1140034|
1140035|
1140036|
1140037|
1140038|
1140039|
1140064|
1140065|
1140066|
1140067|
1140068|
1140069|
1140070|
1140071|
1140096|
1140097|
1140098|
1140099|
1140100|
1140101|
1140102|
1140103|
1140128|
1140129|
1140130|
1140131|
1140132|
1140133|
1140134|
1140135|
1140160|
1140161|
1140162|
1140163|
1140164|
1140165|
1140166|
1140167|
1140192|
1140193|
1140194|
1140195|
1140196|
1140197|
1140198|
1140199|
1140224|
1140225|
1140226|
1140227|
1140228|
1140229|
1140230|
1140231|
1140256|
1140257|
1140258|
1140259|
1140260|
1140261|
1140262|
1140263|
1140288|
1140289|
1140290|
1140291|
1140292|
1140293|
1140294|
1140295|
1140320|
1140321|
1140322|
1140323|
1140324|
1140325|
1140326|
1140327|
1140352|
1140353|
1140354|
1140355|
1140356|
1140357|
1140358|
1140359|
1140384|
1140385|
1140386|
1140387|
1140388|
1140389|
1140390|
1140391|
1140416|
1140417|
1140418|
1140419|
1140420|
1140421|
1140422|
1140423|
1140448|
1140449|
1140450|
1140451|
1140452|
1140453|
1140454|
1140455|
1140480|
1140481|
1140482|
1140483|
1140484|
1140485|
1140486|
1140487|
1140512|
1140513|
1140514|
1140515|
1140516|
1140517|
1140518|
1140519|
1140544|
1140545|
1140546|
1140547|
1140548|
1140549|
1140550|
1140551|
1140576|
1140577|
1140578|
1140579|
1140580|
1140581|
1140582|
1140583|
1140608|
1140609|
1140610|
1140611|
1140612|
1140613|
1140614|
1140615|
1140640|
1140641|
1140642|
1140643|
1140644|
1140645|
1140646|
1140647|
1140672|
1140673|
1140674|
1140675|
1140676|
1140677|
1140678|
1140679|
1140704|
1140705|
1140706|
1140707|
1140708|
1140709|
1140710|
1140711|
1140736|
1140737|
1140738|
1140739|
1140740|
1140741|
1140742|
1140743|
1140768|
1140769|
1140770|
1140771|
1140772|
1140773|
1140774|
1140775|
1140800|
1140801|
1140802|
1140803|
1140804|
1140805|
1140806|
1140807|
1140832|
1140833|
1140834|
1140835|
1140836|
1140837|
1140838|
1140839|
1140864|
1140865|
1140866|
1140867|
1140868|
1140869|
1140870|
1140871|
1140896|
1140897|
1140898|
1140899|
1140900|
1140901|
1140902|
1140903|
1140928|
1140929|
1140930|
1140931|
1140932|
1140933|
1140934|
1140935|
1140960|
1140961|
1140962|
1140963|
1140964|
1140965|
1140966|
1140967|
1140992|
1140993|
1140994|
1140995|
1140996|
1140997|
1140998|
1140999|
1141024|
1141025|
1141026|
1141027|
1141028|
1141029|
1141030|
1141031|
1141056|
1141057|
1141058|
1141059|
1141060|
1141061|
1141062|
1141063|
1141088|
1141089|
1141090|
1141091|
1141092|
1141093|
1141094|
1141095|
1141120|
1141121|
1141122|
1141123|
1141124|
1141125|
1141126|
1141127|
1141152|
1141153|
1141154|
1141155|
1141156|
1141157|
1141158|
1141159|
1141184|
1141185|
1141186|
1141187|
1141188|
1141189|
1141190|
1141191|
1141216|
1141217|
1141218|
1141219|
1141220|
1141221|
1141222|
1141223|
1141248|
1141249|
1141250|
1141251|
1141252|
1141253|
1141254|
1141255|
1141280|
1141281|
1141282|
1141283|
1141284|
1141285|
1141286|
1141287|
1141312|
1141313|
1141314|
1141315|
1141316|
1141317|
1141318|
1141319|
1141344|
1141345|
1141346|
1141347|
1141348|
1141349|
1141350|
1141351|
1141376|
1141377|
1141378|
1141379|
1141380|
1141381|
1141382|
1141383|
1141408|
1141409|
1141410|
1141411|
1141412|
1141413|
1141414|
1141415|
1141440|
1141441|
1141442|
1141443|
1141444|
1141445|
1141446|
1141447|
1141472|
1141473|
1141474|
1141475|
1141476|
1141477|
1141478|
1141479|
1141504|
1141505|
1141506|
1141507|
1141508|
1141509|
1141510|
1141511|
1141536|
1141537|
1141538|
1141539|
1141540|
1141541|
1141542|
1141543|
1141568|
1141569|
1141570|
1141571|
1141572|
1141573|
1141574|
1141575|
1141600|
1141601|
1141602|
1141603|
1141604|
1141605|
1141606|
1141607|
1141632|
1141633|
1141634|
1141635|
1141636|
1141637|
1141638|
1141639|
1141664|
1141665|
1141666|
1141667|
1141668|
1141669|
1141670|
1141671|
1141696|
1141697|
1141698|
1141699|
1141700|
1141701|
1141702|
1141703|
1141728|
1141729|
1141730|
1141731|
1141732|
1141733|
1141734|
1141735|
1141760|
1141761|
1141762|
1141763|
1141764|
1141765|
1141766|
1141767|
1141792|
1141793|
1141794|
1141795|
1141796|
1141797|
1141798|
1141799|
1141824|
1141825|
1141826|
1141827|
1141828|
1141829|
1141830|
1141831|
1141856|
1141857|
1141858|
1141859|
1141860|
1141861|
1141862|
1141863|
1141888|
1141889|
1141890|
1141891|
1141892|
1141893|
1141894|
1141895|
1141920|
1141921|
1141922|
1141923|
1141924|
1141925|
1141926|
1141927|
1141952|
1141953|
1141954|
1141955|
1141956|
1141957|
1141958|
1141959|
1141984|
1141985|
1141986|
1141987|
1141988|
1141989|
1141990|
1141991|
1142016|
1142017|
1142018|
1142019|
1142020|
1142021|
1142022|
1142023|
1142048|
1142049|
1142050|
1142051|
1142052|
1142053|
1142054|
1142055|
1142080|
1142081|
1142082|
1142083|
1142084|
1142085|
1142086|
1142087|
1142112|
1142113|
1142114|
1142115|
1142116|
1142117|
1142118|
1142119|
1142144|
1142145|
1142146|
1142147|
1142148|
1142149|
1142150|
1142151|
1142176|
1142177|
1142178|
1142179|
1142180|
1142181|
1142182|
1142183|
1142208|
1142209|
1142210|
1142211|
1142212|
1142213|
1142214|
1142215|
1142240|
1142241|
1142242|
1142243|
1142244|
1142245|
1142246|
1142247|
1142272|
1142273|
1142274|
1142275|
1142276|
1142277|
1142278|
1142279|
1142304|
1142305|
1142306|
1142307|
1142308|
1142309|
1142310|
1142311|
1142336|
1142337|
1142338|
1142339|
1142340|
1142341|
1142342|
1142343|
1142368|
1142369|
1142370|
1142371|
1142372|
1142373|
1142374|
1142375|
1142400|
1142401|
1142402|
1142403|
1142404|
1142405|
1142406|
1142407|
1142432|
1142433|
1142434|
1142435|
1142436|
1142437|
1142438|
1142439|
1142464|
1142465|
1142466|
1142467|
1142468|
1142469|
1142470|
1142471|
1142496|
1142497|
1142498|
1142499|
1142500|
1142501|
1142502|
1142503|
1142528|
1142529|
1142530|
1142531|
1142532|
1142533|
1142534|
1142535|
1142560|
1142561|
1142562|
1142563|
1142564|
1142565|
1142566|
1142567|
1142592|
1142593|
1142594|
1142595|
1142596|
1142597|
1142598|
1142599|
1142624|
1142625|
1142626|
1142627|
1142628|
1142629|
1142630|
1142631|
1142656|
1142657|
1142658|
1142659|
1142660|
1142661|
1142662|
1142663|
1142688|
1142689|
1142690|
1142691|
1142692|
1142693|
1142694|
1142695|
1142720|
1142721|
1142722|
1142723|
1142724|
1142725|
1142726|
1142727|
1142752|
1142753|
1142754|
1142755|
1142756|
1142757|
1142758|
1142759|
1142784|
1142785|
1142786|
1142787|
1142788|
1142789|
1142790|
1142791|
1142816|
1142817|
1142818|
1142819|
1142820|
1142821|
1142822|
1142823|
1142848|
1142849|
1142850|
1142851|
1142852|
1142853|
1142854|
1142855|
1142880|
1142881|
1142882|
1142883|
1142884|
1142885|
1142886|
1142887|
1142912|
1142913|
1142914|
1142915|
1142916|
1142917|
1142918|
1142919|
1142944|
1142945|
1142946|
1142947|
1142948|
1142949|
1142950|
1142951|
1142976|
1142977|
1142978|
1142979|
1142980|
1142981|
1142982|
1142983|
1143008|
1143009|
1143010|
1143011|
1143012|
1143013|
1143014|
1143015|
1143040|
1143041|
1143042|
1143043|
1143044|
1143045|
1143046|
1143047|
1143072|
1143073|
1143074|
1143075|
1143076|
1143077|
1143078|
1143079|
1143104|
1143105|
1143106|
1143107|
1143108|
1143109|
1143110|
1143111|
1143136|
1143137|
1143138|
1143139|
1143140|
1143141|
1143142|
1143143|
1143168|
1143169|
1143170|
1143171|
1143172|
1143173|
1143174|
1143175|
1143200|
1143201|
1143202|
1143203|
1143204|
1143205|
1143206|
1143207|
1143232|
1143233|
1143234|
1143235|
1143236|
1143237|
1143238|
1143239|
1143264|
1143265|
1143266|
1143267|
1143268|
1143269|
1143270|
1143271|
1143296|
1143297|
1143298|
1143299|
1143300|
1143301|
1143302|
1143303|
1143328|
1143329|
1143330|
1143331|
1143332|
1143333|
1143334|
1143335|
1143360|
1143361|
1143362|
1143363|
1143364|
1143365|
1143366|
1143367|
1143392|
1143393|
1143394|
1143395|
1143396|
1143397|
1143398|
1143399|
1143424|
1143425|
1143426|
1143427|
1143428|
1143429|
1143430|
1143431|
1143456|
1143457|
1143458|
1143459|
1143460|
1143461|
1143462|
1143463|
1143488|
1143489|
1143490|
1143491|
1143492|
1143493|
1143494|
1143495|
1143520|
1143521|
1143522|
1143523|
1143524|
1143525|
1143526|
1143527|
1143552|
1143553|
1143554|
1143555|
1143556|
1143557|
1143558|
1143559|
1143584|
1143585|
1143586|
1143587|
1143588|
1143589|
1143590|
1143591|
1143616|
1143617|
1143618|
1143619|
1143620|
1143621|
1143622|
1143623|
1143648|
1143649|
1143650|
1143651|
1143652|
1143653|
1143654|
1143655|
1143680|
1143681|
1143682|
1143683|
1143684|
1143685|
1143686|
1143687|
1143712|
1143713|
1143714|
1143715|
1143716|
1143717|
1143718|
1143719|
1143744|
1143745|
1143746|
1143747|
1143748|
1143749|
1143750|
1143751|
1143776|
1143777|
1143778|
1143779|
1143780|
1143781|
1143782|
1143783|
1143808|
1143809|
1143810|
1143811|
1143812|
1143813|
1143814|
1143815|
1143840|
1143841|
1143842|
1143843|
1143844|
1143845|
1143846|
1143847|
1143872|
1143873|
1143874|
1143875|
1143876|
1143877|
1143878|
1143879|
1143904|
1143905|
1143906|
1143907|
1143908|
1143909|
1143910|
1143911|
1143936|
1143937|
1143938|
1143939|
1143940|
1143941|
1143942|
1143943|
1143968|
1143969|
1143970|
1143971|
1143972|
1143973|
1143974|
1143975|
1144000|
1144001|
1144002|
1144003|
1144004|
1144005|
1144006|
1144007|
1144032|
1144033|
1144034|
1144035|
1144036|
1144037|
1144038|
1144039|
1144064|
1144065|
1144066|
1144067|
1144068|
1144069|
1144070|
1144071|
1144096|
1144097|
1144098|
1144099|
1144100|
1144101|
1144102|
1144103|
1144128|
1144129|
1144130|
1144131|
1144132|
1144133|
1144134|
1144135|
1144160|
1144161|
1144162|
1144163|
1144164|
1144165|
1144166|
1144167|
1144192|
1144193|
1144194|
1144195|
1144196|
1144197|
1144198|
1144199|
1144224|
1144225|
1144226|
1144227|
1144228|
1144229|
1144230|
1144231|
1144256|
1144257|
1144258|
1144259|
1144260|
1144261|
1144262|
1144263|
1144288|
1144289|
1144290|
1144291|
1144292|
1144293|
1144294|
1144295|
1144320|
1144321|
1144322|
1144323|
1144324|
1144325|
1144326|
1144327|
1144352|
1144353|
1144354|
1144355|
1144356|
1144357|
1144358|
1144359|
1144384|
1144385|
1144386|
1144387|
1144388|
1144389|
1144390|
1144391|
1144416|
1144417|
1144418|
1144419|
1144420|
1144421|
1144422|
1144423|
1144448|
1144449|
1144450|
1144451|
1144452|
1144453|
1144454|
1144455|
1144480|
1144481|
1144482|
1144483|
1144484|
1144485|
1144486|
1144487|
1144512|
1144513|
1144514|
1144515|
1144516|
1144517|
1144518|
1144519|
1144544|
1144545|
1144546|
1144547|
1144548|
1144549|
1144550|
1144551|
1144576|
1144577|
1144578|
1144579|
1144580|
1144581|
1144582|
1144583|
1144608|
1144609|
1144610|
1144611|
1144612|
1144613|
1144614|
1144615|
1144640|
1144641|
1144642|
1144643|
1144644|
1144645|
1144646|
1144647|
1144672|
1144673|
1144674|
1144675|
1144676|
1144677|
1144678|
1144679|
1144704|
1144705|
1144706|
1144707|
1144708|
1144709|
1144710|
1144711|
1144736|
1144737|
1144738|
1144739|
1144740|
1144741|
1144742|
1144743|
1144768|
1144769|
1144770|
1144771|
1144772|
1144773|
1144774|
1144775|
1144800|
1144801|
1144802|
1144803|
1144804|
1144805|
1144806|
1144807|
1144832|
1144833|
1144834|
1144835|
1144836|
1144837|
1144838|
1144839|
1144864|
1144865|
1144866|
1144867|
1144868|
1144869|
1144870|
1144871|
1144896|
1144897|
1144898|
1144899|
1144900|
1144901|
1144902|
1144903|
1144928|
1144929|
1144930|
1144931|
1144932|
1144933|
1144934|
1144935|
1144960|
1144961|
1144962|
1144963|
1144964|
1144965|
1144966|
1144967|
1144992|
1144993|
1144994|
1144995|
1144996|
1144997|
1144998|
1144999|
1145024|
1145025|
1145026|
1145027|
1145028|
1145029|
1145030|
1145031|
1145056|
1145057|
1145058|
1145059|
1145060|
1145061|
1145062|
1145063|
1145088|
1145089|
1145090|
1145091|
1145092|
1145093|
1145094|
1145095|
1145120|
1145121|
1145122|
1145123|
1145124|
1145125|
1145126|
1145127|
1145152|
1145153|
1145154|
1145155|
1145156|
1145157|
1145158|
1145159|
1145184|
1145185|
1145186|
1145187|
1145188|
1145189|
1145190|
1145191|
1145216|
1145217|
1145218|
1145219|
1145220|
1145221|
1145222|
1145223|
1145248|
1145249|
1145250|
1145251|
1145252|
1145253|
1145254|
1145255|
1145280|
1145281|
1145282|
1145283|
1145284|
1145285|
1145286|
1145287|
1145312|
1145313|
1145314|
1145315|
1145316|
1145317|
1145318|
1145319|
1145344|
1145345|
1145346|
1145347|
1145348|
1145349|
1145350|
1145351|
1145376|
1145377|
1145378|
1145379|
1145380|
1145381|
1145382|
1145383|
1145408|
1145409|
1145410|
1145411|
1145412|
1145413|
1145414|
1145415|
1145440|
1145441|
1145442|
1145443|
1145444|
1145445|
1145446|
1145447|
1145472|
1145473|
1145474|
1145475|
1145476|
1145477|
1145478|
1145479|
1145504|
1145505|
1145506|
1145507|
1145508|
1145509|
1145510|
1145511|
1145536|
1145537|
1145538|
1145539|
1145540|
1145541|
1145542|
1145543|
1145568|
1145569|
1145570|
1145571|
1145572|
1145573|
1145574|
1145575|
1145600|
1145601|
1145602|
1145603|
1145604|
1145605|
1145606|
1145607|
1145632|
1145633|
1145634|
1145635|
1145636|
1145637|
1145638|
1145639|
1145664|
1145665|
1145666|
1145667|
1145668|
1145669|
1145670|
1145671|
1145696|
1145697|
1145698|
1145699|
1145700|
1145701|
1145702|
1145703|
1145728|
1145729|
1145730|
1145731|
1145732|
1145733|
1145734|
1145735|
1145760|
1145761|
1145762|
1145763|
1145764|
1145765|
1145766|
1145767|
1145792|
1145793|
1145794|
1145795|
1145796|
1145797|
1145798|
1145799|
1145824|
1145825|
1145826|
1145827|
1145828|
1145829|
1145830|
1145831|
1145856|
1145857|
1145858|
1145859|
1145860|
1145861|
1145862|
1145863|
1145888|
1145889|
1145890|
1145891|
1145892|
1145893|
1145894|
1145895|
1145920|
1145921|
1145922|
1145923|
1145924|
1145925|
1145926|
1145927|
1145952|
1145953|
1145954|
1145955|
1145956|
1145957|
1145958|
1145959|
1145984|
1145985|
1145986|
1145987|
1145988|
