2508001|
2508002|
2508003|
2508004|
2508005|
2508006|
2508007|
2508032|
2508033|
2508034|
2508035|
2508036|
2508037|
2508038|
2508039|
2508064|
2508065|
2508066|
2508067|
2508068|
2508069|
2508070|
2508071|
2508096|
2508097|
2508098|
2508099|
2508100|
2508101|
2508102|
2508103|
2508128|
2508129|
2508130|
2508131|
2508132|
2508133|
2508134|
2508135|
2508160|
2508161|
2508162|
2508163|
2508164|
2508165|
2508166|
2508167|
2508192|
2508193|
2508194|
2508195|
2508196|
2508197|
2508198|
2508199|
2508224|
2508225|
2508226|
2508227|
2508228|
2508229|
2508230|
2508231|
2508256|
2508257|
2508258|
2508259|
2508260|
2508261|
2508262|
2508263|
2508288|
2508289|
2508290|
2508291|
2508292|
2508293|
2508294|
2508295|
2508320|
2508321|
2508322|
2508323|
2508324|
2508325|
2508326|
2508327|
2508352|
2508353|
2508354|
2508355|
2508356|
2508357|
2508358|
2508359|
2508384|
2508385|
2508386|
2508387|
2508388|
2508389|
2508390|
2508391|
2508416|
2508417|
2508418|
2508419|
2508420|
2508421|
2508422|
2508423|
2508448|
2508449|
2508450|
2508451|
2508452|
2508453|
2508454|
2508455|
2508480|
2508481|
2508482|
2508483|
2508484|
2508485|
2508486|
2508487|
2508512|
2508513|
2508514|
2508515|
2508516|
2508517|
2508518|
2508519|
2508544|
2508545|
2508546|
2508547|
2508548|
2508549|
2508550|
2508551|
2508576|
2508577|
2508578|
2508579|
2508580|
2508581|
2508582|
2508583|
2508608|
2508609|
2508610|
2508611|
2508612|
2508613|
2508614|
2508615|
2508640|
2508641|
2508642|
2508643|
2508644|
2508645|
2508646|
2508647|
2508672|
2508673|
2508674|
2508675|
2508676|
2508677|
2508678|
2508679|
2508704|
2508705|
2508706|
2508707|
2508708|
2508709|
2508710|
2508711|
2508736|
2508737|
2508738|
2508739|
2508740|
2508741|
2508742|
2508743|
2508768|
2508769|
2508770|
2508771|
2508772|
2508773|
2508774|
2508775|
2508800|
2508801|
2508802|
2508803|
2508804|
2508805|
2508806|
2508807|
2508832|
2508833|
2508834|
2508835|
2508836|
2508837|
2508838|
2508839|
2508864|
2508865|
2508866|
2508867|
2508868|
2508869|
2508870|
2508871|
2508896|
2508897|
2508898|
2508899|
2508900|
2508901|
2508902|
2508903|
2508928|
2508929|
2508930|
2508931|
2508932|
2508933|
2508934|
2508935|
2508960|
2508961|
2508962|
2508963|
2508964|
2508965|
2508966|
2508967|
2508992|
2508993|
2508994|
2508995|
2508996|
2508997|
2508998|
2508999|
2509024|
2509025|
2509026|
2509027|
2509028|
2509029|
2509030|
2509031|
2509056|
2509057|
2509058|
2509059|
2509060|
2509061|
2509062|
2509063|
2509088|
2509089|
2509090|
2509091|
2509092|
2509093|
2509094|
2509095|
2509120|
2509121|
2509122|
2509123|
2509124|
2509125|
2509126|
2509127|
2509152|
2509153|
2509154|
2509155|
2509156|
2509157|
2509158|
2509159|
2509184|
2509185|
2509186|
2509187|
2509188|
2509189|
2509190|
2509191|
2509216|
2509217|
2509218|
2509219|
2509220|
2509221|
2509222|
2509223|
2509248|
2509249|
2509250|
2509251|
2509252|
2509253|
2509254|
2509255|
2509280|
2509281|
2509282|
2509283|
2509284|
2509285|
2509286|
2509287|
2509312|
2509313|
2509314|
2509315|
2509316|
2509317|
2509318|
2509319|
2509344|
2509345|
2509346|
2509347|
2509348|
2509349|
2509350|
2509351|
2509376|
2509377|
2509378|
2509379|
2509380|
2509381|
2509382|
2509383|
2509408|
2509409|
2509410|
2509411|
2509412|
2509413|
2509414|
2509415|
2509440|
2509441|
2509442|
2509443|
2509444|
2509445|
2509446|
2509447|
2509472|
2509473|
2509474|
2509475|
2509476|
2509477|
2509478|
2509479|
2509504|
2509505|
2509506|
2509507|
2509508|
2509509|
2509510|
2509511|
2509536|
2509537|
2509538|
2509539|
2509540|
2509541|
2509542|
2509543|
2509568|
2509569|
2509570|
2509571|
2509572|
2509573|
2509574|
2509575|
2509600|
2509601|
2509602|
2509603|
2509604|
2509605|
2509606|
2509607|
2509632|
2509633|
2509634|
2509635|
2509636|
2509637|
2509638|
2509639|
2509664|
2509665|
2509666|
2509667|
2509668|
2509669|
2509670|
2509671|
2509696|
2509697|
2509698|
2509699|
2509700|
2509701|
2509702|
2509703|
2509728|
2509729|
2509730|
2509731|
2509732|
2509733|
2509734|
2509735|
2509760|
2509761|
2509762|
2509763|
2509764|
2509765|
2509766|
2509767|
2509792|
2509793|
2509794|
2509795|
2509796|
2509797|
2509798|
2509799|
2509824|
2509825|
2509826|
2509827|
2509828|
2509829|
2509830|
2509831|
2509856|
2509857|
2509858|
2509859|
2509860|
2509861|
2509862|
2509863|
2509888|
2509889|
2509890|
2509891|
2509892|
2509893|
2509894|
2509895|
2509920|
2509921|
2509922|
2509923|
2509924|
2509925|
2509926|
2509927|
2509952|
2509953|
2509954|
2509955|
2509956|
2509957|
2509958|
2509959|
2509984|
2509985|
2509986|
2509987|
2509988|
2509989|
2509990|
2509991|
2510016|
2510017|
2510018|
2510019|
2510020|
2510021|
2510022|
2510023|
2510048|
2510049|
2510050|
2510051|
2510052|
2510053|
2510054|
2510055|
2510080|
2510081|
2510082|
2510083|
2510084|
2510085|
2510086|
2510087|
2510112|
2510113|
2510114|
2510115|
2510116|
2510117|
2510118|
2510119|
2510144|
2510145|
2510146|
2510147|
2510148|
2510149|
2510150|
2510151|
2510176|
2510177|
2510178|
2510179|
2510180|
2510181|
2510182|
2510183|
2510208|
2510209|
2510210|
2510211|
2510212|
2510213|
2510214|
2510215|
2510240|
2510241|
2510242|
2510243|
2510244|
2510245|
2510246|
2510247|
2510272|
2510273|
2510274|
2510275|
2510276|
2510277|
2510278|
2510279|
2510304|
2510305|
2510306|
2510307|
2510308|
2510309|
2510310|
2510311|
2510336|
2510337|
2510338|
2510339|
2510340|
2510341|
2510342|
2510343|
2510368|
2510369|
2510370|
2510371|
2510372|
2510373|
2510374|
2510375|
2510400|
2510401|
2510402|
2510403|
2510404|
2510405|
2510406|
2510407|
2510432|
2510433|
2510434|
2510435|
2510436|
2510437|
2510438|
2510439|
2510464|
2510465|
2510466|
2510467|
2510468|
2510469|
2510470|
2510471|
2510496|
2510497|
2510498|
2510499|
2510500|
2510501|
2510502|
2510503|
2510528|
2510529|
2510530|
2510531|
2510532|
2510533|
2510534|
2510535|
2510560|
2510561|
2510562|
2510563|
2510564|
2510565|
2510566|
2510567|
2510592|
2510593|
2510594|
2510595|
2510596|
2510597|
2510598|
2510599|
2510624|
2510625|
2510626|
2510627|
2510628|
2510629|
2510630|
2510631|
2510656|
2510657|
2510658|
2510659|
2510660|
2510661|
2510662|
2510663|
2510688|
2510689|
2510690|
2510691|
2510692|
2510693|
2510694|
2510695|
2510720|
2510721|
2510722|
2510723|
2510724|
2510725|
2510726|
2510727|
2510752|
2510753|
2510754|
2510755|
2510756|
2510757|
2510758|
2510759|
2510784|
2510785|
2510786|
2510787|
2510788|
2510789|
2510790|
2510791|
2510816|
2510817|
2510818|
2510819|
2510820|
2510821|
2510822|
2510823|
2510848|
2510849|
2510850|
2510851|
2510852|
2510853|
2510854|
2510855|
2510880|
2510881|
2510882|
2510883|
2510884|
2510885|
2510886|
2510887|
2510912|
2510913|
2510914|
2510915|
2510916|
2510917|
2510918|
2510919|
2510944|
2510945|
2510946|
2510947|
2510948|
2510949|
2510950|
2510951|
2510976|
2510977|
2510978|
2510979|
2510980|
2510981|
2510982|
2510983|
2511008|
2511009|
2511010|
2511011|
2511012|
2511013|
2511014|
2511015|
2511040|
2511041|
2511042|
2511043|
2511044|
2511045|
2511046|
2511047|
2511072|
2511073|
2511074|
2511075|
2511076|
2511077|
2511078|
2511079|
2511104|
2511105|
2511106|
2511107|
2511108|
2511109|
2511110|
2511111|
2511136|
2511137|
2511138|
2511139|
2511140|
2511141|
2511142|
2511143|
2511168|
2511169|
2511170|
2511171|
2511172|
2511173|
2511174|
2511175|
2511200|
2511201|
2511202|
2511203|
2511204|
2511205|
2511206|
2511207|
2511232|
2511233|
2511234|
2511235|
2511236|
2511237|
2511238|
2511239|
2511264|
2511265|
2511266|
2511267|
2511268|
2511269|
2511270|
2511271|
2511296|
2511297|
2511298|
2511299|
2511300|
2511301|
2511302|
2511303|
2511328|
2511329|
2511330|
2511331|
2511332|
2511333|
2511334|
2511335|
2511360|
2511361|
2511362|
2511363|
2511364|
2511365|
2511366|
2511367|
2511392|
2511393|
2511394|
2511395|
2511396|
2511397|
2511398|
2511399|
2511424|
2511425|
2511426|
2511427|
2511428|
2511429|
2511430|
2511431|
2511456|
2511457|
2511458|
2511459|
2511460|
2511461|
2511462|
2511463|
2511488|
2511489|
2511490|
2511491|
2511492|
2511493|
2511494|
2511495|
2511520|
2511521|
2511522|
2511523|
2511524|
2511525|
2511526|
2511527|
2511552|
2511553|
2511554|
2511555|
2511556|
2511557|
2511558|
2511559|
2511584|
2511585|
2511586|
2511587|
2511588|
2511589|
2511590|
2511591|
2511616|
2511617|
2511618|
2511619|
2511620|
2511621|
2511622|
2511623|
2511648|
2511649|
2511650|
2511651|
2511652|
2511653|
2511654|
2511655|
2511680|
2511681|
2511682|
2511683|
2511684|
2511685|
2511686|
2511687|
2511712|
2511713|
2511714|
2511715|
2511716|
2511717|
2511718|
2511719|
2511744|
2511745|
2511746|
2511747|
2511748|
2511749|
2511750|
2511751|
2511776|
2511777|
2511778|
2511779|
2511780|
2511781|
2511782|
2511783|
2511808|
2511809|
2511810|
2511811|
2511812|
2511813|
2511814|
2511815|
2511840|
2511841|
2511842|
2511843|
2511844|
2511845|
2511846|
2511847|
2511872|
2511873|
2511874|
2511875|
2511876|
2511877|
2511878|
2511879|
2511904|
2511905|
2511906|
2511907|
2511908|
2511909|
2511910|
2511911|
2511936|
2511937|
2511938|
2511939|
2511940|
2511941|
2511942|
2511943|
2511968|
2511969|
2511970|
2511971|
2511972|
2511973|
2511974|
2511975|
2512000|
2512001|
2512002|
2512003|
2512004|
2512005|
2512006|
2512007|
2512032|
2512033|
2512034|
2512035|
2512036|
2512037|
2512038|
2512039|
2512064|
2512065|
2512066|
2512067|
2512068|
2512069|
2512070|
2512071|
2512096|
2512097|
2512098|
2512099|
2512100|
2512101|
2512102|
2512103|
2512128|
2512129|
2512130|
2512131|
2512132|
2512133|
2512134|
2512135|
2512160|
2512161|
2512162|
2512163|
2512164|
2512165|
2512166|
2512167|
2512192|
2512193|
2512194|
2512195|
2512196|
2512197|
2512198|
2512199|
2512224|
2512225|
2512226|
2512227|
2512228|
2512229|
2512230|
2512231|
2512256|
2512257|
2512258|
2512259|
2512260|
2512261|
2512262|
2512263|
2512288|
2512289|
2512290|
2512291|
2512292|
2512293|
2512294|
2512295|
2512320|
2512321|
2512322|
2512323|
2512324|
2512325|
2512326|
2512327|
2512352|
2512353|
2512354|
2512355|
2512356|
2512357|
2512358|
2512359|
2512384|
2512385|
2512386|
2512387|
2512388|
2512389|
2512390|
2512391|
2512416|
2512417|
2512418|
2512419|
2512420|
2512421|
2512422|
2512423|
2512448|
2512449|
2512450|
2512451|
2512452|
2512453|
2512454|
2512455|
2512480|
2512481|
2512482|
2512483|
2512484|
2512485|
2512486|
2512487|
2512512|
2512513|
2512514|
2512515|
2512516|
2512517|
2512518|
2512519|
2512544|
2512545|
2512546|
2512547|
2512548|
2512549|
2512550|
2512551|
2512576|
2512577|
2512578|
2512579|
2512580|
2512581|
2512582|
2512583|
2512608|
2512609|
2512610|
2512611|
2512612|
2512613|
2512614|
2512615|
2512640|
2512641|
2512642|
2512643|
2512644|
2512645|
2512646|
2512647|
2512672|
2512673|
2512674|
2512675|
2512676|
2512677|
2512678|
2512679|
2512704|
2512705|
2512706|
2512707|
2512708|
2512709|
2512710|
2512711|
2512736|
2512737|
2512738|
2512739|
2512740|
2512741|
2512742|
2512743|
2512768|
2512769|
2512770|
2512771|
2512772|
2512773|
2512774|
2512775|
2512800|
2512801|
2512802|
2512803|
2512804|
2512805|
2512806|
2512807|
2512832|
2512833|
2512834|
2512835|
2512836|
2512837|
2512838|
2512839|
2512864|
2512865|
2512866|
2512867|
2512868|
2512869|
2512870|
2512871|
2512896|
2512897|
2512898|
2512899|
2512900|
2512901|
2512902|
2512903|
2512928|
2512929|
2512930|
2512931|
2512932|
2512933|
2512934|
2512935|
2512960|
2512961|
2512962|
2512963|
2512964|
2512965|
2512966|
2512967|
2512992|
2512993|
2512994|
2512995|
2512996|
2512997|
2512998|
2512999|
2513024|
2513025|
2513026|
2513027|
2513028|
2513029|
2513030|
2513031|
2513056|
2513057|
2513058|
2513059|
2513060|
2513061|
2513062|
2513063|
2513088|
2513089|
2513090|
2513091|
2513092|
2513093|
2513094|
2513095|
2513120|
2513121|
2513122|
2513123|
2513124|
2513125|
2513126|
2513127|
2513152|
2513153|
2513154|
2513155|
2513156|
2513157|
2513158|
2513159|
2513184|
2513185|
2513186|
2513187|
2513188|
2513189|
2513190|
2513191|
2513216|
2513217|
2513218|
2513219|
2513220|
2513221|
2513222|
2513223|
2513248|
2513249|
2513250|
2513251|
2513252|
2513253|
2513254|
2513255|
2513280|
2513281|
2513282|
2513283|
2513284|
2513285|
2513286|
2513287|
2513312|
2513313|
2513314|
2513315|
2513316|
2513317|
2513318|
2513319|
2513344|
2513345|
2513346|
2513347|
2513348|
2513349|
2513350|
2513351|
2513376|
2513377|
2513378|
2513379|
2513380|
2513381|
2513382|
2513383|
2513408|
2513409|
2513410|
2513411|
2513412|
2513413|
2513414|
2513415|
2513440|
2513441|
2513442|
2513443|
2513444|
2513445|
2513446|
2513447|
2513472|
2513473|
2513474|
2513475|
2513476|
2513477|
2513478|
2513479|
2513504|
2513505|
2513506|
2513507|
2513508|
2513509|
2513510|
2513511|
2513536|
2513537|
2513538|
2513539|
2513540|
2513541|
2513542|
2513543|
2513568|
2513569|
2513570|
2513571|
2513572|
2513573|
2513574|
2513575|
2513600|
2513601|
2513602|
2513603|
2513604|
2513605|
2513606|
2513607|
2513632|
2513633|
2513634|
2513635|
2513636|
2513637|
2513638|
2513639|
2513664|
2513665|
2513666|
2513667|
2513668|
2513669|
2513670|
2513671|
2513696|
2513697|
2513698|
2513699|
2513700|
2513701|
2513702|
2513703|
2513728|
2513729|
2513730|
2513731|
2513732|
2513733|
2513734|
2513735|
2513760|
2513761|
2513762|
2513763|
2513764|
2513765|
2513766|
2513767|
2513792|
2513793|
2513794|
2513795|
2513796|
2513797|
2513798|
2513799|
2513824|
2513825|
2513826|
2513827|
2513828|
2513829|
2513830|
2513831|
2513856|
2513857|
2513858|
2513859|
2513860|
2513861|
2513862|
2513863|
2513888|
2513889|
2513890|
2513891|
2513892|
2513893|
2513894|
2513895|
2513920|
2513921|
2513922|
2513923|
2513924|
2513925|
2513926|
2513927|
2513952|
2513953|
2513954|
2513955|
2513956|
2513957|
2513958|
2513959|
2513984|
2513985|
2513986|
2513987|
2513988|
