2532001|
2532002|
2532003|
2532004|
2532005|
2532006|
2532007|
2532032|
2532033|
2532034|
2532035|
2532036|
2532037|
2532038|
2532039|
2532064|
2532065|
2532066|
2532067|
2532068|
2532069|
2532070|
2532071|
2532096|
2532097|
2532098|
2532099|
2532100|
2532101|
2532102|
2532103|
2532128|
2532129|
2532130|
2532131|
2532132|
2532133|
2532134|
2532135|
2532160|
2532161|
2532162|
2532163|
2532164|
2532165|
2532166|
2532167|
2532192|
2532193|
2532194|
2532195|
2532196|
2532197|
2532198|
2532199|
2532224|
2532225|
2532226|
2532227|
2532228|
2532229|
2532230|
2532231|
2532256|
2532257|
2532258|
2532259|
2532260|
2532261|
2532262|
2532263|
2532288|
2532289|
2532290|
2532291|
2532292|
2532293|
2532294|
2532295|
2532320|
2532321|
2532322|
2532323|
2532324|
2532325|
2532326|
2532327|
2532352|
2532353|
2532354|
2532355|
2532356|
2532357|
2532358|
2532359|
2532384|
2532385|
2532386|
2532387|
2532388|
2532389|
2532390|
2532391|
2532416|
2532417|
2532418|
2532419|
2532420|
2532421|
2532422|
2532423|
2532448|
2532449|
2532450|
2532451|
2532452|
2532453|
2532454|
2532455|
2532480|
2532481|
2532482|
2532483|
2532484|
2532485|
2532486|
2532487|
2532512|
2532513|
2532514|
2532515|
2532516|
2532517|
2532518|
2532519|
2532544|
2532545|
2532546|
2532547|
2532548|
2532549|
2532550|
2532551|
2532576|
2532577|
2532578|
2532579|
2532580|
2532581|
2532582|
2532583|
2532608|
2532609|
2532610|
2532611|
2532612|
2532613|
2532614|
2532615|
2532640|
2532641|
2532642|
2532643|
2532644|
2532645|
2532646|
2532647|
2532672|
2532673|
2532674|
2532675|
2532676|
2532677|
2532678|
2532679|
2532704|
2532705|
2532706|
2532707|
2532708|
2532709|
2532710|
2532711|
2532736|
2532737|
2532738|
2532739|
2532740|
2532741|
2532742|
2532743|
2532768|
2532769|
2532770|
2532771|
2532772|
2532773|
2532774|
2532775|
2532800|
2532801|
2532802|
2532803|
2532804|
2532805|
2532806|
2532807|
2532832|
2532833|
2532834|
2532835|
2532836|
2532837|
2532838|
2532839|
2532864|
2532865|
2532866|
2532867|
2532868|
2532869|
2532870|
2532871|
2532896|
2532897|
2532898|
2532899|
2532900|
2532901|
2532902|
2532903|
2532928|
2532929|
2532930|
2532931|
2532932|
2532933|
2532934|
2532935|
2532960|
2532961|
2532962|
2532963|
2532964|
2532965|
2532966|
2532967|
2532992|
2532993|
2532994|
2532995|
2532996|
2532997|
2532998|
2532999|
2533024|
2533025|
2533026|
2533027|
2533028|
2533029|
2533030|
2533031|
2533056|
2533057|
2533058|
2533059|
2533060|
2533061|
2533062|
2533063|
2533088|
2533089|
2533090|
2533091|
2533092|
2533093|
2533094|
2533095|
2533120|
2533121|
2533122|
2533123|
2533124|
2533125|
2533126|
2533127|
2533152|
2533153|
2533154|
2533155|
2533156|
2533157|
2533158|
2533159|
2533184|
2533185|
2533186|
2533187|
2533188|
2533189|
2533190|
2533191|
2533216|
2533217|
2533218|
2533219|
2533220|
2533221|
2533222|
2533223|
2533248|
2533249|
2533250|
2533251|
2533252|
2533253|
2533254|
2533255|
2533280|
2533281|
2533282|
2533283|
2533284|
2533285|
2533286|
2533287|
2533312|
2533313|
2533314|
2533315|
2533316|
2533317|
2533318|
2533319|
2533344|
2533345|
2533346|
2533347|
2533348|
2533349|
2533350|
2533351|
2533376|
2533377|
2533378|
2533379|
2533380|
2533381|
2533382|
2533383|
2533408|
2533409|
2533410|
2533411|
2533412|
2533413|
2533414|
2533415|
2533440|
2533441|
2533442|
2533443|
2533444|
2533445|
2533446|
2533447|
2533472|
2533473|
2533474|
2533475|
2533476|
2533477|
2533478|
2533479|
2533504|
2533505|
2533506|
2533507|
2533508|
2533509|
2533510|
2533511|
2533536|
2533537|
2533538|
2533539|
2533540|
2533541|
2533542|
2533543|
2533568|
2533569|
2533570|
2533571|
2533572|
2533573|
2533574|
2533575|
2533600|
2533601|
2533602|
2533603|
2533604|
2533605|
2533606|
2533607|
2533632|
2533633|
2533634|
2533635|
2533636|
2533637|
2533638|
2533639|
2533664|
2533665|
2533666|
2533667|
2533668|
2533669|
2533670|
2533671|
2533696|
2533697|
2533698|
2533699|
2533700|
2533701|
2533702|
2533703|
2533728|
2533729|
2533730|
2533731|
2533732|
2533733|
2533734|
2533735|
2533760|
2533761|
2533762|
2533763|
2533764|
2533765|
2533766|
2533767|
2533792|
2533793|
2533794|
2533795|
2533796|
2533797|
2533798|
2533799|
2533824|
2533825|
2533826|
2533827|
2533828|
2533829|
2533830|
2533831|
2533856|
2533857|
2533858|
2533859|
2533860|
2533861|
2533862|
2533863|
2533888|
2533889|
2533890|
2533891|
2533892|
2533893|
2533894|
2533895|
2533920|
2533921|
2533922|
2533923|
2533924|
2533925|
2533926|
2533927|
2533952|
2533953|
2533954|
2533955|
2533956|
2533957|
2533958|
2533959|
2533984|
2533985|
2533986|
2533987|
2533988|
2533989|
2533990|
2533991|
2534016|
2534017|
2534018|
2534019|
2534020|
2534021|
2534022|
2534023|
2534048|
2534049|
2534050|
2534051|
2534052|
2534053|
2534054|
2534055|
2534080|
2534081|
2534082|
2534083|
2534084|
2534085|
2534086|
2534087|
2534112|
2534113|
2534114|
2534115|
2534116|
2534117|
2534118|
2534119|
2534144|
2534145|
2534146|
2534147|
2534148|
2534149|
2534150|
2534151|
2534176|
2534177|
2534178|
2534179|
2534180|
2534181|
2534182|
2534183|
2534208|
2534209|
2534210|
2534211|
2534212|
2534213|
2534214|
2534215|
2534240|
2534241|
2534242|
2534243|
2534244|
2534245|
2534246|
2534247|
2534272|
2534273|
2534274|
2534275|
2534276|
2534277|
2534278|
2534279|
2534304|
2534305|
2534306|
2534307|
2534308|
2534309|
2534310|
2534311|
2534336|
2534337|
2534338|
2534339|
2534340|
2534341|
2534342|
2534343|
2534368|
2534369|
2534370|
2534371|
2534372|
2534373|
2534374|
2534375|
2534400|
2534401|
2534402|
2534403|
2534404|
2534405|
2534406|
2534407|
2534432|
2534433|
2534434|
2534435|
2534436|
2534437|
2534438|
2534439|
2534464|
2534465|
2534466|
2534467|
2534468|
2534469|
2534470|
2534471|
2534496|
2534497|
2534498|
2534499|
2534500|
2534501|
2534502|
2534503|
2534528|
2534529|
2534530|
2534531|
2534532|
2534533|
2534534|
2534535|
2534560|
2534561|
2534562|
2534563|
2534564|
2534565|
2534566|
2534567|
2534592|
2534593|
2534594|
2534595|
2534596|
2534597|
2534598|
2534599|
2534624|
2534625|
2534626|
2534627|
2534628|
2534629|
2534630|
2534631|
2534656|
2534657|
2534658|
2534659|
2534660|
2534661|
2534662|
2534663|
2534688|
2534689|
2534690|
2534691|
2534692|
2534693|
2534694|
2534695|
2534720|
2534721|
2534722|
2534723|
2534724|
2534725|
2534726|
2534727|
2534752|
2534753|
2534754|
2534755|
2534756|
2534757|
2534758|
2534759|
2534784|
2534785|
2534786|
2534787|
2534788|
2534789|
2534790|
2534791|
2534816|
2534817|
2534818|
2534819|
2534820|
2534821|
2534822|
2534823|
2534848|
2534849|
2534850|
2534851|
2534852|
2534853|
2534854|
2534855|
2534880|
2534881|
2534882|
2534883|
2534884|
2534885|
2534886|
2534887|
2534912|
2534913|
2534914|
2534915|
2534916|
2534917|
2534918|
2534919|
2534944|
2534945|
2534946|
2534947|
2534948|
2534949|
2534950|
2534951|
2534976|
2534977|
2534978|
2534979|
2534980|
2534981|
2534982|
2534983|
2535008|
2535009|
2535010|
2535011|
2535012|
2535013|
2535014|
2535015|
2535040|
2535041|
2535042|
2535043|
2535044|
2535045|
2535046|
2535047|
2535072|
2535073|
2535074|
2535075|
2535076|
2535077|
2535078|
2535079|
2535104|
2535105|
2535106|
2535107|
2535108|
2535109|
2535110|
2535111|
2535136|
2535137|
2535138|
2535139|
2535140|
2535141|
2535142|
2535143|
2535168|
2535169|
2535170|
2535171|
2535172|
2535173|
2535174|
2535175|
2535200|
2535201|
2535202|
2535203|
2535204|
2535205|
2535206|
2535207|
2535232|
2535233|
2535234|
2535235|
2535236|
2535237|
2535238|
2535239|
2535264|
2535265|
2535266|
2535267|
2535268|
2535269|
2535270|
2535271|
2535296|
2535297|
2535298|
2535299|
2535300|
2535301|
2535302|
2535303|
2535328|
2535329|
2535330|
2535331|
2535332|
2535333|
2535334|
2535335|
2535360|
2535361|
2535362|
2535363|
2535364|
2535365|
2535366|
2535367|
2535392|
2535393|
2535394|
2535395|
2535396|
2535397|
2535398|
2535399|
2535424|
2535425|
2535426|
2535427|
2535428|
2535429|
2535430|
2535431|
2535456|
2535457|
2535458|
2535459|
2535460|
2535461|
2535462|
2535463|
2535488|
2535489|
2535490|
2535491|
2535492|
2535493|
2535494|
2535495|
2535520|
2535521|
2535522|
2535523|
2535524|
2535525|
2535526|
2535527|
2535552|
2535553|
2535554|
2535555|
2535556|
2535557|
2535558|
2535559|
2535584|
2535585|
2535586|
2535587|
2535588|
2535589|
2535590|
2535591|
2535616|
2535617|
2535618|
2535619|
2535620|
2535621|
2535622|
2535623|
2535648|
2535649|
2535650|
2535651|
2535652|
2535653|
2535654|
2535655|
2535680|
2535681|
2535682|
2535683|
2535684|
2535685|
2535686|
2535687|
2535712|
2535713|
2535714|
2535715|
2535716|
2535717|
2535718|
2535719|
2535744|
2535745|
2535746|
2535747|
2535748|
2535749|
2535750|
2535751|
2535776|
2535777|
2535778|
2535779|
2535780|
2535781|
2535782|
2535783|
2535808|
2535809|
2535810|
2535811|
2535812|
2535813|
2535814|
2535815|
2535840|
2535841|
2535842|
2535843|
2535844|
2535845|
2535846|
2535847|
2535872|
2535873|
2535874|
2535875|
2535876|
2535877|
2535878|
2535879|
2535904|
2535905|
2535906|
2535907|
2535908|
2535909|
2535910|
2535911|
2535936|
2535937|
2535938|
2535939|
2535940|
2535941|
2535942|
2535943|
2535968|
2535969|
2535970|
2535971|
2535972|
2535973|
2535974|
2535975|
2536000|
2536001|
2536002|
2536003|
2536004|
2536005|
2536006|
2536007|
2536032|
2536033|
2536034|
2536035|
2536036|
2536037|
2536038|
2536039|
2536064|
2536065|
2536066|
2536067|
2536068|
2536069|
2536070|
2536071|
2536096|
2536097|
2536098|
2536099|
2536100|
2536101|
2536102|
2536103|
2536128|
2536129|
2536130|
2536131|
2536132|
2536133|
2536134|
2536135|
2536160|
2536161|
2536162|
2536163|
2536164|
2536165|
2536166|
2536167|
2536192|
2536193|
2536194|
2536195|
2536196|
2536197|
2536198|
2536199|
2536224|
2536225|
2536226|
2536227|
2536228|
2536229|
2536230|
2536231|
2536256|
2536257|
2536258|
2536259|
2536260|
2536261|
2536262|
2536263|
2536288|
2536289|
2536290|
2536291|
2536292|
2536293|
2536294|
2536295|
2536320|
2536321|
2536322|
2536323|
2536324|
2536325|
2536326|
2536327|
2536352|
2536353|
2536354|
2536355|
2536356|
2536357|
2536358|
2536359|
2536384|
2536385|
2536386|
2536387|
2536388|
2536389|
2536390|
2536391|
2536416|
2536417|
2536418|
2536419|
2536420|
2536421|
2536422|
2536423|
2536448|
2536449|
2536450|
2536451|
2536452|
2536453|
2536454|
2536455|
2536480|
2536481|
2536482|
2536483|
2536484|
2536485|
2536486|
2536487|
2536512|
2536513|
2536514|
2536515|
2536516|
2536517|
2536518|
2536519|
2536544|
2536545|
2536546|
2536547|
2536548|
2536549|
2536550|
2536551|
2536576|
2536577|
2536578|
2536579|
2536580|
2536581|
2536582|
2536583|
2536608|
2536609|
2536610|
2536611|
2536612|
2536613|
2536614|
2536615|
2536640|
2536641|
2536642|
2536643|
2536644|
2536645|
2536646|
2536647|
2536672|
2536673|
2536674|
2536675|
2536676|
2536677|
2536678|
2536679|
2536704|
2536705|
2536706|
2536707|
2536708|
2536709|
2536710|
2536711|
2536736|
2536737|
2536738|
2536739|
2536740|
2536741|
2536742|
2536743|
2536768|
2536769|
2536770|
2536771|
2536772|
2536773|
2536774|
2536775|
2536800|
2536801|
2536802|
2536803|
2536804|
2536805|
2536806|
2536807|
2536832|
2536833|
2536834|
2536835|
2536836|
2536837|
2536838|
2536839|
2536864|
2536865|
2536866|
2536867|
2536868|
2536869|
2536870|
2536871|
2536896|
2536897|
2536898|
2536899|
2536900|
2536901|
2536902|
2536903|
2536928|
2536929|
2536930|
2536931|
2536932|
2536933|
2536934|
2536935|
2536960|
2536961|
2536962|
2536963|
2536964|
2536965|
2536966|
2536967|
2536992|
2536993|
2536994|
2536995|
2536996|
2536997|
2536998|
2536999|
2537024|
2537025|
2537026|
2537027|
2537028|
2537029|
2537030|
2537031|
2537056|
2537057|
2537058|
2537059|
2537060|
2537061|
2537062|
2537063|
2537088|
2537089|
2537090|
2537091|
2537092|
2537093|
2537094|
2537095|
2537120|
2537121|
2537122|
2537123|
2537124|
2537125|
2537126|
2537127|
2537152|
2537153|
2537154|
2537155|
2537156|
2537157|
2537158|
2537159|
2537184|
2537185|
2537186|
2537187|
2537188|
2537189|
2537190|
2537191|
2537216|
2537217|
2537218|
2537219|
2537220|
2537221|
2537222|
2537223|
2537248|
2537249|
2537250|
2537251|
2537252|
2537253|
2537254|
2537255|
2537280|
2537281|
2537282|
2537283|
2537284|
2537285|
2537286|
2537287|
2537312|
2537313|
2537314|
2537315|
2537316|
2537317|
2537318|
2537319|
2537344|
2537345|
2537346|
2537347|
2537348|
2537349|
2537350|
2537351|
2537376|
2537377|
2537378|
2537379|
2537380|
2537381|
2537382|
2537383|
2537408|
2537409|
2537410|
2537411|
2537412|
2537413|
2537414|
2537415|
2537440|
2537441|
2537442|
2537443|
2537444|
2537445|
2537446|
2537447|
2537472|
2537473|
2537474|
2537475|
2537476|
2537477|
2537478|
2537479|
2537504|
2537505|
2537506|
2537507|
2537508|
2537509|
2537510|
2537511|
2537536|
2537537|
2537538|
2537539|
2537540|
2537541|
2537542|
2537543|
2537568|
2537569|
2537570|
2537571|
2537572|
2537573|
2537574|
2537575|
2537600|
2537601|
2537602|
2537603|
2537604|
2537605|
2537606|
2537607|
2537632|
2537633|
2537634|
2537635|
2537636|
2537637|
2537638|
2537639|
2537664|
2537665|
2537666|
2537667|
2537668|
2537669|
2537670|
2537671|
2537696|
2537697|
2537698|
2537699|
2537700|
2537701|
2537702|
2537703|
2537728|
2537729|
2537730|
2537731|
2537732|
2537733|
2537734|
2537735|
2537760|
2537761|
2537762|
2537763|
2537764|
2537765|
2537766|
2537767|
2537792|
2537793|
2537794|
2537795|
2537796|
2537797|
2537798|
2537799|
2537824|
2537825|
2537826|
2537827|
2537828|
2537829|
2537830|
2537831|
2537856|
2537857|
2537858|
2537859|
2537860|
2537861|
2537862|
2537863|
2537888|
2537889|
2537890|
2537891|
2537892|
2537893|
2537894|
2537895|
2537920|
2537921|
2537922|
2537923|
2537924|
2537925|
2537926|
2537927|
2537952|
2537953|
2537954|
2537955|
2537956|
2537957|
2537958|
2537959|
2537984|
2537985|
2537986|
2537987|
2537988|
