1097989|
1097990|
1097991|
1098016|
1098017|
1098018|
1098019|
1098020|
1098021|
1098022|
1098023|
1098048|
1098049|
1098050|
1098051|
1098052|
1098053|
1098054|
1098055|
1098080|
1098081|
1098082|
1098083|
1098084|
1098085|
1098086|
1098087|
1098112|
1098113|
1098114|
1098115|
1098116|
1098117|
1098118|
1098119|
1098144|
1098145|
1098146|
1098147|
1098148|
1098149|
1098150|
1098151|
1098176|
1098177|
1098178|
1098179|
1098180|
1098181|
1098182|
1098183|
1098208|
1098209|
1098210|
1098211|
1098212|
1098213|
1098214|
1098215|
1098240|
1098241|
1098242|
1098243|
1098244|
1098245|
1098246|
1098247|
1098272|
1098273|
1098274|
1098275|
1098276|
1098277|
1098278|
1098279|
1098304|
1098305|
1098306|
1098307|
1098308|
1098309|
1098310|
1098311|
1098336|
1098337|
1098338|
1098339|
1098340|
1098341|
1098342|
1098343|
1098368|
1098369|
1098370|
1098371|
1098372|
1098373|
1098374|
1098375|
1098400|
1098401|
1098402|
1098403|
1098404|
1098405|
1098406|
1098407|
1098432|
1098433|
1098434|
1098435|
1098436|
1098437|
1098438|
1098439|
1098464|
1098465|
1098466|
1098467|
1098468|
1098469|
1098470|
1098471|
1098496|
1098497|
1098498|
1098499|
1098500|
1098501|
1098502|
1098503|
1098528|
1098529|
1098530|
1098531|
1098532|
1098533|
1098534|
1098535|
1098560|
1098561|
1098562|
1098563|
1098564|
1098565|
1098566|
1098567|
1098592|
1098593|
1098594|
1098595|
1098596|
1098597|
1098598|
1098599|
1098624|
1098625|
1098626|
1098627|
1098628|
1098629|
1098630|
1098631|
1098656|
1098657|
1098658|
1098659|
1098660|
1098661|
1098662|
1098663|
1098688|
1098689|
1098690|
1098691|
1098692|
1098693|
1098694|
1098695|
1098720|
1098721|
1098722|
1098723|
1098724|
1098725|
1098726|
1098727|
1098752|
1098753|
1098754|
1098755|
1098756|
1098757|
1098758|
1098759|
1098784|
1098785|
1098786|
1098787|
1098788|
1098789|
1098790|
1098791|
1098816|
1098817|
1098818|
1098819|
1098820|
1098821|
1098822|
1098823|
1098848|
1098849|
1098850|
1098851|
1098852|
1098853|
1098854|
1098855|
1098880|
1098881|
1098882|
1098883|
1098884|
1098885|
1098886|
1098887|
1098912|
1098913|
1098914|
1098915|
1098916|
1098917|
1098918|
1098919|
1098944|
1098945|
1098946|
1098947|
1098948|
1098949|
1098950|
1098951|
1098976|
1098977|
1098978|
1098979|
1098980|
1098981|
1098982|
1098983|
1099008|
1099009|
1099010|
1099011|
1099012|
1099013|
1099014|
1099015|
1099040|
1099041|
1099042|
1099043|
1099044|
1099045|
1099046|
1099047|
1099072|
1099073|
1099074|
1099075|
1099076|
1099077|
1099078|
1099079|
1099104|
1099105|
1099106|
1099107|
1099108|
1099109|
1099110|
1099111|
1099136|
1099137|
1099138|
1099139|
1099140|
1099141|
1099142|
1099143|
1099168|
1099169|
1099170|
1099171|
1099172|
1099173|
1099174|
1099175|
1099200|
1099201|
1099202|
1099203|
1099204|
1099205|
1099206|
1099207|
1099232|
1099233|
1099234|
1099235|
1099236|
1099237|
1099238|
1099239|
1099264|
1099265|
1099266|
1099267|
1099268|
1099269|
1099270|
1099271|
1099296|
1099297|
1099298|
1099299|
1099300|
1099301|
1099302|
1099303|
1099328|
1099329|
1099330|
1099331|
1099332|
1099333|
1099334|
1099335|
1099360|
1099361|
1099362|
1099363|
1099364|
1099365|
1099366|
1099367|
1099392|
1099393|
1099394|
1099395|
1099396|
1099397|
1099398|
1099399|
1099424|
1099425|
1099426|
1099427|
1099428|
1099429|
1099430|
1099431|
1099456|
1099457|
1099458|
1099459|
1099460|
1099461|
1099462|
1099463|
1099488|
1099489|
1099490|
1099491|
1099492|
1099493|
1099494|
1099495|
1099520|
1099521|
1099522|
1099523|
1099524|
1099525|
1099526|
1099527|
1099552|
1099553|
1099554|
1099555|
1099556|
1099557|
1099558|
1099559|
1099584|
1099585|
1099586|
1099587|
1099588|
1099589|
1099590|
1099591|
1099616|
1099617|
1099618|
1099619|
1099620|
1099621|
1099622|
1099623|
1099648|
1099649|
1099650|
1099651|
1099652|
1099653|
1099654|
1099655|
1099680|
1099681|
1099682|
1099683|
1099684|
1099685|
1099686|
1099687|
1099712|
1099713|
1099714|
1099715|
1099716|
1099717|
1099718|
1099719|
1099744|
1099745|
1099746|
1099747|
1099748|
1099749|
1099750|
1099751|
1099776|
1099777|
1099778|
1099779|
1099780|
1099781|
1099782|
1099783|
1099808|
1099809|
1099810|
1099811|
1099812|
1099813|
1099814|
1099815|
1099840|
1099841|
1099842|
1099843|
1099844|
1099845|
1099846|
1099847|
1099872|
1099873|
1099874|
1099875|
1099876|
1099877|
1099878|
1099879|
1099904|
1099905|
1099906|
1099907|
1099908|
1099909|
1099910|
1099911|
1099936|
1099937|
1099938|
1099939|
1099940|
1099941|
1099942|
1099943|
1099968|
1099969|
1099970|
1099971|
1099972|
1099973|
1099974|
1099975|
1100000|
1100001|
1100002|
1100003|
1100004|
1100005|
1100006|
1100007|
1100032|
1100033|
1100034|
1100035|
1100036|
1100037|
1100038|
1100039|
1100064|
1100065|
1100066|
1100067|
1100068|
1100069|
1100070|
1100071|
1100096|
1100097|
1100098|
1100099|
1100100|
1100101|
1100102|
1100103|
1100128|
1100129|
1100130|
1100131|
1100132|
1100133|
1100134|
1100135|
1100160|
1100161|
1100162|
1100163|
1100164|
1100165|
1100166|
1100167|
1100192|
1100193|
1100194|
1100195|
1100196|
1100197|
1100198|
1100199|
1100224|
1100225|
1100226|
1100227|
1100228|
1100229|
1100230|
1100231|
1100256|
1100257|
1100258|
1100259|
1100260|
1100261|
1100262|
1100263|
1100288|
1100289|
1100290|
1100291|
1100292|
1100293|
1100294|
1100295|
1100320|
1100321|
1100322|
1100323|
1100324|
1100325|
1100326|
1100327|
1100352|
1100353|
1100354|
1100355|
1100356|
1100357|
1100358|
1100359|
1100384|
1100385|
1100386|
1100387|
1100388|
1100389|
1100390|
1100391|
1100416|
1100417|
1100418|
1100419|
1100420|
1100421|
1100422|
1100423|
1100448|
1100449|
1100450|
1100451|
1100452|
1100453|
1100454|
1100455|
1100480|
1100481|
1100482|
1100483|
1100484|
1100485|
1100486|
1100487|
1100512|
1100513|
1100514|
1100515|
1100516|
1100517|
1100518|
1100519|
1100544|
1100545|
1100546|
1100547|
1100548|
1100549|
1100550|
1100551|
1100576|
1100577|
1100578|
1100579|
1100580|
1100581|
1100582|
1100583|
1100608|
1100609|
1100610|
1100611|
1100612|
1100613|
1100614|
1100615|
1100640|
1100641|
1100642|
1100643|
1100644|
1100645|
1100646|
1100647|
1100672|
1100673|
1100674|
1100675|
1100676|
1100677|
1100678|
1100679|
1100704|
1100705|
1100706|
1100707|
1100708|
1100709|
1100710|
1100711|
1100736|
1100737|
1100738|
1100739|
1100740|
1100741|
1100742|
1100743|
1100768|
1100769|
1100770|
1100771|
1100772|
1100773|
1100774|
1100775|
1100800|
1100801|
1100802|
1100803|
1100804|
1100805|
1100806|
1100807|
1100832|
1100833|
1100834|
1100835|
1100836|
1100837|
1100838|
1100839|
1100864|
1100865|
1100866|
1100867|
1100868|
1100869|
1100870|
1100871|
1100896|
1100897|
1100898|
1100899|
1100900|
1100901|
1100902|
1100903|
1100928|
1100929|
1100930|
1100931|
1100932|
1100933|
1100934|
1100935|
1100960|
1100961|
1100962|
1100963|
1100964|
1100965|
1100966|
1100967|
1100992|
1100993|
1100994|
1100995|
1100996|
1100997|
1100998|
1100999|
1101024|
1101025|
1101026|
1101027|
1101028|
1101029|
1101030|
1101031|
1101056|
1101057|
1101058|
1101059|
1101060|
1101061|
1101062|
1101063|
1101088|
1101089|
1101090|
1101091|
1101092|
1101093|
1101094|
1101095|
1101120|
1101121|
1101122|
1101123|
1101124|
1101125|
1101126|
1101127|
1101152|
1101153|
1101154|
1101155|
1101156|
1101157|
1101158|
1101159|
1101184|
1101185|
1101186|
1101187|
1101188|
1101189|
1101190|
1101191|
1101216|
1101217|
1101218|
1101219|
1101220|
1101221|
1101222|
1101223|
1101248|
1101249|
1101250|
1101251|
1101252|
1101253|
1101254|
1101255|
1101280|
1101281|
1101282|
1101283|
1101284|
1101285|
1101286|
1101287|
1101312|
1101313|
1101314|
1101315|
1101316|
1101317|
1101318|
1101319|
1101344|
1101345|
1101346|
1101347|
1101348|
1101349|
1101350|
1101351|
1101376|
1101377|
1101378|
1101379|
1101380|
1101381|
1101382|
1101383|
1101408|
1101409|
1101410|
1101411|
1101412|
1101413|
1101414|
1101415|
1101440|
1101441|
1101442|
1101443|
1101444|
1101445|
1101446|
1101447|
1101472|
1101473|
1101474|
1101475|
1101476|
1101477|
1101478|
1101479|
1101504|
1101505|
1101506|
1101507|
1101508|
1101509|
1101510|
1101511|
1101536|
1101537|
1101538|
1101539|
1101540|
1101541|
1101542|
1101543|
1101568|
1101569|
1101570|
1101571|
1101572|
1101573|
1101574|
1101575|
1101600|
1101601|
1101602|
1101603|
1101604|
1101605|
1101606|
1101607|
1101632|
1101633|
1101634|
1101635|
1101636|
1101637|
1101638|
1101639|
1101664|
1101665|
1101666|
1101667|
1101668|
1101669|
1101670|
1101671|
1101696|
1101697|
1101698|
1101699|
1101700|
1101701|
1101702|
1101703|
1101728|
1101729|
1101730|
1101731|
1101732|
1101733|
1101734|
1101735|
1101760|
1101761|
1101762|
1101763|
1101764|
1101765|
1101766|
1101767|
1101792|
1101793|
1101794|
1101795|
1101796|
1101797|
1101798|
1101799|
1101824|
1101825|
1101826|
1101827|
1101828|
1101829|
1101830|
1101831|
1101856|
1101857|
1101858|
1101859|
1101860|
1101861|
1101862|
1101863|
1101888|
1101889|
1101890|
1101891|
1101892|
1101893|
1101894|
1101895|
1101920|
1101921|
1101922|
1101923|
1101924|
1101925|
1101926|
1101927|
1101952|
1101953|
1101954|
1101955|
1101956|
1101957|
1101958|
1101959|
1101984|
1101985|
1101986|
1101987|
1101988|
1101989|
1101990|
1101991|
1102016|
1102017|
1102018|
1102019|
1102020|
1102021|
1102022|
1102023|
1102048|
1102049|
1102050|
1102051|
1102052|
1102053|
1102054|
1102055|
1102080|
1102081|
1102082|
1102083|
1102084|
1102085|
1102086|
1102087|
1102112|
1102113|
1102114|
1102115|
1102116|
1102117|
1102118|
1102119|
1102144|
1102145|
1102146|
1102147|
1102148|
1102149|
1102150|
1102151|
1102176|
1102177|
1102178|
1102179|
1102180|
1102181|
1102182|
1102183|
1102208|
1102209|
1102210|
1102211|
1102212|
1102213|
1102214|
1102215|
1102240|
1102241|
1102242|
1102243|
1102244|
1102245|
1102246|
1102247|
1102272|
1102273|
1102274|
1102275|
1102276|
1102277|
1102278|
1102279|
1102304|
1102305|
1102306|
1102307|
1102308|
1102309|
1102310|
1102311|
1102336|
1102337|
1102338|
1102339|
1102340|
1102341|
1102342|
1102343|
1102368|
1102369|
1102370|
1102371|
1102372|
1102373|
1102374|
1102375|
1102400|
1102401|
1102402|
1102403|
1102404|
1102405|
1102406|
1102407|
1102432|
1102433|
1102434|
1102435|
1102436|
1102437|
1102438|
1102439|
1102464|
1102465|
1102466|
1102467|
1102468|
1102469|
1102470|
1102471|
1102496|
1102497|
1102498|
1102499|
1102500|
1102501|
1102502|
1102503|
1102528|
1102529|
1102530|
1102531|
1102532|
1102533|
1102534|
1102535|
1102560|
1102561|
1102562|
1102563|
1102564|
1102565|
1102566|
1102567|
1102592|
1102593|
1102594|
1102595|
1102596|
1102597|
1102598|
1102599|
1102624|
1102625|
1102626|
1102627|
1102628|
1102629|
1102630|
1102631|
1102656|
1102657|
1102658|
1102659|
1102660|
1102661|
1102662|
1102663|
1102688|
1102689|
1102690|
1102691|
1102692|
1102693|
1102694|
1102695|
1102720|
1102721|
1102722|
1102723|
1102724|
1102725|
1102726|
1102727|
1102752|
1102753|
1102754|
1102755|
1102756|
1102757|
1102758|
1102759|
1102784|
1102785|
1102786|
1102787|
1102788|
1102789|
1102790|
1102791|
1102816|
1102817|
1102818|
1102819|
1102820|
1102821|
1102822|
1102823|
1102848|
1102849|
1102850|
1102851|
1102852|
1102853|
1102854|
1102855|
1102880|
1102881|
1102882|
1102883|
1102884|
1102885|
1102886|
1102887|
1102912|
1102913|
1102914|
1102915|
1102916|
1102917|
1102918|
1102919|
1102944|
1102945|
1102946|
1102947|
1102948|
1102949|
1102950|
1102951|
1102976|
1102977|
1102978|
1102979|
1102980|
1102981|
1102982|
1102983|
1103008|
1103009|
1103010|
1103011|
1103012|
1103013|
1103014|
1103015|
1103040|
1103041|
1103042|
1103043|
1103044|
1103045|
1103046|
1103047|
1103072|
1103073|
1103074|
1103075|
1103076|
1103077|
1103078|
1103079|
1103104|
1103105|
1103106|
1103107|
1103108|
1103109|
1103110|
1103111|
1103136|
1103137|
1103138|
1103139|
1103140|
1103141|
1103142|
1103143|
1103168|
1103169|
1103170|
1103171|
1103172|
1103173|
1103174|
1103175|
1103200|
1103201|
1103202|
1103203|
1103204|
1103205|
1103206|
1103207|
1103232|
1103233|
1103234|
1103235|
1103236|
1103237|
1103238|
1103239|
1103264|
1103265|
1103266|
1103267|
1103268|
1103269|
1103270|
1103271|
1103296|
1103297|
1103298|
1103299|
1103300|
1103301|
1103302|
1103303|
1103328|
1103329|
1103330|
1103331|
1103332|
1103333|
1103334|
1103335|
1103360|
1103361|
1103362|
1103363|
1103364|
1103365|
1103366|
1103367|
1103392|
1103393|
1103394|
1103395|
1103396|
1103397|
1103398|
1103399|
1103424|
1103425|
1103426|
1103427|
1103428|
1103429|
1103430|
1103431|
1103456|
1103457|
1103458|
1103459|
1103460|
1103461|
1103462|
1103463|
1103488|
1103489|
1103490|
1103491|
1103492|
1103493|
1103494|
1103495|
1103520|
1103521|
1103522|
1103523|
1103524|
1103525|
1103526|
1103527|
1103552|
1103553|
1103554|
1103555|
1103556|
1103557|
1103558|
1103559|
1103584|
1103585|
1103586|
1103587|
1103588|
1103589|
1103590|
1103591|
1103616|
1103617|
1103618|
1103619|
1103620|
1103621|
1103622|
1103623|
1103648|
1103649|
1103650|
1103651|
1103652|
1103653|
1103654|
1103655|
1103680|
1103681|
1103682|
1103683|
1103684|
1103685|
1103686|
1103687|
1103712|
1103713|
1103714|
1103715|
1103716|
1103717|
1103718|
1103719|
1103744|
1103745|
1103746|
1103747|
1103748|
1103749|
1103750|
1103751|
1103776|
1103777|
1103778|
1103779|
1103780|
1103781|
1103782|
1103783|
1103808|
1103809|
1103810|
1103811|
1103812|
1103813|
1103814|
1103815|
1103840|
1103841|
1103842|
1103843|
1103844|
1103845|
1103846|
1103847|
1103872|
1103873|
1103874|
1103875|
1103876|
1103877|
1103878|
1103879|
1103904|
1103905|
1103906|
1103907|
1103908|
1103909|
1103910|
1103911|
1103936|
1103937|
1103938|
1103939|
1103940|
1103941|
1103942|
1103943|
1103968|
1103969|
1103970|
1103971|
1103972|
1103973|
1103974|
1103975|
1104000|
