1032001|
1032002|
1032003|
1032004|
1032005|
1032006|
1032007|
1032032|
1032033|
1032034|
1032035|
1032036|
1032037|
1032038|
1032039|
1032064|
1032065|
1032066|
1032067|
1032068|
1032069|
1032070|
1032071|
1032096|
1032097|
1032098|
1032099|
1032100|
1032101|
1032102|
1032103|
1032128|
1032129|
1032130|
1032131|
1032132|
1032133|
1032134|
1032135|
1032160|
1032161|
1032162|
1032163|
1032164|
1032165|
1032166|
1032167|
1032192|
1032193|
1032194|
1032195|
1032196|
1032197|
1032198|
1032199|
1032224|
1032225|
1032226|
1032227|
1032228|
1032229|
1032230|
1032231|
1032256|
1032257|
1032258|
1032259|
1032260|
1032261|
1032262|
1032263|
1032288|
1032289|
1032290|
1032291|
1032292|
1032293|
1032294|
1032295|
1032320|
1032321|
1032322|
1032323|
1032324|
1032325|
1032326|
1032327|
1032352|
1032353|
1032354|
1032355|
1032356|
1032357|
1032358|
1032359|
1032384|
1032385|
1032386|
1032387|
1032388|
1032389|
1032390|
1032391|
1032416|
1032417|
1032418|
1032419|
1032420|
1032421|
1032422|
1032423|
1032448|
1032449|
1032450|
1032451|
1032452|
1032453|
1032454|
1032455|
1032480|
1032481|
1032482|
1032483|
1032484|
1032485|
1032486|
1032487|
1032512|
1032513|
1032514|
1032515|
1032516|
1032517|
1032518|
1032519|
1032544|
1032545|
1032546|
1032547|
1032548|
1032549|
1032550|
1032551|
1032576|
1032577|
1032578|
1032579|
1032580|
1032581|
1032582|
1032583|
1032608|
1032609|
1032610|
1032611|
1032612|
1032613|
1032614|
1032615|
1032640|
1032641|
1032642|
1032643|
1032644|
1032645|
1032646|
1032647|
1032672|
1032673|
1032674|
1032675|
1032676|
1032677|
1032678|
1032679|
1032704|
1032705|
1032706|
1032707|
1032708|
1032709|
1032710|
1032711|
1032736|
1032737|
1032738|
1032739|
1032740|
1032741|
1032742|
1032743|
1032768|
1032769|
1032770|
1032771|
1032772|
1032773|
1032774|
1032775|
1032800|
1032801|
1032802|
1032803|
1032804|
1032805|
1032806|
1032807|
1032832|
1032833|
1032834|
1032835|
1032836|
1032837|
1032838|
1032839|
1032864|
1032865|
1032866|
1032867|
1032868|
1032869|
1032870|
1032871|
1032896|
1032897|
1032898|
1032899|
1032900|
1032901|
1032902|
1032903|
1032928|
1032929|
1032930|
1032931|
1032932|
1032933|
1032934|
1032935|
1032960|
1032961|
1032962|
1032963|
1032964|
1032965|
1032966|
1032967|
1032992|
1032993|
1032994|
1032995|
1032996|
1032997|
1032998|
1032999|
1033024|
1033025|
1033026|
1033027|
1033028|
1033029|
1033030|
1033031|
1033056|
1033057|
1033058|
1033059|
1033060|
1033061|
1033062|
1033063|
1033088|
1033089|
1033090|
1033091|
1033092|
1033093|
1033094|
1033095|
1033120|
1033121|
1033122|
1033123|
1033124|
1033125|
1033126|
1033127|
1033152|
1033153|
1033154|
1033155|
1033156|
1033157|
1033158|
1033159|
1033184|
1033185|
1033186|
1033187|
1033188|
1033189|
1033190|
1033191|
1033216|
1033217|
1033218|
1033219|
1033220|
1033221|
1033222|
1033223|
1033248|
1033249|
1033250|
1033251|
1033252|
1033253|
1033254|
1033255|
1033280|
1033281|
1033282|
1033283|
1033284|
1033285|
1033286|
1033287|
1033312|
1033313|
1033314|
1033315|
1033316|
1033317|
1033318|
1033319|
1033344|
1033345|
1033346|
1033347|
1033348|
1033349|
1033350|
1033351|
1033376|
1033377|
1033378|
1033379|
1033380|
1033381|
1033382|
1033383|
1033408|
1033409|
1033410|
1033411|
1033412|
1033413|
1033414|
1033415|
1033440|
1033441|
1033442|
1033443|
1033444|
1033445|
1033446|
1033447|
1033472|
1033473|
1033474|
1033475|
1033476|
1033477|
1033478|
1033479|
1033504|
1033505|
1033506|
1033507|
1033508|
1033509|
1033510|
1033511|
1033536|
1033537|
1033538|
1033539|
1033540|
1033541|
1033542|
1033543|
1033568|
1033569|
1033570|
1033571|
1033572|
1033573|
1033574|
1033575|
1033600|
1033601|
1033602|
1033603|
1033604|
1033605|
1033606|
1033607|
1033632|
1033633|
1033634|
1033635|
1033636|
1033637|
1033638|
1033639|
1033664|
1033665|
1033666|
1033667|
1033668|
1033669|
1033670|
1033671|
1033696|
1033697|
1033698|
1033699|
1033700|
1033701|
1033702|
1033703|
1033728|
1033729|
1033730|
1033731|
1033732|
1033733|
1033734|
1033735|
1033760|
1033761|
1033762|
1033763|
1033764|
1033765|
1033766|
1033767|
1033792|
1033793|
1033794|
1033795|
1033796|
1033797|
1033798|
1033799|
1033824|
1033825|
1033826|
1033827|
1033828|
1033829|
1033830|
1033831|
1033856|
1033857|
1033858|
1033859|
1033860|
1033861|
1033862|
1033863|
1033888|
1033889|
1033890|
1033891|
1033892|
1033893|
1033894|
1033895|
1033920|
1033921|
1033922|
1033923|
1033924|
1033925|
1033926|
1033927|
1033952|
1033953|
1033954|
1033955|
1033956|
1033957|
1033958|
1033959|
1033984|
1033985|
1033986|
1033987|
1033988|
1033989|
1033990|
1033991|
1034016|
1034017|
1034018|
1034019|
1034020|
1034021|
1034022|
1034023|
1034048|
1034049|
1034050|
1034051|
1034052|
1034053|
1034054|
1034055|
1034080|
1034081|
1034082|
1034083|
1034084|
1034085|
1034086|
1034087|
1034112|
1034113|
1034114|
1034115|
1034116|
1034117|
1034118|
1034119|
1034144|
1034145|
1034146|
1034147|
1034148|
1034149|
1034150|
1034151|
1034176|
1034177|
1034178|
1034179|
1034180|
1034181|
1034182|
1034183|
1034208|
1034209|
1034210|
1034211|
1034212|
1034213|
1034214|
1034215|
1034240|
1034241|
1034242|
1034243|
1034244|
1034245|
1034246|
1034247|
1034272|
1034273|
1034274|
1034275|
1034276|
1034277|
1034278|
1034279|
1034304|
1034305|
1034306|
1034307|
1034308|
1034309|
1034310|
1034311|
1034336|
1034337|
1034338|
1034339|
1034340|
1034341|
1034342|
1034343|
1034368|
1034369|
1034370|
1034371|
1034372|
1034373|
1034374|
1034375|
1034400|
1034401|
1034402|
1034403|
1034404|
1034405|
1034406|
1034407|
1034432|
1034433|
1034434|
1034435|
1034436|
1034437|
1034438|
1034439|
1034464|
1034465|
1034466|
1034467|
1034468|
1034469|
1034470|
1034471|
1034496|
1034497|
1034498|
1034499|
1034500|
1034501|
1034502|
1034503|
1034528|
1034529|
1034530|
1034531|
1034532|
1034533|
1034534|
1034535|
1034560|
1034561|
1034562|
1034563|
1034564|
1034565|
1034566|
1034567|
1034592|
1034593|
1034594|
1034595|
1034596|
1034597|
1034598|
1034599|
1034624|
1034625|
1034626|
1034627|
1034628|
1034629|
1034630|
1034631|
1034656|
1034657|
1034658|
1034659|
1034660|
1034661|
1034662|
1034663|
1034688|
1034689|
1034690|
1034691|
1034692|
1034693|
1034694|
1034695|
1034720|
1034721|
1034722|
1034723|
1034724|
1034725|
1034726|
1034727|
1034752|
1034753|
1034754|
1034755|
1034756|
1034757|
1034758|
1034759|
1034784|
1034785|
1034786|
1034787|
1034788|
1034789|
1034790|
1034791|
1034816|
1034817|
1034818|
1034819|
1034820|
1034821|
1034822|
1034823|
1034848|
1034849|
1034850|
1034851|
1034852|
1034853|
1034854|
1034855|
1034880|
1034881|
1034882|
1034883|
1034884|
1034885|
1034886|
1034887|
1034912|
1034913|
1034914|
1034915|
1034916|
1034917|
1034918|
1034919|
1034944|
1034945|
1034946|
1034947|
1034948|
1034949|
1034950|
1034951|
1034976|
1034977|
1034978|
1034979|
1034980|
1034981|
1034982|
1034983|
1035008|
1035009|
1035010|
1035011|
1035012|
1035013|
1035014|
1035015|
1035040|
1035041|
1035042|
1035043|
1035044|
1035045|
1035046|
1035047|
1035072|
1035073|
1035074|
1035075|
1035076|
1035077|
1035078|
1035079|
1035104|
1035105|
1035106|
1035107|
1035108|
1035109|
1035110|
1035111|
1035136|
1035137|
1035138|
1035139|
1035140|
1035141|
1035142|
1035143|
1035168|
1035169|
1035170|
1035171|
1035172|
1035173|
1035174|
1035175|
1035200|
1035201|
1035202|
1035203|
1035204|
1035205|
1035206|
1035207|
1035232|
1035233|
1035234|
1035235|
1035236|
1035237|
1035238|
1035239|
1035264|
1035265|
1035266|
1035267|
1035268|
1035269|
1035270|
1035271|
1035296|
1035297|
1035298|
1035299|
1035300|
1035301|
1035302|
1035303|
1035328|
1035329|
1035330|
1035331|
1035332|
1035333|
1035334|
1035335|
1035360|
1035361|
1035362|
1035363|
1035364|
1035365|
1035366|
1035367|
1035392|
1035393|
1035394|
1035395|
1035396|
1035397|
1035398|
1035399|
1035424|
1035425|
1035426|
1035427|
1035428|
1035429|
1035430|
1035431|
1035456|
1035457|
1035458|
1035459|
1035460|
1035461|
1035462|
1035463|
1035488|
1035489|
1035490|
1035491|
1035492|
1035493|
1035494|
1035495|
1035520|
1035521|
1035522|
1035523|
1035524|
1035525|
1035526|
1035527|
1035552|
1035553|
1035554|
1035555|
1035556|
1035557|
1035558|
1035559|
1035584|
1035585|
1035586|
1035587|
1035588|
1035589|
1035590|
1035591|
1035616|
1035617|
1035618|
1035619|
1035620|
1035621|
1035622|
1035623|
1035648|
1035649|
1035650|
1035651|
1035652|
1035653|
1035654|
1035655|
1035680|
1035681|
1035682|
1035683|
1035684|
1035685|
1035686|
1035687|
1035712|
1035713|
1035714|
1035715|
1035716|
1035717|
1035718|
1035719|
1035744|
1035745|
1035746|
1035747|
1035748|
1035749|
1035750|
1035751|
1035776|
1035777|
1035778|
1035779|
1035780|
1035781|
1035782|
1035783|
1035808|
1035809|
1035810|
1035811|
1035812|
1035813|
1035814|
1035815|
1035840|
1035841|
1035842|
1035843|
1035844|
1035845|
1035846|
1035847|
1035872|
1035873|
1035874|
1035875|
1035876|
1035877|
1035878|
1035879|
1035904|
1035905|
1035906|
1035907|
1035908|
1035909|
1035910|
1035911|
1035936|
1035937|
1035938|
1035939|
1035940|
1035941|
1035942|
1035943|
1035968|
1035969|
1035970|
1035971|
1035972|
1035973|
1035974|
1035975|
1036000|
1036001|
1036002|
1036003|
1036004|
1036005|
1036006|
1036007|
1036032|
1036033|
1036034|
1036035|
1036036|
1036037|
1036038|
1036039|
1036064|
1036065|
1036066|
1036067|
1036068|
1036069|
1036070|
1036071|
1036096|
1036097|
1036098|
1036099|
1036100|
1036101|
1036102|
1036103|
1036128|
1036129|
1036130|
1036131|
1036132|
1036133|
1036134|
1036135|
1036160|
1036161|
1036162|
1036163|
1036164|
1036165|
1036166|
1036167|
1036192|
1036193|
1036194|
1036195|
1036196|
1036197|
1036198|
1036199|
1036224|
1036225|
1036226|
1036227|
1036228|
1036229|
1036230|
1036231|
1036256|
1036257|
1036258|
1036259|
1036260|
1036261|
1036262|
1036263|
1036288|
1036289|
1036290|
1036291|
1036292|
1036293|
1036294|
1036295|
1036320|
1036321|
1036322|
1036323|
1036324|
1036325|
1036326|
1036327|
1036352|
1036353|
1036354|
1036355|
1036356|
1036357|
1036358|
1036359|
1036384|
1036385|
1036386|
1036387|
1036388|
1036389|
1036390|
1036391|
1036416|
1036417|
1036418|
1036419|
1036420|
1036421|
1036422|
1036423|
1036448|
1036449|
1036450|
1036451|
1036452|
1036453|
1036454|
1036455|
1036480|
1036481|
1036482|
1036483|
1036484|
1036485|
1036486|
1036487|
1036512|
1036513|
1036514|
1036515|
1036516|
1036517|
1036518|
1036519|
1036544|
1036545|
1036546|
1036547|
1036548|
1036549|
1036550|
1036551|
1036576|
1036577|
1036578|
1036579|
1036580|
1036581|
1036582|
1036583|
1036608|
1036609|
1036610|
1036611|
1036612|
1036613|
1036614|
1036615|
1036640|
1036641|
1036642|
1036643|
1036644|
1036645|
1036646|
1036647|
1036672|
1036673|
1036674|
1036675|
1036676|
1036677|
1036678|
1036679|
1036704|
1036705|
1036706|
1036707|
1036708|
1036709|
1036710|
1036711|
1036736|
1036737|
1036738|
1036739|
1036740|
1036741|
1036742|
1036743|
1036768|
1036769|
1036770|
1036771|
1036772|
1036773|
1036774|
1036775|
1036800|
1036801|
1036802|
1036803|
1036804|
1036805|
1036806|
1036807|
1036832|
1036833|
1036834|
1036835|
1036836|
1036837|
1036838|
1036839|
1036864|
1036865|
1036866|
1036867|
1036868|
1036869|
1036870|
1036871|
1036896|
1036897|
1036898|
1036899|
1036900|
1036901|
1036902|
1036903|
1036928|
1036929|
1036930|
1036931|
1036932|
1036933|
1036934|
1036935|
1036960|
1036961|
1036962|
1036963|
1036964|
1036965|
1036966|
1036967|
1036992|
1036993|
1036994|
1036995|
1036996|
1036997|
1036998|
1036999|
1037024|
1037025|
1037026|
1037027|
1037028|
1037029|
1037030|
1037031|
1037056|
1037057|
1037058|
1037059|
1037060|
1037061|
1037062|
1037063|
1037088|
1037089|
1037090|
1037091|
1037092|
1037093|
1037094|
1037095|
1037120|
1037121|
1037122|
1037123|
1037124|
1037125|
1037126|
1037127|
1037152|
1037153|
1037154|
1037155|
1037156|
1037157|
1037158|
1037159|
1037184|
1037185|
1037186|
1037187|
1037188|
1037189|
1037190|
1037191|
1037216|
1037217|
1037218|
1037219|
1037220|
1037221|
1037222|
1037223|
1037248|
1037249|
1037250|
1037251|
1037252|
1037253|
1037254|
1037255|
1037280|
1037281|
1037282|
1037283|
1037284|
1037285|
1037286|
1037287|
1037312|
1037313|
1037314|
1037315|
1037316|
1037317|
1037318|
1037319|
1037344|
1037345|
1037346|
1037347|
1037348|
1037349|
1037350|
1037351|
1037376|
1037377|
1037378|
1037379|
1037380|
1037381|
1037382|
1037383|
1037408|
1037409|
1037410|
1037411|
1037412|
1037413|
1037414|
1037415|
1037440|
1037441|
1037442|
1037443|
1037444|
1037445|
1037446|
1037447|
1037472|
1037473|
1037474|
1037475|
1037476|
1037477|
1037478|
1037479|
1037504|
1037505|
1037506|
1037507|
1037508|
1037509|
1037510|
1037511|
1037536|
1037537|
1037538|
1037539|
1037540|
1037541|
1037542|
1037543|
1037568|
1037569|
1037570|
1037571|
1037572|
1037573|
1037574|
1037575|
1037600|
1037601|
1037602|
1037603|
1037604|
1037605|
1037606|
1037607|
1037632|
1037633|
1037634|
1037635|
1037636|
1037637|
1037638|
1037639|
1037664|
1037665|
1037666|
1037667|
1037668|
1037669|
1037670|
1037671|
1037696|
1037697|
1037698|
1037699|
1037700|
1037701|
1037702|
1037703|
1037728|
1037729|
1037730|
1037731|
1037732|
1037733|
1037734|
1037735|
1037760|
1037761|
1037762|
1037763|
1037764|
1037765|
1037766|
1037767|
1037792|
1037793|
1037794|
1037795|
1037796|
1037797|
1037798|
1037799|
1037824|
1037825|
1037826|
1037827|
1037828|
1037829|
1037830|
1037831|
1037856|
1037857|
1037858|
1037859|
1037860|
1037861|
1037862|
1037863|
1037888|
1037889|
1037890|
1037891|
1037892|
1037893|
1037894|
1037895|
1037920|
1037921|
1037922|
1037923|
1037924|
1037925|
1037926|
1037927|
1037952|
1037953|
1037954|
1037955|
1037956|
1037957|
1037958|
1037959|
1037984|
1037985|
1037986|
1037987|
1037988|
