281989|
281990|
281991|
282016|
282017|
282018|
282019|
282020|
282021|
282022|
282023|
282048|
282049|
282050|
282051|
282052|
282053|
282054|
282055|
282080|
282081|
282082|
282083|
282084|
282085|
282086|
282087|
282112|
282113|
282114|
282115|
282116|
282117|
282118|
282119|
282144|
282145|
282146|
282147|
282148|
282149|
282150|
282151|
282176|
282177|
282178|
282179|
282180|
282181|
282182|
282183|
282208|
282209|
282210|
282211|
282212|
282213|
282214|
282215|
282240|
282241|
282242|
282243|
282244|
282245|
282246|
282247|
282272|
282273|
282274|
282275|
282276|
282277|
282278|
282279|
282304|
282305|
282306|
282307|
282308|
282309|
282310|
282311|
282336|
282337|
282338|
282339|
282340|
282341|
282342|
282343|
282368|
282369|
282370|
282371|
282372|
282373|
282374|
282375|
282400|
282401|
282402|
282403|
282404|
282405|
282406|
282407|
282432|
282433|
282434|
282435|
282436|
282437|
282438|
282439|
282464|
282465|
282466|
282467|
282468|
282469|
282470|
282471|
282496|
282497|
282498|
282499|
282500|
282501|
282502|
282503|
282528|
282529|
282530|
282531|
282532|
282533|
282534|
282535|
282560|
282561|
282562|
282563|
282564|
282565|
282566|
282567|
282592|
282593|
282594|
282595|
282596|
282597|
282598|
282599|
282624|
282625|
282626|
282627|
282628|
282629|
282630|
282631|
282656|
282657|
282658|
282659|
282660|
282661|
282662|
282663|
282688|
282689|
282690|
282691|
282692|
282693|
282694|
282695|
282720|
282721|
282722|
282723|
282724|
282725|
282726|
282727|
282752|
282753|
282754|
282755|
282756|
282757|
282758|
282759|
282784|
282785|
282786|
282787|
282788|
282789|
282790|
282791|
282816|
282817|
282818|
282819|
282820|
282821|
282822|
282823|
282848|
282849|
282850|
282851|
282852|
282853|
282854|
282855|
282880|
282881|
282882|
282883|
282884|
282885|
282886|
282887|
282912|
282913|
282914|
282915|
282916|
282917|
282918|
282919|
282944|
282945|
282946|
282947|
282948|
282949|
282950|
282951|
282976|
282977|
282978|
282979|
282980|
282981|
282982|
282983|
283008|
283009|
283010|
283011|
283012|
283013|
283014|
283015|
283040|
283041|
283042|
283043|
283044|
283045|
283046|
283047|
283072|
283073|
283074|
283075|
283076|
283077|
283078|
283079|
283104|
283105|
283106|
283107|
283108|
283109|
283110|
283111|
283136|
283137|
283138|
283139|
283140|
283141|
283142|
283143|
283168|
283169|
283170|
283171|
283172|
283173|
283174|
283175|
283200|
283201|
283202|
283203|
283204|
283205|
283206|
283207|
283232|
283233|
283234|
283235|
283236|
283237|
283238|
283239|
283264|
283265|
283266|
283267|
283268|
283269|
283270|
283271|
283296|
283297|
283298|
283299|
283300|
283301|
283302|
283303|
283328|
283329|
283330|
283331|
283332|
283333|
283334|
283335|
283360|
283361|
283362|
283363|
283364|
283365|
283366|
283367|
283392|
283393|
283394|
283395|
283396|
283397|
283398|
283399|
283424|
283425|
283426|
283427|
283428|
283429|
283430|
283431|
283456|
283457|
283458|
283459|
283460|
283461|
283462|
283463|
283488|
283489|
283490|
283491|
283492|
283493|
283494|
283495|
283520|
283521|
283522|
283523|
283524|
283525|
283526|
283527|
283552|
283553|
283554|
283555|
283556|
283557|
283558|
283559|
283584|
283585|
283586|
283587|
283588|
283589|
283590|
283591|
283616|
283617|
283618|
283619|
283620|
283621|
283622|
283623|
283648|
283649|
283650|
283651|
283652|
283653|
283654|
283655|
283680|
283681|
283682|
283683|
283684|
283685|
283686|
283687|
283712|
283713|
283714|
283715|
283716|
283717|
283718|
283719|
283744|
283745|
283746|
283747|
283748|
283749|
283750|
283751|
283776|
283777|
283778|
283779|
283780|
283781|
283782|
283783|
283808|
283809|
283810|
283811|
283812|
283813|
283814|
283815|
283840|
283841|
283842|
283843|
283844|
283845|
283846|
283847|
283872|
283873|
283874|
283875|
283876|
283877|
283878|
283879|
283904|
283905|
283906|
283907|
283908|
283909|
283910|
283911|
283936|
283937|
283938|
283939|
283940|
283941|
283942|
283943|
283968|
283969|
283970|
283971|
283972|
283973|
283974|
283975|
284000|
284001|
284002|
284003|
284004|
284005|
284006|
284007|
284032|
284033|
284034|
284035|
284036|
284037|
284038|
284039|
284064|
284065|
284066|
284067|
284068|
284069|
284070|
284071|
284096|
284097|
284098|
284099|
284100|
284101|
284102|
284103|
284128|
284129|
284130|
284131|
284132|
284133|
284134|
284135|
284160|
284161|
284162|
284163|
284164|
284165|
284166|
284167|
284192|
284193|
284194|
284195|
284196|
284197|
284198|
284199|
284224|
284225|
284226|
284227|
284228|
284229|
284230|
284231|
284256|
284257|
284258|
284259|
284260|
284261|
284262|
284263|
284288|
284289|
284290|
284291|
284292|
284293|
284294|
284295|
284320|
284321|
284322|
284323|
284324|
284325|
284326|
284327|
284352|
284353|
284354|
284355|
284356|
284357|
284358|
284359|
284384|
284385|
284386|
284387|
284388|
284389|
284390|
284391|
284416|
284417|
284418|
284419|
284420|
284421|
284422|
284423|
284448|
284449|
284450|
284451|
284452|
284453|
284454|
284455|
284480|
284481|
284482|
284483|
284484|
284485|
284486|
284487|
284512|
284513|
284514|
284515|
284516|
284517|
284518|
284519|
284544|
284545|
284546|
284547|
284548|
284549|
284550|
284551|
284576|
284577|
284578|
284579|
284580|
284581|
284582|
284583|
284608|
284609|
284610|
284611|
284612|
284613|
284614|
284615|
284640|
284641|
284642|
284643|
284644|
284645|
284646|
284647|
284672|
284673|
284674|
284675|
284676|
284677|
284678|
284679|
284704|
284705|
284706|
284707|
284708|
284709|
284710|
284711|
284736|
284737|
284738|
284739|
284740|
284741|
284742|
284743|
284768|
284769|
284770|
284771|
284772|
284773|
284774|
284775|
284800|
284801|
284802|
284803|
284804|
284805|
284806|
284807|
284832|
284833|
284834|
284835|
284836|
284837|
284838|
284839|
284864|
284865|
284866|
284867|
284868|
284869|
284870|
284871|
284896|
284897|
284898|
284899|
284900|
284901|
284902|
284903|
284928|
284929|
284930|
284931|
284932|
284933|
284934|
284935|
284960|
284961|
284962|
284963|
284964|
284965|
284966|
284967|
284992|
284993|
284994|
284995|
284996|
284997|
284998|
284999|
285024|
285025|
285026|
285027|
285028|
285029|
285030|
285031|
285056|
285057|
285058|
285059|
285060|
285061|
285062|
285063|
285088|
285089|
285090|
285091|
285092|
285093|
285094|
285095|
285120|
285121|
285122|
285123|
285124|
285125|
285126|
285127|
285152|
285153|
285154|
285155|
285156|
285157|
285158|
285159|
285184|
285185|
285186|
285187|
285188|
285189|
285190|
285191|
285216|
285217|
285218|
285219|
285220|
285221|
285222|
285223|
285248|
285249|
285250|
285251|
285252|
285253|
285254|
285255|
285280|
285281|
285282|
285283|
285284|
285285|
285286|
285287|
285312|
285313|
285314|
285315|
285316|
285317|
285318|
285319|
285344|
285345|
285346|
285347|
285348|
285349|
285350|
285351|
285376|
285377|
285378|
285379|
285380|
285381|
285382|
285383|
285408|
285409|
285410|
285411|
285412|
285413|
285414|
285415|
285440|
285441|
285442|
285443|
285444|
285445|
285446|
285447|
285472|
285473|
285474|
285475|
285476|
285477|
285478|
285479|
285504|
285505|
285506|
285507|
285508|
285509|
285510|
285511|
285536|
285537|
285538|
285539|
285540|
285541|
285542|
285543|
285568|
285569|
285570|
285571|
285572|
285573|
285574|
285575|
285600|
285601|
285602|
285603|
285604|
285605|
285606|
285607|
285632|
285633|
285634|
285635|
285636|
285637|
285638|
285639|
285664|
285665|
285666|
285667|
285668|
285669|
285670|
285671|
285696|
285697|
285698|
285699|
285700|
285701|
285702|
285703|
285728|
285729|
285730|
285731|
285732|
285733|
285734|
285735|
285760|
285761|
285762|
285763|
285764|
285765|
285766|
285767|
285792|
285793|
285794|
285795|
285796|
285797|
285798|
285799|
285824|
285825|
285826|
285827|
285828|
285829|
285830|
285831|
285856|
285857|
285858|
285859|
285860|
285861|
285862|
285863|
285888|
285889|
285890|
285891|
285892|
285893|
285894|
285895|
285920|
285921|
285922|
285923|
285924|
285925|
285926|
285927|
285952|
285953|
285954|
285955|
285956|
285957|
285958|
285959|
285984|
285985|
285986|
285987|
285988|
285989|
285990|
285991|
286016|
286017|
286018|
286019|
286020|
286021|
286022|
286023|
286048|
286049|
286050|
286051|
286052|
286053|
286054|
286055|
286080|
286081|
286082|
286083|
286084|
286085|
286086|
286087|
286112|
286113|
286114|
286115|
286116|
286117|
286118|
286119|
286144|
286145|
286146|
286147|
286148|
286149|
286150|
286151|
286176|
286177|
286178|
286179|
286180|
286181|
286182|
286183|
286208|
286209|
286210|
286211|
286212|
286213|
286214|
286215|
286240|
286241|
286242|
286243|
286244|
286245|
286246|
286247|
286272|
286273|
286274|
286275|
286276|
286277|
286278|
286279|
286304|
286305|
286306|
286307|
286308|
286309|
286310|
286311|
286336|
286337|
286338|
286339|
286340|
286341|
286342|
286343|
286368|
286369|
286370|
286371|
286372|
286373|
286374|
286375|
286400|
286401|
286402|
286403|
286404|
286405|
286406|
286407|
286432|
286433|
286434|
286435|
286436|
286437|
286438|
286439|
286464|
286465|
286466|
286467|
286468|
286469|
286470|
286471|
286496|
286497|
286498|
286499|
286500|
286501|
286502|
286503|
286528|
286529|
286530|
286531|
286532|
286533|
286534|
286535|
286560|
286561|
286562|
286563|
286564|
286565|
286566|
286567|
286592|
286593|
286594|
286595|
286596|
286597|
286598|
286599|
286624|
286625|
286626|
286627|
286628|
286629|
286630|
286631|
286656|
286657|
286658|
286659|
286660|
286661|
286662|
286663|
286688|
286689|
286690|
286691|
286692|
286693|
286694|
286695|
286720|
286721|
286722|
286723|
286724|
286725|
286726|
286727|
286752|
286753|
286754|
286755|
286756|
286757|
286758|
286759|
286784|
286785|
286786|
286787|
286788|
286789|
286790|
286791|
286816|
286817|
286818|
286819|
286820|
286821|
286822|
286823|
286848|
286849|
286850|
286851|
286852|
286853|
286854|
286855|
286880|
286881|
286882|
286883|
286884|
286885|
286886|
286887|
286912|
286913|
286914|
286915|
286916|
286917|
286918|
286919|
286944|
286945|
286946|
286947|
286948|
286949|
286950|
286951|
286976|
286977|
286978|
286979|
286980|
286981|
286982|
286983|
287008|
287009|
287010|
287011|
287012|
287013|
287014|
287015|
287040|
287041|
287042|
287043|
287044|
287045|
287046|
287047|
287072|
287073|
287074|
287075|
287076|
287077|
287078|
287079|
287104|
287105|
287106|
287107|
287108|
287109|
287110|
287111|
287136|
287137|
287138|
287139|
287140|
287141|
287142|
287143|
287168|
287169|
287170|
287171|
287172|
287173|
287174|
287175|
287200|
287201|
287202|
287203|
287204|
287205|
287206|
287207|
287232|
287233|
287234|
287235|
287236|
287237|
287238|
287239|
287264|
287265|
287266|
287267|
287268|
287269|
287270|
287271|
287296|
287297|
287298|
287299|
287300|
287301|
287302|
287303|
287328|
287329|
287330|
287331|
287332|
287333|
287334|
287335|
287360|
287361|
287362|
287363|
287364|
287365|
287366|
287367|
287392|
287393|
287394|
287395|
287396|
287397|
287398|
287399|
287424|
287425|
287426|
287427|
287428|
287429|
287430|
287431|
287456|
287457|
287458|
287459|
287460|
287461|
287462|
287463|
287488|
287489|
287490|
287491|
287492|
287493|
287494|
287495|
287520|
287521|
287522|
287523|
287524|
287525|
287526|
287527|
287552|
287553|
287554|
287555|
287556|
287557|
287558|
287559|
287584|
287585|
287586|
287587|
287588|
287589|
287590|
287591|
287616|
287617|
287618|
287619|
287620|
287621|
287622|
287623|
287648|
287649|
287650|
287651|
287652|
287653|
287654|
287655|
287680|
287681|
287682|
287683|
287684|
287685|
287686|
287687|
287712|
287713|
287714|
287715|
287716|
287717|
287718|
287719|
287744|
287745|
287746|
287747|
287748|
287749|
287750|
287751|
287776|
287777|
287778|
287779|
287780|
287781|
287782|
287783|
287808|
287809|
287810|
287811|
287812|
287813|
287814|
287815|
287840|
287841|
287842|
287843|
287844|
287845|
287846|
287847|
287872|
287873|
287874|
287875|
287876|
287877|
287878|
287879|
287904|
287905|
287906|
287907|
287908|
287909|
287910|
287911|
287936|
287937|
287938|
287939|
287940|
287941|
287942|
287943|
287968|
287969|
287970|
287971|
287972|
287973|
287974|
287975|
288000|
