2772001|
2772002|
2772003|
2772004|
2772005|
2772006|
2772007|
2772032|
2772033|
2772034|
2772035|
2772036|
2772037|
2772038|
2772039|
2772064|
2772065|
2772066|
2772067|
2772068|
2772069|
2772070|
2772071|
2772096|
2772097|
2772098|
2772099|
2772100|
2772101|
2772102|
2772103|
2772128|
2772129|
2772130|
2772131|
2772132|
2772133|
2772134|
2772135|
2772160|
2772161|
2772162|
2772163|
2772164|
2772165|
2772166|
2772167|
2772192|
2772193|
2772194|
2772195|
2772196|
2772197|
2772198|
2772199|
2772224|
2772225|
2772226|
2772227|
2772228|
2772229|
2772230|
2772231|
2772256|
2772257|
2772258|
2772259|
2772260|
2772261|
2772262|
2772263|
2772288|
2772289|
2772290|
2772291|
2772292|
2772293|
2772294|
2772295|
2772320|
2772321|
2772322|
2772323|
2772324|
2772325|
2772326|
2772327|
2772352|
2772353|
2772354|
2772355|
2772356|
2772357|
2772358|
2772359|
2772384|
2772385|
2772386|
2772387|
2772388|
2772389|
2772390|
2772391|
2772416|
2772417|
2772418|
2772419|
2772420|
2772421|
2772422|
2772423|
2772448|
2772449|
2772450|
2772451|
2772452|
2772453|
2772454|
2772455|
2772480|
2772481|
2772482|
2772483|
2772484|
2772485|
2772486|
2772487|
2772512|
2772513|
2772514|
2772515|
2772516|
2772517|
2772518|
2772519|
2772544|
2772545|
2772546|
2772547|
2772548|
2772549|
2772550|
2772551|
2772576|
2772577|
2772578|
2772579|
2772580|
2772581|
2772582|
2772583|
2772608|
2772609|
2772610|
2772611|
2772612|
2772613|
2772614|
2772615|
2772640|
2772641|
2772642|
2772643|
2772644|
2772645|
2772646|
2772647|
2772672|
2772673|
2772674|
2772675|
2772676|
2772677|
2772678|
2772679|
2772704|
2772705|
2772706|
2772707|
2772708|
2772709|
2772710|
2772711|
2772736|
2772737|
2772738|
2772739|
2772740|
2772741|
2772742|
2772743|
2772768|
2772769|
2772770|
2772771|
2772772|
2772773|
2772774|
2772775|
2772800|
2772801|
2772802|
2772803|
2772804|
2772805|
2772806|
2772807|
2772832|
2772833|
2772834|
2772835|
2772836|
2772837|
2772838|
2772839|
2772864|
2772865|
2772866|
2772867|
2772868|
2772869|
2772870|
2772871|
2772896|
2772897|
2772898|
2772899|
2772900|
2772901|
2772902|
2772903|
2772928|
2772929|
2772930|
2772931|
2772932|
2772933|
2772934|
2772935|
2772960|
2772961|
2772962|
2772963|
2772964|
2772965|
2772966|
2772967|
2772992|
2772993|
2772994|
2772995|
2772996|
2772997|
2772998|
2772999|
2773024|
2773025|
2773026|
2773027|
2773028|
2773029|
2773030|
2773031|
2773056|
2773057|
2773058|
2773059|
2773060|
2773061|
2773062|
2773063|
2773088|
2773089|
2773090|
2773091|
2773092|
2773093|
2773094|
2773095|
2773120|
2773121|
2773122|
2773123|
2773124|
2773125|
2773126|
2773127|
2773152|
2773153|
2773154|
2773155|
2773156|
2773157|
2773158|
2773159|
2773184|
2773185|
2773186|
2773187|
2773188|
2773189|
2773190|
2773191|
2773216|
2773217|
2773218|
2773219|
2773220|
2773221|
2773222|
2773223|
2773248|
2773249|
2773250|
2773251|
2773252|
2773253|
2773254|
2773255|
2773280|
2773281|
2773282|
2773283|
2773284|
2773285|
2773286|
2773287|
2773312|
2773313|
2773314|
2773315|
2773316|
2773317|
2773318|
2773319|
2773344|
2773345|
2773346|
2773347|
2773348|
2773349|
2773350|
2773351|
2773376|
2773377|
2773378|
2773379|
2773380|
2773381|
2773382|
2773383|
2773408|
2773409|
2773410|
2773411|
2773412|
2773413|
2773414|
2773415|
2773440|
2773441|
2773442|
2773443|
2773444|
2773445|
2773446|
2773447|
2773472|
2773473|
2773474|
2773475|
2773476|
2773477|
2773478|
2773479|
2773504|
2773505|
2773506|
2773507|
2773508|
2773509|
2773510|
2773511|
2773536|
2773537|
2773538|
2773539|
2773540|
2773541|
2773542|
2773543|
2773568|
2773569|
2773570|
2773571|
2773572|
2773573|
2773574|
2773575|
2773600|
2773601|
2773602|
2773603|
2773604|
2773605|
2773606|
2773607|
2773632|
2773633|
2773634|
2773635|
2773636|
2773637|
2773638|
2773639|
2773664|
2773665|
2773666|
2773667|
2773668|
2773669|
2773670|
2773671|
2773696|
2773697|
2773698|
2773699|
2773700|
2773701|
2773702|
2773703|
2773728|
2773729|
2773730|
2773731|
2773732|
2773733|
2773734|
2773735|
2773760|
2773761|
2773762|
2773763|
2773764|
2773765|
2773766|
2773767|
2773792|
2773793|
2773794|
2773795|
2773796|
2773797|
2773798|
2773799|
2773824|
2773825|
2773826|
2773827|
2773828|
2773829|
2773830|
2773831|
2773856|
2773857|
2773858|
2773859|
2773860|
2773861|
2773862|
2773863|
2773888|
2773889|
2773890|
2773891|
2773892|
2773893|
2773894|
2773895|
2773920|
2773921|
2773922|
2773923|
2773924|
2773925|
2773926|
2773927|
2773952|
2773953|
2773954|
2773955|
2773956|
2773957|
2773958|
2773959|
2773984|
2773985|
2773986|
2773987|
2773988|
2773989|
2773990|
2773991|
2774016|
2774017|
2774018|
2774019|
2774020|
2774021|
2774022|
2774023|
2774048|
2774049|
2774050|
2774051|
2774052|
2774053|
2774054|
2774055|
2774080|
2774081|
2774082|
2774083|
2774084|
2774085|
2774086|
2774087|
2774112|
2774113|
2774114|
2774115|
2774116|
2774117|
2774118|
2774119|
2774144|
2774145|
2774146|
2774147|
2774148|
2774149|
2774150|
2774151|
2774176|
2774177|
2774178|
2774179|
2774180|
2774181|
2774182|
2774183|
2774208|
2774209|
2774210|
2774211|
2774212|
2774213|
2774214|
2774215|
2774240|
2774241|
2774242|
2774243|
2774244|
2774245|
2774246|
2774247|
2774272|
2774273|
2774274|
2774275|
2774276|
2774277|
2774278|
2774279|
2774304|
2774305|
2774306|
2774307|
2774308|
2774309|
2774310|
2774311|
2774336|
2774337|
2774338|
2774339|
2774340|
2774341|
2774342|
2774343|
2774368|
2774369|
2774370|
2774371|
2774372|
2774373|
2774374|
2774375|
2774400|
2774401|
2774402|
2774403|
2774404|
2774405|
2774406|
2774407|
2774432|
2774433|
2774434|
2774435|
2774436|
2774437|
2774438|
2774439|
2774464|
2774465|
2774466|
2774467|
2774468|
2774469|
2774470|
2774471|
2774496|
2774497|
2774498|
2774499|
2774500|
2774501|
2774502|
2774503|
2774528|
2774529|
2774530|
2774531|
2774532|
2774533|
2774534|
2774535|
2774560|
2774561|
2774562|
2774563|
2774564|
2774565|
2774566|
2774567|
2774592|
2774593|
2774594|
2774595|
2774596|
2774597|
2774598|
2774599|
2774624|
2774625|
2774626|
2774627|
2774628|
2774629|
2774630|
2774631|
2774656|
2774657|
2774658|
2774659|
2774660|
2774661|
2774662|
2774663|
2774688|
2774689|
2774690|
2774691|
2774692|
2774693|
2774694|
2774695|
2774720|
2774721|
2774722|
2774723|
2774724|
2774725|
2774726|
2774727|
2774752|
2774753|
2774754|
2774755|
2774756|
2774757|
2774758|
2774759|
2774784|
2774785|
2774786|
2774787|
2774788|
2774789|
2774790|
2774791|
2774816|
2774817|
2774818|
2774819|
2774820|
2774821|
2774822|
2774823|
2774848|
2774849|
2774850|
2774851|
2774852|
2774853|
2774854|
2774855|
2774880|
2774881|
2774882|
2774883|
2774884|
2774885|
2774886|
2774887|
2774912|
2774913|
2774914|
2774915|
2774916|
2774917|
2774918|
2774919|
2774944|
2774945|
2774946|
2774947|
2774948|
2774949|
2774950|
2774951|
2774976|
2774977|
2774978|
2774979|
2774980|
2774981|
2774982|
2774983|
2775008|
2775009|
2775010|
2775011|
2775012|
2775013|
2775014|
2775015|
2775040|
2775041|
2775042|
2775043|
2775044|
2775045|
2775046|
2775047|
2775072|
2775073|
2775074|
2775075|
2775076|
2775077|
2775078|
2775079|
2775104|
2775105|
2775106|
2775107|
2775108|
2775109|
2775110|
2775111|
2775136|
2775137|
2775138|
2775139|
2775140|
2775141|
2775142|
2775143|
2775168|
2775169|
2775170|
2775171|
2775172|
2775173|
2775174|
2775175|
2775200|
2775201|
2775202|
2775203|
2775204|
2775205|
2775206|
2775207|
2775232|
2775233|
2775234|
2775235|
2775236|
2775237|
2775238|
2775239|
2775264|
2775265|
2775266|
2775267|
2775268|
2775269|
2775270|
2775271|
2775296|
2775297|
2775298|
2775299|
2775300|
2775301|
2775302|
2775303|
2775328|
2775329|
2775330|
2775331|
2775332|
2775333|
2775334|
2775335|
2775360|
2775361|
2775362|
2775363|
2775364|
2775365|
2775366|
2775367|
2775392|
2775393|
2775394|
2775395|
2775396|
2775397|
2775398|
2775399|
2775424|
2775425|
2775426|
2775427|
2775428|
2775429|
2775430|
2775431|
2775456|
2775457|
2775458|
2775459|
2775460|
2775461|
2775462|
2775463|
2775488|
2775489|
2775490|
2775491|
2775492|
2775493|
2775494|
2775495|
2775520|
2775521|
2775522|
2775523|
2775524|
2775525|
2775526|
2775527|
2775552|
2775553|
2775554|
2775555|
2775556|
2775557|
2775558|
2775559|
2775584|
2775585|
2775586|
2775587|
2775588|
2775589|
2775590|
2775591|
2775616|
2775617|
2775618|
2775619|
2775620|
2775621|
2775622|
2775623|
2775648|
2775649|
2775650|
2775651|
2775652|
2775653|
2775654|
2775655|
2775680|
2775681|
2775682|
2775683|
2775684|
2775685|
2775686|
2775687|
2775712|
2775713|
2775714|
2775715|
2775716|
2775717|
2775718|
2775719|
2775744|
2775745|
2775746|
2775747|
2775748|
2775749|
2775750|
2775751|
2775776|
2775777|
2775778|
2775779|
2775780|
2775781|
2775782|
2775783|
2775808|
2775809|
2775810|
2775811|
2775812|
2775813|
2775814|
2775815|
2775840|
2775841|
2775842|
2775843|
2775844|
2775845|
2775846|
2775847|
2775872|
2775873|
2775874|
2775875|
2775876|
2775877|
2775878|
2775879|
2775904|
2775905|
2775906|
2775907|
2775908|
2775909|
2775910|
2775911|
2775936|
2775937|
2775938|
2775939|
2775940|
2775941|
2775942|
2775943|
2775968|
2775969|
2775970|
2775971|
2775972|
2775973|
2775974|
2775975|
2776000|
2776001|
2776002|
2776003|
2776004|
2776005|
2776006|
2776007|
2776032|
2776033|
2776034|
2776035|
2776036|
2776037|
2776038|
2776039|
2776064|
2776065|
2776066|
2776067|
2776068|
2776069|
2776070|
2776071|
2776096|
2776097|
2776098|
2776099|
2776100|
2776101|
2776102|
2776103|
2776128|
2776129|
2776130|
2776131|
2776132|
2776133|
2776134|
2776135|
2776160|
2776161|
2776162|
2776163|
2776164|
2776165|
2776166|
2776167|
2776192|
2776193|
2776194|
2776195|
2776196|
2776197|
2776198|
2776199|
2776224|
2776225|
2776226|
2776227|
2776228|
2776229|
2776230|
2776231|
2776256|
2776257|
2776258|
2776259|
2776260|
2776261|
2776262|
2776263|
2776288|
2776289|
2776290|
2776291|
2776292|
2776293|
2776294|
2776295|
2776320|
2776321|
2776322|
2776323|
2776324|
2776325|
2776326|
2776327|
2776352|
2776353|
2776354|
2776355|
2776356|
2776357|
2776358|
2776359|
2776384|
2776385|
2776386|
2776387|
2776388|
2776389|
2776390|
2776391|
2776416|
2776417|
2776418|
2776419|
2776420|
2776421|
2776422|
2776423|
2776448|
2776449|
2776450|
2776451|
2776452|
2776453|
2776454|
2776455|
2776480|
2776481|
2776482|
2776483|
2776484|
2776485|
2776486|
2776487|
2776512|
2776513|
2776514|
2776515|
2776516|
2776517|
2776518|
2776519|
2776544|
2776545|
2776546|
2776547|
2776548|
2776549|
2776550|
2776551|
2776576|
2776577|
2776578|
2776579|
2776580|
2776581|
2776582|
2776583|
2776608|
2776609|
2776610|
2776611|
2776612|
2776613|
2776614|
2776615|
2776640|
2776641|
2776642|
2776643|
2776644|
2776645|
2776646|
2776647|
2776672|
2776673|
2776674|
2776675|
2776676|
2776677|
2776678|
2776679|
2776704|
2776705|
2776706|
2776707|
2776708|
2776709|
2776710|
2776711|
2776736|
2776737|
2776738|
2776739|
2776740|
2776741|
2776742|
2776743|
2776768|
2776769|
2776770|
2776771|
2776772|
2776773|
2776774|
2776775|
2776800|
2776801|
2776802|
2776803|
2776804|
2776805|
2776806|
2776807|
2776832|
2776833|
2776834|
2776835|
2776836|
2776837|
2776838|
2776839|
2776864|
2776865|
2776866|
2776867|
2776868|
2776869|
2776870|
2776871|
2776896|
2776897|
2776898|
2776899|
2776900|
2776901|
2776902|
2776903|
2776928|
2776929|
2776930|
2776931|
2776932|
2776933|
2776934|
2776935|
2776960|
2776961|
2776962|
2776963|
2776964|
2776965|
2776966|
2776967|
2776992|
2776993|
2776994|
2776995|
2776996|
2776997|
2776998|
2776999|
2777024|
2777025|
2777026|
2777027|
2777028|
2777029|
2777030|
2777031|
2777056|
2777057|
2777058|
2777059|
2777060|
2777061|
2777062|
2777063|
2777088|
2777089|
2777090|
2777091|
2777092|
2777093|
2777094|
2777095|
2777120|
2777121|
2777122|
2777123|
2777124|
2777125|
2777126|
2777127|
2777152|
2777153|
2777154|
2777155|
2777156|
2777157|
2777158|
2777159|
2777184|
2777185|
2777186|
2777187|
2777188|
2777189|
2777190|
2777191|
2777216|
2777217|
2777218|
2777219|
2777220|
2777221|
2777222|
2777223|
2777248|
2777249|
2777250|
2777251|
2777252|
2777253|
2777254|
2777255|
2777280|
2777281|
2777282|
2777283|
2777284|
2777285|
2777286|
2777287|
2777312|
2777313|
2777314|
2777315|
2777316|
2777317|
2777318|
2777319|
2777344|
2777345|
2777346|
2777347|
2777348|
2777349|
2777350|
2777351|
2777376|
2777377|
2777378|
2777379|
2777380|
2777381|
2777382|
2777383|
2777408|
2777409|
2777410|
2777411|
2777412|
2777413|
2777414|
2777415|
2777440|
2777441|
2777442|
2777443|
2777444|
2777445|
2777446|
2777447|
2777472|
2777473|
2777474|
2777475|
2777476|
2777477|
2777478|
2777479|
2777504|
2777505|
2777506|
2777507|
2777508|
2777509|
2777510|
2777511|
2777536|
2777537|
2777538|
2777539|
2777540|
2777541|
2777542|
2777543|
2777568|
2777569|
2777570|
2777571|
2777572|
2777573|
2777574|
2777575|
2777600|
2777601|
2777602|
2777603|
2777604|
2777605|
2777606|
2777607|
2777632|
2777633|
2777634|
2777635|
2777636|
2777637|
2777638|
2777639|
2777664|
2777665|
2777666|
2777667|
2777668|
2777669|
2777670|
2777671|
2777696|
2777697|
2777698|
2777699|
2777700|
2777701|
2777702|
2777703|
2777728|
2777729|
2777730|
2777731|
2777732|
2777733|
2777734|
2777735|
2777760|
2777761|
2777762|
2777763|
2777764|
2777765|
2777766|
2777767|
2777792|
2777793|
2777794|
2777795|
2777796|
2777797|
2777798|
2777799|
2777824|
2777825|
2777826|
2777827|
2777828|
2777829|
2777830|
2777831|
2777856|
2777857|
2777858|
2777859|
2777860|
2777861|
2777862|
2777863|
2777888|
2777889|
2777890|
2777891|
2777892|
2777893|
2777894|
2777895|
2777920|
2777921|
2777922|
2777923|
2777924|
2777925|
2777926|
2777927|
2777952|
2777953|
2777954|
2777955|
2777956|
2777957|
2777958|
2777959|
2777984|
2777985|
2777986|
2777987|
2777988|
