2124001|
2124002|
2124003|
2124004|
2124005|
2124006|
2124007|
2124032|
2124033|
2124034|
2124035|
2124036|
2124037|
2124038|
2124039|
2124064|
2124065|
2124066|
2124067|
2124068|
2124069|
2124070|
2124071|
2124096|
2124097|
2124098|
2124099|
2124100|
2124101|
2124102|
2124103|
2124128|
2124129|
2124130|
2124131|
2124132|
2124133|
2124134|
2124135|
2124160|
2124161|
2124162|
2124163|
2124164|
2124165|
2124166|
2124167|
2124192|
2124193|
2124194|
2124195|
2124196|
2124197|
2124198|
2124199|
2124224|
2124225|
2124226|
2124227|
2124228|
2124229|
2124230|
2124231|
2124256|
2124257|
2124258|
2124259|
2124260|
2124261|
2124262|
2124263|
2124288|
2124289|
2124290|
2124291|
2124292|
2124293|
2124294|
2124295|
2124320|
2124321|
2124322|
2124323|
2124324|
2124325|
2124326|
2124327|
2124352|
2124353|
2124354|
2124355|
2124356|
2124357|
2124358|
2124359|
2124384|
2124385|
2124386|
2124387|
2124388|
2124389|
2124390|
2124391|
2124416|
2124417|
2124418|
2124419|
2124420|
2124421|
2124422|
2124423|
2124448|
2124449|
2124450|
2124451|
2124452|
2124453|
2124454|
2124455|
2124480|
2124481|
2124482|
2124483|
2124484|
2124485|
2124486|
2124487|
2124512|
2124513|
2124514|
2124515|
2124516|
2124517|
2124518|
2124519|
2124544|
2124545|
2124546|
2124547|
2124548|
2124549|
2124550|
2124551|
2124576|
2124577|
2124578|
2124579|
2124580|
2124581|
2124582|
2124583|
2124608|
2124609|
2124610|
2124611|
2124612|
2124613|
2124614|
2124615|
2124640|
2124641|
2124642|
2124643|
2124644|
2124645|
2124646|
2124647|
2124672|
2124673|
2124674|
2124675|
2124676|
2124677|
2124678|
2124679|
2124704|
2124705|
2124706|
2124707|
2124708|
2124709|
2124710|
2124711|
2124736|
2124737|
2124738|
2124739|
2124740|
2124741|
2124742|
2124743|
2124768|
2124769|
2124770|
2124771|
2124772|
2124773|
2124774|
2124775|
2124800|
2124801|
2124802|
2124803|
2124804|
2124805|
2124806|
2124807|
2124832|
2124833|
2124834|
2124835|
2124836|
2124837|
2124838|
2124839|
2124864|
2124865|
2124866|
2124867|
2124868|
2124869|
2124870|
2124871|
2124896|
2124897|
2124898|
2124899|
2124900|
2124901|
2124902|
2124903|
2124928|
2124929|
2124930|
2124931|
2124932|
2124933|
2124934|
2124935|
2124960|
2124961|
2124962|
2124963|
2124964|
2124965|
2124966|
2124967|
2124992|
2124993|
2124994|
2124995|
2124996|
2124997|
2124998|
2124999|
2125024|
2125025|
2125026|
2125027|
2125028|
2125029|
2125030|
2125031|
2125056|
2125057|
2125058|
2125059|
2125060|
2125061|
2125062|
2125063|
2125088|
2125089|
2125090|
2125091|
2125092|
2125093|
2125094|
2125095|
2125120|
2125121|
2125122|
2125123|
2125124|
2125125|
2125126|
2125127|
2125152|
2125153|
2125154|
2125155|
2125156|
2125157|
2125158|
2125159|
2125184|
2125185|
2125186|
2125187|
2125188|
2125189|
2125190|
2125191|
2125216|
2125217|
2125218|
2125219|
2125220|
2125221|
2125222|
2125223|
2125248|
2125249|
2125250|
2125251|
2125252|
2125253|
2125254|
2125255|
2125280|
2125281|
2125282|
2125283|
2125284|
2125285|
2125286|
2125287|
2125312|
2125313|
2125314|
2125315|
2125316|
2125317|
2125318|
2125319|
2125344|
2125345|
2125346|
2125347|
2125348|
2125349|
2125350|
2125351|
2125376|
2125377|
2125378|
2125379|
2125380|
2125381|
2125382|
2125383|
2125408|
2125409|
2125410|
2125411|
2125412|
2125413|
2125414|
2125415|
2125440|
2125441|
2125442|
2125443|
2125444|
2125445|
2125446|
2125447|
2125472|
2125473|
2125474|
2125475|
2125476|
2125477|
2125478|
2125479|
2125504|
2125505|
2125506|
2125507|
2125508|
2125509|
2125510|
2125511|
2125536|
2125537|
2125538|
2125539|
2125540|
2125541|
2125542|
2125543|
2125568|
2125569|
2125570|
2125571|
2125572|
2125573|
2125574|
2125575|
2125600|
2125601|
2125602|
2125603|
2125604|
2125605|
2125606|
2125607|
2125632|
2125633|
2125634|
2125635|
2125636|
2125637|
2125638|
2125639|
2125664|
2125665|
2125666|
2125667|
2125668|
2125669|
2125670|
2125671|
2125696|
2125697|
2125698|
2125699|
2125700|
2125701|
2125702|
2125703|
2125728|
2125729|
2125730|
2125731|
2125732|
2125733|
2125734|
2125735|
2125760|
2125761|
2125762|
2125763|
2125764|
2125765|
2125766|
2125767|
2125792|
2125793|
2125794|
2125795|
2125796|
2125797|
2125798|
2125799|
2125824|
2125825|
2125826|
2125827|
2125828|
2125829|
2125830|
2125831|
2125856|
2125857|
2125858|
2125859|
2125860|
2125861|
2125862|
2125863|
2125888|
2125889|
2125890|
2125891|
2125892|
2125893|
2125894|
2125895|
2125920|
2125921|
2125922|
2125923|
2125924|
2125925|
2125926|
2125927|
2125952|
2125953|
2125954|
2125955|
2125956|
2125957|
2125958|
2125959|
2125984|
2125985|
2125986|
2125987|
2125988|
2125989|
2125990|
2125991|
2126016|
2126017|
2126018|
2126019|
2126020|
2126021|
2126022|
2126023|
2126048|
2126049|
2126050|
2126051|
2126052|
2126053|
2126054|
2126055|
2126080|
2126081|
2126082|
2126083|
2126084|
2126085|
2126086|
2126087|
2126112|
2126113|
2126114|
2126115|
2126116|
2126117|
2126118|
2126119|
2126144|
2126145|
2126146|
2126147|
2126148|
2126149|
2126150|
2126151|
2126176|
2126177|
2126178|
2126179|
2126180|
2126181|
2126182|
2126183|
2126208|
2126209|
2126210|
2126211|
2126212|
2126213|
2126214|
2126215|
2126240|
2126241|
2126242|
2126243|
2126244|
2126245|
2126246|
2126247|
2126272|
2126273|
2126274|
2126275|
2126276|
2126277|
2126278|
2126279|
2126304|
2126305|
2126306|
2126307|
2126308|
2126309|
2126310|
2126311|
2126336|
2126337|
2126338|
2126339|
2126340|
2126341|
2126342|
2126343|
2126368|
2126369|
2126370|
2126371|
2126372|
2126373|
2126374|
2126375|
2126400|
2126401|
2126402|
2126403|
2126404|
2126405|
2126406|
2126407|
2126432|
2126433|
2126434|
2126435|
2126436|
2126437|
2126438|
2126439|
2126464|
2126465|
2126466|
2126467|
2126468|
2126469|
2126470|
2126471|
2126496|
2126497|
2126498|
2126499|
2126500|
2126501|
2126502|
2126503|
2126528|
2126529|
2126530|
2126531|
2126532|
2126533|
2126534|
2126535|
2126560|
2126561|
2126562|
2126563|
2126564|
2126565|
2126566|
2126567|
2126592|
2126593|
2126594|
2126595|
2126596|
2126597|
2126598|
2126599|
2126624|
2126625|
2126626|
2126627|
2126628|
2126629|
2126630|
2126631|
2126656|
2126657|
2126658|
2126659|
2126660|
2126661|
2126662|
2126663|
2126688|
2126689|
2126690|
2126691|
2126692|
2126693|
2126694|
2126695|
2126720|
2126721|
2126722|
2126723|
2126724|
2126725|
2126726|
2126727|
2126752|
2126753|
2126754|
2126755|
2126756|
2126757|
2126758|
2126759|
2126784|
2126785|
2126786|
2126787|
2126788|
2126789|
2126790|
2126791|
2126816|
2126817|
2126818|
2126819|
2126820|
2126821|
2126822|
2126823|
2126848|
2126849|
2126850|
2126851|
2126852|
2126853|
2126854|
2126855|
2126880|
2126881|
2126882|
2126883|
2126884|
2126885|
2126886|
2126887|
2126912|
2126913|
2126914|
2126915|
2126916|
2126917|
2126918|
2126919|
2126944|
2126945|
2126946|
2126947|
2126948|
2126949|
2126950|
2126951|
2126976|
2126977|
2126978|
2126979|
2126980|
2126981|
2126982|
2126983|
2127008|
2127009|
2127010|
2127011|
2127012|
2127013|
2127014|
2127015|
2127040|
2127041|
2127042|
2127043|
2127044|
2127045|
2127046|
2127047|
2127072|
2127073|
2127074|
2127075|
2127076|
2127077|
2127078|
2127079|
2127104|
2127105|
2127106|
2127107|
2127108|
2127109|
2127110|
2127111|
2127136|
2127137|
2127138|
2127139|
2127140|
2127141|
2127142|
2127143|
2127168|
2127169|
2127170|
2127171|
2127172|
2127173|
2127174|
2127175|
2127200|
2127201|
2127202|
2127203|
2127204|
2127205|
2127206|
2127207|
2127232|
2127233|
2127234|
2127235|
2127236|
2127237|
2127238|
2127239|
2127264|
2127265|
2127266|
2127267|
2127268|
2127269|
2127270|
2127271|
2127296|
2127297|
2127298|
2127299|
2127300|
2127301|
2127302|
2127303|
2127328|
2127329|
2127330|
2127331|
2127332|
2127333|
2127334|
2127335|
2127360|
2127361|
2127362|
2127363|
2127364|
2127365|
2127366|
2127367|
2127392|
2127393|
2127394|
2127395|
2127396|
2127397|
2127398|
2127399|
2127424|
2127425|
2127426|
2127427|
2127428|
2127429|
2127430|
2127431|
2127456|
2127457|
2127458|
2127459|
2127460|
2127461|
2127462|
2127463|
2127488|
2127489|
2127490|
2127491|
2127492|
2127493|
2127494|
2127495|
2127520|
2127521|
2127522|
2127523|
2127524|
2127525|
2127526|
2127527|
2127552|
2127553|
2127554|
2127555|
2127556|
2127557|
2127558|
2127559|
2127584|
2127585|
2127586|
2127587|
2127588|
2127589|
2127590|
2127591|
2127616|
2127617|
2127618|
2127619|
2127620|
2127621|
2127622|
2127623|
2127648|
2127649|
2127650|
2127651|
2127652|
2127653|
2127654|
2127655|
2127680|
2127681|
2127682|
2127683|
2127684|
2127685|
2127686|
2127687|
2127712|
2127713|
2127714|
2127715|
2127716|
2127717|
2127718|
2127719|
2127744|
2127745|
2127746|
2127747|
2127748|
2127749|
2127750|
2127751|
2127776|
2127777|
2127778|
2127779|
2127780|
2127781|
2127782|
2127783|
2127808|
2127809|
2127810|
2127811|
2127812|
2127813|
2127814|
2127815|
2127840|
2127841|
2127842|
2127843|
2127844|
2127845|
2127846|
2127847|
2127872|
2127873|
2127874|
2127875|
2127876|
2127877|
2127878|
2127879|
2127904|
2127905|
2127906|
2127907|
2127908|
2127909|
2127910|
2127911|
2127936|
2127937|
2127938|
2127939|
2127940|
2127941|
2127942|
2127943|
2127968|
2127969|
2127970|
2127971|
2127972|
2127973|
2127974|
2127975|
2128000|
2128001|
2128002|
2128003|
2128004|
2128005|
2128006|
2128007|
2128032|
2128033|
2128034|
2128035|
2128036|
2128037|
2128038|
2128039|
2128064|
2128065|
2128066|
2128067|
2128068|
2128069|
2128070|
2128071|
2128096|
2128097|
2128098|
2128099|
2128100|
2128101|
2128102|
2128103|
2128128|
2128129|
2128130|
2128131|
2128132|
2128133|
2128134|
2128135|
2128160|
2128161|
2128162|
2128163|
2128164|
2128165|
2128166|
2128167|
2128192|
2128193|
2128194|
2128195|
2128196|
2128197|
2128198|
2128199|
2128224|
2128225|
2128226|
2128227|
2128228|
2128229|
2128230|
2128231|
2128256|
2128257|
2128258|
2128259|
2128260|
2128261|
2128262|
2128263|
2128288|
2128289|
2128290|
2128291|
2128292|
2128293|
2128294|
2128295|
2128320|
2128321|
2128322|
2128323|
2128324|
2128325|
2128326|
2128327|
2128352|
2128353|
2128354|
2128355|
2128356|
2128357|
2128358|
2128359|
2128384|
2128385|
2128386|
2128387|
2128388|
2128389|
2128390|
2128391|
2128416|
2128417|
2128418|
2128419|
2128420|
2128421|
2128422|
2128423|
2128448|
2128449|
2128450|
2128451|
2128452|
2128453|
2128454|
2128455|
2128480|
2128481|
2128482|
2128483|
2128484|
2128485|
2128486|
2128487|
2128512|
2128513|
2128514|
2128515|
2128516|
2128517|
2128518|
2128519|
2128544|
2128545|
2128546|
2128547|
2128548|
2128549|
2128550|
2128551|
2128576|
2128577|
2128578|
2128579|
2128580|
2128581|
2128582|
2128583|
2128608|
2128609|
2128610|
2128611|
2128612|
2128613|
2128614|
2128615|
2128640|
2128641|
2128642|
2128643|
2128644|
2128645|
2128646|
2128647|
2128672|
2128673|
2128674|
2128675|
2128676|
2128677|
2128678|
2128679|
2128704|
2128705|
2128706|
2128707|
2128708|
2128709|
2128710|
2128711|
2128736|
2128737|
2128738|
2128739|
2128740|
2128741|
2128742|
2128743|
2128768|
2128769|
2128770|
2128771|
2128772|
2128773|
2128774|
2128775|
2128800|
2128801|
2128802|
2128803|
2128804|
2128805|
2128806|
2128807|
2128832|
2128833|
2128834|
2128835|
2128836|
2128837|
2128838|
2128839|
2128864|
2128865|
2128866|
2128867|
2128868|
2128869|
2128870|
2128871|
2128896|
2128897|
2128898|
2128899|
2128900|
2128901|
2128902|
2128903|
2128928|
2128929|
2128930|
2128931|
2128932|
2128933|
2128934|
2128935|
2128960|
2128961|
2128962|
2128963|
2128964|
2128965|
2128966|
2128967|
2128992|
2128993|
2128994|
2128995|
2128996|
2128997|
2128998|
2128999|
2129024|
2129025|
2129026|
2129027|
2129028|
2129029|
2129030|
2129031|
2129056|
2129057|
2129058|
2129059|
2129060|
2129061|
2129062|
2129063|
2129088|
2129089|
2129090|
2129091|
2129092|
2129093|
2129094|
2129095|
2129120|
2129121|
2129122|
2129123|
2129124|
2129125|
2129126|
2129127|
2129152|
2129153|
2129154|
2129155|
2129156|
2129157|
2129158|
2129159|
2129184|
2129185|
2129186|
2129187|
2129188|
2129189|
2129190|
2129191|
2129216|
2129217|
2129218|
2129219|
2129220|
2129221|
2129222|
2129223|
2129248|
2129249|
2129250|
2129251|
2129252|
2129253|
2129254|
2129255|
2129280|
2129281|
2129282|
2129283|
2129284|
2129285|
2129286|
2129287|
2129312|
2129313|
2129314|
2129315|
2129316|
2129317|
2129318|
2129319|
2129344|
2129345|
2129346|
2129347|
2129348|
2129349|
2129350|
2129351|
2129376|
2129377|
2129378|
2129379|
2129380|
2129381|
2129382|
2129383|
2129408|
2129409|
2129410|
2129411|
2129412|
2129413|
2129414|
2129415|
2129440|
2129441|
2129442|
2129443|
2129444|
2129445|
2129446|
2129447|
2129472|
2129473|
2129474|
2129475|
2129476|
2129477|
2129478|
2129479|
2129504|
2129505|
2129506|
2129507|
2129508|
2129509|
2129510|
2129511|
2129536|
2129537|
2129538|
2129539|
2129540|
2129541|
2129542|
2129543|
2129568|
2129569|
2129570|
2129571|
2129572|
2129573|
2129574|
2129575|
2129600|
2129601|
2129602|
2129603|
2129604|
2129605|
2129606|
2129607|
2129632|
2129633|
2129634|
2129635|
2129636|
2129637|
2129638|
2129639|
2129664|
2129665|
2129666|
2129667|
2129668|
2129669|
2129670|
2129671|
2129696|
2129697|
2129698|
2129699|
2129700|
2129701|
2129702|
2129703|
2129728|
2129729|
2129730|
2129731|
2129732|
2129733|
2129734|
2129735|
2129760|
2129761|
2129762|
2129763|
2129764|
2129765|
2129766|
2129767|
2129792|
2129793|
2129794|
2129795|
2129796|
2129797|
2129798|
2129799|
2129824|
2129825|
2129826|
2129827|
2129828|
2129829|
2129830|
2129831|
2129856|
2129857|
2129858|
2129859|
2129860|
2129861|
2129862|
2129863|
2129888|
2129889|
2129890|
2129891|
2129892|
2129893|
2129894|
2129895|
2129920|
2129921|
2129922|
2129923|
2129924|
2129925|
2129926|
2129927|
2129952|
2129953|
2129954|
2129955|
2129956|
2129957|
2129958|
2129959|
2129984|
2129985|
2129986|
2129987|
2129988|
