1457989|
1457990|
1457991|
1458016|
1458017|
1458018|
1458019|
1458020|
1458021|
1458022|
1458023|
1458048|
1458049|
1458050|
1458051|
1458052|
1458053|
1458054|
1458055|
1458080|
1458081|
1458082|
1458083|
1458084|
1458085|
1458086|
1458087|
1458112|
1458113|
1458114|
1458115|
1458116|
1458117|
1458118|
1458119|
1458144|
1458145|
1458146|
1458147|
1458148|
1458149|
1458150|
1458151|
1458176|
1458177|
1458178|
1458179|
1458180|
1458181|
1458182|
1458183|
1458208|
1458209|
1458210|
1458211|
1458212|
1458213|
1458214|
1458215|
1458240|
1458241|
1458242|
1458243|
1458244|
1458245|
1458246|
1458247|
1458272|
1458273|
1458274|
1458275|
1458276|
1458277|
1458278|
1458279|
1458304|
1458305|
1458306|
1458307|
1458308|
1458309|
1458310|
1458311|
1458336|
1458337|
1458338|
1458339|
1458340|
1458341|
1458342|
1458343|
1458368|
1458369|
1458370|
1458371|
1458372|
1458373|
1458374|
1458375|
1458400|
1458401|
1458402|
1458403|
1458404|
1458405|
1458406|
1458407|
1458432|
1458433|
1458434|
1458435|
1458436|
1458437|
1458438|
1458439|
1458464|
1458465|
1458466|
1458467|
1458468|
1458469|
1458470|
1458471|
1458496|
1458497|
1458498|
1458499|
1458500|
1458501|
1458502|
1458503|
1458528|
1458529|
1458530|
1458531|
1458532|
1458533|
1458534|
1458535|
1458560|
1458561|
1458562|
1458563|
1458564|
1458565|
1458566|
1458567|
1458592|
1458593|
1458594|
1458595|
1458596|
1458597|
1458598|
1458599|
1458624|
1458625|
1458626|
1458627|
1458628|
1458629|
1458630|
1458631|
1458656|
1458657|
1458658|
1458659|
1458660|
1458661|
1458662|
1458663|
1458688|
1458689|
1458690|
1458691|
1458692|
1458693|
1458694|
1458695|
1458720|
1458721|
1458722|
1458723|
1458724|
1458725|
1458726|
1458727|
1458752|
1458753|
1458754|
1458755|
1458756|
1458757|
1458758|
1458759|
1458784|
1458785|
1458786|
1458787|
1458788|
1458789|
1458790|
1458791|
1458816|
1458817|
1458818|
1458819|
1458820|
1458821|
1458822|
1458823|
1458848|
1458849|
1458850|
1458851|
1458852|
1458853|
1458854|
1458855|
1458880|
1458881|
1458882|
1458883|
1458884|
1458885|
1458886|
1458887|
1458912|
1458913|
1458914|
1458915|
1458916|
1458917|
1458918|
1458919|
1458944|
1458945|
1458946|
1458947|
1458948|
1458949|
1458950|
1458951|
1458976|
1458977|
1458978|
1458979|
1458980|
1458981|
1458982|
1458983|
1459008|
1459009|
1459010|
1459011|
1459012|
1459013|
1459014|
1459015|
1459040|
1459041|
1459042|
1459043|
1459044|
1459045|
1459046|
1459047|
1459072|
1459073|
1459074|
1459075|
1459076|
1459077|
1459078|
1459079|
1459104|
1459105|
1459106|
1459107|
1459108|
1459109|
1459110|
1459111|
1459136|
1459137|
1459138|
1459139|
1459140|
1459141|
1459142|
1459143|
1459168|
1459169|
1459170|
1459171|
1459172|
1459173|
1459174|
1459175|
1459200|
1459201|
1459202|
1459203|
1459204|
1459205|
1459206|
1459207|
1459232|
1459233|
1459234|
1459235|
1459236|
1459237|
1459238|
1459239|
1459264|
1459265|
1459266|
1459267|
1459268|
1459269|
1459270|
1459271|
1459296|
1459297|
1459298|
1459299|
1459300|
1459301|
1459302|
1459303|
1459328|
1459329|
1459330|
1459331|
1459332|
1459333|
1459334|
1459335|
1459360|
1459361|
1459362|
1459363|
1459364|
1459365|
1459366|
1459367|
1459392|
1459393|
1459394|
1459395|
1459396|
1459397|
1459398|
1459399|
1459424|
1459425|
1459426|
1459427|
1459428|
1459429|
1459430|
1459431|
1459456|
1459457|
1459458|
1459459|
1459460|
1459461|
1459462|
1459463|
1459488|
1459489|
1459490|
1459491|
1459492|
1459493|
1459494|
1459495|
1459520|
1459521|
1459522|
1459523|
1459524|
1459525|
1459526|
1459527|
1459552|
1459553|
1459554|
1459555|
1459556|
1459557|
1459558|
1459559|
1459584|
1459585|
1459586|
1459587|
1459588|
1459589|
1459590|
1459591|
1459616|
1459617|
1459618|
1459619|
1459620|
1459621|
1459622|
1459623|
1459648|
1459649|
1459650|
1459651|
1459652|
1459653|
1459654|
1459655|
1459680|
1459681|
1459682|
1459683|
1459684|
1459685|
1459686|
1459687|
1459712|
1459713|
1459714|
1459715|
1459716|
1459717|
1459718|
1459719|
1459744|
1459745|
1459746|
1459747|
1459748|
1459749|
1459750|
1459751|
1459776|
1459777|
1459778|
1459779|
1459780|
1459781|
1459782|
1459783|
1459808|
1459809|
1459810|
1459811|
1459812|
1459813|
1459814|
1459815|
1459840|
1459841|
1459842|
1459843|
1459844|
1459845|
1459846|
1459847|
1459872|
1459873|
1459874|
1459875|
1459876|
1459877|
1459878|
1459879|
1459904|
1459905|
1459906|
1459907|
1459908|
1459909|
1459910|
1459911|
1459936|
1459937|
1459938|
1459939|
1459940|
1459941|
1459942|
1459943|
1459968|
1459969|
1459970|
1459971|
1459972|
1459973|
1459974|
1459975|
1460000|
1460001|
1460002|
1460003|
1460004|
1460005|
1460006|
1460007|
1460032|
1460033|
1460034|
1460035|
1460036|
1460037|
1460038|
1460039|
1460064|
1460065|
1460066|
1460067|
1460068|
1460069|
1460070|
1460071|
1460096|
1460097|
1460098|
1460099|
1460100|
1460101|
1460102|
1460103|
1460128|
1460129|
1460130|
1460131|
1460132|
1460133|
1460134|
1460135|
1460160|
1460161|
1460162|
1460163|
1460164|
1460165|
1460166|
1460167|
1460192|
1460193|
1460194|
1460195|
1460196|
1460197|
1460198|
1460199|
1460224|
1460225|
1460226|
1460227|
1460228|
1460229|
1460230|
1460231|
1460256|
1460257|
1460258|
1460259|
1460260|
1460261|
1460262|
1460263|
1460288|
1460289|
1460290|
1460291|
1460292|
1460293|
1460294|
1460295|
1460320|
1460321|
1460322|
1460323|
1460324|
1460325|
1460326|
1460327|
1460352|
1460353|
1460354|
1460355|
1460356|
1460357|
1460358|
1460359|
1460384|
1460385|
1460386|
1460387|
1460388|
1460389|
1460390|
1460391|
1460416|
1460417|
1460418|
1460419|
1460420|
1460421|
1460422|
1460423|
1460448|
1460449|
1460450|
1460451|
1460452|
1460453|
1460454|
1460455|
1460480|
1460481|
1460482|
1460483|
1460484|
1460485|
1460486|
1460487|
1460512|
1460513|
1460514|
1460515|
1460516|
1460517|
1460518|
1460519|
1460544|
1460545|
1460546|
1460547|
1460548|
1460549|
1460550|
1460551|
1460576|
1460577|
1460578|
1460579|
1460580|
1460581|
1460582|
1460583|
1460608|
1460609|
1460610|
1460611|
1460612|
1460613|
1460614|
1460615|
1460640|
1460641|
1460642|
1460643|
1460644|
1460645|
1460646|
1460647|
1460672|
1460673|
1460674|
1460675|
1460676|
1460677|
1460678|
1460679|
1460704|
1460705|
1460706|
1460707|
1460708|
1460709|
1460710|
1460711|
1460736|
1460737|
1460738|
1460739|
1460740|
1460741|
1460742|
1460743|
1460768|
1460769|
1460770|
1460771|
1460772|
1460773|
1460774|
1460775|
1460800|
1460801|
1460802|
1460803|
1460804|
1460805|
1460806|
1460807|
1460832|
1460833|
1460834|
1460835|
1460836|
1460837|
1460838|
1460839|
1460864|
1460865|
1460866|
1460867|
1460868|
1460869|
1460870|
1460871|
1460896|
1460897|
1460898|
1460899|
1460900|
1460901|
1460902|
1460903|
1460928|
1460929|
1460930|
1460931|
1460932|
1460933|
1460934|
1460935|
1460960|
1460961|
1460962|
1460963|
1460964|
1460965|
1460966|
1460967|
1460992|
1460993|
1460994|
1460995|
1460996|
1460997|
1460998|
1460999|
1461024|
1461025|
1461026|
1461027|
1461028|
1461029|
1461030|
1461031|
1461056|
1461057|
1461058|
1461059|
1461060|
1461061|
1461062|
1461063|
1461088|
1461089|
1461090|
1461091|
1461092|
1461093|
1461094|
1461095|
1461120|
1461121|
1461122|
1461123|
1461124|
1461125|
1461126|
1461127|
1461152|
1461153|
1461154|
1461155|
1461156|
1461157|
1461158|
1461159|
1461184|
1461185|
1461186|
1461187|
1461188|
1461189|
1461190|
1461191|
1461216|
1461217|
1461218|
1461219|
1461220|
1461221|
1461222|
1461223|
1461248|
1461249|
1461250|
1461251|
1461252|
1461253|
1461254|
1461255|
1461280|
1461281|
1461282|
1461283|
1461284|
1461285|
1461286|
1461287|
1461312|
1461313|
1461314|
1461315|
1461316|
1461317|
1461318|
1461319|
1461344|
1461345|
1461346|
1461347|
1461348|
1461349|
1461350|
1461351|
1461376|
1461377|
1461378|
1461379|
1461380|
1461381|
1461382|
1461383|
1461408|
1461409|
1461410|
1461411|
1461412|
1461413|
1461414|
1461415|
1461440|
1461441|
1461442|
1461443|
1461444|
1461445|
1461446|
1461447|
1461472|
1461473|
1461474|
1461475|
1461476|
1461477|
1461478|
1461479|
1461504|
1461505|
1461506|
1461507|
1461508|
1461509|
1461510|
1461511|
1461536|
1461537|
1461538|
1461539|
1461540|
1461541|
1461542|
1461543|
1461568|
1461569|
1461570|
1461571|
1461572|
1461573|
1461574|
1461575|
1461600|
1461601|
1461602|
1461603|
1461604|
1461605|
1461606|
1461607|
1461632|
1461633|
1461634|
1461635|
1461636|
1461637|
1461638|
1461639|
1461664|
1461665|
1461666|
1461667|
1461668|
1461669|
1461670|
1461671|
1461696|
1461697|
1461698|
1461699|
1461700|
1461701|
1461702|
1461703|
1461728|
1461729|
1461730|
1461731|
1461732|
1461733|
1461734|
1461735|
1461760|
1461761|
1461762|
1461763|
1461764|
1461765|
1461766|
1461767|
1461792|
1461793|
1461794|
1461795|
1461796|
1461797|
1461798|
1461799|
1461824|
1461825|
1461826|
1461827|
1461828|
1461829|
1461830|
1461831|
1461856|
1461857|
1461858|
1461859|
1461860|
1461861|
1461862|
1461863|
1461888|
1461889|
1461890|
1461891|
1461892|
1461893|
1461894|
1461895|
1461920|
1461921|
1461922|
1461923|
1461924|
1461925|
1461926|
1461927|
1461952|
1461953|
1461954|
1461955|
1461956|
1461957|
1461958|
1461959|
1461984|
1461985|
1461986|
1461987|
1461988|
1461989|
1461990|
1461991|
1462016|
1462017|
1462018|
1462019|
1462020|
1462021|
1462022|
1462023|
1462048|
1462049|
1462050|
1462051|
1462052|
1462053|
1462054|
1462055|
1462080|
1462081|
1462082|
1462083|
1462084|
1462085|
1462086|
1462087|
1462112|
1462113|
1462114|
1462115|
1462116|
1462117|
1462118|
1462119|
1462144|
1462145|
1462146|
1462147|
1462148|
1462149|
1462150|
1462151|
1462176|
1462177|
1462178|
1462179|
1462180|
1462181|
1462182|
1462183|
1462208|
1462209|
1462210|
1462211|
1462212|
1462213|
1462214|
1462215|
1462240|
1462241|
1462242|
1462243|
1462244|
1462245|
1462246|
1462247|
1462272|
1462273|
1462274|
1462275|
1462276|
1462277|
1462278|
1462279|
1462304|
1462305|
1462306|
1462307|
1462308|
1462309|
1462310|
1462311|
1462336|
1462337|
1462338|
1462339|
1462340|
1462341|
1462342|
1462343|
1462368|
1462369|
1462370|
1462371|
1462372|
1462373|
1462374|
1462375|
1462400|
1462401|
1462402|
1462403|
1462404|
1462405|
1462406|
1462407|
1462432|
1462433|
1462434|
1462435|
1462436|
1462437|
1462438|
1462439|
1462464|
1462465|
1462466|
1462467|
1462468|
1462469|
1462470|
1462471|
1462496|
1462497|
1462498|
1462499|
1462500|
1462501|
1462502|
1462503|
1462528|
1462529|
1462530|
1462531|
1462532|
1462533|
1462534|
1462535|
1462560|
1462561|
1462562|
1462563|
1462564|
1462565|
1462566|
1462567|
1462592|
1462593|
1462594|
1462595|
1462596|
1462597|
1462598|
1462599|
1462624|
1462625|
1462626|
1462627|
1462628|
1462629|
1462630|
1462631|
1462656|
1462657|
1462658|
1462659|
1462660|
1462661|
1462662|
1462663|
1462688|
1462689|
1462690|
1462691|
1462692|
1462693|
1462694|
1462695|
1462720|
1462721|
1462722|
1462723|
1462724|
1462725|
1462726|
1462727|
1462752|
1462753|
1462754|
1462755|
1462756|
1462757|
1462758|
1462759|
1462784|
1462785|
1462786|
1462787|
1462788|
1462789|
1462790|
1462791|
1462816|
1462817|
1462818|
1462819|
1462820|
1462821|
1462822|
1462823|
1462848|
1462849|
1462850|
1462851|
1462852|
1462853|
1462854|
1462855|
1462880|
1462881|
1462882|
1462883|
1462884|
1462885|
1462886|
1462887|
1462912|
1462913|
1462914|
1462915|
1462916|
1462917|
1462918|
1462919|
1462944|
1462945|
1462946|
1462947|
1462948|
1462949|
1462950|
1462951|
1462976|
1462977|
1462978|
1462979|
1462980|
1462981|
1462982|
1462983|
1463008|
1463009|
1463010|
1463011|
1463012|
1463013|
1463014|
1463015|
1463040|
1463041|
1463042|
1463043|
1463044|
1463045|
1463046|
1463047|
1463072|
1463073|
1463074|
1463075|
1463076|
1463077|
1463078|
1463079|
1463104|
1463105|
1463106|
1463107|
1463108|
1463109|
1463110|
1463111|
1463136|
1463137|
1463138|
1463139|
1463140|
1463141|
1463142|
1463143|
1463168|
1463169|
1463170|
1463171|
1463172|
1463173|
1463174|
1463175|
1463200|
1463201|
1463202|
1463203|
1463204|
1463205|
1463206|
1463207|
1463232|
1463233|
1463234|
1463235|
1463236|
1463237|
1463238|
1463239|
1463264|
1463265|
1463266|
1463267|
1463268|
1463269|
1463270|
1463271|
1463296|
1463297|
1463298|
1463299|
1463300|
1463301|
1463302|
1463303|
1463328|
1463329|
1463330|
1463331|
1463332|
1463333|
1463334|
1463335|
1463360|
1463361|
1463362|
1463363|
1463364|
1463365|
1463366|
1463367|
1463392|
1463393|
1463394|
1463395|
1463396|
1463397|
1463398|
1463399|
1463424|
1463425|
1463426|
1463427|
1463428|
1463429|
1463430|
1463431|
1463456|
1463457|
1463458|
1463459|
1463460|
1463461|
1463462|
1463463|
1463488|
1463489|
1463490|
1463491|
1463492|
1463493|
1463494|
1463495|
1463520|
1463521|
1463522|
1463523|
1463524|
1463525|
1463526|
1463527|
1463552|
1463553|
1463554|
1463555|
1463556|
1463557|
1463558|
1463559|
1463584|
1463585|
1463586|
1463587|
1463588|
1463589|
1463590|
1463591|
1463616|
1463617|
1463618|
1463619|
1463620|
1463621|
1463622|
1463623|
1463648|
1463649|
1463650|
1463651|
1463652|
1463653|
1463654|
1463655|
1463680|
1463681|
1463682|
1463683|
1463684|
1463685|
1463686|
1463687|
1463712|
1463713|
1463714|
1463715|
1463716|
1463717|
1463718|
1463719|
1463744|
1463745|
1463746|
1463747|
1463748|
1463749|
1463750|
1463751|
1463776|
1463777|
1463778|
1463779|
1463780|
1463781|
1463782|
1463783|
1463808|
1463809|
1463810|
1463811|
1463812|
1463813|
1463814|
1463815|
1463840|
1463841|
1463842|
1463843|
1463844|
1463845|
1463846|
1463847|
1463872|
1463873|
1463874|
1463875|
1463876|
1463877|
1463878|
1463879|
1463904|
1463905|
1463906|
1463907|
1463908|
1463909|
1463910|
1463911|
1463936|
1463937|
1463938|
1463939|
1463940|
1463941|
1463942|
1463943|
1463968|
1463969|
1463970|
1463971|
1463972|
1463973|
1463974|
1463975|
1464000|
