881989|
881990|
881991|
882016|
882017|
882018|
882019|
882020|
882021|
882022|
882023|
882048|
882049|
882050|
882051|
882052|
882053|
882054|
882055|
882080|
882081|
882082|
882083|
882084|
882085|
882086|
882087|
882112|
882113|
882114|
882115|
882116|
882117|
882118|
882119|
882144|
882145|
882146|
882147|
882148|
882149|
882150|
882151|
882176|
882177|
882178|
882179|
882180|
882181|
882182|
882183|
882208|
882209|
882210|
882211|
882212|
882213|
882214|
882215|
882240|
882241|
882242|
882243|
882244|
882245|
882246|
882247|
882272|
882273|
882274|
882275|
882276|
882277|
882278|
882279|
882304|
882305|
882306|
882307|
882308|
882309|
882310|
882311|
882336|
882337|
882338|
882339|
882340|
882341|
882342|
882343|
882368|
882369|
882370|
882371|
882372|
882373|
882374|
882375|
882400|
882401|
882402|
882403|
882404|
882405|
882406|
882407|
882432|
882433|
882434|
882435|
882436|
882437|
882438|
882439|
882464|
882465|
882466|
882467|
882468|
882469|
882470|
882471|
882496|
882497|
882498|
882499|
882500|
882501|
882502|
882503|
882528|
882529|
882530|
882531|
882532|
882533|
882534|
882535|
882560|
882561|
882562|
882563|
882564|
882565|
882566|
882567|
882592|
882593|
882594|
882595|
882596|
882597|
882598|
882599|
882624|
882625|
882626|
882627|
882628|
882629|
882630|
882631|
882656|
882657|
882658|
882659|
882660|
882661|
882662|
882663|
882688|
882689|
882690|
882691|
882692|
882693|
882694|
882695|
882720|
882721|
882722|
882723|
882724|
882725|
882726|
882727|
882752|
882753|
882754|
882755|
882756|
882757|
882758|
882759|
882784|
882785|
882786|
882787|
882788|
882789|
882790|
882791|
882816|
882817|
882818|
882819|
882820|
882821|
882822|
882823|
882848|
882849|
882850|
882851|
882852|
882853|
882854|
882855|
882880|
882881|
882882|
882883|
882884|
882885|
882886|
882887|
882912|
882913|
882914|
882915|
882916|
882917|
882918|
882919|
882944|
882945|
882946|
882947|
882948|
882949|
882950|
882951|
882976|
882977|
882978|
882979|
882980|
882981|
882982|
882983|
883008|
883009|
883010|
883011|
883012|
883013|
883014|
883015|
883040|
883041|
883042|
883043|
883044|
883045|
883046|
883047|
883072|
883073|
883074|
883075|
883076|
883077|
883078|
883079|
883104|
883105|
883106|
883107|
883108|
883109|
883110|
883111|
883136|
883137|
883138|
883139|
883140|
883141|
883142|
883143|
883168|
883169|
883170|
883171|
883172|
883173|
883174|
883175|
883200|
883201|
883202|
883203|
883204|
883205|
883206|
883207|
883232|
883233|
883234|
883235|
883236|
883237|
883238|
883239|
883264|
883265|
883266|
883267|
883268|
883269|
883270|
883271|
883296|
883297|
883298|
883299|
883300|
883301|
883302|
883303|
883328|
883329|
883330|
883331|
883332|
883333|
883334|
883335|
883360|
883361|
883362|
883363|
883364|
883365|
883366|
883367|
883392|
883393|
883394|
883395|
883396|
883397|
883398|
883399|
883424|
883425|
883426|
883427|
883428|
883429|
883430|
883431|
883456|
883457|
883458|
883459|
883460|
883461|
883462|
883463|
883488|
883489|
883490|
883491|
883492|
883493|
883494|
883495|
883520|
883521|
883522|
883523|
883524|
883525|
883526|
883527|
883552|
883553|
883554|
883555|
883556|
883557|
883558|
883559|
883584|
883585|
883586|
883587|
883588|
883589|
883590|
883591|
883616|
883617|
883618|
883619|
883620|
883621|
883622|
883623|
883648|
883649|
883650|
883651|
883652|
883653|
883654|
883655|
883680|
883681|
883682|
883683|
883684|
883685|
883686|
883687|
883712|
883713|
883714|
883715|
883716|
883717|
883718|
883719|
883744|
883745|
883746|
883747|
883748|
883749|
883750|
883751|
883776|
883777|
883778|
883779|
883780|
883781|
883782|
883783|
883808|
883809|
883810|
883811|
883812|
883813|
883814|
883815|
883840|
883841|
883842|
883843|
883844|
883845|
883846|
883847|
883872|
883873|
883874|
883875|
883876|
883877|
883878|
883879|
883904|
883905|
883906|
883907|
883908|
883909|
883910|
883911|
883936|
883937|
883938|
883939|
883940|
883941|
883942|
883943|
883968|
883969|
883970|
883971|
883972|
883973|
883974|
883975|
884000|
884001|
884002|
884003|
884004|
884005|
884006|
884007|
884032|
884033|
884034|
884035|
884036|
884037|
884038|
884039|
884064|
884065|
884066|
884067|
884068|
884069|
884070|
884071|
884096|
884097|
884098|
884099|
884100|
884101|
884102|
884103|
884128|
884129|
884130|
884131|
884132|
884133|
884134|
884135|
884160|
884161|
884162|
884163|
884164|
884165|
884166|
884167|
884192|
884193|
884194|
884195|
884196|
884197|
884198|
884199|
884224|
884225|
884226|
884227|
884228|
884229|
884230|
884231|
884256|
884257|
884258|
884259|
884260|
884261|
884262|
884263|
884288|
884289|
884290|
884291|
884292|
884293|
884294|
884295|
884320|
884321|
884322|
884323|
884324|
884325|
884326|
884327|
884352|
884353|
884354|
884355|
884356|
884357|
884358|
884359|
884384|
884385|
884386|
884387|
884388|
884389|
884390|
884391|
884416|
884417|
884418|
884419|
884420|
884421|
884422|
884423|
884448|
884449|
884450|
884451|
884452|
884453|
884454|
884455|
884480|
884481|
884482|
884483|
884484|
884485|
884486|
884487|
884512|
884513|
884514|
884515|
884516|
884517|
884518|
884519|
884544|
884545|
884546|
884547|
884548|
884549|
884550|
884551|
884576|
884577|
884578|
884579|
884580|
884581|
884582|
884583|
884608|
884609|
884610|
884611|
884612|
884613|
884614|
884615|
884640|
884641|
884642|
884643|
884644|
884645|
884646|
884647|
884672|
884673|
884674|
884675|
884676|
884677|
884678|
884679|
884704|
884705|
884706|
884707|
884708|
884709|
884710|
884711|
884736|
884737|
884738|
884739|
884740|
884741|
884742|
884743|
884768|
884769|
884770|
884771|
884772|
884773|
884774|
884775|
884800|
884801|
884802|
884803|
884804|
884805|
884806|
884807|
884832|
884833|
884834|
884835|
884836|
884837|
884838|
884839|
884864|
884865|
884866|
884867|
884868|
884869|
884870|
884871|
884896|
884897|
884898|
884899|
884900|
884901|
884902|
884903|
884928|
884929|
884930|
884931|
884932|
884933|
884934|
884935|
884960|
884961|
884962|
884963|
884964|
884965|
884966|
884967|
884992|
884993|
884994|
884995|
884996|
884997|
884998|
884999|
885024|
885025|
885026|
885027|
885028|
885029|
885030|
885031|
885056|
885057|
885058|
885059|
885060|
885061|
885062|
885063|
885088|
885089|
885090|
885091|
885092|
885093|
885094|
885095|
885120|
885121|
885122|
885123|
885124|
885125|
885126|
885127|
885152|
885153|
885154|
885155|
885156|
885157|
885158|
885159|
885184|
885185|
885186|
885187|
885188|
885189|
885190|
885191|
885216|
885217|
885218|
885219|
885220|
885221|
885222|
885223|
885248|
885249|
885250|
885251|
885252|
885253|
885254|
885255|
885280|
885281|
885282|
885283|
885284|
885285|
885286|
885287|
885312|
885313|
885314|
885315|
885316|
885317|
885318|
885319|
885344|
885345|
885346|
885347|
885348|
885349|
885350|
885351|
885376|
885377|
885378|
885379|
885380|
885381|
885382|
885383|
885408|
885409|
885410|
885411|
885412|
885413|
885414|
885415|
885440|
885441|
885442|
885443|
885444|
885445|
885446|
885447|
885472|
885473|
885474|
885475|
885476|
885477|
885478|
885479|
885504|
885505|
885506|
885507|
885508|
885509|
885510|
885511|
885536|
885537|
885538|
885539|
885540|
885541|
885542|
885543|
885568|
885569|
885570|
885571|
885572|
885573|
885574|
885575|
885600|
885601|
885602|
885603|
885604|
885605|
885606|
885607|
885632|
885633|
885634|
885635|
885636|
885637|
885638|
885639|
885664|
885665|
885666|
885667|
885668|
885669|
885670|
885671|
885696|
885697|
885698|
885699|
885700|
885701|
885702|
885703|
885728|
885729|
885730|
885731|
885732|
885733|
885734|
885735|
885760|
885761|
885762|
885763|
885764|
885765|
885766|
885767|
885792|
885793|
885794|
885795|
885796|
885797|
885798|
885799|
885824|
885825|
885826|
885827|
885828|
885829|
885830|
885831|
885856|
885857|
885858|
885859|
885860|
885861|
885862|
885863|
885888|
885889|
885890|
885891|
885892|
885893|
885894|
885895|
885920|
885921|
885922|
885923|
885924|
885925|
885926|
885927|
885952|
885953|
885954|
885955|
885956|
885957|
885958|
885959|
885984|
885985|
885986|
885987|
885988|
885989|
885990|
885991|
886016|
886017|
886018|
886019|
886020|
886021|
886022|
886023|
886048|
886049|
886050|
886051|
886052|
886053|
886054|
886055|
886080|
886081|
886082|
886083|
886084|
886085|
886086|
886087|
886112|
886113|
886114|
886115|
886116|
886117|
886118|
886119|
886144|
886145|
886146|
886147|
886148|
886149|
886150|
886151|
886176|
886177|
886178|
886179|
886180|
886181|
886182|
886183|
886208|
886209|
886210|
886211|
886212|
886213|
886214|
886215|
886240|
886241|
886242|
886243|
886244|
886245|
886246|
886247|
886272|
886273|
886274|
886275|
886276|
886277|
886278|
886279|
886304|
886305|
886306|
886307|
886308|
886309|
886310|
886311|
886336|
886337|
886338|
886339|
886340|
886341|
886342|
886343|
886368|
886369|
886370|
886371|
886372|
886373|
886374|
886375|
886400|
886401|
886402|
886403|
886404|
886405|
886406|
886407|
886432|
886433|
886434|
886435|
886436|
886437|
886438|
886439|
886464|
886465|
886466|
886467|
886468|
886469|
886470|
886471|
886496|
886497|
886498|
886499|
886500|
886501|
886502|
886503|
886528|
886529|
886530|
886531|
886532|
886533|
886534|
886535|
886560|
886561|
886562|
886563|
886564|
886565|
886566|
886567|
886592|
886593|
886594|
886595|
886596|
886597|
886598|
886599|
886624|
886625|
886626|
886627|
886628|
886629|
886630|
886631|
886656|
886657|
886658|
886659|
886660|
886661|
886662|
886663|
886688|
886689|
886690|
886691|
886692|
886693|
886694|
886695|
886720|
886721|
886722|
886723|
886724|
886725|
886726|
886727|
886752|
886753|
886754|
886755|
886756|
886757|
886758|
886759|
886784|
886785|
886786|
886787|
886788|
886789|
886790|
886791|
886816|
886817|
886818|
886819|
886820|
886821|
886822|
886823|
886848|
886849|
886850|
886851|
886852|
886853|
886854|
886855|
886880|
886881|
886882|
886883|
886884|
886885|
886886|
886887|
886912|
886913|
886914|
886915|
886916|
886917|
886918|
886919|
886944|
886945|
886946|
886947|
886948|
886949|
886950|
886951|
886976|
886977|
886978|
886979|
886980|
886981|
886982|
886983|
887008|
887009|
887010|
887011|
887012|
887013|
887014|
887015|
887040|
887041|
887042|
887043|
887044|
887045|
887046|
887047|
887072|
887073|
887074|
887075|
887076|
887077|
887078|
887079|
887104|
887105|
887106|
887107|
887108|
887109|
887110|
887111|
887136|
887137|
887138|
887139|
887140|
887141|
887142|
887143|
887168|
887169|
887170|
887171|
887172|
887173|
887174|
887175|
887200|
887201|
887202|
887203|
887204|
887205|
887206|
887207|
887232|
887233|
887234|
887235|
887236|
887237|
887238|
887239|
887264|
887265|
887266|
887267|
887268|
887269|
887270|
887271|
887296|
887297|
887298|
887299|
887300|
887301|
887302|
887303|
887328|
887329|
887330|
887331|
887332|
887333|
887334|
887335|
887360|
887361|
887362|
887363|
887364|
887365|
887366|
887367|
887392|
887393|
887394|
887395|
887396|
887397|
887398|
887399|
887424|
887425|
887426|
887427|
887428|
887429|
887430|
887431|
887456|
887457|
887458|
887459|
887460|
887461|
887462|
887463|
887488|
887489|
887490|
887491|
887492|
887493|
887494|
887495|
887520|
887521|
887522|
887523|
887524|
887525|
887526|
887527|
887552|
887553|
887554|
887555|
887556|
887557|
887558|
887559|
887584|
887585|
887586|
887587|
887588|
887589|
887590|
887591|
887616|
887617|
887618|
887619|
887620|
887621|
887622|
887623|
887648|
887649|
887650|
887651|
887652|
887653|
887654|
887655|
887680|
887681|
887682|
887683|
887684|
887685|
887686|
887687|
887712|
887713|
887714|
887715|
887716|
887717|
887718|
887719|
887744|
887745|
887746|
887747|
887748|
887749|
887750|
887751|
887776|
887777|
887778|
887779|
887780|
887781|
887782|
887783|
887808|
887809|
887810|
887811|
887812|
887813|
887814|
887815|
887840|
887841|
887842|
887843|
887844|
887845|
887846|
887847|
887872|
887873|
887874|
887875|
887876|
887877|
887878|
887879|
887904|
887905|
887906|
887907|
887908|
887909|
887910|
887911|
887936|
887937|
887938|
887939|
887940|
887941|
887942|
887943|
887968|
887969|
887970|
887971|
887972|
887973|
887974|
887975|
888000|
