720001|
720002|
720003|
720004|
720005|
720006|
720007|
720032|
720033|
720034|
720035|
720036|
720037|
720038|
720039|
720064|
720065|
720066|
720067|
720068|
720069|
720070|
720071|
720096|
720097|
720098|
720099|
720100|
720101|
720102|
720103|
720128|
720129|
720130|
720131|
720132|
720133|
720134|
720135|
720160|
720161|
720162|
720163|
720164|
720165|
720166|
720167|
720192|
720193|
720194|
720195|
720196|
720197|
720198|
720199|
720224|
720225|
720226|
720227|
720228|
720229|
720230|
720231|
720256|
720257|
720258|
720259|
720260|
720261|
720262|
720263|
720288|
720289|
720290|
720291|
720292|
720293|
720294|
720295|
720320|
720321|
720322|
720323|
720324|
720325|
720326|
720327|
720352|
720353|
720354|
720355|
720356|
720357|
720358|
720359|
720384|
720385|
720386|
720387|
720388|
720389|
720390|
720391|
720416|
720417|
720418|
720419|
720420|
720421|
720422|
720423|
720448|
720449|
720450|
720451|
720452|
720453|
720454|
720455|
720480|
720481|
720482|
720483|
720484|
720485|
720486|
720487|
720512|
720513|
720514|
720515|
720516|
720517|
720518|
720519|
720544|
720545|
720546|
720547|
720548|
720549|
720550|
720551|
720576|
720577|
720578|
720579|
720580|
720581|
720582|
720583|
720608|
720609|
720610|
720611|
720612|
720613|
720614|
720615|
720640|
720641|
720642|
720643|
720644|
720645|
720646|
720647|
720672|
720673|
720674|
720675|
720676|
720677|
720678|
720679|
720704|
720705|
720706|
720707|
720708|
720709|
720710|
720711|
720736|
720737|
720738|
720739|
720740|
720741|
720742|
720743|
720768|
720769|
720770|
720771|
720772|
720773|
720774|
720775|
720800|
720801|
720802|
720803|
720804|
720805|
720806|
720807|
720832|
720833|
720834|
720835|
720836|
720837|
720838|
720839|
720864|
720865|
720866|
720867|
720868|
720869|
720870|
720871|
720896|
720897|
720898|
720899|
720900|
720901|
720902|
720903|
720928|
720929|
720930|
720931|
720932|
720933|
720934|
720935|
720960|
720961|
720962|
720963|
720964|
720965|
720966|
720967|
720992|
720993|
720994|
720995|
720996|
720997|
720998|
720999|
721024|
721025|
721026|
721027|
721028|
721029|
721030|
721031|
721056|
721057|
721058|
721059|
721060|
721061|
721062|
721063|
721088|
721089|
721090|
721091|
721092|
721093|
721094|
721095|
721120|
721121|
721122|
721123|
721124|
721125|
721126|
721127|
721152|
721153|
721154|
721155|
721156|
721157|
721158|
721159|
721184|
721185|
721186|
721187|
721188|
721189|
721190|
721191|
721216|
721217|
721218|
721219|
721220|
721221|
721222|
721223|
721248|
721249|
721250|
721251|
721252|
721253|
721254|
721255|
721280|
721281|
721282|
721283|
721284|
721285|
721286|
721287|
721312|
721313|
721314|
721315|
721316|
721317|
721318|
721319|
721344|
721345|
721346|
721347|
721348|
721349|
721350|
721351|
721376|
721377|
721378|
721379|
721380|
721381|
721382|
721383|
721408|
721409|
721410|
721411|
721412|
721413|
721414|
721415|
721440|
721441|
721442|
721443|
721444|
721445|
721446|
721447|
721472|
721473|
721474|
721475|
721476|
721477|
721478|
721479|
721504|
721505|
721506|
721507|
721508|
721509|
721510|
721511|
721536|
721537|
721538|
721539|
721540|
721541|
721542|
721543|
721568|
721569|
721570|
721571|
721572|
721573|
721574|
721575|
721600|
721601|
721602|
721603|
721604|
721605|
721606|
721607|
721632|
721633|
721634|
721635|
721636|
721637|
721638|
721639|
721664|
721665|
721666|
721667|
721668|
721669|
721670|
721671|
721696|
721697|
721698|
721699|
721700|
721701|
721702|
721703|
721728|
721729|
721730|
721731|
721732|
721733|
721734|
721735|
721760|
721761|
721762|
721763|
721764|
721765|
721766|
721767|
721792|
721793|
721794|
721795|
721796|
721797|
721798|
721799|
721824|
721825|
721826|
721827|
721828|
721829|
721830|
721831|
721856|
721857|
721858|
721859|
721860|
721861|
721862|
721863|
721888|
721889|
721890|
721891|
721892|
721893|
721894|
721895|
721920|
721921|
721922|
721923|
721924|
721925|
721926|
721927|
721952|
721953|
721954|
721955|
721956|
721957|
721958|
721959|
721984|
721985|
721986|
721987|
721988|
721989|
721990|
721991|
722016|
722017|
722018|
722019|
722020|
722021|
722022|
722023|
722048|
722049|
722050|
722051|
722052|
722053|
722054|
722055|
722080|
722081|
722082|
722083|
722084|
722085|
722086|
722087|
722112|
722113|
722114|
722115|
722116|
722117|
722118|
722119|
722144|
722145|
722146|
722147|
722148|
722149|
722150|
722151|
722176|
722177|
722178|
722179|
722180|
722181|
722182|
722183|
722208|
722209|
722210|
722211|
722212|
722213|
722214|
722215|
722240|
722241|
722242|
722243|
722244|
722245|
722246|
722247|
722272|
722273|
722274|
722275|
722276|
722277|
722278|
722279|
722304|
722305|
722306|
722307|
722308|
722309|
722310|
722311|
722336|
722337|
722338|
722339|
722340|
722341|
722342|
722343|
722368|
722369|
722370|
722371|
722372|
722373|
722374|
722375|
722400|
722401|
722402|
722403|
722404|
722405|
722406|
722407|
722432|
722433|
722434|
722435|
722436|
722437|
722438|
722439|
722464|
722465|
722466|
722467|
722468|
722469|
722470|
722471|
722496|
722497|
722498|
722499|
722500|
722501|
722502|
722503|
722528|
722529|
722530|
722531|
722532|
722533|
722534|
722535|
722560|
722561|
722562|
722563|
722564|
722565|
722566|
722567|
722592|
722593|
722594|
722595|
722596|
722597|
722598|
722599|
722624|
722625|
722626|
722627|
722628|
722629|
722630|
722631|
722656|
722657|
722658|
722659|
722660|
722661|
722662|
722663|
722688|
722689|
722690|
722691|
722692|
722693|
722694|
722695|
722720|
722721|
722722|
722723|
722724|
722725|
722726|
722727|
722752|
722753|
722754|
722755|
722756|
722757|
722758|
722759|
722784|
722785|
722786|
722787|
722788|
722789|
722790|
722791|
722816|
722817|
722818|
722819|
722820|
722821|
722822|
722823|
722848|
722849|
722850|
722851|
722852|
722853|
722854|
722855|
722880|
722881|
722882|
722883|
722884|
722885|
722886|
722887|
722912|
722913|
722914|
722915|
722916|
722917|
722918|
722919|
722944|
722945|
722946|
722947|
722948|
722949|
722950|
722951|
722976|
722977|
722978|
722979|
722980|
722981|
722982|
722983|
723008|
723009|
723010|
723011|
723012|
723013|
723014|
723015|
723040|
723041|
723042|
723043|
723044|
723045|
723046|
723047|
723072|
723073|
723074|
723075|
723076|
723077|
723078|
723079|
723104|
723105|
723106|
723107|
723108|
723109|
723110|
723111|
723136|
723137|
723138|
723139|
723140|
723141|
723142|
723143|
723168|
723169|
723170|
723171|
723172|
723173|
723174|
723175|
723200|
723201|
723202|
723203|
723204|
723205|
723206|
723207|
723232|
723233|
723234|
723235|
723236|
723237|
723238|
723239|
723264|
723265|
723266|
723267|
723268|
723269|
723270|
723271|
723296|
723297|
723298|
723299|
723300|
723301|
723302|
723303|
723328|
723329|
723330|
723331|
723332|
723333|
723334|
723335|
723360|
723361|
723362|
723363|
723364|
723365|
723366|
723367|
723392|
723393|
723394|
723395|
723396|
723397|
723398|
723399|
723424|
723425|
723426|
723427|
723428|
723429|
723430|
723431|
723456|
723457|
723458|
723459|
723460|
723461|
723462|
723463|
723488|
723489|
723490|
723491|
723492|
723493|
723494|
723495|
723520|
723521|
723522|
723523|
723524|
723525|
723526|
723527|
723552|
723553|
723554|
723555|
723556|
723557|
723558|
723559|
723584|
723585|
723586|
723587|
723588|
723589|
723590|
723591|
723616|
723617|
723618|
723619|
723620|
723621|
723622|
723623|
723648|
723649|
723650|
723651|
723652|
723653|
723654|
723655|
723680|
723681|
723682|
723683|
723684|
723685|
723686|
723687|
723712|
723713|
723714|
723715|
723716|
723717|
723718|
723719|
723744|
723745|
723746|
723747|
723748|
723749|
723750|
723751|
723776|
723777|
723778|
723779|
723780|
723781|
723782|
723783|
723808|
723809|
723810|
723811|
723812|
723813|
723814|
723815|
723840|
723841|
723842|
723843|
723844|
723845|
723846|
723847|
723872|
723873|
723874|
723875|
723876|
723877|
723878|
723879|
723904|
723905|
723906|
723907|
723908|
723909|
723910|
723911|
723936|
723937|
723938|
723939|
723940|
723941|
723942|
723943|
723968|
723969|
723970|
723971|
723972|
723973|
723974|
723975|
724000|
724001|
724002|
724003|
724004|
724005|
724006|
724007|
724032|
724033|
724034|
724035|
724036|
724037|
724038|
724039|
724064|
724065|
724066|
724067|
724068|
724069|
724070|
724071|
724096|
724097|
724098|
724099|
724100|
724101|
724102|
724103|
724128|
724129|
724130|
724131|
724132|
724133|
724134|
724135|
724160|
724161|
724162|
724163|
724164|
724165|
724166|
724167|
724192|
724193|
724194|
724195|
724196|
724197|
724198|
724199|
724224|
724225|
724226|
724227|
724228|
724229|
724230|
724231|
724256|
724257|
724258|
724259|
724260|
724261|
724262|
724263|
724288|
724289|
724290|
724291|
724292|
724293|
724294|
724295|
724320|
724321|
724322|
724323|
724324|
724325|
724326|
724327|
724352|
724353|
724354|
724355|
724356|
724357|
724358|
724359|
724384|
724385|
724386|
724387|
724388|
724389|
724390|
724391|
724416|
724417|
724418|
724419|
724420|
724421|
724422|
724423|
724448|
724449|
724450|
724451|
724452|
724453|
724454|
724455|
724480|
724481|
724482|
724483|
724484|
724485|
724486|
724487|
724512|
724513|
724514|
724515|
724516|
724517|
724518|
724519|
724544|
724545|
724546|
724547|
724548|
724549|
724550|
724551|
724576|
724577|
724578|
724579|
724580|
724581|
724582|
724583|
724608|
724609|
724610|
724611|
724612|
724613|
724614|
724615|
724640|
724641|
724642|
724643|
724644|
724645|
724646|
724647|
724672|
724673|
724674|
724675|
724676|
724677|
724678|
724679|
724704|
724705|
724706|
724707|
724708|
724709|
724710|
724711|
724736|
724737|
724738|
724739|
724740|
724741|
724742|
724743|
724768|
724769|
724770|
724771|
724772|
724773|
724774|
724775|
724800|
724801|
724802|
724803|
724804|
724805|
724806|
724807|
724832|
724833|
724834|
724835|
724836|
724837|
724838|
724839|
724864|
724865|
724866|
724867|
724868|
724869|
724870|
724871|
724896|
724897|
724898|
724899|
724900|
724901|
724902|
724903|
724928|
724929|
724930|
724931|
724932|
724933|
724934|
724935|
724960|
724961|
724962|
724963|
724964|
724965|
724966|
724967|
724992|
724993|
724994|
724995|
724996|
724997|
724998|
724999|
725024|
725025|
725026|
725027|
725028|
725029|
725030|
725031|
725056|
725057|
725058|
725059|
725060|
725061|
725062|
725063|
725088|
725089|
725090|
725091|
725092|
725093|
725094|
725095|
725120|
725121|
725122|
725123|
725124|
725125|
725126|
725127|
725152|
725153|
725154|
725155|
725156|
725157|
725158|
725159|
725184|
725185|
725186|
725187|
725188|
725189|
725190|
725191|
725216|
725217|
725218|
725219|
725220|
725221|
725222|
725223|
725248|
725249|
725250|
725251|
725252|
725253|
725254|
725255|
725280|
725281|
725282|
725283|
725284|
725285|
725286|
725287|
725312|
725313|
725314|
725315|
725316|
725317|
725318|
725319|
725344|
725345|
725346|
725347|
725348|
725349|
725350|
725351|
725376|
725377|
725378|
725379|
725380|
725381|
725382|
725383|
725408|
725409|
725410|
725411|
725412|
725413|
725414|
725415|
725440|
725441|
725442|
725443|
725444|
725445|
725446|
725447|
725472|
725473|
725474|
725475|
725476|
725477|
725478|
725479|
725504|
725505|
725506|
725507|
725508|
725509|
725510|
725511|
725536|
725537|
725538|
725539|
725540|
725541|
725542|
725543|
725568|
725569|
725570|
725571|
725572|
725573|
725574|
725575|
725600|
725601|
725602|
725603|
725604|
725605|
725606|
725607|
725632|
725633|
725634|
725635|
725636|
725637|
725638|
725639|
725664|
725665|
725666|
725667|
725668|
725669|
725670|
725671|
725696|
725697|
725698|
725699|
725700|
725701|
725702|
725703|
725728|
725729|
725730|
725731|
725732|
725733|
725734|
725735|
725760|
725761|
725762|
725763|
725764|
725765|
725766|
725767|
725792|
725793|
725794|
725795|
725796|
725797|
725798|
725799|
725824|
725825|
725826|
725827|
725828|
725829|
725830|
725831|
725856|
725857|
725858|
725859|
725860|
725861|
725862|
725863|
725888|
725889|
725890|
725891|
725892|
725893|
725894|
725895|
725920|
725921|
725922|
725923|
725924|
725925|
725926|
725927|
725952|
725953|
725954|
725955|
725956|
725957|
725958|
725959|
725984|
725985|
725986|
725987|
725988|
