60001|
60002|
60003|
60004|
60005|
60006|
60007|
60032|
60033|
60034|
60035|
60036|
60037|
60038|
60039|
60064|
60065|
60066|
60067|
60068|
60069|
60070|
60071|
60096|
60097|
60098|
60099|
60100|
60101|
60102|
60103|
60128|
60129|
60130|
60131|
60132|
60133|
60134|
60135|
60160|
60161|
60162|
60163|
60164|
60165|
60166|
60167|
60192|
60193|
60194|
60195|
60196|
60197|
60198|
60199|
60224|
60225|
60226|
60227|
60228|
60229|
60230|
60231|
60256|
60257|
60258|
60259|
60260|
60261|
60262|
60263|
60288|
60289|
60290|
60291|
60292|
60293|
60294|
60295|
60320|
60321|
60322|
60323|
60324|
60325|
60326|
60327|
60352|
60353|
60354|
60355|
60356|
60357|
60358|
60359|
60384|
60385|
60386|
60387|
60388|
60389|
60390|
60391|
60416|
60417|
60418|
60419|
60420|
60421|
60422|
60423|
60448|
60449|
60450|
60451|
60452|
60453|
60454|
60455|
60480|
60481|
60482|
60483|
60484|
60485|
60486|
60487|
60512|
60513|
60514|
60515|
60516|
60517|
60518|
60519|
60544|
60545|
60546|
60547|
60548|
60549|
60550|
60551|
60576|
60577|
60578|
60579|
60580|
60581|
60582|
60583|
60608|
60609|
60610|
60611|
60612|
60613|
60614|
60615|
60640|
60641|
60642|
60643|
60644|
60645|
60646|
60647|
60672|
60673|
60674|
60675|
60676|
60677|
60678|
60679|
60704|
60705|
60706|
60707|
60708|
60709|
60710|
60711|
60736|
60737|
60738|
60739|
60740|
60741|
60742|
60743|
60768|
60769|
60770|
60771|
60772|
60773|
60774|
60775|
60800|
60801|
60802|
60803|
60804|
60805|
60806|
60807|
60832|
60833|
60834|
60835|
60836|
60837|
60838|
60839|
60864|
60865|
60866|
60867|
60868|
60869|
60870|
60871|
60896|
60897|
60898|
60899|
60900|
60901|
60902|
60903|
60928|
60929|
60930|
60931|
60932|
60933|
60934|
60935|
60960|
60961|
60962|
60963|
60964|
60965|
60966|
60967|
60992|
60993|
60994|
60995|
60996|
60997|
60998|
60999|
61024|
61025|
61026|
61027|
61028|
61029|
61030|
61031|
61056|
61057|
61058|
61059|
61060|
61061|
61062|
61063|
61088|
61089|
61090|
61091|
61092|
61093|
61094|
61095|
61120|
61121|
61122|
61123|
61124|
61125|
61126|
61127|
61152|
61153|
61154|
61155|
61156|
61157|
61158|
61159|
61184|
61185|
61186|
61187|
61188|
61189|
61190|
61191|
61216|
61217|
61218|
61219|
61220|
61221|
61222|
61223|
61248|
61249|
61250|
61251|
61252|
61253|
61254|
61255|
61280|
61281|
61282|
61283|
61284|
61285|
61286|
61287|
61312|
61313|
61314|
61315|
61316|
61317|
61318|
61319|
61344|
61345|
61346|
61347|
61348|
61349|
61350|
61351|
61376|
61377|
61378|
61379|
61380|
61381|
61382|
61383|
61408|
61409|
61410|
61411|
61412|
61413|
61414|
61415|
61440|
61441|
61442|
61443|
61444|
61445|
61446|
61447|
61472|
61473|
61474|
61475|
61476|
61477|
61478|
61479|
61504|
61505|
61506|
61507|
61508|
61509|
61510|
61511|
61536|
61537|
61538|
61539|
61540|
61541|
61542|
61543|
61568|
61569|
61570|
61571|
61572|
61573|
61574|
61575|
61600|
61601|
61602|
61603|
61604|
61605|
61606|
61607|
61632|
61633|
61634|
61635|
61636|
61637|
61638|
61639|
61664|
61665|
61666|
61667|
61668|
61669|
61670|
61671|
61696|
61697|
61698|
61699|
61700|
61701|
61702|
61703|
61728|
61729|
61730|
61731|
61732|
61733|
61734|
61735|
61760|
61761|
61762|
61763|
61764|
61765|
61766|
61767|
61792|
61793|
61794|
61795|
61796|
61797|
61798|
61799|
61824|
61825|
61826|
61827|
61828|
61829|
61830|
61831|
61856|
61857|
61858|
61859|
61860|
61861|
61862|
61863|
61888|
61889|
61890|
61891|
61892|
61893|
61894|
61895|
61920|
61921|
61922|
61923|
61924|
61925|
61926|
61927|
61952|
61953|
61954|
61955|
61956|
61957|
61958|
61959|
61984|
61985|
61986|
61987|
61988|
61989|
61990|
61991|
62016|
62017|
62018|
62019|
62020|
62021|
62022|
62023|
62048|
62049|
62050|
62051|
62052|
62053|
62054|
62055|
62080|
62081|
62082|
62083|
62084|
62085|
62086|
62087|
62112|
62113|
62114|
62115|
62116|
62117|
62118|
62119|
62144|
62145|
62146|
62147|
62148|
62149|
62150|
62151|
62176|
62177|
62178|
62179|
62180|
62181|
62182|
62183|
62208|
62209|
62210|
62211|
62212|
62213|
62214|
62215|
62240|
62241|
62242|
62243|
62244|
62245|
62246|
62247|
62272|
62273|
62274|
62275|
62276|
62277|
62278|
62279|
62304|
62305|
62306|
62307|
62308|
62309|
62310|
62311|
62336|
62337|
62338|
62339|
62340|
62341|
62342|
62343|
62368|
62369|
62370|
62371|
62372|
62373|
62374|
62375|
62400|
62401|
62402|
62403|
62404|
62405|
62406|
62407|
62432|
62433|
62434|
62435|
62436|
62437|
62438|
62439|
62464|
62465|
62466|
62467|
62468|
62469|
62470|
62471|
62496|
62497|
62498|
62499|
62500|
62501|
62502|
62503|
62528|
62529|
62530|
62531|
62532|
62533|
62534|
62535|
62560|
62561|
62562|
62563|
62564|
62565|
62566|
62567|
62592|
62593|
62594|
62595|
62596|
62597|
62598|
62599|
62624|
62625|
62626|
62627|
62628|
62629|
62630|
62631|
62656|
62657|
62658|
62659|
62660|
62661|
62662|
62663|
62688|
62689|
62690|
62691|
62692|
62693|
62694|
62695|
62720|
62721|
62722|
62723|
62724|
62725|
62726|
62727|
62752|
62753|
62754|
62755|
62756|
62757|
62758|
62759|
62784|
62785|
62786|
62787|
62788|
62789|
62790|
62791|
62816|
62817|
62818|
62819|
62820|
62821|
62822|
62823|
62848|
62849|
62850|
62851|
62852|
62853|
62854|
62855|
62880|
62881|
62882|
62883|
62884|
62885|
62886|
62887|
62912|
62913|
62914|
62915|
62916|
62917|
62918|
62919|
62944|
62945|
62946|
62947|
62948|
62949|
62950|
62951|
62976|
62977|
62978|
62979|
62980|
62981|
62982|
62983|
63008|
63009|
63010|
63011|
63012|
63013|
63014|
63015|
63040|
63041|
63042|
63043|
63044|
63045|
63046|
63047|
63072|
63073|
63074|
63075|
63076|
63077|
63078|
63079|
63104|
63105|
63106|
63107|
63108|
63109|
63110|
63111|
63136|
63137|
63138|
63139|
63140|
63141|
63142|
63143|
63168|
63169|
63170|
63171|
63172|
63173|
63174|
63175|
63200|
63201|
63202|
63203|
63204|
63205|
63206|
63207|
63232|
63233|
63234|
63235|
63236|
63237|
63238|
63239|
63264|
63265|
63266|
63267|
63268|
63269|
63270|
63271|
63296|
63297|
63298|
63299|
63300|
63301|
63302|
63303|
63328|
63329|
63330|
63331|
63332|
63333|
63334|
63335|
63360|
63361|
63362|
63363|
63364|
63365|
63366|
63367|
63392|
63393|
63394|
63395|
63396|
63397|
63398|
63399|
63424|
63425|
63426|
63427|
63428|
63429|
63430|
63431|
63456|
63457|
63458|
63459|
63460|
63461|
63462|
63463|
63488|
63489|
63490|
63491|
63492|
63493|
63494|
63495|
63520|
63521|
63522|
63523|
63524|
63525|
63526|
63527|
63552|
63553|
63554|
63555|
63556|
63557|
63558|
63559|
63584|
63585|
63586|
63587|
63588|
63589|
63590|
63591|
63616|
63617|
63618|
63619|
63620|
63621|
63622|
63623|
63648|
63649|
63650|
63651|
63652|
63653|
63654|
63655|
63680|
63681|
63682|
63683|
63684|
63685|
63686|
63687|
63712|
63713|
63714|
63715|
63716|
63717|
63718|
63719|
63744|
63745|
63746|
63747|
63748|
63749|
63750|
63751|
63776|
63777|
63778|
63779|
63780|
63781|
63782|
63783|
63808|
63809|
63810|
63811|
63812|
63813|
63814|
63815|
63840|
63841|
63842|
63843|
63844|
63845|
63846|
63847|
63872|
63873|
63874|
63875|
63876|
63877|
63878|
63879|
63904|
63905|
63906|
63907|
63908|
63909|
63910|
63911|
63936|
63937|
63938|
63939|
63940|
63941|
63942|
63943|
63968|
63969|
63970|
63971|
63972|
63973|
63974|
63975|
64000|
64001|
64002|
64003|
64004|
64005|
64006|
64007|
64032|
64033|
64034|
64035|
64036|
64037|
64038|
64039|
64064|
64065|
64066|
64067|
64068|
64069|
64070|
64071|
64096|
64097|
64098|
64099|
64100|
64101|
64102|
64103|
64128|
64129|
64130|
64131|
64132|
64133|
64134|
64135|
64160|
64161|
64162|
64163|
64164|
64165|
64166|
64167|
64192|
64193|
64194|
64195|
64196|
64197|
64198|
64199|
64224|
64225|
64226|
64227|
64228|
64229|
64230|
64231|
64256|
64257|
64258|
64259|
64260|
64261|
64262|
64263|
64288|
64289|
64290|
64291|
64292|
64293|
64294|
64295|
64320|
64321|
64322|
64323|
64324|
64325|
64326|
64327|
64352|
64353|
64354|
64355|
64356|
64357|
64358|
64359|
64384|
64385|
64386|
64387|
64388|
64389|
64390|
64391|
64416|
64417|
64418|
64419|
64420|
64421|
64422|
64423|
64448|
64449|
64450|
64451|
64452|
64453|
64454|
64455|
64480|
64481|
64482|
64483|
64484|
64485|
64486|
64487|
64512|
64513|
64514|
64515|
64516|
64517|
64518|
64519|
64544|
64545|
64546|
64547|
64548|
64549|
64550|
64551|
64576|
64577|
64578|
64579|
64580|
64581|
64582|
64583|
64608|
64609|
64610|
64611|
64612|
64613|
64614|
64615|
64640|
64641|
64642|
64643|
64644|
64645|
64646|
64647|
64672|
64673|
64674|
64675|
64676|
64677|
64678|
64679|
64704|
64705|
64706|
64707|
64708|
64709|
64710|
64711|
64736|
64737|
64738|
64739|
64740|
64741|
64742|
64743|
64768|
64769|
64770|
64771|
64772|
64773|
64774|
64775|
64800|
64801|
64802|
64803|
64804|
64805|
64806|
64807|
64832|
64833|
64834|
64835|
64836|
64837|
64838|
64839|
64864|
64865|
64866|
64867|
64868|
64869|
64870|
64871|
64896|
64897|
64898|
64899|
64900|
64901|
64902|
64903|
64928|
64929|
64930|
64931|
64932|
64933|
64934|
64935|
64960|
64961|
64962|
64963|
64964|
64965|
64966|
64967|
64992|
64993|
64994|
64995|
64996|
64997|
64998|
64999|
65024|
65025|
65026|
65027|
65028|
65029|
65030|
65031|
65056|
65057|
65058|
65059|
65060|
65061|
65062|
65063|
65088|
65089|
65090|
65091|
65092|
65093|
65094|
65095|
65120|
65121|
65122|
65123|
65124|
65125|
65126|
65127|
65152|
65153|
65154|
65155|
65156|
65157|
65158|
65159|
65184|
65185|
65186|
65187|
65188|
65189|
65190|
65191|
65216|
65217|
65218|
65219|
65220|
65221|
65222|
65223|
65248|
65249|
65250|
65251|
65252|
65253|
65254|
65255|
65280|
65281|
65282|
65283|
65284|
65285|
65286|
65287|
65312|
65313|
65314|
65315|
65316|
65317|
65318|
65319|
65344|
65345|
65346|
65347|
65348|
65349|
65350|
65351|
65376|
65377|
65378|
65379|
65380|
65381|
65382|
65383|
65408|
65409|
65410|
65411|
65412|
65413|
65414|
65415|
65440|
65441|
65442|
65443|
65444|
65445|
65446|
65447|
65472|
65473|
65474|
65475|
65476|
65477|
65478|
65479|
65504|
65505|
65506|
65507|
65508|
65509|
65510|
65511|
65536|
65537|
65538|
65539|
65540|
65541|
65542|
65543|
65568|
65569|
65570|
65571|
65572|
65573|
65574|
65575|
65600|
65601|
65602|
65603|
65604|
65605|
65606|
65607|
65632|
65633|
65634|
65635|
65636|
65637|
65638|
65639|
65664|
65665|
65666|
65667|
65668|
65669|
65670|
65671|
65696|
65697|
65698|
65699|
65700|
65701|
65702|
65703|
65728|
65729|
65730|
65731|
65732|
65733|
65734|
65735|
65760|
65761|
65762|
65763|
65764|
65765|
65766|
65767|
65792|
65793|
65794|
65795|
65796|
65797|
65798|
65799|
65824|
65825|
65826|
65827|
65828|
65829|
65830|
65831|
65856|
65857|
65858|
65859|
65860|
65861|
65862|
65863|
65888|
65889|
65890|
65891|
65892|
65893|
65894|
65895|
65920|
65921|
65922|
65923|
65924|
65925|
65926|
65927|
65952|
65953|
65954|
65955|
65956|
65957|
65958|
65959|
65984|
65985|
65986|
65987|
65988|
