149989|
149990|
149991|
150016|
150017|
150018|
150019|
150020|
150021|
150022|
150023|
150048|
150049|
150050|
150051|
150052|
150053|
150054|
150055|
150080|
150081|
150082|
150083|
150084|
150085|
150086|
150087|
150112|
150113|
150114|
150115|
150116|
150117|
150118|
150119|
150144|
150145|
150146|
150147|
150148|
150149|
150150|
150151|
150176|
150177|
150178|
150179|
150180|
150181|
150182|
150183|
150208|
150209|
150210|
150211|
150212|
150213|
150214|
150215|
150240|
150241|
150242|
150243|
150244|
150245|
150246|
150247|
150272|
150273|
150274|
150275|
150276|
150277|
150278|
150279|
150304|
150305|
150306|
150307|
150308|
150309|
150310|
150311|
150336|
150337|
150338|
150339|
150340|
150341|
150342|
150343|
150368|
150369|
150370|
150371|
150372|
150373|
150374|
150375|
150400|
150401|
150402|
150403|
150404|
150405|
150406|
150407|
150432|
150433|
150434|
150435|
150436|
150437|
150438|
150439|
150464|
150465|
150466|
150467|
150468|
150469|
150470|
150471|
150496|
150497|
150498|
150499|
150500|
150501|
150502|
150503|
150528|
150529|
150530|
150531|
150532|
150533|
150534|
150535|
150560|
150561|
150562|
150563|
150564|
150565|
150566|
150567|
150592|
150593|
150594|
150595|
150596|
150597|
150598|
150599|
150624|
150625|
150626|
150627|
150628|
150629|
150630|
150631|
150656|
150657|
150658|
150659|
150660|
150661|
150662|
150663|
150688|
150689|
150690|
150691|
150692|
150693|
150694|
150695|
150720|
150721|
150722|
150723|
150724|
150725|
150726|
150727|
150752|
150753|
150754|
150755|
150756|
150757|
150758|
150759|
150784|
150785|
150786|
150787|
150788|
150789|
150790|
150791|
150816|
150817|
150818|
150819|
150820|
150821|
150822|
150823|
150848|
150849|
150850|
150851|
150852|
150853|
150854|
150855|
150880|
150881|
150882|
150883|
150884|
150885|
150886|
150887|
150912|
150913|
150914|
150915|
150916|
150917|
150918|
150919|
150944|
150945|
150946|
150947|
150948|
150949|
150950|
150951|
150976|
150977|
150978|
150979|
150980|
150981|
150982|
150983|
151008|
151009|
151010|
151011|
151012|
151013|
151014|
151015|
151040|
151041|
151042|
151043|
151044|
151045|
151046|
151047|
151072|
151073|
151074|
151075|
151076|
151077|
151078|
151079|
151104|
151105|
151106|
151107|
151108|
151109|
151110|
151111|
151136|
151137|
151138|
151139|
151140|
151141|
151142|
151143|
151168|
151169|
151170|
151171|
151172|
151173|
151174|
151175|
151200|
151201|
151202|
151203|
151204|
151205|
151206|
151207|
151232|
151233|
151234|
151235|
151236|
151237|
151238|
151239|
151264|
151265|
151266|
151267|
151268|
151269|
151270|
151271|
151296|
151297|
151298|
151299|
151300|
151301|
151302|
151303|
151328|
151329|
151330|
151331|
151332|
151333|
151334|
151335|
151360|
151361|
151362|
151363|
151364|
151365|
151366|
151367|
151392|
151393|
151394|
151395|
151396|
151397|
151398|
151399|
151424|
151425|
151426|
151427|
151428|
151429|
151430|
151431|
151456|
151457|
151458|
151459|
151460|
151461|
151462|
151463|
151488|
151489|
151490|
151491|
151492|
151493|
151494|
151495|
151520|
151521|
151522|
151523|
151524|
151525|
151526|
151527|
151552|
151553|
151554|
151555|
151556|
151557|
151558|
151559|
151584|
151585|
151586|
151587|
151588|
151589|
151590|
151591|
151616|
151617|
151618|
151619|
151620|
151621|
151622|
151623|
151648|
151649|
151650|
151651|
151652|
151653|
151654|
151655|
151680|
151681|
151682|
151683|
151684|
151685|
151686|
151687|
151712|
151713|
151714|
151715|
151716|
151717|
151718|
151719|
151744|
151745|
151746|
151747|
151748|
151749|
151750|
151751|
151776|
151777|
151778|
151779|
151780|
151781|
151782|
151783|
151808|
151809|
151810|
151811|
151812|
151813|
151814|
151815|
151840|
151841|
151842|
151843|
151844|
151845|
151846|
151847|
151872|
151873|
151874|
151875|
151876|
151877|
151878|
151879|
151904|
151905|
151906|
151907|
151908|
151909|
151910|
151911|
151936|
151937|
151938|
151939|
151940|
151941|
151942|
151943|
151968|
151969|
151970|
151971|
151972|
151973|
151974|
151975|
152000|
152001|
152002|
152003|
152004|
152005|
152006|
152007|
152032|
152033|
152034|
152035|
152036|
152037|
152038|
152039|
152064|
152065|
152066|
152067|
152068|
152069|
152070|
152071|
152096|
152097|
152098|
152099|
152100|
152101|
152102|
152103|
152128|
152129|
152130|
152131|
152132|
152133|
152134|
152135|
152160|
152161|
152162|
152163|
152164|
152165|
152166|
152167|
152192|
152193|
152194|
152195|
152196|
152197|
152198|
152199|
152224|
152225|
152226|
152227|
152228|
152229|
152230|
152231|
152256|
152257|
152258|
152259|
152260|
152261|
152262|
152263|
152288|
152289|
152290|
152291|
152292|
152293|
152294|
152295|
152320|
152321|
152322|
152323|
152324|
152325|
152326|
152327|
152352|
152353|
152354|
152355|
152356|
152357|
152358|
152359|
152384|
152385|
152386|
152387|
152388|
152389|
152390|
152391|
152416|
152417|
152418|
152419|
152420|
152421|
152422|
152423|
152448|
152449|
152450|
152451|
152452|
152453|
152454|
152455|
152480|
152481|
152482|
152483|
152484|
152485|
152486|
152487|
152512|
152513|
152514|
152515|
152516|
152517|
152518|
152519|
152544|
152545|
152546|
152547|
152548|
152549|
152550|
152551|
152576|
152577|
152578|
152579|
152580|
152581|
152582|
152583|
152608|
152609|
152610|
152611|
152612|
152613|
152614|
152615|
152640|
152641|
152642|
152643|
152644|
152645|
152646|
152647|
152672|
152673|
152674|
152675|
152676|
152677|
152678|
152679|
152704|
152705|
152706|
152707|
152708|
152709|
152710|
152711|
152736|
152737|
152738|
152739|
152740|
152741|
152742|
152743|
152768|
152769|
152770|
152771|
152772|
152773|
152774|
152775|
152800|
152801|
152802|
152803|
152804|
152805|
152806|
152807|
152832|
152833|
152834|
152835|
152836|
152837|
152838|
152839|
152864|
152865|
152866|
152867|
152868|
152869|
152870|
152871|
152896|
152897|
152898|
152899|
152900|
152901|
152902|
152903|
152928|
152929|
152930|
152931|
152932|
152933|
152934|
152935|
152960|
152961|
152962|
152963|
152964|
152965|
152966|
152967|
152992|
152993|
152994|
152995|
152996|
152997|
152998|
152999|
153024|
153025|
153026|
153027|
153028|
153029|
153030|
153031|
153056|
153057|
153058|
153059|
153060|
153061|
153062|
153063|
153088|
153089|
153090|
153091|
153092|
153093|
153094|
153095|
153120|
153121|
153122|
153123|
153124|
153125|
153126|
153127|
153152|
153153|
153154|
153155|
153156|
153157|
153158|
153159|
153184|
153185|
153186|
153187|
153188|
153189|
153190|
153191|
153216|
153217|
153218|
153219|
153220|
153221|
153222|
153223|
153248|
153249|
153250|
153251|
153252|
153253|
153254|
153255|
153280|
153281|
153282|
153283|
153284|
153285|
153286|
153287|
153312|
153313|
153314|
153315|
153316|
153317|
153318|
153319|
153344|
153345|
153346|
153347|
153348|
153349|
153350|
153351|
153376|
153377|
153378|
153379|
153380|
153381|
153382|
153383|
153408|
153409|
153410|
153411|
153412|
153413|
153414|
153415|
153440|
153441|
153442|
153443|
153444|
153445|
153446|
153447|
153472|
153473|
153474|
153475|
153476|
153477|
153478|
153479|
153504|
153505|
153506|
153507|
153508|
153509|
153510|
153511|
153536|
153537|
153538|
153539|
153540|
153541|
153542|
153543|
153568|
153569|
153570|
153571|
153572|
153573|
153574|
153575|
153600|
153601|
153602|
153603|
153604|
153605|
153606|
153607|
153632|
153633|
153634|
153635|
153636|
153637|
153638|
153639|
153664|
153665|
153666|
153667|
153668|
153669|
153670|
153671|
153696|
153697|
153698|
153699|
153700|
153701|
153702|
153703|
153728|
153729|
153730|
153731|
153732|
153733|
153734|
153735|
153760|
153761|
153762|
153763|
153764|
153765|
153766|
153767|
153792|
153793|
153794|
153795|
153796|
153797|
153798|
153799|
153824|
153825|
153826|
153827|
153828|
153829|
153830|
153831|
153856|
153857|
153858|
153859|
153860|
153861|
153862|
153863|
153888|
153889|
153890|
153891|
153892|
153893|
153894|
153895|
153920|
153921|
153922|
153923|
153924|
153925|
153926|
153927|
153952|
153953|
153954|
153955|
153956|
153957|
153958|
153959|
153984|
153985|
153986|
153987|
153988|
153989|
153990|
153991|
154016|
154017|
154018|
154019|
154020|
154021|
154022|
154023|
154048|
154049|
154050|
154051|
154052|
154053|
154054|
154055|
154080|
154081|
154082|
154083|
154084|
154085|
154086|
154087|
154112|
154113|
154114|
154115|
154116|
154117|
154118|
154119|
154144|
154145|
154146|
154147|
154148|
154149|
154150|
154151|
154176|
154177|
154178|
154179|
154180|
154181|
154182|
154183|
154208|
154209|
154210|
154211|
154212|
154213|
154214|
154215|
154240|
154241|
154242|
154243|
154244|
154245|
154246|
154247|
154272|
154273|
154274|
154275|
154276|
154277|
154278|
154279|
154304|
154305|
154306|
154307|
154308|
154309|
154310|
154311|
154336|
154337|
154338|
154339|
154340|
154341|
154342|
154343|
154368|
154369|
154370|
154371|
154372|
154373|
154374|
154375|
154400|
154401|
154402|
154403|
154404|
154405|
154406|
154407|
154432|
154433|
154434|
154435|
154436|
154437|
154438|
154439|
154464|
154465|
154466|
154467|
154468|
154469|
154470|
154471|
154496|
154497|
154498|
154499|
154500|
154501|
154502|
154503|
154528|
154529|
154530|
154531|
154532|
154533|
154534|
154535|
154560|
154561|
154562|
154563|
154564|
154565|
154566|
154567|
154592|
154593|
154594|
154595|
154596|
154597|
154598|
154599|
154624|
154625|
154626|
154627|
154628|
154629|
154630|
154631|
154656|
154657|
154658|
154659|
154660|
154661|
154662|
154663|
154688|
154689|
154690|
154691|
154692|
154693|
154694|
154695|
154720|
154721|
154722|
154723|
154724|
154725|
154726|
154727|
154752|
154753|
154754|
154755|
154756|
154757|
154758|
154759|
154784|
154785|
154786|
154787|
154788|
154789|
154790|
154791|
154816|
154817|
154818|
154819|
154820|
154821|
154822|
154823|
154848|
154849|
154850|
154851|
154852|
154853|
154854|
154855|
154880|
154881|
154882|
154883|
154884|
154885|
154886|
154887|
154912|
154913|
154914|
154915|
154916|
154917|
154918|
154919|
154944|
154945|
154946|
154947|
154948|
154949|
154950|
154951|
154976|
154977|
154978|
154979|
154980|
154981|
154982|
154983|
155008|
155009|
155010|
155011|
155012|
155013|
155014|
155015|
155040|
155041|
155042|
155043|
155044|
155045|
155046|
155047|
155072|
155073|
155074|
155075|
155076|
155077|
155078|
155079|
155104|
155105|
155106|
155107|
155108|
155109|
155110|
155111|
155136|
155137|
155138|
155139|
155140|
155141|
155142|
155143|
155168|
155169|
155170|
155171|
155172|
155173|
155174|
155175|
155200|
155201|
155202|
155203|
155204|
155205|
155206|
155207|
155232|
155233|
155234|
155235|
155236|
155237|
155238|
155239|
155264|
155265|
155266|
155267|
155268|
155269|
155270|
155271|
155296|
155297|
155298|
155299|
155300|
155301|
155302|
155303|
155328|
155329|
155330|
155331|
155332|
155333|
155334|
155335|
155360|
155361|
155362|
155363|
155364|
155365|
155366|
155367|
155392|
155393|
155394|
155395|
155396|
155397|
155398|
155399|
155424|
155425|
155426|
155427|
155428|
155429|
155430|
155431|
155456|
155457|
155458|
155459|
155460|
155461|
155462|
155463|
155488|
155489|
155490|
155491|
155492|
155493|
155494|
155495|
155520|
155521|
155522|
155523|
155524|
155525|
155526|
155527|
155552|
155553|
155554|
155555|
155556|
155557|
155558|
155559|
155584|
155585|
155586|
155587|
155588|
155589|
155590|
155591|
155616|
155617|
155618|
155619|
155620|
155621|
155622|
155623|
155648|
155649|
155650|
155651|
155652|
155653|
155654|
155655|
155680|
155681|
155682|
155683|
155684|
155685|
155686|
155687|
155712|
155713|
155714|
155715|
155716|
155717|
155718|
155719|
155744|
155745|
155746|
155747|
155748|
155749|
155750|
155751|
155776|
155777|
155778|
155779|
155780|
155781|
155782|
155783|
155808|
155809|
155810|
155811|
155812|
155813|
155814|
155815|
155840|
155841|
155842|
155843|
155844|
155845|
155846|
155847|
155872|
155873|
155874|
155875|
155876|
155877|
155878|
155879|
155904|
155905|
155906|
155907|
155908|
155909|
155910|
155911|
155936|
155937|
155938|
155939|
155940|
155941|
155942|
155943|
155968|
155969|
155970|
155971|
155972|
155973|
155974|
155975|
156000|
