1997989|
1997990|
1997991|
1998016|
1998017|
1998018|
1998019|
1998020|
1998021|
1998022|
1998023|
1998048|
1998049|
1998050|
1998051|
1998052|
1998053|
1998054|
1998055|
1998080|
1998081|
1998082|
1998083|
1998084|
1998085|
1998086|
1998087|
1998112|
1998113|
1998114|
1998115|
1998116|
1998117|
1998118|
1998119|
1998144|
1998145|
1998146|
1998147|
1998148|
1998149|
1998150|
1998151|
1998176|
1998177|
1998178|
1998179|
1998180|
1998181|
1998182|
1998183|
1998208|
1998209|
1998210|
1998211|
1998212|
1998213|
1998214|
1998215|
1998240|
1998241|
1998242|
1998243|
1998244|
1998245|
1998246|
1998247|
1998272|
1998273|
1998274|
1998275|
1998276|
1998277|
1998278|
1998279|
1998304|
1998305|
1998306|
1998307|
1998308|
1998309|
1998310|
1998311|
1998336|
1998337|
1998338|
1998339|
1998340|
1998341|
1998342|
1998343|
1998368|
1998369|
1998370|
1998371|
1998372|
1998373|
1998374|
1998375|
1998400|
1998401|
1998402|
1998403|
1998404|
1998405|
1998406|
1998407|
1998432|
1998433|
1998434|
1998435|
1998436|
1998437|
1998438|
1998439|
1998464|
1998465|
1998466|
1998467|
1998468|
1998469|
1998470|
1998471|
1998496|
1998497|
1998498|
1998499|
1998500|
1998501|
1998502|
1998503|
1998528|
1998529|
1998530|
1998531|
1998532|
1998533|
1998534|
1998535|
1998560|
1998561|
1998562|
1998563|
1998564|
1998565|
1998566|
1998567|
1998592|
1998593|
1998594|
1998595|
1998596|
1998597|
1998598|
1998599|
1998624|
1998625|
1998626|
1998627|
1998628|
1998629|
1998630|
1998631|
1998656|
1998657|
1998658|
1998659|
1998660|
1998661|
1998662|
1998663|
1998688|
1998689|
1998690|
1998691|
1998692|
1998693|
1998694|
1998695|
1998720|
1998721|
1998722|
1998723|
1998724|
1998725|
1998726|
1998727|
1998752|
1998753|
1998754|
1998755|
1998756|
1998757|
1998758|
1998759|
1998784|
1998785|
1998786|
1998787|
1998788|
1998789|
1998790|
1998791|
1998816|
1998817|
1998818|
1998819|
1998820|
1998821|
1998822|
1998823|
1998848|
1998849|
1998850|
1998851|
1998852|
1998853|
1998854|
1998855|
1998880|
1998881|
1998882|
1998883|
1998884|
1998885|
1998886|
1998887|
1998912|
1998913|
1998914|
1998915|
1998916|
1998917|
1998918|
1998919|
1998944|
1998945|
1998946|
1998947|
1998948|
1998949|
1998950|
1998951|
1998976|
1998977|
1998978|
1998979|
1998980|
1998981|
1998982|
1998983|
1999008|
1999009|
1999010|
1999011|
1999012|
1999013|
1999014|
1999015|
1999040|
1999041|
1999042|
1999043|
1999044|
1999045|
1999046|
1999047|
1999072|
1999073|
1999074|
1999075|
1999076|
1999077|
1999078|
1999079|
1999104|
1999105|
1999106|
1999107|
1999108|
1999109|
1999110|
1999111|
1999136|
1999137|
1999138|
1999139|
1999140|
1999141|
1999142|
1999143|
1999168|
1999169|
1999170|
1999171|
1999172|
1999173|
1999174|
1999175|
1999200|
1999201|
1999202|
1999203|
1999204|
1999205|
1999206|
1999207|
1999232|
1999233|
1999234|
1999235|
1999236|
1999237|
1999238|
1999239|
1999264|
1999265|
1999266|
1999267|
1999268|
1999269|
1999270|
1999271|
1999296|
1999297|
1999298|
1999299|
1999300|
1999301|
1999302|
1999303|
1999328|
1999329|
1999330|
1999331|
1999332|
1999333|
1999334|
1999335|
1999360|
1999361|
1999362|
1999363|
1999364|
1999365|
1999366|
1999367|
1999392|
1999393|
1999394|
1999395|
1999396|
1999397|
1999398|
1999399|
1999424|
1999425|
1999426|
1999427|
1999428|
1999429|
1999430|
1999431|
1999456|
1999457|
1999458|
1999459|
1999460|
1999461|
1999462|
1999463|
1999488|
1999489|
1999490|
1999491|
1999492|
1999493|
1999494|
1999495|
1999520|
1999521|
1999522|
1999523|
1999524|
1999525|
1999526|
1999527|
1999552|
1999553|
1999554|
1999555|
1999556|
1999557|
1999558|
1999559|
1999584|
1999585|
1999586|
1999587|
1999588|
1999589|
1999590|
1999591|
1999616|
1999617|
1999618|
1999619|
1999620|
1999621|
1999622|
1999623|
1999648|
1999649|
1999650|
1999651|
1999652|
1999653|
1999654|
1999655|
1999680|
1999681|
1999682|
1999683|
1999684|
1999685|
1999686|
1999687|
1999712|
1999713|
1999714|
1999715|
1999716|
1999717|
1999718|
1999719|
1999744|
1999745|
1999746|
1999747|
1999748|
1999749|
1999750|
1999751|
1999776|
1999777|
1999778|
1999779|
1999780|
1999781|
1999782|
1999783|
1999808|
1999809|
1999810|
1999811|
1999812|
1999813|
1999814|
1999815|
1999840|
1999841|
1999842|
1999843|
1999844|
1999845|
1999846|
1999847|
1999872|
1999873|
1999874|
1999875|
1999876|
1999877|
1999878|
1999879|
1999904|
1999905|
1999906|
1999907|
1999908|
1999909|
1999910|
1999911|
1999936|
1999937|
1999938|
1999939|
1999940|
1999941|
1999942|
1999943|
1999968|
1999969|
1999970|
1999971|
1999972|
1999973|
1999974|
1999975|
2000000|
2000001|
2000002|
2000003|
2000004|
2000005|
2000006|
2000007|
2000032|
2000033|
2000034|
2000035|
2000036|
2000037|
2000038|
2000039|
2000064|
2000065|
2000066|
2000067|
2000068|
2000069|
2000070|
2000071|
2000096|
2000097|
2000098|
2000099|
2000100|
2000101|
2000102|
2000103|
2000128|
2000129|
2000130|
2000131|
2000132|
2000133|
2000134|
2000135|
2000160|
2000161|
2000162|
2000163|
2000164|
2000165|
2000166|
2000167|
2000192|
2000193|
2000194|
2000195|
2000196|
2000197|
2000198|
2000199|
2000224|
2000225|
2000226|
2000227|
2000228|
2000229|
2000230|
2000231|
2000256|
2000257|
2000258|
2000259|
2000260|
2000261|
2000262|
2000263|
2000288|
2000289|
2000290|
2000291|
2000292|
2000293|
2000294|
2000295|
2000320|
2000321|
2000322|
2000323|
2000324|
2000325|
2000326|
2000327|
2000352|
2000353|
2000354|
2000355|
2000356|
2000357|
2000358|
2000359|
2000384|
2000385|
2000386|
2000387|
2000388|
2000389|
2000390|
2000391|
2000416|
2000417|
2000418|
2000419|
2000420|
2000421|
2000422|
2000423|
2000448|
2000449|
2000450|
2000451|
2000452|
2000453|
2000454|
2000455|
2000480|
2000481|
2000482|
2000483|
2000484|
2000485|
2000486|
2000487|
2000512|
2000513|
2000514|
2000515|
2000516|
2000517|
2000518|
2000519|
2000544|
2000545|
2000546|
2000547|
2000548|
2000549|
2000550|
2000551|
2000576|
2000577|
2000578|
2000579|
2000580|
2000581|
2000582|
2000583|
2000608|
2000609|
2000610|
2000611|
2000612|
2000613|
2000614|
2000615|
2000640|
2000641|
2000642|
2000643|
2000644|
2000645|
2000646|
2000647|
2000672|
2000673|
2000674|
2000675|
2000676|
2000677|
2000678|
2000679|
2000704|
2000705|
2000706|
2000707|
2000708|
2000709|
2000710|
2000711|
2000736|
2000737|
2000738|
2000739|
2000740|
2000741|
2000742|
2000743|
2000768|
2000769|
2000770|
2000771|
2000772|
2000773|
2000774|
2000775|
2000800|
2000801|
2000802|
2000803|
2000804|
2000805|
2000806|
2000807|
2000832|
2000833|
2000834|
2000835|
2000836|
2000837|
2000838|
2000839|
2000864|
2000865|
2000866|
2000867|
2000868|
2000869|
2000870|
2000871|
2000896|
2000897|
2000898|
2000899|
2000900|
2000901|
2000902|
2000903|
2000928|
2000929|
2000930|
2000931|
2000932|
2000933|
2000934|
2000935|
2000960|
2000961|
2000962|
2000963|
2000964|
2000965|
2000966|
2000967|
2000992|
2000993|
2000994|
2000995|
2000996|
2000997|
2000998|
2000999|
2001024|
2001025|
2001026|
2001027|
2001028|
2001029|
2001030|
2001031|
2001056|
2001057|
2001058|
2001059|
2001060|
2001061|
2001062|
2001063|
2001088|
2001089|
2001090|
2001091|
2001092|
2001093|
2001094|
2001095|
2001120|
2001121|
2001122|
2001123|
2001124|
2001125|
2001126|
2001127|
2001152|
2001153|
2001154|
2001155|
2001156|
2001157|
2001158|
2001159|
2001184|
2001185|
2001186|
2001187|
2001188|
2001189|
2001190|
2001191|
2001216|
2001217|
2001218|
2001219|
2001220|
2001221|
2001222|
2001223|
2001248|
2001249|
2001250|
2001251|
2001252|
2001253|
2001254|
2001255|
2001280|
2001281|
2001282|
2001283|
2001284|
2001285|
2001286|
2001287|
2001312|
2001313|
2001314|
2001315|
2001316|
2001317|
2001318|
2001319|
2001344|
2001345|
2001346|
2001347|
2001348|
2001349|
2001350|
2001351|
2001376|
2001377|
2001378|
2001379|
2001380|
2001381|
2001382|
2001383|
2001408|
2001409|
2001410|
2001411|
2001412|
2001413|
2001414|
2001415|
2001440|
2001441|
2001442|
2001443|
2001444|
2001445|
2001446|
2001447|
2001472|
2001473|
2001474|
2001475|
2001476|
2001477|
2001478|
2001479|
2001504|
2001505|
2001506|
2001507|
2001508|
2001509|
2001510|
2001511|
2001536|
2001537|
2001538|
2001539|
2001540|
2001541|
2001542|
2001543|
2001568|
2001569|
2001570|
2001571|
2001572|
2001573|
2001574|
2001575|
2001600|
2001601|
2001602|
2001603|
2001604|
2001605|
2001606|
2001607|
2001632|
2001633|
2001634|
2001635|
2001636|
2001637|
2001638|
2001639|
2001664|
2001665|
2001666|
2001667|
2001668|
2001669|
2001670|
2001671|
2001696|
2001697|
2001698|
2001699|
2001700|
2001701|
2001702|
2001703|
2001728|
2001729|
2001730|
2001731|
2001732|
2001733|
2001734|
2001735|
2001760|
2001761|
2001762|
2001763|
2001764|
2001765|
2001766|
2001767|
2001792|
2001793|
2001794|
2001795|
2001796|
2001797|
2001798|
2001799|
2001824|
2001825|
2001826|
2001827|
2001828|
2001829|
2001830|
2001831|
2001856|
2001857|
2001858|
2001859|
2001860|
2001861|
2001862|
2001863|
2001888|
2001889|
2001890|
2001891|
2001892|
2001893|
2001894|
2001895|
2001920|
2001921|
2001922|
2001923|
2001924|
2001925|
2001926|
2001927|
2001952|
2001953|
2001954|
2001955|
2001956|
2001957|
2001958|
2001959|
2001984|
2001985|
2001986|
2001987|
2001988|
2001989|
2001990|
2001991|
2002016|
2002017|
2002018|
2002019|
2002020|
2002021|
2002022|
2002023|
2002048|
2002049|
2002050|
2002051|
2002052|
2002053|
2002054|
2002055|
2002080|
2002081|
2002082|
2002083|
2002084|
2002085|
2002086|
2002087|
2002112|
2002113|
2002114|
2002115|
2002116|
2002117|
2002118|
2002119|
2002144|
2002145|
2002146|
2002147|
2002148|
2002149|
2002150|
2002151|
2002176|
2002177|
2002178|
2002179|
2002180|
2002181|
2002182|
2002183|
2002208|
2002209|
2002210|
2002211|
2002212|
2002213|
2002214|
2002215|
2002240|
2002241|
2002242|
2002243|
2002244|
2002245|
2002246|
2002247|
2002272|
2002273|
2002274|
2002275|
2002276|
2002277|
2002278|
2002279|
2002304|
2002305|
2002306|
2002307|
2002308|
2002309|
2002310|
2002311|
2002336|
2002337|
2002338|
2002339|
2002340|
2002341|
2002342|
2002343|
2002368|
2002369|
2002370|
2002371|
2002372|
2002373|
2002374|
2002375|
2002400|
2002401|
2002402|
2002403|
2002404|
2002405|
2002406|
2002407|
2002432|
2002433|
2002434|
2002435|
2002436|
2002437|
2002438|
2002439|
2002464|
2002465|
2002466|
2002467|
2002468|
2002469|
2002470|
2002471|
2002496|
2002497|
2002498|
2002499|
2002500|
2002501|
2002502|
2002503|
2002528|
2002529|
2002530|
2002531|
2002532|
2002533|
2002534|
2002535|
2002560|
2002561|
2002562|
2002563|
2002564|
2002565|
2002566|
2002567|
2002592|
2002593|
2002594|
2002595|
2002596|
2002597|
2002598|
2002599|
2002624|
2002625|
2002626|
2002627|
2002628|
2002629|
2002630|
2002631|
2002656|
2002657|
2002658|
2002659|
2002660|
2002661|
2002662|
2002663|
2002688|
2002689|
2002690|
2002691|
2002692|
2002693|
2002694|
2002695|
2002720|
2002721|
2002722|
2002723|
2002724|
2002725|
2002726|
2002727|
2002752|
2002753|
2002754|
2002755|
2002756|
2002757|
2002758|
2002759|
2002784|
2002785|
2002786|
2002787|
2002788|
2002789|
2002790|
2002791|
2002816|
2002817|
2002818|
2002819|
2002820|
2002821|
2002822|
2002823|
2002848|
2002849|
2002850|
2002851|
2002852|
2002853|
2002854|
2002855|
2002880|
2002881|
2002882|
2002883|
2002884|
2002885|
2002886|
2002887|
2002912|
2002913|
2002914|
2002915|
2002916|
2002917|
2002918|
2002919|
2002944|
2002945|
2002946|
2002947|
2002948|
2002949|
2002950|
2002951|
2002976|
2002977|
2002978|
2002979|
2002980|
2002981|
2002982|
2002983|
2003008|
2003009|
2003010|
2003011|
2003012|
2003013|
2003014|
2003015|
2003040|
2003041|
2003042|
2003043|
2003044|
2003045|
2003046|
2003047|
2003072|
2003073|
2003074|
2003075|
2003076|
2003077|
2003078|
2003079|
2003104|
2003105|
2003106|
2003107|
2003108|
2003109|
2003110|
2003111|
2003136|
2003137|
2003138|
2003139|
2003140|
2003141|
2003142|
2003143|
2003168|
2003169|
2003170|
2003171|
2003172|
2003173|
2003174|
2003175|
2003200|
2003201|
2003202|
2003203|
2003204|
2003205|
2003206|
2003207|
2003232|
2003233|
2003234|
2003235|
2003236|
2003237|
2003238|
2003239|
2003264|
2003265|
2003266|
2003267|
2003268|
2003269|
2003270|
2003271|
2003296|
2003297|
2003298|
2003299|
2003300|
2003301|
2003302|
2003303|
2003328|
2003329|
2003330|
2003331|
2003332|
2003333|
2003334|
2003335|
2003360|
2003361|
2003362|
2003363|
2003364|
2003365|
2003366|
2003367|
2003392|
2003393|
2003394|
2003395|
2003396|
2003397|
2003398|
2003399|
2003424|
2003425|
2003426|
2003427|
2003428|
2003429|
2003430|
2003431|
2003456|
2003457|
2003458|
2003459|
2003460|
2003461|
2003462|
2003463|
2003488|
2003489|
2003490|
2003491|
2003492|
2003493|
2003494|
2003495|
2003520|
2003521|
2003522|
2003523|
2003524|
2003525|
2003526|
2003527|
2003552|
2003553|
2003554|
2003555|
2003556|
2003557|
2003558|
2003559|
2003584|
2003585|
2003586|
2003587|
2003588|
2003589|
2003590|
2003591|
2003616|
2003617|
2003618|
2003619|
2003620|
2003621|
2003622|
2003623|
2003648|
2003649|
2003650|
2003651|
2003652|
2003653|
2003654|
2003655|
2003680|
2003681|
2003682|
2003683|
2003684|
2003685|
2003686|
2003687|
2003712|
2003713|
2003714|
2003715|
2003716|
2003717|
2003718|
2003719|
2003744|
2003745|
2003746|
2003747|
2003748|
2003749|
2003750|
2003751|
2003776|
2003777|
2003778|
2003779|
2003780|
2003781|
2003782|
2003783|
2003808|
2003809|
2003810|
2003811|
2003812|
2003813|
2003814|
2003815|
2003840|
2003841|
2003842|
2003843|
2003844|
2003845|
2003846|
2003847|
2003872|
2003873|
2003874|
2003875|
2003876|
2003877|
2003878|
2003879|
2003904|
2003905|
2003906|
2003907|
2003908|
2003909|
2003910|
2003911|
2003936|
2003937|
2003938|
2003939|
2003940|
2003941|
2003942|
2003943|
2003968|
2003969|
2003970|
2003971|
2003972|
2003973|
2003974|
2003975|
2004000|
