300001|
300002|
300003|
300004|
300005|
300006|
300007|
300032|
300033|
300034|
300035|
300036|
300037|
300038|
300039|
300064|
300065|
300066|
300067|
300068|
300069|
300070|
300071|
300096|
300097|
300098|
300099|
300100|
300101|
300102|
300103|
300128|
300129|
300130|
300131|
300132|
300133|
300134|
300135|
300160|
300161|
300162|
300163|
300164|
300165|
300166|
300167|
300192|
300193|
300194|
300195|
300196|
300197|
300198|
300199|
300224|
300225|
300226|
300227|
300228|
300229|
300230|
300231|
300256|
300257|
300258|
300259|
300260|
300261|
300262|
300263|
300288|
300289|
300290|
300291|
300292|
300293|
300294|
300295|
300320|
300321|
300322|
300323|
300324|
300325|
300326|
300327|
300352|
300353|
300354|
300355|
300356|
300357|
300358|
300359|
300384|
300385|
300386|
300387|
300388|
300389|
300390|
300391|
300416|
300417|
300418|
300419|
300420|
300421|
300422|
300423|
300448|
300449|
300450|
300451|
300452|
300453|
300454|
300455|
300480|
300481|
300482|
300483|
300484|
300485|
300486|
300487|
300512|
300513|
300514|
300515|
300516|
300517|
300518|
300519|
300544|
300545|
300546|
300547|
300548|
300549|
300550|
300551|
300576|
300577|
300578|
300579|
300580|
300581|
300582|
300583|
300608|
300609|
300610|
300611|
300612|
300613|
300614|
300615|
300640|
300641|
300642|
300643|
300644|
300645|
300646|
300647|
300672|
300673|
300674|
300675|
300676|
300677|
300678|
300679|
300704|
300705|
300706|
300707|
300708|
300709|
300710|
300711|
300736|
300737|
300738|
300739|
300740|
300741|
300742|
300743|
300768|
300769|
300770|
300771|
300772|
300773|
300774|
300775|
300800|
300801|
300802|
300803|
300804|
300805|
300806|
300807|
300832|
300833|
300834|
300835|
300836|
300837|
300838|
300839|
300864|
300865|
300866|
300867|
300868|
300869|
300870|
300871|
300896|
300897|
300898|
300899|
300900|
300901|
300902|
300903|
300928|
300929|
300930|
300931|
300932|
300933|
300934|
300935|
300960|
300961|
300962|
300963|
300964|
300965|
300966|
300967|
300992|
300993|
300994|
300995|
300996|
300997|
300998|
300999|
301024|
301025|
301026|
301027|
301028|
301029|
301030|
301031|
301056|
301057|
301058|
301059|
301060|
301061|
301062|
301063|
301088|
301089|
301090|
301091|
301092|
301093|
301094|
301095|
301120|
301121|
301122|
301123|
301124|
301125|
301126|
301127|
301152|
301153|
301154|
301155|
301156|
301157|
301158|
301159|
301184|
301185|
301186|
301187|
301188|
301189|
301190|
301191|
301216|
301217|
301218|
301219|
301220|
301221|
301222|
301223|
301248|
301249|
301250|
301251|
301252|
301253|
301254|
301255|
301280|
301281|
301282|
301283|
301284|
301285|
301286|
301287|
301312|
301313|
301314|
301315|
301316|
301317|
301318|
301319|
301344|
301345|
301346|
301347|
301348|
301349|
301350|
301351|
301376|
301377|
301378|
301379|
301380|
301381|
301382|
301383|
301408|
301409|
301410|
301411|
301412|
301413|
301414|
301415|
301440|
301441|
301442|
301443|
301444|
301445|
301446|
301447|
301472|
301473|
301474|
301475|
301476|
301477|
301478|
301479|
301504|
301505|
301506|
301507|
301508|
301509|
301510|
301511|
301536|
301537|
301538|
301539|
301540|
301541|
301542|
301543|
301568|
301569|
301570|
301571|
301572|
301573|
301574|
301575|
301600|
301601|
301602|
301603|
301604|
301605|
301606|
301607|
301632|
301633|
301634|
301635|
301636|
301637|
301638|
301639|
301664|
301665|
301666|
301667|
301668|
301669|
301670|
301671|
301696|
301697|
301698|
301699|
301700|
301701|
301702|
301703|
301728|
301729|
301730|
301731|
301732|
301733|
301734|
301735|
301760|
301761|
301762|
301763|
301764|
301765|
301766|
301767|
301792|
301793|
301794|
301795|
301796|
301797|
301798|
301799|
301824|
301825|
301826|
301827|
301828|
301829|
301830|
301831|
301856|
301857|
301858|
301859|
301860|
301861|
301862|
301863|
301888|
301889|
301890|
301891|
301892|
301893|
301894|
301895|
301920|
301921|
301922|
301923|
301924|
301925|
301926|
301927|
301952|
301953|
301954|
301955|
301956|
301957|
301958|
301959|
301984|
301985|
301986|
301987|
301988|
301989|
301990|
301991|
302016|
302017|
302018|
302019|
302020|
302021|
302022|
302023|
302048|
302049|
302050|
302051|
302052|
302053|
302054|
302055|
302080|
302081|
302082|
302083|
302084|
302085|
302086|
302087|
302112|
302113|
302114|
302115|
302116|
302117|
302118|
302119|
302144|
302145|
302146|
302147|
302148|
302149|
302150|
302151|
302176|
302177|
302178|
302179|
302180|
302181|
302182|
302183|
302208|
302209|
302210|
302211|
302212|
302213|
302214|
302215|
302240|
302241|
302242|
302243|
302244|
302245|
302246|
302247|
302272|
302273|
302274|
302275|
302276|
302277|
302278|
302279|
302304|
302305|
302306|
302307|
302308|
302309|
302310|
302311|
302336|
302337|
302338|
302339|
302340|
302341|
302342|
302343|
302368|
302369|
302370|
302371|
302372|
302373|
302374|
302375|
302400|
302401|
302402|
302403|
302404|
302405|
302406|
302407|
302432|
302433|
302434|
302435|
302436|
302437|
302438|
302439|
302464|
302465|
302466|
302467|
302468|
302469|
302470|
302471|
302496|
302497|
302498|
302499|
302500|
302501|
302502|
302503|
302528|
302529|
302530|
302531|
302532|
302533|
302534|
302535|
302560|
302561|
302562|
302563|
302564|
302565|
302566|
302567|
302592|
302593|
302594|
302595|
302596|
302597|
302598|
302599|
302624|
302625|
302626|
302627|
302628|
302629|
302630|
302631|
302656|
302657|
302658|
302659|
302660|
302661|
302662|
302663|
302688|
302689|
302690|
302691|
302692|
302693|
302694|
302695|
302720|
302721|
302722|
302723|
302724|
302725|
302726|
302727|
302752|
302753|
302754|
302755|
302756|
302757|
302758|
302759|
302784|
302785|
302786|
302787|
302788|
302789|
302790|
302791|
302816|
302817|
302818|
302819|
302820|
302821|
302822|
302823|
302848|
302849|
302850|
302851|
302852|
302853|
302854|
302855|
302880|
302881|
302882|
302883|
302884|
302885|
302886|
302887|
302912|
302913|
302914|
302915|
302916|
302917|
302918|
302919|
302944|
302945|
302946|
302947|
302948|
302949|
302950|
302951|
302976|
302977|
302978|
302979|
302980|
302981|
302982|
302983|
303008|
303009|
303010|
303011|
303012|
303013|
303014|
303015|
303040|
303041|
303042|
303043|
303044|
303045|
303046|
303047|
303072|
303073|
303074|
303075|
303076|
303077|
303078|
303079|
303104|
303105|
303106|
303107|
303108|
303109|
303110|
303111|
303136|
303137|
303138|
303139|
303140|
303141|
303142|
303143|
303168|
303169|
303170|
303171|
303172|
303173|
303174|
303175|
303200|
303201|
303202|
303203|
303204|
303205|
303206|
303207|
303232|
303233|
303234|
303235|
303236|
303237|
303238|
303239|
303264|
303265|
303266|
303267|
303268|
303269|
303270|
303271|
303296|
303297|
303298|
303299|
303300|
303301|
303302|
303303|
303328|
303329|
303330|
303331|
303332|
303333|
303334|
303335|
303360|
303361|
303362|
303363|
303364|
303365|
303366|
303367|
303392|
303393|
303394|
303395|
303396|
303397|
303398|
303399|
303424|
303425|
303426|
303427|
303428|
303429|
303430|
303431|
303456|
303457|
303458|
303459|
303460|
303461|
303462|
303463|
303488|
303489|
303490|
303491|
303492|
303493|
303494|
303495|
303520|
303521|
303522|
303523|
303524|
303525|
303526|
303527|
303552|
303553|
303554|
303555|
303556|
303557|
303558|
303559|
303584|
303585|
303586|
303587|
303588|
303589|
303590|
303591|
303616|
303617|
303618|
303619|
303620|
303621|
303622|
303623|
303648|
303649|
303650|
303651|
303652|
303653|
303654|
303655|
303680|
303681|
303682|
303683|
303684|
303685|
303686|
303687|
303712|
303713|
303714|
303715|
303716|
303717|
303718|
303719|
303744|
303745|
303746|
303747|
303748|
303749|
303750|
303751|
303776|
303777|
303778|
303779|
303780|
303781|
303782|
303783|
303808|
303809|
303810|
303811|
303812|
303813|
303814|
303815|
303840|
303841|
303842|
303843|
303844|
303845|
303846|
303847|
303872|
303873|
303874|
303875|
303876|
303877|
303878|
303879|
303904|
303905|
303906|
303907|
303908|
303909|
303910|
303911|
303936|
303937|
303938|
303939|
303940|
303941|
303942|
303943|
303968|
303969|
303970|
303971|
303972|
303973|
303974|
303975|
304000|
304001|
304002|
304003|
304004|
304005|
304006|
304007|
304032|
304033|
304034|
304035|
304036|
304037|
304038|
304039|
304064|
304065|
304066|
304067|
304068|
304069|
304070|
304071|
304096|
304097|
304098|
304099|
304100|
304101|
304102|
304103|
304128|
304129|
304130|
304131|
304132|
304133|
304134|
304135|
304160|
304161|
304162|
304163|
304164|
304165|
304166|
304167|
304192|
304193|
304194|
304195|
304196|
304197|
304198|
304199|
304224|
304225|
304226|
304227|
304228|
304229|
304230|
304231|
304256|
304257|
304258|
304259|
304260|
304261|
304262|
304263|
304288|
304289|
304290|
304291|
304292|
304293|
304294|
304295|
304320|
304321|
304322|
304323|
304324|
304325|
304326|
304327|
304352|
304353|
304354|
304355|
304356|
304357|
304358|
304359|
304384|
304385|
304386|
304387|
304388|
304389|
304390|
304391|
304416|
304417|
304418|
304419|
304420|
304421|
304422|
304423|
304448|
304449|
304450|
304451|
304452|
304453|
304454|
304455|
304480|
304481|
304482|
304483|
304484|
304485|
304486|
304487|
304512|
304513|
304514|
304515|
304516|
304517|
304518|
304519|
304544|
304545|
304546|
304547|
304548|
304549|
304550|
304551|
304576|
304577|
304578|
304579|
304580|
304581|
304582|
304583|
304608|
304609|
304610|
304611|
304612|
304613|
304614|
304615|
304640|
304641|
304642|
304643|
304644|
304645|
304646|
304647|
304672|
304673|
304674|
304675|
304676|
304677|
304678|
304679|
304704|
304705|
304706|
304707|
304708|
304709|
304710|
304711|
304736|
304737|
304738|
304739|
304740|
304741|
304742|
304743|
304768|
304769|
304770|
304771|
304772|
304773|
304774|
304775|
304800|
304801|
304802|
304803|
304804|
304805|
304806|
304807|
304832|
304833|
304834|
304835|
304836|
304837|
304838|
304839|
304864|
304865|
304866|
304867|
304868|
304869|
304870|
304871|
304896|
304897|
304898|
304899|
304900|
304901|
304902|
304903|
304928|
304929|
304930|
304931|
304932|
304933|
304934|
304935|
304960|
304961|
304962|
304963|
304964|
304965|
304966|
304967|
304992|
304993|
304994|
304995|
304996|
304997|
304998|
304999|
305024|
305025|
305026|
305027|
305028|
305029|
305030|
305031|
305056|
305057|
305058|
305059|
305060|
305061|
305062|
305063|
305088|
305089|
305090|
305091|
305092|
305093|
305094|
305095|
305120|
305121|
305122|
305123|
305124|
305125|
305126|
305127|
305152|
305153|
305154|
305155|
305156|
305157|
305158|
305159|
305184|
305185|
305186|
305187|
305188|
305189|
305190|
305191|
305216|
305217|
305218|
305219|
305220|
305221|
305222|
305223|
305248|
305249|
305250|
305251|
305252|
305253|
305254|
305255|
305280|
305281|
305282|
305283|
305284|
305285|
305286|
305287|
305312|
305313|
305314|
305315|
305316|
305317|
305318|
305319|
305344|
305345|
305346|
305347|
305348|
305349|
305350|
305351|
305376|
305377|
305378|
305379|
305380|
305381|
305382|
305383|
305408|
305409|
305410|
305411|
305412|
305413|
305414|
305415|
305440|
305441|
305442|
305443|
305444|
305445|
305446|
305447|
305472|
305473|
305474|
305475|
305476|
305477|
305478|
305479|
305504|
305505|
305506|
305507|
305508|
305509|
305510|
305511|
305536|
305537|
305538|
305539|
305540|
305541|
305542|
305543|
305568|
305569|
305570|
305571|
305572|
305573|
305574|
305575|
305600|
305601|
305602|
305603|
305604|
305605|
305606|
305607|
305632|
305633|
305634|
305635|
305636|
305637|
305638|
305639|
305664|
305665|
305666|
305667|
305668|
305669|
305670|
305671|
305696|
305697|
305698|
305699|
305700|
305701|
305702|
305703|
305728|
305729|
305730|
305731|
305732|
305733|
305734|
305735|
305760|
305761|
305762|
305763|
305764|
305765|
305766|
305767|
305792|
305793|
305794|
305795|
305796|
305797|
305798|
305799|
305824|
305825|
305826|
305827|
305828|
305829|
305830|
305831|
305856|
305857|
305858|
305859|
305860|
305861|
305862|
305863|
305888|
305889|
305890|
305891|
305892|
305893|
305894|
305895|
305920|
305921|
305922|
305923|
305924|
305925|
305926|
305927|
305952|
305953|
305954|
305955|
305956|
305957|
305958|
305959|
305984|
305985|
305986|
305987|
305988|
