1020001|
1020002|
1020003|
1020004|
1020005|
1020006|
1020007|
1020032|
1020033|
1020034|
1020035|
1020036|
1020037|
1020038|
1020039|
1020064|
1020065|
1020066|
1020067|
1020068|
1020069|
1020070|
1020071|
1020096|
1020097|
1020098|
1020099|
1020100|
1020101|
1020102|
1020103|
1020128|
1020129|
1020130|
1020131|
1020132|
1020133|
1020134|
1020135|
1020160|
1020161|
1020162|
1020163|
1020164|
1020165|
1020166|
1020167|
1020192|
1020193|
1020194|
1020195|
1020196|
1020197|
1020198|
1020199|
1020224|
1020225|
1020226|
1020227|
1020228|
1020229|
1020230|
1020231|
1020256|
1020257|
1020258|
1020259|
1020260|
1020261|
1020262|
1020263|
1020288|
1020289|
1020290|
1020291|
1020292|
1020293|
1020294|
1020295|
1020320|
1020321|
1020322|
1020323|
1020324|
1020325|
1020326|
1020327|
1020352|
1020353|
1020354|
1020355|
1020356|
1020357|
1020358|
1020359|
1020384|
1020385|
1020386|
1020387|
1020388|
1020389|
1020390|
1020391|
1020416|
1020417|
1020418|
1020419|
1020420|
1020421|
1020422|
1020423|
1020448|
1020449|
1020450|
1020451|
1020452|
1020453|
1020454|
1020455|
1020480|
1020481|
1020482|
1020483|
1020484|
1020485|
1020486|
1020487|
1020512|
1020513|
1020514|
1020515|
1020516|
1020517|
1020518|
1020519|
1020544|
1020545|
1020546|
1020547|
1020548|
1020549|
1020550|
1020551|
1020576|
1020577|
1020578|
1020579|
1020580|
1020581|
1020582|
1020583|
1020608|
1020609|
1020610|
1020611|
1020612|
1020613|
1020614|
1020615|
1020640|
1020641|
1020642|
1020643|
1020644|
1020645|
1020646|
1020647|
1020672|
1020673|
1020674|
1020675|
1020676|
1020677|
1020678|
1020679|
1020704|
1020705|
1020706|
1020707|
1020708|
1020709|
1020710|
1020711|
1020736|
1020737|
1020738|
1020739|
1020740|
1020741|
1020742|
1020743|
1020768|
1020769|
1020770|
1020771|
1020772|
1020773|
1020774|
1020775|
1020800|
1020801|
1020802|
1020803|
1020804|
1020805|
1020806|
1020807|
1020832|
1020833|
1020834|
1020835|
1020836|
1020837|
1020838|
1020839|
1020864|
1020865|
1020866|
1020867|
1020868|
1020869|
1020870|
1020871|
1020896|
1020897|
1020898|
1020899|
1020900|
1020901|
1020902|
1020903|
1020928|
1020929|
1020930|
1020931|
1020932|
1020933|
1020934|
1020935|
1020960|
1020961|
1020962|
1020963|
1020964|
1020965|
1020966|
1020967|
1020992|
1020993|
1020994|
1020995|
1020996|
1020997|
1020998|
1020999|
1021024|
1021025|
1021026|
1021027|
1021028|
1021029|
1021030|
1021031|
1021056|
1021057|
1021058|
1021059|
1021060|
1021061|
1021062|
1021063|
1021088|
1021089|
1021090|
1021091|
1021092|
1021093|
1021094|
1021095|
1021120|
1021121|
1021122|
1021123|
1021124|
1021125|
1021126|
1021127|
1021152|
1021153|
1021154|
1021155|
1021156|
1021157|
1021158|
1021159|
1021184|
1021185|
1021186|
1021187|
1021188|
1021189|
1021190|
1021191|
1021216|
1021217|
1021218|
1021219|
1021220|
1021221|
1021222|
1021223|
1021248|
1021249|
1021250|
1021251|
1021252|
1021253|
1021254|
1021255|
1021280|
1021281|
1021282|
1021283|
1021284|
1021285|
1021286|
1021287|
1021312|
1021313|
1021314|
1021315|
1021316|
1021317|
1021318|
1021319|
1021344|
1021345|
1021346|
1021347|
1021348|
1021349|
1021350|
1021351|
1021376|
1021377|
1021378|
1021379|
1021380|
1021381|
1021382|
1021383|
1021408|
1021409|
1021410|
1021411|
1021412|
1021413|
1021414|
1021415|
1021440|
1021441|
1021442|
1021443|
1021444|
1021445|
1021446|
1021447|
1021472|
1021473|
1021474|
1021475|
1021476|
1021477|
1021478|
1021479|
1021504|
1021505|
1021506|
1021507|
1021508|
1021509|
1021510|
1021511|
1021536|
1021537|
1021538|
1021539|
1021540|
1021541|
1021542|
1021543|
1021568|
1021569|
1021570|
1021571|
1021572|
1021573|
1021574|
1021575|
1021600|
1021601|
1021602|
1021603|
1021604|
1021605|
1021606|
1021607|
1021632|
1021633|
1021634|
1021635|
1021636|
1021637|
1021638|
1021639|
1021664|
1021665|
1021666|
1021667|
1021668|
1021669|
1021670|
1021671|
1021696|
1021697|
1021698|
1021699|
1021700|
1021701|
1021702|
1021703|
1021728|
1021729|
1021730|
1021731|
1021732|
1021733|
1021734|
1021735|
1021760|
1021761|
1021762|
1021763|
1021764|
1021765|
1021766|
1021767|
1021792|
1021793|
1021794|
1021795|
1021796|
1021797|
1021798|
1021799|
1021824|
1021825|
1021826|
1021827|
1021828|
1021829|
1021830|
1021831|
1021856|
1021857|
1021858|
1021859|
1021860|
1021861|
1021862|
1021863|
1021888|
1021889|
1021890|
1021891|
1021892|
1021893|
1021894|
1021895|
1021920|
1021921|
1021922|
1021923|
1021924|
1021925|
1021926|
1021927|
1021952|
1021953|
1021954|
1021955|
1021956|
1021957|
1021958|
1021959|
1021984|
1021985|
1021986|
1021987|
1021988|
1021989|
1021990|
1021991|
1022016|
1022017|
1022018|
1022019|
1022020|
1022021|
1022022|
1022023|
1022048|
1022049|
1022050|
1022051|
1022052|
1022053|
1022054|
1022055|
1022080|
1022081|
1022082|
1022083|
1022084|
1022085|
1022086|
1022087|
1022112|
1022113|
1022114|
1022115|
1022116|
1022117|
1022118|
1022119|
1022144|
1022145|
1022146|
1022147|
1022148|
1022149|
1022150|
1022151|
1022176|
1022177|
1022178|
1022179|
1022180|
1022181|
1022182|
1022183|
1022208|
1022209|
1022210|
1022211|
1022212|
1022213|
1022214|
1022215|
1022240|
1022241|
1022242|
1022243|
1022244|
1022245|
1022246|
1022247|
1022272|
1022273|
1022274|
1022275|
1022276|
1022277|
1022278|
1022279|
1022304|
1022305|
1022306|
1022307|
1022308|
1022309|
1022310|
1022311|
1022336|
1022337|
1022338|
1022339|
1022340|
1022341|
1022342|
1022343|
1022368|
1022369|
1022370|
1022371|
1022372|
1022373|
1022374|
1022375|
1022400|
1022401|
1022402|
1022403|
1022404|
1022405|
1022406|
1022407|
1022432|
1022433|
1022434|
1022435|
1022436|
1022437|
1022438|
1022439|
1022464|
1022465|
1022466|
1022467|
1022468|
1022469|
1022470|
1022471|
1022496|
1022497|
1022498|
1022499|
1022500|
1022501|
1022502|
1022503|
1022528|
1022529|
1022530|
1022531|
1022532|
1022533|
1022534|
1022535|
1022560|
1022561|
1022562|
1022563|
1022564|
1022565|
1022566|
1022567|
1022592|
1022593|
1022594|
1022595|
1022596|
1022597|
1022598|
1022599|
1022624|
1022625|
1022626|
1022627|
1022628|
1022629|
1022630|
1022631|
1022656|
1022657|
1022658|
1022659|
1022660|
1022661|
1022662|
1022663|
1022688|
1022689|
1022690|
1022691|
1022692|
1022693|
1022694|
1022695|
1022720|
1022721|
1022722|
1022723|
1022724|
1022725|
1022726|
1022727|
1022752|
1022753|
1022754|
1022755|
1022756|
1022757|
1022758|
1022759|
1022784|
1022785|
1022786|
1022787|
1022788|
1022789|
1022790|
1022791|
1022816|
1022817|
1022818|
1022819|
1022820|
1022821|
1022822|
1022823|
1022848|
1022849|
1022850|
1022851|
1022852|
1022853|
1022854|
1022855|
1022880|
1022881|
1022882|
1022883|
1022884|
1022885|
1022886|
1022887|
1022912|
1022913|
1022914|
1022915|
1022916|
1022917|
1022918|
1022919|
1022944|
1022945|
1022946|
1022947|
1022948|
1022949|
1022950|
1022951|
1022976|
1022977|
1022978|
1022979|
1022980|
1022981|
1022982|
1022983|
1023008|
1023009|
1023010|
1023011|
1023012|
1023013|
1023014|
1023015|
1023040|
1023041|
1023042|
1023043|
1023044|
1023045|
1023046|
1023047|
1023072|
1023073|
1023074|
1023075|
1023076|
1023077|
1023078|
1023079|
1023104|
1023105|
1023106|
1023107|
1023108|
1023109|
1023110|
1023111|
1023136|
1023137|
1023138|
1023139|
1023140|
1023141|
1023142|
1023143|
1023168|
1023169|
1023170|
1023171|
1023172|
1023173|
1023174|
1023175|
1023200|
1023201|
1023202|
1023203|
1023204|
1023205|
1023206|
1023207|
1023232|
1023233|
1023234|
1023235|
1023236|
1023237|
1023238|
1023239|
1023264|
1023265|
1023266|
1023267|
1023268|
1023269|
1023270|
1023271|
1023296|
1023297|
1023298|
1023299|
1023300|
1023301|
1023302|
1023303|
1023328|
1023329|
1023330|
1023331|
1023332|
1023333|
1023334|
1023335|
1023360|
1023361|
1023362|
1023363|
1023364|
1023365|
1023366|
1023367|
1023392|
1023393|
1023394|
1023395|
1023396|
1023397|
1023398|
1023399|
1023424|
1023425|
1023426|
1023427|
1023428|
1023429|
1023430|
1023431|
1023456|
1023457|
1023458|
1023459|
1023460|
1023461|
1023462|
1023463|
1023488|
1023489|
1023490|
1023491|
1023492|
1023493|
1023494|
1023495|
1023520|
1023521|
1023522|
1023523|
1023524|
1023525|
1023526|
1023527|
1023552|
1023553|
1023554|
1023555|
1023556|
1023557|
1023558|
1023559|
1023584|
1023585|
1023586|
1023587|
1023588|
1023589|
1023590|
1023591|
1023616|
1023617|
1023618|
1023619|
1023620|
1023621|
1023622|
1023623|
1023648|
1023649|
1023650|
1023651|
1023652|
1023653|
1023654|
1023655|
1023680|
1023681|
1023682|
1023683|
1023684|
1023685|
1023686|
1023687|
1023712|
1023713|
1023714|
1023715|
1023716|
1023717|
1023718|
1023719|
1023744|
1023745|
1023746|
1023747|
1023748|
1023749|
1023750|
1023751|
1023776|
1023777|
1023778|
1023779|
1023780|
1023781|
1023782|
1023783|
1023808|
1023809|
1023810|
1023811|
1023812|
1023813|
1023814|
1023815|
1023840|
1023841|
1023842|
1023843|
1023844|
1023845|
1023846|
1023847|
1023872|
1023873|
1023874|
1023875|
1023876|
1023877|
1023878|
1023879|
1023904|
1023905|
1023906|
1023907|
1023908|
1023909|
1023910|
1023911|
1023936|
1023937|
1023938|
1023939|
1023940|
1023941|
1023942|
1023943|
1023968|
1023969|
1023970|
1023971|
1023972|
1023973|
1023974|
1023975|
1024000|
1024001|
1024002|
1024003|
1024004|
1024005|
1024006|
1024007|
1024032|
1024033|
1024034|
1024035|
1024036|
1024037|
1024038|
1024039|
1024064|
1024065|
1024066|
1024067|
1024068|
1024069|
1024070|
1024071|
1024096|
1024097|
1024098|
1024099|
1024100|
1024101|
1024102|
1024103|
1024128|
1024129|
1024130|
1024131|
1024132|
1024133|
1024134|
1024135|
1024160|
1024161|
1024162|
1024163|
1024164|
1024165|
1024166|
1024167|
1024192|
1024193|
1024194|
1024195|
1024196|
1024197|
1024198|
1024199|
1024224|
1024225|
1024226|
1024227|
1024228|
1024229|
1024230|
1024231|
1024256|
1024257|
1024258|
1024259|
1024260|
1024261|
1024262|
1024263|
1024288|
1024289|
1024290|
1024291|
1024292|
1024293|
1024294|
1024295|
1024320|
1024321|
1024322|
1024323|
1024324|
1024325|
1024326|
1024327|
1024352|
1024353|
1024354|
1024355|
1024356|
1024357|
1024358|
1024359|
1024384|
1024385|
1024386|
1024387|
1024388|
1024389|
1024390|
1024391|
1024416|
1024417|
1024418|
1024419|
1024420|
1024421|
1024422|
1024423|
1024448|
1024449|
1024450|
1024451|
1024452|
1024453|
1024454|
1024455|
1024480|
1024481|
1024482|
1024483|
1024484|
1024485|
1024486|
1024487|
1024512|
1024513|
1024514|
1024515|
1024516|
1024517|
1024518|
1024519|
1024544|
1024545|
1024546|
1024547|
1024548|
1024549|
1024550|
1024551|
1024576|
1024577|
1024578|
1024579|
1024580|
1024581|
1024582|
1024583|
1024608|
1024609|
1024610|
1024611|
1024612|
1024613|
1024614|
1024615|
1024640|
1024641|
1024642|
1024643|
1024644|
1024645|
1024646|
1024647|
1024672|
1024673|
1024674|
1024675|
1024676|
1024677|
1024678|
1024679|
1024704|
1024705|
1024706|
1024707|
1024708|
1024709|
1024710|
1024711|
1024736|
1024737|
1024738|
1024739|
1024740|
1024741|
1024742|
1024743|
1024768|
1024769|
1024770|
1024771|
1024772|
1024773|
1024774|
1024775|
1024800|
1024801|
1024802|
1024803|
1024804|
1024805|
1024806|
1024807|
1024832|
1024833|
1024834|
1024835|
1024836|
1024837|
1024838|
1024839|
1024864|
1024865|
1024866|
1024867|
1024868|
1024869|
1024870|
1024871|
1024896|
1024897|
1024898|
1024899|
1024900|
1024901|
1024902|
1024903|
1024928|
1024929|
1024930|
1024931|
1024932|
1024933|
1024934|
1024935|
1024960|
1024961|
1024962|
1024963|
1024964|
1024965|
1024966|
1024967|
1024992|
1024993|
1024994|
1024995|
1024996|
1024997|
1024998|
1024999|
1025024|
1025025|
1025026|
1025027|
1025028|
1025029|
1025030|
1025031|
1025056|
1025057|
1025058|
1025059|
1025060|
1025061|
1025062|
1025063|
1025088|
1025089|
1025090|
1025091|
1025092|
1025093|
1025094|
1025095|
1025120|
1025121|
1025122|
1025123|
1025124|
1025125|
1025126|
1025127|
1025152|
1025153|
1025154|
1025155|
1025156|
1025157|
1025158|
1025159|
1025184|
1025185|
1025186|
1025187|
1025188|
1025189|
1025190|
1025191|
1025216|
1025217|
1025218|
1025219|
1025220|
1025221|
1025222|
1025223|
1025248|
1025249|
1025250|
1025251|
1025252|
1025253|
1025254|
1025255|
1025280|
1025281|
1025282|
1025283|
1025284|
1025285|
1025286|
1025287|
1025312|
1025313|
1025314|
1025315|
1025316|
1025317|
1025318|
1025319|
1025344|
1025345|
1025346|
1025347|
1025348|
1025349|
1025350|
1025351|
1025376|
1025377|
1025378|
1025379|
1025380|
1025381|
1025382|
1025383|
1025408|
1025409|
1025410|
1025411|
1025412|
1025413|
1025414|
1025415|
1025440|
1025441|
1025442|
1025443|
1025444|
1025445|
1025446|
1025447|
1025472|
1025473|
1025474|
1025475|
1025476|
1025477|
1025478|
1025479|
1025504|
1025505|
1025506|
1025507|
1025508|
1025509|
1025510|
1025511|
1025536|
1025537|
1025538|
1025539|
1025540|
1025541|
1025542|
1025543|
1025568|
1025569|
1025570|
1025571|
1025572|
1025573|
1025574|
1025575|
1025600|
1025601|
1025602|
1025603|
1025604|
1025605|
1025606|
1025607|
1025632|
1025633|
1025634|
1025635|
1025636|
1025637|
1025638|
1025639|
1025664|
1025665|
1025666|
1025667|
1025668|
1025669|
1025670|
1025671|
1025696|
1025697|
1025698|
1025699|
1025700|
1025701|
1025702|
1025703|
1025728|
1025729|
1025730|
1025731|
1025732|
1025733|
1025734|
1025735|
1025760|
1025761|
1025762|
1025763|
1025764|
1025765|
1025766|
1025767|
1025792|
1025793|
1025794|
1025795|
1025796|
1025797|
1025798|
1025799|
1025824|
1025825|
1025826|
1025827|
1025828|
1025829|
1025830|
1025831|
1025856|
1025857|
1025858|
1025859|
1025860|
1025861|
1025862|
1025863|
1025888|
1025889|
1025890|
1025891|
1025892|
1025893|
1025894|
1025895|
1025920|
1025921|
1025922|
1025923|
1025924|
1025925|
1025926|
1025927|
1025952|
1025953|
1025954|
1025955|
1025956|
1025957|
1025958|
1025959|
1025984|
1025985|
1025986|
1025987|
1025988|
