1277989|
1277990|
1277991|
1278016|
1278017|
1278018|
1278019|
1278020|
1278021|
1278022|
1278023|
1278048|
1278049|
1278050|
1278051|
1278052|
1278053|
1278054|
1278055|
1278080|
1278081|
1278082|
1278083|
1278084|
1278085|
1278086|
1278087|
1278112|
1278113|
1278114|
1278115|
1278116|
1278117|
1278118|
1278119|
1278144|
1278145|
1278146|
1278147|
1278148|
1278149|
1278150|
1278151|
1278176|
1278177|
1278178|
1278179|
1278180|
1278181|
1278182|
1278183|
1278208|
1278209|
1278210|
1278211|
1278212|
1278213|
1278214|
1278215|
1278240|
1278241|
1278242|
1278243|
1278244|
1278245|
1278246|
1278247|
1278272|
1278273|
1278274|
1278275|
1278276|
1278277|
1278278|
1278279|
1278304|
1278305|
1278306|
1278307|
1278308|
1278309|
1278310|
1278311|
1278336|
1278337|
1278338|
1278339|
1278340|
1278341|
1278342|
1278343|
1278368|
1278369|
1278370|
1278371|
1278372|
1278373|
1278374|
1278375|
1278400|
1278401|
1278402|
1278403|
1278404|
1278405|
1278406|
1278407|
1278432|
1278433|
1278434|
1278435|
1278436|
1278437|
1278438|
1278439|
1278464|
1278465|
1278466|
1278467|
1278468|
1278469|
1278470|
1278471|
1278496|
1278497|
1278498|
1278499|
1278500|
1278501|
1278502|
1278503|
1278528|
1278529|
1278530|
1278531|
1278532|
1278533|
1278534|
1278535|
1278560|
1278561|
1278562|
1278563|
1278564|
1278565|
1278566|
1278567|
1278592|
1278593|
1278594|
1278595|
1278596|
1278597|
1278598|
1278599|
1278624|
1278625|
1278626|
1278627|
1278628|
1278629|
1278630|
1278631|
1278656|
1278657|
1278658|
1278659|
1278660|
1278661|
1278662|
1278663|
1278688|
1278689|
1278690|
1278691|
1278692|
1278693|
1278694|
1278695|
1278720|
1278721|
1278722|
1278723|
1278724|
1278725|
1278726|
1278727|
1278752|
1278753|
1278754|
1278755|
1278756|
1278757|
1278758|
1278759|
1278784|
1278785|
1278786|
1278787|
1278788|
1278789|
1278790|
1278791|
1278816|
1278817|
1278818|
1278819|
1278820|
1278821|
1278822|
1278823|
1278848|
1278849|
1278850|
1278851|
1278852|
1278853|
1278854|
1278855|
1278880|
1278881|
1278882|
1278883|
1278884|
1278885|
1278886|
1278887|
1278912|
1278913|
1278914|
1278915|
1278916|
1278917|
1278918|
1278919|
1278944|
1278945|
1278946|
1278947|
1278948|
1278949|
1278950|
1278951|
1278976|
1278977|
1278978|
1278979|
1278980|
1278981|
1278982|
1278983|
1279008|
1279009|
1279010|
1279011|
1279012|
1279013|
1279014|
1279015|
1279040|
1279041|
1279042|
1279043|
1279044|
1279045|
1279046|
1279047|
1279072|
1279073|
1279074|
1279075|
1279076|
1279077|
1279078|
1279079|
1279104|
1279105|
1279106|
1279107|
1279108|
1279109|
1279110|
1279111|
1279136|
1279137|
1279138|
1279139|
1279140|
1279141|
1279142|
1279143|
1279168|
1279169|
1279170|
1279171|
1279172|
1279173|
1279174|
1279175|
1279200|
1279201|
1279202|
1279203|
1279204|
1279205|
1279206|
1279207|
1279232|
1279233|
1279234|
1279235|
1279236|
1279237|
1279238|
1279239|
1279264|
1279265|
1279266|
1279267|
1279268|
1279269|
1279270|
1279271|
1279296|
1279297|
1279298|
1279299|
1279300|
1279301|
1279302|
1279303|
1279328|
1279329|
1279330|
1279331|
1279332|
1279333|
1279334|
1279335|
1279360|
1279361|
1279362|
1279363|
1279364|
1279365|
1279366|
1279367|
1279392|
1279393|
1279394|
1279395|
1279396|
1279397|
1279398|
1279399|
1279424|
1279425|
1279426|
1279427|
1279428|
1279429|
1279430|
1279431|
1279456|
1279457|
1279458|
1279459|
1279460|
1279461|
1279462|
1279463|
1279488|
1279489|
1279490|
1279491|
1279492|
1279493|
1279494|
1279495|
1279520|
1279521|
1279522|
1279523|
1279524|
1279525|
1279526|
1279527|
1279552|
1279553|
1279554|
1279555|
1279556|
1279557|
1279558|
1279559|
1279584|
1279585|
1279586|
1279587|
1279588|
1279589|
1279590|
1279591|
1279616|
1279617|
1279618|
1279619|
1279620|
1279621|
1279622|
1279623|
1279648|
1279649|
1279650|
1279651|
1279652|
1279653|
1279654|
1279655|
1279680|
1279681|
1279682|
1279683|
1279684|
1279685|
1279686|
1279687|
1279712|
1279713|
1279714|
1279715|
1279716|
1279717|
1279718|
1279719|
1279744|
1279745|
1279746|
1279747|
1279748|
1279749|
1279750|
1279751|
1279776|
1279777|
1279778|
1279779|
1279780|
1279781|
1279782|
1279783|
1279808|
1279809|
1279810|
1279811|
1279812|
1279813|
1279814|
1279815|
1279840|
1279841|
1279842|
1279843|
1279844|
1279845|
1279846|
1279847|
1279872|
1279873|
1279874|
1279875|
1279876|
1279877|
1279878|
1279879|
1279904|
1279905|
1279906|
1279907|
1279908|
1279909|
1279910|
1279911|
1279936|
1279937|
1279938|
1279939|
1279940|
1279941|
1279942|
1279943|
1279968|
1279969|
1279970|
1279971|
1279972|
1279973|
1279974|
1279975|
1280000|
1280001|
1280002|
1280003|
1280004|
1280005|
1280006|
1280007|
1280032|
1280033|
1280034|
1280035|
1280036|
1280037|
1280038|
1280039|
1280064|
1280065|
1280066|
1280067|
1280068|
1280069|
1280070|
1280071|
1280096|
1280097|
1280098|
1280099|
1280100|
1280101|
1280102|
1280103|
1280128|
1280129|
1280130|
1280131|
1280132|
1280133|
1280134|
1280135|
1280160|
1280161|
1280162|
1280163|
1280164|
1280165|
1280166|
1280167|
1280192|
1280193|
1280194|
1280195|
1280196|
1280197|
1280198|
1280199|
1280224|
1280225|
1280226|
1280227|
1280228|
1280229|
1280230|
1280231|
1280256|
1280257|
1280258|
1280259|
1280260|
1280261|
1280262|
1280263|
1280288|
1280289|
1280290|
1280291|
1280292|
1280293|
1280294|
1280295|
1280320|
1280321|
1280322|
1280323|
1280324|
1280325|
1280326|
1280327|
1280352|
1280353|
1280354|
1280355|
1280356|
1280357|
1280358|
1280359|
1280384|
1280385|
1280386|
1280387|
1280388|
1280389|
1280390|
1280391|
1280416|
1280417|
1280418|
1280419|
1280420|
1280421|
1280422|
1280423|
1280448|
1280449|
1280450|
1280451|
1280452|
1280453|
1280454|
1280455|
1280480|
1280481|
1280482|
1280483|
1280484|
1280485|
1280486|
1280487|
1280512|
1280513|
1280514|
1280515|
1280516|
1280517|
1280518|
1280519|
1280544|
1280545|
1280546|
1280547|
1280548|
1280549|
1280550|
1280551|
1280576|
1280577|
1280578|
1280579|
1280580|
1280581|
1280582|
1280583|
1280608|
1280609|
1280610|
1280611|
1280612|
1280613|
1280614|
1280615|
1280640|
1280641|
1280642|
1280643|
1280644|
1280645|
1280646|
1280647|
1280672|
1280673|
1280674|
1280675|
1280676|
1280677|
1280678|
1280679|
1280704|
1280705|
1280706|
1280707|
1280708|
1280709|
1280710|
1280711|
1280736|
1280737|
1280738|
1280739|
1280740|
1280741|
1280742|
1280743|
1280768|
1280769|
1280770|
1280771|
1280772|
1280773|
1280774|
1280775|
1280800|
1280801|
1280802|
1280803|
1280804|
1280805|
1280806|
1280807|
1280832|
1280833|
1280834|
1280835|
1280836|
1280837|
1280838|
1280839|
1280864|
1280865|
1280866|
1280867|
1280868|
1280869|
1280870|
1280871|
1280896|
1280897|
1280898|
1280899|
1280900|
1280901|
1280902|
1280903|
1280928|
1280929|
1280930|
1280931|
1280932|
1280933|
1280934|
1280935|
1280960|
1280961|
1280962|
1280963|
1280964|
1280965|
1280966|
1280967|
1280992|
1280993|
1280994|
1280995|
1280996|
1280997|
1280998|
1280999|
1281024|
1281025|
1281026|
1281027|
1281028|
1281029|
1281030|
1281031|
1281056|
1281057|
1281058|
1281059|
1281060|
1281061|
1281062|
1281063|
1281088|
1281089|
1281090|
1281091|
1281092|
1281093|
1281094|
1281095|
1281120|
1281121|
1281122|
1281123|
1281124|
1281125|
1281126|
1281127|
1281152|
1281153|
1281154|
1281155|
1281156|
1281157|
1281158|
1281159|
1281184|
1281185|
1281186|
1281187|
1281188|
1281189|
1281190|
1281191|
1281216|
1281217|
1281218|
1281219|
1281220|
1281221|
1281222|
1281223|
1281248|
1281249|
1281250|
1281251|
1281252|
1281253|
1281254|
1281255|
1281280|
1281281|
1281282|
1281283|
1281284|
1281285|
1281286|
1281287|
1281312|
1281313|
1281314|
1281315|
1281316|
1281317|
1281318|
1281319|
1281344|
1281345|
1281346|
1281347|
1281348|
1281349|
1281350|
1281351|
1281376|
1281377|
1281378|
1281379|
1281380|
1281381|
1281382|
1281383|
1281408|
1281409|
1281410|
1281411|
1281412|
1281413|
1281414|
1281415|
1281440|
1281441|
1281442|
1281443|
1281444|
1281445|
1281446|
1281447|
1281472|
1281473|
1281474|
1281475|
1281476|
1281477|
1281478|
1281479|
1281504|
1281505|
1281506|
1281507|
1281508|
1281509|
1281510|
1281511|
1281536|
1281537|
1281538|
1281539|
1281540|
1281541|
1281542|
1281543|
1281568|
1281569|
1281570|
1281571|
1281572|
1281573|
1281574|
1281575|
1281600|
1281601|
1281602|
1281603|
1281604|
1281605|
1281606|
1281607|
1281632|
1281633|
1281634|
1281635|
1281636|
1281637|
1281638|
1281639|
1281664|
1281665|
1281666|
1281667|
1281668|
1281669|
1281670|
1281671|
1281696|
1281697|
1281698|
1281699|
1281700|
1281701|
1281702|
1281703|
1281728|
1281729|
1281730|
1281731|
1281732|
1281733|
1281734|
1281735|
1281760|
1281761|
1281762|
1281763|
1281764|
1281765|
1281766|
1281767|
1281792|
1281793|
1281794|
1281795|
1281796|
1281797|
1281798|
1281799|
1281824|
1281825|
1281826|
1281827|
1281828|
1281829|
1281830|
1281831|
1281856|
1281857|
1281858|
1281859|
1281860|
1281861|
1281862|
1281863|
1281888|
1281889|
1281890|
1281891|
1281892|
1281893|
1281894|
1281895|
1281920|
1281921|
1281922|
1281923|
1281924|
1281925|
1281926|
1281927|
1281952|
1281953|
1281954|
1281955|
1281956|
1281957|
1281958|
1281959|
1281984|
1281985|
1281986|
1281987|
1281988|
1281989|
1281990|
1281991|
1282016|
1282017|
1282018|
1282019|
1282020|
1282021|
1282022|
1282023|
1282048|
1282049|
1282050|
1282051|
1282052|
1282053|
1282054|
1282055|
1282080|
1282081|
1282082|
1282083|
1282084|
1282085|
1282086|
1282087|
1282112|
1282113|
1282114|
1282115|
1282116|
1282117|
1282118|
1282119|
1282144|
1282145|
1282146|
1282147|
1282148|
1282149|
1282150|
1282151|
1282176|
1282177|
1282178|
1282179|
1282180|
1282181|
1282182|
1282183|
1282208|
1282209|
1282210|
1282211|
1282212|
1282213|
1282214|
1282215|
1282240|
1282241|
1282242|
1282243|
1282244|
1282245|
1282246|
1282247|
1282272|
1282273|
1282274|
1282275|
1282276|
1282277|
1282278|
1282279|
1282304|
1282305|
1282306|
1282307|
1282308|
1282309|
1282310|
1282311|
1282336|
1282337|
1282338|
1282339|
1282340|
1282341|
1282342|
1282343|
1282368|
1282369|
1282370|
1282371|
1282372|
1282373|
1282374|
1282375|
1282400|
1282401|
1282402|
1282403|
1282404|
1282405|
1282406|
1282407|
1282432|
1282433|
1282434|
1282435|
1282436|
1282437|
1282438|
1282439|
1282464|
1282465|
1282466|
1282467|
1282468|
1282469|
1282470|
1282471|
1282496|
1282497|
1282498|
1282499|
1282500|
1282501|
1282502|
1282503|
1282528|
1282529|
1282530|
1282531|
1282532|
1282533|
1282534|
1282535|
1282560|
1282561|
1282562|
1282563|
1282564|
1282565|
1282566|
1282567|
1282592|
1282593|
1282594|
1282595|
1282596|
1282597|
1282598|
1282599|
1282624|
1282625|
1282626|
1282627|
1282628|
1282629|
1282630|
1282631|
1282656|
1282657|
1282658|
1282659|
1282660|
1282661|
1282662|
1282663|
1282688|
1282689|
1282690|
1282691|
1282692|
1282693|
1282694|
1282695|
1282720|
1282721|
1282722|
1282723|
1282724|
1282725|
1282726|
1282727|
1282752|
1282753|
1282754|
1282755|
1282756|
1282757|
1282758|
1282759|
1282784|
1282785|
1282786|
1282787|
1282788|
1282789|
1282790|
1282791|
1282816|
1282817|
1282818|
1282819|
1282820|
1282821|
1282822|
1282823|
1282848|
1282849|
1282850|
1282851|
1282852|
1282853|
1282854|
1282855|
1282880|
1282881|
1282882|
1282883|
1282884|
1282885|
1282886|
1282887|
1282912|
1282913|
1282914|
1282915|
1282916|
1282917|
1282918|
1282919|
1282944|
1282945|
1282946|
1282947|
1282948|
1282949|
1282950|
1282951|
1282976|
1282977|
1282978|
1282979|
1282980|
1282981|
1282982|
1282983|
1283008|
1283009|
1283010|
1283011|
1283012|
1283013|
1283014|
1283015|
1283040|
1283041|
1283042|
1283043|
1283044|
1283045|
1283046|
1283047|
1283072|
1283073|
1283074|
1283075|
1283076|
1283077|
1283078|
1283079|
1283104|
1283105|
1283106|
1283107|
1283108|
1283109|
1283110|
1283111|
1283136|
1283137|
1283138|
1283139|
1283140|
1283141|
1283142|
1283143|
1283168|
1283169|
1283170|
1283171|
1283172|
1283173|
1283174|
1283175|
1283200|
1283201|
1283202|
1283203|
1283204|
1283205|
1283206|
1283207|
1283232|
1283233|
1283234|
1283235|
1283236|
1283237|
1283238|
1283239|
1283264|
1283265|
1283266|
1283267|
1283268|
1283269|
1283270|
1283271|
1283296|
1283297|
1283298|
1283299|
1283300|
1283301|
1283302|
1283303|
1283328|
1283329|
1283330|
1283331|
1283332|
1283333|
1283334|
1283335|
1283360|
1283361|
1283362|
1283363|
1283364|
1283365|
1283366|
1283367|
1283392|
1283393|
1283394|
1283395|
1283396|
1283397|
1283398|
1283399|
1283424|
1283425|
1283426|
1283427|
1283428|
1283429|
1283430|
1283431|
1283456|
1283457|
1283458|
1283459|
1283460|
1283461|
1283462|
1283463|
1283488|
1283489|
1283490|
1283491|
1283492|
1283493|
1283494|
1283495|
1283520|
1283521|
1283522|
1283523|
1283524|
1283525|
1283526|
1283527|
1283552|
1283553|
1283554|
1283555|
1283556|
1283557|
1283558|
1283559|
1283584|
1283585|
1283586|
1283587|
1283588|
1283589|
1283590|
1283591|
1283616|
1283617|
1283618|
1283619|
1283620|
1283621|
1283622|
1283623|
1283648|
1283649|
1283650|
1283651|
1283652|
1283653|
1283654|
1283655|
1283680|
1283681|
1283682|
1283683|
1283684|
1283685|
1283686|
1283687|
1283712|
1283713|
1283714|
1283715|
1283716|
1283717|
1283718|
1283719|
1283744|
1283745|
1283746|
1283747|
1283748|
1283749|
1283750|
1283751|
1283776|
1283777|
1283778|
1283779|
1283780|
1283781|
1283782|
1283783|
1283808|
1283809|
1283810|
1283811|
1283812|
1283813|
1283814|
1283815|
1283840|
1283841|
1283842|
1283843|
1283844|
1283845|
1283846|
1283847|
1283872|
1283873|
1283874|
1283875|
1283876|
1283877|
1283878|
1283879|
1283904|
1283905|
1283906|
1283907|
1283908|
1283909|
1283910|
1283911|
1283936|
1283937|
1283938|
1283939|
1283940|
1283941|
1283942|
1283943|
1283968|
1283969|
1283970|
1283971|
1283972|
1283973|
1283974|
1283975|
1284000|
