2136001|
2136002|
2136003|
2136004|
2136005|
2136006|
2136007|
2136032|
2136033|
2136034|
2136035|
2136036|
2136037|
2136038|
2136039|
2136064|
2136065|
2136066|
2136067|
2136068|
2136069|
2136070|
2136071|
2136096|
2136097|
2136098|
2136099|
2136100|
2136101|
2136102|
2136103|
2136128|
2136129|
2136130|
2136131|
2136132|
2136133|
2136134|
2136135|
2136160|
2136161|
2136162|
2136163|
2136164|
2136165|
2136166|
2136167|
2136192|
2136193|
2136194|
2136195|
2136196|
2136197|
2136198|
2136199|
2136224|
2136225|
2136226|
2136227|
2136228|
2136229|
2136230|
2136231|
2136256|
2136257|
2136258|
2136259|
2136260|
2136261|
2136262|
2136263|
2136288|
2136289|
2136290|
2136291|
2136292|
2136293|
2136294|
2136295|
2136320|
2136321|
2136322|
2136323|
2136324|
2136325|
2136326|
2136327|
2136352|
2136353|
2136354|
2136355|
2136356|
2136357|
2136358|
2136359|
2136384|
2136385|
2136386|
2136387|
2136388|
2136389|
2136390|
2136391|
2136416|
2136417|
2136418|
2136419|
2136420|
2136421|
2136422|
2136423|
2136448|
2136449|
2136450|
2136451|
2136452|
2136453|
2136454|
2136455|
2136480|
2136481|
2136482|
2136483|
2136484|
2136485|
2136486|
2136487|
2136512|
2136513|
2136514|
2136515|
2136516|
2136517|
2136518|
2136519|
2136544|
2136545|
2136546|
2136547|
2136548|
2136549|
2136550|
2136551|
2136576|
2136577|
2136578|
2136579|
2136580|
2136581|
2136582|
2136583|
2136608|
2136609|
2136610|
2136611|
2136612|
2136613|
2136614|
2136615|
2136640|
2136641|
2136642|
2136643|
2136644|
2136645|
2136646|
2136647|
2136672|
2136673|
2136674|
2136675|
2136676|
2136677|
2136678|
2136679|
2136704|
2136705|
2136706|
2136707|
2136708|
2136709|
2136710|
2136711|
2136736|
2136737|
2136738|
2136739|
2136740|
2136741|
2136742|
2136743|
2136768|
2136769|
2136770|
2136771|
2136772|
2136773|
2136774|
2136775|
2136800|
2136801|
2136802|
2136803|
2136804|
2136805|
2136806|
2136807|
2136832|
2136833|
2136834|
2136835|
2136836|
2136837|
2136838|
2136839|
2136864|
2136865|
2136866|
2136867|
2136868|
2136869|
2136870|
2136871|
2136896|
2136897|
2136898|
2136899|
2136900|
2136901|
2136902|
2136903|
2136928|
2136929|
2136930|
2136931|
2136932|
2136933|
2136934|
2136935|
2136960|
2136961|
2136962|
2136963|
2136964|
2136965|
2136966|
2136967|
2136992|
2136993|
2136994|
2136995|
2136996|
2136997|
2136998|
2136999|
2137024|
2137025|
2137026|
2137027|
2137028|
2137029|
2137030|
2137031|
2137056|
2137057|
2137058|
2137059|
2137060|
2137061|
2137062|
2137063|
2137088|
2137089|
2137090|
2137091|
2137092|
2137093|
2137094|
2137095|
2137120|
2137121|
2137122|
2137123|
2137124|
2137125|
2137126|
2137127|
2137152|
2137153|
2137154|
2137155|
2137156|
2137157|
2137158|
2137159|
2137184|
2137185|
2137186|
2137187|
2137188|
2137189|
2137190|
2137191|
2137216|
2137217|
2137218|
2137219|
2137220|
2137221|
2137222|
2137223|
2137248|
2137249|
2137250|
2137251|
2137252|
2137253|
2137254|
2137255|
2137280|
2137281|
2137282|
2137283|
2137284|
2137285|
2137286|
2137287|
2137312|
2137313|
2137314|
2137315|
2137316|
2137317|
2137318|
2137319|
2137344|
2137345|
2137346|
2137347|
2137348|
2137349|
2137350|
2137351|
2137376|
2137377|
2137378|
2137379|
2137380|
2137381|
2137382|
2137383|
2137408|
2137409|
2137410|
2137411|
2137412|
2137413|
2137414|
2137415|
2137440|
2137441|
2137442|
2137443|
2137444|
2137445|
2137446|
2137447|
2137472|
2137473|
2137474|
2137475|
2137476|
2137477|
2137478|
2137479|
2137504|
2137505|
2137506|
2137507|
2137508|
2137509|
2137510|
2137511|
2137536|
2137537|
2137538|
2137539|
2137540|
2137541|
2137542|
2137543|
2137568|
2137569|
2137570|
2137571|
2137572|
2137573|
2137574|
2137575|
2137600|
2137601|
2137602|
2137603|
2137604|
2137605|
2137606|
2137607|
2137632|
2137633|
2137634|
2137635|
2137636|
2137637|
2137638|
2137639|
2137664|
2137665|
2137666|
2137667|
2137668|
2137669|
2137670|
2137671|
2137696|
2137697|
2137698|
2137699|
2137700|
2137701|
2137702|
2137703|
2137728|
2137729|
2137730|
2137731|
2137732|
2137733|
2137734|
2137735|
2137760|
2137761|
2137762|
2137763|
2137764|
2137765|
2137766|
2137767|
2137792|
2137793|
2137794|
2137795|
2137796|
2137797|
2137798|
2137799|
2137824|
2137825|
2137826|
2137827|
2137828|
2137829|
2137830|
2137831|
2137856|
2137857|
2137858|
2137859|
2137860|
2137861|
2137862|
2137863|
2137888|
2137889|
2137890|
2137891|
2137892|
2137893|
2137894|
2137895|
2137920|
2137921|
2137922|
2137923|
2137924|
2137925|
2137926|
2137927|
2137952|
2137953|
2137954|
2137955|
2137956|
2137957|
2137958|
2137959|
2137984|
2137985|
2137986|
2137987|
2137988|
2137989|
2137990|
2137991|
2138016|
2138017|
2138018|
2138019|
2138020|
2138021|
2138022|
2138023|
2138048|
2138049|
2138050|
2138051|
2138052|
2138053|
2138054|
2138055|
2138080|
2138081|
2138082|
2138083|
2138084|
2138085|
2138086|
2138087|
2138112|
2138113|
2138114|
2138115|
2138116|
2138117|
2138118|
2138119|
2138144|
2138145|
2138146|
2138147|
2138148|
2138149|
2138150|
2138151|
2138176|
2138177|
2138178|
2138179|
2138180|
2138181|
2138182|
2138183|
2138208|
2138209|
2138210|
2138211|
2138212|
2138213|
2138214|
2138215|
2138240|
2138241|
2138242|
2138243|
2138244|
2138245|
2138246|
2138247|
2138272|
2138273|
2138274|
2138275|
2138276|
2138277|
2138278|
2138279|
2138304|
2138305|
2138306|
2138307|
2138308|
2138309|
2138310|
2138311|
2138336|
2138337|
2138338|
2138339|
2138340|
2138341|
2138342|
2138343|
2138368|
2138369|
2138370|
2138371|
2138372|
2138373|
2138374|
2138375|
2138400|
2138401|
2138402|
2138403|
2138404|
2138405|
2138406|
2138407|
2138432|
2138433|
2138434|
2138435|
2138436|
2138437|
2138438|
2138439|
2138464|
2138465|
2138466|
2138467|
2138468|
2138469|
2138470|
2138471|
2138496|
2138497|
2138498|
2138499|
2138500|
2138501|
2138502|
2138503|
2138528|
2138529|
2138530|
2138531|
2138532|
2138533|
2138534|
2138535|
2138560|
2138561|
2138562|
2138563|
2138564|
2138565|
2138566|
2138567|
2138592|
2138593|
2138594|
2138595|
2138596|
2138597|
2138598|
2138599|
2138624|
2138625|
2138626|
2138627|
2138628|
2138629|
2138630|
2138631|
2138656|
2138657|
2138658|
2138659|
2138660|
2138661|
2138662|
2138663|
2138688|
2138689|
2138690|
2138691|
2138692|
2138693|
2138694|
2138695|
2138720|
2138721|
2138722|
2138723|
2138724|
2138725|
2138726|
2138727|
2138752|
2138753|
2138754|
2138755|
2138756|
2138757|
2138758|
2138759|
2138784|
2138785|
2138786|
2138787|
2138788|
2138789|
2138790|
2138791|
2138816|
2138817|
2138818|
2138819|
2138820|
2138821|
2138822|
2138823|
2138848|
2138849|
2138850|
2138851|
2138852|
2138853|
2138854|
2138855|
2138880|
2138881|
2138882|
2138883|
2138884|
2138885|
2138886|
2138887|
2138912|
2138913|
2138914|
2138915|
2138916|
2138917|
2138918|
2138919|
2138944|
2138945|
2138946|
2138947|
2138948|
2138949|
2138950|
2138951|
2138976|
2138977|
2138978|
2138979|
2138980|
2138981|
2138982|
2138983|
2139008|
2139009|
2139010|
2139011|
2139012|
2139013|
2139014|
2139015|
2139040|
2139041|
2139042|
2139043|
2139044|
2139045|
2139046|
2139047|
2139072|
2139073|
2139074|
2139075|
2139076|
2139077|
2139078|
2139079|
2139104|
2139105|
2139106|
2139107|
2139108|
2139109|
2139110|
2139111|
2139136|
2139137|
2139138|
2139139|
2139140|
2139141|
2139142|
2139143|
2139168|
2139169|
2139170|
2139171|
2139172|
2139173|
2139174|
2139175|
2139200|
2139201|
2139202|
2139203|
2139204|
2139205|
2139206|
2139207|
2139232|
2139233|
2139234|
2139235|
2139236|
2139237|
2139238|
2139239|
2139264|
2139265|
2139266|
2139267|
2139268|
2139269|
2139270|
2139271|
2139296|
2139297|
2139298|
2139299|
2139300|
2139301|
2139302|
2139303|
2139328|
2139329|
2139330|
2139331|
2139332|
2139333|
2139334|
2139335|
2139360|
2139361|
2139362|
2139363|
2139364|
2139365|
2139366|
2139367|
2139392|
2139393|
2139394|
2139395|
2139396|
2139397|
2139398|
2139399|
2139424|
2139425|
2139426|
2139427|
2139428|
2139429|
2139430|
2139431|
2139456|
2139457|
2139458|
2139459|
2139460|
2139461|
2139462|
2139463|
2139488|
2139489|
2139490|
2139491|
2139492|
2139493|
2139494|
2139495|
2139520|
2139521|
2139522|
2139523|
2139524|
2139525|
2139526|
2139527|
2139552|
2139553|
2139554|
2139555|
2139556|
2139557|
2139558|
2139559|
2139584|
2139585|
2139586|
2139587|
2139588|
2139589|
2139590|
2139591|
2139616|
2139617|
2139618|
2139619|
2139620|
2139621|
2139622|
2139623|
2139648|
2139649|
2139650|
2139651|
2139652|
2139653|
2139654|
2139655|
2139680|
2139681|
2139682|
2139683|
2139684|
2139685|
2139686|
2139687|
2139712|
2139713|
2139714|
2139715|
2139716|
2139717|
2139718|
2139719|
2139744|
2139745|
2139746|
2139747|
2139748|
2139749|
2139750|
2139751|
2139776|
2139777|
2139778|
2139779|
2139780|
2139781|
2139782|
2139783|
2139808|
2139809|
2139810|
2139811|
2139812|
2139813|
2139814|
2139815|
2139840|
2139841|
2139842|
2139843|
2139844|
2139845|
2139846|
2139847|
2139872|
2139873|
2139874|
2139875|
2139876|
2139877|
2139878|
2139879|
2139904|
2139905|
2139906|
2139907|
2139908|
2139909|
2139910|
2139911|
2139936|
2139937|
2139938|
2139939|
2139940|
2139941|
2139942|
2139943|
2139968|
2139969|
2139970|
2139971|
2139972|
2139973|
2139974|
2139975|
2140000|
2140001|
2140002|
2140003|
2140004|
2140005|
2140006|
2140007|
2140032|
2140033|
2140034|
2140035|
2140036|
2140037|
2140038|
2140039|
2140064|
2140065|
2140066|
2140067|
2140068|
2140069|
2140070|
2140071|
2140096|
2140097|
2140098|
2140099|
2140100|
2140101|
2140102|
2140103|
2140128|
2140129|
2140130|
2140131|
2140132|
2140133|
2140134|
2140135|
2140160|
2140161|
2140162|
2140163|
2140164|
2140165|
2140166|
2140167|
2140192|
2140193|
2140194|
2140195|
2140196|
2140197|
2140198|
2140199|
2140224|
2140225|
2140226|
2140227|
2140228|
2140229|
2140230|
2140231|
2140256|
2140257|
2140258|
2140259|
2140260|
2140261|
2140262|
2140263|
2140288|
2140289|
2140290|
2140291|
2140292|
2140293|
2140294|
2140295|
2140320|
2140321|
2140322|
2140323|
2140324|
2140325|
2140326|
2140327|
2140352|
2140353|
2140354|
2140355|
2140356|
2140357|
2140358|
2140359|
2140384|
2140385|
2140386|
2140387|
2140388|
2140389|
2140390|
2140391|
2140416|
2140417|
2140418|
2140419|
2140420|
2140421|
2140422|
2140423|
2140448|
2140449|
2140450|
2140451|
2140452|
2140453|
2140454|
2140455|
2140480|
2140481|
2140482|
2140483|
2140484|
2140485|
2140486|
2140487|
2140512|
2140513|
2140514|
2140515|
2140516|
2140517|
2140518|
2140519|
2140544|
2140545|
2140546|
2140547|
2140548|
2140549|
2140550|
2140551|
2140576|
2140577|
2140578|
2140579|
2140580|
2140581|
2140582|
2140583|
2140608|
2140609|
2140610|
2140611|
2140612|
2140613|
2140614|
2140615|
2140640|
2140641|
2140642|
2140643|
2140644|
2140645|
2140646|
2140647|
2140672|
2140673|
2140674|
2140675|
2140676|
2140677|
2140678|
2140679|
2140704|
2140705|
2140706|
2140707|
2140708|
2140709|
2140710|
2140711|
2140736|
2140737|
2140738|
2140739|
2140740|
2140741|
2140742|
2140743|
2140768|
2140769|
2140770|
2140771|
2140772|
2140773|
2140774|
2140775|
2140800|
2140801|
2140802|
2140803|
2140804|
2140805|
2140806|
2140807|
2140832|
2140833|
2140834|
2140835|
2140836|
2140837|
2140838|
2140839|
2140864|
2140865|
2140866|
2140867|
2140868|
2140869|
2140870|
2140871|
2140896|
2140897|
2140898|
2140899|
2140900|
2140901|
2140902|
2140903|
2140928|
2140929|
2140930|
2140931|
2140932|
2140933|
2140934|
2140935|
2140960|
2140961|
2140962|
2140963|
2140964|
2140965|
2140966|
2140967|
2140992|
2140993|
2140994|
2140995|
2140996|
2140997|
2140998|
2140999|
2141024|
2141025|
2141026|
2141027|
2141028|
2141029|
2141030|
2141031|
2141056|
2141057|
2141058|
2141059|
2141060|
2141061|
2141062|
2141063|
2141088|
2141089|
2141090|
2141091|
2141092|
2141093|
2141094|
2141095|
2141120|
2141121|
2141122|
2141123|
2141124|
2141125|
2141126|
2141127|
2141152|
2141153|
2141154|
2141155|
2141156|
2141157|
2141158|
2141159|
2141184|
2141185|
2141186|
2141187|
2141188|
2141189|
2141190|
2141191|
2141216|
2141217|
2141218|
2141219|
2141220|
2141221|
2141222|
2141223|
2141248|
2141249|
2141250|
2141251|
2141252|
2141253|
2141254|
2141255|
2141280|
2141281|
2141282|
2141283|
2141284|
2141285|
2141286|
2141287|
2141312|
2141313|
2141314|
2141315|
2141316|
2141317|
2141318|
2141319|
2141344|
2141345|
2141346|
2141347|
2141348|
2141349|
2141350|
2141351|
2141376|
2141377|
2141378|
2141379|
2141380|
2141381|
2141382|
2141383|
2141408|
2141409|
2141410|
2141411|
2141412|
2141413|
2141414|
2141415|
2141440|
2141441|
2141442|
2141443|
2141444|
2141445|
2141446|
2141447|
2141472|
2141473|
2141474|
2141475|
2141476|
2141477|
2141478|
2141479|
2141504|
2141505|
2141506|
2141507|
2141508|
2141509|
2141510|
2141511|
2141536|
2141537|
2141538|
2141539|
2141540|
2141541|
2141542|
2141543|
2141568|
2141569|
2141570|
2141571|
2141572|
2141573|
2141574|
2141575|
2141600|
2141601|
2141602|
2141603|
2141604|
2141605|
2141606|
2141607|
2141632|
2141633|
2141634|
2141635|
2141636|
2141637|
2141638|
2141639|
2141664|
2141665|
2141666|
2141667|
2141668|
2141669|
2141670|
2141671|
2141696|
2141697|
2141698|
2141699|
2141700|
2141701|
2141702|
2141703|
2141728|
2141729|
2141730|
2141731|
2141732|
2141733|
2141734|
2141735|
2141760|
2141761|
2141762|
2141763|
2141764|
2141765|
2141766|
2141767|
2141792|
2141793|
2141794|
2141795|
2141796|
2141797|
2141798|
2141799|
2141824|
2141825|
2141826|
2141827|
2141828|
2141829|
2141830|
2141831|
2141856|
2141857|
2141858|
2141859|
2141860|
2141861|
2141862|
2141863|
2141888|
2141889|
2141890|
2141891|
2141892|
2141893|
2141894|
2141895|
2141920|
2141921|
2141922|
2141923|
2141924|
2141925|
2141926|
2141927|
2141952|
2141953|
2141954|
2141955|
2141956|
2141957|
2141958|
2141959|
2141984|
2141985|
2141986|
2141987|
2141988|
