1733989|
1733990|
1733991|
1734016|
1734017|
1734018|
1734019|
1734020|
1734021|
1734022|
1734023|
1734048|
1734049|
1734050|
1734051|
1734052|
1734053|
1734054|
1734055|
1734080|
1734081|
1734082|
1734083|
1734084|
1734085|
1734086|
1734087|
1734112|
1734113|
1734114|
1734115|
1734116|
1734117|
1734118|
1734119|
1734144|
1734145|
1734146|
1734147|
1734148|
1734149|
1734150|
1734151|
1734176|
1734177|
1734178|
1734179|
1734180|
1734181|
1734182|
1734183|
1734208|
1734209|
1734210|
1734211|
1734212|
1734213|
1734214|
1734215|
1734240|
1734241|
1734242|
1734243|
1734244|
1734245|
1734246|
1734247|
1734272|
1734273|
1734274|
1734275|
1734276|
1734277|
1734278|
1734279|
1734304|
1734305|
1734306|
1734307|
1734308|
1734309|
1734310|
1734311|
1734336|
1734337|
1734338|
1734339|
1734340|
1734341|
1734342|
1734343|
1734368|
1734369|
1734370|
1734371|
1734372|
1734373|
1734374|
1734375|
1734400|
1734401|
1734402|
1734403|
1734404|
1734405|
1734406|
1734407|
1734432|
1734433|
1734434|
1734435|
1734436|
1734437|
1734438|
1734439|
1734464|
1734465|
1734466|
1734467|
1734468|
1734469|
1734470|
1734471|
1734496|
1734497|
1734498|
1734499|
1734500|
1734501|
1734502|
1734503|
1734528|
1734529|
1734530|
1734531|
1734532|
1734533|
1734534|
1734535|
1734560|
1734561|
1734562|
1734563|
1734564|
1734565|
1734566|
1734567|
1734592|
1734593|
1734594|
1734595|
1734596|
1734597|
1734598|
1734599|
1734624|
1734625|
1734626|
1734627|
1734628|
1734629|
1734630|
1734631|
1734656|
1734657|
1734658|
1734659|
1734660|
1734661|
1734662|
1734663|
1734688|
1734689|
1734690|
1734691|
1734692|
1734693|
1734694|
1734695|
1734720|
1734721|
1734722|
1734723|
1734724|
1734725|
1734726|
1734727|
1734752|
1734753|
1734754|
1734755|
1734756|
1734757|
1734758|
1734759|
1734784|
1734785|
1734786|
1734787|
1734788|
1734789|
1734790|
1734791|
1734816|
1734817|
1734818|
1734819|
1734820|
1734821|
1734822|
1734823|
1734848|
1734849|
1734850|
1734851|
1734852|
1734853|
1734854|
1734855|
1734880|
1734881|
1734882|
1734883|
1734884|
1734885|
1734886|
1734887|
1734912|
1734913|
1734914|
1734915|
1734916|
1734917|
1734918|
1734919|
1734944|
1734945|
1734946|
1734947|
1734948|
1734949|
1734950|
1734951|
1734976|
1734977|
1734978|
1734979|
1734980|
1734981|
1734982|
1734983|
1735008|
1735009|
1735010|
1735011|
1735012|
1735013|
1735014|
1735015|
1735040|
1735041|
1735042|
1735043|
1735044|
1735045|
1735046|
1735047|
1735072|
1735073|
1735074|
1735075|
1735076|
1735077|
1735078|
1735079|
1735104|
1735105|
1735106|
1735107|
1735108|
1735109|
1735110|
1735111|
1735136|
1735137|
1735138|
1735139|
1735140|
1735141|
1735142|
1735143|
1735168|
1735169|
1735170|
1735171|
1735172|
1735173|
1735174|
1735175|
1735200|
1735201|
1735202|
1735203|
1735204|
1735205|
1735206|
1735207|
1735232|
1735233|
1735234|
1735235|
1735236|
1735237|
1735238|
1735239|
1735264|
1735265|
1735266|
1735267|
1735268|
1735269|
1735270|
1735271|
1735296|
1735297|
1735298|
1735299|
1735300|
1735301|
1735302|
1735303|
1735328|
1735329|
1735330|
1735331|
1735332|
1735333|
1735334|
1735335|
1735360|
1735361|
1735362|
1735363|
1735364|
1735365|
1735366|
1735367|
1735392|
1735393|
1735394|
1735395|
1735396|
1735397|
1735398|
1735399|
1735424|
1735425|
1735426|
1735427|
1735428|
1735429|
1735430|
1735431|
1735456|
1735457|
1735458|
1735459|
1735460|
1735461|
1735462|
1735463|
1735488|
1735489|
1735490|
1735491|
1735492|
1735493|
1735494|
1735495|
1735520|
1735521|
1735522|
1735523|
1735524|
1735525|
1735526|
1735527|
1735552|
1735553|
1735554|
1735555|
1735556|
1735557|
1735558|
1735559|
1735584|
1735585|
1735586|
1735587|
1735588|
1735589|
1735590|
1735591|
1735616|
1735617|
1735618|
1735619|
1735620|
1735621|
1735622|
1735623|
1735648|
1735649|
1735650|
1735651|
1735652|
1735653|
1735654|
1735655|
1735680|
1735681|
1735682|
1735683|
1735684|
1735685|
1735686|
1735687|
1735712|
1735713|
1735714|
1735715|
1735716|
1735717|
1735718|
1735719|
1735744|
1735745|
1735746|
1735747|
1735748|
1735749|
1735750|
1735751|
1735776|
1735777|
1735778|
1735779|
1735780|
1735781|
1735782|
1735783|
1735808|
1735809|
1735810|
1735811|
1735812|
1735813|
1735814|
1735815|
1735840|
1735841|
1735842|
1735843|
1735844|
1735845|
1735846|
1735847|
1735872|
1735873|
1735874|
1735875|
1735876|
1735877|
1735878|
1735879|
1735904|
1735905|
1735906|
1735907|
1735908|
1735909|
1735910|
1735911|
1735936|
1735937|
1735938|
1735939|
1735940|
1735941|
1735942|
1735943|
1735968|
1735969|
1735970|
1735971|
1735972|
1735973|
1735974|
1735975|
1736000|
1736001|
1736002|
1736003|
1736004|
1736005|
1736006|
1736007|
1736032|
1736033|
1736034|
1736035|
1736036|
1736037|
1736038|
1736039|
1736064|
1736065|
1736066|
1736067|
1736068|
1736069|
1736070|
1736071|
1736096|
1736097|
1736098|
1736099|
1736100|
1736101|
1736102|
1736103|
1736128|
1736129|
1736130|
1736131|
1736132|
1736133|
1736134|
1736135|
1736160|
1736161|
1736162|
1736163|
1736164|
1736165|
1736166|
1736167|
1736192|
1736193|
1736194|
1736195|
1736196|
1736197|
1736198|
1736199|
1736224|
1736225|
1736226|
1736227|
1736228|
1736229|
1736230|
1736231|
1736256|
1736257|
1736258|
1736259|
1736260|
1736261|
1736262|
1736263|
1736288|
1736289|
1736290|
1736291|
1736292|
1736293|
1736294|
1736295|
1736320|
1736321|
1736322|
1736323|
1736324|
1736325|
1736326|
1736327|
1736352|
1736353|
1736354|
1736355|
1736356|
1736357|
1736358|
1736359|
1736384|
1736385|
1736386|
1736387|
1736388|
1736389|
1736390|
1736391|
1736416|
1736417|
1736418|
1736419|
1736420|
1736421|
1736422|
1736423|
1736448|
1736449|
1736450|
1736451|
1736452|
1736453|
1736454|
1736455|
1736480|
1736481|
1736482|
1736483|
1736484|
1736485|
1736486|
1736487|
1736512|
1736513|
1736514|
1736515|
1736516|
1736517|
1736518|
1736519|
1736544|
1736545|
1736546|
1736547|
1736548|
1736549|
1736550|
1736551|
1736576|
1736577|
1736578|
1736579|
1736580|
1736581|
1736582|
1736583|
1736608|
1736609|
1736610|
1736611|
1736612|
1736613|
1736614|
1736615|
1736640|
1736641|
1736642|
1736643|
1736644|
1736645|
1736646|
1736647|
1736672|
1736673|
1736674|
1736675|
1736676|
1736677|
1736678|
1736679|
1736704|
1736705|
1736706|
1736707|
1736708|
1736709|
1736710|
1736711|
1736736|
1736737|
1736738|
1736739|
1736740|
1736741|
1736742|
1736743|
1736768|
1736769|
1736770|
1736771|
1736772|
1736773|
1736774|
1736775|
1736800|
1736801|
1736802|
1736803|
1736804|
1736805|
1736806|
1736807|
1736832|
1736833|
1736834|
1736835|
1736836|
1736837|
1736838|
1736839|
1736864|
1736865|
1736866|
1736867|
1736868|
1736869|
1736870|
1736871|
1736896|
1736897|
1736898|
1736899|
1736900|
1736901|
1736902|
1736903|
1736928|
1736929|
1736930|
1736931|
1736932|
1736933|
1736934|
1736935|
1736960|
1736961|
1736962|
1736963|
1736964|
1736965|
1736966|
1736967|
1736992|
1736993|
1736994|
1736995|
1736996|
1736997|
1736998|
1736999|
1737024|
1737025|
1737026|
1737027|
1737028|
1737029|
1737030|
1737031|
1737056|
1737057|
1737058|
1737059|
1737060|
1737061|
1737062|
1737063|
1737088|
1737089|
1737090|
1737091|
1737092|
1737093|
1737094|
1737095|
1737120|
1737121|
1737122|
1737123|
1737124|
1737125|
1737126|
1737127|
1737152|
1737153|
1737154|
1737155|
1737156|
1737157|
1737158|
1737159|
1737184|
1737185|
1737186|
1737187|
1737188|
1737189|
1737190|
1737191|
1737216|
1737217|
1737218|
1737219|
1737220|
1737221|
1737222|
1737223|
1737248|
1737249|
1737250|
1737251|
1737252|
1737253|
1737254|
1737255|
1737280|
1737281|
1737282|
1737283|
1737284|
1737285|
1737286|
1737287|
1737312|
1737313|
1737314|
1737315|
1737316|
1737317|
1737318|
1737319|
1737344|
1737345|
1737346|
1737347|
1737348|
1737349|
1737350|
1737351|
1737376|
1737377|
1737378|
1737379|
1737380|
1737381|
1737382|
1737383|
1737408|
1737409|
1737410|
1737411|
1737412|
1737413|
1737414|
1737415|
1737440|
1737441|
1737442|
1737443|
1737444|
1737445|
1737446|
1737447|
1737472|
1737473|
1737474|
1737475|
1737476|
1737477|
1737478|
1737479|
1737504|
1737505|
1737506|
1737507|
1737508|
1737509|
1737510|
1737511|
1737536|
1737537|
1737538|
1737539|
1737540|
1737541|
1737542|
1737543|
1737568|
1737569|
1737570|
1737571|
1737572|
1737573|
1737574|
1737575|
1737600|
1737601|
1737602|
1737603|
1737604|
1737605|
1737606|
1737607|
1737632|
1737633|
1737634|
1737635|
1737636|
1737637|
1737638|
1737639|
1737664|
1737665|
1737666|
1737667|
1737668|
1737669|
1737670|
1737671|
1737696|
1737697|
1737698|
1737699|
1737700|
1737701|
1737702|
1737703|
1737728|
1737729|
1737730|
1737731|
1737732|
1737733|
1737734|
1737735|
1737760|
1737761|
1737762|
1737763|
1737764|
1737765|
1737766|
1737767|
1737792|
1737793|
1737794|
1737795|
1737796|
1737797|
1737798|
1737799|
1737824|
1737825|
1737826|
1737827|
1737828|
1737829|
1737830|
1737831|
1737856|
1737857|
1737858|
1737859|
1737860|
1737861|
1737862|
1737863|
1737888|
1737889|
1737890|
1737891|
1737892|
1737893|
1737894|
1737895|
1737920|
1737921|
1737922|
1737923|
1737924|
1737925|
1737926|
1737927|
1737952|
1737953|
1737954|
1737955|
1737956|
1737957|
1737958|
1737959|
1737984|
1737985|
1737986|
1737987|
1737988|
1737989|
1737990|
1737991|
1738016|
1738017|
1738018|
1738019|
1738020|
1738021|
1738022|
1738023|
1738048|
1738049|
1738050|
1738051|
1738052|
1738053|
1738054|
1738055|
1738080|
1738081|
1738082|
1738083|
1738084|
1738085|
1738086|
1738087|
1738112|
1738113|
1738114|
1738115|
1738116|
1738117|
1738118|
1738119|
1738144|
1738145|
1738146|
1738147|
1738148|
1738149|
1738150|
1738151|
1738176|
1738177|
1738178|
1738179|
1738180|
1738181|
1738182|
1738183|
1738208|
1738209|
1738210|
1738211|
1738212|
1738213|
1738214|
1738215|
1738240|
1738241|
1738242|
1738243|
1738244|
1738245|
1738246|
1738247|
1738272|
1738273|
1738274|
1738275|
1738276|
1738277|
1738278|
1738279|
1738304|
1738305|
1738306|
1738307|
1738308|
1738309|
1738310|
1738311|
1738336|
1738337|
1738338|
1738339|
1738340|
1738341|
1738342|
1738343|
1738368|
1738369|
1738370|
1738371|
1738372|
1738373|
1738374|
1738375|
1738400|
1738401|
1738402|
1738403|
1738404|
1738405|
1738406|
1738407|
1738432|
1738433|
1738434|
1738435|
1738436|
1738437|
1738438|
1738439|
1738464|
1738465|
1738466|
1738467|
1738468|
1738469|
1738470|
1738471|
1738496|
1738497|
1738498|
1738499|
1738500|
1738501|
1738502|
1738503|
1738528|
1738529|
1738530|
1738531|
1738532|
1738533|
1738534|
1738535|
1738560|
1738561|
1738562|
1738563|
1738564|
1738565|
1738566|
1738567|
1738592|
1738593|
1738594|
1738595|
1738596|
1738597|
1738598|
1738599|
1738624|
1738625|
1738626|
1738627|
1738628|
1738629|
1738630|
1738631|
1738656|
1738657|
1738658|
1738659|
1738660|
1738661|
1738662|
1738663|
1738688|
1738689|
1738690|
1738691|
1738692|
1738693|
1738694|
1738695|
1738720|
1738721|
1738722|
1738723|
1738724|
1738725|
1738726|
1738727|
1738752|
1738753|
1738754|
1738755|
1738756|
1738757|
1738758|
1738759|
1738784|
1738785|
1738786|
1738787|
1738788|
1738789|
1738790|
1738791|
1738816|
1738817|
1738818|
1738819|
1738820|
1738821|
1738822|
1738823|
1738848|
1738849|
1738850|
1738851|
1738852|
1738853|
1738854|
1738855|
1738880|
1738881|
1738882|
1738883|
1738884|
1738885|
1738886|
1738887|
1738912|
1738913|
1738914|
1738915|
1738916|
1738917|
1738918|
1738919|
1738944|
1738945|
1738946|
1738947|
1738948|
1738949|
1738950|
1738951|
1738976|
1738977|
1738978|
1738979|
1738980|
1738981|
1738982|
1738983|
1739008|
1739009|
1739010|
1739011|
1739012|
1739013|
1739014|
1739015|
1739040|
1739041|
1739042|
1739043|
1739044|
1739045|
1739046|
1739047|
1739072|
1739073|
1739074|
1739075|
1739076|
1739077|
1739078|
1739079|
1739104|
1739105|
1739106|
1739107|
1739108|
1739109|
1739110|
1739111|
1739136|
1739137|
1739138|
1739139|
1739140|
1739141|
1739142|
1739143|
1739168|
1739169|
1739170|
1739171|
1739172|
1739173|
1739174|
1739175|
1739200|
1739201|
1739202|
1739203|
1739204|
1739205|
1739206|
1739207|
1739232|
1739233|
1739234|
1739235|
1739236|
1739237|
1739238|
1739239|
1739264|
1739265|
1739266|
1739267|
1739268|
1739269|
1739270|
1739271|
1739296|
1739297|
1739298|
1739299|
1739300|
1739301|
1739302|
1739303|
1739328|
1739329|
1739330|
1739331|
1739332|
1739333|
1739334|
1739335|
1739360|
1739361|
1739362|
1739363|
1739364|
1739365|
1739366|
1739367|
1739392|
1739393|
1739394|
1739395|
1739396|
1739397|
1739398|
1739399|
1739424|
1739425|
1739426|
1739427|
1739428|
1739429|
1739430|
1739431|
1739456|
1739457|
1739458|
1739459|
1739460|
1739461|
1739462|
1739463|
1739488|
1739489|
1739490|
1739491|
1739492|
1739493|
1739494|
1739495|
1739520|
1739521|
1739522|
1739523|
1739524|
1739525|
1739526|
1739527|
1739552|
1739553|
1739554|
1739555|
1739556|
1739557|
1739558|
1739559|
1739584|
1739585|
1739586|
1739587|
1739588|
1739589|
1739590|
1739591|
1739616|
1739617|
1739618|
1739619|
1739620|
1739621|
1739622|
1739623|
1739648|
1739649|
1739650|
1739651|
1739652|
1739653|
1739654|
1739655|
1739680|
1739681|
1739682|
1739683|
1739684|
1739685|
1739686|
1739687|
1739712|
1739713|
1739714|
1739715|
1739716|
1739717|
1739718|
1739719|
1739744|
1739745|
1739746|
1739747|
1739748|
1739749|
1739750|
1739751|
1739776|
1739777|
1739778|
1739779|
1739780|
1739781|
1739782|
1739783|
1739808|
1739809|
1739810|
1739811|
1739812|
1739813|
1739814|
1739815|
1739840|
1739841|
1739842|
1739843|
1739844|
1739845|
1739846|
1739847|
1739872|
1739873|
1739874|
1739875|
1739876|
1739877|
1739878|
1739879|
1739904|
1739905|
1739906|
1739907|
1739908|
1739909|
1739910|
1739911|
1739936|
1739937|
1739938|
1739939|
1739940|
1739941|
1739942|
1739943|
1739968|
1739969|
1739970|
1739971|
1739972|
1739973|
1739974|
1739975|
1740000|
