84001|
84002|
84003|
84004|
84005|
84006|
84007|
84032|
84033|
84034|
84035|
84036|
84037|
84038|
84039|
84064|
84065|
84066|
84067|
84068|
84069|
84070|
84071|
84096|
84097|
84098|
84099|
84100|
84101|
84102|
84103|
84128|
84129|
84130|
84131|
84132|
84133|
84134|
84135|
84160|
84161|
84162|
84163|
84164|
84165|
84166|
84167|
84192|
84193|
84194|
84195|
84196|
84197|
84198|
84199|
84224|
84225|
84226|
84227|
84228|
84229|
84230|
84231|
84256|
84257|
84258|
84259|
84260|
84261|
84262|
84263|
84288|
84289|
84290|
84291|
84292|
84293|
84294|
84295|
84320|
84321|
84322|
84323|
84324|
84325|
84326|
84327|
84352|
84353|
84354|
84355|
84356|
84357|
84358|
84359|
84384|
84385|
84386|
84387|
84388|
84389|
84390|
84391|
84416|
84417|
84418|
84419|
84420|
84421|
84422|
84423|
84448|
84449|
84450|
84451|
84452|
84453|
84454|
84455|
84480|
84481|
84482|
84483|
84484|
84485|
84486|
84487|
84512|
84513|
84514|
84515|
84516|
84517|
84518|
84519|
84544|
84545|
84546|
84547|
84548|
84549|
84550|
84551|
84576|
84577|
84578|
84579|
84580|
84581|
84582|
84583|
84608|
84609|
84610|
84611|
84612|
84613|
84614|
84615|
84640|
84641|
84642|
84643|
84644|
84645|
84646|
84647|
84672|
84673|
84674|
84675|
84676|
84677|
84678|
84679|
84704|
84705|
84706|
84707|
84708|
84709|
84710|
84711|
84736|
84737|
84738|
84739|
84740|
84741|
84742|
84743|
84768|
84769|
84770|
84771|
84772|
84773|
84774|
84775|
84800|
84801|
84802|
84803|
84804|
84805|
84806|
84807|
84832|
84833|
84834|
84835|
84836|
84837|
84838|
84839|
84864|
84865|
84866|
84867|
84868|
84869|
84870|
84871|
84896|
84897|
84898|
84899|
84900|
84901|
84902|
84903|
84928|
84929|
84930|
84931|
84932|
84933|
84934|
84935|
84960|
84961|
84962|
84963|
84964|
84965|
84966|
84967|
84992|
84993|
84994|
84995|
84996|
84997|
84998|
84999|
85024|
85025|
85026|
85027|
85028|
85029|
85030|
85031|
85056|
85057|
85058|
85059|
85060|
85061|
85062|
85063|
85088|
85089|
85090|
85091|
85092|
85093|
85094|
85095|
85120|
85121|
85122|
85123|
85124|
85125|
85126|
85127|
85152|
85153|
85154|
85155|
85156|
85157|
85158|
85159|
85184|
85185|
85186|
85187|
85188|
85189|
85190|
85191|
85216|
85217|
85218|
85219|
85220|
85221|
85222|
85223|
85248|
85249|
85250|
85251|
85252|
85253|
85254|
85255|
85280|
85281|
85282|
85283|
85284|
85285|
85286|
85287|
85312|
85313|
85314|
85315|
85316|
85317|
85318|
85319|
85344|
85345|
85346|
85347|
85348|
85349|
85350|
85351|
85376|
85377|
85378|
85379|
85380|
85381|
85382|
85383|
85408|
85409|
85410|
85411|
85412|
85413|
85414|
85415|
85440|
85441|
85442|
85443|
85444|
85445|
85446|
85447|
85472|
85473|
85474|
85475|
85476|
85477|
85478|
85479|
85504|
85505|
85506|
85507|
85508|
85509|
85510|
85511|
85536|
85537|
85538|
85539|
85540|
85541|
85542|
85543|
85568|
85569|
85570|
85571|
85572|
85573|
85574|
85575|
85600|
85601|
85602|
85603|
85604|
85605|
85606|
85607|
85632|
85633|
85634|
85635|
85636|
85637|
85638|
85639|
85664|
85665|
85666|
85667|
85668|
85669|
85670|
85671|
85696|
85697|
85698|
85699|
85700|
85701|
85702|
85703|
85728|
85729|
85730|
85731|
85732|
85733|
85734|
85735|
85760|
85761|
85762|
85763|
85764|
85765|
85766|
85767|
85792|
85793|
85794|
85795|
85796|
85797|
85798|
85799|
85824|
85825|
85826|
85827|
85828|
85829|
85830|
85831|
85856|
85857|
85858|
85859|
85860|
85861|
85862|
85863|
85888|
85889|
85890|
85891|
85892|
85893|
85894|
85895|
85920|
85921|
85922|
85923|
85924|
85925|
85926|
85927|
85952|
85953|
85954|
85955|
85956|
85957|
85958|
85959|
85984|
85985|
85986|
85987|
85988|
85989|
85990|
85991|
86016|
86017|
86018|
86019|
86020|
86021|
86022|
86023|
86048|
86049|
86050|
86051|
86052|
86053|
86054|
86055|
86080|
86081|
86082|
86083|
86084|
86085|
86086|
86087|
86112|
86113|
86114|
86115|
86116|
86117|
86118|
86119|
86144|
86145|
86146|
86147|
86148|
86149|
86150|
86151|
86176|
86177|
86178|
86179|
86180|
86181|
86182|
86183|
86208|
86209|
86210|
86211|
86212|
86213|
86214|
86215|
86240|
86241|
86242|
86243|
86244|
86245|
86246|
86247|
86272|
86273|
86274|
86275|
86276|
86277|
86278|
86279|
86304|
86305|
86306|
86307|
86308|
86309|
86310|
86311|
86336|
86337|
86338|
86339|
86340|
86341|
86342|
86343|
86368|
86369|
86370|
86371|
86372|
86373|
86374|
86375|
86400|
86401|
86402|
86403|
86404|
86405|
86406|
86407|
86432|
86433|
86434|
86435|
86436|
86437|
86438|
86439|
86464|
86465|
86466|
86467|
86468|
86469|
86470|
86471|
86496|
86497|
86498|
86499|
86500|
86501|
86502|
86503|
86528|
86529|
86530|
86531|
86532|
86533|
86534|
86535|
86560|
86561|
86562|
86563|
86564|
86565|
86566|
86567|
86592|
86593|
86594|
86595|
86596|
86597|
86598|
86599|
86624|
86625|
86626|
86627|
86628|
86629|
86630|
86631|
86656|
86657|
86658|
86659|
86660|
86661|
86662|
86663|
86688|
86689|
86690|
86691|
86692|
86693|
86694|
86695|
86720|
86721|
86722|
86723|
86724|
86725|
86726|
86727|
86752|
86753|
86754|
86755|
86756|
86757|
86758|
86759|
86784|
86785|
86786|
86787|
86788|
86789|
86790|
86791|
86816|
86817|
86818|
86819|
86820|
86821|
86822|
86823|
86848|
86849|
86850|
86851|
86852|
86853|
86854|
86855|
86880|
86881|
86882|
86883|
86884|
86885|
86886|
86887|
86912|
86913|
86914|
86915|
86916|
86917|
86918|
86919|
86944|
86945|
86946|
86947|
86948|
86949|
86950|
86951|
86976|
86977|
86978|
86979|
86980|
86981|
86982|
86983|
87008|
87009|
87010|
87011|
87012|
87013|
87014|
87015|
87040|
87041|
87042|
87043|
87044|
87045|
87046|
87047|
87072|
87073|
87074|
87075|
87076|
87077|
87078|
87079|
87104|
87105|
87106|
87107|
87108|
87109|
87110|
87111|
87136|
87137|
87138|
87139|
87140|
87141|
87142|
87143|
87168|
87169|
87170|
87171|
87172|
87173|
87174|
87175|
87200|
87201|
87202|
87203|
87204|
87205|
87206|
87207|
87232|
87233|
87234|
87235|
87236|
87237|
87238|
87239|
87264|
87265|
87266|
87267|
87268|
87269|
87270|
87271|
87296|
87297|
87298|
87299|
87300|
87301|
87302|
87303|
87328|
87329|
87330|
87331|
87332|
87333|
87334|
87335|
87360|
87361|
87362|
87363|
87364|
87365|
87366|
87367|
87392|
87393|
87394|
87395|
87396|
87397|
87398|
87399|
87424|
87425|
87426|
87427|
87428|
87429|
87430|
87431|
87456|
87457|
87458|
87459|
87460|
87461|
87462|
87463|
87488|
87489|
87490|
87491|
87492|
87493|
87494|
87495|
87520|
87521|
87522|
87523|
87524|
87525|
87526|
87527|
87552|
87553|
87554|
87555|
87556|
87557|
87558|
87559|
87584|
87585|
87586|
87587|
87588|
87589|
87590|
87591|
87616|
87617|
87618|
87619|
87620|
87621|
87622|
87623|
87648|
87649|
87650|
87651|
87652|
87653|
87654|
87655|
87680|
87681|
87682|
87683|
87684|
87685|
87686|
87687|
87712|
87713|
87714|
87715|
87716|
87717|
87718|
87719|
87744|
87745|
87746|
87747|
87748|
87749|
87750|
87751|
87776|
87777|
87778|
87779|
87780|
87781|
87782|
87783|
87808|
87809|
87810|
87811|
87812|
87813|
87814|
87815|
87840|
87841|
87842|
87843|
87844|
87845|
87846|
87847|
87872|
87873|
87874|
87875|
87876|
87877|
87878|
87879|
87904|
87905|
87906|
87907|
87908|
87909|
87910|
87911|
87936|
87937|
87938|
87939|
87940|
87941|
87942|
87943|
87968|
87969|
87970|
87971|
87972|
87973|
87974|
87975|
88000|
88001|
88002|
88003|
88004|
88005|
88006|
88007|
88032|
88033|
88034|
88035|
88036|
88037|
88038|
88039|
88064|
88065|
88066|
88067|
88068|
88069|
88070|
88071|
88096|
88097|
88098|
88099|
88100|
88101|
88102|
88103|
88128|
88129|
88130|
88131|
88132|
88133|
88134|
88135|
88160|
88161|
88162|
88163|
88164|
88165|
88166|
88167|
88192|
88193|
88194|
88195|
88196|
88197|
88198|
88199|
88224|
88225|
88226|
88227|
88228|
88229|
88230|
88231|
88256|
88257|
88258|
88259|
88260|
88261|
88262|
88263|
88288|
88289|
88290|
88291|
88292|
88293|
88294|
88295|
88320|
88321|
88322|
88323|
88324|
88325|
88326|
88327|
88352|
88353|
88354|
88355|
88356|
88357|
88358|
88359|
88384|
88385|
88386|
88387|
88388|
88389|
88390|
88391|
88416|
88417|
88418|
88419|
88420|
88421|
88422|
88423|
88448|
88449|
88450|
88451|
88452|
88453|
88454|
88455|
88480|
88481|
88482|
88483|
88484|
88485|
88486|
88487|
88512|
88513|
88514|
88515|
88516|
88517|
88518|
88519|
88544|
88545|
88546|
88547|
88548|
88549|
88550|
88551|
88576|
88577|
88578|
88579|
88580|
88581|
88582|
88583|
88608|
88609|
88610|
88611|
88612|
88613|
88614|
88615|
88640|
88641|
88642|
88643|
88644|
88645|
88646|
88647|
88672|
88673|
88674|
88675|
88676|
88677|
88678|
88679|
88704|
88705|
88706|
88707|
88708|
88709|
88710|
88711|
88736|
88737|
88738|
88739|
88740|
88741|
88742|
88743|
88768|
88769|
88770|
88771|
88772|
88773|
88774|
88775|
88800|
88801|
88802|
88803|
88804|
88805|
88806|
88807|
88832|
88833|
88834|
88835|
88836|
88837|
88838|
88839|
88864|
88865|
88866|
88867|
88868|
88869|
88870|
88871|
88896|
88897|
88898|
88899|
88900|
88901|
88902|
88903|
88928|
88929|
88930|
88931|
88932|
88933|
88934|
88935|
88960|
88961|
88962|
88963|
88964|
88965|
88966|
88967|
88992|
88993|
88994|
88995|
88996|
88997|
88998|
88999|
89024|
89025|
89026|
89027|
89028|
89029|
89030|
89031|
89056|
89057|
89058|
89059|
89060|
89061|
89062|
89063|
89088|
89089|
89090|
89091|
89092|
89093|
89094|
89095|
89120|
89121|
89122|
89123|
89124|
89125|
89126|
89127|
89152|
89153|
89154|
89155|
89156|
89157|
89158|
89159|
89184|
89185|
89186|
89187|
89188|
89189|
89190|
89191|
89216|
89217|
89218|
89219|
89220|
89221|
89222|
89223|
89248|
89249|
89250|
89251|
89252|
89253|
89254|
89255|
89280|
89281|
89282|
89283|
89284|
89285|
89286|
89287|
89312|
89313|
89314|
89315|
89316|
89317|
89318|
89319|
89344|
89345|
89346|
89347|
89348|
89349|
89350|
89351|
89376|
89377|
89378|
89379|
89380|
89381|
89382|
89383|
89408|
89409|
89410|
89411|
89412|
89413|
89414|
89415|
89440|
89441|
89442|
89443|
89444|
89445|
89446|
89447|
89472|
89473|
89474|
89475|
89476|
89477|
89478|
89479|
89504|
89505|
89506|
89507|
89508|
89509|
89510|
89511|
89536|
89537|
89538|
89539|
89540|
89541|
89542|
89543|
89568|
89569|
89570|
89571|
89572|
89573|
89574|
89575|
89600|
89601|
89602|
89603|
89604|
89605|
89606|
89607|
89632|
89633|
89634|
89635|
89636|
89637|
89638|
89639|
89664|
89665|
89666|
89667|
89668|
89669|
89670|
89671|
89696|
89697|
89698|
89699|
89700|
89701|
89702|
89703|
89728|
89729|
89730|
89731|
89732|
89733|
89734|
89735|
89760|
89761|
89762|
89763|
89764|
89765|
89766|
89767|
89792|
89793|
89794|
89795|
89796|
89797|
89798|
89799|
89824|
89825|
89826|
89827|
89828|
89829|
89830|
89831|
89856|
89857|
89858|
89859|
89860|
89861|
89862|
89863|
89888|
89889|
89890|
89891|
89892|
89893|
89894|
89895|
89920|
89921|
89922|
89923|
89924|
89925|
89926|
89927|
89952|
89953|
89954|
89955|
89956|
89957|
89958|
89959|
89984|
89985|
89986|
89987|
89988|
