1080001|
1080002|
1080003|
1080004|
1080005|
1080006|
1080007|
1080032|
1080033|
1080034|
1080035|
1080036|
1080037|
1080038|
1080039|
1080064|
1080065|
1080066|
1080067|
1080068|
1080069|
1080070|
1080071|
1080096|
1080097|
1080098|
1080099|
1080100|
1080101|
1080102|
1080103|
1080128|
1080129|
1080130|
1080131|
1080132|
1080133|
1080134|
1080135|
1080160|
1080161|
1080162|
1080163|
1080164|
1080165|
1080166|
1080167|
1080192|
1080193|
1080194|
1080195|
1080196|
1080197|
1080198|
1080199|
1080224|
1080225|
1080226|
1080227|
1080228|
1080229|
1080230|
1080231|
1080256|
1080257|
1080258|
1080259|
1080260|
1080261|
1080262|
1080263|
1080288|
1080289|
1080290|
1080291|
1080292|
1080293|
1080294|
1080295|
1080320|
1080321|
1080322|
1080323|
1080324|
1080325|
1080326|
1080327|
1080352|
1080353|
1080354|
1080355|
1080356|
1080357|
1080358|
1080359|
1080384|
1080385|
1080386|
1080387|
1080388|
1080389|
1080390|
1080391|
1080416|
1080417|
1080418|
1080419|
1080420|
1080421|
1080422|
1080423|
1080448|
1080449|
1080450|
1080451|
1080452|
1080453|
1080454|
1080455|
1080480|
1080481|
1080482|
1080483|
1080484|
1080485|
1080486|
1080487|
1080512|
1080513|
1080514|
1080515|
1080516|
1080517|
1080518|
1080519|
1080544|
1080545|
1080546|
1080547|
1080548|
1080549|
1080550|
1080551|
1080576|
1080577|
1080578|
1080579|
1080580|
1080581|
1080582|
1080583|
1080608|
1080609|
1080610|
1080611|
1080612|
1080613|
1080614|
1080615|
1080640|
1080641|
1080642|
1080643|
1080644|
1080645|
1080646|
1080647|
1080672|
1080673|
1080674|
1080675|
1080676|
1080677|
1080678|
1080679|
1080704|
1080705|
1080706|
1080707|
1080708|
1080709|
1080710|
1080711|
1080736|
1080737|
1080738|
1080739|
1080740|
1080741|
1080742|
1080743|
1080768|
1080769|
1080770|
1080771|
1080772|
1080773|
1080774|
1080775|
1080800|
1080801|
1080802|
1080803|
1080804|
1080805|
1080806|
1080807|
1080832|
1080833|
1080834|
1080835|
1080836|
1080837|
1080838|
1080839|
1080864|
1080865|
1080866|
1080867|
1080868|
1080869|
1080870|
1080871|
1080896|
1080897|
1080898|
1080899|
1080900|
1080901|
1080902|
1080903|
1080928|
1080929|
1080930|
1080931|
1080932|
1080933|
1080934|
1080935|
1080960|
1080961|
1080962|
1080963|
1080964|
1080965|
1080966|
1080967|
1080992|
1080993|
1080994|
1080995|
1080996|
1080997|
1080998|
1080999|
1081024|
1081025|
1081026|
1081027|
1081028|
1081029|
1081030|
1081031|
1081056|
1081057|
1081058|
1081059|
1081060|
1081061|
1081062|
1081063|
1081088|
1081089|
1081090|
1081091|
1081092|
1081093|
1081094|
1081095|
1081120|
1081121|
1081122|
1081123|
1081124|
1081125|
1081126|
1081127|
1081152|
1081153|
1081154|
1081155|
1081156|
1081157|
1081158|
1081159|
1081184|
1081185|
1081186|
1081187|
1081188|
1081189|
1081190|
1081191|
1081216|
1081217|
1081218|
1081219|
1081220|
1081221|
1081222|
1081223|
1081248|
1081249|
1081250|
1081251|
1081252|
1081253|
1081254|
1081255|
1081280|
1081281|
1081282|
1081283|
1081284|
1081285|
1081286|
1081287|
1081312|
1081313|
1081314|
1081315|
1081316|
1081317|
1081318|
1081319|
1081344|
1081345|
1081346|
1081347|
1081348|
1081349|
1081350|
1081351|
1081376|
1081377|
1081378|
1081379|
1081380|
1081381|
1081382|
1081383|
1081408|
1081409|
1081410|
1081411|
1081412|
1081413|
1081414|
1081415|
1081440|
1081441|
1081442|
1081443|
1081444|
1081445|
1081446|
1081447|
1081472|
1081473|
1081474|
1081475|
1081476|
1081477|
1081478|
1081479|
1081504|
1081505|
1081506|
1081507|
1081508|
1081509|
1081510|
1081511|
1081536|
1081537|
1081538|
1081539|
1081540|
1081541|
1081542|
1081543|
1081568|
1081569|
1081570|
1081571|
1081572|
1081573|
1081574|
1081575|
1081600|
1081601|
1081602|
1081603|
1081604|
1081605|
1081606|
1081607|
1081632|
1081633|
1081634|
1081635|
1081636|
1081637|
1081638|
1081639|
1081664|
1081665|
1081666|
1081667|
1081668|
1081669|
1081670|
1081671|
1081696|
1081697|
1081698|
1081699|
1081700|
1081701|
1081702|
1081703|
1081728|
1081729|
1081730|
1081731|
1081732|
1081733|
1081734|
1081735|
1081760|
1081761|
1081762|
1081763|
1081764|
1081765|
1081766|
1081767|
1081792|
1081793|
1081794|
1081795|
1081796|
1081797|
1081798|
1081799|
1081824|
1081825|
1081826|
1081827|
1081828|
1081829|
1081830|
1081831|
1081856|
1081857|
1081858|
1081859|
1081860|
1081861|
1081862|
1081863|
1081888|
1081889|
1081890|
1081891|
1081892|
1081893|
1081894|
1081895|
1081920|
1081921|
1081922|
1081923|
1081924|
1081925|
1081926|
1081927|
1081952|
1081953|
1081954|
1081955|
1081956|
1081957|
1081958|
1081959|
1081984|
1081985|
1081986|
1081987|
1081988|
1081989|
1081990|
1081991|
1082016|
1082017|
1082018|
1082019|
1082020|
1082021|
1082022|
1082023|
1082048|
1082049|
1082050|
1082051|
1082052|
1082053|
1082054|
1082055|
1082080|
1082081|
1082082|
1082083|
1082084|
1082085|
1082086|
1082087|
1082112|
1082113|
1082114|
1082115|
1082116|
1082117|
1082118|
1082119|
1082144|
1082145|
1082146|
1082147|
1082148|
1082149|
1082150|
1082151|
1082176|
1082177|
1082178|
1082179|
1082180|
1082181|
1082182|
1082183|
1082208|
1082209|
1082210|
1082211|
1082212|
1082213|
1082214|
1082215|
1082240|
1082241|
1082242|
1082243|
1082244|
1082245|
1082246|
1082247|
1082272|
1082273|
1082274|
1082275|
1082276|
1082277|
1082278|
1082279|
1082304|
1082305|
1082306|
1082307|
1082308|
1082309|
1082310|
1082311|
1082336|
1082337|
1082338|
1082339|
1082340|
1082341|
1082342|
1082343|
1082368|
1082369|
1082370|
1082371|
1082372|
1082373|
1082374|
1082375|
1082400|
1082401|
1082402|
1082403|
1082404|
1082405|
1082406|
1082407|
1082432|
1082433|
1082434|
1082435|
1082436|
1082437|
1082438|
1082439|
1082464|
1082465|
1082466|
1082467|
1082468|
1082469|
1082470|
1082471|
1082496|
1082497|
1082498|
1082499|
1082500|
1082501|
1082502|
1082503|
1082528|
1082529|
1082530|
1082531|
1082532|
1082533|
1082534|
1082535|
1082560|
1082561|
1082562|
1082563|
1082564|
1082565|
1082566|
1082567|
1082592|
1082593|
1082594|
1082595|
1082596|
1082597|
1082598|
1082599|
1082624|
1082625|
1082626|
1082627|
1082628|
1082629|
1082630|
1082631|
1082656|
1082657|
1082658|
1082659|
1082660|
1082661|
1082662|
1082663|
1082688|
1082689|
1082690|
1082691|
1082692|
1082693|
1082694|
1082695|
1082720|
1082721|
1082722|
1082723|
1082724|
1082725|
1082726|
1082727|
1082752|
1082753|
1082754|
1082755|
1082756|
1082757|
1082758|
1082759|
1082784|
1082785|
1082786|
1082787|
1082788|
1082789|
1082790|
1082791|
1082816|
1082817|
1082818|
1082819|
1082820|
1082821|
1082822|
1082823|
1082848|
1082849|
1082850|
1082851|
1082852|
1082853|
1082854|
1082855|
1082880|
1082881|
1082882|
1082883|
1082884|
1082885|
1082886|
1082887|
1082912|
1082913|
1082914|
1082915|
1082916|
1082917|
1082918|
1082919|
1082944|
1082945|
1082946|
1082947|
1082948|
1082949|
1082950|
1082951|
1082976|
1082977|
1082978|
1082979|
1082980|
1082981|
1082982|
1082983|
1083008|
1083009|
1083010|
1083011|
1083012|
1083013|
1083014|
1083015|
1083040|
1083041|
1083042|
1083043|
1083044|
1083045|
1083046|
1083047|
1083072|
1083073|
1083074|
1083075|
1083076|
1083077|
1083078|
1083079|
1083104|
1083105|
1083106|
1083107|
1083108|
1083109|
1083110|
1083111|
1083136|
1083137|
1083138|
1083139|
1083140|
1083141|
1083142|
1083143|
1083168|
1083169|
1083170|
1083171|
1083172|
1083173|
1083174|
1083175|
1083200|
1083201|
1083202|
1083203|
1083204|
1083205|
1083206|
1083207|
1083232|
1083233|
1083234|
1083235|
1083236|
1083237|
1083238|
1083239|
1083264|
1083265|
1083266|
1083267|
1083268|
1083269|
1083270|
1083271|
1083296|
1083297|
1083298|
1083299|
1083300|
1083301|
1083302|
1083303|
1083328|
1083329|
1083330|
1083331|
1083332|
1083333|
1083334|
1083335|
1083360|
1083361|
1083362|
1083363|
1083364|
1083365|
1083366|
1083367|
1083392|
1083393|
1083394|
1083395|
1083396|
1083397|
1083398|
1083399|
1083424|
1083425|
1083426|
1083427|
1083428|
1083429|
1083430|
1083431|
1083456|
1083457|
1083458|
1083459|
1083460|
1083461|
1083462|
1083463|
1083488|
1083489|
1083490|
1083491|
1083492|
1083493|
1083494|
1083495|
1083520|
1083521|
1083522|
1083523|
1083524|
1083525|
1083526|
1083527|
1083552|
1083553|
1083554|
1083555|
1083556|
1083557|
1083558|
1083559|
1083584|
1083585|
1083586|
1083587|
1083588|
1083589|
1083590|
1083591|
1083616|
1083617|
1083618|
1083619|
1083620|
1083621|
1083622|
1083623|
1083648|
1083649|
1083650|
1083651|
1083652|
1083653|
1083654|
1083655|
1083680|
1083681|
1083682|
1083683|
1083684|
1083685|
1083686|
1083687|
1083712|
1083713|
1083714|
1083715|
1083716|
1083717|
1083718|
1083719|
1083744|
1083745|
1083746|
1083747|
1083748|
1083749|
1083750|
1083751|
1083776|
1083777|
1083778|
1083779|
1083780|
1083781|
1083782|
1083783|
1083808|
1083809|
1083810|
1083811|
1083812|
1083813|
1083814|
1083815|
1083840|
1083841|
1083842|
1083843|
1083844|
1083845|
1083846|
1083847|
1083872|
1083873|
1083874|
1083875|
1083876|
1083877|
1083878|
1083879|
1083904|
1083905|
1083906|
1083907|
1083908|
1083909|
1083910|
1083911|
1083936|
1083937|
1083938|
1083939|
1083940|
1083941|
1083942|
1083943|
1083968|
1083969|
1083970|
1083971|
1083972|
1083973|
1083974|
1083975|
1084000|
1084001|
1084002|
1084003|
1084004|
1084005|
1084006|
1084007|
1084032|
1084033|
1084034|
1084035|
1084036|
1084037|
1084038|
1084039|
1084064|
1084065|
1084066|
1084067|
1084068|
1084069|
1084070|
1084071|
1084096|
1084097|
1084098|
1084099|
1084100|
1084101|
1084102|
1084103|
1084128|
1084129|
1084130|
1084131|
1084132|
1084133|
1084134|
1084135|
1084160|
1084161|
1084162|
1084163|
1084164|
1084165|
1084166|
1084167|
1084192|
1084193|
1084194|
1084195|
1084196|
1084197|
1084198|
1084199|
1084224|
1084225|
1084226|
1084227|
1084228|
1084229|
1084230|
1084231|
1084256|
1084257|
1084258|
1084259|
1084260|
1084261|
1084262|
1084263|
1084288|
1084289|
1084290|
1084291|
1084292|
1084293|
1084294|
1084295|
1084320|
1084321|
1084322|
1084323|
1084324|
1084325|
1084326|
1084327|
1084352|
1084353|
1084354|
1084355|
1084356|
1084357|
1084358|
1084359|
1084384|
1084385|
1084386|
1084387|
1084388|
1084389|
1084390|
1084391|
1084416|
1084417|
1084418|
1084419|
1084420|
1084421|
1084422|
1084423|
1084448|
1084449|
1084450|
1084451|
1084452|
1084453|
1084454|
1084455|
1084480|
1084481|
1084482|
1084483|
1084484|
1084485|
1084486|
1084487|
1084512|
1084513|
1084514|
1084515|
1084516|
1084517|
1084518|
1084519|
1084544|
1084545|
1084546|
1084547|
1084548|
1084549|
1084550|
1084551|
1084576|
1084577|
1084578|
1084579|
1084580|
1084581|
1084582|
1084583|
1084608|
1084609|
1084610|
1084611|
1084612|
1084613|
1084614|
1084615|
1084640|
1084641|
1084642|
1084643|
1084644|
1084645|
1084646|
1084647|
1084672|
1084673|
1084674|
1084675|
1084676|
1084677|
1084678|
1084679|
1084704|
1084705|
1084706|
1084707|
1084708|
1084709|
1084710|
1084711|
1084736|
1084737|
1084738|
1084739|
1084740|
1084741|
1084742|
1084743|
1084768|
1084769|
1084770|
1084771|
1084772|
1084773|
1084774|
1084775|
1084800|
1084801|
1084802|
1084803|
1084804|
1084805|
1084806|
1084807|
1084832|
1084833|
1084834|
1084835|
1084836|
1084837|
1084838|
1084839|
1084864|
1084865|
1084866|
1084867|
1084868|
1084869|
1084870|
1084871|
1084896|
1084897|
1084898|
1084899|
1084900|
1084901|
1084902|
1084903|
1084928|
1084929|
1084930|
1084931|
1084932|
1084933|
1084934|
1084935|
1084960|
1084961|
1084962|
1084963|
1084964|
1084965|
1084966|
1084967|
1084992|
1084993|
1084994|
1084995|
1084996|
1084997|
1084998|
1084999|
1085024|
1085025|
1085026|
1085027|
1085028|
1085029|
1085030|
1085031|
1085056|
1085057|
1085058|
1085059|
1085060|
1085061|
1085062|
1085063|
1085088|
1085089|
1085090|
1085091|
1085092|
1085093|
1085094|
1085095|
1085120|
1085121|
1085122|
1085123|
1085124|
1085125|
1085126|
1085127|
1085152|
1085153|
1085154|
1085155|
1085156|
1085157|
1085158|
1085159|
1085184|
1085185|
1085186|
1085187|
1085188|
1085189|
1085190|
1085191|
1085216|
1085217|
1085218|
1085219|
1085220|
1085221|
1085222|
1085223|
1085248|
1085249|
1085250|
1085251|
1085252|
1085253|
1085254|
1085255|
1085280|
1085281|
1085282|
1085283|
1085284|
1085285|
1085286|
1085287|
1085312|
1085313|
1085314|
1085315|
1085316|
1085317|
1085318|
1085319|
1085344|
1085345|
1085346|
1085347|
1085348|
1085349|
1085350|
1085351|
1085376|
1085377|
1085378|
1085379|
1085380|
1085381|
1085382|
1085383|
1085408|
1085409|
1085410|
1085411|
1085412|
1085413|
1085414|
1085415|
1085440|
1085441|
1085442|
1085443|
1085444|
1085445|
1085446|
1085447|
1085472|
1085473|
1085474|
1085475|
1085476|
1085477|
1085478|
1085479|
1085504|
1085505|
1085506|
1085507|
1085508|
1085509|
1085510|
1085511|
1085536|
1085537|
1085538|
1085539|
1085540|
1085541|
1085542|
1085543|
1085568|
1085569|
1085570|
1085571|
1085572|
1085573|
1085574|
1085575|
1085600|
1085601|
1085602|
1085603|
1085604|
1085605|
1085606|
1085607|
1085632|
1085633|
1085634|
1085635|
1085636|
1085637|
1085638|
1085639|
1085664|
1085665|
1085666|
1085667|
1085668|
1085669|
1085670|
1085671|
1085696|
1085697|
1085698|
1085699|
1085700|
1085701|
1085702|
1085703|
1085728|
1085729|
1085730|
1085731|
1085732|
1085733|
1085734|
1085735|
1085760|
1085761|
1085762|
1085763|
1085764|
1085765|
1085766|
1085767|
1085792|
1085793|
1085794|
1085795|
1085796|
1085797|
1085798|
1085799|
1085824|
1085825|
1085826|
1085827|
1085828|
1085829|
1085830|
1085831|
1085856|
1085857|
1085858|
1085859|
1085860|
1085861|
1085862|
1085863|
1085888|
1085889|
1085890|
1085891|
1085892|
1085893|
1085894|
1085895|
1085920|
1085921|
1085922|
1085923|
1085924|
1085925|
1085926|
1085927|
1085952|
1085953|
1085954|
1085955|
1085956|
1085957|
1085958|
1085959|
1085984|
1085985|
1085986|
1085987|
1085988|
