2189989|
2189990|
2189991|
2190016|
2190017|
2190018|
2190019|
2190020|
2190021|
2190022|
2190023|
2190048|
2190049|
2190050|
2190051|
2190052|
2190053|
2190054|
2190055|
2190080|
2190081|
2190082|
2190083|
2190084|
2190085|
2190086|
2190087|
2190112|
2190113|
2190114|
2190115|
2190116|
2190117|
2190118|
2190119|
2190144|
2190145|
2190146|
2190147|
2190148|
2190149|
2190150|
2190151|
2190176|
2190177|
2190178|
2190179|
2190180|
2190181|
2190182|
2190183|
2190208|
2190209|
2190210|
2190211|
2190212|
2190213|
2190214|
2190215|
2190240|
2190241|
2190242|
2190243|
2190244|
2190245|
2190246|
2190247|
2190272|
2190273|
2190274|
2190275|
2190276|
2190277|
2190278|
2190279|
2190304|
2190305|
2190306|
2190307|
2190308|
2190309|
2190310|
2190311|
2190336|
2190337|
2190338|
2190339|
2190340|
2190341|
2190342|
2190343|
2190368|
2190369|
2190370|
2190371|
2190372|
2190373|
2190374|
2190375|
2190400|
2190401|
2190402|
2190403|
2190404|
2190405|
2190406|
2190407|
2190432|
2190433|
2190434|
2190435|
2190436|
2190437|
2190438|
2190439|
2190464|
2190465|
2190466|
2190467|
2190468|
2190469|
2190470|
2190471|
2190496|
2190497|
2190498|
2190499|
2190500|
2190501|
2190502|
2190503|
2190528|
2190529|
2190530|
2190531|
2190532|
2190533|
2190534|
2190535|
2190560|
2190561|
2190562|
2190563|
2190564|
2190565|
2190566|
2190567|
2190592|
2190593|
2190594|
2190595|
2190596|
2190597|
2190598|
2190599|
2190624|
2190625|
2190626|
2190627|
2190628|
2190629|
2190630|
2190631|
2190656|
2190657|
2190658|
2190659|
2190660|
2190661|
2190662|
2190663|
2190688|
2190689|
2190690|
2190691|
2190692|
2190693|
2190694|
2190695|
2190720|
2190721|
2190722|
2190723|
2190724|
2190725|
2190726|
2190727|
2190752|
2190753|
2190754|
2190755|
2190756|
2190757|
2190758|
2190759|
2190784|
2190785|
2190786|
2190787|
2190788|
2190789|
2190790|
2190791|
2190816|
2190817|
2190818|
2190819|
2190820|
2190821|
2190822|
2190823|
2190848|
2190849|
2190850|
2190851|
2190852|
2190853|
2190854|
2190855|
2190880|
2190881|
2190882|
2190883|
2190884|
2190885|
2190886|
2190887|
2190912|
2190913|
2190914|
2190915|
2190916|
2190917|
2190918|
2190919|
2190944|
2190945|
2190946|
2190947|
2190948|
2190949|
2190950|
2190951|
2190976|
2190977|
2190978|
2190979|
2190980|
2190981|
2190982|
2190983|
2191008|
2191009|
2191010|
2191011|
2191012|
2191013|
2191014|
2191015|
2191040|
2191041|
2191042|
2191043|
2191044|
2191045|
2191046|
2191047|
2191072|
2191073|
2191074|
2191075|
2191076|
2191077|
2191078|
2191079|
2191104|
2191105|
2191106|
2191107|
2191108|
2191109|
2191110|
2191111|
2191136|
2191137|
2191138|
2191139|
2191140|
2191141|
2191142|
2191143|
2191168|
2191169|
2191170|
2191171|
2191172|
2191173|
2191174|
2191175|
2191200|
2191201|
2191202|
2191203|
2191204|
2191205|
2191206|
2191207|
2191232|
2191233|
2191234|
2191235|
2191236|
2191237|
2191238|
2191239|
2191264|
2191265|
2191266|
2191267|
2191268|
2191269|
2191270|
2191271|
2191296|
2191297|
2191298|
2191299|
2191300|
2191301|
2191302|
2191303|
2191328|
2191329|
2191330|
2191331|
2191332|
2191333|
2191334|
2191335|
2191360|
2191361|
2191362|
2191363|
2191364|
2191365|
2191366|
2191367|
2191392|
2191393|
2191394|
2191395|
2191396|
2191397|
2191398|
2191399|
2191424|
2191425|
2191426|
2191427|
2191428|
2191429|
2191430|
2191431|
2191456|
2191457|
2191458|
2191459|
2191460|
2191461|
2191462|
2191463|
2191488|
2191489|
2191490|
2191491|
2191492|
2191493|
2191494|
2191495|
2191520|
2191521|
2191522|
2191523|
2191524|
2191525|
2191526|
2191527|
2191552|
2191553|
2191554|
2191555|
2191556|
2191557|
2191558|
2191559|
2191584|
2191585|
2191586|
2191587|
2191588|
2191589|
2191590|
2191591|
2191616|
2191617|
2191618|
2191619|
2191620|
2191621|
2191622|
2191623|
2191648|
2191649|
2191650|
2191651|
2191652|
2191653|
2191654|
2191655|
2191680|
2191681|
2191682|
2191683|
2191684|
2191685|
2191686|
2191687|
2191712|
2191713|
2191714|
2191715|
2191716|
2191717|
2191718|
2191719|
2191744|
2191745|
2191746|
2191747|
2191748|
2191749|
2191750|
2191751|
2191776|
2191777|
2191778|
2191779|
2191780|
2191781|
2191782|
2191783|
2191808|
2191809|
2191810|
2191811|
2191812|
2191813|
2191814|
2191815|
2191840|
2191841|
2191842|
2191843|
2191844|
2191845|
2191846|
2191847|
2191872|
2191873|
2191874|
2191875|
2191876|
2191877|
2191878|
2191879|
2191904|
2191905|
2191906|
2191907|
2191908|
2191909|
2191910|
2191911|
2191936|
2191937|
2191938|
2191939|
2191940|
2191941|
2191942|
2191943|
2191968|
2191969|
2191970|
2191971|
2191972|
2191973|
2191974|
2191975|
2192000|
2192001|
2192002|
2192003|
2192004|
2192005|
2192006|
2192007|
2192032|
2192033|
2192034|
2192035|
2192036|
2192037|
2192038|
2192039|
2192064|
2192065|
2192066|
2192067|
2192068|
2192069|
2192070|
2192071|
2192096|
2192097|
2192098|
2192099|
2192100|
2192101|
2192102|
2192103|
2192128|
2192129|
2192130|
2192131|
2192132|
2192133|
2192134|
2192135|
2192160|
2192161|
2192162|
2192163|
2192164|
2192165|
2192166|
2192167|
2192192|
2192193|
2192194|
2192195|
2192196|
2192197|
2192198|
2192199|
2192224|
2192225|
2192226|
2192227|
2192228|
2192229|
2192230|
2192231|
2192256|
2192257|
2192258|
2192259|
2192260|
2192261|
2192262|
2192263|
2192288|
2192289|
2192290|
2192291|
2192292|
2192293|
2192294|
2192295|
2192320|
2192321|
2192322|
2192323|
2192324|
2192325|
2192326|
2192327|
2192352|
2192353|
2192354|
2192355|
2192356|
2192357|
2192358|
2192359|
2192384|
2192385|
2192386|
2192387|
2192388|
2192389|
2192390|
2192391|
2192416|
2192417|
2192418|
2192419|
2192420|
2192421|
2192422|
2192423|
2192448|
2192449|
2192450|
2192451|
2192452|
2192453|
2192454|
2192455|
2192480|
2192481|
2192482|
2192483|
2192484|
2192485|
2192486|
2192487|
2192512|
2192513|
2192514|
2192515|
2192516|
2192517|
2192518|
2192519|
2192544|
2192545|
2192546|
2192547|
2192548|
2192549|
2192550|
2192551|
2192576|
2192577|
2192578|
2192579|
2192580|
2192581|
2192582|
2192583|
2192608|
2192609|
2192610|
2192611|
2192612|
2192613|
2192614|
2192615|
2192640|
2192641|
2192642|
2192643|
2192644|
2192645|
2192646|
2192647|
2192672|
2192673|
2192674|
2192675|
2192676|
2192677|
2192678|
2192679|
2192704|
2192705|
2192706|
2192707|
2192708|
2192709|
2192710|
2192711|
2192736|
2192737|
2192738|
2192739|
2192740|
2192741|
2192742|
2192743|
2192768|
2192769|
2192770|
2192771|
2192772|
2192773|
2192774|
2192775|
2192800|
2192801|
2192802|
2192803|
2192804|
2192805|
2192806|
2192807|
2192832|
2192833|
2192834|
2192835|
2192836|
2192837|
2192838|
2192839|
2192864|
2192865|
2192866|
2192867|
2192868|
2192869|
2192870|
2192871|
2192896|
2192897|
2192898|
2192899|
2192900|
2192901|
2192902|
2192903|
2192928|
2192929|
2192930|
2192931|
2192932|
2192933|
2192934|
2192935|
2192960|
2192961|
2192962|
2192963|
2192964|
2192965|
2192966|
2192967|
2192992|
2192993|
2192994|
2192995|
2192996|
2192997|
2192998|
2192999|
2193024|
2193025|
2193026|
2193027|
2193028|
2193029|
2193030|
2193031|
2193056|
2193057|
2193058|
2193059|
2193060|
2193061|
2193062|
2193063|
2193088|
2193089|
2193090|
2193091|
2193092|
2193093|
2193094|
2193095|
2193120|
2193121|
2193122|
2193123|
2193124|
2193125|
2193126|
2193127|
2193152|
2193153|
2193154|
2193155|
2193156|
2193157|
2193158|
2193159|
2193184|
2193185|
2193186|
2193187|
2193188|
2193189|
2193190|
2193191|
2193216|
2193217|
2193218|
2193219|
2193220|
2193221|
2193222|
2193223|
2193248|
2193249|
2193250|
2193251|
2193252|
2193253|
2193254|
2193255|
2193280|
2193281|
2193282|
2193283|
2193284|
2193285|
2193286|
2193287|
2193312|
2193313|
2193314|
2193315|
2193316|
2193317|
2193318|
2193319|
2193344|
2193345|
2193346|
2193347|
2193348|
2193349|
2193350|
2193351|
2193376|
2193377|
2193378|
2193379|
2193380|
2193381|
2193382|
2193383|
2193408|
2193409|
2193410|
2193411|
2193412|
2193413|
2193414|
2193415|
2193440|
2193441|
2193442|
2193443|
2193444|
2193445|
2193446|
2193447|
2193472|
2193473|
2193474|
2193475|
2193476|
2193477|
2193478|
2193479|
2193504|
2193505|
2193506|
2193507|
2193508|
2193509|
2193510|
2193511|
2193536|
2193537|
2193538|
2193539|
2193540|
2193541|
2193542|
2193543|
2193568|
2193569|
2193570|
2193571|
2193572|
2193573|
2193574|
2193575|
2193600|
2193601|
2193602|
2193603|
2193604|
2193605|
2193606|
2193607|
2193632|
2193633|
2193634|
2193635|
2193636|
2193637|
2193638|
2193639|
2193664|
2193665|
2193666|
2193667|
2193668|
2193669|
2193670|
2193671|
2193696|
2193697|
2193698|
2193699|
2193700|
2193701|
2193702|
2193703|
2193728|
2193729|
2193730|
2193731|
2193732|
2193733|
2193734|
2193735|
2193760|
2193761|
2193762|
2193763|
2193764|
2193765|
2193766|
2193767|
2193792|
2193793|
2193794|
2193795|
2193796|
2193797|
2193798|
2193799|
2193824|
2193825|
2193826|
2193827|
2193828|
2193829|
2193830|
2193831|
2193856|
2193857|
2193858|
2193859|
2193860|
2193861|
2193862|
2193863|
2193888|
2193889|
2193890|
2193891|
2193892|
2193893|
2193894|
2193895|
2193920|
2193921|
2193922|
2193923|
2193924|
2193925|
2193926|
2193927|
2193952|
2193953|
2193954|
2193955|
2193956|
2193957|
2193958|
2193959|
2193984|
2193985|
2193986|
2193987|
2193988|
2193989|
2193990|
2193991|
2194016|
2194017|
2194018|
2194019|
2194020|
2194021|
2194022|
2194023|
2194048|
2194049|
2194050|
2194051|
2194052|
2194053|
2194054|
2194055|
2194080|
2194081|
2194082|
2194083|
2194084|
2194085|
2194086|
2194087|
2194112|
2194113|
2194114|
2194115|
2194116|
2194117|
2194118|
2194119|
2194144|
2194145|
2194146|
2194147|
2194148|
2194149|
2194150|
2194151|
2194176|
2194177|
2194178|
2194179|
2194180|
2194181|
2194182|
2194183|
2194208|
2194209|
2194210|
2194211|
2194212|
2194213|
2194214|
2194215|
2194240|
2194241|
2194242|
2194243|
2194244|
2194245|
2194246|
2194247|
2194272|
2194273|
2194274|
2194275|
2194276|
2194277|
2194278|
2194279|
2194304|
2194305|
2194306|
2194307|
2194308|
2194309|
2194310|
2194311|
2194336|
2194337|
2194338|
2194339|
2194340|
2194341|
2194342|
2194343|
2194368|
2194369|
2194370|
2194371|
2194372|
2194373|
2194374|
2194375|
2194400|
2194401|
2194402|
2194403|
2194404|
2194405|
2194406|
2194407|
2194432|
2194433|
2194434|
2194435|
2194436|
2194437|
2194438|
2194439|
2194464|
2194465|
2194466|
2194467|
2194468|
2194469|
2194470|
2194471|
2194496|
2194497|
2194498|
2194499|
2194500|
2194501|
2194502|
2194503|
2194528|
2194529|
2194530|
2194531|
2194532|
2194533|
2194534|
2194535|
2194560|
2194561|
2194562|
2194563|
2194564|
2194565|
2194566|
2194567|
2194592|
2194593|
2194594|
2194595|
2194596|
2194597|
2194598|
2194599|
2194624|
2194625|
2194626|
2194627|
2194628|
2194629|
2194630|
2194631|
2194656|
2194657|
2194658|
2194659|
2194660|
2194661|
2194662|
2194663|
2194688|
2194689|
2194690|
2194691|
2194692|
2194693|
2194694|
2194695|
2194720|
2194721|
2194722|
2194723|
2194724|
2194725|
2194726|
2194727|
2194752|
2194753|
2194754|
2194755|
2194756|
2194757|
2194758|
2194759|
2194784|
2194785|
2194786|
2194787|
2194788|
2194789|
2194790|
2194791|
2194816|
2194817|
2194818|
2194819|
2194820|
2194821|
2194822|
2194823|
2194848|
2194849|
2194850|
2194851|
2194852|
2194853|
2194854|
2194855|
2194880|
2194881|
2194882|
2194883|
2194884|
2194885|
2194886|
2194887|
2194912|
2194913|
2194914|
2194915|
2194916|
2194917|
2194918|
2194919|
2194944|
2194945|
2194946|
2194947|
2194948|
2194949|
2194950|
2194951|
2194976|
2194977|
2194978|
2194979|
2194980|
2194981|
2194982|
2194983|
2195008|
2195009|
2195010|
2195011|
2195012|
2195013|
2195014|
2195015|
2195040|
2195041|
2195042|
2195043|
2195044|
2195045|
2195046|
2195047|
2195072|
2195073|
2195074|
2195075|
2195076|
2195077|
2195078|
2195079|
2195104|
2195105|
2195106|
2195107|
2195108|
2195109|
2195110|
2195111|
2195136|
2195137|
2195138|
2195139|
2195140|
2195141|
2195142|
2195143|
2195168|
2195169|
2195170|
2195171|
2195172|
2195173|
2195174|
2195175|
2195200|
2195201|
2195202|
2195203|
2195204|
2195205|
2195206|
2195207|
2195232|
2195233|
2195234|
2195235|
2195236|
2195237|
2195238|
2195239|
2195264|
2195265|
2195266|
2195267|
2195268|
2195269|
2195270|
2195271|
2195296|
2195297|
2195298|
2195299|
2195300|
2195301|
2195302|
2195303|
2195328|
2195329|
2195330|
2195331|
2195332|
2195333|
2195334|
2195335|
2195360|
2195361|
2195362|
2195363|
2195364|
2195365|
2195366|
2195367|
2195392|
2195393|
2195394|
2195395|
2195396|
2195397|
2195398|
2195399|
2195424|
2195425|
2195426|
2195427|
2195428|
2195429|
2195430|
2195431|
2195456|
2195457|
2195458|
2195459|
2195460|
2195461|
2195462|
2195463|
2195488|
2195489|
2195490|
2195491|
2195492|
2195493|
2195494|
2195495|
2195520|
2195521|
2195522|
2195523|
2195524|
2195525|
2195526|
2195527|
2195552|
2195553|
2195554|
2195555|
2195556|
2195557|
2195558|
2195559|
2195584|
2195585|
2195586|
2195587|
2195588|
2195589|
2195590|
2195591|
2195616|
2195617|
2195618|
2195619|
2195620|
2195621|
2195622|
2195623|
2195648|
2195649|
2195650|
2195651|
2195652|
2195653|
2195654|
2195655|
2195680|
2195681|
2195682|
2195683|
2195684|
2195685|
2195686|
2195687|
2195712|
2195713|
2195714|
2195715|
2195716|
2195717|
2195718|
2195719|
2195744|
2195745|
2195746|
2195747|
2195748|
2195749|
2195750|
2195751|
2195776|
2195777|
2195778|
2195779|
2195780|
2195781|
2195782|
2195783|
2195808|
2195809|
2195810|
2195811|
2195812|
2195813|
2195814|
2195815|
2195840|
2195841|
2195842|
2195843|
2195844|
2195845|
2195846|
2195847|
2195872|
2195873|
2195874|
2195875|
2195876|
2195877|
2195878|
2195879|
2195904|
2195905|
2195906|
2195907|
2195908|
2195909|
2195910|
2195911|
2195936|
2195937|
2195938|
2195939|
2195940|
2195941|
2195942|
2195943|
2195968|
2195969|
2195970|
2195971|
2195972|
2195973|
2195974|
2195975|
2196000|
