65989|
65990|
65991|
66016|
66017|
66018|
66019|
66020|
66021|
66022|
66023|
66048|
66049|
66050|
66051|
66052|
66053|
66054|
66055|
66080|
66081|
66082|
66083|
66084|
66085|
66086|
66087|
66112|
66113|
66114|
66115|
66116|
66117|
66118|
66119|
66144|
66145|
66146|
66147|
66148|
66149|
66150|
66151|
66176|
66177|
66178|
66179|
66180|
66181|
66182|
66183|
66208|
66209|
66210|
66211|
66212|
66213|
66214|
66215|
66240|
66241|
66242|
66243|
66244|
66245|
66246|
66247|
66272|
66273|
66274|
66275|
66276|
66277|
66278|
66279|
66304|
66305|
66306|
66307|
66308|
66309|
66310|
66311|
66336|
66337|
66338|
66339|
66340|
66341|
66342|
66343|
66368|
66369|
66370|
66371|
66372|
66373|
66374|
66375|
66400|
66401|
66402|
66403|
66404|
66405|
66406|
66407|
66432|
66433|
66434|
66435|
66436|
66437|
66438|
66439|
66464|
66465|
66466|
66467|
66468|
66469|
66470|
66471|
66496|
66497|
66498|
66499|
66500|
66501|
66502|
66503|
66528|
66529|
66530|
66531|
66532|
66533|
66534|
66535|
66560|
66561|
66562|
66563|
66564|
66565|
66566|
66567|
66592|
66593|
66594|
66595|
66596|
66597|
66598|
66599|
66624|
66625|
66626|
66627|
66628|
66629|
66630|
66631|
66656|
66657|
66658|
66659|
66660|
66661|
66662|
66663|
66688|
66689|
66690|
66691|
66692|
66693|
66694|
66695|
66720|
66721|
66722|
66723|
66724|
66725|
66726|
66727|
66752|
66753|
66754|
66755|
66756|
66757|
66758|
66759|
66784|
66785|
66786|
66787|
66788|
66789|
66790|
66791|
66816|
66817|
66818|
66819|
66820|
66821|
66822|
66823|
66848|
66849|
66850|
66851|
66852|
66853|
66854|
66855|
66880|
66881|
66882|
66883|
66884|
66885|
66886|
66887|
66912|
66913|
66914|
66915|
66916|
66917|
66918|
66919|
66944|
66945|
66946|
66947|
66948|
66949|
66950|
66951|
66976|
66977|
66978|
66979|
66980|
66981|
66982|
66983|
67008|
67009|
67010|
67011|
67012|
67013|
67014|
67015|
67040|
67041|
67042|
67043|
67044|
67045|
67046|
67047|
67072|
67073|
67074|
67075|
67076|
67077|
67078|
67079|
67104|
67105|
67106|
67107|
67108|
67109|
67110|
67111|
67136|
67137|
67138|
67139|
67140|
67141|
67142|
67143|
67168|
67169|
67170|
67171|
67172|
67173|
67174|
67175|
67200|
67201|
67202|
67203|
67204|
67205|
67206|
67207|
67232|
67233|
67234|
67235|
67236|
67237|
67238|
67239|
67264|
67265|
67266|
67267|
67268|
67269|
67270|
67271|
67296|
67297|
67298|
67299|
67300|
67301|
67302|
67303|
67328|
67329|
67330|
67331|
67332|
67333|
67334|
67335|
67360|
67361|
67362|
67363|
67364|
67365|
67366|
67367|
67392|
67393|
67394|
67395|
67396|
67397|
67398|
67399|
67424|
67425|
67426|
67427|
67428|
67429|
67430|
67431|
67456|
67457|
67458|
67459|
67460|
67461|
67462|
67463|
67488|
67489|
67490|
67491|
67492|
67493|
67494|
67495|
67520|
67521|
67522|
67523|
67524|
67525|
67526|
67527|
67552|
67553|
67554|
67555|
67556|
67557|
67558|
67559|
67584|
67585|
67586|
67587|
67588|
67589|
67590|
67591|
67616|
67617|
67618|
67619|
67620|
67621|
67622|
67623|
67648|
67649|
67650|
67651|
67652|
67653|
67654|
67655|
67680|
67681|
67682|
67683|
67684|
67685|
67686|
67687|
67712|
67713|
67714|
67715|
67716|
67717|
67718|
67719|
67744|
67745|
67746|
67747|
67748|
67749|
67750|
67751|
67776|
67777|
67778|
67779|
67780|
67781|
67782|
67783|
67808|
67809|
67810|
67811|
67812|
67813|
67814|
67815|
67840|
67841|
67842|
67843|
67844|
67845|
67846|
67847|
67872|
67873|
67874|
67875|
67876|
67877|
67878|
67879|
67904|
67905|
67906|
67907|
67908|
67909|
67910|
67911|
67936|
67937|
67938|
67939|
67940|
67941|
67942|
67943|
67968|
67969|
67970|
67971|
67972|
67973|
67974|
67975|
68000|
68001|
68002|
68003|
68004|
68005|
68006|
68007|
68032|
68033|
68034|
68035|
68036|
68037|
68038|
68039|
68064|
68065|
68066|
68067|
68068|
68069|
68070|
68071|
68096|
68097|
68098|
68099|
68100|
68101|
68102|
68103|
68128|
68129|
68130|
68131|
68132|
68133|
68134|
68135|
68160|
68161|
68162|
68163|
68164|
68165|
68166|
68167|
68192|
68193|
68194|
68195|
68196|
68197|
68198|
68199|
68224|
68225|
68226|
68227|
68228|
68229|
68230|
68231|
68256|
68257|
68258|
68259|
68260|
68261|
68262|
68263|
68288|
68289|
68290|
68291|
68292|
68293|
68294|
68295|
68320|
68321|
68322|
68323|
68324|
68325|
68326|
68327|
68352|
68353|
68354|
68355|
68356|
68357|
68358|
68359|
68384|
68385|
68386|
68387|
68388|
68389|
68390|
68391|
68416|
68417|
68418|
68419|
68420|
68421|
68422|
68423|
68448|
68449|
68450|
68451|
68452|
68453|
68454|
68455|
68480|
68481|
68482|
68483|
68484|
68485|
68486|
68487|
68512|
68513|
68514|
68515|
68516|
68517|
68518|
68519|
68544|
68545|
68546|
68547|
68548|
68549|
68550|
68551|
68576|
68577|
68578|
68579|
68580|
68581|
68582|
68583|
68608|
68609|
68610|
68611|
68612|
68613|
68614|
68615|
68640|
68641|
68642|
68643|
68644|
68645|
68646|
68647|
68672|
68673|
68674|
68675|
68676|
68677|
68678|
68679|
68704|
68705|
68706|
68707|
68708|
68709|
68710|
68711|
68736|
68737|
68738|
68739|
68740|
68741|
68742|
68743|
68768|
68769|
68770|
68771|
68772|
68773|
68774|
68775|
68800|
68801|
68802|
68803|
68804|
68805|
68806|
68807|
68832|
68833|
68834|
68835|
68836|
68837|
68838|
68839|
68864|
68865|
68866|
68867|
68868|
68869|
68870|
68871|
68896|
68897|
68898|
68899|
68900|
68901|
68902|
68903|
68928|
68929|
68930|
68931|
68932|
68933|
68934|
68935|
68960|
68961|
68962|
68963|
68964|
68965|
68966|
68967|
68992|
68993|
68994|
68995|
68996|
68997|
68998|
68999|
69024|
69025|
69026|
69027|
69028|
69029|
69030|
69031|
69056|
69057|
69058|
69059|
69060|
69061|
69062|
69063|
69088|
69089|
69090|
69091|
69092|
69093|
69094|
69095|
69120|
69121|
69122|
69123|
69124|
69125|
69126|
69127|
69152|
69153|
69154|
69155|
69156|
69157|
69158|
69159|
69184|
69185|
69186|
69187|
69188|
69189|
69190|
69191|
69216|
69217|
69218|
69219|
69220|
69221|
69222|
69223|
69248|
69249|
69250|
69251|
69252|
69253|
69254|
69255|
69280|
69281|
69282|
69283|
69284|
69285|
69286|
69287|
69312|
69313|
69314|
69315|
69316|
69317|
69318|
69319|
69344|
69345|
69346|
69347|
69348|
69349|
69350|
69351|
69376|
69377|
69378|
69379|
69380|
69381|
69382|
69383|
69408|
69409|
69410|
69411|
69412|
69413|
69414|
69415|
69440|
69441|
69442|
69443|
69444|
69445|
69446|
69447|
69472|
69473|
69474|
69475|
69476|
69477|
69478|
69479|
69504|
69505|
69506|
69507|
69508|
69509|
69510|
69511|
69536|
69537|
69538|
69539|
69540|
69541|
69542|
69543|
69568|
69569|
69570|
69571|
69572|
69573|
69574|
69575|
69600|
69601|
69602|
69603|
69604|
69605|
69606|
69607|
69632|
69633|
69634|
69635|
69636|
69637|
69638|
69639|
69664|
69665|
69666|
69667|
69668|
69669|
69670|
69671|
69696|
69697|
69698|
69699|
69700|
69701|
69702|
69703|
69728|
69729|
69730|
69731|
69732|
69733|
69734|
69735|
69760|
69761|
69762|
69763|
69764|
69765|
69766|
69767|
69792|
69793|
69794|
69795|
69796|
69797|
69798|
69799|
69824|
69825|
69826|
69827|
69828|
69829|
69830|
69831|
69856|
69857|
69858|
69859|
69860|
69861|
69862|
69863|
69888|
69889|
69890|
69891|
69892|
69893|
69894|
69895|
69920|
69921|
69922|
69923|
69924|
69925|
69926|
69927|
69952|
69953|
69954|
69955|
69956|
69957|
69958|
69959|
69984|
69985|
69986|
69987|
69988|
69989|
69990|
69991|
70016|
70017|
70018|
70019|
70020|
70021|
70022|
70023|
70048|
70049|
70050|
70051|
70052|
70053|
70054|
70055|
70080|
70081|
70082|
70083|
70084|
70085|
70086|
70087|
70112|
70113|
70114|
70115|
70116|
70117|
70118|
70119|
70144|
70145|
70146|
70147|
70148|
70149|
70150|
70151|
70176|
70177|
70178|
70179|
70180|
70181|
70182|
70183|
70208|
70209|
70210|
70211|
70212|
70213|
70214|
70215|
70240|
70241|
70242|
70243|
70244|
70245|
70246|
70247|
70272|
70273|
70274|
70275|
70276|
70277|
70278|
70279|
70304|
70305|
70306|
70307|
70308|
70309|
70310|
70311|
70336|
70337|
70338|
70339|
70340|
70341|
70342|
70343|
70368|
70369|
70370|
70371|
70372|
70373|
70374|
70375|
70400|
70401|
70402|
70403|
70404|
70405|
70406|
70407|
70432|
70433|
70434|
70435|
70436|
70437|
70438|
70439|
70464|
70465|
70466|
70467|
70468|
70469|
70470|
70471|
70496|
70497|
70498|
70499|
70500|
70501|
70502|
70503|
70528|
70529|
70530|
70531|
70532|
70533|
70534|
70535|
70560|
70561|
70562|
70563|
70564|
70565|
70566|
70567|
70592|
70593|
70594|
70595|
70596|
70597|
70598|
70599|
70624|
70625|
70626|
70627|
70628|
70629|
70630|
70631|
70656|
70657|
70658|
70659|
70660|
70661|
70662|
70663|
70688|
70689|
70690|
70691|
70692|
70693|
70694|
70695|
70720|
70721|
70722|
70723|
70724|
70725|
70726|
70727|
70752|
70753|
70754|
70755|
70756|
70757|
70758|
70759|
70784|
70785|
70786|
70787|
70788|
70789|
70790|
70791|
70816|
70817|
70818|
70819|
70820|
70821|
70822|
70823|
70848|
70849|
70850|
70851|
70852|
70853|
70854|
70855|
70880|
70881|
70882|
70883|
70884|
70885|
70886|
70887|
70912|
70913|
70914|
70915|
70916|
70917|
70918|
70919|
70944|
70945|
70946|
70947|
70948|
70949|
70950|
70951|
70976|
70977|
70978|
70979|
70980|
70981|
70982|
70983|
71008|
71009|
71010|
71011|
71012|
71013|
71014|
71015|
71040|
71041|
71042|
71043|
71044|
71045|
71046|
71047|
71072|
71073|
71074|
71075|
71076|
71077|
71078|
71079|
71104|
71105|
71106|
71107|
71108|
71109|
71110|
71111|
71136|
71137|
71138|
71139|
71140|
71141|
71142|
71143|
71168|
71169|
71170|
71171|
71172|
71173|
71174|
71175|
71200|
71201|
71202|
71203|
71204|
71205|
71206|
71207|
71232|
71233|
71234|
71235|
71236|
71237|
71238|
71239|
71264|
71265|
71266|
71267|
71268|
71269|
71270|
71271|
71296|
71297|
71298|
71299|
71300|
71301|
71302|
71303|
71328|
71329|
71330|
71331|
71332|
71333|
71334|
71335|
71360|
71361|
71362|
71363|
71364|
71365|
71366|
71367|
71392|
71393|
71394|
71395|
71396|
71397|
71398|
71399|
71424|
71425|
71426|
71427|
71428|
71429|
71430|
71431|
71456|
71457|
71458|
71459|
71460|
71461|
71462|
71463|
71488|
71489|
71490|
71491|
71492|
71493|
71494|
71495|
71520|
71521|
71522|
71523|
71524|
71525|
71526|
71527|
71552|
71553|
71554|
71555|
71556|
71557|
71558|
71559|
71584|
71585|
71586|
71587|
71588|
71589|
71590|
71591|
71616|
71617|
71618|
71619|
71620|
71621|
71622|
71623|
71648|
71649|
71650|
71651|
71652|
71653|
71654|
71655|
71680|
71681|
71682|
71683|
71684|
71685|
71686|
71687|
71712|
71713|
71714|
71715|
71716|
71717|
71718|
71719|
71744|
71745|
71746|
71747|
71748|
71749|
71750|
71751|
71776|
71777|
71778|
71779|
71780|
71781|
71782|
71783|
71808|
71809|
71810|
71811|
71812|
71813|
71814|
71815|
71840|
71841|
71842|
71843|
71844|
71845|
71846|
71847|
71872|
71873|
71874|
71875|
71876|
71877|
71878|
71879|
71904|
71905|
71906|
71907|
71908|
71909|
71910|
71911|
71936|
71937|
71938|
71939|
71940|
71941|
71942|
71943|
71968|
71969|
71970|
71971|
71972|
71973|
71974|
71975|
72000|
