2892001|
2892002|
2892003|
2892004|
2892005|
2892006|
2892007|
2892032|
2892033|
2892034|
2892035|
2892036|
2892037|
2892038|
2892039|
2892064|
2892065|
2892066|
2892067|
2892068|
2892069|
2892070|
2892071|
2892096|
2892097|
2892098|
2892099|
2892100|
2892101|
2892102|
2892103|
2892128|
2892129|
2892130|
2892131|
2892132|
2892133|
2892134|
2892135|
2892160|
2892161|
2892162|
2892163|
2892164|
2892165|
2892166|
2892167|
2892192|
2892193|
2892194|
2892195|
2892196|
2892197|
2892198|
2892199|
2892224|
2892225|
2892226|
2892227|
2892228|
2892229|
2892230|
2892231|
2892256|
2892257|
2892258|
2892259|
2892260|
2892261|
2892262|
2892263|
2892288|
2892289|
2892290|
2892291|
2892292|
2892293|
2892294|
2892295|
2892320|
2892321|
2892322|
2892323|
2892324|
2892325|
2892326|
2892327|
2892352|
2892353|
2892354|
2892355|
2892356|
2892357|
2892358|
2892359|
2892384|
2892385|
2892386|
2892387|
2892388|
2892389|
2892390|
2892391|
2892416|
2892417|
2892418|
2892419|
2892420|
2892421|
2892422|
2892423|
2892448|
2892449|
2892450|
2892451|
2892452|
2892453|
2892454|
2892455|
2892480|
2892481|
2892482|
2892483|
2892484|
2892485|
2892486|
2892487|
2892512|
2892513|
2892514|
2892515|
2892516|
2892517|
2892518|
2892519|
2892544|
2892545|
2892546|
2892547|
2892548|
2892549|
2892550|
2892551|
2892576|
2892577|
2892578|
2892579|
2892580|
2892581|
2892582|
2892583|
2892608|
2892609|
2892610|
2892611|
2892612|
2892613|
2892614|
2892615|
2892640|
2892641|
2892642|
2892643|
2892644|
2892645|
2892646|
2892647|
2892672|
2892673|
2892674|
2892675|
2892676|
2892677|
2892678|
2892679|
2892704|
2892705|
2892706|
2892707|
2892708|
2892709|
2892710|
2892711|
2892736|
2892737|
2892738|
2892739|
2892740|
2892741|
2892742|
2892743|
2892768|
2892769|
2892770|
2892771|
2892772|
2892773|
2892774|
2892775|
2892800|
2892801|
2892802|
2892803|
2892804|
2892805|
2892806|
2892807|
2892832|
2892833|
2892834|
2892835|
2892836|
2892837|
2892838|
2892839|
2892864|
2892865|
2892866|
2892867|
2892868|
2892869|
2892870|
2892871|
2892896|
2892897|
2892898|
2892899|
2892900|
2892901|
2892902|
2892903|
2892928|
2892929|
2892930|
2892931|
2892932|
2892933|
2892934|
2892935|
2892960|
2892961|
2892962|
2892963|
2892964|
2892965|
2892966|
2892967|
2892992|
2892993|
2892994|
2892995|
2892996|
2892997|
2892998|
2892999|
2893024|
2893025|
2893026|
2893027|
2893028|
2893029|
2893030|
2893031|
2893056|
2893057|
2893058|
2893059|
2893060|
2893061|
2893062|
2893063|
2893088|
2893089|
2893090|
2893091|
2893092|
2893093|
2893094|
2893095|
2893120|
2893121|
2893122|
2893123|
2893124|
2893125|
2893126|
2893127|
2893152|
2893153|
2893154|
2893155|
2893156|
2893157|
2893158|
2893159|
2893184|
2893185|
2893186|
2893187|
2893188|
2893189|
2893190|
2893191|
2893216|
2893217|
2893218|
2893219|
2893220|
2893221|
2893222|
2893223|
2893248|
2893249|
2893250|
2893251|
2893252|
2893253|
2893254|
2893255|
2893280|
2893281|
2893282|
2893283|
2893284|
2893285|
2893286|
2893287|
2893312|
2893313|
2893314|
2893315|
2893316|
2893317|
2893318|
2893319|
2893344|
2893345|
2893346|
2893347|
2893348|
2893349|
2893350|
2893351|
2893376|
2893377|
2893378|
2893379|
2893380|
2893381|
2893382|
2893383|
2893408|
2893409|
2893410|
2893411|
2893412|
2893413|
2893414|
2893415|
2893440|
2893441|
2893442|
2893443|
2893444|
2893445|
2893446|
2893447|
2893472|
2893473|
2893474|
2893475|
2893476|
2893477|
2893478|
2893479|
2893504|
2893505|
2893506|
2893507|
2893508|
2893509|
2893510|
2893511|
2893536|
2893537|
2893538|
2893539|
2893540|
2893541|
2893542|
2893543|
2893568|
2893569|
2893570|
2893571|
2893572|
2893573|
2893574|
2893575|
2893600|
2893601|
2893602|
2893603|
2893604|
2893605|
2893606|
2893607|
2893632|
2893633|
2893634|
2893635|
2893636|
2893637|
2893638|
2893639|
2893664|
2893665|
2893666|
2893667|
2893668|
2893669|
2893670|
2893671|
2893696|
2893697|
2893698|
2893699|
2893700|
2893701|
2893702|
2893703|
2893728|
2893729|
2893730|
2893731|
2893732|
2893733|
2893734|
2893735|
2893760|
2893761|
2893762|
2893763|
2893764|
2893765|
2893766|
2893767|
2893792|
2893793|
2893794|
2893795|
2893796|
2893797|
2893798|
2893799|
2893824|
2893825|
2893826|
2893827|
2893828|
2893829|
2893830|
2893831|
2893856|
2893857|
2893858|
2893859|
2893860|
2893861|
2893862|
2893863|
2893888|
2893889|
2893890|
2893891|
2893892|
2893893|
2893894|
2893895|
2893920|
2893921|
2893922|
2893923|
2893924|
2893925|
2893926|
2893927|
2893952|
2893953|
2893954|
2893955|
2893956|
2893957|
2893958|
2893959|
2893984|
2893985|
2893986|
2893987|
2893988|
2893989|
2893990|
2893991|
2894016|
2894017|
2894018|
2894019|
2894020|
2894021|
2894022|
2894023|
2894048|
2894049|
2894050|
2894051|
2894052|
2894053|
2894054|
2894055|
2894080|
2894081|
2894082|
2894083|
2894084|
2894085|
2894086|
2894087|
2894112|
2894113|
2894114|
2894115|
2894116|
2894117|
2894118|
2894119|
2894144|
2894145|
2894146|
2894147|
2894148|
2894149|
2894150|
2894151|
2894176|
2894177|
2894178|
2894179|
2894180|
2894181|
2894182|
2894183|
2894208|
2894209|
2894210|
2894211|
2894212|
2894213|
2894214|
2894215|
2894240|
2894241|
2894242|
2894243|
2894244|
2894245|
2894246|
2894247|
2894272|
2894273|
2894274|
2894275|
2894276|
2894277|
2894278|
2894279|
2894304|
2894305|
2894306|
2894307|
2894308|
2894309|
2894310|
2894311|
2894336|
2894337|
2894338|
2894339|
2894340|
2894341|
2894342|
2894343|
2894368|
2894369|
2894370|
2894371|
2894372|
2894373|
2894374|
2894375|
2894400|
2894401|
2894402|
2894403|
2894404|
2894405|
2894406|
2894407|
2894432|
2894433|
2894434|
2894435|
2894436|
2894437|
2894438|
2894439|
2894464|
2894465|
2894466|
2894467|
2894468|
2894469|
2894470|
2894471|
2894496|
2894497|
2894498|
2894499|
2894500|
2894501|
2894502|
2894503|
2894528|
2894529|
2894530|
2894531|
2894532|
2894533|
2894534|
2894535|
2894560|
2894561|
2894562|
2894563|
2894564|
2894565|
2894566|
2894567|
2894592|
2894593|
2894594|
2894595|
2894596|
2894597|
2894598|
2894599|
2894624|
2894625|
2894626|
2894627|
2894628|
2894629|
2894630|
2894631|
2894656|
2894657|
2894658|
2894659|
2894660|
2894661|
2894662|
2894663|
2894688|
2894689|
2894690|
2894691|
2894692|
2894693|
2894694|
2894695|
2894720|
2894721|
2894722|
2894723|
2894724|
2894725|
2894726|
2894727|
2894752|
2894753|
2894754|
2894755|
2894756|
2894757|
2894758|
2894759|
2894784|
2894785|
2894786|
2894787|
2894788|
2894789|
2894790|
2894791|
2894816|
2894817|
2894818|
2894819|
2894820|
2894821|
2894822|
2894823|
2894848|
2894849|
2894850|
2894851|
2894852|
2894853|
2894854|
2894855|
2894880|
2894881|
2894882|
2894883|
2894884|
2894885|
2894886|
2894887|
2894912|
2894913|
2894914|
2894915|
2894916|
2894917|
2894918|
2894919|
2894944|
2894945|
2894946|
2894947|
2894948|
2894949|
2894950|
2894951|
2894976|
2894977|
2894978|
2894979|
2894980|
2894981|
2894982|
2894983|
2895008|
2895009|
2895010|
2895011|
2895012|
2895013|
2895014|
2895015|
2895040|
2895041|
2895042|
2895043|
2895044|
2895045|
2895046|
2895047|
2895072|
2895073|
2895074|
2895075|
2895076|
2895077|
2895078|
2895079|
2895104|
2895105|
2895106|
2895107|
2895108|
2895109|
2895110|
2895111|
2895136|
2895137|
2895138|
2895139|
2895140|
2895141|
2895142|
2895143|
2895168|
2895169|
2895170|
2895171|
2895172|
2895173|
2895174|
2895175|
2895200|
2895201|
2895202|
2895203|
2895204|
2895205|
2895206|
2895207|
2895232|
2895233|
2895234|
2895235|
2895236|
2895237|
2895238|
2895239|
2895264|
2895265|
2895266|
2895267|
2895268|
2895269|
2895270|
2895271|
2895296|
2895297|
2895298|
2895299|
2895300|
2895301|
2895302|
2895303|
2895328|
2895329|
2895330|
2895331|
2895332|
2895333|
2895334|
2895335|
2895360|
2895361|
2895362|
2895363|
2895364|
2895365|
2895366|
2895367|
2895392|
2895393|
2895394|
2895395|
2895396|
2895397|
2895398|
2895399|
2895424|
2895425|
2895426|
2895427|
2895428|
2895429|
2895430|
2895431|
2895456|
2895457|
2895458|
2895459|
2895460|
2895461|
2895462|
2895463|
2895488|
2895489|
2895490|
2895491|
2895492|
2895493|
2895494|
2895495|
2895520|
2895521|
2895522|
2895523|
2895524|
2895525|
2895526|
2895527|
2895552|
2895553|
2895554|
2895555|
2895556|
2895557|
2895558|
2895559|
2895584|
2895585|
2895586|
2895587|
2895588|
2895589|
2895590|
2895591|
2895616|
2895617|
2895618|
2895619|
2895620|
2895621|
2895622|
2895623|
2895648|
2895649|
2895650|
2895651|
2895652|
2895653|
2895654|
2895655|
2895680|
2895681|
2895682|
2895683|
2895684|
2895685|
2895686|
2895687|
2895712|
2895713|
2895714|
2895715|
2895716|
2895717|
2895718|
2895719|
2895744|
2895745|
2895746|
2895747|
2895748|
2895749|
2895750|
2895751|
2895776|
2895777|
2895778|
2895779|
2895780|
2895781|
2895782|
2895783|
2895808|
2895809|
2895810|
2895811|
2895812|
2895813|
2895814|
2895815|
2895840|
2895841|
2895842|
2895843|
2895844|
2895845|
2895846|
2895847|
2895872|
2895873|
2895874|
2895875|
2895876|
2895877|
2895878|
2895879|
2895904|
2895905|
2895906|
2895907|
2895908|
2895909|
2895910|
2895911|
2895936|
2895937|
2895938|
2895939|
2895940|
2895941|
2895942|
2895943|
2895968|
2895969|
2895970|
2895971|
2895972|
2895973|
2895974|
2895975|
2896000|
2896001|
2896002|
2896003|
2896004|
2896005|
2896006|
2896007|
2896032|
2896033|
2896034|
2896035|
2896036|
2896037|
2896038|
2896039|
2896064|
2896065|
2896066|
2896067|
2896068|
2896069|
2896070|
2896071|
2896096|
2896097|
2896098|
2896099|
2896100|
2896101|
2896102|
2896103|
2896128|
2896129|
2896130|
2896131|
2896132|
2896133|
2896134|
2896135|
2896160|
2896161|
2896162|
2896163|
2896164|
2896165|
2896166|
2896167|
2896192|
2896193|
2896194|
2896195|
2896196|
2896197|
2896198|
2896199|
2896224|
2896225|
2896226|
2896227|
2896228|
2896229|
2896230|
2896231|
2896256|
2896257|
2896258|
2896259|
2896260|
2896261|
2896262|
2896263|
2896288|
2896289|
2896290|
2896291|
2896292|
2896293|
2896294|
2896295|
2896320|
2896321|
2896322|
2896323|
2896324|
2896325|
2896326|
2896327|
2896352|
2896353|
2896354|
2896355|
2896356|
2896357|
2896358|
2896359|
2896384|
2896385|
2896386|
2896387|
2896388|
2896389|
2896390|
2896391|
2896416|
2896417|
2896418|
2896419|
2896420|
2896421|
2896422|
2896423|
2896448|
2896449|
2896450|
2896451|
2896452|
2896453|
2896454|
2896455|
2896480|
2896481|
2896482|
2896483|
2896484|
2896485|
2896486|
2896487|
2896512|
2896513|
2896514|
2896515|
2896516|
2896517|
2896518|
2896519|
2896544|
2896545|
2896546|
2896547|
2896548|
2896549|
2896550|
2896551|
2896576|
2896577|
2896578|
2896579|
2896580|
2896581|
2896582|
2896583|
2896608|
2896609|
2896610|
2896611|
2896612|
2896613|
2896614|
2896615|
2896640|
2896641|
2896642|
2896643|
2896644|
2896645|
2896646|
2896647|
2896672|
2896673|
2896674|
2896675|
2896676|
2896677|
2896678|
2896679|
2896704|
2896705|
2896706|
2896707|
2896708|
2896709|
2896710|
2896711|
2896736|
2896737|
2896738|
2896739|
2896740|
2896741|
2896742|
2896743|
2896768|
2896769|
2896770|
2896771|
2896772|
2896773|
2896774|
2896775|
2896800|
2896801|
2896802|
2896803|
2896804|
2896805|
2896806|
2896807|
2896832|
2896833|
2896834|
2896835|
2896836|
2896837|
2896838|
2896839|
2896864|
2896865|
2896866|
2896867|
2896868|
2896869|
2896870|
2896871|
2896896|
2896897|
2896898|
2896899|
2896900|
2896901|
2896902|
2896903|
2896928|
2896929|
2896930|
2896931|
2896932|
2896933|
2896934|
2896935|
2896960|
2896961|
2896962|
2896963|
2896964|
2896965|
2896966|
2896967|
2896992|
2896993|
2896994|
2896995|
2896996|
2896997|
2896998|
2896999|
2897024|
2897025|
2897026|
2897027|
2897028|
2897029|
2897030|
2897031|
2897056|
2897057|
2897058|
2897059|
2897060|
2897061|
2897062|
2897063|
2897088|
2897089|
2897090|
2897091|
2897092|
2897093|
2897094|
2897095|
2897120|
2897121|
2897122|
2897123|
2897124|
2897125|
2897126|
2897127|
2897152|
2897153|
2897154|
2897155|
2897156|
2897157|
2897158|
2897159|
2897184|
2897185|
2897186|
2897187|
2897188|
2897189|
2897190|
2897191|
2897216|
2897217|
2897218|
2897219|
2897220|
2897221|
2897222|
2897223|
2897248|
2897249|
2897250|
2897251|
2897252|
2897253|
2897254|
2897255|
2897280|
2897281|
2897282|
2897283|
2897284|
2897285|
2897286|
2897287|
2897312|
2897313|
2897314|
2897315|
2897316|
2897317|
2897318|
2897319|
2897344|
2897345|
2897346|
2897347|
2897348|
2897349|
2897350|
2897351|
2897376|
2897377|
2897378|
2897379|
2897380|
2897381|
2897382|
2897383|
2897408|
2897409|
2897410|
2897411|
2897412|
2897413|
2897414|
2897415|
2897440|
2897441|
2897442|
2897443|
2897444|
2897445|
2897446|
2897447|
2897472|
2897473|
2897474|
2897475|
2897476|
2897477|
2897478|
2897479|
2897504|
2897505|
2897506|
2897507|
2897508|
2897509|
2897510|
2897511|
2897536|
2897537|
2897538|
2897539|
2897540|
2897541|
2897542|
2897543|
2897568|
2897569|
2897570|
2897571|
2897572|
2897573|
2897574|
2897575|
2897600|
2897601|
2897602|
2897603|
2897604|
2897605|
2897606|
2897607|
2897632|
2897633|
2897634|
2897635|
2897636|
2897637|
2897638|
2897639|
2897664|
2897665|
2897666|
2897667|
2897668|
2897669|
2897670|
2897671|
2897696|
2897697|
2897698|
2897699|
2897700|
2897701|
2897702|
2897703|
2897728|
2897729|
2897730|
2897731|
2897732|
2897733|
2897734|
2897735|
2897760|
2897761|
2897762|
2897763|
2897764|
2897765|
2897766|
2897767|
2897792|
2897793|
2897794|
2897795|
2897796|
2897797|
2897798|
2897799|
2897824|
2897825|
2897826|
2897827|
2897828|
2897829|
2897830|
2897831|
2897856|
2897857|
2897858|
2897859|
2897860|
2897861|
2897862|
2897863|
2897888|
2897889|
2897890|
2897891|
2897892|
2897893|
2897894|
2897895|
2897920|
2897921|
2897922|
2897923|
2897924|
2897925|
2897926|
2897927|
2897952|
2897953|
2897954|
2897955|
2897956|
2897957|
2897958|
2897959|
2897984|
2897985|
2897986|
2897987|
2897988|
