113989|
113990|
113991|
114016|
114017|
114018|
114019|
114020|
114021|
114022|
114023|
114048|
114049|
114050|
114051|
114052|
114053|
114054|
114055|
114080|
114081|
114082|
114083|
114084|
114085|
114086|
114087|
114112|
114113|
114114|
114115|
114116|
114117|
114118|
114119|
114144|
114145|
114146|
114147|
114148|
114149|
114150|
114151|
114176|
114177|
114178|
114179|
114180|
114181|
114182|
114183|
114208|
114209|
114210|
114211|
114212|
114213|
114214|
114215|
114240|
114241|
114242|
114243|
114244|
114245|
114246|
114247|
114272|
114273|
114274|
114275|
114276|
114277|
114278|
114279|
114304|
114305|
114306|
114307|
114308|
114309|
114310|
114311|
114336|
114337|
114338|
114339|
114340|
114341|
114342|
114343|
114368|
114369|
114370|
114371|
114372|
114373|
114374|
114375|
114400|
114401|
114402|
114403|
114404|
114405|
114406|
114407|
114432|
114433|
114434|
114435|
114436|
114437|
114438|
114439|
114464|
114465|
114466|
114467|
114468|
114469|
114470|
114471|
114496|
114497|
114498|
114499|
114500|
114501|
114502|
114503|
114528|
114529|
114530|
114531|
114532|
114533|
114534|
114535|
114560|
114561|
114562|
114563|
114564|
114565|
114566|
114567|
114592|
114593|
114594|
114595|
114596|
114597|
114598|
114599|
114624|
114625|
114626|
114627|
114628|
114629|
114630|
114631|
114656|
114657|
114658|
114659|
114660|
114661|
114662|
114663|
114688|
114689|
114690|
114691|
114692|
114693|
114694|
114695|
114720|
114721|
114722|
114723|
114724|
114725|
114726|
114727|
114752|
114753|
114754|
114755|
114756|
114757|
114758|
114759|
114784|
114785|
114786|
114787|
114788|
114789|
114790|
114791|
114816|
114817|
114818|
114819|
114820|
114821|
114822|
114823|
114848|
114849|
114850|
114851|
114852|
114853|
114854|
114855|
114880|
114881|
114882|
114883|
114884|
114885|
114886|
114887|
114912|
114913|
114914|
114915|
114916|
114917|
114918|
114919|
114944|
114945|
114946|
114947|
114948|
114949|
114950|
114951|
114976|
114977|
114978|
114979|
114980|
114981|
114982|
114983|
115008|
115009|
115010|
115011|
115012|
115013|
115014|
115015|
115040|
115041|
115042|
115043|
115044|
115045|
115046|
115047|
115072|
115073|
115074|
115075|
115076|
115077|
115078|
115079|
115104|
115105|
115106|
115107|
115108|
115109|
115110|
115111|
115136|
115137|
115138|
115139|
115140|
115141|
115142|
115143|
115168|
115169|
115170|
115171|
115172|
115173|
115174|
115175|
115200|
115201|
115202|
115203|
115204|
115205|
115206|
115207|
115232|
115233|
115234|
115235|
115236|
115237|
115238|
115239|
115264|
115265|
115266|
115267|
115268|
115269|
115270|
115271|
115296|
115297|
115298|
115299|
115300|
115301|
115302|
115303|
115328|
115329|
115330|
115331|
115332|
115333|
115334|
115335|
115360|
115361|
115362|
115363|
115364|
115365|
115366|
115367|
115392|
115393|
115394|
115395|
115396|
115397|
115398|
115399|
115424|
115425|
115426|
115427|
115428|
115429|
115430|
115431|
115456|
115457|
115458|
115459|
115460|
115461|
115462|
115463|
115488|
115489|
115490|
115491|
115492|
115493|
115494|
115495|
115520|
115521|
115522|
115523|
115524|
115525|
115526|
115527|
115552|
115553|
115554|
115555|
115556|
115557|
115558|
115559|
115584|
115585|
115586|
115587|
115588|
115589|
115590|
115591|
115616|
115617|
115618|
115619|
115620|
115621|
115622|
115623|
115648|
115649|
115650|
115651|
115652|
115653|
115654|
115655|
115680|
115681|
115682|
115683|
115684|
115685|
115686|
115687|
115712|
115713|
115714|
115715|
115716|
115717|
115718|
115719|
115744|
115745|
115746|
115747|
115748|
115749|
115750|
115751|
115776|
115777|
115778|
115779|
115780|
115781|
115782|
115783|
115808|
115809|
115810|
115811|
115812|
115813|
115814|
115815|
115840|
115841|
115842|
115843|
115844|
115845|
115846|
115847|
115872|
115873|
115874|
115875|
115876|
115877|
115878|
115879|
115904|
115905|
115906|
115907|
115908|
115909|
115910|
115911|
115936|
115937|
115938|
115939|
115940|
115941|
115942|
115943|
115968|
115969|
115970|
115971|
115972|
115973|
115974|
115975|
116000|
116001|
116002|
116003|
116004|
116005|
116006|
116007|
116032|
116033|
116034|
116035|
116036|
116037|
116038|
116039|
116064|
116065|
116066|
116067|
116068|
116069|
116070|
116071|
116096|
116097|
116098|
116099|
116100|
116101|
116102|
116103|
116128|
116129|
116130|
116131|
116132|
116133|
116134|
116135|
116160|
116161|
116162|
116163|
116164|
116165|
116166|
116167|
116192|
116193|
116194|
116195|
116196|
116197|
116198|
116199|
116224|
116225|
116226|
116227|
116228|
116229|
116230|
116231|
116256|
116257|
116258|
116259|
116260|
116261|
116262|
116263|
116288|
116289|
116290|
116291|
116292|
116293|
116294|
116295|
116320|
116321|
116322|
116323|
116324|
116325|
116326|
116327|
116352|
116353|
116354|
116355|
116356|
116357|
116358|
116359|
116384|
116385|
116386|
116387|
116388|
116389|
116390|
116391|
116416|
116417|
116418|
116419|
116420|
116421|
116422|
116423|
116448|
116449|
116450|
116451|
116452|
116453|
116454|
116455|
116480|
116481|
116482|
116483|
116484|
116485|
116486|
116487|
116512|
116513|
116514|
116515|
116516|
116517|
116518|
116519|
116544|
116545|
116546|
116547|
116548|
116549|
116550|
116551|
116576|
116577|
116578|
116579|
116580|
116581|
116582|
116583|
116608|
116609|
116610|
116611|
116612|
116613|
116614|
116615|
116640|
116641|
116642|
116643|
116644|
116645|
116646|
116647|
116672|
116673|
116674|
116675|
116676|
116677|
116678|
116679|
116704|
116705|
116706|
116707|
116708|
116709|
116710|
116711|
116736|
116737|
116738|
116739|
116740|
116741|
116742|
116743|
116768|
116769|
116770|
116771|
116772|
116773|
116774|
116775|
116800|
116801|
116802|
116803|
116804|
116805|
116806|
116807|
116832|
116833|
116834|
116835|
116836|
116837|
116838|
116839|
116864|
116865|
116866|
116867|
116868|
116869|
116870|
116871|
116896|
116897|
116898|
116899|
116900|
116901|
116902|
116903|
116928|
116929|
116930|
116931|
116932|
116933|
116934|
116935|
116960|
116961|
116962|
116963|
116964|
116965|
116966|
116967|
116992|
116993|
116994|
116995|
116996|
116997|
116998|
116999|
117024|
117025|
117026|
117027|
117028|
117029|
117030|
117031|
117056|
117057|
117058|
117059|
117060|
117061|
117062|
117063|
117088|
117089|
117090|
117091|
117092|
117093|
117094|
117095|
117120|
117121|
117122|
117123|
117124|
117125|
117126|
117127|
117152|
117153|
117154|
117155|
117156|
117157|
117158|
117159|
117184|
117185|
117186|
117187|
117188|
117189|
117190|
117191|
117216|
117217|
117218|
117219|
117220|
117221|
117222|
117223|
117248|
117249|
117250|
117251|
117252|
117253|
117254|
117255|
117280|
117281|
117282|
117283|
117284|
117285|
117286|
117287|
117312|
117313|
117314|
117315|
117316|
117317|
117318|
117319|
117344|
117345|
117346|
117347|
117348|
117349|
117350|
117351|
117376|
117377|
117378|
117379|
117380|
117381|
117382|
117383|
117408|
117409|
117410|
117411|
117412|
117413|
117414|
117415|
117440|
117441|
117442|
117443|
117444|
117445|
117446|
117447|
117472|
117473|
117474|
117475|
117476|
117477|
117478|
117479|
117504|
117505|
117506|
117507|
117508|
117509|
117510|
117511|
117536|
117537|
117538|
117539|
117540|
117541|
117542|
117543|
117568|
117569|
117570|
117571|
117572|
117573|
117574|
117575|
117600|
117601|
117602|
117603|
117604|
117605|
117606|
117607|
117632|
117633|
117634|
117635|
117636|
117637|
117638|
117639|
117664|
117665|
117666|
117667|
117668|
117669|
117670|
117671|
117696|
117697|
117698|
117699|
117700|
117701|
117702|
117703|
117728|
117729|
117730|
117731|
117732|
117733|
117734|
117735|
117760|
117761|
117762|
117763|
117764|
117765|
117766|
117767|
117792|
117793|
117794|
117795|
117796|
117797|
117798|
117799|
117824|
117825|
117826|
117827|
117828|
117829|
117830|
117831|
117856|
117857|
117858|
117859|
117860|
117861|
117862|
117863|
117888|
117889|
117890|
117891|
117892|
117893|
117894|
117895|
117920|
117921|
117922|
117923|
117924|
117925|
117926|
117927|
117952|
117953|
117954|
117955|
117956|
117957|
117958|
117959|
117984|
117985|
117986|
117987|
117988|
117989|
117990|
117991|
118016|
118017|
118018|
118019|
118020|
118021|
118022|
118023|
118048|
118049|
118050|
118051|
118052|
118053|
118054|
118055|
118080|
118081|
118082|
118083|
118084|
118085|
118086|
118087|
118112|
118113|
118114|
118115|
118116|
118117|
118118|
118119|
118144|
118145|
118146|
118147|
118148|
118149|
118150|
118151|
118176|
118177|
118178|
118179|
118180|
118181|
118182|
118183|
118208|
118209|
118210|
118211|
118212|
118213|
118214|
118215|
118240|
118241|
118242|
118243|
118244|
118245|
118246|
118247|
118272|
118273|
118274|
118275|
118276|
118277|
118278|
118279|
118304|
118305|
118306|
118307|
118308|
118309|
118310|
118311|
118336|
118337|
118338|
118339|
118340|
118341|
118342|
118343|
118368|
118369|
118370|
118371|
118372|
118373|
118374|
118375|
118400|
118401|
118402|
118403|
118404|
118405|
118406|
118407|
118432|
118433|
118434|
118435|
118436|
118437|
118438|
118439|
118464|
118465|
118466|
118467|
118468|
118469|
118470|
118471|
118496|
118497|
118498|
118499|
118500|
118501|
118502|
118503|
118528|
118529|
118530|
118531|
118532|
118533|
118534|
118535|
118560|
118561|
118562|
118563|
118564|
118565|
118566|
118567|
118592|
118593|
118594|
118595|
118596|
118597|
118598|
118599|
118624|
118625|
118626|
118627|
118628|
118629|
118630|
118631|
118656|
118657|
118658|
118659|
118660|
118661|
118662|
118663|
118688|
118689|
118690|
118691|
118692|
118693|
118694|
118695|
118720|
118721|
118722|
118723|
118724|
118725|
118726|
118727|
118752|
118753|
118754|
118755|
118756|
118757|
118758|
118759|
118784|
118785|
118786|
118787|
118788|
118789|
118790|
118791|
118816|
118817|
118818|
118819|
118820|
118821|
118822|
118823|
118848|
118849|
118850|
118851|
118852|
118853|
118854|
118855|
118880|
118881|
118882|
118883|
118884|
118885|
118886|
118887|
118912|
118913|
118914|
118915|
118916|
118917|
118918|
118919|
118944|
118945|
118946|
118947|
118948|
118949|
118950|
118951|
118976|
118977|
118978|
118979|
118980|
118981|
118982|
118983|
119008|
119009|
119010|
119011|
119012|
119013|
119014|
119015|
119040|
119041|
119042|
119043|
119044|
119045|
119046|
119047|
119072|
119073|
119074|
119075|
119076|
119077|
119078|
119079|
119104|
119105|
119106|
119107|
119108|
119109|
119110|
119111|
119136|
119137|
119138|
119139|
119140|
119141|
119142|
119143|
119168|
119169|
119170|
119171|
119172|
119173|
119174|
119175|
119200|
119201|
119202|
119203|
119204|
119205|
119206|
119207|
119232|
119233|
119234|
119235|
119236|
119237|
119238|
119239|
119264|
119265|
119266|
119267|
119268|
119269|
119270|
119271|
119296|
119297|
119298|
119299|
119300|
119301|
119302|
119303|
119328|
119329|
119330|
119331|
119332|
119333|
119334|
119335|
119360|
119361|
119362|
119363|
119364|
119365|
119366|
119367|
119392|
119393|
119394|
119395|
119396|
119397|
119398|
119399|
119424|
119425|
119426|
119427|
119428|
119429|
119430|
119431|
119456|
119457|
119458|
119459|
119460|
119461|
119462|
119463|
119488|
119489|
119490|
119491|
119492|
119493|
119494|
119495|
119520|
119521|
119522|
119523|
119524|
119525|
119526|
119527|
119552|
119553|
119554|
119555|
119556|
119557|
119558|
119559|
119584|
119585|
119586|
119587|
119588|
119589|
119590|
119591|
119616|
119617|
119618|
119619|
119620|
119621|
119622|
119623|
119648|
119649|
119650|
119651|
119652|
119653|
119654|
119655|
119680|
119681|
119682|
119683|
119684|
119685|
119686|
119687|
119712|
119713|
119714|
119715|
119716|
119717|
119718|
119719|
119744|
119745|
119746|
119747|
119748|
119749|
119750|
119751|
119776|
119777|
119778|
119779|
119780|
119781|
119782|
119783|
119808|
119809|
119810|
119811|
119812|
119813|
119814|
119815|
119840|
119841|
119842|
119843|
119844|
119845|
119846|
119847|
119872|
119873|
119874|
119875|
119876|
119877|
119878|
119879|
119904|
119905|
119906|
119907|
119908|
119909|
119910|
119911|
119936|
119937|
119938|
119939|
119940|
119941|
119942|
119943|
119968|
119969|
119970|
119971|
119972|
119973|
119974|
119975|
120000|
