989989|
989990|
989991|
990016|
990017|
990018|
990019|
990020|
990021|
990022|
990023|
990048|
990049|
990050|
990051|
990052|
990053|
990054|
990055|
990080|
990081|
990082|
990083|
990084|
990085|
990086|
990087|
990112|
990113|
990114|
990115|
990116|
990117|
990118|
990119|
990144|
990145|
990146|
990147|
990148|
990149|
990150|
990151|
990176|
990177|
990178|
990179|
990180|
990181|
990182|
990183|
990208|
990209|
990210|
990211|
990212|
990213|
990214|
990215|
990240|
990241|
990242|
990243|
990244|
990245|
990246|
990247|
990272|
990273|
990274|
990275|
990276|
990277|
990278|
990279|
990304|
990305|
990306|
990307|
990308|
990309|
990310|
990311|
990336|
990337|
990338|
990339|
990340|
990341|
990342|
990343|
990368|
990369|
990370|
990371|
990372|
990373|
990374|
990375|
990400|
990401|
990402|
990403|
990404|
990405|
990406|
990407|
990432|
990433|
990434|
990435|
990436|
990437|
990438|
990439|
990464|
990465|
990466|
990467|
990468|
990469|
990470|
990471|
990496|
990497|
990498|
990499|
990500|
990501|
990502|
990503|
990528|
990529|
990530|
990531|
990532|
990533|
990534|
990535|
990560|
990561|
990562|
990563|
990564|
990565|
990566|
990567|
990592|
990593|
990594|
990595|
990596|
990597|
990598|
990599|
990624|
990625|
990626|
990627|
990628|
990629|
990630|
990631|
990656|
990657|
990658|
990659|
990660|
990661|
990662|
990663|
990688|
990689|
990690|
990691|
990692|
990693|
990694|
990695|
990720|
990721|
990722|
990723|
990724|
990725|
990726|
990727|
990752|
990753|
990754|
990755|
990756|
990757|
990758|
990759|
990784|
990785|
990786|
990787|
990788|
990789|
990790|
990791|
990816|
990817|
990818|
990819|
990820|
990821|
990822|
990823|
990848|
990849|
990850|
990851|
990852|
990853|
990854|
990855|
990880|
990881|
990882|
990883|
990884|
990885|
990886|
990887|
990912|
990913|
990914|
990915|
990916|
990917|
990918|
990919|
990944|
990945|
990946|
990947|
990948|
990949|
990950|
990951|
990976|
990977|
990978|
990979|
990980|
990981|
990982|
990983|
991008|
991009|
991010|
991011|
991012|
991013|
991014|
991015|
991040|
991041|
991042|
991043|
991044|
991045|
991046|
991047|
991072|
991073|
991074|
991075|
991076|
991077|
991078|
991079|
991104|
991105|
991106|
991107|
991108|
991109|
991110|
991111|
991136|
991137|
991138|
991139|
991140|
991141|
991142|
991143|
991168|
991169|
991170|
991171|
991172|
991173|
991174|
991175|
991200|
991201|
991202|
991203|
991204|
991205|
991206|
991207|
991232|
991233|
991234|
991235|
991236|
991237|
991238|
991239|
991264|
991265|
991266|
991267|
991268|
991269|
991270|
991271|
991296|
991297|
991298|
991299|
991300|
991301|
991302|
991303|
991328|
991329|
991330|
991331|
991332|
991333|
991334|
991335|
991360|
991361|
991362|
991363|
991364|
991365|
991366|
991367|
991392|
991393|
991394|
991395|
991396|
991397|
991398|
991399|
991424|
991425|
991426|
991427|
991428|
991429|
991430|
991431|
991456|
991457|
991458|
991459|
991460|
991461|
991462|
991463|
991488|
991489|
991490|
991491|
991492|
991493|
991494|
991495|
991520|
991521|
991522|
991523|
991524|
991525|
991526|
991527|
991552|
991553|
991554|
991555|
991556|
991557|
991558|
991559|
991584|
991585|
991586|
991587|
991588|
991589|
991590|
991591|
991616|
991617|
991618|
991619|
991620|
991621|
991622|
991623|
991648|
991649|
991650|
991651|
991652|
991653|
991654|
991655|
991680|
991681|
991682|
991683|
991684|
991685|
991686|
991687|
991712|
991713|
991714|
991715|
991716|
991717|
991718|
991719|
991744|
991745|
991746|
991747|
991748|
991749|
991750|
991751|
991776|
991777|
991778|
991779|
991780|
991781|
991782|
991783|
991808|
991809|
991810|
991811|
991812|
991813|
991814|
991815|
991840|
991841|
991842|
991843|
991844|
991845|
991846|
991847|
991872|
991873|
991874|
991875|
991876|
991877|
991878|
991879|
991904|
991905|
991906|
991907|
991908|
991909|
991910|
991911|
991936|
991937|
991938|
991939|
991940|
991941|
991942|
991943|
991968|
991969|
991970|
991971|
991972|
991973|
991974|
991975|
992000|
992001|
992002|
992003|
992004|
992005|
992006|
992007|
992032|
992033|
992034|
992035|
992036|
992037|
992038|
992039|
992064|
992065|
992066|
992067|
992068|
992069|
992070|
992071|
992096|
992097|
992098|
992099|
992100|
992101|
992102|
992103|
992128|
992129|
992130|
992131|
992132|
992133|
992134|
992135|
992160|
992161|
992162|
992163|
992164|
992165|
992166|
992167|
992192|
992193|
992194|
992195|
992196|
992197|
992198|
992199|
992224|
992225|
992226|
992227|
992228|
992229|
992230|
992231|
992256|
992257|
992258|
992259|
992260|
992261|
992262|
992263|
992288|
992289|
992290|
992291|
992292|
992293|
992294|
992295|
992320|
992321|
992322|
992323|
992324|
992325|
992326|
992327|
992352|
992353|
992354|
992355|
992356|
992357|
992358|
992359|
992384|
992385|
992386|
992387|
992388|
992389|
992390|
992391|
992416|
992417|
992418|
992419|
992420|
992421|
992422|
992423|
992448|
992449|
992450|
992451|
992452|
992453|
992454|
992455|
992480|
992481|
992482|
992483|
992484|
992485|
992486|
992487|
992512|
992513|
992514|
992515|
992516|
992517|
992518|
992519|
992544|
992545|
992546|
992547|
992548|
992549|
992550|
992551|
992576|
992577|
992578|
992579|
992580|
992581|
992582|
992583|
992608|
992609|
992610|
992611|
992612|
992613|
992614|
992615|
992640|
992641|
992642|
992643|
992644|
992645|
992646|
992647|
992672|
992673|
992674|
992675|
992676|
992677|
992678|
992679|
992704|
992705|
992706|
992707|
992708|
992709|
992710|
992711|
992736|
992737|
992738|
992739|
992740|
992741|
992742|
992743|
992768|
992769|
992770|
992771|
992772|
992773|
992774|
992775|
992800|
992801|
992802|
992803|
992804|
992805|
992806|
992807|
992832|
992833|
992834|
992835|
992836|
992837|
992838|
992839|
992864|
992865|
992866|
992867|
992868|
992869|
992870|
992871|
992896|
992897|
992898|
992899|
992900|
992901|
992902|
992903|
992928|
992929|
992930|
992931|
992932|
992933|
992934|
992935|
992960|
992961|
992962|
992963|
992964|
992965|
992966|
992967|
992992|
992993|
992994|
992995|
992996|
992997|
992998|
992999|
993024|
993025|
993026|
993027|
993028|
993029|
993030|
993031|
993056|
993057|
993058|
993059|
993060|
993061|
993062|
993063|
993088|
993089|
993090|
993091|
993092|
993093|
993094|
993095|
993120|
993121|
993122|
993123|
993124|
993125|
993126|
993127|
993152|
993153|
993154|
993155|
993156|
993157|
993158|
993159|
993184|
993185|
993186|
993187|
993188|
993189|
993190|
993191|
993216|
993217|
993218|
993219|
993220|
993221|
993222|
993223|
993248|
993249|
993250|
993251|
993252|
993253|
993254|
993255|
993280|
993281|
993282|
993283|
993284|
993285|
993286|
993287|
993312|
993313|
993314|
993315|
993316|
993317|
993318|
993319|
993344|
993345|
993346|
993347|
993348|
993349|
993350|
993351|
993376|
993377|
993378|
993379|
993380|
993381|
993382|
993383|
993408|
993409|
993410|
993411|
993412|
993413|
993414|
993415|
993440|
993441|
993442|
993443|
993444|
993445|
993446|
993447|
993472|
993473|
993474|
993475|
993476|
993477|
993478|
993479|
993504|
993505|
993506|
993507|
993508|
993509|
993510|
993511|
993536|
993537|
993538|
993539|
993540|
993541|
993542|
993543|
993568|
993569|
993570|
993571|
993572|
993573|
993574|
993575|
993600|
993601|
993602|
993603|
993604|
993605|
993606|
993607|
993632|
993633|
993634|
993635|
993636|
993637|
993638|
993639|
993664|
993665|
993666|
993667|
993668|
993669|
993670|
993671|
993696|
993697|
993698|
993699|
993700|
993701|
993702|
993703|
993728|
993729|
993730|
993731|
993732|
993733|
993734|
993735|
993760|
993761|
993762|
993763|
993764|
993765|
993766|
993767|
993792|
993793|
993794|
993795|
993796|
993797|
993798|
993799|
993824|
993825|
993826|
993827|
993828|
993829|
993830|
993831|
993856|
993857|
993858|
993859|
993860|
993861|
993862|
993863|
993888|
993889|
993890|
993891|
993892|
993893|
993894|
993895|
993920|
993921|
993922|
993923|
993924|
993925|
993926|
993927|
993952|
993953|
993954|
993955|
993956|
993957|
993958|
993959|
993984|
993985|
993986|
993987|
993988|
993989|
993990|
993991|
994016|
994017|
994018|
994019|
994020|
994021|
994022|
994023|
994048|
994049|
994050|
994051|
994052|
994053|
994054|
994055|
994080|
994081|
994082|
994083|
994084|
994085|
994086|
994087|
994112|
994113|
994114|
994115|
994116|
994117|
994118|
994119|
994144|
994145|
994146|
994147|
994148|
994149|
994150|
994151|
994176|
994177|
994178|
994179|
994180|
994181|
994182|
994183|
994208|
994209|
994210|
994211|
994212|
994213|
994214|
994215|
994240|
994241|
994242|
994243|
994244|
994245|
994246|
994247|
994272|
994273|
994274|
994275|
994276|
994277|
994278|
994279|
994304|
994305|
994306|
994307|
994308|
994309|
994310|
994311|
994336|
994337|
994338|
994339|
994340|
994341|
994342|
994343|
994368|
994369|
994370|
994371|
994372|
994373|
994374|
994375|
994400|
994401|
994402|
994403|
994404|
994405|
994406|
994407|
994432|
994433|
994434|
994435|
994436|
994437|
994438|
994439|
994464|
994465|
994466|
994467|
994468|
994469|
994470|
994471|
994496|
994497|
994498|
994499|
994500|
994501|
994502|
994503|
994528|
994529|
994530|
994531|
994532|
994533|
994534|
994535|
994560|
994561|
994562|
994563|
994564|
994565|
994566|
994567|
994592|
994593|
994594|
994595|
994596|
994597|
994598|
994599|
994624|
994625|
994626|
994627|
994628|
994629|
994630|
994631|
994656|
994657|
994658|
994659|
994660|
994661|
994662|
994663|
994688|
994689|
994690|
994691|
994692|
994693|
994694|
994695|
994720|
994721|
994722|
994723|
994724|
994725|
994726|
994727|
994752|
994753|
994754|
994755|
994756|
994757|
994758|
994759|
994784|
994785|
994786|
994787|
994788|
994789|
994790|
994791|
994816|
994817|
994818|
994819|
994820|
994821|
994822|
994823|
994848|
994849|
994850|
994851|
994852|
994853|
994854|
994855|
994880|
994881|
994882|
994883|
994884|
994885|
994886|
994887|
994912|
994913|
994914|
994915|
994916|
994917|
994918|
994919|
994944|
994945|
994946|
994947|
994948|
994949|
994950|
994951|
994976|
994977|
994978|
994979|
994980|
994981|
994982|
994983|
995008|
995009|
995010|
995011|
995012|
995013|
995014|
995015|
995040|
995041|
995042|
995043|
995044|
995045|
995046|
995047|
995072|
995073|
995074|
995075|
995076|
995077|
995078|
995079|
995104|
995105|
995106|
995107|
995108|
995109|
995110|
995111|
995136|
995137|
995138|
995139|
995140|
995141|
995142|
995143|
995168|
995169|
995170|
995171|
995172|
995173|
995174|
995175|
995200|
995201|
995202|
995203|
995204|
995205|
995206|
995207|
995232|
995233|
995234|
995235|
995236|
995237|
995238|
995239|
995264|
995265|
995266|
995267|
995268|
995269|
995270|
995271|
995296|
995297|
995298|
995299|
995300|
995301|
995302|
995303|
995328|
995329|
995330|
995331|
995332|
995333|
995334|
995335|
995360|
995361|
995362|
995363|
995364|
995365|
995366|
995367|
995392|
995393|
995394|
995395|
995396|
995397|
995398|
995399|
995424|
995425|
995426|
995427|
995428|
995429|
995430|
995431|
995456|
995457|
995458|
995459|
995460|
995461|
995462|
995463|
995488|
995489|
995490|
995491|
995492|
995493|
995494|
995495|
995520|
995521|
995522|
995523|
995524|
995525|
995526|
995527|
995552|
995553|
995554|
995555|
995556|
995557|
995558|
995559|
995584|
995585|
995586|
995587|
995588|
995589|
995590|
995591|
995616|
995617|
995618|
995619|
995620|
995621|
995622|
995623|
995648|
995649|
995650|
995651|
995652|
995653|
995654|
995655|
995680|
995681|
995682|
995683|
995684|
995685|
995686|
995687|
995712|
995713|
995714|
995715|
995716|
995717|
995718|
995719|
995744|
995745|
995746|
995747|
995748|
995749|
995750|
995751|
995776|
995777|
995778|
995779|
995780|
995781|
995782|
995783|
995808|
995809|
995810|
995811|
995812|
995813|
995814|
995815|
995840|
995841|
995842|
995843|
995844|
995845|
995846|
995847|
995872|
995873|
995874|
995875|
995876|
995877|
995878|
995879|
995904|
995905|
995906|
995907|
995908|
995909|
995910|
995911|
995936|
995937|
995938|
995939|
995940|
995941|
995942|
995943|
995968|
995969|
995970|
995971|
995972|
995973|
995974|
995975|
996000|
