2381989|
2381990|
2381991|
2382016|
2382017|
2382018|
2382019|
2382020|
2382021|
2382022|
2382023|
2382048|
2382049|
2382050|
2382051|
2382052|
2382053|
2382054|
2382055|
2382080|
2382081|
2382082|
2382083|
2382084|
2382085|
2382086|
2382087|
2382112|
2382113|
2382114|
2382115|
2382116|
2382117|
2382118|
2382119|
2382144|
2382145|
2382146|
2382147|
2382148|
2382149|
2382150|
2382151|
2382176|
2382177|
2382178|
2382179|
2382180|
2382181|
2382182|
2382183|
2382208|
2382209|
2382210|
2382211|
2382212|
2382213|
2382214|
2382215|
2382240|
2382241|
2382242|
2382243|
2382244|
2382245|
2382246|
2382247|
2382272|
2382273|
2382274|
2382275|
2382276|
2382277|
2382278|
2382279|
2382304|
2382305|
2382306|
2382307|
2382308|
2382309|
2382310|
2382311|
2382336|
2382337|
2382338|
2382339|
2382340|
2382341|
2382342|
2382343|
2382368|
2382369|
2382370|
2382371|
2382372|
2382373|
2382374|
2382375|
2382400|
2382401|
2382402|
2382403|
2382404|
2382405|
2382406|
2382407|
2382432|
2382433|
2382434|
2382435|
2382436|
2382437|
2382438|
2382439|
2382464|
2382465|
2382466|
2382467|
2382468|
2382469|
2382470|
2382471|
2382496|
2382497|
2382498|
2382499|
2382500|
2382501|
2382502|
2382503|
2382528|
2382529|
2382530|
2382531|
2382532|
2382533|
2382534|
2382535|
2382560|
2382561|
2382562|
2382563|
2382564|
2382565|
2382566|
2382567|
2382592|
2382593|
2382594|
2382595|
2382596|
2382597|
2382598|
2382599|
2382624|
2382625|
2382626|
2382627|
2382628|
2382629|
2382630|
2382631|
2382656|
2382657|
2382658|
2382659|
2382660|
2382661|
2382662|
2382663|
2382688|
2382689|
2382690|
2382691|
2382692|
2382693|
2382694|
2382695|
2382720|
2382721|
2382722|
2382723|
2382724|
2382725|
2382726|
2382727|
2382752|
2382753|
2382754|
2382755|
2382756|
2382757|
2382758|
2382759|
2382784|
2382785|
2382786|
2382787|
2382788|
2382789|
2382790|
2382791|
2382816|
2382817|
2382818|
2382819|
2382820|
2382821|
2382822|
2382823|
2382848|
2382849|
2382850|
2382851|
2382852|
2382853|
2382854|
2382855|
2382880|
2382881|
2382882|
2382883|
2382884|
2382885|
2382886|
2382887|
2382912|
2382913|
2382914|
2382915|
2382916|
2382917|
2382918|
2382919|
2382944|
2382945|
2382946|
2382947|
2382948|
2382949|
2382950|
2382951|
2382976|
2382977|
2382978|
2382979|
2382980|
2382981|
2382982|
2382983|
2383008|
2383009|
2383010|
2383011|
2383012|
2383013|
2383014|
2383015|
2383040|
2383041|
2383042|
2383043|
2383044|
2383045|
2383046|
2383047|
2383072|
2383073|
2383074|
2383075|
2383076|
2383077|
2383078|
2383079|
2383104|
2383105|
2383106|
2383107|
2383108|
2383109|
2383110|
2383111|
2383136|
2383137|
2383138|
2383139|
2383140|
2383141|
2383142|
2383143|
2383168|
2383169|
2383170|
2383171|
2383172|
2383173|
2383174|
2383175|
2383200|
2383201|
2383202|
2383203|
2383204|
2383205|
2383206|
2383207|
2383232|
2383233|
2383234|
2383235|
2383236|
2383237|
2383238|
2383239|
2383264|
2383265|
2383266|
2383267|
2383268|
2383269|
2383270|
2383271|
2383296|
2383297|
2383298|
2383299|
2383300|
2383301|
2383302|
2383303|
2383328|
2383329|
2383330|
2383331|
2383332|
2383333|
2383334|
2383335|
2383360|
2383361|
2383362|
2383363|
2383364|
2383365|
2383366|
2383367|
2383392|
2383393|
2383394|
2383395|
2383396|
2383397|
2383398|
2383399|
2383424|
2383425|
2383426|
2383427|
2383428|
2383429|
2383430|
2383431|
2383456|
2383457|
2383458|
2383459|
2383460|
2383461|
2383462|
2383463|
2383488|
2383489|
2383490|
2383491|
2383492|
2383493|
2383494|
2383495|
2383520|
2383521|
2383522|
2383523|
2383524|
2383525|
2383526|
2383527|
2383552|
2383553|
2383554|
2383555|
2383556|
2383557|
2383558|
2383559|
2383584|
2383585|
2383586|
2383587|
2383588|
2383589|
2383590|
2383591|
2383616|
2383617|
2383618|
2383619|
2383620|
2383621|
2383622|
2383623|
2383648|
2383649|
2383650|
2383651|
2383652|
2383653|
2383654|
2383655|
2383680|
2383681|
2383682|
2383683|
2383684|
2383685|
2383686|
2383687|
2383712|
2383713|
2383714|
2383715|
2383716|
2383717|
2383718|
2383719|
2383744|
2383745|
2383746|
2383747|
2383748|
2383749|
2383750|
2383751|
2383776|
2383777|
2383778|
2383779|
2383780|
2383781|
2383782|
2383783|
2383808|
2383809|
2383810|
2383811|
2383812|
2383813|
2383814|
2383815|
2383840|
2383841|
2383842|
2383843|
2383844|
2383845|
2383846|
2383847|
2383872|
2383873|
2383874|
2383875|
2383876|
2383877|
2383878|
2383879|
2383904|
2383905|
2383906|
2383907|
2383908|
2383909|
2383910|
2383911|
2383936|
2383937|
2383938|
2383939|
2383940|
2383941|
2383942|
2383943|
2383968|
2383969|
2383970|
2383971|
2383972|
2383973|
2383974|
2383975|
2384000|
2384001|
2384002|
2384003|
2384004|
2384005|
2384006|
2384007|
2384032|
2384033|
2384034|
2384035|
2384036|
2384037|
2384038|
2384039|
2384064|
2384065|
2384066|
2384067|
2384068|
2384069|
2384070|
2384071|
2384096|
2384097|
2384098|
2384099|
2384100|
2384101|
2384102|
2384103|
2384128|
2384129|
2384130|
2384131|
2384132|
2384133|
2384134|
2384135|
2384160|
2384161|
2384162|
2384163|
2384164|
2384165|
2384166|
2384167|
2384192|
2384193|
2384194|
2384195|
2384196|
2384197|
2384198|
2384199|
2384224|
2384225|
2384226|
2384227|
2384228|
2384229|
2384230|
2384231|
2384256|
2384257|
2384258|
2384259|
2384260|
2384261|
2384262|
2384263|
2384288|
2384289|
2384290|
2384291|
2384292|
2384293|
2384294|
2384295|
2384320|
2384321|
2384322|
2384323|
2384324|
2384325|
2384326|
2384327|
2384352|
2384353|
2384354|
2384355|
2384356|
2384357|
2384358|
2384359|
2384384|
2384385|
2384386|
2384387|
2384388|
2384389|
2384390|
2384391|
2384416|
2384417|
2384418|
2384419|
2384420|
2384421|
2384422|
2384423|
2384448|
2384449|
2384450|
2384451|
2384452|
2384453|
2384454|
2384455|
2384480|
2384481|
2384482|
2384483|
2384484|
2384485|
2384486|
2384487|
2384512|
2384513|
2384514|
2384515|
2384516|
2384517|
2384518|
2384519|
2384544|
2384545|
2384546|
2384547|
2384548|
2384549|
2384550|
2384551|
2384576|
2384577|
2384578|
2384579|
2384580|
2384581|
2384582|
2384583|
2384608|
2384609|
2384610|
2384611|
2384612|
2384613|
2384614|
2384615|
2384640|
2384641|
2384642|
2384643|
2384644|
2384645|
2384646|
2384647|
2384672|
2384673|
2384674|
2384675|
2384676|
2384677|
2384678|
2384679|
2384704|
2384705|
2384706|
2384707|
2384708|
2384709|
2384710|
2384711|
2384736|
2384737|
2384738|
2384739|
2384740|
2384741|
2384742|
2384743|
2384768|
2384769|
2384770|
2384771|
2384772|
2384773|
2384774|
2384775|
2384800|
2384801|
2384802|
2384803|
2384804|
2384805|
2384806|
2384807|
2384832|
2384833|
2384834|
2384835|
2384836|
2384837|
2384838|
2384839|
2384864|
2384865|
2384866|
2384867|
2384868|
2384869|
2384870|
2384871|
2384896|
2384897|
2384898|
2384899|
2384900|
2384901|
2384902|
2384903|
2384928|
2384929|
2384930|
2384931|
2384932|
2384933|
2384934|
2384935|
2384960|
2384961|
2384962|
2384963|
2384964|
2384965|
2384966|
2384967|
2384992|
2384993|
2384994|
2384995|
2384996|
2384997|
2384998|
2384999|
2385024|
2385025|
2385026|
2385027|
2385028|
2385029|
2385030|
2385031|
2385056|
2385057|
2385058|
2385059|
2385060|
2385061|
2385062|
2385063|
2385088|
2385089|
2385090|
2385091|
2385092|
2385093|
2385094|
2385095|
2385120|
2385121|
2385122|
2385123|
2385124|
2385125|
2385126|
2385127|
2385152|
2385153|
2385154|
2385155|
2385156|
2385157|
2385158|
2385159|
2385184|
2385185|
2385186|
2385187|
2385188|
2385189|
2385190|
2385191|
2385216|
2385217|
2385218|
2385219|
2385220|
2385221|
2385222|
2385223|
2385248|
2385249|
2385250|
2385251|
2385252|
2385253|
2385254|
2385255|
2385280|
2385281|
2385282|
2385283|
2385284|
2385285|
2385286|
2385287|
2385312|
2385313|
2385314|
2385315|
2385316|
2385317|
2385318|
2385319|
2385344|
2385345|
2385346|
2385347|
2385348|
2385349|
2385350|
2385351|
2385376|
2385377|
2385378|
2385379|
2385380|
2385381|
2385382|
2385383|
2385408|
2385409|
2385410|
2385411|
2385412|
2385413|
2385414|
2385415|
2385440|
2385441|
2385442|
2385443|
2385444|
2385445|
2385446|
2385447|
2385472|
2385473|
2385474|
2385475|
2385476|
2385477|
2385478|
2385479|
2385504|
2385505|
2385506|
2385507|
2385508|
2385509|
2385510|
2385511|
2385536|
2385537|
2385538|
2385539|
2385540|
2385541|
2385542|
2385543|
2385568|
2385569|
2385570|
2385571|
2385572|
2385573|
2385574|
2385575|
2385600|
2385601|
2385602|
2385603|
2385604|
2385605|
2385606|
2385607|
2385632|
2385633|
2385634|
2385635|
2385636|
2385637|
2385638|
2385639|
2385664|
2385665|
2385666|
2385667|
2385668|
2385669|
2385670|
2385671|
2385696|
2385697|
2385698|
2385699|
2385700|
2385701|
2385702|
2385703|
2385728|
2385729|
2385730|
2385731|
2385732|
2385733|
2385734|
2385735|
2385760|
2385761|
2385762|
2385763|
2385764|
2385765|
2385766|
2385767|
2385792|
2385793|
2385794|
2385795|
2385796|
2385797|
2385798|
2385799|
2385824|
2385825|
2385826|
2385827|
2385828|
2385829|
2385830|
2385831|
2385856|
2385857|
2385858|
2385859|
2385860|
2385861|
2385862|
2385863|
2385888|
2385889|
2385890|
2385891|
2385892|
2385893|
2385894|
2385895|
2385920|
2385921|
2385922|
2385923|
2385924|
2385925|
2385926|
2385927|
2385952|
2385953|
2385954|
2385955|
2385956|
2385957|
2385958|
2385959|
2385984|
2385985|
2385986|
2385987|
2385988|
2385989|
2385990|
2385991|
2386016|
2386017|
2386018|
2386019|
2386020|
2386021|
2386022|
2386023|
2386048|
2386049|
2386050|
2386051|
2386052|
2386053|
2386054|
2386055|
2386080|
2386081|
2386082|
2386083|
2386084|
2386085|
2386086|
2386087|
2386112|
2386113|
2386114|
2386115|
2386116|
2386117|
2386118|
2386119|
2386144|
2386145|
2386146|
2386147|
2386148|
2386149|
2386150|
2386151|
2386176|
2386177|
2386178|
2386179|
2386180|
2386181|
2386182|
2386183|
2386208|
2386209|
2386210|
2386211|
2386212|
2386213|
2386214|
2386215|
2386240|
2386241|
2386242|
2386243|
2386244|
2386245|
2386246|
2386247|
2386272|
2386273|
2386274|
2386275|
2386276|
2386277|
2386278|
2386279|
2386304|
2386305|
2386306|
2386307|
2386308|
2386309|
2386310|
2386311|
2386336|
2386337|
2386338|
2386339|
2386340|
2386341|
2386342|
2386343|
2386368|
2386369|
2386370|
2386371|
2386372|
2386373|
2386374|
2386375|
2386400|
2386401|
2386402|
2386403|
2386404|
2386405|
2386406|
2386407|
2386432|
2386433|
2386434|
2386435|
2386436|
2386437|
2386438|
2386439|
2386464|
2386465|
2386466|
2386467|
2386468|
2386469|
2386470|
2386471|
2386496|
2386497|
2386498|
2386499|
2386500|
2386501|
2386502|
2386503|
2386528|
2386529|
2386530|
2386531|
2386532|
2386533|
2386534|
2386535|
2386560|
2386561|
2386562|
2386563|
2386564|
2386565|
2386566|
2386567|
2386592|
2386593|
2386594|
2386595|
2386596|
2386597|
2386598|
2386599|
2386624|
2386625|
2386626|
2386627|
2386628|
2386629|
2386630|
2386631|
2386656|
2386657|
2386658|
2386659|
2386660|
2386661|
2386662|
2386663|
2386688|
2386689|
2386690|
2386691|
2386692|
2386693|
2386694|
2386695|
2386720|
2386721|
2386722|
2386723|
2386724|
2386725|
2386726|
2386727|
2386752|
2386753|
2386754|
2386755|
2386756|
2386757|
2386758|
2386759|
2386784|
2386785|
2386786|
2386787|
2386788|
2386789|
2386790|
2386791|
2386816|
2386817|
2386818|
2386819|
2386820|
2386821|
2386822|
2386823|
2386848|
2386849|
2386850|
2386851|
2386852|
2386853|
2386854|
2386855|
2386880|
2386881|
2386882|
2386883|
2386884|
2386885|
2386886|
2386887|
2386912|
2386913|
2386914|
2386915|
2386916|
2386917|
2386918|
2386919|
2386944|
2386945|
2386946|
2386947|
2386948|
2386949|
2386950|
2386951|
2386976|
2386977|
2386978|
2386979|
2386980|
2386981|
2386982|
2386983|
2387008|
2387009|
2387010|
2387011|
2387012|
2387013|
2387014|
2387015|
2387040|
2387041|
2387042|
2387043|
2387044|
2387045|
2387046|
2387047|
2387072|
2387073|
2387074|
2387075|
2387076|
2387077|
2387078|
2387079|
2387104|
2387105|
2387106|
2387107|
2387108|
2387109|
2387110|
2387111|
2387136|
2387137|
2387138|
2387139|
2387140|
2387141|
2387142|
2387143|
2387168|
2387169|
2387170|
2387171|
2387172|
2387173|
2387174|
2387175|
2387200|
2387201|
2387202|
2387203|
2387204|
2387205|
2387206|
2387207|
2387232|
2387233|
2387234|
2387235|
2387236|
2387237|
2387238|
2387239|
2387264|
2387265|
2387266|
2387267|
2387268|
2387269|
2387270|
2387271|
2387296|
2387297|
2387298|
2387299|
2387300|
2387301|
2387302|
2387303|
2387328|
2387329|
2387330|
2387331|
2387332|
2387333|
2387334|
2387335|
2387360|
2387361|
2387362|
2387363|
2387364|
2387365|
2387366|
2387367|
2387392|
2387393|
2387394|
2387395|
2387396|
2387397|
2387398|
2387399|
2387424|
2387425|
2387426|
2387427|
2387428|
2387429|
2387430|
2387431|
2387456|
2387457|
2387458|
2387459|
2387460|
2387461|
2387462|
2387463|
2387488|
2387489|
2387490|
2387491|
2387492|
2387493|
2387494|
2387495|
2387520|
2387521|
2387522|
2387523|
2387524|
2387525|
2387526|
2387527|
2387552|
2387553|
2387554|
2387555|
2387556|
2387557|
2387558|
2387559|
2387584|
2387585|
2387586|
2387587|
2387588|
2387589|
2387590|
2387591|
2387616|
2387617|
2387618|
2387619|
2387620|
2387621|
2387622|
2387623|
2387648|
2387649|
2387650|
2387651|
2387652|
2387653|
2387654|
2387655|
2387680|
2387681|
2387682|
2387683|
2387684|
2387685|
2387686|
2387687|
2387712|
2387713|
2387714|
2387715|
2387716|
2387717|
2387718|
2387719|
2387744|
2387745|
2387746|
2387747|
2387748|
2387749|
2387750|
2387751|
2387776|
2387777|
2387778|
2387779|
2387780|
2387781|
2387782|
2387783|
2387808|
2387809|
2387810|
2387811|
2387812|
2387813|
2387814|
2387815|
2387840|
2387841|
2387842|
2387843|
2387844|
2387845|
2387846|
2387847|
2387872|
2387873|
2387874|
2387875|
2387876|
2387877|
2387878|
2387879|
2387904|
2387905|
2387906|
2387907|
2387908|
2387909|
2387910|
2387911|
2387936|
2387937|
2387938|
2387939|
2387940|
2387941|
2387942|
2387943|
2387968|
2387969|
2387970|
2387971|
2387972|
2387973|
2387974|
2387975|
2388000|
