2621989|
2621990|
2621991|
2622016|
2622017|
2622018|
2622019|
2622020|
2622021|
2622022|
2622023|
2622048|
2622049|
2622050|
2622051|
2622052|
2622053|
2622054|
2622055|
2622080|
2622081|
2622082|
2622083|
2622084|
2622085|
2622086|
2622087|
2622112|
2622113|
2622114|
2622115|
2622116|
2622117|
2622118|
2622119|
2622144|
2622145|
2622146|
2622147|
2622148|
2622149|
2622150|
2622151|
2622176|
2622177|
2622178|
2622179|
2622180|
2622181|
2622182|
2622183|
2622208|
2622209|
2622210|
2622211|
2622212|
2622213|
2622214|
2622215|
2622240|
2622241|
2622242|
2622243|
2622244|
2622245|
2622246|
2622247|
2622272|
2622273|
2622274|
2622275|
2622276|
2622277|
2622278|
2622279|
2622304|
2622305|
2622306|
2622307|
2622308|
2622309|
2622310|
2622311|
2622336|
2622337|
2622338|
2622339|
2622340|
2622341|
2622342|
2622343|
2622368|
2622369|
2622370|
2622371|
2622372|
2622373|
2622374|
2622375|
2622400|
2622401|
2622402|
2622403|
2622404|
2622405|
2622406|
2622407|
2622432|
2622433|
2622434|
2622435|
2622436|
2622437|
2622438|
2622439|
2622464|
2622465|
2622466|
2622467|
2622468|
2622469|
2622470|
2622471|
2622496|
2622497|
2622498|
2622499|
2622500|
2622501|
2622502|
2622503|
2622528|
2622529|
2622530|
2622531|
2622532|
2622533|
2622534|
2622535|
2622560|
2622561|
2622562|
2622563|
2622564|
2622565|
2622566|
2622567|
2622592|
2622593|
2622594|
2622595|
2622596|
2622597|
2622598|
2622599|
2622624|
2622625|
2622626|
2622627|
2622628|
2622629|
2622630|
2622631|
2622656|
2622657|
2622658|
2622659|
2622660|
2622661|
2622662|
2622663|
2622688|
2622689|
2622690|
2622691|
2622692|
2622693|
2622694|
2622695|
2622720|
2622721|
2622722|
2622723|
2622724|
2622725|
2622726|
2622727|
2622752|
2622753|
2622754|
2622755|
2622756|
2622757|
2622758|
2622759|
2622784|
2622785|
2622786|
2622787|
2622788|
2622789|
2622790|
2622791|
2622816|
2622817|
2622818|
2622819|
2622820|
2622821|
2622822|
2622823|
2622848|
2622849|
2622850|
2622851|
2622852|
2622853|
2622854|
2622855|
2622880|
2622881|
2622882|
2622883|
2622884|
2622885|
2622886|
2622887|
2622912|
2622913|
2622914|
2622915|
2622916|
2622917|
2622918|
2622919|
2622944|
2622945|
2622946|
2622947|
2622948|
2622949|
2622950|
2622951|
2622976|
2622977|
2622978|
2622979|
2622980|
2622981|
2622982|
2622983|
2623008|
2623009|
2623010|
2623011|
2623012|
2623013|
2623014|
2623015|
2623040|
2623041|
2623042|
2623043|
2623044|
2623045|
2623046|
2623047|
2623072|
2623073|
2623074|
2623075|
2623076|
2623077|
2623078|
2623079|
2623104|
2623105|
2623106|
2623107|
2623108|
2623109|
2623110|
2623111|
2623136|
2623137|
2623138|
2623139|
2623140|
2623141|
2623142|
2623143|
2623168|
2623169|
2623170|
2623171|
2623172|
2623173|
2623174|
2623175|
2623200|
2623201|
2623202|
2623203|
2623204|
2623205|
2623206|
2623207|
2623232|
2623233|
2623234|
2623235|
2623236|
2623237|
2623238|
2623239|
2623264|
2623265|
2623266|
2623267|
2623268|
2623269|
2623270|
2623271|
2623296|
2623297|
2623298|
2623299|
2623300|
2623301|
2623302|
2623303|
2623328|
2623329|
2623330|
2623331|
2623332|
2623333|
2623334|
2623335|
2623360|
2623361|
2623362|
2623363|
2623364|
2623365|
2623366|
2623367|
2623392|
2623393|
2623394|
2623395|
2623396|
2623397|
2623398|
2623399|
2623424|
2623425|
2623426|
2623427|
2623428|
2623429|
2623430|
2623431|
2623456|
2623457|
2623458|
2623459|
2623460|
2623461|
2623462|
2623463|
2623488|
2623489|
2623490|
2623491|
2623492|
2623493|
2623494|
2623495|
2623520|
2623521|
2623522|
2623523|
2623524|
2623525|
2623526|
2623527|
2623552|
2623553|
2623554|
2623555|
2623556|
2623557|
2623558|
2623559|
2623584|
2623585|
2623586|
2623587|
2623588|
2623589|
2623590|
2623591|
2623616|
2623617|
2623618|
2623619|
2623620|
2623621|
2623622|
2623623|
2623648|
2623649|
2623650|
2623651|
2623652|
2623653|
2623654|
2623655|
2623680|
2623681|
2623682|
2623683|
2623684|
2623685|
2623686|
2623687|
2623712|
2623713|
2623714|
2623715|
2623716|
2623717|
2623718|
2623719|
2623744|
2623745|
2623746|
2623747|
2623748|
2623749|
2623750|
2623751|
2623776|
2623777|
2623778|
2623779|
2623780|
2623781|
2623782|
2623783|
2623808|
2623809|
2623810|
2623811|
2623812|
2623813|
2623814|
2623815|
2623840|
2623841|
2623842|
2623843|
2623844|
2623845|
2623846|
2623847|
2623872|
2623873|
2623874|
2623875|
2623876|
2623877|
2623878|
2623879|
2623904|
2623905|
2623906|
2623907|
2623908|
2623909|
2623910|
2623911|
2623936|
2623937|
2623938|
2623939|
2623940|
2623941|
2623942|
2623943|
2623968|
2623969|
2623970|
2623971|
2623972|
2623973|
2623974|
2623975|
2624000|
2624001|
2624002|
2624003|
2624004|
2624005|
2624006|
2624007|
2624032|
2624033|
2624034|
2624035|
2624036|
2624037|
2624038|
2624039|
2624064|
2624065|
2624066|
2624067|
2624068|
2624069|
2624070|
2624071|
2624096|
2624097|
2624098|
2624099|
2624100|
2624101|
2624102|
2624103|
2624128|
2624129|
2624130|
2624131|
2624132|
2624133|
2624134|
2624135|
2624160|
2624161|
2624162|
2624163|
2624164|
2624165|
2624166|
2624167|
2624192|
2624193|
2624194|
2624195|
2624196|
2624197|
2624198|
2624199|
2624224|
2624225|
2624226|
2624227|
2624228|
2624229|
2624230|
2624231|
2624256|
2624257|
2624258|
2624259|
2624260|
2624261|
2624262|
2624263|
2624288|
2624289|
2624290|
2624291|
2624292|
2624293|
2624294|
2624295|
2624320|
2624321|
2624322|
2624323|
2624324|
2624325|
2624326|
2624327|
2624352|
2624353|
2624354|
2624355|
2624356|
2624357|
2624358|
2624359|
2624384|
2624385|
2624386|
2624387|
2624388|
2624389|
2624390|
2624391|
2624416|
2624417|
2624418|
2624419|
2624420|
2624421|
2624422|
2624423|
2624448|
2624449|
2624450|
2624451|
2624452|
2624453|
2624454|
2624455|
2624480|
2624481|
2624482|
2624483|
2624484|
2624485|
2624486|
2624487|
2624512|
2624513|
2624514|
2624515|
2624516|
2624517|
2624518|
2624519|
2624544|
2624545|
2624546|
2624547|
2624548|
2624549|
2624550|
2624551|
2624576|
2624577|
2624578|
2624579|
2624580|
2624581|
2624582|
2624583|
2624608|
2624609|
2624610|
2624611|
2624612|
2624613|
2624614|
2624615|
2624640|
2624641|
2624642|
2624643|
2624644|
2624645|
2624646|
2624647|
2624672|
2624673|
2624674|
2624675|
2624676|
2624677|
2624678|
2624679|
2624704|
2624705|
2624706|
2624707|
2624708|
2624709|
2624710|
2624711|
2624736|
2624737|
2624738|
2624739|
2624740|
2624741|
2624742|
2624743|
2624768|
2624769|
2624770|
2624771|
2624772|
2624773|
2624774|
2624775|
2624800|
2624801|
2624802|
2624803|
2624804|
2624805|
2624806|
2624807|
2624832|
2624833|
2624834|
2624835|
2624836|
2624837|
2624838|
2624839|
2624864|
2624865|
2624866|
2624867|
2624868|
2624869|
2624870|
2624871|
2624896|
2624897|
2624898|
2624899|
2624900|
2624901|
2624902|
2624903|
2624928|
2624929|
2624930|
2624931|
2624932|
2624933|
2624934|
2624935|
2624960|
2624961|
2624962|
2624963|
2624964|
2624965|
2624966|
2624967|
2624992|
2624993|
2624994|
2624995|
2624996|
2624997|
2624998|
2624999|
2625024|
2625025|
2625026|
2625027|
2625028|
2625029|
2625030|
2625031|
2625056|
2625057|
2625058|
2625059|
2625060|
2625061|
2625062|
2625063|
2625088|
2625089|
2625090|
2625091|
2625092|
2625093|
2625094|
2625095|
2625120|
2625121|
2625122|
2625123|
2625124|
2625125|
2625126|
2625127|
2625152|
2625153|
2625154|
2625155|
2625156|
2625157|
2625158|
2625159|
2625184|
2625185|
2625186|
2625187|
2625188|
2625189|
2625190|
2625191|
2625216|
2625217|
2625218|
2625219|
2625220|
2625221|
2625222|
2625223|
2625248|
2625249|
2625250|
2625251|
2625252|
2625253|
2625254|
2625255|
2625280|
2625281|
2625282|
2625283|
2625284|
2625285|
2625286|
2625287|
2625312|
2625313|
2625314|
2625315|
2625316|
2625317|
2625318|
2625319|
2625344|
2625345|
2625346|
2625347|
2625348|
2625349|
2625350|
2625351|
2625376|
2625377|
2625378|
2625379|
2625380|
2625381|
2625382|
2625383|
2625408|
2625409|
2625410|
2625411|
2625412|
2625413|
2625414|
2625415|
2625440|
2625441|
2625442|
2625443|
2625444|
2625445|
2625446|
2625447|
2625472|
2625473|
2625474|
2625475|
2625476|
2625477|
2625478|
2625479|
2625504|
2625505|
2625506|
2625507|
2625508|
2625509|
2625510|
2625511|
2625536|
2625537|
2625538|
2625539|
2625540|
2625541|
2625542|
2625543|
2625568|
2625569|
2625570|
2625571|
2625572|
2625573|
2625574|
2625575|
2625600|
2625601|
2625602|
2625603|
2625604|
2625605|
2625606|
2625607|
2625632|
2625633|
2625634|
2625635|
2625636|
2625637|
2625638|
2625639|
2625664|
2625665|
2625666|
2625667|
2625668|
2625669|
2625670|
2625671|
2625696|
2625697|
2625698|
2625699|
2625700|
2625701|
2625702|
2625703|
2625728|
2625729|
2625730|
2625731|
2625732|
2625733|
2625734|
2625735|
2625760|
2625761|
2625762|
2625763|
2625764|
2625765|
2625766|
2625767|
2625792|
2625793|
2625794|
2625795|
2625796|
2625797|
2625798|
2625799|
2625824|
2625825|
2625826|
2625827|
2625828|
2625829|
2625830|
2625831|
2625856|
2625857|
2625858|
2625859|
2625860|
2625861|
2625862|
2625863|
2625888|
2625889|
2625890|
2625891|
2625892|
2625893|
2625894|
2625895|
2625920|
2625921|
2625922|
2625923|
2625924|
2625925|
2625926|
2625927|
2625952|
2625953|
2625954|
2625955|
2625956|
2625957|
2625958|
2625959|
2625984|
2625985|
2625986|
2625987|
2625988|
2625989|
2625990|
2625991|
2626016|
2626017|
2626018|
2626019|
2626020|
2626021|
2626022|
2626023|
2626048|
2626049|
2626050|
2626051|
2626052|
2626053|
2626054|
2626055|
2626080|
2626081|
2626082|
2626083|
2626084|
2626085|
2626086|
2626087|
2626112|
2626113|
2626114|
2626115|
2626116|
2626117|
2626118|
2626119|
2626144|
2626145|
2626146|
2626147|
2626148|
2626149|
2626150|
2626151|
2626176|
2626177|
2626178|
2626179|
2626180|
2626181|
2626182|
2626183|
2626208|
2626209|
2626210|
2626211|
2626212|
2626213|
2626214|
2626215|
2626240|
2626241|
2626242|
2626243|
2626244|
2626245|
2626246|
2626247|
2626272|
2626273|
2626274|
2626275|
2626276|
2626277|
2626278|
2626279|
2626304|
2626305|
2626306|
2626307|
2626308|
2626309|
2626310|
2626311|
2626336|
2626337|
2626338|
2626339|
2626340|
2626341|
2626342|
2626343|
2626368|
2626369|
2626370|
2626371|
2626372|
2626373|
2626374|
2626375|
2626400|
2626401|
2626402|
2626403|
2626404|
2626405|
2626406|
2626407|
2626432|
2626433|
2626434|
2626435|
2626436|
2626437|
2626438|
2626439|
2626464|
2626465|
2626466|
2626467|
2626468|
2626469|
2626470|
2626471|
2626496|
2626497|
2626498|
2626499|
2626500|
2626501|
2626502|
2626503|
2626528|
2626529|
2626530|
2626531|
2626532|
2626533|
2626534|
2626535|
2626560|
2626561|
2626562|
2626563|
2626564|
2626565|
2626566|
2626567|
2626592|
2626593|
2626594|
2626595|
2626596|
2626597|
2626598|
2626599|
2626624|
2626625|
2626626|
2626627|
2626628|
2626629|
2626630|
2626631|
2626656|
2626657|
2626658|
2626659|
2626660|
2626661|
2626662|
2626663|
2626688|
2626689|
2626690|
2626691|
2626692|
2626693|
2626694|
2626695|
2626720|
2626721|
2626722|
2626723|
2626724|
2626725|
2626726|
2626727|
2626752|
2626753|
2626754|
2626755|
2626756|
2626757|
2626758|
2626759|
2626784|
2626785|
2626786|
2626787|
2626788|
2626789|
2626790|
2626791|
2626816|
2626817|
2626818|
2626819|
2626820|
2626821|
2626822|
2626823|
2626848|
2626849|
2626850|
2626851|
2626852|
2626853|
2626854|
2626855|
2626880|
2626881|
2626882|
2626883|
2626884|
2626885|
2626886|
2626887|
2626912|
2626913|
2626914|
2626915|
2626916|
2626917|
2626918|
2626919|
2626944|
2626945|
2626946|
2626947|
2626948|
2626949|
2626950|
2626951|
2626976|
2626977|
2626978|
2626979|
2626980|
2626981|
2626982|
2626983|
2627008|
2627009|
2627010|
2627011|
2627012|
2627013|
2627014|
2627015|
2627040|
2627041|
2627042|
2627043|
2627044|
2627045|
2627046|
2627047|
2627072|
2627073|
2627074|
2627075|
2627076|
2627077|
2627078|
2627079|
2627104|
2627105|
2627106|
2627107|
2627108|
2627109|
2627110|
2627111|
2627136|
2627137|
2627138|
2627139|
2627140|
2627141|
2627142|
2627143|
2627168|
2627169|
2627170|
2627171|
2627172|
2627173|
2627174|
2627175|
2627200|
2627201|
2627202|
2627203|
2627204|
2627205|
2627206|
2627207|
2627232|
2627233|
2627234|
2627235|
2627236|
2627237|
2627238|
2627239|
2627264|
2627265|
2627266|
2627267|
2627268|
2627269|
2627270|
2627271|
2627296|
2627297|
2627298|
2627299|
2627300|
2627301|
2627302|
2627303|
2627328|
2627329|
2627330|
2627331|
2627332|
2627333|
2627334|
2627335|
2627360|
2627361|
2627362|
2627363|
2627364|
2627365|
2627366|
2627367|
2627392|
2627393|
2627394|
2627395|
2627396|
2627397|
2627398|
2627399|
2627424|
2627425|
2627426|
2627427|
2627428|
2627429|
2627430|
2627431|
2627456|
2627457|
2627458|
2627459|
2627460|
2627461|
2627462|
2627463|
2627488|
2627489|
2627490|
2627491|
2627492|
2627493|
2627494|
2627495|
2627520|
2627521|
2627522|
2627523|
2627524|
2627525|
2627526|
2627527|
2627552|
2627553|
2627554|
2627555|
2627556|
2627557|
2627558|
2627559|
2627584|
2627585|
2627586|
2627587|
2627588|
2627589|
2627590|
2627591|
2627616|
2627617|
2627618|
2627619|
2627620|
2627621|
2627622|
2627623|
2627648|
2627649|
2627650|
2627651|
2627652|
2627653|
2627654|
2627655|
2627680|
2627681|
2627682|
2627683|
2627684|
2627685|
2627686|
2627687|
2627712|
2627713|
2627714|
2627715|
2627716|
2627717|
2627718|
2627719|
2627744|
2627745|
2627746|
2627747|
2627748|
2627749|
2627750|
2627751|
2627776|
2627777|
2627778|
2627779|
2627780|
2627781|
2627782|
2627783|
2627808|
2627809|
2627810|
2627811|
2627812|
2627813|
2627814|
2627815|
2627840|
2627841|
2627842|
2627843|
2627844|
2627845|
2627846|
2627847|
2627872|
2627873|
2627874|
2627875|
2627876|
2627877|
2627878|
2627879|
2627904|
2627905|
2627906|
2627907|
2627908|
2627909|
2627910|
2627911|
2627936|
2627937|
2627938|
2627939|
2627940|
2627941|
2627942|
2627943|
2627968|
2627969|
2627970|
2627971|
2627972|
2627973|
2627974|
2627975|
2628000|
