1229989|
1229990|
1229991|
1230016|
1230017|
1230018|
1230019|
1230020|
1230021|
1230022|
1230023|
1230048|
1230049|
1230050|
1230051|
1230052|
1230053|
1230054|
1230055|
1230080|
1230081|
1230082|
1230083|
1230084|
1230085|
1230086|
1230087|
1230112|
1230113|
1230114|
1230115|
1230116|
1230117|
1230118|
1230119|
1230144|
1230145|
1230146|
1230147|
1230148|
1230149|
1230150|
1230151|
1230176|
1230177|
1230178|
1230179|
1230180|
1230181|
1230182|
1230183|
1230208|
1230209|
1230210|
1230211|
1230212|
1230213|
1230214|
1230215|
1230240|
1230241|
1230242|
1230243|
1230244|
1230245|
1230246|
1230247|
1230272|
1230273|
1230274|
1230275|
1230276|
1230277|
1230278|
1230279|
1230304|
1230305|
1230306|
1230307|
1230308|
1230309|
1230310|
1230311|
1230336|
1230337|
1230338|
1230339|
1230340|
1230341|
1230342|
1230343|
1230368|
1230369|
1230370|
1230371|
1230372|
1230373|
1230374|
1230375|
1230400|
1230401|
1230402|
1230403|
1230404|
1230405|
1230406|
1230407|
1230432|
1230433|
1230434|
1230435|
1230436|
1230437|
1230438|
1230439|
1230464|
1230465|
1230466|
1230467|
1230468|
1230469|
1230470|
1230471|
1230496|
1230497|
1230498|
1230499|
1230500|
1230501|
1230502|
1230503|
1230528|
1230529|
1230530|
1230531|
1230532|
1230533|
1230534|
1230535|
1230560|
1230561|
1230562|
1230563|
1230564|
1230565|
1230566|
1230567|
1230592|
1230593|
1230594|
1230595|
1230596|
1230597|
1230598|
1230599|
1230624|
1230625|
1230626|
1230627|
1230628|
1230629|
1230630|
1230631|
1230656|
1230657|
1230658|
1230659|
1230660|
1230661|
1230662|
1230663|
1230688|
1230689|
1230690|
1230691|
1230692|
1230693|
1230694|
1230695|
1230720|
1230721|
1230722|
1230723|
1230724|
1230725|
1230726|
1230727|
1230752|
1230753|
1230754|
1230755|
1230756|
1230757|
1230758|
1230759|
1230784|
1230785|
1230786|
1230787|
1230788|
1230789|
1230790|
1230791|
1230816|
1230817|
1230818|
1230819|
1230820|
1230821|
1230822|
1230823|
1230848|
1230849|
1230850|
1230851|
1230852|
1230853|
1230854|
1230855|
1230880|
1230881|
1230882|
1230883|
1230884|
1230885|
1230886|
1230887|
1230912|
1230913|
1230914|
1230915|
1230916|
1230917|
1230918|
1230919|
1230944|
1230945|
1230946|
1230947|
1230948|
1230949|
1230950|
1230951|
1230976|
1230977|
1230978|
1230979|
1230980|
1230981|
1230982|
1230983|
1231008|
1231009|
1231010|
1231011|
1231012|
1231013|
1231014|
1231015|
1231040|
1231041|
1231042|
1231043|
1231044|
1231045|
1231046|
1231047|
1231072|
1231073|
1231074|
1231075|
1231076|
1231077|
1231078|
1231079|
1231104|
1231105|
1231106|
1231107|
1231108|
1231109|
1231110|
1231111|
1231136|
1231137|
1231138|
1231139|
1231140|
1231141|
1231142|
1231143|
1231168|
1231169|
1231170|
1231171|
1231172|
1231173|
1231174|
1231175|
1231200|
1231201|
1231202|
1231203|
1231204|
1231205|
1231206|
1231207|
1231232|
1231233|
1231234|
1231235|
1231236|
1231237|
1231238|
1231239|
1231264|
1231265|
1231266|
1231267|
1231268|
1231269|
1231270|
1231271|
1231296|
1231297|
1231298|
1231299|
1231300|
1231301|
1231302|
1231303|
1231328|
1231329|
1231330|
1231331|
1231332|
1231333|
1231334|
1231335|
1231360|
1231361|
1231362|
1231363|
1231364|
1231365|
1231366|
1231367|
1231392|
1231393|
1231394|
1231395|
1231396|
1231397|
1231398|
1231399|
1231424|
1231425|
1231426|
1231427|
1231428|
1231429|
1231430|
1231431|
1231456|
1231457|
1231458|
1231459|
1231460|
1231461|
1231462|
1231463|
1231488|
1231489|
1231490|
1231491|
1231492|
1231493|
1231494|
1231495|
1231520|
1231521|
1231522|
1231523|
1231524|
1231525|
1231526|
1231527|
1231552|
1231553|
1231554|
1231555|
1231556|
1231557|
1231558|
1231559|
1231584|
1231585|
1231586|
1231587|
1231588|
1231589|
1231590|
1231591|
1231616|
1231617|
1231618|
1231619|
1231620|
1231621|
1231622|
1231623|
1231648|
1231649|
1231650|
1231651|
1231652|
1231653|
1231654|
1231655|
1231680|
1231681|
1231682|
1231683|
1231684|
1231685|
1231686|
1231687|
1231712|
1231713|
1231714|
1231715|
1231716|
1231717|
1231718|
1231719|
1231744|
1231745|
1231746|
1231747|
1231748|
1231749|
1231750|
1231751|
1231776|
1231777|
1231778|
1231779|
1231780|
1231781|
1231782|
1231783|
1231808|
1231809|
1231810|
1231811|
1231812|
1231813|
1231814|
1231815|
1231840|
1231841|
1231842|
1231843|
1231844|
1231845|
1231846|
1231847|
1231872|
1231873|
1231874|
1231875|
1231876|
1231877|
1231878|
1231879|
1231904|
1231905|
1231906|
1231907|
1231908|
1231909|
1231910|
1231911|
1231936|
1231937|
1231938|
1231939|
1231940|
1231941|
1231942|
1231943|
1231968|
1231969|
1231970|
1231971|
1231972|
1231973|
1231974|
1231975|
1232000|
1232001|
1232002|
1232003|
1232004|
1232005|
1232006|
1232007|
1232032|
1232033|
1232034|
1232035|
1232036|
1232037|
1232038|
1232039|
1232064|
1232065|
1232066|
1232067|
1232068|
1232069|
1232070|
1232071|
1232096|
1232097|
1232098|
1232099|
1232100|
1232101|
1232102|
1232103|
1232128|
1232129|
1232130|
1232131|
1232132|
1232133|
1232134|
1232135|
1232160|
1232161|
1232162|
1232163|
1232164|
1232165|
1232166|
1232167|
1232192|
1232193|
1232194|
1232195|
1232196|
1232197|
1232198|
1232199|
1232224|
1232225|
1232226|
1232227|
1232228|
1232229|
1232230|
1232231|
1232256|
1232257|
1232258|
1232259|
1232260|
1232261|
1232262|
1232263|
1232288|
1232289|
1232290|
1232291|
1232292|
1232293|
1232294|
1232295|
1232320|
1232321|
1232322|
1232323|
1232324|
1232325|
1232326|
1232327|
1232352|
1232353|
1232354|
1232355|
1232356|
1232357|
1232358|
1232359|
1232384|
1232385|
1232386|
1232387|
1232388|
1232389|
1232390|
1232391|
1232416|
1232417|
1232418|
1232419|
1232420|
1232421|
1232422|
1232423|
1232448|
1232449|
1232450|
1232451|
1232452|
1232453|
1232454|
1232455|
1232480|
1232481|
1232482|
1232483|
1232484|
1232485|
1232486|
1232487|
1232512|
1232513|
1232514|
1232515|
1232516|
1232517|
1232518|
1232519|
1232544|
1232545|
1232546|
1232547|
1232548|
1232549|
1232550|
1232551|
1232576|
1232577|
1232578|
1232579|
1232580|
1232581|
1232582|
1232583|
1232608|
1232609|
1232610|
1232611|
1232612|
1232613|
1232614|
1232615|
1232640|
1232641|
1232642|
1232643|
1232644|
1232645|
1232646|
1232647|
1232672|
1232673|
1232674|
1232675|
1232676|
1232677|
1232678|
1232679|
1232704|
1232705|
1232706|
1232707|
1232708|
1232709|
1232710|
1232711|
1232736|
1232737|
1232738|
1232739|
1232740|
1232741|
1232742|
1232743|
1232768|
1232769|
1232770|
1232771|
1232772|
1232773|
1232774|
1232775|
1232800|
1232801|
1232802|
1232803|
1232804|
1232805|
1232806|
1232807|
1232832|
1232833|
1232834|
1232835|
1232836|
1232837|
1232838|
1232839|
1232864|
1232865|
1232866|
1232867|
1232868|
1232869|
1232870|
1232871|
1232896|
1232897|
1232898|
1232899|
1232900|
1232901|
1232902|
1232903|
1232928|
1232929|
1232930|
1232931|
1232932|
1232933|
1232934|
1232935|
1232960|
1232961|
1232962|
1232963|
1232964|
1232965|
1232966|
1232967|
1232992|
1232993|
1232994|
1232995|
1232996|
1232997|
1232998|
1232999|
1233024|
1233025|
1233026|
1233027|
1233028|
1233029|
1233030|
1233031|
1233056|
1233057|
1233058|
1233059|
1233060|
1233061|
1233062|
1233063|
1233088|
1233089|
1233090|
1233091|
1233092|
1233093|
1233094|
1233095|
1233120|
1233121|
1233122|
1233123|
1233124|
1233125|
1233126|
1233127|
1233152|
1233153|
1233154|
1233155|
1233156|
1233157|
1233158|
1233159|
1233184|
1233185|
1233186|
1233187|
1233188|
1233189|
1233190|
1233191|
1233216|
1233217|
1233218|
1233219|
1233220|
1233221|
1233222|
1233223|
1233248|
1233249|
1233250|
1233251|
1233252|
1233253|
1233254|
1233255|
1233280|
1233281|
1233282|
1233283|
1233284|
1233285|
1233286|
1233287|
1233312|
1233313|
1233314|
1233315|
1233316|
1233317|
1233318|
1233319|
1233344|
1233345|
1233346|
1233347|
1233348|
1233349|
1233350|
1233351|
1233376|
1233377|
1233378|
1233379|
1233380|
1233381|
1233382|
1233383|
1233408|
1233409|
1233410|
1233411|
1233412|
1233413|
1233414|
1233415|
1233440|
1233441|
1233442|
1233443|
1233444|
1233445|
1233446|
1233447|
1233472|
1233473|
1233474|
1233475|
1233476|
1233477|
1233478|
1233479|
1233504|
1233505|
1233506|
1233507|
1233508|
1233509|
1233510|
1233511|
1233536|
1233537|
1233538|
1233539|
1233540|
1233541|
1233542|
1233543|
1233568|
1233569|
1233570|
1233571|
1233572|
1233573|
1233574|
1233575|
1233600|
1233601|
1233602|
1233603|
1233604|
1233605|
1233606|
1233607|
1233632|
1233633|
1233634|
1233635|
1233636|
1233637|
1233638|
1233639|
1233664|
1233665|
1233666|
1233667|
1233668|
1233669|
1233670|
1233671|
1233696|
1233697|
1233698|
1233699|
1233700|
1233701|
1233702|
1233703|
1233728|
1233729|
1233730|
1233731|
1233732|
1233733|
1233734|
1233735|
1233760|
1233761|
1233762|
1233763|
1233764|
1233765|
1233766|
1233767|
1233792|
1233793|
1233794|
1233795|
1233796|
1233797|
1233798|
1233799|
1233824|
1233825|
1233826|
1233827|
1233828|
1233829|
1233830|
1233831|
1233856|
1233857|
1233858|
1233859|
1233860|
1233861|
1233862|
1233863|
1233888|
1233889|
1233890|
1233891|
1233892|
1233893|
1233894|
1233895|
1233920|
1233921|
1233922|
1233923|
1233924|
1233925|
1233926|
1233927|
1233952|
1233953|
1233954|
1233955|
1233956|
1233957|
1233958|
1233959|
1233984|
1233985|
1233986|
1233987|
1233988|
1233989|
1233990|
1233991|
1234016|
1234017|
1234018|
1234019|
1234020|
1234021|
1234022|
1234023|
1234048|
1234049|
1234050|
1234051|
1234052|
1234053|
1234054|
1234055|
1234080|
1234081|
1234082|
1234083|
1234084|
1234085|
1234086|
1234087|
1234112|
1234113|
1234114|
1234115|
1234116|
1234117|
1234118|
1234119|
1234144|
1234145|
1234146|
1234147|
1234148|
1234149|
1234150|
1234151|
1234176|
1234177|
1234178|
1234179|
1234180|
1234181|
1234182|
1234183|
1234208|
1234209|
1234210|
1234211|
1234212|
1234213|
1234214|
1234215|
1234240|
1234241|
1234242|
1234243|
1234244|
1234245|
1234246|
1234247|
1234272|
1234273|
1234274|
1234275|
1234276|
1234277|
1234278|
1234279|
1234304|
1234305|
1234306|
1234307|
1234308|
1234309|
1234310|
1234311|
1234336|
1234337|
1234338|
1234339|
1234340|
1234341|
1234342|
1234343|
1234368|
1234369|
1234370|
1234371|
1234372|
1234373|
1234374|
1234375|
1234400|
1234401|
1234402|
1234403|
1234404|
1234405|
1234406|
1234407|
1234432|
1234433|
1234434|
1234435|
1234436|
1234437|
1234438|
1234439|
1234464|
1234465|
1234466|
1234467|
1234468|
1234469|
1234470|
1234471|
1234496|
1234497|
1234498|
1234499|
1234500|
1234501|
1234502|
1234503|
1234528|
1234529|
1234530|
1234531|
1234532|
1234533|
1234534|
1234535|
1234560|
1234561|
1234562|
1234563|
1234564|
1234565|
1234566|
1234567|
1234592|
1234593|
1234594|
1234595|
1234596|
1234597|
1234598|
1234599|
1234624|
1234625|
1234626|
1234627|
1234628|
1234629|
1234630|
1234631|
1234656|
1234657|
1234658|
1234659|
1234660|
1234661|
1234662|
1234663|
1234688|
1234689|
1234690|
1234691|
1234692|
1234693|
1234694|
1234695|
1234720|
1234721|
1234722|
1234723|
1234724|
1234725|
1234726|
1234727|
1234752|
1234753|
1234754|
1234755|
1234756|
1234757|
1234758|
1234759|
1234784|
1234785|
1234786|
1234787|
1234788|
1234789|
1234790|
1234791|
1234816|
1234817|
1234818|
1234819|
1234820|
1234821|
1234822|
1234823|
1234848|
1234849|
1234850|
1234851|
1234852|
1234853|
1234854|
1234855|
1234880|
1234881|
1234882|
1234883|
1234884|
1234885|
1234886|
1234887|
1234912|
1234913|
1234914|
1234915|
1234916|
1234917|
1234918|
1234919|
1234944|
1234945|
1234946|
1234947|
1234948|
1234949|
1234950|
1234951|
1234976|
1234977|
1234978|
1234979|
1234980|
1234981|
1234982|
1234983|
1235008|
1235009|
1235010|
1235011|
1235012|
1235013|
1235014|
1235015|
1235040|
1235041|
1235042|
1235043|
1235044|
1235045|
1235046|
1235047|
1235072|
1235073|
1235074|
1235075|
1235076|
1235077|
1235078|
1235079|
1235104|
1235105|
1235106|
1235107|
1235108|
1235109|
1235110|
1235111|
1235136|
1235137|
1235138|
1235139|
1235140|
1235141|
1235142|
1235143|
1235168|
1235169|
1235170|
1235171|
1235172|
1235173|
1235174|
1235175|
1235200|
1235201|
1235202|
1235203|
1235204|
1235205|
1235206|
1235207|
1235232|
1235233|
1235234|
1235235|
1235236|
1235237|
1235238|
1235239|
1235264|
1235265|
1235266|
1235267|
1235268|
1235269|
1235270|
1235271|
1235296|
1235297|
1235298|
1235299|
1235300|
1235301|
1235302|
1235303|
1235328|
1235329|
1235330|
1235331|
1235332|
1235333|
1235334|
1235335|
1235360|
1235361|
1235362|
1235363|
1235364|
1235365|
1235366|
1235367|
1235392|
1235393|
1235394|
1235395|
1235396|
1235397|
1235398|
1235399|
1235424|
1235425|
1235426|
1235427|
1235428|
1235429|
1235430|
1235431|
1235456|
1235457|
1235458|
1235459|
1235460|
1235461|
1235462|
1235463|
1235488|
1235489|
1235490|
1235491|
1235492|
1235493|
1235494|
1235495|
1235520|
1235521|
1235522|
1235523|
1235524|
1235525|
1235526|
1235527|
1235552|
1235553|
1235554|
1235555|
1235556|
1235557|
1235558|
1235559|
1235584|
1235585|
1235586|
1235587|
1235588|
1235589|
1235590|
1235591|
1235616|
1235617|
1235618|
1235619|
1235620|
1235621|
1235622|
1235623|
1235648|
1235649|
1235650|
1235651|
1235652|
1235653|
1235654|
1235655|
1235680|
1235681|
1235682|
1235683|
1235684|
1235685|
1235686|
1235687|
1235712|
1235713|
1235714|
1235715|
1235716|
1235717|
1235718|
1235719|
1235744|
1235745|
1235746|
1235747|
1235748|
1235749|
1235750|
1235751|
1235776|
1235777|
1235778|
1235779|
1235780|
1235781|
1235782|
1235783|
1235808|
1235809|
1235810|
1235811|
1235812|
1235813|
1235814|
1235815|
1235840|
1235841|
1235842|
1235843|
1235844|
1235845|
1235846|
1235847|
1235872|
1235873|
1235874|
1235875|
1235876|
1235877|
1235878|
1235879|
1235904|
1235905|
1235906|
1235907|
1235908|
1235909|
1235910|
1235911|
1235936|
1235937|
1235938|
1235939|
1235940|
1235941|
1235942|
1235943|
1235968|
1235969|
1235970|
1235971|
1235972|
1235973|
1235974|
1235975|
1236000|
