377989|
377990|
377991|
378016|
378017|
378018|
378019|
378020|
378021|
378022|
378023|
378048|
378049|
378050|
378051|
378052|
378053|
378054|
378055|
378080|
378081|
378082|
378083|
378084|
378085|
378086|
378087|
378112|
378113|
378114|
378115|
378116|
378117|
378118|
378119|
378144|
378145|
378146|
378147|
378148|
378149|
378150|
378151|
378176|
378177|
378178|
378179|
378180|
378181|
378182|
378183|
378208|
378209|
378210|
378211|
378212|
378213|
378214|
378215|
378240|
378241|
378242|
378243|
378244|
378245|
378246|
378247|
378272|
378273|
378274|
378275|
378276|
378277|
378278|
378279|
378304|
378305|
378306|
378307|
378308|
378309|
378310|
378311|
378336|
378337|
378338|
378339|
378340|
378341|
378342|
378343|
378368|
378369|
378370|
378371|
378372|
378373|
378374|
378375|
378400|
378401|
378402|
378403|
378404|
378405|
378406|
378407|
378432|
378433|
378434|
378435|
378436|
378437|
378438|
378439|
378464|
378465|
378466|
378467|
378468|
378469|
378470|
378471|
378496|
378497|
378498|
378499|
378500|
378501|
378502|
378503|
378528|
378529|
378530|
378531|
378532|
378533|
378534|
378535|
378560|
378561|
378562|
378563|
378564|
378565|
378566|
378567|
378592|
378593|
378594|
378595|
378596|
378597|
378598|
378599|
378624|
378625|
378626|
378627|
378628|
378629|
378630|
378631|
378656|
378657|
378658|
378659|
378660|
378661|
378662|
378663|
378688|
378689|
378690|
378691|
378692|
378693|
378694|
378695|
378720|
378721|
378722|
378723|
378724|
378725|
378726|
378727|
378752|
378753|
378754|
378755|
378756|
378757|
378758|
378759|
378784|
378785|
378786|
378787|
378788|
378789|
378790|
378791|
378816|
378817|
378818|
378819|
378820|
378821|
378822|
378823|
378848|
378849|
378850|
378851|
378852|
378853|
378854|
378855|
378880|
378881|
378882|
378883|
378884|
378885|
378886|
378887|
378912|
378913|
378914|
378915|
378916|
378917|
378918|
378919|
378944|
378945|
378946|
378947|
378948|
378949|
378950|
378951|
378976|
378977|
378978|
378979|
378980|
378981|
378982|
378983|
379008|
379009|
379010|
379011|
379012|
379013|
379014|
379015|
379040|
379041|
379042|
379043|
379044|
379045|
379046|
379047|
379072|
379073|
379074|
379075|
379076|
379077|
379078|
379079|
379104|
379105|
379106|
379107|
379108|
379109|
379110|
379111|
379136|
379137|
379138|
379139|
379140|
379141|
379142|
379143|
379168|
379169|
379170|
379171|
379172|
379173|
379174|
379175|
379200|
379201|
379202|
379203|
379204|
379205|
379206|
379207|
379232|
379233|
379234|
379235|
379236|
379237|
379238|
379239|
379264|
379265|
379266|
379267|
379268|
379269|
379270|
379271|
379296|
379297|
379298|
379299|
379300|
379301|
379302|
379303|
379328|
379329|
379330|
379331|
379332|
379333|
379334|
379335|
379360|
379361|
379362|
379363|
379364|
379365|
379366|
379367|
379392|
379393|
379394|
379395|
379396|
379397|
379398|
379399|
379424|
379425|
379426|
379427|
379428|
379429|
379430|
379431|
379456|
379457|
379458|
379459|
379460|
379461|
379462|
379463|
379488|
379489|
379490|
379491|
379492|
379493|
379494|
379495|
379520|
379521|
379522|
379523|
379524|
379525|
379526|
379527|
379552|
379553|
379554|
379555|
379556|
379557|
379558|
379559|
379584|
379585|
379586|
379587|
379588|
379589|
379590|
379591|
379616|
379617|
379618|
379619|
379620|
379621|
379622|
379623|
379648|
379649|
379650|
379651|
379652|
379653|
379654|
379655|
379680|
379681|
379682|
379683|
379684|
379685|
379686|
379687|
379712|
379713|
379714|
379715|
379716|
379717|
379718|
379719|
379744|
379745|
379746|
379747|
379748|
379749|
379750|
379751|
379776|
379777|
379778|
379779|
379780|
379781|
379782|
379783|
379808|
379809|
379810|
379811|
379812|
379813|
379814|
379815|
379840|
379841|
379842|
379843|
379844|
379845|
379846|
379847|
379872|
379873|
379874|
379875|
379876|
379877|
379878|
379879|
379904|
379905|
379906|
379907|
379908|
379909|
379910|
379911|
379936|
379937|
379938|
379939|
379940|
379941|
379942|
379943|
379968|
379969|
379970|
379971|
379972|
379973|
379974|
379975|
380000|
380001|
380002|
380003|
380004|
380005|
380006|
380007|
380032|
380033|
380034|
380035|
380036|
380037|
380038|
380039|
380064|
380065|
380066|
380067|
380068|
380069|
380070|
380071|
380096|
380097|
380098|
380099|
380100|
380101|
380102|
380103|
380128|
380129|
380130|
380131|
380132|
380133|
380134|
380135|
380160|
380161|
380162|
380163|
380164|
380165|
380166|
380167|
380192|
380193|
380194|
380195|
380196|
380197|
380198|
380199|
380224|
380225|
380226|
380227|
380228|
380229|
380230|
380231|
380256|
380257|
380258|
380259|
380260|
380261|
380262|
380263|
380288|
380289|
380290|
380291|
380292|
380293|
380294|
380295|
380320|
380321|
380322|
380323|
380324|
380325|
380326|
380327|
380352|
380353|
380354|
380355|
380356|
380357|
380358|
380359|
380384|
380385|
380386|
380387|
380388|
380389|
380390|
380391|
380416|
380417|
380418|
380419|
380420|
380421|
380422|
380423|
380448|
380449|
380450|
380451|
380452|
380453|
380454|
380455|
380480|
380481|
380482|
380483|
380484|
380485|
380486|
380487|
380512|
380513|
380514|
380515|
380516|
380517|
380518|
380519|
380544|
380545|
380546|
380547|
380548|
380549|
380550|
380551|
380576|
380577|
380578|
380579|
380580|
380581|
380582|
380583|
380608|
380609|
380610|
380611|
380612|
380613|
380614|
380615|
380640|
380641|
380642|
380643|
380644|
380645|
380646|
380647|
380672|
380673|
380674|
380675|
380676|
380677|
380678|
380679|
380704|
380705|
380706|
380707|
380708|
380709|
380710|
380711|
380736|
380737|
380738|
380739|
380740|
380741|
380742|
380743|
380768|
380769|
380770|
380771|
380772|
380773|
380774|
380775|
380800|
380801|
380802|
380803|
380804|
380805|
380806|
380807|
380832|
380833|
380834|
380835|
380836|
380837|
380838|
380839|
380864|
380865|
380866|
380867|
380868|
380869|
380870|
380871|
380896|
380897|
380898|
380899|
380900|
380901|
380902|
380903|
380928|
380929|
380930|
380931|
380932|
380933|
380934|
380935|
380960|
380961|
380962|
380963|
380964|
380965|
380966|
380967|
380992|
380993|
380994|
380995|
380996|
380997|
380998|
380999|
381024|
381025|
381026|
381027|
381028|
381029|
381030|
381031|
381056|
381057|
381058|
381059|
381060|
381061|
381062|
381063|
381088|
381089|
381090|
381091|
381092|
381093|
381094|
381095|
381120|
381121|
381122|
381123|
381124|
381125|
381126|
381127|
381152|
381153|
381154|
381155|
381156|
381157|
381158|
381159|
381184|
381185|
381186|
381187|
381188|
381189|
381190|
381191|
381216|
381217|
381218|
381219|
381220|
381221|
381222|
381223|
381248|
381249|
381250|
381251|
381252|
381253|
381254|
381255|
381280|
381281|
381282|
381283|
381284|
381285|
381286|
381287|
381312|
381313|
381314|
381315|
381316|
381317|
381318|
381319|
381344|
381345|
381346|
381347|
381348|
381349|
381350|
381351|
381376|
381377|
381378|
381379|
381380|
381381|
381382|
381383|
381408|
381409|
381410|
381411|
381412|
381413|
381414|
381415|
381440|
381441|
381442|
381443|
381444|
381445|
381446|
381447|
381472|
381473|
381474|
381475|
381476|
381477|
381478|
381479|
381504|
381505|
381506|
381507|
381508|
381509|
381510|
381511|
381536|
381537|
381538|
381539|
381540|
381541|
381542|
381543|
381568|
381569|
381570|
381571|
381572|
381573|
381574|
381575|
381600|
381601|
381602|
381603|
381604|
381605|
381606|
381607|
381632|
381633|
381634|
381635|
381636|
381637|
381638|
381639|
381664|
381665|
381666|
381667|
381668|
381669|
381670|
381671|
381696|
381697|
381698|
381699|
381700|
381701|
381702|
381703|
381728|
381729|
381730|
381731|
381732|
381733|
381734|
381735|
381760|
381761|
381762|
381763|
381764|
381765|
381766|
381767|
381792|
381793|
381794|
381795|
381796|
381797|
381798|
381799|
381824|
381825|
381826|
381827|
381828|
381829|
381830|
381831|
381856|
381857|
381858|
381859|
381860|
381861|
381862|
381863|
381888|
381889|
381890|
381891|
381892|
381893|
381894|
381895|
381920|
381921|
381922|
381923|
381924|
381925|
381926|
381927|
381952|
381953|
381954|
381955|
381956|
381957|
381958|
381959|
381984|
381985|
381986|
381987|
381988|
381989|
381990|
381991|
382016|
382017|
382018|
382019|
382020|
382021|
382022|
382023|
382048|
382049|
382050|
382051|
382052|
382053|
382054|
382055|
382080|
382081|
382082|
382083|
382084|
382085|
382086|
382087|
382112|
382113|
382114|
382115|
382116|
382117|
382118|
382119|
382144|
382145|
382146|
382147|
382148|
382149|
382150|
382151|
382176|
382177|
382178|
382179|
382180|
382181|
382182|
382183|
382208|
382209|
382210|
382211|
382212|
382213|
382214|
382215|
382240|
382241|
382242|
382243|
382244|
382245|
382246|
382247|
382272|
382273|
382274|
382275|
382276|
382277|
382278|
382279|
382304|
382305|
382306|
382307|
382308|
382309|
382310|
382311|
382336|
382337|
382338|
382339|
382340|
382341|
382342|
382343|
382368|
382369|
382370|
382371|
382372|
382373|
382374|
382375|
382400|
382401|
382402|
382403|
382404|
382405|
382406|
382407|
382432|
382433|
382434|
382435|
382436|
382437|
382438|
382439|
382464|
382465|
382466|
382467|
382468|
382469|
382470|
382471|
382496|
382497|
382498|
382499|
382500|
382501|
382502|
382503|
382528|
382529|
382530|
382531|
382532|
382533|
382534|
382535|
382560|
382561|
382562|
382563|
382564|
382565|
382566|
382567|
382592|
382593|
382594|
382595|
382596|
382597|
382598|
382599|
382624|
382625|
382626|
382627|
382628|
382629|
382630|
382631|
382656|
382657|
382658|
382659|
382660|
382661|
382662|
382663|
382688|
382689|
382690|
382691|
382692|
382693|
382694|
382695|
382720|
382721|
382722|
382723|
382724|
382725|
382726|
382727|
382752|
382753|
382754|
382755|
382756|
382757|
382758|
382759|
382784|
382785|
382786|
382787|
382788|
382789|
382790|
382791|
382816|
382817|
382818|
382819|
382820|
382821|
382822|
382823|
382848|
382849|
382850|
382851|
382852|
382853|
382854|
382855|
382880|
382881|
382882|
382883|
382884|
382885|
382886|
382887|
382912|
382913|
382914|
382915|
382916|
382917|
382918|
382919|
382944|
382945|
382946|
382947|
382948|
382949|
382950|
382951|
382976|
382977|
382978|
382979|
382980|
382981|
382982|
382983|
383008|
383009|
383010|
383011|
383012|
383013|
383014|
383015|
383040|
383041|
383042|
383043|
383044|
383045|
383046|
383047|
383072|
383073|
383074|
383075|
383076|
383077|
383078|
383079|
383104|
383105|
383106|
383107|
383108|
383109|
383110|
383111|
383136|
383137|
383138|
383139|
383140|
383141|
383142|
383143|
383168|
383169|
383170|
383171|
383172|
383173|
383174|
383175|
383200|
383201|
383202|
383203|
383204|
383205|
383206|
383207|
383232|
383233|
383234|
383235|
383236|
383237|
383238|
383239|
383264|
383265|
383266|
383267|
383268|
383269|
383270|
383271|
383296|
383297|
383298|
383299|
383300|
383301|
383302|
383303|
383328|
383329|
383330|
383331|
383332|
383333|
383334|
383335|
383360|
383361|
383362|
383363|
383364|
383365|
383366|
383367|
383392|
383393|
383394|
383395|
383396|
383397|
383398|
383399|
383424|
383425|
383426|
383427|
383428|
383429|
383430|
383431|
383456|
383457|
383458|
383459|
383460|
383461|
383462|
383463|
383488|
383489|
383490|
383491|
383492|
383493|
383494|
383495|
383520|
383521|
383522|
383523|
383524|
383525|
383526|
383527|
383552|
383553|
383554|
383555|
383556|
383557|
383558|
383559|
383584|
383585|
383586|
383587|
383588|
383589|
383590|
383591|
383616|
383617|
383618|
383619|
383620|
383621|
383622|
383623|
383648|
383649|
383650|
383651|
383652|
383653|
383654|
383655|
383680|
383681|
383682|
383683|
383684|
383685|
383686|
383687|
383712|
383713|
383714|
383715|
383716|
383717|
383718|
383719|
383744|
383745|
383746|
383747|
383748|
383749|
383750|
383751|
383776|
383777|
383778|
383779|
383780|
383781|
383782|
383783|
383808|
383809|
383810|
383811|
383812|
383813|
383814|
383815|
383840|
383841|
383842|
383843|
383844|
383845|
383846|
383847|
383872|
383873|
383874|
383875|
383876|
383877|
383878|
383879|
383904|
383905|
383906|
383907|
383908|
383909|
383910|
383911|
383936|
383937|
383938|
383939|
383940|
383941|
383942|
383943|
383968|
383969|
383970|
383971|
383972|
383973|
383974|
383975|
384000|
