2736001|
2736002|
2736003|
2736004|
2736005|
2736006|
2736007|
2736032|
2736033|
2736034|
2736035|
2736036|
2736037|
2736038|
2736039|
2736064|
2736065|
2736066|
2736067|
2736068|
2736069|
2736070|
2736071|
2736096|
2736097|
2736098|
2736099|
2736100|
2736101|
2736102|
2736103|
2736128|
2736129|
2736130|
2736131|
2736132|
2736133|
2736134|
2736135|
2736160|
2736161|
2736162|
2736163|
2736164|
2736165|
2736166|
2736167|
2736192|
2736193|
2736194|
2736195|
2736196|
2736197|
2736198|
2736199|
2736224|
2736225|
2736226|
2736227|
2736228|
2736229|
2736230|
2736231|
2736256|
2736257|
2736258|
2736259|
2736260|
2736261|
2736262|
2736263|
2736288|
2736289|
2736290|
2736291|
2736292|
2736293|
2736294|
2736295|
2736320|
2736321|
2736322|
2736323|
2736324|
2736325|
2736326|
2736327|
2736352|
2736353|
2736354|
2736355|
2736356|
2736357|
2736358|
2736359|
2736384|
2736385|
2736386|
2736387|
2736388|
2736389|
2736390|
2736391|
2736416|
2736417|
2736418|
2736419|
2736420|
2736421|
2736422|
2736423|
2736448|
2736449|
2736450|
2736451|
2736452|
2736453|
2736454|
2736455|
2736480|
2736481|
2736482|
2736483|
2736484|
2736485|
2736486|
2736487|
2736512|
2736513|
2736514|
2736515|
2736516|
2736517|
2736518|
2736519|
2736544|
2736545|
2736546|
2736547|
2736548|
2736549|
2736550|
2736551|
2736576|
2736577|
2736578|
2736579|
2736580|
2736581|
2736582|
2736583|
2736608|
2736609|
2736610|
2736611|
2736612|
2736613|
2736614|
2736615|
2736640|
2736641|
2736642|
2736643|
2736644|
2736645|
2736646|
2736647|
2736672|
2736673|
2736674|
2736675|
2736676|
2736677|
2736678|
2736679|
2736704|
2736705|
2736706|
2736707|
2736708|
2736709|
2736710|
2736711|
2736736|
2736737|
2736738|
2736739|
2736740|
2736741|
2736742|
2736743|
2736768|
2736769|
2736770|
2736771|
2736772|
2736773|
2736774|
2736775|
2736800|
2736801|
2736802|
2736803|
2736804|
2736805|
2736806|
2736807|
2736832|
2736833|
2736834|
2736835|
2736836|
2736837|
2736838|
2736839|
2736864|
2736865|
2736866|
2736867|
2736868|
2736869|
2736870|
2736871|
2736896|
2736897|
2736898|
2736899|
2736900|
2736901|
2736902|
2736903|
2736928|
2736929|
2736930|
2736931|
2736932|
2736933|
2736934|
2736935|
2736960|
2736961|
2736962|
2736963|
2736964|
2736965|
2736966|
2736967|
2736992|
2736993|
2736994|
2736995|
2736996|
2736997|
2736998|
2736999|
2737024|
2737025|
2737026|
2737027|
2737028|
2737029|
2737030|
2737031|
2737056|
2737057|
2737058|
2737059|
2737060|
2737061|
2737062|
2737063|
2737088|
2737089|
2737090|
2737091|
2737092|
2737093|
2737094|
2737095|
2737120|
2737121|
2737122|
2737123|
2737124|
2737125|
2737126|
2737127|
2737152|
2737153|
2737154|
2737155|
2737156|
2737157|
2737158|
2737159|
2737184|
2737185|
2737186|
2737187|
2737188|
2737189|
2737190|
2737191|
2737216|
2737217|
2737218|
2737219|
2737220|
2737221|
2737222|
2737223|
2737248|
2737249|
2737250|
2737251|
2737252|
2737253|
2737254|
2737255|
2737280|
2737281|
2737282|
2737283|
2737284|
2737285|
2737286|
2737287|
2737312|
2737313|
2737314|
2737315|
2737316|
2737317|
2737318|
2737319|
2737344|
2737345|
2737346|
2737347|
2737348|
2737349|
2737350|
2737351|
2737376|
2737377|
2737378|
2737379|
2737380|
2737381|
2737382|
2737383|
2737408|
2737409|
2737410|
2737411|
2737412|
2737413|
2737414|
2737415|
2737440|
2737441|
2737442|
2737443|
2737444|
2737445|
2737446|
2737447|
2737472|
2737473|
2737474|
2737475|
2737476|
2737477|
2737478|
2737479|
2737504|
2737505|
2737506|
2737507|
2737508|
2737509|
2737510|
2737511|
2737536|
2737537|
2737538|
2737539|
2737540|
2737541|
2737542|
2737543|
2737568|
2737569|
2737570|
2737571|
2737572|
2737573|
2737574|
2737575|
2737600|
2737601|
2737602|
2737603|
2737604|
2737605|
2737606|
2737607|
2737632|
2737633|
2737634|
2737635|
2737636|
2737637|
2737638|
2737639|
2737664|
2737665|
2737666|
2737667|
2737668|
2737669|
2737670|
2737671|
2737696|
2737697|
2737698|
2737699|
2737700|
2737701|
2737702|
2737703|
2737728|
2737729|
2737730|
2737731|
2737732|
2737733|
2737734|
2737735|
2737760|
2737761|
2737762|
2737763|
2737764|
2737765|
2737766|
2737767|
2737792|
2737793|
2737794|
2737795|
2737796|
2737797|
2737798|
2737799|
2737824|
2737825|
2737826|
2737827|
2737828|
2737829|
2737830|
2737831|
2737856|
2737857|
2737858|
2737859|
2737860|
2737861|
2737862|
2737863|
2737888|
2737889|
2737890|
2737891|
2737892|
2737893|
2737894|
2737895|
2737920|
2737921|
2737922|
2737923|
2737924|
2737925|
2737926|
2737927|
2737952|
2737953|
2737954|
2737955|
2737956|
2737957|
2737958|
2737959|
2737984|
2737985|
2737986|
2737987|
2737988|
2737989|
2737990|
2737991|
2738016|
2738017|
2738018|
2738019|
2738020|
2738021|
2738022|
2738023|
2738048|
2738049|
2738050|
2738051|
2738052|
2738053|
2738054|
2738055|
2738080|
2738081|
2738082|
2738083|
2738084|
2738085|
2738086|
2738087|
2738112|
2738113|
2738114|
2738115|
2738116|
2738117|
2738118|
2738119|
2738144|
2738145|
2738146|
2738147|
2738148|
2738149|
2738150|
2738151|
2738176|
2738177|
2738178|
2738179|
2738180|
2738181|
2738182|
2738183|
2738208|
2738209|
2738210|
2738211|
2738212|
2738213|
2738214|
2738215|
2738240|
2738241|
2738242|
2738243|
2738244|
2738245|
2738246|
2738247|
2738272|
2738273|
2738274|
2738275|
2738276|
2738277|
2738278|
2738279|
2738304|
2738305|
2738306|
2738307|
2738308|
2738309|
2738310|
2738311|
2738336|
2738337|
2738338|
2738339|
2738340|
2738341|
2738342|
2738343|
2738368|
2738369|
2738370|
2738371|
2738372|
2738373|
2738374|
2738375|
2738400|
2738401|
2738402|
2738403|
2738404|
2738405|
2738406|
2738407|
2738432|
2738433|
2738434|
2738435|
2738436|
2738437|
2738438|
2738439|
2738464|
2738465|
2738466|
2738467|
2738468|
2738469|
2738470|
2738471|
2738496|
2738497|
2738498|
2738499|
2738500|
2738501|
2738502|
2738503|
2738528|
2738529|
2738530|
2738531|
2738532|
2738533|
2738534|
2738535|
2738560|
2738561|
2738562|
2738563|
2738564|
2738565|
2738566|
2738567|
2738592|
2738593|
2738594|
2738595|
2738596|
2738597|
2738598|
2738599|
2738624|
2738625|
2738626|
2738627|
2738628|
2738629|
2738630|
2738631|
2738656|
2738657|
2738658|
2738659|
2738660|
2738661|
2738662|
2738663|
2738688|
2738689|
2738690|
2738691|
2738692|
2738693|
2738694|
2738695|
2738720|
2738721|
2738722|
2738723|
2738724|
2738725|
2738726|
2738727|
2738752|
2738753|
2738754|
2738755|
2738756|
2738757|
2738758|
2738759|
2738784|
2738785|
2738786|
2738787|
2738788|
2738789|
2738790|
2738791|
2738816|
2738817|
2738818|
2738819|
2738820|
2738821|
2738822|
2738823|
2738848|
2738849|
2738850|
2738851|
2738852|
2738853|
2738854|
2738855|
2738880|
2738881|
2738882|
2738883|
2738884|
2738885|
2738886|
2738887|
2738912|
2738913|
2738914|
2738915|
2738916|
2738917|
2738918|
2738919|
2738944|
2738945|
2738946|
2738947|
2738948|
2738949|
2738950|
2738951|
2738976|
2738977|
2738978|
2738979|
2738980|
2738981|
2738982|
2738983|
2739008|
2739009|
2739010|
2739011|
2739012|
2739013|
2739014|
2739015|
2739040|
2739041|
2739042|
2739043|
2739044|
2739045|
2739046|
2739047|
2739072|
2739073|
2739074|
2739075|
2739076|
2739077|
2739078|
2739079|
2739104|
2739105|
2739106|
2739107|
2739108|
2739109|
2739110|
2739111|
2739136|
2739137|
2739138|
2739139|
2739140|
2739141|
2739142|
2739143|
2739168|
2739169|
2739170|
2739171|
2739172|
2739173|
2739174|
2739175|
2739200|
2739201|
2739202|
2739203|
2739204|
2739205|
2739206|
2739207|
2739232|
2739233|
2739234|
2739235|
2739236|
2739237|
2739238|
2739239|
2739264|
2739265|
2739266|
2739267|
2739268|
2739269|
2739270|
2739271|
2739296|
2739297|
2739298|
2739299|
2739300|
2739301|
2739302|
2739303|
2739328|
2739329|
2739330|
2739331|
2739332|
2739333|
2739334|
2739335|
2739360|
2739361|
2739362|
2739363|
2739364|
2739365|
2739366|
2739367|
2739392|
2739393|
2739394|
2739395|
2739396|
2739397|
2739398|
2739399|
2739424|
2739425|
2739426|
2739427|
2739428|
2739429|
2739430|
2739431|
2739456|
2739457|
2739458|
2739459|
2739460|
2739461|
2739462|
2739463|
2739488|
2739489|
2739490|
2739491|
2739492|
2739493|
2739494|
2739495|
2739520|
2739521|
2739522|
2739523|
2739524|
2739525|
2739526|
2739527|
2739552|
2739553|
2739554|
2739555|
2739556|
2739557|
2739558|
2739559|
2739584|
2739585|
2739586|
2739587|
2739588|
2739589|
2739590|
2739591|
2739616|
2739617|
2739618|
2739619|
2739620|
2739621|
2739622|
2739623|
2739648|
2739649|
2739650|
2739651|
2739652|
2739653|
2739654|
2739655|
2739680|
2739681|
2739682|
2739683|
2739684|
2739685|
2739686|
2739687|
2739712|
2739713|
2739714|
2739715|
2739716|
2739717|
2739718|
2739719|
2739744|
2739745|
2739746|
2739747|
2739748|
2739749|
2739750|
2739751|
2739776|
2739777|
2739778|
2739779|
2739780|
2739781|
2739782|
2739783|
2739808|
2739809|
2739810|
2739811|
2739812|
2739813|
2739814|
2739815|
2739840|
2739841|
2739842|
2739843|
2739844|
2739845|
2739846|
2739847|
2739872|
2739873|
2739874|
2739875|
2739876|
2739877|
2739878|
2739879|
2739904|
2739905|
2739906|
2739907|
2739908|
2739909|
2739910|
2739911|
2739936|
2739937|
2739938|
2739939|
2739940|
2739941|
2739942|
2739943|
2739968|
2739969|
2739970|
2739971|
2739972|
2739973|
2739974|
2739975|
2740000|
2740001|
2740002|
2740003|
2740004|
2740005|
2740006|
2740007|
2740032|
2740033|
2740034|
2740035|
2740036|
2740037|
2740038|
2740039|
2740064|
2740065|
2740066|
2740067|
2740068|
2740069|
2740070|
2740071|
2740096|
2740097|
2740098|
2740099|
2740100|
2740101|
2740102|
2740103|
2740128|
2740129|
2740130|
2740131|
2740132|
2740133|
2740134|
2740135|
2740160|
2740161|
2740162|
2740163|
2740164|
2740165|
2740166|
2740167|
2740192|
2740193|
2740194|
2740195|
2740196|
2740197|
2740198|
2740199|
2740224|
2740225|
2740226|
2740227|
2740228|
2740229|
2740230|
2740231|
2740256|
2740257|
2740258|
2740259|
2740260|
2740261|
2740262|
2740263|
2740288|
2740289|
2740290|
2740291|
2740292|
2740293|
2740294|
2740295|
2740320|
2740321|
2740322|
2740323|
2740324|
2740325|
2740326|
2740327|
2740352|
2740353|
2740354|
2740355|
2740356|
2740357|
2740358|
2740359|
2740384|
2740385|
2740386|
2740387|
2740388|
2740389|
2740390|
2740391|
2740416|
2740417|
2740418|
2740419|
2740420|
2740421|
2740422|
2740423|
2740448|
2740449|
2740450|
2740451|
2740452|
2740453|
2740454|
2740455|
2740480|
2740481|
2740482|
2740483|
2740484|
2740485|
2740486|
2740487|
2740512|
2740513|
2740514|
2740515|
2740516|
2740517|
2740518|
2740519|
2740544|
2740545|
2740546|
2740547|
2740548|
2740549|
2740550|
2740551|
2740576|
2740577|
2740578|
2740579|
2740580|
2740581|
2740582|
2740583|
2740608|
2740609|
2740610|
2740611|
2740612|
2740613|
2740614|
2740615|
2740640|
2740641|
2740642|
2740643|
2740644|
2740645|
2740646|
2740647|
2740672|
2740673|
2740674|
2740675|
2740676|
2740677|
2740678|
2740679|
2740704|
2740705|
2740706|
2740707|
2740708|
2740709|
2740710|
2740711|
2740736|
2740737|
2740738|
2740739|
2740740|
2740741|
2740742|
2740743|
2740768|
2740769|
2740770|
2740771|
2740772|
2740773|
2740774|
2740775|
2740800|
2740801|
2740802|
2740803|
2740804|
2740805|
2740806|
2740807|
2740832|
2740833|
2740834|
2740835|
2740836|
2740837|
2740838|
2740839|
2740864|
2740865|
2740866|
2740867|
2740868|
2740869|
2740870|
2740871|
2740896|
2740897|
2740898|
2740899|
2740900|
2740901|
2740902|
2740903|
2740928|
2740929|
2740930|
2740931|
2740932|
2740933|
2740934|
2740935|
2740960|
2740961|
2740962|
2740963|
2740964|
2740965|
2740966|
2740967|
2740992|
2740993|
2740994|
2740995|
2740996|
2740997|
2740998|
2740999|
2741024|
2741025|
2741026|
2741027|
2741028|
2741029|
2741030|
2741031|
2741056|
2741057|
2741058|
2741059|
2741060|
2741061|
2741062|
2741063|
2741088|
2741089|
2741090|
2741091|
2741092|
2741093|
2741094|
2741095|
2741120|
2741121|
2741122|
2741123|
2741124|
2741125|
2741126|
2741127|
2741152|
2741153|
2741154|
2741155|
2741156|
2741157|
2741158|
2741159|
2741184|
2741185|
2741186|
2741187|
2741188|
2741189|
2741190|
2741191|
2741216|
2741217|
2741218|
2741219|
2741220|
2741221|
2741222|
2741223|
2741248|
2741249|
2741250|
2741251|
2741252|
2741253|
2741254|
2741255|
2741280|
2741281|
2741282|
2741283|
2741284|
2741285|
2741286|
2741287|
2741312|
2741313|
2741314|
2741315|
2741316|
2741317|
2741318|
2741319|
2741344|
2741345|
2741346|
2741347|
2741348|
2741349|
2741350|
2741351|
2741376|
2741377|
2741378|
2741379|
2741380|
2741381|
2741382|
2741383|
2741408|
2741409|
2741410|
2741411|
2741412|
2741413|
2741414|
2741415|
2741440|
2741441|
2741442|
2741443|
2741444|
2741445|
2741446|
2741447|
2741472|
2741473|
2741474|
2741475|
2741476|
2741477|
2741478|
2741479|
2741504|
2741505|
2741506|
2741507|
2741508|
2741509|
2741510|
2741511|
2741536|
2741537|
2741538|
2741539|
2741540|
2741541|
2741542|
2741543|
2741568|
2741569|
2741570|
2741571|
2741572|
2741573|
2741574|
2741575|
2741600|
2741601|
2741602|
2741603|
2741604|
2741605|
2741606|
2741607|
2741632|
2741633|
2741634|
2741635|
2741636|
2741637|
2741638|
2741639|
2741664|
2741665|
2741666|
2741667|
2741668|
2741669|
2741670|
2741671|
2741696|
2741697|
2741698|
2741699|
2741700|
2741701|
2741702|
2741703|
2741728|
2741729|
2741730|
2741731|
2741732|
2741733|
2741734|
2741735|
2741760|
2741761|
2741762|
2741763|
2741764|
2741765|
2741766|
2741767|
2741792|
2741793|
2741794|
2741795|
2741796|
2741797|
2741798|
2741799|
2741824|
2741825|
2741826|
2741827|
2741828|
2741829|
2741830|
2741831|
2741856|
2741857|
2741858|
2741859|
2741860|
2741861|
2741862|
2741863|
2741888|
2741889|
2741890|
2741891|
2741892|
2741893|
2741894|
2741895|
2741920|
2741921|
2741922|
2741923|
2741924|
2741925|
2741926|
2741927|
2741952|
2741953|
2741954|
2741955|
2741956|
2741957|
2741958|
2741959|
2741984|
2741985|
2741986|
2741987|
2741988|
