1325989|
1325990|
1325991|
1326016|
1326017|
1326018|
1326019|
1326020|
1326021|
1326022|
1326023|
1326048|
1326049|
1326050|
1326051|
1326052|
1326053|
1326054|
1326055|
1326080|
1326081|
1326082|
1326083|
1326084|
1326085|
1326086|
1326087|
1326112|
1326113|
1326114|
1326115|
1326116|
1326117|
1326118|
1326119|
1326144|
1326145|
1326146|
1326147|
1326148|
1326149|
1326150|
1326151|
1326176|
1326177|
1326178|
1326179|
1326180|
1326181|
1326182|
1326183|
1326208|
1326209|
1326210|
1326211|
1326212|
1326213|
1326214|
1326215|
1326240|
1326241|
1326242|
1326243|
1326244|
1326245|
1326246|
1326247|
1326272|
1326273|
1326274|
1326275|
1326276|
1326277|
1326278|
1326279|
1326304|
1326305|
1326306|
1326307|
1326308|
1326309|
1326310|
1326311|
1326336|
1326337|
1326338|
1326339|
1326340|
1326341|
1326342|
1326343|
1326368|
1326369|
1326370|
1326371|
1326372|
1326373|
1326374|
1326375|
1326400|
1326401|
1326402|
1326403|
1326404|
1326405|
1326406|
1326407|
1326432|
1326433|
1326434|
1326435|
1326436|
1326437|
1326438|
1326439|
1326464|
1326465|
1326466|
1326467|
1326468|
1326469|
1326470|
1326471|
1326496|
1326497|
1326498|
1326499|
1326500|
1326501|
1326502|
1326503|
1326528|
1326529|
1326530|
1326531|
1326532|
1326533|
1326534|
1326535|
1326560|
1326561|
1326562|
1326563|
1326564|
1326565|
1326566|
1326567|
1326592|
1326593|
1326594|
1326595|
1326596|
1326597|
1326598|
1326599|
1326624|
1326625|
1326626|
1326627|
1326628|
1326629|
1326630|
1326631|
1326656|
1326657|
1326658|
1326659|
1326660|
1326661|
1326662|
1326663|
1326688|
1326689|
1326690|
1326691|
1326692|
1326693|
1326694|
1326695|
1326720|
1326721|
1326722|
1326723|
1326724|
1326725|
1326726|
1326727|
1326752|
1326753|
1326754|
1326755|
1326756|
1326757|
1326758|
1326759|
1326784|
1326785|
1326786|
1326787|
1326788|
1326789|
1326790|
1326791|
1326816|
1326817|
1326818|
1326819|
1326820|
1326821|
1326822|
1326823|
1326848|
1326849|
1326850|
1326851|
1326852|
1326853|
1326854|
1326855|
1326880|
1326881|
1326882|
1326883|
1326884|
1326885|
1326886|
1326887|
1326912|
1326913|
1326914|
1326915|
1326916|
1326917|
1326918|
1326919|
1326944|
1326945|
1326946|
1326947|
1326948|
1326949|
1326950|
1326951|
1326976|
1326977|
1326978|
1326979|
1326980|
1326981|
1326982|
1326983|
1327008|
1327009|
1327010|
1327011|
1327012|
1327013|
1327014|
1327015|
1327040|
1327041|
1327042|
1327043|
1327044|
1327045|
1327046|
1327047|
1327072|
1327073|
1327074|
1327075|
1327076|
1327077|
1327078|
1327079|
1327104|
1327105|
1327106|
1327107|
1327108|
1327109|
1327110|
1327111|
1327136|
1327137|
1327138|
1327139|
1327140|
1327141|
1327142|
1327143|
1327168|
1327169|
1327170|
1327171|
1327172|
1327173|
1327174|
1327175|
1327200|
1327201|
1327202|
1327203|
1327204|
1327205|
1327206|
1327207|
1327232|
1327233|
1327234|
1327235|
1327236|
1327237|
1327238|
1327239|
1327264|
1327265|
1327266|
1327267|
1327268|
1327269|
1327270|
1327271|
1327296|
1327297|
1327298|
1327299|
1327300|
1327301|
1327302|
1327303|
1327328|
1327329|
1327330|
1327331|
1327332|
1327333|
1327334|
1327335|
1327360|
1327361|
1327362|
1327363|
1327364|
1327365|
1327366|
1327367|
1327392|
1327393|
1327394|
1327395|
1327396|
1327397|
1327398|
1327399|
1327424|
1327425|
1327426|
1327427|
1327428|
1327429|
1327430|
1327431|
1327456|
1327457|
1327458|
1327459|
1327460|
1327461|
1327462|
1327463|
1327488|
1327489|
1327490|
1327491|
1327492|
1327493|
1327494|
1327495|
1327520|
1327521|
1327522|
1327523|
1327524|
1327525|
1327526|
1327527|
1327552|
1327553|
1327554|
1327555|
1327556|
1327557|
1327558|
1327559|
1327584|
1327585|
1327586|
1327587|
1327588|
1327589|
1327590|
1327591|
1327616|
1327617|
1327618|
1327619|
1327620|
1327621|
1327622|
1327623|
1327648|
1327649|
1327650|
1327651|
1327652|
1327653|
1327654|
1327655|
1327680|
1327681|
1327682|
1327683|
1327684|
1327685|
1327686|
1327687|
1327712|
1327713|
1327714|
1327715|
1327716|
1327717|
1327718|
1327719|
1327744|
1327745|
1327746|
1327747|
1327748|
1327749|
1327750|
1327751|
1327776|
1327777|
1327778|
1327779|
1327780|
1327781|
1327782|
1327783|
1327808|
1327809|
1327810|
1327811|
1327812|
1327813|
1327814|
1327815|
1327840|
1327841|
1327842|
1327843|
1327844|
1327845|
1327846|
1327847|
1327872|
1327873|
1327874|
1327875|
1327876|
1327877|
1327878|
1327879|
1327904|
1327905|
1327906|
1327907|
1327908|
1327909|
1327910|
1327911|
1327936|
1327937|
1327938|
1327939|
1327940|
1327941|
1327942|
1327943|
1327968|
1327969|
1327970|
1327971|
1327972|
1327973|
1327974|
1327975|
1328000|
1328001|
1328002|
1328003|
1328004|
1328005|
1328006|
1328007|
1328032|
1328033|
1328034|
1328035|
1328036|
1328037|
1328038|
1328039|
1328064|
1328065|
1328066|
1328067|
1328068|
1328069|
1328070|
1328071|
1328096|
1328097|
1328098|
1328099|
1328100|
1328101|
1328102|
1328103|
1328128|
1328129|
1328130|
1328131|
1328132|
1328133|
1328134|
1328135|
1328160|
1328161|
1328162|
1328163|
1328164|
1328165|
1328166|
1328167|
1328192|
1328193|
1328194|
1328195|
1328196|
1328197|
1328198|
1328199|
1328224|
1328225|
1328226|
1328227|
1328228|
1328229|
1328230|
1328231|
1328256|
1328257|
1328258|
1328259|
1328260|
1328261|
1328262|
1328263|
1328288|
1328289|
1328290|
1328291|
1328292|
1328293|
1328294|
1328295|
1328320|
1328321|
1328322|
1328323|
1328324|
1328325|
1328326|
1328327|
1328352|
1328353|
1328354|
1328355|
1328356|
1328357|
1328358|
1328359|
1328384|
1328385|
1328386|
1328387|
1328388|
1328389|
1328390|
1328391|
1328416|
1328417|
1328418|
1328419|
1328420|
1328421|
1328422|
1328423|
1328448|
1328449|
1328450|
1328451|
1328452|
1328453|
1328454|
1328455|
1328480|
1328481|
1328482|
1328483|
1328484|
1328485|
1328486|
1328487|
1328512|
1328513|
1328514|
1328515|
1328516|
1328517|
1328518|
1328519|
1328544|
1328545|
1328546|
1328547|
1328548|
1328549|
1328550|
1328551|
1328576|
1328577|
1328578|
1328579|
1328580|
1328581|
1328582|
1328583|
1328608|
1328609|
1328610|
1328611|
1328612|
1328613|
1328614|
1328615|
1328640|
1328641|
1328642|
1328643|
1328644|
1328645|
1328646|
1328647|
1328672|
1328673|
1328674|
1328675|
1328676|
1328677|
1328678|
1328679|
1328704|
1328705|
1328706|
1328707|
1328708|
1328709|
1328710|
1328711|
1328736|
1328737|
1328738|
1328739|
1328740|
1328741|
1328742|
1328743|
1328768|
1328769|
1328770|
1328771|
1328772|
1328773|
1328774|
1328775|
1328800|
1328801|
1328802|
1328803|
1328804|
1328805|
1328806|
1328807|
1328832|
1328833|
1328834|
1328835|
1328836|
1328837|
1328838|
1328839|
1328864|
1328865|
1328866|
1328867|
1328868|
1328869|
1328870|
1328871|
1328896|
1328897|
1328898|
1328899|
1328900|
1328901|
1328902|
1328903|
1328928|
1328929|
1328930|
1328931|
1328932|
1328933|
1328934|
1328935|
1328960|
1328961|
1328962|
1328963|
1328964|
1328965|
1328966|
1328967|
1328992|
1328993|
1328994|
1328995|
1328996|
1328997|
1328998|
1328999|
1329024|
1329025|
1329026|
1329027|
1329028|
1329029|
1329030|
1329031|
1329056|
1329057|
1329058|
1329059|
1329060|
1329061|
1329062|
1329063|
1329088|
1329089|
1329090|
1329091|
1329092|
1329093|
1329094|
1329095|
1329120|
1329121|
1329122|
1329123|
1329124|
1329125|
1329126|
1329127|
1329152|
1329153|
1329154|
1329155|
1329156|
1329157|
1329158|
1329159|
1329184|
1329185|
1329186|
1329187|
1329188|
1329189|
1329190|
1329191|
1329216|
1329217|
1329218|
1329219|
1329220|
1329221|
1329222|
1329223|
1329248|
1329249|
1329250|
1329251|
1329252|
1329253|
1329254|
1329255|
1329280|
1329281|
1329282|
1329283|
1329284|
1329285|
1329286|
1329287|
1329312|
1329313|
1329314|
1329315|
1329316|
1329317|
1329318|
1329319|
1329344|
1329345|
1329346|
1329347|
1329348|
1329349|
1329350|
1329351|
1329376|
1329377|
1329378|
1329379|
1329380|
1329381|
1329382|
1329383|
1329408|
1329409|
1329410|
1329411|
1329412|
1329413|
1329414|
1329415|
1329440|
1329441|
1329442|
1329443|
1329444|
1329445|
1329446|
1329447|
1329472|
1329473|
1329474|
1329475|
1329476|
1329477|
1329478|
1329479|
1329504|
1329505|
1329506|
1329507|
1329508|
1329509|
1329510|
1329511|
1329536|
1329537|
1329538|
1329539|
1329540|
1329541|
1329542|
1329543|
1329568|
1329569|
1329570|
1329571|
1329572|
1329573|
1329574|
1329575|
1329600|
1329601|
1329602|
1329603|
1329604|
1329605|
1329606|
1329607|
1329632|
1329633|
1329634|
1329635|
1329636|
1329637|
1329638|
1329639|
1329664|
1329665|
1329666|
1329667|
1329668|
1329669|
1329670|
1329671|
1329696|
1329697|
1329698|
1329699|
1329700|
1329701|
1329702|
1329703|
1329728|
1329729|
1329730|
1329731|
1329732|
1329733|
1329734|
1329735|
1329760|
1329761|
1329762|
1329763|
1329764|
1329765|
1329766|
1329767|
1329792|
1329793|
1329794|
1329795|
1329796|
1329797|
1329798|
1329799|
1329824|
1329825|
1329826|
1329827|
1329828|
1329829|
1329830|
1329831|
1329856|
1329857|
1329858|
1329859|
1329860|
1329861|
1329862|
1329863|
1329888|
1329889|
1329890|
1329891|
1329892|
1329893|
1329894|
1329895|
1329920|
1329921|
1329922|
1329923|
1329924|
1329925|
1329926|
1329927|
1329952|
1329953|
1329954|
1329955|
1329956|
1329957|
1329958|
1329959|
1329984|
1329985|
1329986|
1329987|
1329988|
1329989|
1329990|
1329991|
1330016|
1330017|
1330018|
1330019|
1330020|
1330021|
1330022|
1330023|
1330048|
1330049|
1330050|
1330051|
1330052|
1330053|
1330054|
1330055|
1330080|
1330081|
1330082|
1330083|
1330084|
1330085|
1330086|
1330087|
1330112|
1330113|
1330114|
1330115|
1330116|
1330117|
1330118|
1330119|
1330144|
1330145|
1330146|
1330147|
1330148|
1330149|
1330150|
1330151|
1330176|
1330177|
1330178|
1330179|
1330180|
1330181|
1330182|
1330183|
1330208|
1330209|
1330210|
1330211|
1330212|
1330213|
1330214|
1330215|
1330240|
1330241|
1330242|
1330243|
1330244|
1330245|
1330246|
1330247|
1330272|
1330273|
1330274|
1330275|
1330276|
1330277|
1330278|
1330279|
1330304|
1330305|
1330306|
1330307|
1330308|
1330309|
1330310|
1330311|
1330336|
1330337|
1330338|
1330339|
1330340|
1330341|
1330342|
1330343|
1330368|
1330369|
1330370|
1330371|
1330372|
1330373|
1330374|
1330375|
1330400|
1330401|
1330402|
1330403|
1330404|
1330405|
1330406|
1330407|
1330432|
1330433|
1330434|
1330435|
1330436|
1330437|
1330438|
1330439|
1330464|
1330465|
1330466|
1330467|
1330468|
1330469|
1330470|
1330471|
1330496|
1330497|
1330498|
1330499|
1330500|
1330501|
1330502|
1330503|
1330528|
1330529|
1330530|
1330531|
1330532|
1330533|
1330534|
1330535|
1330560|
1330561|
1330562|
1330563|
1330564|
1330565|
1330566|
1330567|
1330592|
1330593|
1330594|
1330595|
1330596|
1330597|
1330598|
1330599|
1330624|
1330625|
1330626|
1330627|
1330628|
1330629|
1330630|
1330631|
1330656|
1330657|
1330658|
1330659|
1330660|
1330661|
1330662|
1330663|
1330688|
1330689|
1330690|
1330691|
1330692|
1330693|
1330694|
1330695|
1330720|
1330721|
1330722|
1330723|
1330724|
1330725|
1330726|
1330727|
1330752|
1330753|
1330754|
1330755|
1330756|
1330757|
1330758|
1330759|
1330784|
1330785|
1330786|
1330787|
1330788|
1330789|
1330790|
1330791|
1330816|
1330817|
1330818|
1330819|
1330820|
1330821|
1330822|
1330823|
1330848|
1330849|
1330850|
1330851|
1330852|
1330853|
1330854|
1330855|
1330880|
1330881|
1330882|
1330883|
1330884|
1330885|
1330886|
1330887|
1330912|
1330913|
1330914|
1330915|
1330916|
1330917|
1330918|
1330919|
1330944|
1330945|
1330946|
1330947|
1330948|
1330949|
1330950|
1330951|
1330976|
1330977|
1330978|
1330979|
1330980|
1330981|
1330982|
1330983|
1331008|
1331009|
1331010|
1331011|
1331012|
1331013|
1331014|
1331015|
1331040|
1331041|
1331042|
1331043|
1331044|
1331045|
1331046|
1331047|
1331072|
1331073|
1331074|
1331075|
1331076|
1331077|
1331078|
1331079|
1331104|
1331105|
1331106|
1331107|
1331108|
1331109|
1331110|
1331111|
1331136|
1331137|
1331138|
1331139|
1331140|
1331141|
1331142|
1331143|
1331168|
1331169|
1331170|
1331171|
1331172|
1331173|
1331174|
1331175|
1331200|
1331201|
1331202|
1331203|
1331204|
1331205|
1331206|
1331207|
1331232|
1331233|
1331234|
1331235|
1331236|
1331237|
1331238|
1331239|
1331264|
1331265|
1331266|
1331267|
1331268|
1331269|
1331270|
1331271|
1331296|
1331297|
1331298|
1331299|
1331300|
1331301|
1331302|
1331303|
1331328|
1331329|
1331330|
1331331|
1331332|
1331333|
1331334|
1331335|
1331360|
1331361|
1331362|
1331363|
1331364|
1331365|
1331366|
1331367|
1331392|
1331393|
1331394|
1331395|
1331396|
1331397|
1331398|
1331399|
1331424|
1331425|
1331426|
1331427|
1331428|
1331429|
1331430|
1331431|
1331456|
1331457|
1331458|
1331459|
1331460|
1331461|
1331462|
1331463|
1331488|
1331489|
1331490|
1331491|
1331492|
1331493|
1331494|
1331495|
1331520|
1331521|
1331522|
1331523|
1331524|
1331525|
1331526|
1331527|
1331552|
1331553|
1331554|
1331555|
1331556|
1331557|
1331558|
1331559|
1331584|
1331585|
1331586|
1331587|
1331588|
1331589|
1331590|
1331591|
1331616|
1331617|
1331618|
1331619|
1331620|
1331621|
1331622|
1331623|
1331648|
1331649|
1331650|
1331651|
1331652|
1331653|
1331654|
1331655|
1331680|
1331681|
1331682|
1331683|
1331684|
1331685|
1331686|
1331687|
1331712|
1331713|
1331714|
1331715|
1331716|
1331717|
1331718|
1331719|
1331744|
1331745|
1331746|
1331747|
1331748|
1331749|
1331750|
1331751|
1331776|
1331777|
1331778|
1331779|
1331780|
1331781|
1331782|
1331783|
1331808|
1331809|
1331810|
1331811|
1331812|
1331813|
1331814|
1331815|
1331840|
1331841|
1331842|
1331843|
1331844|
1331845|
1331846|
1331847|
1331872|
1331873|
1331874|
1331875|
1331876|
1331877|
1331878|
1331879|
1331904|
1331905|
1331906|
1331907|
1331908|
1331909|
1331910|
1331911|
1331936|
1331937|
1331938|
1331939|
1331940|
1331941|
1331942|
1331943|
1331968|
1331969|
1331970|
1331971|
1331972|
1331973|
1331974|
1331975|
1332000|
