2388001|
2388002|
2388003|
2388004|
2388005|
2388006|
2388007|
2388032|
2388033|
2388034|
2388035|
2388036|
2388037|
2388038|
2388039|
2388064|
2388065|
2388066|
2388067|
2388068|
2388069|
2388070|
2388071|
2388096|
2388097|
2388098|
2388099|
2388100|
2388101|
2388102|
2388103|
2388128|
2388129|
2388130|
2388131|
2388132|
2388133|
2388134|
2388135|
2388160|
2388161|
2388162|
2388163|
2388164|
2388165|
2388166|
2388167|
2388192|
2388193|
2388194|
2388195|
2388196|
2388197|
2388198|
2388199|
2388224|
2388225|
2388226|
2388227|
2388228|
2388229|
2388230|
2388231|
2388256|
2388257|
2388258|
2388259|
2388260|
2388261|
2388262|
2388263|
2388288|
2388289|
2388290|
2388291|
2388292|
2388293|
2388294|
2388295|
2388320|
2388321|
2388322|
2388323|
2388324|
2388325|
2388326|
2388327|
2388352|
2388353|
2388354|
2388355|
2388356|
2388357|
2388358|
2388359|
2388384|
2388385|
2388386|
2388387|
2388388|
2388389|
2388390|
2388391|
2388416|
2388417|
2388418|
2388419|
2388420|
2388421|
2388422|
2388423|
2388448|
2388449|
2388450|
2388451|
2388452|
2388453|
2388454|
2388455|
2388480|
2388481|
2388482|
2388483|
2388484|
2388485|
2388486|
2388487|
2388512|
2388513|
2388514|
2388515|
2388516|
2388517|
2388518|
2388519|
2388544|
2388545|
2388546|
2388547|
2388548|
2388549|
2388550|
2388551|
2388576|
2388577|
2388578|
2388579|
2388580|
2388581|
2388582|
2388583|
2388608|
2388609|
2388610|
2388611|
2388612|
2388613|
2388614|
2388615|
2388640|
2388641|
2388642|
2388643|
2388644|
2388645|
2388646|
2388647|
2388672|
2388673|
2388674|
2388675|
2388676|
2388677|
2388678|
2388679|
2388704|
2388705|
2388706|
2388707|
2388708|
2388709|
2388710|
2388711|
2388736|
2388737|
2388738|
2388739|
2388740|
2388741|
2388742|
2388743|
2388768|
2388769|
2388770|
2388771|
2388772|
2388773|
2388774|
2388775|
2388800|
2388801|
2388802|
2388803|
2388804|
2388805|
2388806|
2388807|
2388832|
2388833|
2388834|
2388835|
2388836|
2388837|
2388838|
2388839|
2388864|
2388865|
2388866|
2388867|
2388868|
2388869|
2388870|
2388871|
2388896|
2388897|
2388898|
2388899|
2388900|
2388901|
2388902|
2388903|
2388928|
2388929|
2388930|
2388931|
2388932|
2388933|
2388934|
2388935|
2388960|
2388961|
2388962|
2388963|
2388964|
2388965|
2388966|
2388967|
2388992|
2388993|
2388994|
2388995|
2388996|
2388997|
2388998|
2388999|
2389024|
2389025|
2389026|
2389027|
2389028|
2389029|
2389030|
2389031|
2389056|
2389057|
2389058|
2389059|
2389060|
2389061|
2389062|
2389063|
2389088|
2389089|
2389090|
2389091|
2389092|
2389093|
2389094|
2389095|
2389120|
2389121|
2389122|
2389123|
2389124|
2389125|
2389126|
2389127|
2389152|
2389153|
2389154|
2389155|
2389156|
2389157|
2389158|
2389159|
2389184|
2389185|
2389186|
2389187|
2389188|
2389189|
2389190|
2389191|
2389216|
2389217|
2389218|
2389219|
2389220|
2389221|
2389222|
2389223|
2389248|
2389249|
2389250|
2389251|
2389252|
2389253|
2389254|
2389255|
2389280|
2389281|
2389282|
2389283|
2389284|
2389285|
2389286|
2389287|
2389312|
2389313|
2389314|
2389315|
2389316|
2389317|
2389318|
2389319|
2389344|
2389345|
2389346|
2389347|
2389348|
2389349|
2389350|
2389351|
2389376|
2389377|
2389378|
2389379|
2389380|
2389381|
2389382|
2389383|
2389408|
2389409|
2389410|
2389411|
2389412|
2389413|
2389414|
2389415|
2389440|
2389441|
2389442|
2389443|
2389444|
2389445|
2389446|
2389447|
2389472|
2389473|
2389474|
2389475|
2389476|
2389477|
2389478|
2389479|
2389504|
2389505|
2389506|
2389507|
2389508|
2389509|
2389510|
2389511|
2389536|
2389537|
2389538|
2389539|
2389540|
2389541|
2389542|
2389543|
2389568|
2389569|
2389570|
2389571|
2389572|
2389573|
2389574|
2389575|
2389600|
2389601|
2389602|
2389603|
2389604|
2389605|
2389606|
2389607|
2389632|
2389633|
2389634|
2389635|
2389636|
2389637|
2389638|
2389639|
2389664|
2389665|
2389666|
2389667|
2389668|
2389669|
2389670|
2389671|
2389696|
2389697|
2389698|
2389699|
2389700|
2389701|
2389702|
2389703|
2389728|
2389729|
2389730|
2389731|
2389732|
2389733|
2389734|
2389735|
2389760|
2389761|
2389762|
2389763|
2389764|
2389765|
2389766|
2389767|
2389792|
2389793|
2389794|
2389795|
2389796|
2389797|
2389798|
2389799|
2389824|
2389825|
2389826|
2389827|
2389828|
2389829|
2389830|
2389831|
2389856|
2389857|
2389858|
2389859|
2389860|
2389861|
2389862|
2389863|
2389888|
2389889|
2389890|
2389891|
2389892|
2389893|
2389894|
2389895|
2389920|
2389921|
2389922|
2389923|
2389924|
2389925|
2389926|
2389927|
2389952|
2389953|
2389954|
2389955|
2389956|
2389957|
2389958|
2389959|
2389984|
2389985|
2389986|
2389987|
2389988|
2389989|
2389990|
2389991|
2390016|
2390017|
2390018|
2390019|
2390020|
2390021|
2390022|
2390023|
2390048|
2390049|
2390050|
2390051|
2390052|
2390053|
2390054|
2390055|
2390080|
2390081|
2390082|
2390083|
2390084|
2390085|
2390086|
2390087|
2390112|
2390113|
2390114|
2390115|
2390116|
2390117|
2390118|
2390119|
2390144|
2390145|
2390146|
2390147|
2390148|
2390149|
2390150|
2390151|
2390176|
2390177|
2390178|
2390179|
2390180|
2390181|
2390182|
2390183|
2390208|
2390209|
2390210|
2390211|
2390212|
2390213|
2390214|
2390215|
2390240|
2390241|
2390242|
2390243|
2390244|
2390245|
2390246|
2390247|
2390272|
2390273|
2390274|
2390275|
2390276|
2390277|
2390278|
2390279|
2390304|
2390305|
2390306|
2390307|
2390308|
2390309|
2390310|
2390311|
2390336|
2390337|
2390338|
2390339|
2390340|
2390341|
2390342|
2390343|
2390368|
2390369|
2390370|
2390371|
2390372|
2390373|
2390374|
2390375|
2390400|
2390401|
2390402|
2390403|
2390404|
2390405|
2390406|
2390407|
2390432|
2390433|
2390434|
2390435|
2390436|
2390437|
2390438|
2390439|
2390464|
2390465|
2390466|
2390467|
2390468|
2390469|
2390470|
2390471|
2390496|
2390497|
2390498|
2390499|
2390500|
2390501|
2390502|
2390503|
2390528|
2390529|
2390530|
2390531|
2390532|
2390533|
2390534|
2390535|
2390560|
2390561|
2390562|
2390563|
2390564|
2390565|
2390566|
2390567|
2390592|
2390593|
2390594|
2390595|
2390596|
2390597|
2390598|
2390599|
2390624|
2390625|
2390626|
2390627|
2390628|
2390629|
2390630|
2390631|
2390656|
2390657|
2390658|
2390659|
2390660|
2390661|
2390662|
2390663|
2390688|
2390689|
2390690|
2390691|
2390692|
2390693|
2390694|
2390695|
2390720|
2390721|
2390722|
2390723|
2390724|
2390725|
2390726|
2390727|
2390752|
2390753|
2390754|
2390755|
2390756|
2390757|
2390758|
2390759|
2390784|
2390785|
2390786|
2390787|
2390788|
2390789|
2390790|
2390791|
2390816|
2390817|
2390818|
2390819|
2390820|
2390821|
2390822|
2390823|
2390848|
2390849|
2390850|
2390851|
2390852|
2390853|
2390854|
2390855|
2390880|
2390881|
2390882|
2390883|
2390884|
2390885|
2390886|
2390887|
2390912|
2390913|
2390914|
2390915|
2390916|
2390917|
2390918|
2390919|
2390944|
2390945|
2390946|
2390947|
2390948|
2390949|
2390950|
2390951|
2390976|
2390977|
2390978|
2390979|
2390980|
2390981|
2390982|
2390983|
2391008|
2391009|
2391010|
2391011|
2391012|
2391013|
2391014|
2391015|
2391040|
2391041|
2391042|
2391043|
2391044|
2391045|
2391046|
2391047|
2391072|
2391073|
2391074|
2391075|
2391076|
2391077|
2391078|
2391079|
2391104|
2391105|
2391106|
2391107|
2391108|
2391109|
2391110|
2391111|
2391136|
2391137|
2391138|
2391139|
2391140|
2391141|
2391142|
2391143|
2391168|
2391169|
2391170|
2391171|
2391172|
2391173|
2391174|
2391175|
2391200|
2391201|
2391202|
2391203|
2391204|
2391205|
2391206|
2391207|
2391232|
2391233|
2391234|
2391235|
2391236|
2391237|
2391238|
2391239|
2391264|
2391265|
2391266|
2391267|
2391268|
2391269|
2391270|
2391271|
2391296|
2391297|
2391298|
2391299|
2391300|
2391301|
2391302|
2391303|
2391328|
2391329|
2391330|
2391331|
2391332|
2391333|
2391334|
2391335|
2391360|
2391361|
2391362|
2391363|
2391364|
2391365|
2391366|
2391367|
2391392|
2391393|
2391394|
2391395|
2391396|
2391397|
2391398|
2391399|
2391424|
2391425|
2391426|
2391427|
2391428|
2391429|
2391430|
2391431|
2391456|
2391457|
2391458|
2391459|
2391460|
2391461|
2391462|
2391463|
2391488|
2391489|
2391490|
2391491|
2391492|
2391493|
2391494|
2391495|
2391520|
2391521|
2391522|
2391523|
2391524|
2391525|
2391526|
2391527|
2391552|
2391553|
2391554|
2391555|
2391556|
2391557|
2391558|
2391559|
2391584|
2391585|
2391586|
2391587|
2391588|
2391589|
2391590|
2391591|
2391616|
2391617|
2391618|
2391619|
2391620|
2391621|
2391622|
2391623|
2391648|
2391649|
2391650|
2391651|
2391652|
2391653|
2391654|
2391655|
2391680|
2391681|
2391682|
2391683|
2391684|
2391685|
2391686|
2391687|
2391712|
2391713|
2391714|
2391715|
2391716|
2391717|
2391718|
2391719|
2391744|
2391745|
2391746|
2391747|
2391748|
2391749|
2391750|
2391751|
2391776|
2391777|
2391778|
2391779|
2391780|
2391781|
2391782|
2391783|
2391808|
2391809|
2391810|
2391811|
2391812|
2391813|
2391814|
2391815|
2391840|
2391841|
2391842|
2391843|
2391844|
2391845|
2391846|
2391847|
2391872|
2391873|
2391874|
2391875|
2391876|
2391877|
2391878|
2391879|
2391904|
2391905|
2391906|
2391907|
2391908|
2391909|
2391910|
2391911|
2391936|
2391937|
2391938|
2391939|
2391940|
2391941|
2391942|
2391943|
2391968|
2391969|
2391970|
2391971|
2391972|
2391973|
2391974|
2391975|
2392000|
2392001|
2392002|
2392003|
2392004|
2392005|
2392006|
2392007|
2392032|
2392033|
2392034|
2392035|
2392036|
2392037|
2392038|
2392039|
2392064|
2392065|
2392066|
2392067|
2392068|
2392069|
2392070|
2392071|
2392096|
2392097|
2392098|
2392099|
2392100|
2392101|
2392102|
2392103|
2392128|
2392129|
2392130|
2392131|
2392132|
2392133|
2392134|
2392135|
2392160|
2392161|
2392162|
2392163|
2392164|
2392165|
2392166|
2392167|
2392192|
2392193|
2392194|
2392195|
2392196|
2392197|
2392198|
2392199|
2392224|
2392225|
2392226|
2392227|
2392228|
2392229|
2392230|
2392231|
2392256|
2392257|
2392258|
2392259|
2392260|
2392261|
2392262|
2392263|
2392288|
2392289|
2392290|
2392291|
2392292|
2392293|
2392294|
2392295|
2392320|
2392321|
2392322|
2392323|
2392324|
2392325|
2392326|
2392327|
2392352|
2392353|
2392354|
2392355|
2392356|
2392357|
2392358|
2392359|
2392384|
2392385|
2392386|
2392387|
2392388|
2392389|
2392390|
2392391|
2392416|
2392417|
2392418|
2392419|
2392420|
2392421|
2392422|
2392423|
2392448|
2392449|
2392450|
2392451|
2392452|
2392453|
2392454|
2392455|
2392480|
2392481|
2392482|
2392483|
2392484|
2392485|
2392486|
2392487|
2392512|
2392513|
2392514|
2392515|
2392516|
2392517|
2392518|
2392519|
2392544|
2392545|
2392546|
2392547|
2392548|
2392549|
2392550|
2392551|
2392576|
2392577|
2392578|
2392579|
2392580|
2392581|
2392582|
2392583|
2392608|
2392609|
2392610|
2392611|
2392612|
2392613|
2392614|
2392615|
2392640|
2392641|
2392642|
2392643|
2392644|
2392645|
2392646|
2392647|
2392672|
2392673|
2392674|
2392675|
2392676|
2392677|
2392678|
2392679|
2392704|
2392705|
2392706|
2392707|
2392708|
2392709|
2392710|
2392711|
2392736|
2392737|
2392738|
2392739|
2392740|
2392741|
2392742|
2392743|
2392768|
2392769|
2392770|
2392771|
2392772|
2392773|
2392774|
2392775|
2392800|
2392801|
2392802|
2392803|
2392804|
2392805|
2392806|
2392807|
2392832|
2392833|
2392834|
2392835|
2392836|
2392837|
2392838|
2392839|
2392864|
2392865|
2392866|
2392867|
2392868|
2392869|
2392870|
2392871|
2392896|
2392897|
2392898|
2392899|
2392900|
2392901|
2392902|
2392903|
2392928|
2392929|
2392930|
2392931|
2392932|
2392933|
2392934|
2392935|
2392960|
2392961|
2392962|
2392963|
2392964|
2392965|
2392966|
2392967|
2392992|
2392993|
2392994|
2392995|
2392996|
2392997|
2392998|
2392999|
2393024|
2393025|
2393026|
2393027|
2393028|
2393029|
2393030|
2393031|
2393056|
2393057|
2393058|
2393059|
2393060|
2393061|
2393062|
2393063|
2393088|
2393089|
2393090|
2393091|
2393092|
2393093|
2393094|
2393095|
2393120|
2393121|
2393122|
2393123|
2393124|
2393125|
2393126|
2393127|
2393152|
2393153|
2393154|
2393155|
2393156|
2393157|
2393158|
2393159|
2393184|
2393185|
2393186|
2393187|
2393188|
2393189|
2393190|
2393191|
2393216|
2393217|
2393218|
2393219|
2393220|
2393221|
2393222|
2393223|
2393248|
2393249|
2393250|
2393251|
2393252|
2393253|
2393254|
2393255|
2393280|
2393281|
2393282|
2393283|
2393284|
2393285|
2393286|
2393287|
2393312|
2393313|
2393314|
2393315|
2393316|
2393317|
2393318|
2393319|
2393344|
2393345|
2393346|
2393347|
2393348|
2393349|
2393350|
2393351|
2393376|
2393377|
2393378|
2393379|
2393380|
2393381|
2393382|
2393383|
2393408|
2393409|
2393410|
2393411|
2393412|
2393413|
2393414|
2393415|
2393440|
2393441|
2393442|
2393443|
2393444|
2393445|
2393446|
2393447|
2393472|
2393473|
2393474|
2393475|
2393476|
2393477|
2393478|
2393479|
2393504|
2393505|
2393506|
2393507|
2393508|
2393509|
2393510|
2393511|
2393536|
2393537|
2393538|
2393539|
2393540|
2393541|
2393542|
2393543|
2393568|
2393569|
2393570|
2393571|
2393572|
2393573|
2393574|
2393575|
2393600|
2393601|
2393602|
2393603|
2393604|
2393605|
2393606|
2393607|
2393632|
2393633|
2393634|
2393635|
2393636|
2393637|
2393638|
2393639|
2393664|
2393665|
2393666|
2393667|
2393668|
2393669|
2393670|
2393671|
2393696|
2393697|
2393698|
2393699|
2393700|
2393701|
2393702|
2393703|
2393728|
2393729|
2393730|
2393731|
2393732|
2393733|
2393734|
2393735|
2393760|
2393761|
2393762|
2393763|
2393764|
2393765|
2393766|
2393767|
2393792|
2393793|
2393794|
2393795|
2393796|
2393797|
2393798|
2393799|
2393824|
2393825|
2393826|
2393827|
2393828|
2393829|
2393830|
2393831|
2393856|
2393857|
2393858|
2393859|
2393860|
2393861|
2393862|
2393863|
2393888|
2393889|
2393890|
2393891|
2393892|
2393893|
2393894|
2393895|
2393920|
2393921|
2393922|
2393923|
2393924|
2393925|
2393926|
2393927|
2393952|
2393953|
2393954|
2393955|
2393956|
2393957|
2393958|
2393959|
2393984|
2393985|
2393986|
2393987|
2393988|
