2352001|
2352002|
2352003|
2352004|
2352005|
2352006|
2352007|
2352032|
2352033|
2352034|
2352035|
2352036|
2352037|
2352038|
2352039|
2352064|
2352065|
2352066|
2352067|
2352068|
2352069|
2352070|
2352071|
2352096|
2352097|
2352098|
2352099|
2352100|
2352101|
2352102|
2352103|
2352128|
2352129|
2352130|
2352131|
2352132|
2352133|
2352134|
2352135|
2352160|
2352161|
2352162|
2352163|
2352164|
2352165|
2352166|
2352167|
2352192|
2352193|
2352194|
2352195|
2352196|
2352197|
2352198|
2352199|
2352224|
2352225|
2352226|
2352227|
2352228|
2352229|
2352230|
2352231|
2352256|
2352257|
2352258|
2352259|
2352260|
2352261|
2352262|
2352263|
2352288|
2352289|
2352290|
2352291|
2352292|
2352293|
2352294|
2352295|
2352320|
2352321|
2352322|
2352323|
2352324|
2352325|
2352326|
2352327|
2352352|
2352353|
2352354|
2352355|
2352356|
2352357|
2352358|
2352359|
2352384|
2352385|
2352386|
2352387|
2352388|
2352389|
2352390|
2352391|
2352416|
2352417|
2352418|
2352419|
2352420|
2352421|
2352422|
2352423|
2352448|
2352449|
2352450|
2352451|
2352452|
2352453|
2352454|
2352455|
2352480|
2352481|
2352482|
2352483|
2352484|
2352485|
2352486|
2352487|
2352512|
2352513|
2352514|
2352515|
2352516|
2352517|
2352518|
2352519|
2352544|
2352545|
2352546|
2352547|
2352548|
2352549|
2352550|
2352551|
2352576|
2352577|
2352578|
2352579|
2352580|
2352581|
2352582|
2352583|
2352608|
2352609|
2352610|
2352611|
2352612|
2352613|
2352614|
2352615|
2352640|
2352641|
2352642|
2352643|
2352644|
2352645|
2352646|
2352647|
2352672|
2352673|
2352674|
2352675|
2352676|
2352677|
2352678|
2352679|
2352704|
2352705|
2352706|
2352707|
2352708|
2352709|
2352710|
2352711|
2352736|
2352737|
2352738|
2352739|
2352740|
2352741|
2352742|
2352743|
2352768|
2352769|
2352770|
2352771|
2352772|
2352773|
2352774|
2352775|
2352800|
2352801|
2352802|
2352803|
2352804|
2352805|
2352806|
2352807|
2352832|
2352833|
2352834|
2352835|
2352836|
2352837|
2352838|
2352839|
2352864|
2352865|
2352866|
2352867|
2352868|
2352869|
2352870|
2352871|
2352896|
2352897|
2352898|
2352899|
2352900|
2352901|
2352902|
2352903|
2352928|
2352929|
2352930|
2352931|
2352932|
2352933|
2352934|
2352935|
2352960|
2352961|
2352962|
2352963|
2352964|
2352965|
2352966|
2352967|
2352992|
2352993|
2352994|
2352995|
2352996|
2352997|
2352998|
2352999|
2353024|
2353025|
2353026|
2353027|
2353028|
2353029|
2353030|
2353031|
2353056|
2353057|
2353058|
2353059|
2353060|
2353061|
2353062|
2353063|
2353088|
2353089|
2353090|
2353091|
2353092|
2353093|
2353094|
2353095|
2353120|
2353121|
2353122|
2353123|
2353124|
2353125|
2353126|
2353127|
2353152|
2353153|
2353154|
2353155|
2353156|
2353157|
2353158|
2353159|
2353184|
2353185|
2353186|
2353187|
2353188|
2353189|
2353190|
2353191|
2353216|
2353217|
2353218|
2353219|
2353220|
2353221|
2353222|
2353223|
2353248|
2353249|
2353250|
2353251|
2353252|
2353253|
2353254|
2353255|
2353280|
2353281|
2353282|
2353283|
2353284|
2353285|
2353286|
2353287|
2353312|
2353313|
2353314|
2353315|
2353316|
2353317|
2353318|
2353319|
2353344|
2353345|
2353346|
2353347|
2353348|
2353349|
2353350|
2353351|
2353376|
2353377|
2353378|
2353379|
2353380|
2353381|
2353382|
2353383|
2353408|
2353409|
2353410|
2353411|
2353412|
2353413|
2353414|
2353415|
2353440|
2353441|
2353442|
2353443|
2353444|
2353445|
2353446|
2353447|
2353472|
2353473|
2353474|
2353475|
2353476|
2353477|
2353478|
2353479|
2353504|
2353505|
2353506|
2353507|
2353508|
2353509|
2353510|
2353511|
2353536|
2353537|
2353538|
2353539|
2353540|
2353541|
2353542|
2353543|
2353568|
2353569|
2353570|
2353571|
2353572|
2353573|
2353574|
2353575|
2353600|
2353601|
2353602|
2353603|
2353604|
2353605|
2353606|
2353607|
2353632|
2353633|
2353634|
2353635|
2353636|
2353637|
2353638|
2353639|
2353664|
2353665|
2353666|
2353667|
2353668|
2353669|
2353670|
2353671|
2353696|
2353697|
2353698|
2353699|
2353700|
2353701|
2353702|
2353703|
2353728|
2353729|
2353730|
2353731|
2353732|
2353733|
2353734|
2353735|
2353760|
2353761|
2353762|
2353763|
2353764|
2353765|
2353766|
2353767|
2353792|
2353793|
2353794|
2353795|
2353796|
2353797|
2353798|
2353799|
2353824|
2353825|
2353826|
2353827|
2353828|
2353829|
2353830|
2353831|
2353856|
2353857|
2353858|
2353859|
2353860|
2353861|
2353862|
2353863|
2353888|
2353889|
2353890|
2353891|
2353892|
2353893|
2353894|
2353895|
2353920|
2353921|
2353922|
2353923|
2353924|
2353925|
2353926|
2353927|
2353952|
2353953|
2353954|
2353955|
2353956|
2353957|
2353958|
2353959|
2353984|
2353985|
2353986|
2353987|
2353988|
2353989|
2353990|
2353991|
2354016|
2354017|
2354018|
2354019|
2354020|
2354021|
2354022|
2354023|
2354048|
2354049|
2354050|
2354051|
2354052|
2354053|
2354054|
2354055|
2354080|
2354081|
2354082|
2354083|
2354084|
2354085|
2354086|
2354087|
2354112|
2354113|
2354114|
2354115|
2354116|
2354117|
2354118|
2354119|
2354144|
2354145|
2354146|
2354147|
2354148|
2354149|
2354150|
2354151|
2354176|
2354177|
2354178|
2354179|
2354180|
2354181|
2354182|
2354183|
2354208|
2354209|
2354210|
2354211|
2354212|
2354213|
2354214|
2354215|
2354240|
2354241|
2354242|
2354243|
2354244|
2354245|
2354246|
2354247|
2354272|
2354273|
2354274|
2354275|
2354276|
2354277|
2354278|
2354279|
2354304|
2354305|
2354306|
2354307|
2354308|
2354309|
2354310|
2354311|
2354336|
2354337|
2354338|
2354339|
2354340|
2354341|
2354342|
2354343|
2354368|
2354369|
2354370|
2354371|
2354372|
2354373|
2354374|
2354375|
2354400|
2354401|
2354402|
2354403|
2354404|
2354405|
2354406|
2354407|
2354432|
2354433|
2354434|
2354435|
2354436|
2354437|
2354438|
2354439|
2354464|
2354465|
2354466|
2354467|
2354468|
2354469|
2354470|
2354471|
2354496|
2354497|
2354498|
2354499|
2354500|
2354501|
2354502|
2354503|
2354528|
2354529|
2354530|
2354531|
2354532|
2354533|
2354534|
2354535|
2354560|
2354561|
2354562|
2354563|
2354564|
2354565|
2354566|
2354567|
2354592|
2354593|
2354594|
2354595|
2354596|
2354597|
2354598|
2354599|
2354624|
2354625|
2354626|
2354627|
2354628|
2354629|
2354630|
2354631|
2354656|
2354657|
2354658|
2354659|
2354660|
2354661|
2354662|
2354663|
2354688|
2354689|
2354690|
2354691|
2354692|
2354693|
2354694|
2354695|
2354720|
2354721|
2354722|
2354723|
2354724|
2354725|
2354726|
2354727|
2354752|
2354753|
2354754|
2354755|
2354756|
2354757|
2354758|
2354759|
2354784|
2354785|
2354786|
2354787|
2354788|
2354789|
2354790|
2354791|
2354816|
2354817|
2354818|
2354819|
2354820|
2354821|
2354822|
2354823|
2354848|
2354849|
2354850|
2354851|
2354852|
2354853|
2354854|
2354855|
2354880|
2354881|
2354882|
2354883|
2354884|
2354885|
2354886|
2354887|
2354912|
2354913|
2354914|
2354915|
2354916|
2354917|
2354918|
2354919|
2354944|
2354945|
2354946|
2354947|
2354948|
2354949|
2354950|
2354951|
2354976|
2354977|
2354978|
2354979|
2354980|
2354981|
2354982|
2354983|
2355008|
2355009|
2355010|
2355011|
2355012|
2355013|
2355014|
2355015|
2355040|
2355041|
2355042|
2355043|
2355044|
2355045|
2355046|
2355047|
2355072|
2355073|
2355074|
2355075|
2355076|
2355077|
2355078|
2355079|
2355104|
2355105|
2355106|
2355107|
2355108|
2355109|
2355110|
2355111|
2355136|
2355137|
2355138|
2355139|
2355140|
2355141|
2355142|
2355143|
2355168|
2355169|
2355170|
2355171|
2355172|
2355173|
2355174|
2355175|
2355200|
2355201|
2355202|
2355203|
2355204|
2355205|
2355206|
2355207|
2355232|
2355233|
2355234|
2355235|
2355236|
2355237|
2355238|
2355239|
2355264|
2355265|
2355266|
2355267|
2355268|
2355269|
2355270|
2355271|
2355296|
2355297|
2355298|
2355299|
2355300|
2355301|
2355302|
2355303|
2355328|
2355329|
2355330|
2355331|
2355332|
2355333|
2355334|
2355335|
2355360|
2355361|
2355362|
2355363|
2355364|
2355365|
2355366|
2355367|
2355392|
2355393|
2355394|
2355395|
2355396|
2355397|
2355398|
2355399|
2355424|
2355425|
2355426|
2355427|
2355428|
2355429|
2355430|
2355431|
2355456|
2355457|
2355458|
2355459|
2355460|
2355461|
2355462|
2355463|
2355488|
2355489|
2355490|
2355491|
2355492|
2355493|
2355494|
2355495|
2355520|
2355521|
2355522|
2355523|
2355524|
2355525|
2355526|
2355527|
2355552|
2355553|
2355554|
2355555|
2355556|
2355557|
2355558|
2355559|
2355584|
2355585|
2355586|
2355587|
2355588|
2355589|
2355590|
2355591|
2355616|
2355617|
2355618|
2355619|
2355620|
2355621|
2355622|
2355623|
2355648|
2355649|
2355650|
2355651|
2355652|
2355653|
2355654|
2355655|
2355680|
2355681|
2355682|
2355683|
2355684|
2355685|
2355686|
2355687|
2355712|
2355713|
2355714|
2355715|
2355716|
2355717|
2355718|
2355719|
2355744|
2355745|
2355746|
2355747|
2355748|
2355749|
2355750|
2355751|
2355776|
2355777|
2355778|
2355779|
2355780|
2355781|
2355782|
2355783|
2355808|
2355809|
2355810|
2355811|
2355812|
2355813|
2355814|
2355815|
2355840|
2355841|
2355842|
2355843|
2355844|
2355845|
2355846|
2355847|
2355872|
2355873|
2355874|
2355875|
2355876|
2355877|
2355878|
2355879|
2355904|
2355905|
2355906|
2355907|
2355908|
2355909|
2355910|
2355911|
2355936|
2355937|
2355938|
2355939|
2355940|
2355941|
2355942|
2355943|
2355968|
2355969|
2355970|
2355971|
2355972|
2355973|
2355974|
2355975|
2356000|
2356001|
2356002|
2356003|
2356004|
2356005|
2356006|
2356007|
2356032|
2356033|
2356034|
2356035|
2356036|
2356037|
2356038|
2356039|
2356064|
2356065|
2356066|
2356067|
2356068|
2356069|
2356070|
2356071|
2356096|
2356097|
2356098|
2356099|
2356100|
2356101|
2356102|
2356103|
2356128|
2356129|
2356130|
2356131|
2356132|
2356133|
2356134|
2356135|
2356160|
2356161|
2356162|
2356163|
2356164|
2356165|
2356166|
2356167|
2356192|
2356193|
2356194|
2356195|
2356196|
2356197|
2356198|
2356199|
2356224|
2356225|
2356226|
2356227|
2356228|
2356229|
2356230|
2356231|
2356256|
2356257|
2356258|
2356259|
2356260|
2356261|
2356262|
2356263|
2356288|
2356289|
2356290|
2356291|
2356292|
2356293|
2356294|
2356295|
2356320|
2356321|
2356322|
2356323|
2356324|
2356325|
2356326|
2356327|
2356352|
2356353|
2356354|
2356355|
2356356|
2356357|
2356358|
2356359|
2356384|
2356385|
2356386|
2356387|
2356388|
2356389|
2356390|
2356391|
2356416|
2356417|
2356418|
2356419|
2356420|
2356421|
2356422|
2356423|
2356448|
2356449|
2356450|
2356451|
2356452|
2356453|
2356454|
2356455|
2356480|
2356481|
2356482|
2356483|
2356484|
2356485|
2356486|
2356487|
2356512|
2356513|
2356514|
2356515|
2356516|
2356517|
2356518|
2356519|
2356544|
2356545|
2356546|
2356547|
2356548|
2356549|
2356550|
2356551|
2356576|
2356577|
2356578|
2356579|
2356580|
2356581|
2356582|
2356583|
2356608|
2356609|
2356610|
2356611|
2356612|
2356613|
2356614|
2356615|
2356640|
2356641|
2356642|
2356643|
2356644|
2356645|
2356646|
2356647|
2356672|
2356673|
2356674|
2356675|
2356676|
2356677|
2356678|
2356679|
2356704|
2356705|
2356706|
2356707|
2356708|
2356709|
2356710|
2356711|
2356736|
2356737|
2356738|
2356739|
2356740|
2356741|
2356742|
2356743|
2356768|
2356769|
2356770|
2356771|
2356772|
2356773|
2356774|
2356775|
2356800|
2356801|
2356802|
2356803|
2356804|
2356805|
2356806|
2356807|
2356832|
2356833|
2356834|
2356835|
2356836|
2356837|
2356838|
2356839|
2356864|
2356865|
2356866|
2356867|
2356868|
2356869|
2356870|
2356871|
2356896|
2356897|
2356898|
2356899|
2356900|
2356901|
2356902|
2356903|
2356928|
2356929|
2356930|
2356931|
2356932|
2356933|
2356934|
2356935|
2356960|
2356961|
2356962|
2356963|
2356964|
2356965|
2356966|
2356967|
2356992|
2356993|
2356994|
2356995|
2356996|
2356997|
2356998|
2356999|
2357024|
2357025|
2357026|
2357027|
2357028|
2357029|
2357030|
2357031|
2357056|
2357057|
2357058|
2357059|
2357060|
2357061|
2357062|
2357063|
2357088|
2357089|
2357090|
2357091|
2357092|
2357093|
2357094|
2357095|
2357120|
2357121|
2357122|
2357123|
2357124|
2357125|
2357126|
2357127|
2357152|
2357153|
2357154|
2357155|
2357156|
2357157|
2357158|
2357159|
2357184|
2357185|
2357186|
2357187|
2357188|
2357189|
2357190|
2357191|
2357216|
2357217|
2357218|
2357219|
2357220|
2357221|
2357222|
2357223|
2357248|
2357249|
2357250|
2357251|
2357252|
2357253|
2357254|
2357255|
2357280|
2357281|
2357282|
2357283|
2357284|
2357285|
2357286|
2357287|
2357312|
2357313|
2357314|
2357315|
2357316|
2357317|
2357318|
2357319|
2357344|
2357345|
2357346|
2357347|
2357348|
2357349|
2357350|
2357351|
2357376|
2357377|
2357378|
2357379|
2357380|
2357381|
2357382|
2357383|
2357408|
2357409|
2357410|
2357411|
2357412|
2357413|
2357414|
2357415|
2357440|
2357441|
2357442|
2357443|
2357444|
2357445|
2357446|
2357447|
2357472|
2357473|
2357474|
2357475|
2357476|
2357477|
2357478|
2357479|
2357504|
2357505|
2357506|
2357507|
2357508|
2357509|
2357510|
2357511|
2357536|
2357537|
2357538|
2357539|
2357540|
2357541|
2357542|
2357543|
2357568|
2357569|
2357570|
2357571|
2357572|
2357573|
2357574|
2357575|
2357600|
2357601|
2357602|
2357603|
2357604|
2357605|
2357606|
2357607|
2357632|
2357633|
2357634|
2357635|
2357636|
2357637|
2357638|
2357639|
2357664|
2357665|
2357666|
2357667|
2357668|
2357669|
2357670|
2357671|
2357696|
2357697|
2357698|
2357699|
2357700|
2357701|
2357702|
2357703|
2357728|
2357729|
2357730|
2357731|
2357732|
2357733|
2357734|
2357735|
2357760|
2357761|
2357762|
2357763|
2357764|
2357765|
2357766|
2357767|
2357792|
2357793|
2357794|
2357795|
2357796|
2357797|
2357798|
2357799|
2357824|
2357825|
2357826|
2357827|
2357828|
2357829|
2357830|
2357831|
2357856|
2357857|
2357858|
2357859|
2357860|
2357861|
2357862|
2357863|
2357888|
2357889|
2357890|
2357891|
2357892|
2357893|
2357894|
2357895|
2357920|
2357921|
2357922|
2357923|
2357924|
2357925|
2357926|
2357927|
2357952|
2357953|
2357954|
2357955|
2357956|
2357957|
2357958|
2357959|
2357984|
2357985|
2357986|
2357987|
2357988|
