1985989|
1985990|
1985991|
1986016|
1986017|
1986018|
1986019|
1986020|
1986021|
1986022|
1986023|
1986048|
1986049|
1986050|
1986051|
1986052|
1986053|
1986054|
1986055|
1986080|
1986081|
1986082|
1986083|
1986084|
1986085|
1986086|
1986087|
1986112|
1986113|
1986114|
1986115|
1986116|
1986117|
1986118|
1986119|
1986144|
1986145|
1986146|
1986147|
1986148|
1986149|
1986150|
1986151|
1986176|
1986177|
1986178|
1986179|
1986180|
1986181|
1986182|
1986183|
1986208|
1986209|
1986210|
1986211|
1986212|
1986213|
1986214|
1986215|
1986240|
1986241|
1986242|
1986243|
1986244|
1986245|
1986246|
1986247|
1986272|
1986273|
1986274|
1986275|
1986276|
1986277|
1986278|
1986279|
1986304|
1986305|
1986306|
1986307|
1986308|
1986309|
1986310|
1986311|
1986336|
1986337|
1986338|
1986339|
1986340|
1986341|
1986342|
1986343|
1986368|
1986369|
1986370|
1986371|
1986372|
1986373|
1986374|
1986375|
1986400|
1986401|
1986402|
1986403|
1986404|
1986405|
1986406|
1986407|
1986432|
1986433|
1986434|
1986435|
1986436|
1986437|
1986438|
1986439|
1986464|
1986465|
1986466|
1986467|
1986468|
1986469|
1986470|
1986471|
1986496|
1986497|
1986498|
1986499|
1986500|
1986501|
1986502|
1986503|
1986528|
1986529|
1986530|
1986531|
1986532|
1986533|
1986534|
1986535|
1986560|
1986561|
1986562|
1986563|
1986564|
1986565|
1986566|
1986567|
1986592|
1986593|
1986594|
1986595|
1986596|
1986597|
1986598|
1986599|
1986624|
1986625|
1986626|
1986627|
1986628|
1986629|
1986630|
1986631|
1986656|
1986657|
1986658|
1986659|
1986660|
1986661|
1986662|
1986663|
1986688|
1986689|
1986690|
1986691|
1986692|
1986693|
1986694|
1986695|
1986720|
1986721|
1986722|
1986723|
1986724|
1986725|
1986726|
1986727|
1986752|
1986753|
1986754|
1986755|
1986756|
1986757|
1986758|
1986759|
1986784|
1986785|
1986786|
1986787|
1986788|
1986789|
1986790|
1986791|
1986816|
1986817|
1986818|
1986819|
1986820|
1986821|
1986822|
1986823|
1986848|
1986849|
1986850|
1986851|
1986852|
1986853|
1986854|
1986855|
1986880|
1986881|
1986882|
1986883|
1986884|
1986885|
1986886|
1986887|
1986912|
1986913|
1986914|
1986915|
1986916|
1986917|
1986918|
1986919|
1986944|
1986945|
1986946|
1986947|
1986948|
1986949|
1986950|
1986951|
1986976|
1986977|
1986978|
1986979|
1986980|
1986981|
1986982|
1986983|
1987008|
1987009|
1987010|
1987011|
1987012|
1987013|
1987014|
1987015|
1987040|
1987041|
1987042|
1987043|
1987044|
1987045|
1987046|
1987047|
1987072|
1987073|
1987074|
1987075|
1987076|
1987077|
1987078|
1987079|
1987104|
1987105|
1987106|
1987107|
1987108|
1987109|
1987110|
1987111|
1987136|
1987137|
1987138|
1987139|
1987140|
1987141|
1987142|
1987143|
1987168|
1987169|
1987170|
1987171|
1987172|
1987173|
1987174|
1987175|
1987200|
1987201|
1987202|
1987203|
1987204|
1987205|
1987206|
1987207|
1987232|
1987233|
1987234|
1987235|
1987236|
1987237|
1987238|
1987239|
1987264|
1987265|
1987266|
1987267|
1987268|
1987269|
1987270|
1987271|
1987296|
1987297|
1987298|
1987299|
1987300|
1987301|
1987302|
1987303|
1987328|
1987329|
1987330|
1987331|
1987332|
1987333|
1987334|
1987335|
1987360|
1987361|
1987362|
1987363|
1987364|
1987365|
1987366|
1987367|
1987392|
1987393|
1987394|
1987395|
1987396|
1987397|
1987398|
1987399|
1987424|
1987425|
1987426|
1987427|
1987428|
1987429|
1987430|
1987431|
1987456|
1987457|
1987458|
1987459|
1987460|
1987461|
1987462|
1987463|
1987488|
1987489|
1987490|
1987491|
1987492|
1987493|
1987494|
1987495|
1987520|
1987521|
1987522|
1987523|
1987524|
1987525|
1987526|
1987527|
1987552|
1987553|
1987554|
1987555|
1987556|
1987557|
1987558|
1987559|
1987584|
1987585|
1987586|
1987587|
1987588|
1987589|
1987590|
1987591|
1987616|
1987617|
1987618|
1987619|
1987620|
1987621|
1987622|
1987623|
1987648|
1987649|
1987650|
1987651|
1987652|
1987653|
1987654|
1987655|
1987680|
1987681|
1987682|
1987683|
1987684|
1987685|
1987686|
1987687|
1987712|
1987713|
1987714|
1987715|
1987716|
1987717|
1987718|
1987719|
1987744|
1987745|
1987746|
1987747|
1987748|
1987749|
1987750|
1987751|
1987776|
1987777|
1987778|
1987779|
1987780|
1987781|
1987782|
1987783|
1987808|
1987809|
1987810|
1987811|
1987812|
1987813|
1987814|
1987815|
1987840|
1987841|
1987842|
1987843|
1987844|
1987845|
1987846|
1987847|
1987872|
1987873|
1987874|
1987875|
1987876|
1987877|
1987878|
1987879|
1987904|
1987905|
1987906|
1987907|
1987908|
1987909|
1987910|
1987911|
1987936|
1987937|
1987938|
1987939|
1987940|
1987941|
1987942|
1987943|
1987968|
1987969|
1987970|
1987971|
1987972|
1987973|
1987974|
1987975|
1988000|
1988001|
1988002|
1988003|
1988004|
1988005|
1988006|
1988007|
1988032|
1988033|
1988034|
1988035|
1988036|
1988037|
1988038|
1988039|
1988064|
1988065|
1988066|
1988067|
1988068|
1988069|
1988070|
1988071|
1988096|
1988097|
1988098|
1988099|
1988100|
1988101|
1988102|
1988103|
1988128|
1988129|
1988130|
1988131|
1988132|
1988133|
1988134|
1988135|
1988160|
1988161|
1988162|
1988163|
1988164|
1988165|
1988166|
1988167|
1988192|
1988193|
1988194|
1988195|
1988196|
1988197|
1988198|
1988199|
1988224|
1988225|
1988226|
1988227|
1988228|
1988229|
1988230|
1988231|
1988256|
1988257|
1988258|
1988259|
1988260|
1988261|
1988262|
1988263|
1988288|
1988289|
1988290|
1988291|
1988292|
1988293|
1988294|
1988295|
1988320|
1988321|
1988322|
1988323|
1988324|
1988325|
1988326|
1988327|
1988352|
1988353|
1988354|
1988355|
1988356|
1988357|
1988358|
1988359|
1988384|
1988385|
1988386|
1988387|
1988388|
1988389|
1988390|
1988391|
1988416|
1988417|
1988418|
1988419|
1988420|
1988421|
1988422|
1988423|
1988448|
1988449|
1988450|
1988451|
1988452|
1988453|
1988454|
1988455|
1988480|
1988481|
1988482|
1988483|
1988484|
1988485|
1988486|
1988487|
1988512|
1988513|
1988514|
1988515|
1988516|
1988517|
1988518|
1988519|
1988544|
1988545|
1988546|
1988547|
1988548|
1988549|
1988550|
1988551|
1988576|
1988577|
1988578|
1988579|
1988580|
1988581|
1988582|
1988583|
1988608|
1988609|
1988610|
1988611|
1988612|
1988613|
1988614|
1988615|
1988640|
1988641|
1988642|
1988643|
1988644|
1988645|
1988646|
1988647|
1988672|
1988673|
1988674|
1988675|
1988676|
1988677|
1988678|
1988679|
1988704|
1988705|
1988706|
1988707|
1988708|
1988709|
1988710|
1988711|
1988736|
1988737|
1988738|
1988739|
1988740|
1988741|
1988742|
1988743|
1988768|
1988769|
1988770|
1988771|
1988772|
1988773|
1988774|
1988775|
1988800|
1988801|
1988802|
1988803|
1988804|
1988805|
1988806|
1988807|
1988832|
1988833|
1988834|
1988835|
1988836|
1988837|
1988838|
1988839|
1988864|
1988865|
1988866|
1988867|
1988868|
1988869|
1988870|
1988871|
1988896|
1988897|
1988898|
1988899|
1988900|
1988901|
1988902|
1988903|
1988928|
1988929|
1988930|
1988931|
1988932|
1988933|
1988934|
1988935|
1988960|
1988961|
1988962|
1988963|
1988964|
1988965|
1988966|
1988967|
1988992|
1988993|
1988994|
1988995|
1988996|
1988997|
1988998|
1988999|
1989024|
1989025|
1989026|
1989027|
1989028|
1989029|
1989030|
1989031|
1989056|
1989057|
1989058|
1989059|
1989060|
1989061|
1989062|
1989063|
1989088|
1989089|
1989090|
1989091|
1989092|
1989093|
1989094|
1989095|
1989120|
1989121|
1989122|
1989123|
1989124|
1989125|
1989126|
1989127|
1989152|
1989153|
1989154|
1989155|
1989156|
1989157|
1989158|
1989159|
1989184|
1989185|
1989186|
1989187|
1989188|
1989189|
1989190|
1989191|
1989216|
1989217|
1989218|
1989219|
1989220|
1989221|
1989222|
1989223|
1989248|
1989249|
1989250|
1989251|
1989252|
1989253|
1989254|
1989255|
1989280|
1989281|
1989282|
1989283|
1989284|
1989285|
1989286|
1989287|
1989312|
1989313|
1989314|
1989315|
1989316|
1989317|
1989318|
1989319|
1989344|
1989345|
1989346|
1989347|
1989348|
1989349|
1989350|
1989351|
1989376|
1989377|
1989378|
1989379|
1989380|
1989381|
1989382|
1989383|
1989408|
1989409|
1989410|
1989411|
1989412|
1989413|
1989414|
1989415|
1989440|
1989441|
1989442|
1989443|
1989444|
1989445|
1989446|
1989447|
1989472|
1989473|
1989474|
1989475|
1989476|
1989477|
1989478|
1989479|
1989504|
1989505|
1989506|
1989507|
1989508|
1989509|
1989510|
1989511|
1989536|
1989537|
1989538|
1989539|
1989540|
1989541|
1989542|
1989543|
1989568|
1989569|
1989570|
1989571|
1989572|
1989573|
1989574|
1989575|
1989600|
1989601|
1989602|
1989603|
1989604|
1989605|
1989606|
1989607|
1989632|
1989633|
1989634|
1989635|
1989636|
1989637|
1989638|
1989639|
1989664|
1989665|
1989666|
1989667|
1989668|
1989669|
1989670|
1989671|
1989696|
1989697|
1989698|
1989699|
1989700|
1989701|
1989702|
1989703|
1989728|
1989729|
1989730|
1989731|
1989732|
1989733|
1989734|
1989735|
1989760|
1989761|
1989762|
1989763|
1989764|
1989765|
1989766|
1989767|
1989792|
1989793|
1989794|
1989795|
1989796|
1989797|
1989798|
1989799|
1989824|
1989825|
1989826|
1989827|
1989828|
1989829|
1989830|
1989831|
1989856|
1989857|
1989858|
1989859|
1989860|
1989861|
1989862|
1989863|
1989888|
1989889|
1989890|
1989891|
1989892|
1989893|
1989894|
1989895|
1989920|
1989921|
1989922|
1989923|
1989924|
1989925|
1989926|
1989927|
1989952|
1989953|
1989954|
1989955|
1989956|
1989957|
1989958|
1989959|
1989984|
1989985|
1989986|
1989987|
1989988|
1989989|
1989990|
1989991|
1990016|
1990017|
1990018|
1990019|
1990020|
1990021|
1990022|
1990023|
1990048|
1990049|
1990050|
1990051|
1990052|
1990053|
1990054|
1990055|
1990080|
1990081|
1990082|
1990083|
1990084|
1990085|
1990086|
1990087|
1990112|
1990113|
1990114|
1990115|
1990116|
1990117|
1990118|
1990119|
1990144|
1990145|
1990146|
1990147|
1990148|
1990149|
1990150|
1990151|
1990176|
1990177|
1990178|
1990179|
1990180|
1990181|
1990182|
1990183|
1990208|
1990209|
1990210|
1990211|
1990212|
1990213|
1990214|
1990215|
1990240|
1990241|
1990242|
1990243|
1990244|
1990245|
1990246|
1990247|
1990272|
1990273|
1990274|
1990275|
1990276|
1990277|
1990278|
1990279|
1990304|
1990305|
1990306|
1990307|
1990308|
1990309|
1990310|
1990311|
1990336|
1990337|
1990338|
1990339|
1990340|
1990341|
1990342|
1990343|
1990368|
1990369|
1990370|
1990371|
1990372|
1990373|
1990374|
1990375|
1990400|
1990401|
1990402|
1990403|
1990404|
1990405|
1990406|
1990407|
1990432|
1990433|
1990434|
1990435|
1990436|
1990437|
1990438|
1990439|
1990464|
1990465|
1990466|
1990467|
1990468|
1990469|
1990470|
1990471|
1990496|
1990497|
1990498|
1990499|
1990500|
1990501|
1990502|
1990503|
1990528|
1990529|
1990530|
1990531|
1990532|
1990533|
1990534|
1990535|
1990560|
1990561|
1990562|
1990563|
1990564|
1990565|
1990566|
1990567|
1990592|
1990593|
1990594|
1990595|
1990596|
1990597|
1990598|
1990599|
1990624|
1990625|
1990626|
1990627|
1990628|
1990629|
1990630|
1990631|
1990656|
1990657|
1990658|
1990659|
1990660|
1990661|
1990662|
1990663|
1990688|
1990689|
1990690|
1990691|
1990692|
1990693|
1990694|
1990695|
1990720|
1990721|
1990722|
1990723|
1990724|
1990725|
1990726|
1990727|
1990752|
1990753|
1990754|
1990755|
1990756|
1990757|
1990758|
1990759|
1990784|
1990785|
1990786|
1990787|
1990788|
1990789|
1990790|
1990791|
1990816|
1990817|
1990818|
1990819|
1990820|
1990821|
1990822|
1990823|
1990848|
1990849|
1990850|
1990851|
1990852|
1990853|
1990854|
1990855|
1990880|
1990881|
1990882|
1990883|
1990884|
1990885|
1990886|
1990887|
1990912|
1990913|
1990914|
1990915|
1990916|
1990917|
1990918|
1990919|
1990944|
1990945|
1990946|
1990947|
1990948|
1990949|
1990950|
1990951|
1990976|
1990977|
1990978|
1990979|
1990980|
1990981|
1990982|
1990983|
1991008|
1991009|
1991010|
1991011|
1991012|
1991013|
1991014|
1991015|
1991040|
1991041|
1991042|
1991043|
1991044|
1991045|
1991046|
1991047|
1991072|
1991073|
1991074|
1991075|
1991076|
1991077|
1991078|
1991079|
1991104|
1991105|
1991106|
1991107|
1991108|
1991109|
1991110|
1991111|
1991136|
1991137|
1991138|
1991139|
1991140|
1991141|
1991142|
1991143|
1991168|
1991169|
1991170|
1991171|
1991172|
1991173|
1991174|
1991175|
1991200|
1991201|
1991202|
1991203|
1991204|
1991205|
1991206|
1991207|
1991232|
1991233|
1991234|
1991235|
1991236|
1991237|
1991238|
1991239|
1991264|
1991265|
1991266|
1991267|
1991268|
1991269|
1991270|
1991271|
1991296|
1991297|
1991298|
1991299|
1991300|
1991301|
1991302|
1991303|
1991328|
1991329|
1991330|
1991331|
1991332|
1991333|
1991334|
1991335|
1991360|
1991361|
1991362|
1991363|
1991364|
1991365|
1991366|
1991367|
1991392|
1991393|
1991394|
1991395|
1991396|
1991397|
1991398|
1991399|
1991424|
1991425|
1991426|
1991427|
1991428|
1991429|
1991430|
1991431|
1991456|
1991457|
1991458|
1991459|
1991460|
1991461|
1991462|
1991463|
1991488|
1991489|
1991490|
1991491|
1991492|
1991493|
1991494|
1991495|
1991520|
1991521|
1991522|
1991523|
1991524|
1991525|
1991526|
1991527|
1991552|
1991553|
1991554|
1991555|
1991556|
1991557|
1991558|
1991559|
1991584|
1991585|
1991586|
1991587|
1991588|
1991589|
1991590|
1991591|
1991616|
1991617|
1991618|
1991619|
1991620|
1991621|
1991622|
1991623|
1991648|
1991649|
1991650|
1991651|
1991652|
1991653|
1991654|
1991655|
1991680|
1991681|
1991682|
1991683|
1991684|
1991685|
1991686|
1991687|
1991712|
1991713|
1991714|
1991715|
1991716|
1991717|
1991718|
1991719|
1991744|
1991745|
1991746|
1991747|
1991748|
1991749|
1991750|
1991751|
1991776|
1991777|
1991778|
1991779|
1991780|
1991781|
1991782|
1991783|
1991808|
1991809|
1991810|
1991811|
1991812|
1991813|
1991814|
1991815|
1991840|
1991841|
1991842|
1991843|
1991844|
1991845|
1991846|
1991847|
1991872|
1991873|
1991874|
1991875|
1991876|
1991877|
1991878|
1991879|
1991904|
1991905|
1991906|
1991907|
1991908|
1991909|
1991910|
1991911|
1991936|
1991937|
1991938|
1991939|
1991940|
1991941|
1991942|
1991943|
1991968|
1991969|
1991970|
1991971|
1991972|
1991973|
1991974|
1991975|
1992000|
