1752001|
1752002|
1752003|
1752004|
1752005|
1752006|
1752007|
1752032|
1752033|
1752034|
1752035|
1752036|
1752037|
1752038|
1752039|
1752064|
1752065|
1752066|
1752067|
1752068|
1752069|
1752070|
1752071|
1752096|
1752097|
1752098|
1752099|
1752100|
1752101|
1752102|
1752103|
1752128|
1752129|
1752130|
1752131|
1752132|
1752133|
1752134|
1752135|
1752160|
1752161|
1752162|
1752163|
1752164|
1752165|
1752166|
1752167|
1752192|
1752193|
1752194|
1752195|
1752196|
1752197|
1752198|
1752199|
1752224|
1752225|
1752226|
1752227|
1752228|
1752229|
1752230|
1752231|
1752256|
1752257|
1752258|
1752259|
1752260|
1752261|
1752262|
1752263|
1752288|
1752289|
1752290|
1752291|
1752292|
1752293|
1752294|
1752295|
1752320|
1752321|
1752322|
1752323|
1752324|
1752325|
1752326|
1752327|
1752352|
1752353|
1752354|
1752355|
1752356|
1752357|
1752358|
1752359|
1752384|
1752385|
1752386|
1752387|
1752388|
1752389|
1752390|
1752391|
1752416|
1752417|
1752418|
1752419|
1752420|
1752421|
1752422|
1752423|
1752448|
1752449|
1752450|
1752451|
1752452|
1752453|
1752454|
1752455|
1752480|
1752481|
1752482|
1752483|
1752484|
1752485|
1752486|
1752487|
1752512|
1752513|
1752514|
1752515|
1752516|
1752517|
1752518|
1752519|
1752544|
1752545|
1752546|
1752547|
1752548|
1752549|
1752550|
1752551|
1752576|
1752577|
1752578|
1752579|
1752580|
1752581|
1752582|
1752583|
1752608|
1752609|
1752610|
1752611|
1752612|
1752613|
1752614|
1752615|
1752640|
1752641|
1752642|
1752643|
1752644|
1752645|
1752646|
1752647|
1752672|
1752673|
1752674|
1752675|
1752676|
1752677|
1752678|
1752679|
1752704|
1752705|
1752706|
1752707|
1752708|
1752709|
1752710|
1752711|
1752736|
1752737|
1752738|
1752739|
1752740|
1752741|
1752742|
1752743|
1752768|
1752769|
1752770|
1752771|
1752772|
1752773|
1752774|
1752775|
1752800|
1752801|
1752802|
1752803|
1752804|
1752805|
1752806|
1752807|
1752832|
1752833|
1752834|
1752835|
1752836|
1752837|
1752838|
1752839|
1752864|
1752865|
1752866|
1752867|
1752868|
1752869|
1752870|
1752871|
1752896|
1752897|
1752898|
1752899|
1752900|
1752901|
1752902|
1752903|
1752928|
1752929|
1752930|
1752931|
1752932|
1752933|
1752934|
1752935|
1752960|
1752961|
1752962|
1752963|
1752964|
1752965|
1752966|
1752967|
1752992|
1752993|
1752994|
1752995|
1752996|
1752997|
1752998|
1752999|
1753024|
1753025|
1753026|
1753027|
1753028|
1753029|
1753030|
1753031|
1753056|
1753057|
1753058|
1753059|
1753060|
1753061|
1753062|
1753063|
1753088|
1753089|
1753090|
1753091|
1753092|
1753093|
1753094|
1753095|
1753120|
1753121|
1753122|
1753123|
1753124|
1753125|
1753126|
1753127|
1753152|
1753153|
1753154|
1753155|
1753156|
1753157|
1753158|
1753159|
1753184|
1753185|
1753186|
1753187|
1753188|
1753189|
1753190|
1753191|
1753216|
1753217|
1753218|
1753219|
1753220|
1753221|
1753222|
1753223|
1753248|
1753249|
1753250|
1753251|
1753252|
1753253|
1753254|
1753255|
1753280|
1753281|
1753282|
1753283|
1753284|
1753285|
1753286|
1753287|
1753312|
1753313|
1753314|
1753315|
1753316|
1753317|
1753318|
1753319|
1753344|
1753345|
1753346|
1753347|
1753348|
1753349|
1753350|
1753351|
1753376|
1753377|
1753378|
1753379|
1753380|
1753381|
1753382|
1753383|
1753408|
1753409|
1753410|
1753411|
1753412|
1753413|
1753414|
1753415|
1753440|
1753441|
1753442|
1753443|
1753444|
1753445|
1753446|
1753447|
1753472|
1753473|
1753474|
1753475|
1753476|
1753477|
1753478|
1753479|
1753504|
1753505|
1753506|
1753507|
1753508|
1753509|
1753510|
1753511|
1753536|
1753537|
1753538|
1753539|
1753540|
1753541|
1753542|
1753543|
1753568|
1753569|
1753570|
1753571|
1753572|
1753573|
1753574|
1753575|
1753600|
1753601|
1753602|
1753603|
1753604|
1753605|
1753606|
1753607|
1753632|
1753633|
1753634|
1753635|
1753636|
1753637|
1753638|
1753639|
1753664|
1753665|
1753666|
1753667|
1753668|
1753669|
1753670|
1753671|
1753696|
1753697|
1753698|
1753699|
1753700|
1753701|
1753702|
1753703|
1753728|
1753729|
1753730|
1753731|
1753732|
1753733|
1753734|
1753735|
1753760|
1753761|
1753762|
1753763|
1753764|
1753765|
1753766|
1753767|
1753792|
1753793|
1753794|
1753795|
1753796|
1753797|
1753798|
1753799|
1753824|
1753825|
1753826|
1753827|
1753828|
1753829|
1753830|
1753831|
1753856|
1753857|
1753858|
1753859|
1753860|
1753861|
1753862|
1753863|
1753888|
1753889|
1753890|
1753891|
1753892|
1753893|
1753894|
1753895|
1753920|
1753921|
1753922|
1753923|
1753924|
1753925|
1753926|
1753927|
1753952|
1753953|
1753954|
1753955|
1753956|
1753957|
1753958|
1753959|
1753984|
1753985|
1753986|
1753987|
1753988|
1753989|
1753990|
1753991|
1754016|
1754017|
1754018|
1754019|
1754020|
1754021|
1754022|
1754023|
1754048|
1754049|
1754050|
1754051|
1754052|
1754053|
1754054|
1754055|
1754080|
1754081|
1754082|
1754083|
1754084|
1754085|
1754086|
1754087|
1754112|
1754113|
1754114|
1754115|
1754116|
1754117|
1754118|
1754119|
1754144|
1754145|
1754146|
1754147|
1754148|
1754149|
1754150|
1754151|
1754176|
1754177|
1754178|
1754179|
1754180|
1754181|
1754182|
1754183|
1754208|
1754209|
1754210|
1754211|
1754212|
1754213|
1754214|
1754215|
1754240|
1754241|
1754242|
1754243|
1754244|
1754245|
1754246|
1754247|
1754272|
1754273|
1754274|
1754275|
1754276|
1754277|
1754278|
1754279|
1754304|
1754305|
1754306|
1754307|
1754308|
1754309|
1754310|
1754311|
1754336|
1754337|
1754338|
1754339|
1754340|
1754341|
1754342|
1754343|
1754368|
1754369|
1754370|
1754371|
1754372|
1754373|
1754374|
1754375|
1754400|
1754401|
1754402|
1754403|
1754404|
1754405|
1754406|
1754407|
1754432|
1754433|
1754434|
1754435|
1754436|
1754437|
1754438|
1754439|
1754464|
1754465|
1754466|
1754467|
1754468|
1754469|
1754470|
1754471|
1754496|
1754497|
1754498|
1754499|
1754500|
1754501|
1754502|
1754503|
1754528|
1754529|
1754530|
1754531|
1754532|
1754533|
1754534|
1754535|
1754560|
1754561|
1754562|
1754563|
1754564|
1754565|
1754566|
1754567|
1754592|
1754593|
1754594|
1754595|
1754596|
1754597|
1754598|
1754599|
1754624|
1754625|
1754626|
1754627|
1754628|
1754629|
1754630|
1754631|
1754656|
1754657|
1754658|
1754659|
1754660|
1754661|
1754662|
1754663|
1754688|
1754689|
1754690|
1754691|
1754692|
1754693|
1754694|
1754695|
1754720|
1754721|
1754722|
1754723|
1754724|
1754725|
1754726|
1754727|
1754752|
1754753|
1754754|
1754755|
1754756|
1754757|
1754758|
1754759|
1754784|
1754785|
1754786|
1754787|
1754788|
1754789|
1754790|
1754791|
1754816|
1754817|
1754818|
1754819|
1754820|
1754821|
1754822|
1754823|
1754848|
1754849|
1754850|
1754851|
1754852|
1754853|
1754854|
1754855|
1754880|
1754881|
1754882|
1754883|
1754884|
1754885|
1754886|
1754887|
1754912|
1754913|
1754914|
1754915|
1754916|
1754917|
1754918|
1754919|
1754944|
1754945|
1754946|
1754947|
1754948|
1754949|
1754950|
1754951|
1754976|
1754977|
1754978|
1754979|
1754980|
1754981|
1754982|
1754983|
1755008|
1755009|
1755010|
1755011|
1755012|
1755013|
1755014|
1755015|
1755040|
1755041|
1755042|
1755043|
1755044|
1755045|
1755046|
1755047|
1755072|
1755073|
1755074|
1755075|
1755076|
1755077|
1755078|
1755079|
1755104|
1755105|
1755106|
1755107|
1755108|
1755109|
1755110|
1755111|
1755136|
1755137|
1755138|
1755139|
1755140|
1755141|
1755142|
1755143|
1755168|
1755169|
1755170|
1755171|
1755172|
1755173|
1755174|
1755175|
1755200|
1755201|
1755202|
1755203|
1755204|
1755205|
1755206|
1755207|
1755232|
1755233|
1755234|
1755235|
1755236|
1755237|
1755238|
1755239|
1755264|
1755265|
1755266|
1755267|
1755268|
1755269|
1755270|
1755271|
1755296|
1755297|
1755298|
1755299|
1755300|
1755301|
1755302|
1755303|
1755328|
1755329|
1755330|
1755331|
1755332|
1755333|
1755334|
1755335|
1755360|
1755361|
1755362|
1755363|
1755364|
1755365|
1755366|
1755367|
1755392|
1755393|
1755394|
1755395|
1755396|
1755397|
1755398|
1755399|
1755424|
1755425|
1755426|
1755427|
1755428|
1755429|
1755430|
1755431|
1755456|
1755457|
1755458|
1755459|
1755460|
1755461|
1755462|
1755463|
1755488|
1755489|
1755490|
1755491|
1755492|
1755493|
1755494|
1755495|
1755520|
1755521|
1755522|
1755523|
1755524|
1755525|
1755526|
1755527|
1755552|
1755553|
1755554|
1755555|
1755556|
1755557|
1755558|
1755559|
1755584|
1755585|
1755586|
1755587|
1755588|
1755589|
1755590|
1755591|
1755616|
1755617|
1755618|
1755619|
1755620|
1755621|
1755622|
1755623|
1755648|
1755649|
1755650|
1755651|
1755652|
1755653|
1755654|
1755655|
1755680|
1755681|
1755682|
1755683|
1755684|
1755685|
1755686|
1755687|
1755712|
1755713|
1755714|
1755715|
1755716|
1755717|
1755718|
1755719|
1755744|
1755745|
1755746|
1755747|
1755748|
1755749|
1755750|
1755751|
1755776|
1755777|
1755778|
1755779|
1755780|
1755781|
1755782|
1755783|
1755808|
1755809|
1755810|
1755811|
1755812|
1755813|
1755814|
1755815|
1755840|
1755841|
1755842|
1755843|
1755844|
1755845|
1755846|
1755847|
1755872|
1755873|
1755874|
1755875|
1755876|
1755877|
1755878|
1755879|
1755904|
1755905|
1755906|
1755907|
1755908|
1755909|
1755910|
1755911|
1755936|
1755937|
1755938|
1755939|
1755940|
1755941|
1755942|
1755943|
1755968|
1755969|
1755970|
1755971|
1755972|
1755973|
1755974|
1755975|
1756000|
1756001|
1756002|
1756003|
1756004|
1756005|
1756006|
1756007|
1756032|
1756033|
1756034|
1756035|
1756036|
1756037|
1756038|
1756039|
1756064|
1756065|
1756066|
1756067|
1756068|
1756069|
1756070|
1756071|
1756096|
1756097|
1756098|
1756099|
1756100|
1756101|
1756102|
1756103|
1756128|
1756129|
1756130|
1756131|
1756132|
1756133|
1756134|
1756135|
1756160|
1756161|
1756162|
1756163|
1756164|
1756165|
1756166|
1756167|
1756192|
1756193|
1756194|
1756195|
1756196|
1756197|
1756198|
1756199|
1756224|
1756225|
1756226|
1756227|
1756228|
1756229|
1756230|
1756231|
1756256|
1756257|
1756258|
1756259|
1756260|
1756261|
1756262|
1756263|
1756288|
1756289|
1756290|
1756291|
1756292|
1756293|
1756294|
1756295|
1756320|
1756321|
1756322|
1756323|
1756324|
1756325|
1756326|
1756327|
1756352|
1756353|
1756354|
1756355|
1756356|
1756357|
1756358|
1756359|
1756384|
1756385|
1756386|
1756387|
1756388|
1756389|
1756390|
1756391|
1756416|
1756417|
1756418|
1756419|
1756420|
1756421|
1756422|
1756423|
1756448|
1756449|
1756450|
1756451|
1756452|
1756453|
1756454|
1756455|
1756480|
1756481|
1756482|
1756483|
1756484|
1756485|
1756486|
1756487|
1756512|
1756513|
1756514|
1756515|
1756516|
1756517|
1756518|
1756519|
1756544|
1756545|
1756546|
1756547|
1756548|
1756549|
1756550|
1756551|
1756576|
1756577|
1756578|
1756579|
1756580|
1756581|
1756582|
1756583|
1756608|
1756609|
1756610|
1756611|
1756612|
1756613|
1756614|
1756615|
1756640|
1756641|
1756642|
1756643|
1756644|
1756645|
1756646|
1756647|
1756672|
1756673|
1756674|
1756675|
1756676|
1756677|
1756678|
1756679|
1756704|
1756705|
1756706|
1756707|
1756708|
1756709|
1756710|
1756711|
1756736|
1756737|
1756738|
1756739|
1756740|
1756741|
1756742|
1756743|
1756768|
1756769|
1756770|
1756771|
1756772|
1756773|
1756774|
1756775|
1756800|
1756801|
1756802|
1756803|
1756804|
1756805|
1756806|
1756807|
1756832|
1756833|
1756834|
1756835|
1756836|
1756837|
1756838|
1756839|
1756864|
1756865|
1756866|
1756867|
1756868|
1756869|
1756870|
1756871|
1756896|
1756897|
1756898|
1756899|
1756900|
1756901|
1756902|
1756903|
1756928|
1756929|
1756930|
1756931|
1756932|
1756933|
1756934|
1756935|
1756960|
1756961|
1756962|
1756963|
1756964|
1756965|
1756966|
1756967|
1756992|
1756993|
1756994|
1756995|
1756996|
1756997|
1756998|
1756999|
1757024|
1757025|
1757026|
1757027|
1757028|
1757029|
1757030|
1757031|
1757056|
1757057|
1757058|
1757059|
1757060|
1757061|
1757062|
1757063|
1757088|
1757089|
1757090|
1757091|
1757092|
1757093|
1757094|
1757095|
1757120|
1757121|
1757122|
1757123|
1757124|
1757125|
1757126|
1757127|
1757152|
1757153|
1757154|
1757155|
1757156|
1757157|
1757158|
1757159|
1757184|
1757185|
1757186|
1757187|
1757188|
1757189|
1757190|
1757191|
1757216|
1757217|
1757218|
1757219|
1757220|
1757221|
1757222|
1757223|
1757248|
1757249|
1757250|
1757251|
1757252|
1757253|
1757254|
1757255|
1757280|
1757281|
1757282|
1757283|
1757284|
1757285|
1757286|
1757287|
1757312|
1757313|
1757314|
1757315|
1757316|
1757317|
1757318|
1757319|
1757344|
1757345|
1757346|
1757347|
1757348|
1757349|
1757350|
1757351|
1757376|
1757377|
1757378|
1757379|
1757380|
1757381|
1757382|
1757383|
1757408|
1757409|
1757410|
1757411|
1757412|
1757413|
1757414|
1757415|
1757440|
1757441|
1757442|
1757443|
1757444|
1757445|
1757446|
1757447|
1757472|
1757473|
1757474|
1757475|
1757476|
1757477|
1757478|
1757479|
1757504|
1757505|
1757506|
1757507|
1757508|
1757509|
1757510|
1757511|
1757536|
1757537|
1757538|
1757539|
1757540|
1757541|
1757542|
1757543|
1757568|
1757569|
1757570|
1757571|
1757572|
1757573|
1757574|
1757575|
1757600|
1757601|
1757602|
1757603|
1757604|
1757605|
1757606|
1757607|
1757632|
1757633|
1757634|
1757635|
1757636|
1757637|
1757638|
1757639|
1757664|
1757665|
1757666|
1757667|
1757668|
1757669|
1757670|
1757671|
1757696|
1757697|
1757698|
1757699|
1757700|
1757701|
1757702|
1757703|
1757728|
1757729|
1757730|
1757731|
1757732|
1757733|
1757734|
1757735|
1757760|
1757761|
1757762|
1757763|
1757764|
1757765|
1757766|
1757767|
1757792|
1757793|
1757794|
1757795|
1757796|
1757797|
1757798|
1757799|
1757824|
1757825|
1757826|
1757827|
1757828|
1757829|
1757830|
1757831|
1757856|
1757857|
1757858|
1757859|
1757860|
1757861|
1757862|
1757863|
1757888|
1757889|
1757890|
1757891|
1757892|
1757893|
1757894|
1757895|
1757920|
1757921|
1757922|
1757923|
1757924|
1757925|
1757926|
1757927|
1757952|
1757953|
1757954|
1757955|
1757956|
1757957|
1757958|
1757959|
1757984|
1757985|
1757986|
1757987|
1757988|
