1817989|
1817990|
1817991|
1818016|
1818017|
1818018|
1818019|
1818020|
1818021|
1818022|
1818023|
1818048|
1818049|
1818050|
1818051|
1818052|
1818053|
1818054|
1818055|
1818080|
1818081|
1818082|
1818083|
1818084|
1818085|
1818086|
1818087|
1818112|
1818113|
1818114|
1818115|
1818116|
1818117|
1818118|
1818119|
1818144|
1818145|
1818146|
1818147|
1818148|
1818149|
1818150|
1818151|
1818176|
1818177|
1818178|
1818179|
1818180|
1818181|
1818182|
1818183|
1818208|
1818209|
1818210|
1818211|
1818212|
1818213|
1818214|
1818215|
1818240|
1818241|
1818242|
1818243|
1818244|
1818245|
1818246|
1818247|
1818272|
1818273|
1818274|
1818275|
1818276|
1818277|
1818278|
1818279|
1818304|
1818305|
1818306|
1818307|
1818308|
1818309|
1818310|
1818311|
1818336|
1818337|
1818338|
1818339|
1818340|
1818341|
1818342|
1818343|
1818368|
1818369|
1818370|
1818371|
1818372|
1818373|
1818374|
1818375|
1818400|
1818401|
1818402|
1818403|
1818404|
1818405|
1818406|
1818407|
1818432|
1818433|
1818434|
1818435|
1818436|
1818437|
1818438|
1818439|
1818464|
1818465|
1818466|
1818467|
1818468|
1818469|
1818470|
1818471|
1818496|
1818497|
1818498|
1818499|
1818500|
1818501|
1818502|
1818503|
1818528|
1818529|
1818530|
1818531|
1818532|
1818533|
1818534|
1818535|
1818560|
1818561|
1818562|
1818563|
1818564|
1818565|
1818566|
1818567|
1818592|
1818593|
1818594|
1818595|
1818596|
1818597|
1818598|
1818599|
1818624|
1818625|
1818626|
1818627|
1818628|
1818629|
1818630|
1818631|
1818656|
1818657|
1818658|
1818659|
1818660|
1818661|
1818662|
1818663|
1818688|
1818689|
1818690|
1818691|
1818692|
1818693|
1818694|
1818695|
1818720|
1818721|
1818722|
1818723|
1818724|
1818725|
1818726|
1818727|
1818752|
1818753|
1818754|
1818755|
1818756|
1818757|
1818758|
1818759|
1818784|
1818785|
1818786|
1818787|
1818788|
1818789|
1818790|
1818791|
1818816|
1818817|
1818818|
1818819|
1818820|
1818821|
1818822|
1818823|
1818848|
1818849|
1818850|
1818851|
1818852|
1818853|
1818854|
1818855|
1818880|
1818881|
1818882|
1818883|
1818884|
1818885|
1818886|
1818887|
1818912|
1818913|
1818914|
1818915|
1818916|
1818917|
1818918|
1818919|
1818944|
1818945|
1818946|
1818947|
1818948|
1818949|
1818950|
1818951|
1818976|
1818977|
1818978|
1818979|
1818980|
1818981|
1818982|
1818983|
1819008|
1819009|
1819010|
1819011|
1819012|
1819013|
1819014|
1819015|
1819040|
1819041|
1819042|
1819043|
1819044|
1819045|
1819046|
1819047|
1819072|
1819073|
1819074|
1819075|
1819076|
1819077|
1819078|
1819079|
1819104|
1819105|
1819106|
1819107|
1819108|
1819109|
1819110|
1819111|
1819136|
1819137|
1819138|
1819139|
1819140|
1819141|
1819142|
1819143|
1819168|
1819169|
1819170|
1819171|
1819172|
1819173|
1819174|
1819175|
1819200|
1819201|
1819202|
1819203|
1819204|
1819205|
1819206|
1819207|
1819232|
1819233|
1819234|
1819235|
1819236|
1819237|
1819238|
1819239|
1819264|
1819265|
1819266|
1819267|
1819268|
1819269|
1819270|
1819271|
1819296|
1819297|
1819298|
1819299|
1819300|
1819301|
1819302|
1819303|
1819328|
1819329|
1819330|
1819331|
1819332|
1819333|
1819334|
1819335|
1819360|
1819361|
1819362|
1819363|
1819364|
1819365|
1819366|
1819367|
1819392|
1819393|
1819394|
1819395|
1819396|
1819397|
1819398|
1819399|
1819424|
1819425|
1819426|
1819427|
1819428|
1819429|
1819430|
1819431|
1819456|
1819457|
1819458|
1819459|
1819460|
1819461|
1819462|
1819463|
1819488|
1819489|
1819490|
1819491|
1819492|
1819493|
1819494|
1819495|
1819520|
1819521|
1819522|
1819523|
1819524|
1819525|
1819526|
1819527|
1819552|
1819553|
1819554|
1819555|
1819556|
1819557|
1819558|
1819559|
1819584|
1819585|
1819586|
1819587|
1819588|
1819589|
1819590|
1819591|
1819616|
1819617|
1819618|
1819619|
1819620|
1819621|
1819622|
1819623|
1819648|
1819649|
1819650|
1819651|
1819652|
1819653|
1819654|
1819655|
1819680|
1819681|
1819682|
1819683|
1819684|
1819685|
1819686|
1819687|
1819712|
1819713|
1819714|
1819715|
1819716|
1819717|
1819718|
1819719|
1819744|
1819745|
1819746|
1819747|
1819748|
1819749|
1819750|
1819751|
1819776|
1819777|
1819778|
1819779|
1819780|
1819781|
1819782|
1819783|
1819808|
1819809|
1819810|
1819811|
1819812|
1819813|
1819814|
1819815|
1819840|
1819841|
1819842|
1819843|
1819844|
1819845|
1819846|
1819847|
1819872|
1819873|
1819874|
1819875|
1819876|
1819877|
1819878|
1819879|
1819904|
1819905|
1819906|
1819907|
1819908|
1819909|
1819910|
1819911|
1819936|
1819937|
1819938|
1819939|
1819940|
1819941|
1819942|
1819943|
1819968|
1819969|
1819970|
1819971|
1819972|
1819973|
1819974|
1819975|
1820000|
1820001|
1820002|
1820003|
1820004|
1820005|
1820006|
1820007|
1820032|
1820033|
1820034|
1820035|
1820036|
1820037|
1820038|
1820039|
1820064|
1820065|
1820066|
1820067|
1820068|
1820069|
1820070|
1820071|
1820096|
1820097|
1820098|
1820099|
1820100|
1820101|
1820102|
1820103|
1820128|
1820129|
1820130|
1820131|
1820132|
1820133|
1820134|
1820135|
1820160|
1820161|
1820162|
1820163|
1820164|
1820165|
1820166|
1820167|
1820192|
1820193|
1820194|
1820195|
1820196|
1820197|
1820198|
1820199|
1820224|
1820225|
1820226|
1820227|
1820228|
1820229|
1820230|
1820231|
1820256|
1820257|
1820258|
1820259|
1820260|
1820261|
1820262|
1820263|
1820288|
1820289|
1820290|
1820291|
1820292|
1820293|
1820294|
1820295|
1820320|
1820321|
1820322|
1820323|
1820324|
1820325|
1820326|
1820327|
1820352|
1820353|
1820354|
1820355|
1820356|
1820357|
1820358|
1820359|
1820384|
1820385|
1820386|
1820387|
1820388|
1820389|
1820390|
1820391|
1820416|
1820417|
1820418|
1820419|
1820420|
1820421|
1820422|
1820423|
1820448|
1820449|
1820450|
1820451|
1820452|
1820453|
1820454|
1820455|
1820480|
1820481|
1820482|
1820483|
1820484|
1820485|
1820486|
1820487|
1820512|
1820513|
1820514|
1820515|
1820516|
1820517|
1820518|
1820519|
1820544|
1820545|
1820546|
1820547|
1820548|
1820549|
1820550|
1820551|
1820576|
1820577|
1820578|
1820579|
1820580|
1820581|
1820582|
1820583|
1820608|
1820609|
1820610|
1820611|
1820612|
1820613|
1820614|
1820615|
1820640|
1820641|
1820642|
1820643|
1820644|
1820645|
1820646|
1820647|
1820672|
1820673|
1820674|
1820675|
1820676|
1820677|
1820678|
1820679|
1820704|
1820705|
1820706|
1820707|
1820708|
1820709|
1820710|
1820711|
1820736|
1820737|
1820738|
1820739|
1820740|
1820741|
1820742|
1820743|
1820768|
1820769|
1820770|
1820771|
1820772|
1820773|
1820774|
1820775|
1820800|
1820801|
1820802|
1820803|
1820804|
1820805|
1820806|
1820807|
1820832|
1820833|
1820834|
1820835|
1820836|
1820837|
1820838|
1820839|
1820864|
1820865|
1820866|
1820867|
1820868|
1820869|
1820870|
1820871|
1820896|
1820897|
1820898|
1820899|
1820900|
1820901|
1820902|
1820903|
1820928|
1820929|
1820930|
1820931|
1820932|
1820933|
1820934|
1820935|
1820960|
1820961|
1820962|
1820963|
1820964|
1820965|
1820966|
1820967|
1820992|
1820993|
1820994|
1820995|
1820996|
1820997|
1820998|
1820999|
1821024|
1821025|
1821026|
1821027|
1821028|
1821029|
1821030|
1821031|
1821056|
1821057|
1821058|
1821059|
1821060|
1821061|
1821062|
1821063|
1821088|
1821089|
1821090|
1821091|
1821092|
1821093|
1821094|
1821095|
1821120|
1821121|
1821122|
1821123|
1821124|
1821125|
1821126|
1821127|
1821152|
1821153|
1821154|
1821155|
1821156|
1821157|
1821158|
1821159|
1821184|
1821185|
1821186|
1821187|
1821188|
1821189|
1821190|
1821191|
1821216|
1821217|
1821218|
1821219|
1821220|
1821221|
1821222|
1821223|
1821248|
1821249|
1821250|
1821251|
1821252|
1821253|
1821254|
1821255|
1821280|
1821281|
1821282|
1821283|
1821284|
1821285|
1821286|
1821287|
1821312|
1821313|
1821314|
1821315|
1821316|
1821317|
1821318|
1821319|
1821344|
1821345|
1821346|
1821347|
1821348|
1821349|
1821350|
1821351|
1821376|
1821377|
1821378|
1821379|
1821380|
1821381|
1821382|
1821383|
1821408|
1821409|
1821410|
1821411|
1821412|
1821413|
1821414|
1821415|
1821440|
1821441|
1821442|
1821443|
1821444|
1821445|
1821446|
1821447|
1821472|
1821473|
1821474|
1821475|
1821476|
1821477|
1821478|
1821479|
1821504|
1821505|
1821506|
1821507|
1821508|
1821509|
1821510|
1821511|
1821536|
1821537|
1821538|
1821539|
1821540|
1821541|
1821542|
1821543|
1821568|
1821569|
1821570|
1821571|
1821572|
1821573|
1821574|
1821575|
1821600|
1821601|
1821602|
1821603|
1821604|
1821605|
1821606|
1821607|
1821632|
1821633|
1821634|
1821635|
1821636|
1821637|
1821638|
1821639|
1821664|
1821665|
1821666|
1821667|
1821668|
1821669|
1821670|
1821671|
1821696|
1821697|
1821698|
1821699|
1821700|
1821701|
1821702|
1821703|
1821728|
1821729|
1821730|
1821731|
1821732|
1821733|
1821734|
1821735|
1821760|
1821761|
1821762|
1821763|
1821764|
1821765|
1821766|
1821767|
1821792|
1821793|
1821794|
1821795|
1821796|
1821797|
1821798|
1821799|
1821824|
1821825|
1821826|
1821827|
1821828|
1821829|
1821830|
1821831|
1821856|
1821857|
1821858|
1821859|
1821860|
1821861|
1821862|
1821863|
1821888|
1821889|
1821890|
1821891|
1821892|
1821893|
1821894|
1821895|
1821920|
1821921|
1821922|
1821923|
1821924|
1821925|
1821926|
1821927|
1821952|
1821953|
1821954|
1821955|
1821956|
1821957|
1821958|
1821959|
1821984|
1821985|
1821986|
1821987|
1821988|
1821989|
1821990|
1821991|
1822016|
1822017|
1822018|
1822019|
1822020|
1822021|
1822022|
1822023|
1822048|
1822049|
1822050|
1822051|
1822052|
1822053|
1822054|
1822055|
1822080|
1822081|
1822082|
1822083|
1822084|
1822085|
1822086|
1822087|
1822112|
1822113|
1822114|
1822115|
1822116|
1822117|
1822118|
1822119|
1822144|
1822145|
1822146|
1822147|
1822148|
1822149|
1822150|
1822151|
1822176|
1822177|
1822178|
1822179|
1822180|
1822181|
1822182|
1822183|
1822208|
1822209|
1822210|
1822211|
1822212|
1822213|
1822214|
1822215|
1822240|
1822241|
1822242|
1822243|
1822244|
1822245|
1822246|
1822247|
1822272|
1822273|
1822274|
1822275|
1822276|
1822277|
1822278|
1822279|
1822304|
1822305|
1822306|
1822307|
1822308|
1822309|
1822310|
1822311|
1822336|
1822337|
1822338|
1822339|
1822340|
1822341|
1822342|
1822343|
1822368|
1822369|
1822370|
1822371|
1822372|
1822373|
1822374|
1822375|
1822400|
1822401|
1822402|
1822403|
1822404|
1822405|
1822406|
1822407|
1822432|
1822433|
1822434|
1822435|
1822436|
1822437|
1822438|
1822439|
1822464|
1822465|
1822466|
1822467|
1822468|
1822469|
1822470|
1822471|
1822496|
1822497|
1822498|
1822499|
1822500|
1822501|
1822502|
1822503|
1822528|
1822529|
1822530|
1822531|
1822532|
1822533|
1822534|
1822535|
1822560|
1822561|
1822562|
1822563|
1822564|
1822565|
1822566|
1822567|
1822592|
1822593|
1822594|
1822595|
1822596|
1822597|
1822598|
1822599|
1822624|
1822625|
1822626|
1822627|
1822628|
1822629|
1822630|
1822631|
1822656|
1822657|
1822658|
1822659|
1822660|
1822661|
1822662|
1822663|
1822688|
1822689|
1822690|
1822691|
1822692|
1822693|
1822694|
1822695|
1822720|
1822721|
1822722|
1822723|
1822724|
1822725|
1822726|
1822727|
1822752|
1822753|
1822754|
1822755|
1822756|
1822757|
1822758|
1822759|
1822784|
1822785|
1822786|
1822787|
1822788|
1822789|
1822790|
1822791|
1822816|
1822817|
1822818|
1822819|
1822820|
1822821|
1822822|
1822823|
1822848|
1822849|
1822850|
1822851|
1822852|
1822853|
1822854|
1822855|
1822880|
1822881|
1822882|
1822883|
1822884|
1822885|
1822886|
1822887|
1822912|
1822913|
1822914|
1822915|
1822916|
1822917|
1822918|
1822919|
1822944|
1822945|
1822946|
1822947|
1822948|
1822949|
1822950|
1822951|
1822976|
1822977|
1822978|
1822979|
1822980|
1822981|
1822982|
1822983|
1823008|
1823009|
1823010|
1823011|
1823012|
1823013|
1823014|
1823015|
1823040|
1823041|
1823042|
1823043|
1823044|
1823045|
1823046|
1823047|
1823072|
1823073|
1823074|
1823075|
1823076|
1823077|
1823078|
1823079|
1823104|
1823105|
1823106|
1823107|
1823108|
1823109|
1823110|
1823111|
1823136|
1823137|
1823138|
1823139|
1823140|
1823141|
1823142|
1823143|
1823168|
1823169|
1823170|
1823171|
1823172|
1823173|
1823174|
1823175|
1823200|
1823201|
1823202|
1823203|
1823204|
1823205|
1823206|
1823207|
1823232|
1823233|
1823234|
1823235|
1823236|
1823237|
1823238|
1823239|
1823264|
1823265|
1823266|
1823267|
1823268|
1823269|
1823270|
1823271|
1823296|
1823297|
1823298|
1823299|
1823300|
1823301|
1823302|
1823303|
1823328|
1823329|
1823330|
1823331|
1823332|
1823333|
1823334|
1823335|
1823360|
1823361|
1823362|
1823363|
1823364|
1823365|
1823366|
1823367|
1823392|
1823393|
1823394|
1823395|
1823396|
1823397|
1823398|
1823399|
1823424|
1823425|
1823426|
1823427|
1823428|
1823429|
1823430|
1823431|
1823456|
1823457|
1823458|
1823459|
1823460|
1823461|
1823462|
1823463|
1823488|
1823489|
1823490|
1823491|
1823492|
1823493|
1823494|
1823495|
1823520|
1823521|
1823522|
1823523|
1823524|
1823525|
1823526|
1823527|
1823552|
1823553|
1823554|
1823555|
1823556|
1823557|
1823558|
1823559|
1823584|
1823585|
1823586|
1823587|
1823588|
1823589|
1823590|
1823591|
1823616|
1823617|
1823618|
1823619|
1823620|
1823621|
1823622|
1823623|
1823648|
1823649|
1823650|
1823651|
1823652|
1823653|
1823654|
1823655|
1823680|
1823681|
1823682|
1823683|
1823684|
1823685|
1823686|
1823687|
1823712|
1823713|
1823714|
1823715|
1823716|
1823717|
1823718|
1823719|
1823744|
1823745|
1823746|
1823747|
1823748|
1823749|
1823750|
1823751|
1823776|
1823777|
1823778|
1823779|
1823780|
1823781|
1823782|
1823783|
1823808|
1823809|
1823810|
1823811|
1823812|
1823813|
1823814|
1823815|
1823840|
1823841|
1823842|
1823843|
1823844|
1823845|
1823846|
1823847|
1823872|
1823873|
1823874|
1823875|
1823876|
1823877|
1823878|
1823879|
1823904|
1823905|
1823906|
1823907|
1823908|
1823909|
1823910|
1823911|
1823936|
1823937|
1823938|
1823939|
1823940|
1823941|
1823942|
1823943|
1823968|
1823969|
1823970|
1823971|
1823972|
1823973|
1823974|
1823975|
1824000|
