276001|
276002|
276003|
276004|
276005|
276006|
276007|
276032|
276033|
276034|
276035|
276036|
276037|
276038|
276039|
276064|
276065|
276066|
276067|
276068|
276069|
276070|
276071|
276096|
276097|
276098|
276099|
276100|
276101|
276102|
276103|
276128|
276129|
276130|
276131|
276132|
276133|
276134|
276135|
276160|
276161|
276162|
276163|
276164|
276165|
276166|
276167|
276192|
276193|
276194|
276195|
276196|
276197|
276198|
276199|
276224|
276225|
276226|
276227|
276228|
276229|
276230|
276231|
276256|
276257|
276258|
276259|
276260|
276261|
276262|
276263|
276288|
276289|
276290|
276291|
276292|
276293|
276294|
276295|
276320|
276321|
276322|
276323|
276324|
276325|
276326|
276327|
276352|
276353|
276354|
276355|
276356|
276357|
276358|
276359|
276384|
276385|
276386|
276387|
276388|
276389|
276390|
276391|
276416|
276417|
276418|
276419|
276420|
276421|
276422|
276423|
276448|
276449|
276450|
276451|
276452|
276453|
276454|
276455|
276480|
276481|
276482|
276483|
276484|
276485|
276486|
276487|
276512|
276513|
276514|
276515|
276516|
276517|
276518|
276519|
276544|
276545|
276546|
276547|
276548|
276549|
276550|
276551|
276576|
276577|
276578|
276579|
276580|
276581|
276582|
276583|
276608|
276609|
276610|
276611|
276612|
276613|
276614|
276615|
276640|
276641|
276642|
276643|
276644|
276645|
276646|
276647|
276672|
276673|
276674|
276675|
276676|
276677|
276678|
276679|
276704|
276705|
276706|
276707|
276708|
276709|
276710|
276711|
276736|
276737|
276738|
276739|
276740|
276741|
276742|
276743|
276768|
276769|
276770|
276771|
276772|
276773|
276774|
276775|
276800|
276801|
276802|
276803|
276804|
276805|
276806|
276807|
276832|
276833|
276834|
276835|
276836|
276837|
276838|
276839|
276864|
276865|
276866|
276867|
276868|
276869|
276870|
276871|
276896|
276897|
276898|
276899|
276900|
276901|
276902|
276903|
276928|
276929|
276930|
276931|
276932|
276933|
276934|
276935|
276960|
276961|
276962|
276963|
276964|
276965|
276966|
276967|
276992|
276993|
276994|
276995|
276996|
276997|
276998|
276999|
277024|
277025|
277026|
277027|
277028|
277029|
277030|
277031|
277056|
277057|
277058|
277059|
277060|
277061|
277062|
277063|
277088|
277089|
277090|
277091|
277092|
277093|
277094|
277095|
277120|
277121|
277122|
277123|
277124|
277125|
277126|
277127|
277152|
277153|
277154|
277155|
277156|
277157|
277158|
277159|
277184|
277185|
277186|
277187|
277188|
277189|
277190|
277191|
277216|
277217|
277218|
277219|
277220|
277221|
277222|
277223|
277248|
277249|
277250|
277251|
277252|
277253|
277254|
277255|
277280|
277281|
277282|
277283|
277284|
277285|
277286|
277287|
277312|
277313|
277314|
277315|
277316|
277317|
277318|
277319|
277344|
277345|
277346|
277347|
277348|
277349|
277350|
277351|
277376|
277377|
277378|
277379|
277380|
277381|
277382|
277383|
277408|
277409|
277410|
277411|
277412|
277413|
277414|
277415|
277440|
277441|
277442|
277443|
277444|
277445|
277446|
277447|
277472|
277473|
277474|
277475|
277476|
277477|
277478|
277479|
277504|
277505|
277506|
277507|
277508|
277509|
277510|
277511|
277536|
277537|
277538|
277539|
277540|
277541|
277542|
277543|
277568|
277569|
277570|
277571|
277572|
277573|
277574|
277575|
277600|
277601|
277602|
277603|
277604|
277605|
277606|
277607|
277632|
277633|
277634|
277635|
277636|
277637|
277638|
277639|
277664|
277665|
277666|
277667|
277668|
277669|
277670|
277671|
277696|
277697|
277698|
277699|
277700|
277701|
277702|
277703|
277728|
277729|
277730|
277731|
277732|
277733|
277734|
277735|
277760|
277761|
277762|
277763|
277764|
277765|
277766|
277767|
277792|
277793|
277794|
277795|
277796|
277797|
277798|
277799|
277824|
277825|
277826|
277827|
277828|
277829|
277830|
277831|
277856|
277857|
277858|
277859|
277860|
277861|
277862|
277863|
277888|
277889|
277890|
277891|
277892|
277893|
277894|
277895|
277920|
277921|
277922|
277923|
277924|
277925|
277926|
277927|
277952|
277953|
277954|
277955|
277956|
277957|
277958|
277959|
277984|
277985|
277986|
277987|
277988|
277989|
277990|
277991|
278016|
278017|
278018|
278019|
278020|
278021|
278022|
278023|
278048|
278049|
278050|
278051|
278052|
278053|
278054|
278055|
278080|
278081|
278082|
278083|
278084|
278085|
278086|
278087|
278112|
278113|
278114|
278115|
278116|
278117|
278118|
278119|
278144|
278145|
278146|
278147|
278148|
278149|
278150|
278151|
278176|
278177|
278178|
278179|
278180|
278181|
278182|
278183|
278208|
278209|
278210|
278211|
278212|
278213|
278214|
278215|
278240|
278241|
278242|
278243|
278244|
278245|
278246|
278247|
278272|
278273|
278274|
278275|
278276|
278277|
278278|
278279|
278304|
278305|
278306|
278307|
278308|
278309|
278310|
278311|
278336|
278337|
278338|
278339|
278340|
278341|
278342|
278343|
278368|
278369|
278370|
278371|
278372|
278373|
278374|
278375|
278400|
278401|
278402|
278403|
278404|
278405|
278406|
278407|
278432|
278433|
278434|
278435|
278436|
278437|
278438|
278439|
278464|
278465|
278466|
278467|
278468|
278469|
278470|
278471|
278496|
278497|
278498|
278499|
278500|
278501|
278502|
278503|
278528|
278529|
278530|
278531|
278532|
278533|
278534|
278535|
278560|
278561|
278562|
278563|
278564|
278565|
278566|
278567|
278592|
278593|
278594|
278595|
278596|
278597|
278598|
278599|
278624|
278625|
278626|
278627|
278628|
278629|
278630|
278631|
278656|
278657|
278658|
278659|
278660|
278661|
278662|
278663|
278688|
278689|
278690|
278691|
278692|
278693|
278694|
278695|
278720|
278721|
278722|
278723|
278724|
278725|
278726|
278727|
278752|
278753|
278754|
278755|
278756|
278757|
278758|
278759|
278784|
278785|
278786|
278787|
278788|
278789|
278790|
278791|
278816|
278817|
278818|
278819|
278820|
278821|
278822|
278823|
278848|
278849|
278850|
278851|
278852|
278853|
278854|
278855|
278880|
278881|
278882|
278883|
278884|
278885|
278886|
278887|
278912|
278913|
278914|
278915|
278916|
278917|
278918|
278919|
278944|
278945|
278946|
278947|
278948|
278949|
278950|
278951|
278976|
278977|
278978|
278979|
278980|
278981|
278982|
278983|
279008|
279009|
279010|
279011|
279012|
279013|
279014|
279015|
279040|
279041|
279042|
279043|
279044|
279045|
279046|
279047|
279072|
279073|
279074|
279075|
279076|
279077|
279078|
279079|
279104|
279105|
279106|
279107|
279108|
279109|
279110|
279111|
279136|
279137|
279138|
279139|
279140|
279141|
279142|
279143|
279168|
279169|
279170|
279171|
279172|
279173|
279174|
279175|
279200|
279201|
279202|
279203|
279204|
279205|
279206|
279207|
279232|
279233|
279234|
279235|
279236|
279237|
279238|
279239|
279264|
279265|
279266|
279267|
279268|
279269|
279270|
279271|
279296|
279297|
279298|
279299|
279300|
279301|
279302|
279303|
279328|
279329|
279330|
279331|
279332|
279333|
279334|
279335|
279360|
279361|
279362|
279363|
279364|
279365|
279366|
279367|
279392|
279393|
279394|
279395|
279396|
279397|
279398|
279399|
279424|
279425|
279426|
279427|
279428|
279429|
279430|
279431|
279456|
279457|
279458|
279459|
279460|
279461|
279462|
279463|
279488|
279489|
279490|
279491|
279492|
279493|
279494|
279495|
279520|
279521|
279522|
279523|
279524|
279525|
279526|
279527|
279552|
279553|
279554|
279555|
279556|
279557|
279558|
279559|
279584|
279585|
279586|
279587|
279588|
279589|
279590|
279591|
279616|
279617|
279618|
279619|
279620|
279621|
279622|
279623|
279648|
279649|
279650|
279651|
279652|
279653|
279654|
279655|
279680|
279681|
279682|
279683|
279684|
279685|
279686|
279687|
279712|
279713|
279714|
279715|
279716|
279717|
279718|
279719|
279744|
279745|
279746|
279747|
279748|
279749|
279750|
279751|
279776|
279777|
279778|
279779|
279780|
279781|
279782|
279783|
279808|
279809|
279810|
279811|
279812|
279813|
279814|
279815|
279840|
279841|
279842|
279843|
279844|
279845|
279846|
279847|
279872|
279873|
279874|
279875|
279876|
279877|
279878|
279879|
279904|
279905|
279906|
279907|
279908|
279909|
279910|
279911|
279936|
279937|
279938|
279939|
279940|
279941|
279942|
279943|
279968|
279969|
279970|
279971|
279972|
279973|
279974|
279975|
280000|
280001|
280002|
280003|
280004|
280005|
280006|
280007|
280032|
280033|
280034|
280035|
280036|
280037|
280038|
280039|
280064|
280065|
280066|
280067|
280068|
280069|
280070|
280071|
280096|
280097|
280098|
280099|
280100|
280101|
280102|
280103|
280128|
280129|
280130|
280131|
280132|
280133|
280134|
280135|
280160|
280161|
280162|
280163|
280164|
280165|
280166|
280167|
280192|
280193|
280194|
280195|
280196|
280197|
280198|
280199|
280224|
280225|
280226|
280227|
280228|
280229|
280230|
280231|
280256|
280257|
280258|
280259|
280260|
280261|
280262|
280263|
280288|
280289|
280290|
280291|
280292|
280293|
280294|
280295|
280320|
280321|
280322|
280323|
280324|
280325|
280326|
280327|
280352|
280353|
280354|
280355|
280356|
280357|
280358|
280359|
280384|
280385|
280386|
280387|
280388|
280389|
280390|
280391|
280416|
280417|
280418|
280419|
280420|
280421|
280422|
280423|
280448|
280449|
280450|
280451|
280452|
280453|
280454|
280455|
280480|
280481|
280482|
280483|
280484|
280485|
280486|
280487|
280512|
280513|
280514|
280515|
280516|
280517|
280518|
280519|
280544|
280545|
280546|
280547|
280548|
280549|
280550|
280551|
280576|
280577|
280578|
280579|
280580|
280581|
280582|
280583|
280608|
280609|
280610|
280611|
280612|
280613|
280614|
280615|
280640|
280641|
280642|
280643|
280644|
280645|
280646|
280647|
280672|
280673|
280674|
280675|
280676|
280677|
280678|
280679|
280704|
280705|
280706|
280707|
280708|
280709|
280710|
280711|
280736|
280737|
280738|
280739|
280740|
280741|
280742|
280743|
280768|
280769|
280770|
280771|
280772|
280773|
280774|
280775|
280800|
280801|
280802|
280803|
280804|
280805|
280806|
280807|
280832|
280833|
280834|
280835|
280836|
280837|
280838|
280839|
280864|
280865|
280866|
280867|
280868|
280869|
280870|
280871|
280896|
280897|
280898|
280899|
280900|
280901|
280902|
280903|
280928|
280929|
280930|
280931|
280932|
280933|
280934|
280935|
280960|
280961|
280962|
280963|
280964|
280965|
280966|
280967|
280992|
280993|
280994|
280995|
280996|
280997|
280998|
280999|
281024|
281025|
281026|
281027|
281028|
281029|
281030|
281031|
281056|
281057|
281058|
281059|
281060|
281061|
281062|
281063|
281088|
281089|
281090|
281091|
281092|
281093|
281094|
281095|
281120|
281121|
281122|
281123|
281124|
281125|
281126|
281127|
281152|
281153|
281154|
281155|
281156|
281157|
281158|
281159|
281184|
281185|
281186|
281187|
281188|
281189|
281190|
281191|
281216|
281217|
281218|
281219|
281220|
281221|
281222|
281223|
281248|
281249|
281250|
281251|
281252|
281253|
281254|
281255|
281280|
281281|
281282|
281283|
281284|
281285|
281286|
281287|
281312|
281313|
281314|
281315|
281316|
281317|
281318|
281319|
281344|
281345|
281346|
281347|
281348|
281349|
281350|
281351|
281376|
281377|
281378|
281379|
281380|
281381|
281382|
281383|
281408|
281409|
281410|
281411|
281412|
281413|
281414|
281415|
281440|
281441|
281442|
281443|
281444|
281445|
281446|
281447|
281472|
281473|
281474|
281475|
281476|
281477|
281478|
281479|
281504|
281505|
281506|
281507|
281508|
281509|
281510|
281511|
281536|
281537|
281538|
281539|
281540|
281541|
281542|
281543|
281568|
281569|
281570|
281571|
281572|
281573|
281574|
281575|
281600|
281601|
281602|
281603|
281604|
281605|
281606|
281607|
281632|
281633|
281634|
281635|
281636|
281637|
281638|
281639|
281664|
281665|
281666|
281667|
281668|
281669|
281670|
281671|
281696|
281697|
281698|
281699|
281700|
281701|
281702|
281703|
281728|
281729|
281730|
281731|
281732|
281733|
281734|
281735|
281760|
281761|
281762|
281763|
281764|
281765|
281766|
281767|
281792|
281793|
281794|
281795|
281796|
281797|
281798|
281799|
281824|
281825|
281826|
281827|
281828|
281829|
281830|
281831|
281856|
281857|
281858|
281859|
281860|
281861|
281862|
281863|
281888|
281889|
281890|
281891|
281892|
281893|
281894|
281895|
281920|
281921|
281922|
281923|
281924|
281925|
281926|
281927|
281952|
281953|
281954|
281955|
281956|
281957|
281958|
281959|
281984|
281985|
281986|
281987|
281988|
