2585989|
2585990|
2585991|
2586016|
2586017|
2586018|
2586019|
2586020|
2586021|
2586022|
2586023|
2586048|
2586049|
2586050|
2586051|
2586052|
2586053|
2586054|
2586055|
2586080|
2586081|
2586082|
2586083|
2586084|
2586085|
2586086|
2586087|
2586112|
2586113|
2586114|
2586115|
2586116|
2586117|
2586118|
2586119|
2586144|
2586145|
2586146|
2586147|
2586148|
2586149|
2586150|
2586151|
2586176|
2586177|
2586178|
2586179|
2586180|
2586181|
2586182|
2586183|
2586208|
2586209|
2586210|
2586211|
2586212|
2586213|
2586214|
2586215|
2586240|
2586241|
2586242|
2586243|
2586244|
2586245|
2586246|
2586247|
2586272|
2586273|
2586274|
2586275|
2586276|
2586277|
2586278|
2586279|
2586304|
2586305|
2586306|
2586307|
2586308|
2586309|
2586310|
2586311|
2586336|
2586337|
2586338|
2586339|
2586340|
2586341|
2586342|
2586343|
2586368|
2586369|
2586370|
2586371|
2586372|
2586373|
2586374|
2586375|
2586400|
2586401|
2586402|
2586403|
2586404|
2586405|
2586406|
2586407|
2586432|
2586433|
2586434|
2586435|
2586436|
2586437|
2586438|
2586439|
2586464|
2586465|
2586466|
2586467|
2586468|
2586469|
2586470|
2586471|
2586496|
2586497|
2586498|
2586499|
2586500|
2586501|
2586502|
2586503|
2586528|
2586529|
2586530|
2586531|
2586532|
2586533|
2586534|
2586535|
2586560|
2586561|
2586562|
2586563|
2586564|
2586565|
2586566|
2586567|
2586592|
2586593|
2586594|
2586595|
2586596|
2586597|
2586598|
2586599|
2586624|
2586625|
2586626|
2586627|
2586628|
2586629|
2586630|
2586631|
2586656|
2586657|
2586658|
2586659|
2586660|
2586661|
2586662|
2586663|
2586688|
2586689|
2586690|
2586691|
2586692|
2586693|
2586694|
2586695|
2586720|
2586721|
2586722|
2586723|
2586724|
2586725|
2586726|
2586727|
2586752|
2586753|
2586754|
2586755|
2586756|
2586757|
2586758|
2586759|
2586784|
2586785|
2586786|
2586787|
2586788|
2586789|
2586790|
2586791|
2586816|
2586817|
2586818|
2586819|
2586820|
2586821|
2586822|
2586823|
2586848|
2586849|
2586850|
2586851|
2586852|
2586853|
2586854|
2586855|
2586880|
2586881|
2586882|
2586883|
2586884|
2586885|
2586886|
2586887|
2586912|
2586913|
2586914|
2586915|
2586916|
2586917|
2586918|
2586919|
2586944|
2586945|
2586946|
2586947|
2586948|
2586949|
2586950|
2586951|
2586976|
2586977|
2586978|
2586979|
2586980|
2586981|
2586982|
2586983|
2587008|
2587009|
2587010|
2587011|
2587012|
2587013|
2587014|
2587015|
2587040|
2587041|
2587042|
2587043|
2587044|
2587045|
2587046|
2587047|
2587072|
2587073|
2587074|
2587075|
2587076|
2587077|
2587078|
2587079|
2587104|
2587105|
2587106|
2587107|
2587108|
2587109|
2587110|
2587111|
2587136|
2587137|
2587138|
2587139|
2587140|
2587141|
2587142|
2587143|
2587168|
2587169|
2587170|
2587171|
2587172|
2587173|
2587174|
2587175|
2587200|
2587201|
2587202|
2587203|
2587204|
2587205|
2587206|
2587207|
2587232|
2587233|
2587234|
2587235|
2587236|
2587237|
2587238|
2587239|
2587264|
2587265|
2587266|
2587267|
2587268|
2587269|
2587270|
2587271|
2587296|
2587297|
2587298|
2587299|
2587300|
2587301|
2587302|
2587303|
2587328|
2587329|
2587330|
2587331|
2587332|
2587333|
2587334|
2587335|
2587360|
2587361|
2587362|
2587363|
2587364|
2587365|
2587366|
2587367|
2587392|
2587393|
2587394|
2587395|
2587396|
2587397|
2587398|
2587399|
2587424|
2587425|
2587426|
2587427|
2587428|
2587429|
2587430|
2587431|
2587456|
2587457|
2587458|
2587459|
2587460|
2587461|
2587462|
2587463|
2587488|
2587489|
2587490|
2587491|
2587492|
2587493|
2587494|
2587495|
2587520|
2587521|
2587522|
2587523|
2587524|
2587525|
2587526|
2587527|
2587552|
2587553|
2587554|
2587555|
2587556|
2587557|
2587558|
2587559|
2587584|
2587585|
2587586|
2587587|
2587588|
2587589|
2587590|
2587591|
2587616|
2587617|
2587618|
2587619|
2587620|
2587621|
2587622|
2587623|
2587648|
2587649|
2587650|
2587651|
2587652|
2587653|
2587654|
2587655|
2587680|
2587681|
2587682|
2587683|
2587684|
2587685|
2587686|
2587687|
2587712|
2587713|
2587714|
2587715|
2587716|
2587717|
2587718|
2587719|
2587744|
2587745|
2587746|
2587747|
2587748|
2587749|
2587750|
2587751|
2587776|
2587777|
2587778|
2587779|
2587780|
2587781|
2587782|
2587783|
2587808|
2587809|
2587810|
2587811|
2587812|
2587813|
2587814|
2587815|
2587840|
2587841|
2587842|
2587843|
2587844|
2587845|
2587846|
2587847|
2587872|
2587873|
2587874|
2587875|
2587876|
2587877|
2587878|
2587879|
2587904|
2587905|
2587906|
2587907|
2587908|
2587909|
2587910|
2587911|
2587936|
2587937|
2587938|
2587939|
2587940|
2587941|
2587942|
2587943|
2587968|
2587969|
2587970|
2587971|
2587972|
2587973|
2587974|
2587975|
2588000|
2588001|
2588002|
2588003|
2588004|
2588005|
2588006|
2588007|
2588032|
2588033|
2588034|
2588035|
2588036|
2588037|
2588038|
2588039|
2588064|
2588065|
2588066|
2588067|
2588068|
2588069|
2588070|
2588071|
2588096|
2588097|
2588098|
2588099|
2588100|
2588101|
2588102|
2588103|
2588128|
2588129|
2588130|
2588131|
2588132|
2588133|
2588134|
2588135|
2588160|
2588161|
2588162|
2588163|
2588164|
2588165|
2588166|
2588167|
2588192|
2588193|
2588194|
2588195|
2588196|
2588197|
2588198|
2588199|
2588224|
2588225|
2588226|
2588227|
2588228|
2588229|
2588230|
2588231|
2588256|
2588257|
2588258|
2588259|
2588260|
2588261|
2588262|
2588263|
2588288|
2588289|
2588290|
2588291|
2588292|
2588293|
2588294|
2588295|
2588320|
2588321|
2588322|
2588323|
2588324|
2588325|
2588326|
2588327|
2588352|
2588353|
2588354|
2588355|
2588356|
2588357|
2588358|
2588359|
2588384|
2588385|
2588386|
2588387|
2588388|
2588389|
2588390|
2588391|
2588416|
2588417|
2588418|
2588419|
2588420|
2588421|
2588422|
2588423|
2588448|
2588449|
2588450|
2588451|
2588452|
2588453|
2588454|
2588455|
2588480|
2588481|
2588482|
2588483|
2588484|
2588485|
2588486|
2588487|
2588512|
2588513|
2588514|
2588515|
2588516|
2588517|
2588518|
2588519|
2588544|
2588545|
2588546|
2588547|
2588548|
2588549|
2588550|
2588551|
2588576|
2588577|
2588578|
2588579|
2588580|
2588581|
2588582|
2588583|
2588608|
2588609|
2588610|
2588611|
2588612|
2588613|
2588614|
2588615|
2588640|
2588641|
2588642|
2588643|
2588644|
2588645|
2588646|
2588647|
2588672|
2588673|
2588674|
2588675|
2588676|
2588677|
2588678|
2588679|
2588704|
2588705|
2588706|
2588707|
2588708|
2588709|
2588710|
2588711|
2588736|
2588737|
2588738|
2588739|
2588740|
2588741|
2588742|
2588743|
2588768|
2588769|
2588770|
2588771|
2588772|
2588773|
2588774|
2588775|
2588800|
2588801|
2588802|
2588803|
2588804|
2588805|
2588806|
2588807|
2588832|
2588833|
2588834|
2588835|
2588836|
2588837|
2588838|
2588839|
2588864|
2588865|
2588866|
2588867|
2588868|
2588869|
2588870|
2588871|
2588896|
2588897|
2588898|
2588899|
2588900|
2588901|
2588902|
2588903|
2588928|
2588929|
2588930|
2588931|
2588932|
2588933|
2588934|
2588935|
2588960|
2588961|
2588962|
2588963|
2588964|
2588965|
2588966|
2588967|
2588992|
2588993|
2588994|
2588995|
2588996|
2588997|
2588998|
2588999|
2589024|
2589025|
2589026|
2589027|
2589028|
2589029|
2589030|
2589031|
2589056|
2589057|
2589058|
2589059|
2589060|
2589061|
2589062|
2589063|
2589088|
2589089|
2589090|
2589091|
2589092|
2589093|
2589094|
2589095|
2589120|
2589121|
2589122|
2589123|
2589124|
2589125|
2589126|
2589127|
2589152|
2589153|
2589154|
2589155|
2589156|
2589157|
2589158|
2589159|
2589184|
2589185|
2589186|
2589187|
2589188|
2589189|
2589190|
2589191|
2589216|
2589217|
2589218|
2589219|
2589220|
2589221|
2589222|
2589223|
2589248|
2589249|
2589250|
2589251|
2589252|
2589253|
2589254|
2589255|
2589280|
2589281|
2589282|
2589283|
2589284|
2589285|
2589286|
2589287|
2589312|
2589313|
2589314|
2589315|
2589316|
2589317|
2589318|
2589319|
2589344|
2589345|
2589346|
2589347|
2589348|
2589349|
2589350|
2589351|
2589376|
2589377|
2589378|
2589379|
2589380|
2589381|
2589382|
2589383|
2589408|
2589409|
2589410|
2589411|
2589412|
2589413|
2589414|
2589415|
2589440|
2589441|
2589442|
2589443|
2589444|
2589445|
2589446|
2589447|
2589472|
2589473|
2589474|
2589475|
2589476|
2589477|
2589478|
2589479|
2589504|
2589505|
2589506|
2589507|
2589508|
2589509|
2589510|
2589511|
2589536|
2589537|
2589538|
2589539|
2589540|
2589541|
2589542|
2589543|
2589568|
2589569|
2589570|
2589571|
2589572|
2589573|
2589574|
2589575|
2589600|
2589601|
2589602|
2589603|
2589604|
2589605|
2589606|
2589607|
2589632|
2589633|
2589634|
2589635|
2589636|
2589637|
2589638|
2589639|
2589664|
2589665|
2589666|
2589667|
2589668|
2589669|
2589670|
2589671|
2589696|
2589697|
2589698|
2589699|
2589700|
2589701|
2589702|
2589703|
2589728|
2589729|
2589730|
2589731|
2589732|
2589733|
2589734|
2589735|
2589760|
2589761|
2589762|
2589763|
2589764|
2589765|
2589766|
2589767|
2589792|
2589793|
2589794|
2589795|
2589796|
2589797|
2589798|
2589799|
2589824|
2589825|
2589826|
2589827|
2589828|
2589829|
2589830|
2589831|
2589856|
2589857|
2589858|
2589859|
2589860|
2589861|
2589862|
2589863|
2589888|
2589889|
2589890|
2589891|
2589892|
2589893|
2589894|
2589895|
2589920|
2589921|
2589922|
2589923|
2589924|
2589925|
2589926|
2589927|
2589952|
2589953|
2589954|
2589955|
2589956|
2589957|
2589958|
2589959|
2589984|
2589985|
2589986|
2589987|
2589988|
2589989|
2589990|
2589991|
2590016|
2590017|
2590018|
2590019|
2590020|
2590021|
2590022|
2590023|
2590048|
2590049|
2590050|
2590051|
2590052|
2590053|
2590054|
2590055|
2590080|
2590081|
2590082|
2590083|
2590084|
2590085|
2590086|
2590087|
2590112|
2590113|
2590114|
2590115|
2590116|
2590117|
2590118|
2590119|
2590144|
2590145|
2590146|
2590147|
2590148|
2590149|
2590150|
2590151|
2590176|
2590177|
2590178|
2590179|
2590180|
2590181|
2590182|
2590183|
2590208|
2590209|
2590210|
2590211|
2590212|
2590213|
2590214|
2590215|
2590240|
2590241|
2590242|
2590243|
2590244|
2590245|
2590246|
2590247|
2590272|
2590273|
2590274|
2590275|
2590276|
2590277|
2590278|
2590279|
2590304|
2590305|
2590306|
2590307|
2590308|
2590309|
2590310|
2590311|
2590336|
2590337|
2590338|
2590339|
2590340|
2590341|
2590342|
2590343|
2590368|
2590369|
2590370|
2590371|
2590372|
2590373|
2590374|
2590375|
2590400|
2590401|
2590402|
2590403|
2590404|
2590405|
2590406|
2590407|
2590432|
2590433|
2590434|
2590435|
2590436|
2590437|
2590438|
2590439|
2590464|
2590465|
2590466|
2590467|
2590468|
2590469|
2590470|
2590471|
2590496|
2590497|
2590498|
2590499|
2590500|
2590501|
2590502|
2590503|
2590528|
2590529|
2590530|
2590531|
2590532|
2590533|
2590534|
2590535|
2590560|
2590561|
2590562|
2590563|
2590564|
2590565|
2590566|
2590567|
2590592|
2590593|
2590594|
2590595|
2590596|
2590597|
2590598|
2590599|
2590624|
2590625|
2590626|
2590627|
2590628|
2590629|
2590630|
2590631|
2590656|
2590657|
2590658|
2590659|
2590660|
2590661|
2590662|
2590663|
2590688|
2590689|
2590690|
2590691|
2590692|
2590693|
2590694|
2590695|
2590720|
2590721|
2590722|
2590723|
2590724|
2590725|
2590726|
2590727|
2590752|
2590753|
2590754|
2590755|
2590756|
2590757|
2590758|
2590759|
2590784|
2590785|
2590786|
2590787|
2590788|
2590789|
2590790|
2590791|
2590816|
2590817|
2590818|
2590819|
2590820|
2590821|
2590822|
2590823|
2590848|
2590849|
2590850|
2590851|
2590852|
2590853|
2590854|
2590855|
2590880|
2590881|
2590882|
2590883|
2590884|
2590885|
2590886|
2590887|
2590912|
2590913|
2590914|
2590915|
2590916|
2590917|
2590918|
2590919|
2590944|
2590945|
2590946|
2590947|
2590948|
2590949|
2590950|
2590951|
2590976|
2590977|
2590978|
2590979|
2590980|
2590981|
2590982|
2590983|
2591008|
2591009|
2591010|
2591011|
2591012|
2591013|
2591014|
2591015|
2591040|
2591041|
2591042|
2591043|
2591044|
2591045|
2591046|
2591047|
2591072|
2591073|
2591074|
2591075|
2591076|
2591077|
2591078|
2591079|
2591104|
2591105|
2591106|
2591107|
2591108|
2591109|
2591110|
2591111|
2591136|
2591137|
2591138|
2591139|
2591140|
2591141|
2591142|
2591143|
2591168|
2591169|
2591170|
2591171|
2591172|
2591173|
2591174|
2591175|
2591200|
2591201|
2591202|
2591203|
2591204|
2591205|
2591206|
2591207|
2591232|
2591233|
2591234|
2591235|
2591236|
2591237|
2591238|
2591239|
2591264|
2591265|
2591266|
2591267|
2591268|
2591269|
2591270|
2591271|
2591296|
2591297|
2591298|
2591299|
2591300|
2591301|
2591302|
2591303|
2591328|
2591329|
2591330|
2591331|
2591332|
2591333|
2591334|
2591335|
2591360|
2591361|
2591362|
2591363|
2591364|
2591365|
2591366|
2591367|
2591392|
2591393|
2591394|
2591395|
2591396|
2591397|
2591398|
2591399|
2591424|
2591425|
2591426|
2591427|
2591428|
2591429|
2591430|
2591431|
2591456|
2591457|
2591458|
2591459|
2591460|
2591461|
2591462|
2591463|
2591488|
2591489|
2591490|
2591491|
2591492|
2591493|
2591494|
2591495|
2591520|
2591521|
2591522|
2591523|
2591524|
2591525|
2591526|
2591527|
2591552|
2591553|
2591554|
2591555|
2591556|
2591557|
2591558|
2591559|
2591584|
2591585|
2591586|
2591587|
2591588|
2591589|
2591590|
2591591|
2591616|
2591617|
2591618|
2591619|
2591620|
2591621|
2591622|
2591623|
2591648|
2591649|
2591650|
2591651|
2591652|
2591653|
2591654|
2591655|
2591680|
2591681|
2591682|
2591683|
2591684|
2591685|
2591686|
2591687|
2591712|
2591713|
2591714|
2591715|
2591716|
2591717|
2591718|
2591719|
2591744|
2591745|
2591746|
2591747|
2591748|
2591749|
2591750|
2591751|
2591776|
2591777|
2591778|
2591779|
2591780|
2591781|
2591782|
2591783|
2591808|
2591809|
2591810|
2591811|
2591812|
2591813|
2591814|
2591815|
2591840|
2591841|
2591842|
2591843|
2591844|
2591845|
2591846|
2591847|
2591872|
2591873|
2591874|
2591875|
2591876|
2591877|
2591878|
2591879|
2591904|
2591905|
2591906|
2591907|
2591908|
2591909|
2591910|
2591911|
2591936|
2591937|
2591938|
2591939|
2591940|
2591941|
2591942|
2591943|
2591968|
2591969|
2591970|
2591971|
2591972|
2591973|
2591974|
2591975|
2592000|
