2556001|
2556002|
2556003|
2556004|
2556005|
2556006|
2556007|
2556032|
2556033|
2556034|
2556035|
2556036|
2556037|
2556038|
2556039|
2556064|
2556065|
2556066|
2556067|
2556068|
2556069|
2556070|
2556071|
2556096|
2556097|
2556098|
2556099|
2556100|
2556101|
2556102|
2556103|
2556128|
2556129|
2556130|
2556131|
2556132|
2556133|
2556134|
2556135|
2556160|
2556161|
2556162|
2556163|
2556164|
2556165|
2556166|
2556167|
2556192|
2556193|
2556194|
2556195|
2556196|
2556197|
2556198|
2556199|
2556224|
2556225|
2556226|
2556227|
2556228|
2556229|
2556230|
2556231|
2556256|
2556257|
2556258|
2556259|
2556260|
2556261|
2556262|
2556263|
2556288|
2556289|
2556290|
2556291|
2556292|
2556293|
2556294|
2556295|
2556320|
2556321|
2556322|
2556323|
2556324|
2556325|
2556326|
2556327|
2556352|
2556353|
2556354|
2556355|
2556356|
2556357|
2556358|
2556359|
2556384|
2556385|
2556386|
2556387|
2556388|
2556389|
2556390|
2556391|
2556416|
2556417|
2556418|
2556419|
2556420|
2556421|
2556422|
2556423|
2556448|
2556449|
2556450|
2556451|
2556452|
2556453|
2556454|
2556455|
2556480|
2556481|
2556482|
2556483|
2556484|
2556485|
2556486|
2556487|
2556512|
2556513|
2556514|
2556515|
2556516|
2556517|
2556518|
2556519|
2556544|
2556545|
2556546|
2556547|
2556548|
2556549|
2556550|
2556551|
2556576|
2556577|
2556578|
2556579|
2556580|
2556581|
2556582|
2556583|
2556608|
2556609|
2556610|
2556611|
2556612|
2556613|
2556614|
2556615|
2556640|
2556641|
2556642|
2556643|
2556644|
2556645|
2556646|
2556647|
2556672|
2556673|
2556674|
2556675|
2556676|
2556677|
2556678|
2556679|
2556704|
2556705|
2556706|
2556707|
2556708|
2556709|
2556710|
2556711|
2556736|
2556737|
2556738|
2556739|
2556740|
2556741|
2556742|
2556743|
2556768|
2556769|
2556770|
2556771|
2556772|
2556773|
2556774|
2556775|
2556800|
2556801|
2556802|
2556803|
2556804|
2556805|
2556806|
2556807|
2556832|
2556833|
2556834|
2556835|
2556836|
2556837|
2556838|
2556839|
2556864|
2556865|
2556866|
2556867|
2556868|
2556869|
2556870|
2556871|
2556896|
2556897|
2556898|
2556899|
2556900|
2556901|
2556902|
2556903|
2556928|
2556929|
2556930|
2556931|
2556932|
2556933|
2556934|
2556935|
2556960|
2556961|
2556962|
2556963|
2556964|
2556965|
2556966|
2556967|
2556992|
2556993|
2556994|
2556995|
2556996|
2556997|
2556998|
2556999|
2557024|
2557025|
2557026|
2557027|
2557028|
2557029|
2557030|
2557031|
2557056|
2557057|
2557058|
2557059|
2557060|
2557061|
2557062|
2557063|
2557088|
2557089|
2557090|
2557091|
2557092|
2557093|
2557094|
2557095|
2557120|
2557121|
2557122|
2557123|
2557124|
2557125|
2557126|
2557127|
2557152|
2557153|
2557154|
2557155|
2557156|
2557157|
2557158|
2557159|
2557184|
2557185|
2557186|
2557187|
2557188|
2557189|
2557190|
2557191|
2557216|
2557217|
2557218|
2557219|
2557220|
2557221|
2557222|
2557223|
2557248|
2557249|
2557250|
2557251|
2557252|
2557253|
2557254|
2557255|
2557280|
2557281|
2557282|
2557283|
2557284|
2557285|
2557286|
2557287|
2557312|
2557313|
2557314|
2557315|
2557316|
2557317|
2557318|
2557319|
2557344|
2557345|
2557346|
2557347|
2557348|
2557349|
2557350|
2557351|
2557376|
2557377|
2557378|
2557379|
2557380|
2557381|
2557382|
2557383|
2557408|
2557409|
2557410|
2557411|
2557412|
2557413|
2557414|
2557415|
2557440|
2557441|
2557442|
2557443|
2557444|
2557445|
2557446|
2557447|
2557472|
2557473|
2557474|
2557475|
2557476|
2557477|
2557478|
2557479|
2557504|
2557505|
2557506|
2557507|
2557508|
2557509|
2557510|
2557511|
2557536|
2557537|
2557538|
2557539|
2557540|
2557541|
2557542|
2557543|
2557568|
2557569|
2557570|
2557571|
2557572|
2557573|
2557574|
2557575|
2557600|
2557601|
2557602|
2557603|
2557604|
2557605|
2557606|
2557607|
2557632|
2557633|
2557634|
2557635|
2557636|
2557637|
2557638|
2557639|
2557664|
2557665|
2557666|
2557667|
2557668|
2557669|
2557670|
2557671|
2557696|
2557697|
2557698|
2557699|
2557700|
2557701|
2557702|
2557703|
2557728|
2557729|
2557730|
2557731|
2557732|
2557733|
2557734|
2557735|
2557760|
2557761|
2557762|
2557763|
2557764|
2557765|
2557766|
2557767|
2557792|
2557793|
2557794|
2557795|
2557796|
2557797|
2557798|
2557799|
2557824|
2557825|
2557826|
2557827|
2557828|
2557829|
2557830|
2557831|
2557856|
2557857|
2557858|
2557859|
2557860|
2557861|
2557862|
2557863|
2557888|
2557889|
2557890|
2557891|
2557892|
2557893|
2557894|
2557895|
2557920|
2557921|
2557922|
2557923|
2557924|
2557925|
2557926|
2557927|
2557952|
2557953|
2557954|
2557955|
2557956|
2557957|
2557958|
2557959|
2557984|
2557985|
2557986|
2557987|
2557988|
2557989|
2557990|
2557991|
2558016|
2558017|
2558018|
2558019|
2558020|
2558021|
2558022|
2558023|
2558048|
2558049|
2558050|
2558051|
2558052|
2558053|
2558054|
2558055|
2558080|
2558081|
2558082|
2558083|
2558084|
2558085|
2558086|
2558087|
2558112|
2558113|
2558114|
2558115|
2558116|
2558117|
2558118|
2558119|
2558144|
2558145|
2558146|
2558147|
2558148|
2558149|
2558150|
2558151|
2558176|
2558177|
2558178|
2558179|
2558180|
2558181|
2558182|
2558183|
2558208|
2558209|
2558210|
2558211|
2558212|
2558213|
2558214|
2558215|
2558240|
2558241|
2558242|
2558243|
2558244|
2558245|
2558246|
2558247|
2558272|
2558273|
2558274|
2558275|
2558276|
2558277|
2558278|
2558279|
2558304|
2558305|
2558306|
2558307|
2558308|
2558309|
2558310|
2558311|
2558336|
2558337|
2558338|
2558339|
2558340|
2558341|
2558342|
2558343|
2558368|
2558369|
2558370|
2558371|
2558372|
2558373|
2558374|
2558375|
2558400|
2558401|
2558402|
2558403|
2558404|
2558405|
2558406|
2558407|
2558432|
2558433|
2558434|
2558435|
2558436|
2558437|
2558438|
2558439|
2558464|
2558465|
2558466|
2558467|
2558468|
2558469|
2558470|
2558471|
2558496|
2558497|
2558498|
2558499|
2558500|
2558501|
2558502|
2558503|
2558528|
2558529|
2558530|
2558531|
2558532|
2558533|
2558534|
2558535|
2558560|
2558561|
2558562|
2558563|
2558564|
2558565|
2558566|
2558567|
2558592|
2558593|
2558594|
2558595|
2558596|
2558597|
2558598|
2558599|
2558624|
2558625|
2558626|
2558627|
2558628|
2558629|
2558630|
2558631|
2558656|
2558657|
2558658|
2558659|
2558660|
2558661|
2558662|
2558663|
2558688|
2558689|
2558690|
2558691|
2558692|
2558693|
2558694|
2558695|
2558720|
2558721|
2558722|
2558723|
2558724|
2558725|
2558726|
2558727|
2558752|
2558753|
2558754|
2558755|
2558756|
2558757|
2558758|
2558759|
2558784|
2558785|
2558786|
2558787|
2558788|
2558789|
2558790|
2558791|
2558816|
2558817|
2558818|
2558819|
2558820|
2558821|
2558822|
2558823|
2558848|
2558849|
2558850|
2558851|
2558852|
2558853|
2558854|
2558855|
2558880|
2558881|
2558882|
2558883|
2558884|
2558885|
2558886|
2558887|
2558912|
2558913|
2558914|
2558915|
2558916|
2558917|
2558918|
2558919|
2558944|
2558945|
2558946|
2558947|
2558948|
2558949|
2558950|
2558951|
2558976|
2558977|
2558978|
2558979|
2558980|
2558981|
2558982|
2558983|
2559008|
2559009|
2559010|
2559011|
2559012|
2559013|
2559014|
2559015|
2559040|
2559041|
2559042|
2559043|
2559044|
2559045|
2559046|
2559047|
2559072|
2559073|
2559074|
2559075|
2559076|
2559077|
2559078|
2559079|
2559104|
2559105|
2559106|
2559107|
2559108|
2559109|
2559110|
2559111|
2559136|
2559137|
2559138|
2559139|
2559140|
2559141|
2559142|
2559143|
2559168|
2559169|
2559170|
2559171|
2559172|
2559173|
2559174|
2559175|
2559200|
2559201|
2559202|
2559203|
2559204|
2559205|
2559206|
2559207|
2559232|
2559233|
2559234|
2559235|
2559236|
2559237|
2559238|
2559239|
2559264|
2559265|
2559266|
2559267|
2559268|
2559269|
2559270|
2559271|
2559296|
2559297|
2559298|
2559299|
2559300|
2559301|
2559302|
2559303|
2559328|
2559329|
2559330|
2559331|
2559332|
2559333|
2559334|
2559335|
2559360|
2559361|
2559362|
2559363|
2559364|
2559365|
2559366|
2559367|
2559392|
2559393|
2559394|
2559395|
2559396|
2559397|
2559398|
2559399|
2559424|
2559425|
2559426|
2559427|
2559428|
2559429|
2559430|
2559431|
2559456|
2559457|
2559458|
2559459|
2559460|
2559461|
2559462|
2559463|
2559488|
2559489|
2559490|
2559491|
2559492|
2559493|
2559494|
2559495|
2559520|
2559521|
2559522|
2559523|
2559524|
2559525|
2559526|
2559527|
2559552|
2559553|
2559554|
2559555|
2559556|
2559557|
2559558|
2559559|
2559584|
2559585|
2559586|
2559587|
2559588|
2559589|
2559590|
2559591|
2559616|
2559617|
2559618|
2559619|
2559620|
2559621|
2559622|
2559623|
2559648|
2559649|
2559650|
2559651|
2559652|
2559653|
2559654|
2559655|
2559680|
2559681|
2559682|
2559683|
2559684|
2559685|
2559686|
2559687|
2559712|
2559713|
2559714|
2559715|
2559716|
2559717|
2559718|
2559719|
2559744|
2559745|
2559746|
2559747|
2559748|
2559749|
2559750|
2559751|
2559776|
2559777|
2559778|
2559779|
2559780|
2559781|
2559782|
2559783|
2559808|
2559809|
2559810|
2559811|
2559812|
2559813|
2559814|
2559815|
2559840|
2559841|
2559842|
2559843|
2559844|
2559845|
2559846|
2559847|
2559872|
2559873|
2559874|
2559875|
2559876|
2559877|
2559878|
2559879|
2559904|
2559905|
2559906|
2559907|
2559908|
2559909|
2559910|
2559911|
2559936|
2559937|
2559938|
2559939|
2559940|
2559941|
2559942|
2559943|
2559968|
2559969|
2559970|
2559971|
2559972|
2559973|
2559974|
2559975|
2560000|
2560001|
2560002|
2560003|
2560004|
2560005|
2560006|
2560007|
2560032|
2560033|
2560034|
2560035|
2560036|
2560037|
2560038|
2560039|
2560064|
2560065|
2560066|
2560067|
2560068|
2560069|
2560070|
2560071|
2560096|
2560097|
2560098|
2560099|
2560100|
2560101|
2560102|
2560103|
2560128|
2560129|
2560130|
2560131|
2560132|
2560133|
2560134|
2560135|
2560160|
2560161|
2560162|
2560163|
2560164|
2560165|
2560166|
2560167|
2560192|
2560193|
2560194|
2560195|
2560196|
2560197|
2560198|
2560199|
2560224|
2560225|
2560226|
2560227|
2560228|
2560229|
2560230|
2560231|
2560256|
2560257|
2560258|
2560259|
2560260|
2560261|
2560262|
2560263|
2560288|
2560289|
2560290|
2560291|
2560292|
2560293|
2560294|
2560295|
2560320|
2560321|
2560322|
2560323|
2560324|
2560325|
2560326|
2560327|
2560352|
2560353|
2560354|
2560355|
2560356|
2560357|
2560358|
2560359|
2560384|
2560385|
2560386|
2560387|
2560388|
2560389|
2560390|
2560391|
2560416|
2560417|
2560418|
2560419|
2560420|
2560421|
2560422|
2560423|
2560448|
2560449|
2560450|
2560451|
2560452|
2560453|
2560454|
2560455|
2560480|
2560481|
2560482|
2560483|
2560484|
2560485|
2560486|
2560487|
2560512|
2560513|
2560514|
2560515|
2560516|
2560517|
2560518|
2560519|
2560544|
2560545|
2560546|
2560547|
2560548|
2560549|
2560550|
2560551|
2560576|
2560577|
2560578|
2560579|
2560580|
2560581|
2560582|
2560583|
2560608|
2560609|
2560610|
2560611|
2560612|
2560613|
2560614|
2560615|
2560640|
2560641|
2560642|
2560643|
2560644|
2560645|
2560646|
2560647|
2560672|
2560673|
2560674|
2560675|
2560676|
2560677|
2560678|
2560679|
2560704|
2560705|
2560706|
2560707|
2560708|
2560709|
2560710|
2560711|
2560736|
2560737|
2560738|
2560739|
2560740|
2560741|
2560742|
2560743|
2560768|
2560769|
2560770|
2560771|
2560772|
2560773|
2560774|
2560775|
2560800|
2560801|
2560802|
2560803|
2560804|
2560805|
2560806|
2560807|
2560832|
2560833|
2560834|
2560835|
2560836|
2560837|
2560838|
2560839|
2560864|
2560865|
2560866|
2560867|
2560868|
2560869|
2560870|
2560871|
2560896|
2560897|
2560898|
2560899|
2560900|
2560901|
2560902|
2560903|
2560928|
2560929|
2560930|
2560931|
2560932|
2560933|
2560934|
2560935|
2560960|
2560961|
2560962|
2560963|
2560964|
2560965|
2560966|
2560967|
2560992|
2560993|
2560994|
2560995|
2560996|
2560997|
2560998|
2560999|
2561024|
2561025|
2561026|
2561027|
2561028|
2561029|
2561030|
2561031|
2561056|
2561057|
2561058|
2561059|
2561060|
2561061|
2561062|
2561063|
2561088|
2561089|
2561090|
2561091|
2561092|
2561093|
2561094|
2561095|
2561120|
2561121|
2561122|
2561123|
2561124|
2561125|
2561126|
2561127|
2561152|
2561153|
2561154|
2561155|
2561156|
2561157|
2561158|
2561159|
2561184|
2561185|
2561186|
2561187|
2561188|
2561189|
2561190|
2561191|
2561216|
2561217|
2561218|
2561219|
2561220|
2561221|
2561222|
2561223|
2561248|
2561249|
2561250|
2561251|
2561252|
2561253|
2561254|
2561255|
2561280|
2561281|
2561282|
2561283|
2561284|
2561285|
2561286|
2561287|
2561312|
2561313|
2561314|
2561315|
2561316|
2561317|
2561318|
2561319|
2561344|
2561345|
2561346|
2561347|
2561348|
2561349|
2561350|
2561351|
2561376|
2561377|
2561378|
2561379|
2561380|
2561381|
2561382|
2561383|
2561408|
2561409|
2561410|
2561411|
2561412|
2561413|
2561414|
2561415|
2561440|
2561441|
2561442|
2561443|
2561444|
2561445|
2561446|
2561447|
2561472|
2561473|
2561474|
2561475|
2561476|
2561477|
2561478|
2561479|
2561504|
2561505|
2561506|
2561507|
2561508|
2561509|
2561510|
2561511|
2561536|
2561537|
2561538|
2561539|
2561540|
2561541|
2561542|
2561543|
2561568|
2561569|
2561570|
2561571|
2561572|
2561573|
2561574|
2561575|
2561600|
2561601|
2561602|
2561603|
2561604|
2561605|
2561606|
2561607|
2561632|
2561633|
2561634|
2561635|
2561636|
2561637|
2561638|
2561639|
2561664|
2561665|
2561666|
2561667|
2561668|
2561669|
2561670|
2561671|
2561696|
2561697|
2561698|
2561699|
2561700|
2561701|
2561702|
2561703|
2561728|
2561729|
2561730|
2561731|
2561732|
2561733|
2561734|
2561735|
2561760|
2561761|
2561762|
2561763|
2561764|
2561765|
2561766|
2561767|
2561792|
2561793|
2561794|
2561795|
2561796|
2561797|
2561798|
2561799|
2561824|
2561825|
2561826|
2561827|
2561828|
2561829|
2561830|
2561831|
2561856|
2561857|
2561858|
2561859|
2561860|
2561861|
2561862|
2561863|
2561888|
2561889|
2561890|
2561891|
2561892|
2561893|
2561894|
2561895|
2561920|
2561921|
2561922|
2561923|
2561924|
2561925|
2561926|
2561927|
2561952|
2561953|
2561954|
2561955|
2561956|
2561957|
2561958|
2561959|
2561984|
2561985|
2561986|
2561987|
2561988|
