1800001|
1800002|
1800003|
1800004|
1800005|
1800006|
1800007|
1800032|
1800033|
1800034|
1800035|
1800036|
1800037|
1800038|
1800039|
1800064|
1800065|
1800066|
1800067|
1800068|
1800069|
1800070|
1800071|
1800096|
1800097|
1800098|
1800099|
1800100|
1800101|
1800102|
1800103|
1800128|
1800129|
1800130|
1800131|
1800132|
1800133|
1800134|
1800135|
1800160|
1800161|
1800162|
1800163|
1800164|
1800165|
1800166|
1800167|
1800192|
1800193|
1800194|
1800195|
1800196|
1800197|
1800198|
1800199|
1800224|
1800225|
1800226|
1800227|
1800228|
1800229|
1800230|
1800231|
1800256|
1800257|
1800258|
1800259|
1800260|
1800261|
1800262|
1800263|
1800288|
1800289|
1800290|
1800291|
1800292|
1800293|
1800294|
1800295|
1800320|
1800321|
1800322|
1800323|
1800324|
1800325|
1800326|
1800327|
1800352|
1800353|
1800354|
1800355|
1800356|
1800357|
1800358|
1800359|
1800384|
1800385|
1800386|
1800387|
1800388|
1800389|
1800390|
1800391|
1800416|
1800417|
1800418|
1800419|
1800420|
1800421|
1800422|
1800423|
1800448|
1800449|
1800450|
1800451|
1800452|
1800453|
1800454|
1800455|
1800480|
1800481|
1800482|
1800483|
1800484|
1800485|
1800486|
1800487|
1800512|
1800513|
1800514|
1800515|
1800516|
1800517|
1800518|
1800519|
1800544|
1800545|
1800546|
1800547|
1800548|
1800549|
1800550|
1800551|
1800576|
1800577|
1800578|
1800579|
1800580|
1800581|
1800582|
1800583|
1800608|
1800609|
1800610|
1800611|
1800612|
1800613|
1800614|
1800615|
1800640|
1800641|
1800642|
1800643|
1800644|
1800645|
1800646|
1800647|
1800672|
1800673|
1800674|
1800675|
1800676|
1800677|
1800678|
1800679|
1800704|
1800705|
1800706|
1800707|
1800708|
1800709|
1800710|
1800711|
1800736|
1800737|
1800738|
1800739|
1800740|
1800741|
1800742|
1800743|
1800768|
1800769|
1800770|
1800771|
1800772|
1800773|
1800774|
1800775|
1800800|
1800801|
1800802|
1800803|
1800804|
1800805|
1800806|
1800807|
1800832|
1800833|
1800834|
1800835|
1800836|
1800837|
1800838|
1800839|
1800864|
1800865|
1800866|
1800867|
1800868|
1800869|
1800870|
1800871|
1800896|
1800897|
1800898|
1800899|
1800900|
1800901|
1800902|
1800903|
1800928|
1800929|
1800930|
1800931|
1800932|
1800933|
1800934|
1800935|
1800960|
1800961|
1800962|
1800963|
1800964|
1800965|
1800966|
1800967|
1800992|
1800993|
1800994|
1800995|
1800996|
1800997|
1800998|
1800999|
1801024|
1801025|
1801026|
1801027|
1801028|
1801029|
1801030|
1801031|
1801056|
1801057|
1801058|
1801059|
1801060|
1801061|
1801062|
1801063|
1801088|
1801089|
1801090|
1801091|
1801092|
1801093|
1801094|
1801095|
1801120|
1801121|
1801122|
1801123|
1801124|
1801125|
1801126|
1801127|
1801152|
1801153|
1801154|
1801155|
1801156|
1801157|
1801158|
1801159|
1801184|
1801185|
1801186|
1801187|
1801188|
1801189|
1801190|
1801191|
1801216|
1801217|
1801218|
1801219|
1801220|
1801221|
1801222|
1801223|
1801248|
1801249|
1801250|
1801251|
1801252|
1801253|
1801254|
1801255|
1801280|
1801281|
1801282|
1801283|
1801284|
1801285|
1801286|
1801287|
1801312|
1801313|
1801314|
1801315|
1801316|
1801317|
1801318|
1801319|
1801344|
1801345|
1801346|
1801347|
1801348|
1801349|
1801350|
1801351|
1801376|
1801377|
1801378|
1801379|
1801380|
1801381|
1801382|
1801383|
1801408|
1801409|
1801410|
1801411|
1801412|
1801413|
1801414|
1801415|
1801440|
1801441|
1801442|
1801443|
1801444|
1801445|
1801446|
1801447|
1801472|
1801473|
1801474|
1801475|
1801476|
1801477|
1801478|
1801479|
1801504|
1801505|
1801506|
1801507|
1801508|
1801509|
1801510|
1801511|
1801536|
1801537|
1801538|
1801539|
1801540|
1801541|
1801542|
1801543|
1801568|
1801569|
1801570|
1801571|
1801572|
1801573|
1801574|
1801575|
1801600|
1801601|
1801602|
1801603|
1801604|
1801605|
1801606|
1801607|
1801632|
1801633|
1801634|
1801635|
1801636|
1801637|
1801638|
1801639|
1801664|
1801665|
1801666|
1801667|
1801668|
1801669|
1801670|
1801671|
1801696|
1801697|
1801698|
1801699|
1801700|
1801701|
1801702|
1801703|
1801728|
1801729|
1801730|
1801731|
1801732|
1801733|
1801734|
1801735|
1801760|
1801761|
1801762|
1801763|
1801764|
1801765|
1801766|
1801767|
1801792|
1801793|
1801794|
1801795|
1801796|
1801797|
1801798|
1801799|
1801824|
1801825|
1801826|
1801827|
1801828|
1801829|
1801830|
1801831|
1801856|
1801857|
1801858|
1801859|
1801860|
1801861|
1801862|
1801863|
1801888|
1801889|
1801890|
1801891|
1801892|
1801893|
1801894|
1801895|
1801920|
1801921|
1801922|
1801923|
1801924|
1801925|
1801926|
1801927|
1801952|
1801953|
1801954|
1801955|
1801956|
1801957|
1801958|
1801959|
1801984|
1801985|
1801986|
1801987|
1801988|
1801989|
1801990|
1801991|
1802016|
1802017|
1802018|
1802019|
1802020|
1802021|
1802022|
1802023|
1802048|
1802049|
1802050|
1802051|
1802052|
1802053|
1802054|
1802055|
1802080|
1802081|
1802082|
1802083|
1802084|
1802085|
1802086|
1802087|
1802112|
1802113|
1802114|
1802115|
1802116|
1802117|
1802118|
1802119|
1802144|
1802145|
1802146|
1802147|
1802148|
1802149|
1802150|
1802151|
1802176|
1802177|
1802178|
1802179|
1802180|
1802181|
1802182|
1802183|
1802208|
1802209|
1802210|
1802211|
1802212|
1802213|
1802214|
1802215|
1802240|
1802241|
1802242|
1802243|
1802244|
1802245|
1802246|
1802247|
1802272|
1802273|
1802274|
1802275|
1802276|
1802277|
1802278|
1802279|
1802304|
1802305|
1802306|
1802307|
1802308|
1802309|
1802310|
1802311|
1802336|
1802337|
1802338|
1802339|
1802340|
1802341|
1802342|
1802343|
1802368|
1802369|
1802370|
1802371|
1802372|
1802373|
1802374|
1802375|
1802400|
1802401|
1802402|
1802403|
1802404|
1802405|
1802406|
1802407|
1802432|
1802433|
1802434|
1802435|
1802436|
1802437|
1802438|
1802439|
1802464|
1802465|
1802466|
1802467|
1802468|
1802469|
1802470|
1802471|
1802496|
1802497|
1802498|
1802499|
1802500|
1802501|
1802502|
1802503|
1802528|
1802529|
1802530|
1802531|
1802532|
1802533|
1802534|
1802535|
1802560|
1802561|
1802562|
1802563|
1802564|
1802565|
1802566|
1802567|
1802592|
1802593|
1802594|
1802595|
1802596|
1802597|
1802598|
1802599|
1802624|
1802625|
1802626|
1802627|
1802628|
1802629|
1802630|
1802631|
1802656|
1802657|
1802658|
1802659|
1802660|
1802661|
1802662|
1802663|
1802688|
1802689|
1802690|
1802691|
1802692|
1802693|
1802694|
1802695|
1802720|
1802721|
1802722|
1802723|
1802724|
1802725|
1802726|
1802727|
1802752|
1802753|
1802754|
1802755|
1802756|
1802757|
1802758|
1802759|
1802784|
1802785|
1802786|
1802787|
1802788|
1802789|
1802790|
1802791|
1802816|
1802817|
1802818|
1802819|
1802820|
1802821|
1802822|
1802823|
1802848|
1802849|
1802850|
1802851|
1802852|
1802853|
1802854|
1802855|
1802880|
1802881|
1802882|
1802883|
1802884|
1802885|
1802886|
1802887|
1802912|
1802913|
1802914|
1802915|
1802916|
1802917|
1802918|
1802919|
1802944|
1802945|
1802946|
1802947|
1802948|
1802949|
1802950|
1802951|
1802976|
1802977|
1802978|
1802979|
1802980|
1802981|
1802982|
1802983|
1803008|
1803009|
1803010|
1803011|
1803012|
1803013|
1803014|
1803015|
1803040|
1803041|
1803042|
1803043|
1803044|
1803045|
1803046|
1803047|
1803072|
1803073|
1803074|
1803075|
1803076|
1803077|
1803078|
1803079|
1803104|
1803105|
1803106|
1803107|
1803108|
1803109|
1803110|
1803111|
1803136|
1803137|
1803138|
1803139|
1803140|
1803141|
1803142|
1803143|
1803168|
1803169|
1803170|
1803171|
1803172|
1803173|
1803174|
1803175|
1803200|
1803201|
1803202|
1803203|
1803204|
1803205|
1803206|
1803207|
1803232|
1803233|
1803234|
1803235|
1803236|
1803237|
1803238|
1803239|
1803264|
1803265|
1803266|
1803267|
1803268|
1803269|
1803270|
1803271|
1803296|
1803297|
1803298|
1803299|
1803300|
1803301|
1803302|
1803303|
1803328|
1803329|
1803330|
1803331|
1803332|
1803333|
1803334|
1803335|
1803360|
1803361|
1803362|
1803363|
1803364|
1803365|
1803366|
1803367|
1803392|
1803393|
1803394|
1803395|
1803396|
1803397|
1803398|
1803399|
1803424|
1803425|
1803426|
1803427|
1803428|
1803429|
1803430|
1803431|
1803456|
1803457|
1803458|
1803459|
1803460|
1803461|
1803462|
1803463|
1803488|
1803489|
1803490|
1803491|
1803492|
1803493|
1803494|
1803495|
1803520|
1803521|
1803522|
1803523|
1803524|
1803525|
1803526|
1803527|
1803552|
1803553|
1803554|
1803555|
1803556|
1803557|
1803558|
1803559|
1803584|
1803585|
1803586|
1803587|
1803588|
1803589|
1803590|
1803591|
1803616|
1803617|
1803618|
1803619|
1803620|
1803621|
1803622|
1803623|
1803648|
1803649|
1803650|
1803651|
1803652|
1803653|
1803654|
1803655|
1803680|
1803681|
1803682|
1803683|
1803684|
1803685|
1803686|
1803687|
1803712|
1803713|
1803714|
1803715|
1803716|
1803717|
1803718|
1803719|
1803744|
1803745|
1803746|
1803747|
1803748|
1803749|
1803750|
1803751|
1803776|
1803777|
1803778|
1803779|
1803780|
1803781|
1803782|
1803783|
1803808|
1803809|
1803810|
1803811|
1803812|
1803813|
1803814|
1803815|
1803840|
1803841|
1803842|
1803843|
1803844|
1803845|
1803846|
1803847|
1803872|
1803873|
1803874|
1803875|
1803876|
1803877|
1803878|
1803879|
1803904|
1803905|
1803906|
1803907|
1803908|
1803909|
1803910|
1803911|
1803936|
1803937|
1803938|
1803939|
1803940|
1803941|
1803942|
1803943|
1803968|
1803969|
1803970|
1803971|
1803972|
1803973|
1803974|
1803975|
1804000|
1804001|
1804002|
1804003|
1804004|
1804005|
1804006|
1804007|
1804032|
1804033|
1804034|
1804035|
1804036|
1804037|
1804038|
1804039|
1804064|
1804065|
1804066|
1804067|
1804068|
1804069|
1804070|
1804071|
1804096|
1804097|
1804098|
1804099|
1804100|
1804101|
1804102|
1804103|
1804128|
1804129|
1804130|
1804131|
1804132|
1804133|
1804134|
1804135|
1804160|
1804161|
1804162|
1804163|
1804164|
1804165|
1804166|
1804167|
1804192|
1804193|
1804194|
1804195|
1804196|
1804197|
1804198|
1804199|
1804224|
1804225|
1804226|
1804227|
1804228|
1804229|
1804230|
1804231|
1804256|
1804257|
1804258|
1804259|
1804260|
1804261|
1804262|
1804263|
1804288|
1804289|
1804290|
1804291|
1804292|
1804293|
1804294|
1804295|
1804320|
1804321|
1804322|
1804323|
1804324|
1804325|
1804326|
1804327|
1804352|
1804353|
1804354|
1804355|
1804356|
1804357|
1804358|
1804359|
1804384|
1804385|
1804386|
1804387|
1804388|
1804389|
1804390|
1804391|
1804416|
1804417|
1804418|
1804419|
1804420|
1804421|
1804422|
1804423|
1804448|
1804449|
1804450|
1804451|
1804452|
1804453|
1804454|
1804455|
1804480|
1804481|
1804482|
1804483|
1804484|
1804485|
1804486|
1804487|
1804512|
1804513|
1804514|
1804515|
1804516|
1804517|
1804518|
1804519|
1804544|
1804545|
1804546|
1804547|
1804548|
1804549|
1804550|
1804551|
1804576|
1804577|
1804578|
1804579|
1804580|
1804581|
1804582|
1804583|
1804608|
1804609|
1804610|
1804611|
1804612|
1804613|
1804614|
1804615|
1804640|
1804641|
1804642|
1804643|
1804644|
1804645|
1804646|
1804647|
1804672|
1804673|
1804674|
1804675|
1804676|
1804677|
1804678|
1804679|
1804704|
1804705|
1804706|
1804707|
1804708|
1804709|
1804710|
1804711|
1804736|
1804737|
1804738|
1804739|
1804740|
1804741|
1804742|
1804743|
1804768|
1804769|
1804770|
1804771|
1804772|
1804773|
1804774|
1804775|
1804800|
1804801|
1804802|
1804803|
1804804|
1804805|
1804806|
1804807|
1804832|
1804833|
1804834|
1804835|
1804836|
1804837|
1804838|
1804839|
1804864|
1804865|
1804866|
1804867|
1804868|
1804869|
1804870|
1804871|
1804896|
1804897|
1804898|
1804899|
1804900|
1804901|
1804902|
1804903|
1804928|
1804929|
1804930|
1804931|
1804932|
1804933|
1804934|
1804935|
1804960|
1804961|
1804962|
1804963|
1804964|
1804965|
1804966|
1804967|
1804992|
1804993|
1804994|
1804995|
1804996|
1804997|
1804998|
1804999|
1805024|
1805025|
1805026|
1805027|
1805028|
1805029|
1805030|
1805031|
1805056|
1805057|
1805058|
1805059|
1805060|
1805061|
1805062|
1805063|
1805088|
1805089|
1805090|
1805091|
1805092|
1805093|
1805094|
1805095|
1805120|
1805121|
1805122|
1805123|
1805124|
1805125|
1805126|
1805127|
1805152|
1805153|
1805154|
1805155|
1805156|
1805157|
1805158|
1805159|
1805184|
1805185|
1805186|
1805187|
1805188|
1805189|
1805190|
1805191|
1805216|
1805217|
1805218|
1805219|
1805220|
1805221|
1805222|
1805223|
1805248|
1805249|
1805250|
1805251|
1805252|
1805253|
1805254|
1805255|
1805280|
1805281|
1805282|
1805283|
1805284|
1805285|
1805286|
1805287|
1805312|
1805313|
1805314|
1805315|
1805316|
1805317|
1805318|
1805319|
1805344|
1805345|
1805346|
1805347|
1805348|
1805349|
1805350|
1805351|
1805376|
1805377|
1805378|
1805379|
1805380|
1805381|
1805382|
1805383|
1805408|
1805409|
1805410|
1805411|
1805412|
1805413|
1805414|
1805415|
1805440|
1805441|
1805442|
1805443|
1805444|
1805445|
1805446|
1805447|
1805472|
1805473|
1805474|
1805475|
1805476|
1805477|
1805478|
1805479|
1805504|
1805505|
1805506|
1805507|
1805508|
1805509|
1805510|
1805511|
1805536|
1805537|
1805538|
1805539|
1805540|
1805541|
1805542|
1805543|
1805568|
1805569|
1805570|
1805571|
1805572|
1805573|
1805574|
1805575|
1805600|
1805601|
1805602|
1805603|
1805604|
1805605|
1805606|
1805607|
1805632|
1805633|
1805634|
1805635|
1805636|
1805637|
1805638|
1805639|
1805664|
1805665|
1805666|
1805667|
1805668|
1805669|
1805670|
1805671|
1805696|
1805697|
1805698|
1805699|
1805700|
1805701|
1805702|
1805703|
1805728|
1805729|
1805730|
1805731|
1805732|
1805733|
1805734|
1805735|
1805760|
1805761|
1805762|
1805763|
1805764|
1805765|
1805766|
1805767|
1805792|
1805793|
1805794|
1805795|
1805796|
1805797|
1805798|
1805799|
1805824|
1805825|
1805826|
1805827|
1805828|
1805829|
1805830|
1805831|
1805856|
1805857|
1805858|
1805859|
1805860|
1805861|
1805862|
1805863|
1805888|
1805889|
1805890|
1805891|
1805892|
1805893|
1805894|
1805895|
1805920|
1805921|
1805922|
1805923|
1805924|
1805925|
1805926|
1805927|
1805952|
1805953|
1805954|
1805955|
1805956|
1805957|
1805958|
1805959|
1805984|
1805985|
1805986|
1805987|
1805988|
