1404001|
1404002|
1404003|
1404004|
1404005|
1404006|
1404007|
1404032|
1404033|
1404034|
1404035|
1404036|
1404037|
1404038|
1404039|
1404064|
1404065|
1404066|
1404067|
1404068|
1404069|
1404070|
1404071|
1404096|
1404097|
1404098|
1404099|
1404100|
1404101|
1404102|
1404103|
1404128|
1404129|
1404130|
1404131|
1404132|
1404133|
1404134|
1404135|
1404160|
1404161|
1404162|
1404163|
1404164|
1404165|
1404166|
1404167|
1404192|
1404193|
1404194|
1404195|
1404196|
1404197|
1404198|
1404199|
1404224|
1404225|
1404226|
1404227|
1404228|
1404229|
1404230|
1404231|
1404256|
1404257|
1404258|
1404259|
1404260|
1404261|
1404262|
1404263|
1404288|
1404289|
1404290|
1404291|
1404292|
1404293|
1404294|
1404295|
1404320|
1404321|
1404322|
1404323|
1404324|
1404325|
1404326|
1404327|
1404352|
1404353|
1404354|
1404355|
1404356|
1404357|
1404358|
1404359|
1404384|
1404385|
1404386|
1404387|
1404388|
1404389|
1404390|
1404391|
1404416|
1404417|
1404418|
1404419|
1404420|
1404421|
1404422|
1404423|
1404448|
1404449|
1404450|
1404451|
1404452|
1404453|
1404454|
1404455|
1404480|
1404481|
1404482|
1404483|
1404484|
1404485|
1404486|
1404487|
1404512|
1404513|
1404514|
1404515|
1404516|
1404517|
1404518|
1404519|
1404544|
1404545|
1404546|
1404547|
1404548|
1404549|
1404550|
1404551|
1404576|
1404577|
1404578|
1404579|
1404580|
1404581|
1404582|
1404583|
1404608|
1404609|
1404610|
1404611|
1404612|
1404613|
1404614|
1404615|
1404640|
1404641|
1404642|
1404643|
1404644|
1404645|
1404646|
1404647|
1404672|
1404673|
1404674|
1404675|
1404676|
1404677|
1404678|
1404679|
1404704|
1404705|
1404706|
1404707|
1404708|
1404709|
1404710|
1404711|
1404736|
1404737|
1404738|
1404739|
1404740|
1404741|
1404742|
1404743|
1404768|
1404769|
1404770|
1404771|
1404772|
1404773|
1404774|
1404775|
1404800|
1404801|
1404802|
1404803|
1404804|
1404805|
1404806|
1404807|
1404832|
1404833|
1404834|
1404835|
1404836|
1404837|
1404838|
1404839|
1404864|
1404865|
1404866|
1404867|
1404868|
1404869|
1404870|
1404871|
1404896|
1404897|
1404898|
1404899|
1404900|
1404901|
1404902|
1404903|
1404928|
1404929|
1404930|
1404931|
1404932|
1404933|
1404934|
1404935|
1404960|
1404961|
1404962|
1404963|
1404964|
1404965|
1404966|
1404967|
1404992|
1404993|
1404994|
1404995|
1404996|
1404997|
1404998|
1404999|
1405024|
1405025|
1405026|
1405027|
1405028|
1405029|
1405030|
1405031|
1405056|
1405057|
1405058|
1405059|
1405060|
1405061|
1405062|
1405063|
1405088|
1405089|
1405090|
1405091|
1405092|
1405093|
1405094|
1405095|
1405120|
1405121|
1405122|
1405123|
1405124|
1405125|
1405126|
1405127|
1405152|
1405153|
1405154|
1405155|
1405156|
1405157|
1405158|
1405159|
1405184|
1405185|
1405186|
1405187|
1405188|
1405189|
1405190|
1405191|
1405216|
1405217|
1405218|
1405219|
1405220|
1405221|
1405222|
1405223|
1405248|
1405249|
1405250|
1405251|
1405252|
1405253|
1405254|
1405255|
1405280|
1405281|
1405282|
1405283|
1405284|
1405285|
1405286|
1405287|
1405312|
1405313|
1405314|
1405315|
1405316|
1405317|
1405318|
1405319|
1405344|
1405345|
1405346|
1405347|
1405348|
1405349|
1405350|
1405351|
1405376|
1405377|
1405378|
1405379|
1405380|
1405381|
1405382|
1405383|
1405408|
1405409|
1405410|
1405411|
1405412|
1405413|
1405414|
1405415|
1405440|
1405441|
1405442|
1405443|
1405444|
1405445|
1405446|
1405447|
1405472|
1405473|
1405474|
1405475|
1405476|
1405477|
1405478|
1405479|
1405504|
1405505|
1405506|
1405507|
1405508|
1405509|
1405510|
1405511|
1405536|
1405537|
1405538|
1405539|
1405540|
1405541|
1405542|
1405543|
1405568|
1405569|
1405570|
1405571|
1405572|
1405573|
1405574|
1405575|
1405600|
1405601|
1405602|
1405603|
1405604|
1405605|
1405606|
1405607|
1405632|
1405633|
1405634|
1405635|
1405636|
1405637|
1405638|
1405639|
1405664|
1405665|
1405666|
1405667|
1405668|
1405669|
1405670|
1405671|
1405696|
1405697|
1405698|
1405699|
1405700|
1405701|
1405702|
1405703|
1405728|
1405729|
1405730|
1405731|
1405732|
1405733|
1405734|
1405735|
1405760|
1405761|
1405762|
1405763|
1405764|
1405765|
1405766|
1405767|
1405792|
1405793|
1405794|
1405795|
1405796|
1405797|
1405798|
1405799|
1405824|
1405825|
1405826|
1405827|
1405828|
1405829|
1405830|
1405831|
1405856|
1405857|
1405858|
1405859|
1405860|
1405861|
1405862|
1405863|
1405888|
1405889|
1405890|
1405891|
1405892|
1405893|
1405894|
1405895|
1405920|
1405921|
1405922|
1405923|
1405924|
1405925|
1405926|
1405927|
1405952|
1405953|
1405954|
1405955|
1405956|
1405957|
1405958|
1405959|
1405984|
1405985|
1405986|
1405987|
1405988|
1405989|
1405990|
1405991|
1406016|
1406017|
1406018|
1406019|
1406020|
1406021|
1406022|
1406023|
1406048|
1406049|
1406050|
1406051|
1406052|
1406053|
1406054|
1406055|
1406080|
1406081|
1406082|
1406083|
1406084|
1406085|
1406086|
1406087|
1406112|
1406113|
1406114|
1406115|
1406116|
1406117|
1406118|
1406119|
1406144|
1406145|
1406146|
1406147|
1406148|
1406149|
1406150|
1406151|
1406176|
1406177|
1406178|
1406179|
1406180|
1406181|
1406182|
1406183|
1406208|
1406209|
1406210|
1406211|
1406212|
1406213|
1406214|
1406215|
1406240|
1406241|
1406242|
1406243|
1406244|
1406245|
1406246|
1406247|
1406272|
1406273|
1406274|
1406275|
1406276|
1406277|
1406278|
1406279|
1406304|
1406305|
1406306|
1406307|
1406308|
1406309|
1406310|
1406311|
1406336|
1406337|
1406338|
1406339|
1406340|
1406341|
1406342|
1406343|
1406368|
1406369|
1406370|
1406371|
1406372|
1406373|
1406374|
1406375|
1406400|
1406401|
1406402|
1406403|
1406404|
1406405|
1406406|
1406407|
1406432|
1406433|
1406434|
1406435|
1406436|
1406437|
1406438|
1406439|
1406464|
1406465|
1406466|
1406467|
1406468|
1406469|
1406470|
1406471|
1406496|
1406497|
1406498|
1406499|
1406500|
1406501|
1406502|
1406503|
1406528|
1406529|
1406530|
1406531|
1406532|
1406533|
1406534|
1406535|
1406560|
1406561|
1406562|
1406563|
1406564|
1406565|
1406566|
1406567|
1406592|
1406593|
1406594|
1406595|
1406596|
1406597|
1406598|
1406599|
1406624|
1406625|
1406626|
1406627|
1406628|
1406629|
1406630|
1406631|
1406656|
1406657|
1406658|
1406659|
1406660|
1406661|
1406662|
1406663|
1406688|
1406689|
1406690|
1406691|
1406692|
1406693|
1406694|
1406695|
1406720|
1406721|
1406722|
1406723|
1406724|
1406725|
1406726|
1406727|
1406752|
1406753|
1406754|
1406755|
1406756|
1406757|
1406758|
1406759|
1406784|
1406785|
1406786|
1406787|
1406788|
1406789|
1406790|
1406791|
1406816|
1406817|
1406818|
1406819|
1406820|
1406821|
1406822|
1406823|
1406848|
1406849|
1406850|
1406851|
1406852|
1406853|
1406854|
1406855|
1406880|
1406881|
1406882|
1406883|
1406884|
1406885|
1406886|
1406887|
1406912|
1406913|
1406914|
1406915|
1406916|
1406917|
1406918|
1406919|
1406944|
1406945|
1406946|
1406947|
1406948|
1406949|
1406950|
1406951|
1406976|
1406977|
1406978|
1406979|
1406980|
1406981|
1406982|
1406983|
1407008|
1407009|
1407010|
1407011|
1407012|
1407013|
1407014|
1407015|
1407040|
1407041|
1407042|
1407043|
1407044|
1407045|
1407046|
1407047|
1407072|
1407073|
1407074|
1407075|
1407076|
1407077|
1407078|
1407079|
1407104|
1407105|
1407106|
1407107|
1407108|
1407109|
1407110|
1407111|
1407136|
1407137|
1407138|
1407139|
1407140|
1407141|
1407142|
1407143|
1407168|
1407169|
1407170|
1407171|
1407172|
1407173|
1407174|
1407175|
1407200|
1407201|
1407202|
1407203|
1407204|
1407205|
1407206|
1407207|
1407232|
1407233|
1407234|
1407235|
1407236|
1407237|
1407238|
1407239|
1407264|
1407265|
1407266|
1407267|
1407268|
1407269|
1407270|
1407271|
1407296|
1407297|
1407298|
1407299|
1407300|
1407301|
1407302|
1407303|
1407328|
1407329|
1407330|
1407331|
1407332|
1407333|
1407334|
1407335|
1407360|
1407361|
1407362|
1407363|
1407364|
1407365|
1407366|
1407367|
1407392|
1407393|
1407394|
1407395|
1407396|
1407397|
1407398|
1407399|
1407424|
1407425|
1407426|
1407427|
1407428|
1407429|
1407430|
1407431|
1407456|
1407457|
1407458|
1407459|
1407460|
1407461|
1407462|
1407463|
1407488|
1407489|
1407490|
1407491|
1407492|
1407493|
1407494|
1407495|
1407520|
1407521|
1407522|
1407523|
1407524|
1407525|
1407526|
1407527|
1407552|
1407553|
1407554|
1407555|
1407556|
1407557|
1407558|
1407559|
1407584|
1407585|
1407586|
1407587|
1407588|
1407589|
1407590|
1407591|
1407616|
1407617|
1407618|
1407619|
1407620|
1407621|
1407622|
1407623|
1407648|
1407649|
1407650|
1407651|
1407652|
1407653|
1407654|
1407655|
1407680|
1407681|
1407682|
1407683|
1407684|
1407685|
1407686|
1407687|
1407712|
1407713|
1407714|
1407715|
1407716|
1407717|
1407718|
1407719|
1407744|
1407745|
1407746|
1407747|
1407748|
1407749|
1407750|
1407751|
1407776|
1407777|
1407778|
1407779|
1407780|
1407781|
1407782|
1407783|
1407808|
1407809|
1407810|
1407811|
1407812|
1407813|
1407814|
1407815|
1407840|
1407841|
1407842|
1407843|
1407844|
1407845|
1407846|
1407847|
1407872|
1407873|
1407874|
1407875|
1407876|
1407877|
1407878|
1407879|
1407904|
1407905|
1407906|
1407907|
1407908|
1407909|
1407910|
1407911|
1407936|
1407937|
1407938|
1407939|
1407940|
1407941|
1407942|
1407943|
1407968|
1407969|
1407970|
1407971|
1407972|
1407973|
1407974|
1407975|
1408000|
1408001|
1408002|
1408003|
1408004|
1408005|
1408006|
1408007|
1408032|
1408033|
1408034|
1408035|
1408036|
1408037|
1408038|
1408039|
1408064|
1408065|
1408066|
1408067|
1408068|
1408069|
1408070|
1408071|
1408096|
1408097|
1408098|
1408099|
1408100|
1408101|
1408102|
1408103|
1408128|
1408129|
1408130|
1408131|
1408132|
1408133|
1408134|
1408135|
1408160|
1408161|
1408162|
1408163|
1408164|
1408165|
1408166|
1408167|
1408192|
1408193|
1408194|
1408195|
1408196|
1408197|
1408198|
1408199|
1408224|
1408225|
1408226|
1408227|
1408228|
1408229|
1408230|
1408231|
1408256|
1408257|
1408258|
1408259|
1408260|
1408261|
1408262|
1408263|
1408288|
1408289|
1408290|
1408291|
1408292|
1408293|
1408294|
1408295|
1408320|
1408321|
1408322|
1408323|
1408324|
1408325|
1408326|
1408327|
1408352|
1408353|
1408354|
1408355|
1408356|
1408357|
1408358|
1408359|
1408384|
1408385|
1408386|
1408387|
1408388|
1408389|
1408390|
1408391|
1408416|
1408417|
1408418|
1408419|
1408420|
1408421|
1408422|
1408423|
1408448|
1408449|
1408450|
1408451|
1408452|
1408453|
1408454|
1408455|
1408480|
1408481|
1408482|
1408483|
1408484|
1408485|
1408486|
1408487|
1408512|
1408513|
1408514|
1408515|
1408516|
1408517|
1408518|
1408519|
1408544|
1408545|
1408546|
1408547|
1408548|
1408549|
1408550|
1408551|
1408576|
1408577|
1408578|
1408579|
1408580|
1408581|
1408582|
1408583|
1408608|
1408609|
1408610|
1408611|
1408612|
1408613|
1408614|
1408615|
1408640|
1408641|
1408642|
1408643|
1408644|
1408645|
1408646|
1408647|
1408672|
1408673|
1408674|
1408675|
1408676|
1408677|
1408678|
1408679|
1408704|
1408705|
1408706|
1408707|
1408708|
1408709|
1408710|
1408711|
1408736|
1408737|
1408738|
1408739|
1408740|
1408741|
1408742|
1408743|
1408768|
1408769|
1408770|
1408771|
1408772|
1408773|
1408774|
1408775|
1408800|
1408801|
1408802|
1408803|
1408804|
1408805|
1408806|
1408807|
1408832|
1408833|
1408834|
1408835|
1408836|
1408837|
1408838|
1408839|
1408864|
1408865|
1408866|
1408867|
1408868|
1408869|
1408870|
1408871|
1408896|
1408897|
1408898|
1408899|
1408900|
1408901|
1408902|
1408903|
1408928|
1408929|
1408930|
1408931|
1408932|
1408933|
1408934|
1408935|
1408960|
1408961|
1408962|
1408963|
1408964|
1408965|
1408966|
1408967|
1408992|
1408993|
1408994|
1408995|
1408996|
1408997|
1408998|
1408999|
1409024|
1409025|
1409026|
1409027|
1409028|
1409029|
1409030|
1409031|
1409056|
1409057|
1409058|
1409059|
1409060|
1409061|
1409062|
1409063|
1409088|
1409089|
1409090|
1409091|
1409092|
1409093|
1409094|
1409095|
1409120|
1409121|
1409122|
1409123|
1409124|
1409125|
1409126|
1409127|
1409152|
1409153|
1409154|
1409155|
1409156|
1409157|
1409158|
1409159|
1409184|
1409185|
1409186|
1409187|
1409188|
1409189|
1409190|
1409191|
1409216|
1409217|
1409218|
1409219|
1409220|
1409221|
1409222|
1409223|
1409248|
1409249|
1409250|
1409251|
1409252|
1409253|
1409254|
1409255|
1409280|
1409281|
1409282|
1409283|
1409284|
1409285|
1409286|
1409287|
1409312|
1409313|
1409314|
1409315|
1409316|
1409317|
1409318|
1409319|
1409344|
1409345|
1409346|
1409347|
1409348|
1409349|
1409350|
1409351|
1409376|
1409377|
1409378|
1409379|
1409380|
1409381|
1409382|
1409383|
1409408|
1409409|
1409410|
1409411|
1409412|
1409413|
1409414|
1409415|
1409440|
1409441|
1409442|
1409443|
1409444|
1409445|
1409446|
1409447|
1409472|
1409473|
1409474|
1409475|
1409476|
1409477|
1409478|
1409479|
1409504|
1409505|
1409506|
1409507|
1409508|
1409509|
1409510|
1409511|
1409536|
1409537|
1409538|
1409539|
1409540|
1409541|
1409542|
1409543|
1409568|
1409569|
1409570|
1409571|
1409572|
1409573|
1409574|
1409575|
1409600|
1409601|
1409602|
1409603|
1409604|
1409605|
1409606|
1409607|
1409632|
1409633|
1409634|
1409635|
1409636|
1409637|
1409638|
1409639|
1409664|
1409665|
1409666|
1409667|
1409668|
1409669|
1409670|
1409671|
1409696|
1409697|
1409698|
1409699|
1409700|
1409701|
1409702|
1409703|
1409728|
1409729|
1409730|
1409731|
1409732|
1409733|
1409734|
1409735|
1409760|
1409761|
1409762|
1409763|
1409764|
1409765|
1409766|
1409767|
1409792|
1409793|
1409794|
1409795|
1409796|
1409797|
1409798|
1409799|
1409824|
1409825|
1409826|
1409827|
1409828|
1409829|
1409830|
1409831|
1409856|
1409857|
1409858|
1409859|
1409860|
1409861|
1409862|
1409863|
1409888|
1409889|
1409890|
1409891|
1409892|
1409893|
1409894|
1409895|
1409920|
1409921|
1409922|
1409923|
1409924|
1409925|
1409926|
1409927|
1409952|
1409953|
1409954|
1409955|
1409956|
1409957|
1409958|
1409959|
1409984|
1409985|
1409986|
1409987|
1409988|
