2004001|
2004002|
2004003|
2004004|
2004005|
2004006|
2004007|
2004032|
2004033|
2004034|
2004035|
2004036|
2004037|
2004038|
2004039|
2004064|
2004065|
2004066|
2004067|
2004068|
2004069|
2004070|
2004071|
2004096|
2004097|
2004098|
2004099|
2004100|
2004101|
2004102|
2004103|
2004128|
2004129|
2004130|
2004131|
2004132|
2004133|
2004134|
2004135|
2004160|
2004161|
2004162|
2004163|
2004164|
2004165|
2004166|
2004167|
2004192|
2004193|
2004194|
2004195|
2004196|
2004197|
2004198|
2004199|
2004224|
2004225|
2004226|
2004227|
2004228|
2004229|
2004230|
2004231|
2004256|
2004257|
2004258|
2004259|
2004260|
2004261|
2004262|
2004263|
2004288|
2004289|
2004290|
2004291|
2004292|
2004293|
2004294|
2004295|
2004320|
2004321|
2004322|
2004323|
2004324|
2004325|
2004326|
2004327|
2004352|
2004353|
2004354|
2004355|
2004356|
2004357|
2004358|
2004359|
2004384|
2004385|
2004386|
2004387|
2004388|
2004389|
2004390|
2004391|
2004416|
2004417|
2004418|
2004419|
2004420|
2004421|
2004422|
2004423|
2004448|
2004449|
2004450|
2004451|
2004452|
2004453|
2004454|
2004455|
2004480|
2004481|
2004482|
2004483|
2004484|
2004485|
2004486|
2004487|
2004512|
2004513|
2004514|
2004515|
2004516|
2004517|
2004518|
2004519|
2004544|
2004545|
2004546|
2004547|
2004548|
2004549|
2004550|
2004551|
2004576|
2004577|
2004578|
2004579|
2004580|
2004581|
2004582|
2004583|
2004608|
2004609|
2004610|
2004611|
2004612|
2004613|
2004614|
2004615|
2004640|
2004641|
2004642|
2004643|
2004644|
2004645|
2004646|
2004647|
2004672|
2004673|
2004674|
2004675|
2004676|
2004677|
2004678|
2004679|
2004704|
2004705|
2004706|
2004707|
2004708|
2004709|
2004710|
2004711|
2004736|
2004737|
2004738|
2004739|
2004740|
2004741|
2004742|
2004743|
2004768|
2004769|
2004770|
2004771|
2004772|
2004773|
2004774|
2004775|
2004800|
2004801|
2004802|
2004803|
2004804|
2004805|
2004806|
2004807|
2004832|
2004833|
2004834|
2004835|
2004836|
2004837|
2004838|
2004839|
2004864|
2004865|
2004866|
2004867|
2004868|
2004869|
2004870|
2004871|
2004896|
2004897|
2004898|
2004899|
2004900|
2004901|
2004902|
2004903|
2004928|
2004929|
2004930|
2004931|
2004932|
2004933|
2004934|
2004935|
2004960|
2004961|
2004962|
2004963|
2004964|
2004965|
2004966|
2004967|
2004992|
2004993|
2004994|
2004995|
2004996|
2004997|
2004998|
2004999|
2005024|
2005025|
2005026|
2005027|
2005028|
2005029|
2005030|
2005031|
2005056|
2005057|
2005058|
2005059|
2005060|
2005061|
2005062|
2005063|
2005088|
2005089|
2005090|
2005091|
2005092|
2005093|
2005094|
2005095|
2005120|
2005121|
2005122|
2005123|
2005124|
2005125|
2005126|
2005127|
2005152|
2005153|
2005154|
2005155|
2005156|
2005157|
2005158|
2005159|
2005184|
2005185|
2005186|
2005187|
2005188|
2005189|
2005190|
2005191|
2005216|
2005217|
2005218|
2005219|
2005220|
2005221|
2005222|
2005223|
2005248|
2005249|
2005250|
2005251|
2005252|
2005253|
2005254|
2005255|
2005280|
2005281|
2005282|
2005283|
2005284|
2005285|
2005286|
2005287|
2005312|
2005313|
2005314|
2005315|
2005316|
2005317|
2005318|
2005319|
2005344|
2005345|
2005346|
2005347|
2005348|
2005349|
2005350|
2005351|
2005376|
2005377|
2005378|
2005379|
2005380|
2005381|
2005382|
2005383|
2005408|
2005409|
2005410|
2005411|
2005412|
2005413|
2005414|
2005415|
2005440|
2005441|
2005442|
2005443|
2005444|
2005445|
2005446|
2005447|
2005472|
2005473|
2005474|
2005475|
2005476|
2005477|
2005478|
2005479|
2005504|
2005505|
2005506|
2005507|
2005508|
2005509|
2005510|
2005511|
2005536|
2005537|
2005538|
2005539|
2005540|
2005541|
2005542|
2005543|
2005568|
2005569|
2005570|
2005571|
2005572|
2005573|
2005574|
2005575|
2005600|
2005601|
2005602|
2005603|
2005604|
2005605|
2005606|
2005607|
2005632|
2005633|
2005634|
2005635|
2005636|
2005637|
2005638|
2005639|
2005664|
2005665|
2005666|
2005667|
2005668|
2005669|
2005670|
2005671|
2005696|
2005697|
2005698|
2005699|
2005700|
2005701|
2005702|
2005703|
2005728|
2005729|
2005730|
2005731|
2005732|
2005733|
2005734|
2005735|
2005760|
2005761|
2005762|
2005763|
2005764|
2005765|
2005766|
2005767|
2005792|
2005793|
2005794|
2005795|
2005796|
2005797|
2005798|
2005799|
2005824|
2005825|
2005826|
2005827|
2005828|
2005829|
2005830|
2005831|
2005856|
2005857|
2005858|
2005859|
2005860|
2005861|
2005862|
2005863|
2005888|
2005889|
2005890|
2005891|
2005892|
2005893|
2005894|
2005895|
2005920|
2005921|
2005922|
2005923|
2005924|
2005925|
2005926|
2005927|
2005952|
2005953|
2005954|
2005955|
2005956|
2005957|
2005958|
2005959|
2005984|
2005985|
2005986|
2005987|
2005988|
2005989|
2005990|
2005991|
2006016|
2006017|
2006018|
2006019|
2006020|
2006021|
2006022|
2006023|
2006048|
2006049|
2006050|
2006051|
2006052|
2006053|
2006054|
2006055|
2006080|
2006081|
2006082|
2006083|
2006084|
2006085|
2006086|
2006087|
2006112|
2006113|
2006114|
2006115|
2006116|
2006117|
2006118|
2006119|
2006144|
2006145|
2006146|
2006147|
2006148|
2006149|
2006150|
2006151|
2006176|
2006177|
2006178|
2006179|
2006180|
2006181|
2006182|
2006183|
2006208|
2006209|
2006210|
2006211|
2006212|
2006213|
2006214|
2006215|
2006240|
2006241|
2006242|
2006243|
2006244|
2006245|
2006246|
2006247|
2006272|
2006273|
2006274|
2006275|
2006276|
2006277|
2006278|
2006279|
2006304|
2006305|
2006306|
2006307|
2006308|
2006309|
2006310|
2006311|
2006336|
2006337|
2006338|
2006339|
2006340|
2006341|
2006342|
2006343|
2006368|
2006369|
2006370|
2006371|
2006372|
2006373|
2006374|
2006375|
2006400|
2006401|
2006402|
2006403|
2006404|
2006405|
2006406|
2006407|
2006432|
2006433|
2006434|
2006435|
2006436|
2006437|
2006438|
2006439|
2006464|
2006465|
2006466|
2006467|
2006468|
2006469|
2006470|
2006471|
2006496|
2006497|
2006498|
2006499|
2006500|
2006501|
2006502|
2006503|
2006528|
2006529|
2006530|
2006531|
2006532|
2006533|
2006534|
2006535|
2006560|
2006561|
2006562|
2006563|
2006564|
2006565|
2006566|
2006567|
2006592|
2006593|
2006594|
2006595|
2006596|
2006597|
2006598|
2006599|
2006624|
2006625|
2006626|
2006627|
2006628|
2006629|
2006630|
2006631|
2006656|
2006657|
2006658|
2006659|
2006660|
2006661|
2006662|
2006663|
2006688|
2006689|
2006690|
2006691|
2006692|
2006693|
2006694|
2006695|
2006720|
2006721|
2006722|
2006723|
2006724|
2006725|
2006726|
2006727|
2006752|
2006753|
2006754|
2006755|
2006756|
2006757|
2006758|
2006759|
2006784|
2006785|
2006786|
2006787|
2006788|
2006789|
2006790|
2006791|
2006816|
2006817|
2006818|
2006819|
2006820|
2006821|
2006822|
2006823|
2006848|
2006849|
2006850|
2006851|
2006852|
2006853|
2006854|
2006855|
2006880|
2006881|
2006882|
2006883|
2006884|
2006885|
2006886|
2006887|
2006912|
2006913|
2006914|
2006915|
2006916|
2006917|
2006918|
2006919|
2006944|
2006945|
2006946|
2006947|
2006948|
2006949|
2006950|
2006951|
2006976|
2006977|
2006978|
2006979|
2006980|
2006981|
2006982|
2006983|
2007008|
2007009|
2007010|
2007011|
2007012|
2007013|
2007014|
2007015|
2007040|
2007041|
2007042|
2007043|
2007044|
2007045|
2007046|
2007047|
2007072|
2007073|
2007074|
2007075|
2007076|
2007077|
2007078|
2007079|
2007104|
2007105|
2007106|
2007107|
2007108|
2007109|
2007110|
2007111|
2007136|
2007137|
2007138|
2007139|
2007140|
2007141|
2007142|
2007143|
2007168|
2007169|
2007170|
2007171|
2007172|
2007173|
2007174|
2007175|
2007200|
2007201|
2007202|
2007203|
2007204|
2007205|
2007206|
2007207|
2007232|
2007233|
2007234|
2007235|
2007236|
2007237|
2007238|
2007239|
2007264|
2007265|
2007266|
2007267|
2007268|
2007269|
2007270|
2007271|
2007296|
2007297|
2007298|
2007299|
2007300|
2007301|
2007302|
2007303|
2007328|
2007329|
2007330|
2007331|
2007332|
2007333|
2007334|
2007335|
2007360|
2007361|
2007362|
2007363|
2007364|
2007365|
2007366|
2007367|
2007392|
2007393|
2007394|
2007395|
2007396|
2007397|
2007398|
2007399|
2007424|
2007425|
2007426|
2007427|
2007428|
2007429|
2007430|
2007431|
2007456|
2007457|
2007458|
2007459|
2007460|
2007461|
2007462|
2007463|
2007488|
2007489|
2007490|
2007491|
2007492|
2007493|
2007494|
2007495|
2007520|
2007521|
2007522|
2007523|
2007524|
2007525|
2007526|
2007527|
2007552|
2007553|
2007554|
2007555|
2007556|
2007557|
2007558|
2007559|
2007584|
2007585|
2007586|
2007587|
2007588|
2007589|
2007590|
2007591|
2007616|
2007617|
2007618|
2007619|
2007620|
2007621|
2007622|
2007623|
2007648|
2007649|
2007650|
2007651|
2007652|
2007653|
2007654|
2007655|
2007680|
2007681|
2007682|
2007683|
2007684|
2007685|
2007686|
2007687|
2007712|
2007713|
2007714|
2007715|
2007716|
2007717|
2007718|
2007719|
2007744|
2007745|
2007746|
2007747|
2007748|
2007749|
2007750|
2007751|
2007776|
2007777|
2007778|
2007779|
2007780|
2007781|
2007782|
2007783|
2007808|
2007809|
2007810|
2007811|
2007812|
2007813|
2007814|
2007815|
2007840|
2007841|
2007842|
2007843|
2007844|
2007845|
2007846|
2007847|
2007872|
2007873|
2007874|
2007875|
2007876|
2007877|
2007878|
2007879|
2007904|
2007905|
2007906|
2007907|
2007908|
2007909|
2007910|
2007911|
2007936|
2007937|
2007938|
2007939|
2007940|
2007941|
2007942|
2007943|
2007968|
2007969|
2007970|
2007971|
2007972|
2007973|
2007974|
2007975|
2008000|
2008001|
2008002|
2008003|
2008004|
2008005|
2008006|
2008007|
2008032|
2008033|
2008034|
2008035|
2008036|
2008037|
2008038|
2008039|
2008064|
2008065|
2008066|
2008067|
2008068|
2008069|
2008070|
2008071|
2008096|
2008097|
2008098|
2008099|
2008100|
2008101|
2008102|
2008103|
2008128|
2008129|
2008130|
2008131|
2008132|
2008133|
2008134|
2008135|
2008160|
2008161|
2008162|
2008163|
2008164|
2008165|
2008166|
2008167|
2008192|
2008193|
2008194|
2008195|
2008196|
2008197|
2008198|
2008199|
2008224|
2008225|
2008226|
2008227|
2008228|
2008229|
2008230|
2008231|
2008256|
2008257|
2008258|
2008259|
2008260|
2008261|
2008262|
2008263|
2008288|
2008289|
2008290|
2008291|
2008292|
2008293|
2008294|
2008295|
2008320|
2008321|
2008322|
2008323|
2008324|
2008325|
2008326|
2008327|
2008352|
2008353|
2008354|
2008355|
2008356|
2008357|
2008358|
2008359|
2008384|
2008385|
2008386|
2008387|
2008388|
2008389|
2008390|
2008391|
2008416|
2008417|
2008418|
2008419|
2008420|
2008421|
2008422|
2008423|
2008448|
2008449|
2008450|
2008451|
2008452|
2008453|
2008454|
2008455|
2008480|
2008481|
2008482|
2008483|
2008484|
2008485|
2008486|
2008487|
2008512|
2008513|
2008514|
2008515|
2008516|
2008517|
2008518|
2008519|
2008544|
2008545|
2008546|
2008547|
2008548|
2008549|
2008550|
2008551|
2008576|
2008577|
2008578|
2008579|
2008580|
2008581|
2008582|
2008583|
2008608|
2008609|
2008610|
2008611|
2008612|
2008613|
2008614|
2008615|
2008640|
2008641|
2008642|
2008643|
2008644|
2008645|
2008646|
2008647|
2008672|
2008673|
2008674|
2008675|
2008676|
2008677|
2008678|
2008679|
2008704|
2008705|
2008706|
2008707|
2008708|
2008709|
2008710|
2008711|
2008736|
2008737|
2008738|
2008739|
2008740|
2008741|
2008742|
2008743|
2008768|
2008769|
2008770|
2008771|
2008772|
2008773|
2008774|
2008775|
2008800|
2008801|
2008802|
2008803|
2008804|
2008805|
2008806|
2008807|
2008832|
2008833|
2008834|
2008835|
2008836|
2008837|
2008838|
2008839|
2008864|
2008865|
2008866|
2008867|
2008868|
2008869|
2008870|
2008871|
2008896|
2008897|
2008898|
2008899|
2008900|
2008901|
2008902|
2008903|
2008928|
2008929|
2008930|
2008931|
2008932|
2008933|
2008934|
2008935|
2008960|
2008961|
2008962|
2008963|
2008964|
2008965|
2008966|
2008967|
2008992|
2008993|
2008994|
2008995|
2008996|
2008997|
2008998|
2008999|
2009024|
2009025|
2009026|
2009027|
2009028|
2009029|
2009030|
2009031|
2009056|
2009057|
2009058|
2009059|
2009060|
2009061|
2009062|
2009063|
2009088|
2009089|
2009090|
2009091|
2009092|
2009093|
2009094|
2009095|
2009120|
2009121|
2009122|
2009123|
2009124|
2009125|
2009126|
2009127|
2009152|
2009153|
2009154|
2009155|
2009156|
2009157|
2009158|
2009159|
2009184|
2009185|
2009186|
2009187|
2009188|
2009189|
2009190|
2009191|
2009216|
2009217|
2009218|
2009219|
2009220|
2009221|
2009222|
2009223|
2009248|
2009249|
2009250|
2009251|
2009252|
2009253|
2009254|
2009255|
2009280|
2009281|
2009282|
2009283|
2009284|
2009285|
2009286|
2009287|
2009312|
2009313|
2009314|
2009315|
2009316|
2009317|
2009318|
2009319|
2009344|
2009345|
2009346|
2009347|
2009348|
2009349|
2009350|
2009351|
2009376|
2009377|
2009378|
2009379|
2009380|
2009381|
2009382|
2009383|
2009408|
2009409|
2009410|
2009411|
2009412|
2009413|
2009414|
2009415|
2009440|
2009441|
2009442|
2009443|
2009444|
2009445|
2009446|
2009447|
2009472|
2009473|
2009474|
2009475|
2009476|
2009477|
2009478|
2009479|
2009504|
2009505|
2009506|
2009507|
2009508|
2009509|
2009510|
2009511|
2009536|
2009537|
2009538|
2009539|
2009540|
2009541|
2009542|
2009543|
2009568|
2009569|
2009570|
2009571|
2009572|
2009573|
2009574|
2009575|
2009600|
2009601|
2009602|
2009603|
2009604|
2009605|
2009606|
2009607|
2009632|
2009633|
2009634|
2009635|
2009636|
2009637|
2009638|
2009639|
2009664|
2009665|
2009666|
2009667|
2009668|
2009669|
2009670|
2009671|
2009696|
2009697|
2009698|
2009699|
2009700|
2009701|
2009702|
2009703|
2009728|
2009729|
2009730|
2009731|
2009732|
2009733|
2009734|
2009735|
2009760|
2009761|
2009762|
2009763|
2009764|
2009765|
2009766|
2009767|
2009792|
2009793|
2009794|
2009795|
2009796|
2009797|
2009798|
2009799|
2009824|
2009825|
2009826|
2009827|
2009828|
2009829|
2009830|
2009831|
2009856|
2009857|
2009858|
2009859|
2009860|
2009861|
2009862|
2009863|
2009888|
2009889|
2009890|
2009891|
2009892|
2009893|
2009894|
2009895|
2009920|
2009921|
2009922|
2009923|
2009924|
2009925|
2009926|
2009927|
2009952|
2009953|
2009954|
2009955|
2009956|
2009957|
2009958|
2009959|
2009984|
2009985|
2009986|
2009987|
2009988|
