449989|
449990|
449991|
450016|
450017|
450018|
450019|
450020|
450021|
450022|
450023|
450048|
450049|
450050|
450051|
450052|
450053|
450054|
450055|
450080|
450081|
450082|
450083|
450084|
450085|
450086|
450087|
450112|
450113|
450114|
450115|
450116|
450117|
450118|
450119|
450144|
450145|
450146|
450147|
450148|
450149|
450150|
450151|
450176|
450177|
450178|
450179|
450180|
450181|
450182|
450183|
450208|
450209|
450210|
450211|
450212|
450213|
450214|
450215|
450240|
450241|
450242|
450243|
450244|
450245|
450246|
450247|
450272|
450273|
450274|
450275|
450276|
450277|
450278|
450279|
450304|
450305|
450306|
450307|
450308|
450309|
450310|
450311|
450336|
450337|
450338|
450339|
450340|
450341|
450342|
450343|
450368|
450369|
450370|
450371|
450372|
450373|
450374|
450375|
450400|
450401|
450402|
450403|
450404|
450405|
450406|
450407|
450432|
450433|
450434|
450435|
450436|
450437|
450438|
450439|
450464|
450465|
450466|
450467|
450468|
450469|
450470|
450471|
450496|
450497|
450498|
450499|
450500|
450501|
450502|
450503|
450528|
450529|
450530|
450531|
450532|
450533|
450534|
450535|
450560|
450561|
450562|
450563|
450564|
450565|
450566|
450567|
450592|
450593|
450594|
450595|
450596|
450597|
450598|
450599|
450624|
450625|
450626|
450627|
450628|
450629|
450630|
450631|
450656|
450657|
450658|
450659|
450660|
450661|
450662|
450663|
450688|
450689|
450690|
450691|
450692|
450693|
450694|
450695|
450720|
450721|
450722|
450723|
450724|
450725|
450726|
450727|
450752|
450753|
450754|
450755|
450756|
450757|
450758|
450759|
450784|
450785|
450786|
450787|
450788|
450789|
450790|
450791|
450816|
450817|
450818|
450819|
450820|
450821|
450822|
450823|
450848|
450849|
450850|
450851|
450852|
450853|
450854|
450855|
450880|
450881|
450882|
450883|
450884|
450885|
450886|
450887|
450912|
450913|
450914|
450915|
450916|
450917|
450918|
450919|
450944|
450945|
450946|
450947|
450948|
450949|
450950|
450951|
450976|
450977|
450978|
450979|
450980|
450981|
450982|
450983|
451008|
451009|
451010|
451011|
451012|
451013|
451014|
451015|
451040|
451041|
451042|
451043|
451044|
451045|
451046|
451047|
451072|
451073|
451074|
451075|
451076|
451077|
451078|
451079|
451104|
451105|
451106|
451107|
451108|
451109|
451110|
451111|
451136|
451137|
451138|
451139|
451140|
451141|
451142|
451143|
451168|
451169|
451170|
451171|
451172|
451173|
451174|
451175|
451200|
451201|
451202|
451203|
451204|
451205|
451206|
451207|
451232|
451233|
451234|
451235|
451236|
451237|
451238|
451239|
451264|
451265|
451266|
451267|
451268|
451269|
451270|
451271|
451296|
451297|
451298|
451299|
451300|
451301|
451302|
451303|
451328|
451329|
451330|
451331|
451332|
451333|
451334|
451335|
451360|
451361|
451362|
451363|
451364|
451365|
451366|
451367|
451392|
451393|
451394|
451395|
451396|
451397|
451398|
451399|
451424|
451425|
451426|
451427|
451428|
451429|
451430|
451431|
451456|
451457|
451458|
451459|
451460|
451461|
451462|
451463|
451488|
451489|
451490|
451491|
451492|
451493|
451494|
451495|
451520|
451521|
451522|
451523|
451524|
451525|
451526|
451527|
451552|
451553|
451554|
451555|
451556|
451557|
451558|
451559|
451584|
451585|
451586|
451587|
451588|
451589|
451590|
451591|
451616|
451617|
451618|
451619|
451620|
451621|
451622|
451623|
451648|
451649|
451650|
451651|
451652|
451653|
451654|
451655|
451680|
451681|
451682|
451683|
451684|
451685|
451686|
451687|
451712|
451713|
451714|
451715|
451716|
451717|
451718|
451719|
451744|
451745|
451746|
451747|
451748|
451749|
451750|
451751|
451776|
451777|
451778|
451779|
451780|
451781|
451782|
451783|
451808|
451809|
451810|
451811|
451812|
451813|
451814|
451815|
451840|
451841|
451842|
451843|
451844|
451845|
451846|
451847|
451872|
451873|
451874|
451875|
451876|
451877|
451878|
451879|
451904|
451905|
451906|
451907|
451908|
451909|
451910|
451911|
451936|
451937|
451938|
451939|
451940|
451941|
451942|
451943|
451968|
451969|
451970|
451971|
451972|
451973|
451974|
451975|
452000|
452001|
452002|
452003|
452004|
452005|
452006|
452007|
452032|
452033|
452034|
452035|
452036|
452037|
452038|
452039|
452064|
452065|
452066|
452067|
452068|
452069|
452070|
452071|
452096|
452097|
452098|
452099|
452100|
452101|
452102|
452103|
452128|
452129|
452130|
452131|
452132|
452133|
452134|
452135|
452160|
452161|
452162|
452163|
452164|
452165|
452166|
452167|
452192|
452193|
452194|
452195|
452196|
452197|
452198|
452199|
452224|
452225|
452226|
452227|
452228|
452229|
452230|
452231|
452256|
452257|
452258|
452259|
452260|
452261|
452262|
452263|
452288|
452289|
452290|
452291|
452292|
452293|
452294|
452295|
452320|
452321|
452322|
452323|
452324|
452325|
452326|
452327|
452352|
452353|
452354|
452355|
452356|
452357|
452358|
452359|
452384|
452385|
452386|
452387|
452388|
452389|
452390|
452391|
452416|
452417|
452418|
452419|
452420|
452421|
452422|
452423|
452448|
452449|
452450|
452451|
452452|
452453|
452454|
452455|
452480|
452481|
452482|
452483|
452484|
452485|
452486|
452487|
452512|
452513|
452514|
452515|
452516|
452517|
452518|
452519|
452544|
452545|
452546|
452547|
452548|
452549|
452550|
452551|
452576|
452577|
452578|
452579|
452580|
452581|
452582|
452583|
452608|
452609|
452610|
452611|
452612|
452613|
452614|
452615|
452640|
452641|
452642|
452643|
452644|
452645|
452646|
452647|
452672|
452673|
452674|
452675|
452676|
452677|
452678|
452679|
452704|
452705|
452706|
452707|
452708|
452709|
452710|
452711|
452736|
452737|
452738|
452739|
452740|
452741|
452742|
452743|
452768|
452769|
452770|
452771|
452772|
452773|
452774|
452775|
452800|
452801|
452802|
452803|
452804|
452805|
452806|
452807|
452832|
452833|
452834|
452835|
452836|
452837|
452838|
452839|
452864|
452865|
452866|
452867|
452868|
452869|
452870|
452871|
452896|
452897|
452898|
452899|
452900|
452901|
452902|
452903|
452928|
452929|
452930|
452931|
452932|
452933|
452934|
452935|
452960|
452961|
452962|
452963|
452964|
452965|
452966|
452967|
452992|
452993|
452994|
452995|
452996|
452997|
452998|
452999|
453024|
453025|
453026|
453027|
453028|
453029|
453030|
453031|
453056|
453057|
453058|
453059|
453060|
453061|
453062|
453063|
453088|
453089|
453090|
453091|
453092|
453093|
453094|
453095|
453120|
453121|
453122|
453123|
453124|
453125|
453126|
453127|
453152|
453153|
453154|
453155|
453156|
453157|
453158|
453159|
453184|
453185|
453186|
453187|
453188|
453189|
453190|
453191|
453216|
453217|
453218|
453219|
453220|
453221|
453222|
453223|
453248|
453249|
453250|
453251|
453252|
453253|
453254|
453255|
453280|
453281|
453282|
453283|
453284|
453285|
453286|
453287|
453312|
453313|
453314|
453315|
453316|
453317|
453318|
453319|
453344|
453345|
453346|
453347|
453348|
453349|
453350|
453351|
453376|
453377|
453378|
453379|
453380|
453381|
453382|
453383|
453408|
453409|
453410|
453411|
453412|
453413|
453414|
453415|
453440|
453441|
453442|
453443|
453444|
453445|
453446|
453447|
453472|
453473|
453474|
453475|
453476|
453477|
453478|
453479|
453504|
453505|
453506|
453507|
453508|
453509|
453510|
453511|
453536|
453537|
453538|
453539|
453540|
453541|
453542|
453543|
453568|
453569|
453570|
453571|
453572|
453573|
453574|
453575|
453600|
453601|
453602|
453603|
453604|
453605|
453606|
453607|
453632|
453633|
453634|
453635|
453636|
453637|
453638|
453639|
453664|
453665|
453666|
453667|
453668|
453669|
453670|
453671|
453696|
453697|
453698|
453699|
453700|
453701|
453702|
453703|
453728|
453729|
453730|
453731|
453732|
453733|
453734|
453735|
453760|
453761|
453762|
453763|
453764|
453765|
453766|
453767|
453792|
453793|
453794|
453795|
453796|
453797|
453798|
453799|
453824|
453825|
453826|
453827|
453828|
453829|
453830|
453831|
453856|
453857|
453858|
453859|
453860|
453861|
453862|
453863|
453888|
453889|
453890|
453891|
453892|
453893|
453894|
453895|
453920|
453921|
453922|
453923|
453924|
453925|
453926|
453927|
453952|
453953|
453954|
453955|
453956|
453957|
453958|
453959|
453984|
453985|
453986|
453987|
453988|
453989|
453990|
453991|
454016|
454017|
454018|
454019|
454020|
454021|
454022|
454023|
454048|
454049|
454050|
454051|
454052|
454053|
454054|
454055|
454080|
454081|
454082|
454083|
454084|
454085|
454086|
454087|
454112|
454113|
454114|
454115|
454116|
454117|
454118|
454119|
454144|
454145|
454146|
454147|
454148|
454149|
454150|
454151|
454176|
454177|
454178|
454179|
454180|
454181|
454182|
454183|
454208|
454209|
454210|
454211|
454212|
454213|
454214|
454215|
454240|
454241|
454242|
454243|
454244|
454245|
454246|
454247|
454272|
454273|
454274|
454275|
454276|
454277|
454278|
454279|
454304|
454305|
454306|
454307|
454308|
454309|
454310|
454311|
454336|
454337|
454338|
454339|
454340|
454341|
454342|
454343|
454368|
454369|
454370|
454371|
454372|
454373|
454374|
454375|
454400|
454401|
454402|
454403|
454404|
454405|
454406|
454407|
454432|
454433|
454434|
454435|
454436|
454437|
454438|
454439|
454464|
454465|
454466|
454467|
454468|
454469|
454470|
454471|
454496|
454497|
454498|
454499|
454500|
454501|
454502|
454503|
454528|
454529|
454530|
454531|
454532|
454533|
454534|
454535|
454560|
454561|
454562|
454563|
454564|
454565|
454566|
454567|
454592|
454593|
454594|
454595|
454596|
454597|
454598|
454599|
454624|
454625|
454626|
454627|
454628|
454629|
454630|
454631|
454656|
454657|
454658|
454659|
454660|
454661|
454662|
454663|
454688|
454689|
454690|
454691|
454692|
454693|
454694|
454695|
454720|
454721|
454722|
454723|
454724|
454725|
454726|
454727|
454752|
454753|
454754|
454755|
454756|
454757|
454758|
454759|
454784|
454785|
454786|
454787|
454788|
454789|
454790|
454791|
454816|
454817|
454818|
454819|
454820|
454821|
454822|
454823|
454848|
454849|
454850|
454851|
454852|
454853|
454854|
454855|
454880|
454881|
454882|
454883|
454884|
454885|
454886|
454887|
454912|
454913|
454914|
454915|
454916|
454917|
454918|
454919|
454944|
454945|
454946|
454947|
454948|
454949|
454950|
454951|
454976|
454977|
454978|
454979|
454980|
454981|
454982|
454983|
455008|
455009|
455010|
455011|
455012|
455013|
455014|
455015|
455040|
455041|
455042|
455043|
455044|
455045|
455046|
455047|
455072|
455073|
455074|
455075|
455076|
455077|
455078|
455079|
455104|
455105|
455106|
455107|
455108|
455109|
455110|
455111|
455136|
455137|
455138|
455139|
455140|
455141|
455142|
455143|
455168|
455169|
455170|
455171|
455172|
455173|
455174|
455175|
455200|
455201|
455202|
455203|
455204|
455205|
455206|
455207|
455232|
455233|
455234|
455235|
455236|
455237|
455238|
455239|
455264|
455265|
455266|
455267|
455268|
455269|
455270|
455271|
455296|
455297|
455298|
455299|
455300|
455301|
455302|
455303|
455328|
455329|
455330|
455331|
455332|
455333|
455334|
455335|
455360|
455361|
455362|
455363|
455364|
455365|
455366|
455367|
455392|
455393|
455394|
455395|
455396|
455397|
455398|
455399|
455424|
455425|
455426|
455427|
455428|
455429|
455430|
455431|
455456|
455457|
455458|
455459|
455460|
455461|
455462|
455463|
455488|
455489|
455490|
455491|
455492|
455493|
455494|
455495|
455520|
455521|
455522|
455523|
455524|
455525|
455526|
455527|
455552|
455553|
455554|
455555|
455556|
455557|
455558|
455559|
455584|
455585|
455586|
455587|
455588|
455589|
455590|
455591|
455616|
455617|
455618|
455619|
455620|
455621|
455622|
455623|
455648|
455649|
455650|
455651|
455652|
455653|
455654|
455655|
455680|
455681|
455682|
455683|
455684|
455685|
455686|
455687|
455712|
455713|
455714|
455715|
455716|
455717|
455718|
455719|
455744|
455745|
455746|
455747|
455748|
455749|
455750|
455751|
455776|
455777|
455778|
455779|
455780|
455781|
455782|
455783|
455808|
455809|
455810|
455811|
455812|
455813|
455814|
455815|
455840|
455841|
455842|
455843|
455844|
455845|
455846|
455847|
455872|
455873|
455874|
455875|
455876|
455877|
455878|
455879|
455904|
455905|
455906|
455907|
455908|
455909|
455910|
455911|
455936|
455937|
455938|
455939|
455940|
455941|
455942|
455943|
455968|
455969|
455970|
455971|
455972|
455973|
455974|
455975|
456000|
