1589989|
1589990|
1589991|
1590016|
1590017|
1590018|
1590019|
1590020|
1590021|
1590022|
1590023|
1590048|
1590049|
1590050|
1590051|
1590052|
1590053|
1590054|
1590055|
1590080|
1590081|
1590082|
1590083|
1590084|
1590085|
1590086|
1590087|
1590112|
1590113|
1590114|
1590115|
1590116|
1590117|
1590118|
1590119|
1590144|
1590145|
1590146|
1590147|
1590148|
1590149|
1590150|
1590151|
1590176|
1590177|
1590178|
1590179|
1590180|
1590181|
1590182|
1590183|
1590208|
1590209|
1590210|
1590211|
1590212|
1590213|
1590214|
1590215|
1590240|
1590241|
1590242|
1590243|
1590244|
1590245|
1590246|
1590247|
1590272|
1590273|
1590274|
1590275|
1590276|
1590277|
1590278|
1590279|
1590304|
1590305|
1590306|
1590307|
1590308|
1590309|
1590310|
1590311|
1590336|
1590337|
1590338|
1590339|
1590340|
1590341|
1590342|
1590343|
1590368|
1590369|
1590370|
1590371|
1590372|
1590373|
1590374|
1590375|
1590400|
1590401|
1590402|
1590403|
1590404|
1590405|
1590406|
1590407|
1590432|
1590433|
1590434|
1590435|
1590436|
1590437|
1590438|
1590439|
1590464|
1590465|
1590466|
1590467|
1590468|
1590469|
1590470|
1590471|
1590496|
1590497|
1590498|
1590499|
1590500|
1590501|
1590502|
1590503|
1590528|
1590529|
1590530|
1590531|
1590532|
1590533|
1590534|
1590535|
1590560|
1590561|
1590562|
1590563|
1590564|
1590565|
1590566|
1590567|
1590592|
1590593|
1590594|
1590595|
1590596|
1590597|
1590598|
1590599|
1590624|
1590625|
1590626|
1590627|
1590628|
1590629|
1590630|
1590631|
1590656|
1590657|
1590658|
1590659|
1590660|
1590661|
1590662|
1590663|
1590688|
1590689|
1590690|
1590691|
1590692|
1590693|
1590694|
1590695|
1590720|
1590721|
1590722|
1590723|
1590724|
1590725|
1590726|
1590727|
1590752|
1590753|
1590754|
1590755|
1590756|
1590757|
1590758|
1590759|
1590784|
1590785|
1590786|
1590787|
1590788|
1590789|
1590790|
1590791|
1590816|
1590817|
1590818|
1590819|
1590820|
1590821|
1590822|
1590823|
1590848|
1590849|
1590850|
1590851|
1590852|
1590853|
1590854|
1590855|
1590880|
1590881|
1590882|
1590883|
1590884|
1590885|
1590886|
1590887|
1590912|
1590913|
1590914|
1590915|
1590916|
1590917|
1590918|
1590919|
1590944|
1590945|
1590946|
1590947|
1590948|
1590949|
1590950|
1590951|
1590976|
1590977|
1590978|
1590979|
1590980|
1590981|
1590982|
1590983|
1591008|
1591009|
1591010|
1591011|
1591012|
1591013|
1591014|
1591015|
1591040|
1591041|
1591042|
1591043|
1591044|
1591045|
1591046|
1591047|
1591072|
1591073|
1591074|
1591075|
1591076|
1591077|
1591078|
1591079|
1591104|
1591105|
1591106|
1591107|
1591108|
1591109|
1591110|
1591111|
1591136|
1591137|
1591138|
1591139|
1591140|
1591141|
1591142|
1591143|
1591168|
1591169|
1591170|
1591171|
1591172|
1591173|
1591174|
1591175|
1591200|
1591201|
1591202|
1591203|
1591204|
1591205|
1591206|
1591207|
1591232|
1591233|
1591234|
1591235|
1591236|
1591237|
1591238|
1591239|
1591264|
1591265|
1591266|
1591267|
1591268|
1591269|
1591270|
1591271|
1591296|
1591297|
1591298|
1591299|
1591300|
1591301|
1591302|
1591303|
1591328|
1591329|
1591330|
1591331|
1591332|
1591333|
1591334|
1591335|
1591360|
1591361|
1591362|
1591363|
1591364|
1591365|
1591366|
1591367|
1591392|
1591393|
1591394|
1591395|
1591396|
1591397|
1591398|
1591399|
1591424|
1591425|
1591426|
1591427|
1591428|
1591429|
1591430|
1591431|
1591456|
1591457|
1591458|
1591459|
1591460|
1591461|
1591462|
1591463|
1591488|
1591489|
1591490|
1591491|
1591492|
1591493|
1591494|
1591495|
1591520|
1591521|
1591522|
1591523|
1591524|
1591525|
1591526|
1591527|
1591552|
1591553|
1591554|
1591555|
1591556|
1591557|
1591558|
1591559|
1591584|
1591585|
1591586|
1591587|
1591588|
1591589|
1591590|
1591591|
1591616|
1591617|
1591618|
1591619|
1591620|
1591621|
1591622|
1591623|
1591648|
1591649|
1591650|
1591651|
1591652|
1591653|
1591654|
1591655|
1591680|
1591681|
1591682|
1591683|
1591684|
1591685|
1591686|
1591687|
1591712|
1591713|
1591714|
1591715|
1591716|
1591717|
1591718|
1591719|
1591744|
1591745|
1591746|
1591747|
1591748|
1591749|
1591750|
1591751|
1591776|
1591777|
1591778|
1591779|
1591780|
1591781|
1591782|
1591783|
1591808|
1591809|
1591810|
1591811|
1591812|
1591813|
1591814|
1591815|
1591840|
1591841|
1591842|
1591843|
1591844|
1591845|
1591846|
1591847|
1591872|
1591873|
1591874|
1591875|
1591876|
1591877|
1591878|
1591879|
1591904|
1591905|
1591906|
1591907|
1591908|
1591909|
1591910|
1591911|
1591936|
1591937|
1591938|
1591939|
1591940|
1591941|
1591942|
1591943|
1591968|
1591969|
1591970|
1591971|
1591972|
1591973|
1591974|
1591975|
1592000|
1592001|
1592002|
1592003|
1592004|
1592005|
1592006|
1592007|
1592032|
1592033|
1592034|
1592035|
1592036|
1592037|
1592038|
1592039|
1592064|
1592065|
1592066|
1592067|
1592068|
1592069|
1592070|
1592071|
1592096|
1592097|
1592098|
1592099|
1592100|
1592101|
1592102|
1592103|
1592128|
1592129|
1592130|
1592131|
1592132|
1592133|
1592134|
1592135|
1592160|
1592161|
1592162|
1592163|
1592164|
1592165|
1592166|
1592167|
1592192|
1592193|
1592194|
1592195|
1592196|
1592197|
1592198|
1592199|
1592224|
1592225|
1592226|
1592227|
1592228|
1592229|
1592230|
1592231|
1592256|
1592257|
1592258|
1592259|
1592260|
1592261|
1592262|
1592263|
1592288|
1592289|
1592290|
1592291|
1592292|
1592293|
1592294|
1592295|
1592320|
1592321|
1592322|
1592323|
1592324|
1592325|
1592326|
1592327|
1592352|
1592353|
1592354|
1592355|
1592356|
1592357|
1592358|
1592359|
1592384|
1592385|
1592386|
1592387|
1592388|
1592389|
1592390|
1592391|
1592416|
1592417|
1592418|
1592419|
1592420|
1592421|
1592422|
1592423|
1592448|
1592449|
1592450|
1592451|
1592452|
1592453|
1592454|
1592455|
1592480|
1592481|
1592482|
1592483|
1592484|
1592485|
1592486|
1592487|
1592512|
1592513|
1592514|
1592515|
1592516|
1592517|
1592518|
1592519|
1592544|
1592545|
1592546|
1592547|
1592548|
1592549|
1592550|
1592551|
1592576|
1592577|
1592578|
1592579|
1592580|
1592581|
1592582|
1592583|
1592608|
1592609|
1592610|
1592611|
1592612|
1592613|
1592614|
1592615|
1592640|
1592641|
1592642|
1592643|
1592644|
1592645|
1592646|
1592647|
1592672|
1592673|
1592674|
1592675|
1592676|
1592677|
1592678|
1592679|
1592704|
1592705|
1592706|
1592707|
1592708|
1592709|
1592710|
1592711|
1592736|
1592737|
1592738|
1592739|
1592740|
1592741|
1592742|
1592743|
1592768|
1592769|
1592770|
1592771|
1592772|
1592773|
1592774|
1592775|
1592800|
1592801|
1592802|
1592803|
1592804|
1592805|
1592806|
1592807|
1592832|
1592833|
1592834|
1592835|
1592836|
1592837|
1592838|
1592839|
1592864|
1592865|
1592866|
1592867|
1592868|
1592869|
1592870|
1592871|
1592896|
1592897|
1592898|
1592899|
1592900|
1592901|
1592902|
1592903|
1592928|
1592929|
1592930|
1592931|
1592932|
1592933|
1592934|
1592935|
1592960|
1592961|
1592962|
1592963|
1592964|
1592965|
1592966|
1592967|
1592992|
1592993|
1592994|
1592995|
1592996|
1592997|
1592998|
1592999|
1593024|
1593025|
1593026|
1593027|
1593028|
1593029|
1593030|
1593031|
1593056|
1593057|
1593058|
1593059|
1593060|
1593061|
1593062|
1593063|
1593088|
1593089|
1593090|
1593091|
1593092|
1593093|
1593094|
1593095|
1593120|
1593121|
1593122|
1593123|
1593124|
1593125|
1593126|
1593127|
1593152|
1593153|
1593154|
1593155|
1593156|
1593157|
1593158|
1593159|
1593184|
1593185|
1593186|
1593187|
1593188|
1593189|
1593190|
1593191|
1593216|
1593217|
1593218|
1593219|
1593220|
1593221|
1593222|
1593223|
1593248|
1593249|
1593250|
1593251|
1593252|
1593253|
1593254|
1593255|
1593280|
1593281|
1593282|
1593283|
1593284|
1593285|
1593286|
1593287|
1593312|
1593313|
1593314|
1593315|
1593316|
1593317|
1593318|
1593319|
1593344|
1593345|
1593346|
1593347|
1593348|
1593349|
1593350|
1593351|
1593376|
1593377|
1593378|
1593379|
1593380|
1593381|
1593382|
1593383|
1593408|
1593409|
1593410|
1593411|
1593412|
1593413|
1593414|
1593415|
1593440|
1593441|
1593442|
1593443|
1593444|
1593445|
1593446|
1593447|
1593472|
1593473|
1593474|
1593475|
1593476|
1593477|
1593478|
1593479|
1593504|
1593505|
1593506|
1593507|
1593508|
1593509|
1593510|
1593511|
1593536|
1593537|
1593538|
1593539|
1593540|
1593541|
1593542|
1593543|
1593568|
1593569|
1593570|
1593571|
1593572|
1593573|
1593574|
1593575|
1593600|
1593601|
1593602|
1593603|
1593604|
1593605|
1593606|
1593607|
1593632|
1593633|
1593634|
1593635|
1593636|
1593637|
1593638|
1593639|
1593664|
1593665|
1593666|
1593667|
1593668|
1593669|
1593670|
1593671|
1593696|
1593697|
1593698|
1593699|
1593700|
1593701|
1593702|
1593703|
1593728|
1593729|
1593730|
1593731|
1593732|
1593733|
1593734|
1593735|
1593760|
1593761|
1593762|
1593763|
1593764|
1593765|
1593766|
1593767|
1593792|
1593793|
1593794|
1593795|
1593796|
1593797|
1593798|
1593799|
1593824|
1593825|
1593826|
1593827|
1593828|
1593829|
1593830|
1593831|
1593856|
1593857|
1593858|
1593859|
1593860|
1593861|
1593862|
1593863|
1593888|
1593889|
1593890|
1593891|
1593892|
1593893|
1593894|
1593895|
1593920|
1593921|
1593922|
1593923|
1593924|
1593925|
1593926|
1593927|
1593952|
1593953|
1593954|
1593955|
1593956|
1593957|
1593958|
1593959|
1593984|
1593985|
1593986|
1593987|
1593988|
1593989|
1593990|
1593991|
1594016|
1594017|
1594018|
1594019|
1594020|
1594021|
1594022|
1594023|
1594048|
1594049|
1594050|
1594051|
1594052|
1594053|
1594054|
1594055|
1594080|
1594081|
1594082|
1594083|
1594084|
1594085|
1594086|
1594087|
1594112|
1594113|
1594114|
1594115|
1594116|
1594117|
1594118|
1594119|
1594144|
1594145|
1594146|
1594147|
1594148|
1594149|
1594150|
1594151|
1594176|
1594177|
1594178|
1594179|
1594180|
1594181|
1594182|
1594183|
1594208|
1594209|
1594210|
1594211|
1594212|
1594213|
1594214|
1594215|
1594240|
1594241|
1594242|
1594243|
1594244|
1594245|
1594246|
1594247|
1594272|
1594273|
1594274|
1594275|
1594276|
1594277|
1594278|
1594279|
1594304|
1594305|
1594306|
1594307|
1594308|
1594309|
1594310|
1594311|
1594336|
1594337|
1594338|
1594339|
1594340|
1594341|
1594342|
1594343|
1594368|
1594369|
1594370|
1594371|
1594372|
1594373|
1594374|
1594375|
1594400|
1594401|
1594402|
1594403|
1594404|
1594405|
1594406|
1594407|
1594432|
1594433|
1594434|
1594435|
1594436|
1594437|
1594438|
1594439|
1594464|
1594465|
1594466|
1594467|
1594468|
1594469|
1594470|
1594471|
1594496|
1594497|
1594498|
1594499|
1594500|
1594501|
1594502|
1594503|
1594528|
1594529|
1594530|
1594531|
1594532|
1594533|
1594534|
1594535|
1594560|
1594561|
1594562|
1594563|
1594564|
1594565|
1594566|
1594567|
1594592|
1594593|
1594594|
1594595|
1594596|
1594597|
1594598|
1594599|
1594624|
1594625|
1594626|
1594627|
1594628|
1594629|
1594630|
1594631|
1594656|
1594657|
1594658|
1594659|
1594660|
1594661|
1594662|
1594663|
1594688|
1594689|
1594690|
1594691|
1594692|
1594693|
1594694|
1594695|
1594720|
1594721|
1594722|
1594723|
1594724|
1594725|
1594726|
1594727|
1594752|
1594753|
1594754|
1594755|
1594756|
1594757|
1594758|
1594759|
1594784|
1594785|
1594786|
1594787|
1594788|
1594789|
1594790|
1594791|
1594816|
1594817|
1594818|
1594819|
1594820|
1594821|
1594822|
1594823|
1594848|
1594849|
1594850|
1594851|
1594852|
1594853|
1594854|
1594855|
1594880|
1594881|
1594882|
1594883|
1594884|
1594885|
1594886|
1594887|
1594912|
1594913|
1594914|
1594915|
1594916|
1594917|
1594918|
1594919|
1594944|
1594945|
1594946|
1594947|
1594948|
1594949|
1594950|
1594951|
1594976|
1594977|
1594978|
1594979|
1594980|
1594981|
1594982|
1594983|
1595008|
1595009|
1595010|
1595011|
1595012|
1595013|
1595014|
1595015|
1595040|
1595041|
1595042|
1595043|
1595044|
1595045|
1595046|
1595047|
1595072|
1595073|
1595074|
1595075|
1595076|
1595077|
1595078|
1595079|
1595104|
1595105|
1595106|
1595107|
1595108|
1595109|
1595110|
1595111|
1595136|
1595137|
1595138|
1595139|
1595140|
1595141|
1595142|
1595143|
1595168|
1595169|
1595170|
1595171|
1595172|
1595173|
1595174|
1595175|
1595200|
1595201|
1595202|
1595203|
1595204|
1595205|
1595206|
1595207|
1595232|
1595233|
1595234|
1595235|
1595236|
1595237|
1595238|
1595239|
1595264|
1595265|
1595266|
1595267|
1595268|
1595269|
1595270|
1595271|
1595296|
1595297|
1595298|
1595299|
1595300|
1595301|
1595302|
1595303|
1595328|
1595329|
1595330|
1595331|
1595332|
1595333|
1595334|
1595335|
1595360|
1595361|
1595362|
1595363|
1595364|
1595365|
1595366|
1595367|
1595392|
1595393|
1595394|
1595395|
1595396|
1595397|
1595398|
1595399|
1595424|
1595425|
1595426|
1595427|
1595428|
1595429|
1595430|
1595431|
1595456|
1595457|
1595458|
1595459|
1595460|
1595461|
1595462|
1595463|
1595488|
1595489|
1595490|
1595491|
1595492|
1595493|
1595494|
1595495|
1595520|
1595521|
1595522|
1595523|
1595524|
1595525|
1595526|
1595527|
1595552|
1595553|
1595554|
1595555|
1595556|
1595557|
1595558|
1595559|
1595584|
1595585|
1595586|
1595587|
1595588|
1595589|
1595590|
1595591|
1595616|
1595617|
1595618|
1595619|
1595620|
1595621|
1595622|
1595623|
1595648|
1595649|
1595650|
1595651|
1595652|
1595653|
1595654|
1595655|
1595680|
1595681|
1595682|
1595683|
1595684|
1595685|
1595686|
1595687|
1595712|
1595713|
1595714|
1595715|
1595716|
1595717|
1595718|
1595719|
1595744|
1595745|
1595746|
1595747|
1595748|
1595749|
1595750|
1595751|
1595776|
1595777|
1595778|
1595779|
1595780|
1595781|
1595782|
1595783|
1595808|
1595809|
1595810|
1595811|
1595812|
1595813|
1595814|
1595815|
1595840|
1595841|
1595842|
1595843|
1595844|
1595845|
1595846|
1595847|
1595872|
1595873|
1595874|
1595875|
1595876|
1595877|
1595878|
1595879|
1595904|
1595905|
1595906|
1595907|
1595908|
1595909|
1595910|
1595911|
1595936|
1595937|
1595938|
1595939|
1595940|
1595941|
1595942|
1595943|
1595968|
1595969|
1595970|
1595971|
1595972|
1595973|
1595974|
1595975|
1596000|
