1524001|
1524002|
1524003|
1524004|
1524005|
1524006|
1524007|
1524032|
1524033|
1524034|
1524035|
1524036|
1524037|
1524038|
1524039|
1524064|
1524065|
1524066|
1524067|
1524068|
1524069|
1524070|
1524071|
1524096|
1524097|
1524098|
1524099|
1524100|
1524101|
1524102|
1524103|
1524128|
1524129|
1524130|
1524131|
1524132|
1524133|
1524134|
1524135|
1524160|
1524161|
1524162|
1524163|
1524164|
1524165|
1524166|
1524167|
1524192|
1524193|
1524194|
1524195|
1524196|
1524197|
1524198|
1524199|
1524224|
1524225|
1524226|
1524227|
1524228|
1524229|
1524230|
1524231|
1524256|
1524257|
1524258|
1524259|
1524260|
1524261|
1524262|
1524263|
1524288|
1524289|
1524290|
1524291|
1524292|
1524293|
1524294|
1524295|
1524320|
1524321|
1524322|
1524323|
1524324|
1524325|
1524326|
1524327|
1524352|
1524353|
1524354|
1524355|
1524356|
1524357|
1524358|
1524359|
1524384|
1524385|
1524386|
1524387|
1524388|
1524389|
1524390|
1524391|
1524416|
1524417|
1524418|
1524419|
1524420|
1524421|
1524422|
1524423|
1524448|
1524449|
1524450|
1524451|
1524452|
1524453|
1524454|
1524455|
1524480|
1524481|
1524482|
1524483|
1524484|
1524485|
1524486|
1524487|
1524512|
1524513|
1524514|
1524515|
1524516|
1524517|
1524518|
1524519|
1524544|
1524545|
1524546|
1524547|
1524548|
1524549|
1524550|
1524551|
1524576|
1524577|
1524578|
1524579|
1524580|
1524581|
1524582|
1524583|
1524608|
1524609|
1524610|
1524611|
1524612|
1524613|
1524614|
1524615|
1524640|
1524641|
1524642|
1524643|
1524644|
1524645|
1524646|
1524647|
1524672|
1524673|
1524674|
1524675|
1524676|
1524677|
1524678|
1524679|
1524704|
1524705|
1524706|
1524707|
1524708|
1524709|
1524710|
1524711|
1524736|
1524737|
1524738|
1524739|
1524740|
1524741|
1524742|
1524743|
1524768|
1524769|
1524770|
1524771|
1524772|
1524773|
1524774|
1524775|
1524800|
1524801|
1524802|
1524803|
1524804|
1524805|
1524806|
1524807|
1524832|
1524833|
1524834|
1524835|
1524836|
1524837|
1524838|
1524839|
1524864|
1524865|
1524866|
1524867|
1524868|
1524869|
1524870|
1524871|
1524896|
1524897|
1524898|
1524899|
1524900|
1524901|
1524902|
1524903|
1524928|
1524929|
1524930|
1524931|
1524932|
1524933|
1524934|
1524935|
1524960|
1524961|
1524962|
1524963|
1524964|
1524965|
1524966|
1524967|
1524992|
1524993|
1524994|
1524995|
1524996|
1524997|
1524998|
1524999|
1525024|
1525025|
1525026|
1525027|
1525028|
1525029|
1525030|
1525031|
1525056|
1525057|
1525058|
1525059|
1525060|
1525061|
1525062|
1525063|
1525088|
1525089|
1525090|
1525091|
1525092|
1525093|
1525094|
1525095|
1525120|
1525121|
1525122|
1525123|
1525124|
1525125|
1525126|
1525127|
1525152|
1525153|
1525154|
1525155|
1525156|
1525157|
1525158|
1525159|
1525184|
1525185|
1525186|
1525187|
1525188|
1525189|
1525190|
1525191|
1525216|
1525217|
1525218|
1525219|
1525220|
1525221|
1525222|
1525223|
1525248|
1525249|
1525250|
1525251|
1525252|
1525253|
1525254|
1525255|
1525280|
1525281|
1525282|
1525283|
1525284|
1525285|
1525286|
1525287|
1525312|
1525313|
1525314|
1525315|
1525316|
1525317|
1525318|
1525319|
1525344|
1525345|
1525346|
1525347|
1525348|
1525349|
1525350|
1525351|
1525376|
1525377|
1525378|
1525379|
1525380|
1525381|
1525382|
1525383|
1525408|
1525409|
1525410|
1525411|
1525412|
1525413|
1525414|
1525415|
1525440|
1525441|
1525442|
1525443|
1525444|
1525445|
1525446|
1525447|
1525472|
1525473|
1525474|
1525475|
1525476|
1525477|
1525478|
1525479|
1525504|
1525505|
1525506|
1525507|
1525508|
1525509|
1525510|
1525511|
1525536|
1525537|
1525538|
1525539|
1525540|
1525541|
1525542|
1525543|
1525568|
1525569|
1525570|
1525571|
1525572|
1525573|
1525574|
1525575|
1525600|
1525601|
1525602|
1525603|
1525604|
1525605|
1525606|
1525607|
1525632|
1525633|
1525634|
1525635|
1525636|
1525637|
1525638|
1525639|
1525664|
1525665|
1525666|
1525667|
1525668|
1525669|
1525670|
1525671|
1525696|
1525697|
1525698|
1525699|
1525700|
1525701|
1525702|
1525703|
1525728|
1525729|
1525730|
1525731|
1525732|
1525733|
1525734|
1525735|
1525760|
1525761|
1525762|
1525763|
1525764|
1525765|
1525766|
1525767|
1525792|
1525793|
1525794|
1525795|
1525796|
1525797|
1525798|
1525799|
1525824|
1525825|
1525826|
1525827|
1525828|
1525829|
1525830|
1525831|
1525856|
1525857|
1525858|
1525859|
1525860|
1525861|
1525862|
1525863|
1525888|
1525889|
1525890|
1525891|
1525892|
1525893|
1525894|
1525895|
1525920|
1525921|
1525922|
1525923|
1525924|
1525925|
1525926|
1525927|
1525952|
1525953|
1525954|
1525955|
1525956|
1525957|
1525958|
1525959|
1525984|
1525985|
1525986|
1525987|
1525988|
1525989|
1525990|
1525991|
1526016|
1526017|
1526018|
1526019|
1526020|
1526021|
1526022|
1526023|
1526048|
1526049|
1526050|
1526051|
1526052|
1526053|
1526054|
1526055|
1526080|
1526081|
1526082|
1526083|
1526084|
1526085|
1526086|
1526087|
1526112|
1526113|
1526114|
1526115|
1526116|
1526117|
1526118|
1526119|
1526144|
1526145|
1526146|
1526147|
1526148|
1526149|
1526150|
1526151|
1526176|
1526177|
1526178|
1526179|
1526180|
1526181|
1526182|
1526183|
1526208|
1526209|
1526210|
1526211|
1526212|
1526213|
1526214|
1526215|
1526240|
1526241|
1526242|
1526243|
1526244|
1526245|
1526246|
1526247|
1526272|
1526273|
1526274|
1526275|
1526276|
1526277|
1526278|
1526279|
1526304|
1526305|
1526306|
1526307|
1526308|
1526309|
1526310|
1526311|
1526336|
1526337|
1526338|
1526339|
1526340|
1526341|
1526342|
1526343|
1526368|
1526369|
1526370|
1526371|
1526372|
1526373|
1526374|
1526375|
1526400|
1526401|
1526402|
1526403|
1526404|
1526405|
1526406|
1526407|
1526432|
1526433|
1526434|
1526435|
1526436|
1526437|
1526438|
1526439|
1526464|
1526465|
1526466|
1526467|
1526468|
1526469|
1526470|
1526471|
1526496|
1526497|
1526498|
1526499|
1526500|
1526501|
1526502|
1526503|
1526528|
1526529|
1526530|
1526531|
1526532|
1526533|
1526534|
1526535|
1526560|
1526561|
1526562|
1526563|
1526564|
1526565|
1526566|
1526567|
1526592|
1526593|
1526594|
1526595|
1526596|
1526597|
1526598|
1526599|
1526624|
1526625|
1526626|
1526627|
1526628|
1526629|
1526630|
1526631|
1526656|
1526657|
1526658|
1526659|
1526660|
1526661|
1526662|
1526663|
1526688|
1526689|
1526690|
1526691|
1526692|
1526693|
1526694|
1526695|
1526720|
1526721|
1526722|
1526723|
1526724|
1526725|
1526726|
1526727|
1526752|
1526753|
1526754|
1526755|
1526756|
1526757|
1526758|
1526759|
1526784|
1526785|
1526786|
1526787|
1526788|
1526789|
1526790|
1526791|
1526816|
1526817|
1526818|
1526819|
1526820|
1526821|
1526822|
1526823|
1526848|
1526849|
1526850|
1526851|
1526852|
1526853|
1526854|
1526855|
1526880|
1526881|
1526882|
1526883|
1526884|
1526885|
1526886|
1526887|
1526912|
1526913|
1526914|
1526915|
1526916|
1526917|
1526918|
1526919|
1526944|
1526945|
1526946|
1526947|
1526948|
1526949|
1526950|
1526951|
1526976|
1526977|
1526978|
1526979|
1526980|
1526981|
1526982|
1526983|
1527008|
1527009|
1527010|
1527011|
1527012|
1527013|
1527014|
1527015|
1527040|
1527041|
1527042|
1527043|
1527044|
1527045|
1527046|
1527047|
1527072|
1527073|
1527074|
1527075|
1527076|
1527077|
1527078|
1527079|
1527104|
1527105|
1527106|
1527107|
1527108|
1527109|
1527110|
1527111|
1527136|
1527137|
1527138|
1527139|
1527140|
1527141|
1527142|
1527143|
1527168|
1527169|
1527170|
1527171|
1527172|
1527173|
1527174|
1527175|
1527200|
1527201|
1527202|
1527203|
1527204|
1527205|
1527206|
1527207|
1527232|
1527233|
1527234|
1527235|
1527236|
1527237|
1527238|
1527239|
1527264|
1527265|
1527266|
1527267|
1527268|
1527269|
1527270|
1527271|
1527296|
1527297|
1527298|
1527299|
1527300|
1527301|
1527302|
1527303|
1527328|
1527329|
1527330|
1527331|
1527332|
1527333|
1527334|
1527335|
1527360|
1527361|
1527362|
1527363|
1527364|
1527365|
1527366|
1527367|
1527392|
1527393|
1527394|
1527395|
1527396|
1527397|
1527398|
1527399|
1527424|
1527425|
1527426|
1527427|
1527428|
1527429|
1527430|
1527431|
1527456|
1527457|
1527458|
1527459|
1527460|
1527461|
1527462|
1527463|
1527488|
1527489|
1527490|
1527491|
1527492|
1527493|
1527494|
1527495|
1527520|
1527521|
1527522|
1527523|
1527524|
1527525|
1527526|
1527527|
1527552|
1527553|
1527554|
1527555|
1527556|
1527557|
1527558|
1527559|
1527584|
1527585|
1527586|
1527587|
1527588|
1527589|
1527590|
1527591|
1527616|
1527617|
1527618|
1527619|
1527620|
1527621|
1527622|
1527623|
1527648|
1527649|
1527650|
1527651|
1527652|
1527653|
1527654|
1527655|
1527680|
1527681|
1527682|
1527683|
1527684|
1527685|
1527686|
1527687|
1527712|
1527713|
1527714|
1527715|
1527716|
1527717|
1527718|
1527719|
1527744|
1527745|
1527746|
1527747|
1527748|
1527749|
1527750|
1527751|
1527776|
1527777|
1527778|
1527779|
1527780|
1527781|
1527782|
1527783|
1527808|
1527809|
1527810|
1527811|
1527812|
1527813|
1527814|
1527815|
1527840|
1527841|
1527842|
1527843|
1527844|
1527845|
1527846|
1527847|
1527872|
1527873|
1527874|
1527875|
1527876|
1527877|
1527878|
1527879|
1527904|
1527905|
1527906|
1527907|
1527908|
1527909|
1527910|
1527911|
1527936|
1527937|
1527938|
1527939|
1527940|
1527941|
1527942|
1527943|
1527968|
1527969|
1527970|
1527971|
1527972|
1527973|
1527974|
1527975|
1528000|
1528001|
1528002|
1528003|
1528004|
1528005|
1528006|
1528007|
1528032|
1528033|
1528034|
1528035|
1528036|
1528037|
1528038|
1528039|
1528064|
1528065|
1528066|
1528067|
1528068|
1528069|
1528070|
1528071|
1528096|
1528097|
1528098|
1528099|
1528100|
1528101|
1528102|
1528103|
1528128|
1528129|
1528130|
1528131|
1528132|
1528133|
1528134|
1528135|
1528160|
1528161|
1528162|
1528163|
1528164|
1528165|
1528166|
1528167|
1528192|
1528193|
1528194|
1528195|
1528196|
1528197|
1528198|
1528199|
1528224|
1528225|
1528226|
1528227|
1528228|
1528229|
1528230|
1528231|
1528256|
1528257|
1528258|
1528259|
1528260|
1528261|
1528262|
1528263|
1528288|
1528289|
1528290|
1528291|
1528292|
1528293|
1528294|
1528295|
1528320|
1528321|
1528322|
1528323|
1528324|
1528325|
1528326|
1528327|
1528352|
1528353|
1528354|
1528355|
1528356|
1528357|
1528358|
1528359|
1528384|
1528385|
1528386|
1528387|
1528388|
1528389|
1528390|
1528391|
1528416|
1528417|
1528418|
1528419|
1528420|
1528421|
1528422|
1528423|
1528448|
1528449|
1528450|
1528451|
1528452|
1528453|
1528454|
1528455|
1528480|
1528481|
1528482|
1528483|
1528484|
1528485|
1528486|
1528487|
1528512|
1528513|
1528514|
1528515|
1528516|
1528517|
1528518|
1528519|
1528544|
1528545|
1528546|
1528547|
1528548|
1528549|
1528550|
1528551|
1528576|
1528577|
1528578|
1528579|
1528580|
1528581|
1528582|
1528583|
1528608|
1528609|
1528610|
1528611|
1528612|
1528613|
1528614|
1528615|
1528640|
1528641|
1528642|
1528643|
1528644|
1528645|
1528646|
1528647|
1528672|
1528673|
1528674|
1528675|
1528676|
1528677|
1528678|
1528679|
1528704|
1528705|
1528706|
1528707|
1528708|
1528709|
1528710|
1528711|
1528736|
1528737|
1528738|
1528739|
1528740|
1528741|
1528742|
1528743|
1528768|
1528769|
1528770|
1528771|
1528772|
1528773|
1528774|
1528775|
1528800|
1528801|
1528802|
1528803|
1528804|
1528805|
1528806|
1528807|
1528832|
1528833|
1528834|
1528835|
1528836|
1528837|
1528838|
1528839|
1528864|
1528865|
1528866|
1528867|
1528868|
1528869|
1528870|
1528871|
1528896|
1528897|
1528898|
1528899|
1528900|
1528901|
1528902|
1528903|
1528928|
1528929|
1528930|
1528931|
1528932|
1528933|
1528934|
1528935|
1528960|
1528961|
1528962|
1528963|
1528964|
1528965|
1528966|
1528967|
1528992|
1528993|
1528994|
1528995|
1528996|
1528997|
1528998|
1528999|
1529024|
1529025|
1529026|
1529027|
1529028|
1529029|
1529030|
1529031|
1529056|
1529057|
1529058|
1529059|
1529060|
1529061|
1529062|
1529063|
1529088|
1529089|
1529090|
1529091|
1529092|
1529093|
1529094|
1529095|
1529120|
1529121|
1529122|
1529123|
1529124|
1529125|
1529126|
1529127|
1529152|
1529153|
1529154|
1529155|
1529156|
1529157|
1529158|
1529159|
1529184|
1529185|
1529186|
1529187|
1529188|
1529189|
1529190|
1529191|
1529216|
1529217|
1529218|
1529219|
1529220|
1529221|
1529222|
1529223|
1529248|
1529249|
1529250|
1529251|
1529252|
1529253|
1529254|
1529255|
1529280|
1529281|
1529282|
1529283|
1529284|
1529285|
1529286|
1529287|
1529312|
1529313|
1529314|
1529315|
1529316|
1529317|
1529318|
1529319|
1529344|
1529345|
1529346|
1529347|
1529348|
1529349|
1529350|
1529351|
1529376|
1529377|
1529378|
1529379|
1529380|
1529381|
1529382|
1529383|
1529408|
1529409|
1529410|
1529411|
1529412|
1529413|
1529414|
1529415|
1529440|
1529441|
1529442|
1529443|
1529444|
1529445|
1529446|
1529447|
1529472|
1529473|
1529474|
1529475|
1529476|
1529477|
1529478|
1529479|
1529504|
1529505|
1529506|
1529507|
1529508|
1529509|
1529510|
1529511|
1529536|
1529537|
1529538|
1529539|
1529540|
1529541|
1529542|
1529543|
1529568|
1529569|
1529570|
1529571|
1529572|
1529573|
1529574|
1529575|
1529600|
1529601|
1529602|
1529603|
1529604|
1529605|
1529606|
1529607|
1529632|
1529633|
1529634|
1529635|
1529636|
1529637|
1529638|
1529639|
1529664|
1529665|
1529666|
1529667|
1529668|
1529669|
1529670|
1529671|
1529696|
1529697|
1529698|
1529699|
1529700|
1529701|
1529702|
1529703|
1529728|
1529729|
1529730|
1529731|
1529732|
1529733|
1529734|
1529735|
1529760|
1529761|
1529762|
1529763|
1529764|
1529765|
1529766|
1529767|
1529792|
1529793|
1529794|
1529795|
1529796|
1529797|
1529798|
1529799|
1529824|
1529825|
1529826|
1529827|
1529828|
1529829|
1529830|
1529831|
1529856|
1529857|
1529858|
1529859|
1529860|
1529861|
1529862|
1529863|
1529888|
1529889|
1529890|
1529891|
1529892|
1529893|
1529894|
1529895|
1529920|
1529921|
1529922|
1529923|
1529924|
1529925|
1529926|
1529927|
1529952|
1529953|
1529954|
1529955|
1529956|
1529957|
1529958|
1529959|
1529984|
1529985|
1529986|
1529987|
1529988|
