1968001|
1968002|
1968003|
1968004|
1968005|
1968006|
1968007|
1968032|
1968033|
1968034|
1968035|
1968036|
1968037|
1968038|
1968039|
1968064|
1968065|
1968066|
1968067|
1968068|
1968069|
1968070|
1968071|
1968096|
1968097|
1968098|
1968099|
1968100|
1968101|
1968102|
1968103|
1968128|
1968129|
1968130|
1968131|
1968132|
1968133|
1968134|
1968135|
1968160|
1968161|
1968162|
1968163|
1968164|
1968165|
1968166|
1968167|
1968192|
1968193|
1968194|
1968195|
1968196|
1968197|
1968198|
1968199|
1968224|
1968225|
1968226|
1968227|
1968228|
1968229|
1968230|
1968231|
1968256|
1968257|
1968258|
1968259|
1968260|
1968261|
1968262|
1968263|
1968288|
1968289|
1968290|
1968291|
1968292|
1968293|
1968294|
1968295|
1968320|
1968321|
1968322|
1968323|
1968324|
1968325|
1968326|
1968327|
1968352|
1968353|
1968354|
1968355|
1968356|
1968357|
1968358|
1968359|
1968384|
1968385|
1968386|
1968387|
1968388|
1968389|
1968390|
1968391|
1968416|
1968417|
1968418|
1968419|
1968420|
1968421|
1968422|
1968423|
1968448|
1968449|
1968450|
1968451|
1968452|
1968453|
1968454|
1968455|
1968480|
1968481|
1968482|
1968483|
1968484|
1968485|
1968486|
1968487|
1968512|
1968513|
1968514|
1968515|
1968516|
1968517|
1968518|
1968519|
1968544|
1968545|
1968546|
1968547|
1968548|
1968549|
1968550|
1968551|
1968576|
1968577|
1968578|
1968579|
1968580|
1968581|
1968582|
1968583|
1968608|
1968609|
1968610|
1968611|
1968612|
1968613|
1968614|
1968615|
1968640|
1968641|
1968642|
1968643|
1968644|
1968645|
1968646|
1968647|
1968672|
1968673|
1968674|
1968675|
1968676|
1968677|
1968678|
1968679|
1968704|
1968705|
1968706|
1968707|
1968708|
1968709|
1968710|
1968711|
1968736|
1968737|
1968738|
1968739|
1968740|
1968741|
1968742|
1968743|
1968768|
1968769|
1968770|
1968771|
1968772|
1968773|
1968774|
1968775|
1968800|
1968801|
1968802|
1968803|
1968804|
1968805|
1968806|
1968807|
1968832|
1968833|
1968834|
1968835|
1968836|
1968837|
1968838|
1968839|
1968864|
1968865|
1968866|
1968867|
1968868|
1968869|
1968870|
1968871|
1968896|
1968897|
1968898|
1968899|
1968900|
1968901|
1968902|
1968903|
1968928|
1968929|
1968930|
1968931|
1968932|
1968933|
1968934|
1968935|
1968960|
1968961|
1968962|
1968963|
1968964|
1968965|
1968966|
1968967|
1968992|
1968993|
1968994|
1968995|
1968996|
1968997|
1968998|
1968999|
1969024|
1969025|
1969026|
1969027|
1969028|
1969029|
1969030|
1969031|
1969056|
1969057|
1969058|
1969059|
1969060|
1969061|
1969062|
1969063|
1969088|
1969089|
1969090|
1969091|
1969092|
1969093|
1969094|
1969095|
1969120|
1969121|
1969122|
1969123|
1969124|
1969125|
1969126|
1969127|
1969152|
1969153|
1969154|
1969155|
1969156|
1969157|
1969158|
1969159|
1969184|
1969185|
1969186|
1969187|
1969188|
1969189|
1969190|
1969191|
1969216|
1969217|
1969218|
1969219|
1969220|
1969221|
1969222|
1969223|
1969248|
1969249|
1969250|
1969251|
1969252|
1969253|
1969254|
1969255|
1969280|
1969281|
1969282|
1969283|
1969284|
1969285|
1969286|
1969287|
1969312|
1969313|
1969314|
1969315|
1969316|
1969317|
1969318|
1969319|
1969344|
1969345|
1969346|
1969347|
1969348|
1969349|
1969350|
1969351|
1969376|
1969377|
1969378|
1969379|
1969380|
1969381|
1969382|
1969383|
1969408|
1969409|
1969410|
1969411|
1969412|
1969413|
1969414|
1969415|
1969440|
1969441|
1969442|
1969443|
1969444|
1969445|
1969446|
1969447|
1969472|
1969473|
1969474|
1969475|
1969476|
1969477|
1969478|
1969479|
1969504|
1969505|
1969506|
1969507|
1969508|
1969509|
1969510|
1969511|
1969536|
1969537|
1969538|
1969539|
1969540|
1969541|
1969542|
1969543|
1969568|
1969569|
1969570|
1969571|
1969572|
1969573|
1969574|
1969575|
1969600|
1969601|
1969602|
1969603|
1969604|
1969605|
1969606|
1969607|
1969632|
1969633|
1969634|
1969635|
1969636|
1969637|
1969638|
1969639|
1969664|
1969665|
1969666|
1969667|
1969668|
1969669|
1969670|
1969671|
1969696|
1969697|
1969698|
1969699|
1969700|
1969701|
1969702|
1969703|
1969728|
1969729|
1969730|
1969731|
1969732|
1969733|
1969734|
1969735|
1969760|
1969761|
1969762|
1969763|
1969764|
1969765|
1969766|
1969767|
1969792|
1969793|
1969794|
1969795|
1969796|
1969797|
1969798|
1969799|
1969824|
1969825|
1969826|
1969827|
1969828|
1969829|
1969830|
1969831|
1969856|
1969857|
1969858|
1969859|
1969860|
1969861|
1969862|
1969863|
1969888|
1969889|
1969890|
1969891|
1969892|
1969893|
1969894|
1969895|
1969920|
1969921|
1969922|
1969923|
1969924|
1969925|
1969926|
1969927|
1969952|
1969953|
1969954|
1969955|
1969956|
1969957|
1969958|
1969959|
1969984|
1969985|
1969986|
1969987|
1969988|
1969989|
1969990|
1969991|
1970016|
1970017|
1970018|
1970019|
1970020|
1970021|
1970022|
1970023|
1970048|
1970049|
1970050|
1970051|
1970052|
1970053|
1970054|
1970055|
1970080|
1970081|
1970082|
1970083|
1970084|
1970085|
1970086|
1970087|
1970112|
1970113|
1970114|
1970115|
1970116|
1970117|
1970118|
1970119|
1970144|
1970145|
1970146|
1970147|
1970148|
1970149|
1970150|
1970151|
1970176|
1970177|
1970178|
1970179|
1970180|
1970181|
1970182|
1970183|
1970208|
1970209|
1970210|
1970211|
1970212|
1970213|
1970214|
1970215|
1970240|
1970241|
1970242|
1970243|
1970244|
1970245|
1970246|
1970247|
1970272|
1970273|
1970274|
1970275|
1970276|
1970277|
1970278|
1970279|
1970304|
1970305|
1970306|
1970307|
1970308|
1970309|
1970310|
1970311|
1970336|
1970337|
1970338|
1970339|
1970340|
1970341|
1970342|
1970343|
1970368|
1970369|
1970370|
1970371|
1970372|
1970373|
1970374|
1970375|
1970400|
1970401|
1970402|
1970403|
1970404|
1970405|
1970406|
1970407|
1970432|
1970433|
1970434|
1970435|
1970436|
1970437|
1970438|
1970439|
1970464|
1970465|
1970466|
1970467|
1970468|
1970469|
1970470|
1970471|
1970496|
1970497|
1970498|
1970499|
1970500|
1970501|
1970502|
1970503|
1970528|
1970529|
1970530|
1970531|
1970532|
1970533|
1970534|
1970535|
1970560|
1970561|
1970562|
1970563|
1970564|
1970565|
1970566|
1970567|
1970592|
1970593|
1970594|
1970595|
1970596|
1970597|
1970598|
1970599|
1970624|
1970625|
1970626|
1970627|
1970628|
1970629|
1970630|
1970631|
1970656|
1970657|
1970658|
1970659|
1970660|
1970661|
1970662|
1970663|
1970688|
1970689|
1970690|
1970691|
1970692|
1970693|
1970694|
1970695|
1970720|
1970721|
1970722|
1970723|
1970724|
1970725|
1970726|
1970727|
1970752|
1970753|
1970754|
1970755|
1970756|
1970757|
1970758|
1970759|
1970784|
1970785|
1970786|
1970787|
1970788|
1970789|
1970790|
1970791|
1970816|
1970817|
1970818|
1970819|
1970820|
1970821|
1970822|
1970823|
1970848|
1970849|
1970850|
1970851|
1970852|
1970853|
1970854|
1970855|
1970880|
1970881|
1970882|
1970883|
1970884|
1970885|
1970886|
1970887|
1970912|
1970913|
1970914|
1970915|
1970916|
1970917|
1970918|
1970919|
1970944|
1970945|
1970946|
1970947|
1970948|
1970949|
1970950|
1970951|
1970976|
1970977|
1970978|
1970979|
1970980|
1970981|
1970982|
1970983|
1971008|
1971009|
1971010|
1971011|
1971012|
1971013|
1971014|
1971015|
1971040|
1971041|
1971042|
1971043|
1971044|
1971045|
1971046|
1971047|
1971072|
1971073|
1971074|
1971075|
1971076|
1971077|
1971078|
1971079|
1971104|
1971105|
1971106|
1971107|
1971108|
1971109|
1971110|
1971111|
1971136|
1971137|
1971138|
1971139|
1971140|
1971141|
1971142|
1971143|
1971168|
1971169|
1971170|
1971171|
1971172|
1971173|
1971174|
1971175|
1971200|
1971201|
1971202|
1971203|
1971204|
1971205|
1971206|
1971207|
1971232|
1971233|
1971234|
1971235|
1971236|
1971237|
1971238|
1971239|
1971264|
1971265|
1971266|
1971267|
1971268|
1971269|
1971270|
1971271|
1971296|
1971297|
1971298|
1971299|
1971300|
1971301|
1971302|
1971303|
1971328|
1971329|
1971330|
1971331|
1971332|
1971333|
1971334|
1971335|
1971360|
1971361|
1971362|
1971363|
1971364|
1971365|
1971366|
1971367|
1971392|
1971393|
1971394|
1971395|
1971396|
1971397|
1971398|
1971399|
1971424|
1971425|
1971426|
1971427|
1971428|
1971429|
1971430|
1971431|
1971456|
1971457|
1971458|
1971459|
1971460|
1971461|
1971462|
1971463|
1971488|
1971489|
1971490|
1971491|
1971492|
1971493|
1971494|
1971495|
1971520|
1971521|
1971522|
1971523|
1971524|
1971525|
1971526|
1971527|
1971552|
1971553|
1971554|
1971555|
1971556|
1971557|
1971558|
1971559|
1971584|
1971585|
1971586|
1971587|
1971588|
1971589|
1971590|
1971591|
1971616|
1971617|
1971618|
1971619|
1971620|
1971621|
1971622|
1971623|
1971648|
1971649|
1971650|
1971651|
1971652|
1971653|
1971654|
1971655|
1971680|
1971681|
1971682|
1971683|
1971684|
1971685|
1971686|
1971687|
1971712|
1971713|
1971714|
1971715|
1971716|
1971717|
1971718|
1971719|
1971744|
1971745|
1971746|
1971747|
1971748|
1971749|
1971750|
1971751|
1971776|
1971777|
1971778|
1971779|
1971780|
1971781|
1971782|
1971783|
1971808|
1971809|
1971810|
1971811|
1971812|
1971813|
1971814|
1971815|
1971840|
1971841|
1971842|
1971843|
1971844|
1971845|
1971846|
1971847|
1971872|
1971873|
1971874|
1971875|
1971876|
1971877|
1971878|
1971879|
1971904|
1971905|
1971906|
1971907|
1971908|
1971909|
1971910|
1971911|
1971936|
1971937|
1971938|
1971939|
1971940|
1971941|
1971942|
1971943|
1971968|
1971969|
1971970|
1971971|
1971972|
1971973|
1971974|
1971975|
1972000|
1972001|
1972002|
1972003|
1972004|
1972005|
1972006|
1972007|
1972032|
1972033|
1972034|
1972035|
1972036|
1972037|
1972038|
1972039|
1972064|
1972065|
1972066|
1972067|
1972068|
1972069|
1972070|
1972071|
1972096|
1972097|
1972098|
1972099|
1972100|
1972101|
1972102|
1972103|
1972128|
1972129|
1972130|
1972131|
1972132|
1972133|
1972134|
1972135|
1972160|
1972161|
1972162|
1972163|
1972164|
1972165|
1972166|
1972167|
1972192|
1972193|
1972194|
1972195|
1972196|
1972197|
1972198|
1972199|
1972224|
1972225|
1972226|
1972227|
1972228|
1972229|
1972230|
1972231|
1972256|
1972257|
1972258|
1972259|
1972260|
1972261|
1972262|
1972263|
1972288|
1972289|
1972290|
1972291|
1972292|
1972293|
1972294|
1972295|
1972320|
1972321|
1972322|
1972323|
1972324|
1972325|
1972326|
1972327|
1972352|
1972353|
1972354|
1972355|
1972356|
1972357|
1972358|
1972359|
1972384|
1972385|
1972386|
1972387|
1972388|
1972389|
1972390|
1972391|
1972416|
1972417|
1972418|
1972419|
1972420|
1972421|
1972422|
1972423|
1972448|
1972449|
1972450|
1972451|
1972452|
1972453|
1972454|
1972455|
1972480|
1972481|
1972482|
1972483|
1972484|
1972485|
1972486|
1972487|
1972512|
1972513|
1972514|
1972515|
1972516|
1972517|
1972518|
1972519|
1972544|
1972545|
1972546|
1972547|
1972548|
1972549|
1972550|
1972551|
1972576|
1972577|
1972578|
1972579|
1972580|
1972581|
1972582|
1972583|
1972608|
1972609|
1972610|
1972611|
1972612|
1972613|
1972614|
1972615|
1972640|
1972641|
1972642|
1972643|
1972644|
1972645|
1972646|
1972647|
1972672|
1972673|
1972674|
1972675|
1972676|
1972677|
1972678|
1972679|
1972704|
1972705|
1972706|
1972707|
1972708|
1972709|
1972710|
1972711|
1972736|
1972737|
1972738|
1972739|
1972740|
1972741|
1972742|
1972743|
1972768|
1972769|
1972770|
1972771|
1972772|
1972773|
1972774|
1972775|
1972800|
1972801|
1972802|
1972803|
1972804|
1972805|
1972806|
1972807|
1972832|
1972833|
1972834|
1972835|
1972836|
1972837|
1972838|
1972839|
1972864|
1972865|
1972866|
1972867|
1972868|
1972869|
1972870|
1972871|
1972896|
1972897|
1972898|
1972899|
1972900|
1972901|
1972902|
1972903|
1972928|
1972929|
1972930|
1972931|
1972932|
1972933|
1972934|
1972935|
1972960|
1972961|
1972962|
1972963|
1972964|
1972965|
1972966|
1972967|
1972992|
1972993|
1972994|
1972995|
1972996|
1972997|
1972998|
1972999|
1973024|
1973025|
1973026|
1973027|
1973028|
1973029|
1973030|
1973031|
1973056|
1973057|
1973058|
1973059|
1973060|
1973061|
1973062|
1973063|
1973088|
1973089|
1973090|
1973091|
1973092|
1973093|
1973094|
1973095|
1973120|
1973121|
1973122|
1973123|
1973124|
1973125|
1973126|
1973127|
1973152|
1973153|
1973154|
1973155|
1973156|
1973157|
1973158|
1973159|
1973184|
1973185|
1973186|
1973187|
1973188|
1973189|
1973190|
1973191|
1973216|
1973217|
1973218|
1973219|
1973220|
1973221|
1973222|
1973223|
1973248|
1973249|
1973250|
1973251|
1973252|
1973253|
1973254|
1973255|
1973280|
1973281|
1973282|
1973283|
1973284|
1973285|
1973286|
1973287|
1973312|
1973313|
1973314|
1973315|
1973316|
1973317|
1973318|
1973319|
1973344|
1973345|
1973346|
1973347|
1973348|
1973349|
1973350|
1973351|
1973376|
1973377|
1973378|
1973379|
1973380|
1973381|
1973382|
1973383|
1973408|
1973409|
1973410|
1973411|
1973412|
1973413|
1973414|
1973415|
1973440|
1973441|
1973442|
1973443|
1973444|
1973445|
1973446|
1973447|
1973472|
1973473|
1973474|
1973475|
1973476|
1973477|
1973478|
1973479|
1973504|
1973505|
1973506|
1973507|
1973508|
1973509|
1973510|
1973511|
1973536|
1973537|
1973538|
1973539|
1973540|
1973541|
1973542|
1973543|
1973568|
1973569|
1973570|
1973571|
1973572|
1973573|
1973574|
1973575|
1973600|
1973601|
1973602|
1973603|
1973604|
1973605|
1973606|
1973607|
1973632|
1973633|
1973634|
1973635|
1973636|
1973637|
1973638|
1973639|
1973664|
1973665|
1973666|
1973667|
1973668|
1973669|
1973670|
1973671|
1973696|
1973697|
1973698|
1973699|
1973700|
1973701|
1973702|
1973703|
1973728|
1973729|
1973730|
1973731|
1973732|
1973733|
1973734|
1973735|
1973760|
1973761|
1973762|
1973763|
1973764|
1973765|
1973766|
1973767|
1973792|
1973793|
1973794|
1973795|
1973796|
1973797|
1973798|
1973799|
1973824|
1973825|
1973826|
1973827|
1973828|
1973829|
1973830|
1973831|
1973856|
1973857|
1973858|
1973859|
1973860|
1973861|
1973862|
1973863|
1973888|
1973889|
1973890|
1973891|
1973892|
1973893|
1973894|
1973895|
1973920|
1973921|
1973922|
1973923|
1973924|
1973925|
1973926|
1973927|
1973952|
1973953|
1973954|
1973955|
1973956|
1973957|
1973958|
1973959|
1973984|
1973985|
1973986|
1973987|
1973988|
