1908001|
1908002|
1908003|
1908004|
1908005|
1908006|
1908007|
1908032|
1908033|
1908034|
1908035|
1908036|
1908037|
1908038|
1908039|
1908064|
1908065|
1908066|
1908067|
1908068|
1908069|
1908070|
1908071|
1908096|
1908097|
1908098|
1908099|
1908100|
1908101|
1908102|
1908103|
1908128|
1908129|
1908130|
1908131|
1908132|
1908133|
1908134|
1908135|
1908160|
1908161|
1908162|
1908163|
1908164|
1908165|
1908166|
1908167|
1908192|
1908193|
1908194|
1908195|
1908196|
1908197|
1908198|
1908199|
1908224|
1908225|
1908226|
1908227|
1908228|
1908229|
1908230|
1908231|
1908256|
1908257|
1908258|
1908259|
1908260|
1908261|
1908262|
1908263|
1908288|
1908289|
1908290|
1908291|
1908292|
1908293|
1908294|
1908295|
1908320|
1908321|
1908322|
1908323|
1908324|
1908325|
1908326|
1908327|
1908352|
1908353|
1908354|
1908355|
1908356|
1908357|
1908358|
1908359|
1908384|
1908385|
1908386|
1908387|
1908388|
1908389|
1908390|
1908391|
1908416|
1908417|
1908418|
1908419|
1908420|
1908421|
1908422|
1908423|
1908448|
1908449|
1908450|
1908451|
1908452|
1908453|
1908454|
1908455|
1908480|
1908481|
1908482|
1908483|
1908484|
1908485|
1908486|
1908487|
1908512|
1908513|
1908514|
1908515|
1908516|
1908517|
1908518|
1908519|
1908544|
1908545|
1908546|
1908547|
1908548|
1908549|
1908550|
1908551|
1908576|
1908577|
1908578|
1908579|
1908580|
1908581|
1908582|
1908583|
1908608|
1908609|
1908610|
1908611|
1908612|
1908613|
1908614|
1908615|
1908640|
1908641|
1908642|
1908643|
1908644|
1908645|
1908646|
1908647|
1908672|
1908673|
1908674|
1908675|
1908676|
1908677|
1908678|
1908679|
1908704|
1908705|
1908706|
1908707|
1908708|
1908709|
1908710|
1908711|
1908736|
1908737|
1908738|
1908739|
1908740|
1908741|
1908742|
1908743|
1908768|
1908769|
1908770|
1908771|
1908772|
1908773|
1908774|
1908775|
1908800|
1908801|
1908802|
1908803|
1908804|
1908805|
1908806|
1908807|
1908832|
1908833|
1908834|
1908835|
1908836|
1908837|
1908838|
1908839|
1908864|
1908865|
1908866|
1908867|
1908868|
1908869|
1908870|
1908871|
1908896|
1908897|
1908898|
1908899|
1908900|
1908901|
1908902|
1908903|
1908928|
1908929|
1908930|
1908931|
1908932|
1908933|
1908934|
1908935|
1908960|
1908961|
1908962|
1908963|
1908964|
1908965|
1908966|
1908967|
1908992|
1908993|
1908994|
1908995|
1908996|
1908997|
1908998|
1908999|
1909024|
1909025|
1909026|
1909027|
1909028|
1909029|
1909030|
1909031|
1909056|
1909057|
1909058|
1909059|
1909060|
1909061|
1909062|
1909063|
1909088|
1909089|
1909090|
1909091|
1909092|
1909093|
1909094|
1909095|
1909120|
1909121|
1909122|
1909123|
1909124|
1909125|
1909126|
1909127|
1909152|
1909153|
1909154|
1909155|
1909156|
1909157|
1909158|
1909159|
1909184|
1909185|
1909186|
1909187|
1909188|
1909189|
1909190|
1909191|
1909216|
1909217|
1909218|
1909219|
1909220|
1909221|
1909222|
1909223|
1909248|
1909249|
1909250|
1909251|
1909252|
1909253|
1909254|
1909255|
1909280|
1909281|
1909282|
1909283|
1909284|
1909285|
1909286|
1909287|
1909312|
1909313|
1909314|
1909315|
1909316|
1909317|
1909318|
1909319|
1909344|
1909345|
1909346|
1909347|
1909348|
1909349|
1909350|
1909351|
1909376|
1909377|
1909378|
1909379|
1909380|
1909381|
1909382|
1909383|
1909408|
1909409|
1909410|
1909411|
1909412|
1909413|
1909414|
1909415|
1909440|
1909441|
1909442|
1909443|
1909444|
1909445|
1909446|
1909447|
1909472|
1909473|
1909474|
1909475|
1909476|
1909477|
1909478|
1909479|
1909504|
1909505|
1909506|
1909507|
1909508|
1909509|
1909510|
1909511|
1909536|
1909537|
1909538|
1909539|
1909540|
1909541|
1909542|
1909543|
1909568|
1909569|
1909570|
1909571|
1909572|
1909573|
1909574|
1909575|
1909600|
1909601|
1909602|
1909603|
1909604|
1909605|
1909606|
1909607|
1909632|
1909633|
1909634|
1909635|
1909636|
1909637|
1909638|
1909639|
1909664|
1909665|
1909666|
1909667|
1909668|
1909669|
1909670|
1909671|
1909696|
1909697|
1909698|
1909699|
1909700|
1909701|
1909702|
1909703|
1909728|
1909729|
1909730|
1909731|
1909732|
1909733|
1909734|
1909735|
1909760|
1909761|
1909762|
1909763|
1909764|
1909765|
1909766|
1909767|
1909792|
1909793|
1909794|
1909795|
1909796|
1909797|
1909798|
1909799|
1909824|
1909825|
1909826|
1909827|
1909828|
1909829|
1909830|
1909831|
1909856|
1909857|
1909858|
1909859|
1909860|
1909861|
1909862|
1909863|
1909888|
1909889|
1909890|
1909891|
1909892|
1909893|
1909894|
1909895|
1909920|
1909921|
1909922|
1909923|
1909924|
1909925|
1909926|
1909927|
1909952|
1909953|
1909954|
1909955|
1909956|
1909957|
1909958|
1909959|
1909984|
1909985|
1909986|
1909987|
1909988|
1909989|
1909990|
1909991|
1910016|
1910017|
1910018|
1910019|
1910020|
1910021|
1910022|
1910023|
1910048|
1910049|
1910050|
1910051|
1910052|
1910053|
1910054|
1910055|
1910080|
1910081|
1910082|
1910083|
1910084|
1910085|
1910086|
1910087|
1910112|
1910113|
1910114|
1910115|
1910116|
1910117|
1910118|
1910119|
1910144|
1910145|
1910146|
1910147|
1910148|
1910149|
1910150|
1910151|
1910176|
1910177|
1910178|
1910179|
1910180|
1910181|
1910182|
1910183|
1910208|
1910209|
1910210|
1910211|
1910212|
1910213|
1910214|
1910215|
1910240|
1910241|
1910242|
1910243|
1910244|
1910245|
1910246|
1910247|
1910272|
1910273|
1910274|
1910275|
1910276|
1910277|
1910278|
1910279|
1910304|
1910305|
1910306|
1910307|
1910308|
1910309|
1910310|
1910311|
1910336|
1910337|
1910338|
1910339|
1910340|
1910341|
1910342|
1910343|
1910368|
1910369|
1910370|
1910371|
1910372|
1910373|
1910374|
1910375|
1910400|
1910401|
1910402|
1910403|
1910404|
1910405|
1910406|
1910407|
1910432|
1910433|
1910434|
1910435|
1910436|
1910437|
1910438|
1910439|
1910464|
1910465|
1910466|
1910467|
1910468|
1910469|
1910470|
1910471|
1910496|
1910497|
1910498|
1910499|
1910500|
1910501|
1910502|
1910503|
1910528|
1910529|
1910530|
1910531|
1910532|
1910533|
1910534|
1910535|
1910560|
1910561|
1910562|
1910563|
1910564|
1910565|
1910566|
1910567|
1910592|
1910593|
1910594|
1910595|
1910596|
1910597|
1910598|
1910599|
1910624|
1910625|
1910626|
1910627|
1910628|
1910629|
1910630|
1910631|
1910656|
1910657|
1910658|
1910659|
1910660|
1910661|
1910662|
1910663|
1910688|
1910689|
1910690|
1910691|
1910692|
1910693|
1910694|
1910695|
1910720|
1910721|
1910722|
1910723|
1910724|
1910725|
1910726|
1910727|
1910752|
1910753|
1910754|
1910755|
1910756|
1910757|
1910758|
1910759|
1910784|
1910785|
1910786|
1910787|
1910788|
1910789|
1910790|
1910791|
1910816|
1910817|
1910818|
1910819|
1910820|
1910821|
1910822|
1910823|
1910848|
1910849|
1910850|
1910851|
1910852|
1910853|
1910854|
1910855|
1910880|
1910881|
1910882|
1910883|
1910884|
1910885|
1910886|
1910887|
1910912|
1910913|
1910914|
1910915|
1910916|
1910917|
1910918|
1910919|
1910944|
1910945|
1910946|
1910947|
1910948|
1910949|
1910950|
1910951|
1910976|
1910977|
1910978|
1910979|
1910980|
1910981|
1910982|
1910983|
1911008|
1911009|
1911010|
1911011|
1911012|
1911013|
1911014|
1911015|
1911040|
1911041|
1911042|
1911043|
1911044|
1911045|
1911046|
1911047|
1911072|
1911073|
1911074|
1911075|
1911076|
1911077|
1911078|
1911079|
1911104|
1911105|
1911106|
1911107|
1911108|
1911109|
1911110|
1911111|
1911136|
1911137|
1911138|
1911139|
1911140|
1911141|
1911142|
1911143|
1911168|
1911169|
1911170|
1911171|
1911172|
1911173|
1911174|
1911175|
1911200|
1911201|
1911202|
1911203|
1911204|
1911205|
1911206|
1911207|
1911232|
1911233|
1911234|
1911235|
1911236|
1911237|
1911238|
1911239|
1911264|
1911265|
1911266|
1911267|
1911268|
1911269|
1911270|
1911271|
1911296|
1911297|
1911298|
1911299|
1911300|
1911301|
1911302|
1911303|
1911328|
1911329|
1911330|
1911331|
1911332|
1911333|
1911334|
1911335|
1911360|
1911361|
1911362|
1911363|
1911364|
1911365|
1911366|
1911367|
1911392|
1911393|
1911394|
1911395|
1911396|
1911397|
1911398|
1911399|
1911424|
1911425|
1911426|
1911427|
1911428|
1911429|
1911430|
1911431|
1911456|
1911457|
1911458|
1911459|
1911460|
1911461|
1911462|
1911463|
1911488|
1911489|
1911490|
1911491|
1911492|
1911493|
1911494|
1911495|
1911520|
1911521|
1911522|
1911523|
1911524|
1911525|
1911526|
1911527|
1911552|
1911553|
1911554|
1911555|
1911556|
1911557|
1911558|
1911559|
1911584|
1911585|
1911586|
1911587|
1911588|
1911589|
1911590|
1911591|
1911616|
1911617|
1911618|
1911619|
1911620|
1911621|
1911622|
1911623|
1911648|
1911649|
1911650|
1911651|
1911652|
1911653|
1911654|
1911655|
1911680|
1911681|
1911682|
1911683|
1911684|
1911685|
1911686|
1911687|
1911712|
1911713|
1911714|
1911715|
1911716|
1911717|
1911718|
1911719|
1911744|
1911745|
1911746|
1911747|
1911748|
1911749|
1911750|
1911751|
1911776|
1911777|
1911778|
1911779|
1911780|
1911781|
1911782|
1911783|
1911808|
1911809|
1911810|
1911811|
1911812|
1911813|
1911814|
1911815|
1911840|
1911841|
1911842|
1911843|
1911844|
1911845|
1911846|
1911847|
1911872|
1911873|
1911874|
1911875|
1911876|
1911877|
1911878|
1911879|
1911904|
1911905|
1911906|
1911907|
1911908|
1911909|
1911910|
1911911|
1911936|
1911937|
1911938|
1911939|
1911940|
1911941|
1911942|
1911943|
1911968|
1911969|
1911970|
1911971|
1911972|
1911973|
1911974|
1911975|
1912000|
1912001|
1912002|
1912003|
1912004|
1912005|
1912006|
1912007|
1912032|
1912033|
1912034|
1912035|
1912036|
1912037|
1912038|
1912039|
1912064|
1912065|
1912066|
1912067|
1912068|
1912069|
1912070|
1912071|
1912096|
1912097|
1912098|
1912099|
1912100|
1912101|
1912102|
1912103|
1912128|
1912129|
1912130|
1912131|
1912132|
1912133|
1912134|
1912135|
1912160|
1912161|
1912162|
1912163|
1912164|
1912165|
1912166|
1912167|
1912192|
1912193|
1912194|
1912195|
1912196|
1912197|
1912198|
1912199|
1912224|
1912225|
1912226|
1912227|
1912228|
1912229|
1912230|
1912231|
1912256|
1912257|
1912258|
1912259|
1912260|
1912261|
1912262|
1912263|
1912288|
1912289|
1912290|
1912291|
1912292|
1912293|
1912294|
1912295|
1912320|
1912321|
1912322|
1912323|
1912324|
1912325|
1912326|
1912327|
1912352|
1912353|
1912354|
1912355|
1912356|
1912357|
1912358|
1912359|
1912384|
1912385|
1912386|
1912387|
1912388|
1912389|
1912390|
1912391|
1912416|
1912417|
1912418|
1912419|
1912420|
1912421|
1912422|
1912423|
1912448|
1912449|
1912450|
1912451|
1912452|
1912453|
1912454|
1912455|
1912480|
1912481|
1912482|
1912483|
1912484|
1912485|
1912486|
1912487|
1912512|
1912513|
1912514|
1912515|
1912516|
1912517|
1912518|
1912519|
1912544|
1912545|
1912546|
1912547|
1912548|
1912549|
1912550|
1912551|
1912576|
1912577|
1912578|
1912579|
1912580|
1912581|
1912582|
1912583|
1912608|
1912609|
1912610|
1912611|
1912612|
1912613|
1912614|
1912615|
1912640|
1912641|
1912642|
1912643|
1912644|
1912645|
1912646|
1912647|
1912672|
1912673|
1912674|
1912675|
1912676|
1912677|
1912678|
1912679|
1912704|
1912705|
1912706|
1912707|
1912708|
1912709|
1912710|
1912711|
1912736|
1912737|
1912738|
1912739|
1912740|
1912741|
1912742|
1912743|
1912768|
1912769|
1912770|
1912771|
1912772|
1912773|
1912774|
1912775|
1912800|
1912801|
1912802|
1912803|
1912804|
1912805|
1912806|
1912807|
1912832|
1912833|
1912834|
1912835|
1912836|
1912837|
1912838|
1912839|
1912864|
1912865|
1912866|
1912867|
1912868|
1912869|
1912870|
1912871|
1912896|
1912897|
1912898|
1912899|
1912900|
1912901|
1912902|
1912903|
1912928|
1912929|
1912930|
1912931|
1912932|
1912933|
1912934|
1912935|
1912960|
1912961|
1912962|
1912963|
1912964|
1912965|
1912966|
1912967|
1912992|
1912993|
1912994|
1912995|
1912996|
1912997|
1912998|
1912999|
1913024|
1913025|
1913026|
1913027|
1913028|
1913029|
1913030|
1913031|
1913056|
1913057|
1913058|
1913059|
1913060|
1913061|
1913062|
1913063|
1913088|
1913089|
1913090|
1913091|
1913092|
1913093|
1913094|
1913095|
1913120|
1913121|
1913122|
1913123|
1913124|
1913125|
1913126|
1913127|
1913152|
1913153|
1913154|
1913155|
1913156|
1913157|
1913158|
1913159|
1913184|
1913185|
1913186|
1913187|
1913188|
1913189|
1913190|
1913191|
1913216|
1913217|
1913218|
1913219|
1913220|
1913221|
1913222|
1913223|
1913248|
1913249|
1913250|
1913251|
1913252|
1913253|
1913254|
1913255|
1913280|
1913281|
1913282|
1913283|
1913284|
1913285|
1913286|
1913287|
1913312|
1913313|
1913314|
1913315|
1913316|
1913317|
1913318|
1913319|
1913344|
1913345|
1913346|
1913347|
1913348|
1913349|
1913350|
1913351|
1913376|
1913377|
1913378|
1913379|
1913380|
1913381|
1913382|
1913383|
1913408|
1913409|
1913410|
1913411|
1913412|
1913413|
1913414|
1913415|
1913440|
1913441|
1913442|
1913443|
1913444|
1913445|
1913446|
1913447|
1913472|
1913473|
1913474|
1913475|
1913476|
1913477|
1913478|
1913479|
1913504|
1913505|
1913506|
1913507|
1913508|
1913509|
1913510|
1913511|
1913536|
1913537|
1913538|
1913539|
1913540|
1913541|
1913542|
1913543|
1913568|
1913569|
1913570|
1913571|
1913572|
1913573|
1913574|
1913575|
1913600|
1913601|
1913602|
1913603|
1913604|
1913605|
1913606|
1913607|
1913632|
1913633|
1913634|
1913635|
1913636|
1913637|
1913638|
1913639|
1913664|
1913665|
1913666|
1913667|
1913668|
1913669|
1913670|
1913671|
1913696|
1913697|
1913698|
1913699|
1913700|
1913701|
1913702|
1913703|
1913728|
1913729|
1913730|
1913731|
1913732|
1913733|
1913734|
1913735|
1913760|
1913761|
1913762|
1913763|
1913764|
1913765|
1913766|
1913767|
1913792|
1913793|
1913794|
1913795|
1913796|
1913797|
1913798|
1913799|
1913824|
1913825|
1913826|
1913827|
1913828|
1913829|
1913830|
1913831|
1913856|
1913857|
1913858|
1913859|
1913860|
1913861|
1913862|
1913863|
1913888|
1913889|
1913890|
1913891|
1913892|
1913893|
1913894|
1913895|
1913920|
1913921|
1913922|
1913923|
1913924|
1913925|
1913926|
1913927|
1913952|
1913953|
1913954|
1913955|
1913956|
1913957|
1913958|
1913959|
1913984|
1913985|
1913986|
1913987|
1913988|
