2729989|
2729990|
2729991|
2730016|
2730017|
2730018|
2730019|
2730020|
2730021|
2730022|
2730023|
2730048|
2730049|
2730050|
2730051|
2730052|
2730053|
2730054|
2730055|
2730080|
2730081|
2730082|
2730083|
2730084|
2730085|
2730086|
2730087|
2730112|
2730113|
2730114|
2730115|
2730116|
2730117|
2730118|
2730119|
2730144|
2730145|
2730146|
2730147|
2730148|
2730149|
2730150|
2730151|
2730176|
2730177|
2730178|
2730179|
2730180|
2730181|
2730182|
2730183|
2730208|
2730209|
2730210|
2730211|
2730212|
2730213|
2730214|
2730215|
2730240|
2730241|
2730242|
2730243|
2730244|
2730245|
2730246|
2730247|
2730272|
2730273|
2730274|
2730275|
2730276|
2730277|
2730278|
2730279|
2730304|
2730305|
2730306|
2730307|
2730308|
2730309|
2730310|
2730311|
2730336|
2730337|
2730338|
2730339|
2730340|
2730341|
2730342|
2730343|
2730368|
2730369|
2730370|
2730371|
2730372|
2730373|
2730374|
2730375|
2730400|
2730401|
2730402|
2730403|
2730404|
2730405|
2730406|
2730407|
2730432|
2730433|
2730434|
2730435|
2730436|
2730437|
2730438|
2730439|
2730464|
2730465|
2730466|
2730467|
2730468|
2730469|
2730470|
2730471|
2730496|
2730497|
2730498|
2730499|
2730500|
2730501|
2730502|
2730503|
2730528|
2730529|
2730530|
2730531|
2730532|
2730533|
2730534|
2730535|
2730560|
2730561|
2730562|
2730563|
2730564|
2730565|
2730566|
2730567|
2730592|
2730593|
2730594|
2730595|
2730596|
2730597|
2730598|
2730599|
2730624|
2730625|
2730626|
2730627|
2730628|
2730629|
2730630|
2730631|
2730656|
2730657|
2730658|
2730659|
2730660|
2730661|
2730662|
2730663|
2730688|
2730689|
2730690|
2730691|
2730692|
2730693|
2730694|
2730695|
2730720|
2730721|
2730722|
2730723|
2730724|
2730725|
2730726|
2730727|
2730752|
2730753|
2730754|
2730755|
2730756|
2730757|
2730758|
2730759|
2730784|
2730785|
2730786|
2730787|
2730788|
2730789|
2730790|
2730791|
2730816|
2730817|
2730818|
2730819|
2730820|
2730821|
2730822|
2730823|
2730848|
2730849|
2730850|
2730851|
2730852|
2730853|
2730854|
2730855|
2730880|
2730881|
2730882|
2730883|
2730884|
2730885|
2730886|
2730887|
2730912|
2730913|
2730914|
2730915|
2730916|
2730917|
2730918|
2730919|
2730944|
2730945|
2730946|
2730947|
2730948|
2730949|
2730950|
2730951|
2730976|
2730977|
2730978|
2730979|
2730980|
2730981|
2730982|
2730983|
2731008|
2731009|
2731010|
2731011|
2731012|
2731013|
2731014|
2731015|
2731040|
2731041|
2731042|
2731043|
2731044|
2731045|
2731046|
2731047|
2731072|
2731073|
2731074|
2731075|
2731076|
2731077|
2731078|
2731079|
2731104|
2731105|
2731106|
2731107|
2731108|
2731109|
2731110|
2731111|
2731136|
2731137|
2731138|
2731139|
2731140|
2731141|
2731142|
2731143|
2731168|
2731169|
2731170|
2731171|
2731172|
2731173|
2731174|
2731175|
2731200|
2731201|
2731202|
2731203|
2731204|
2731205|
2731206|
2731207|
2731232|
2731233|
2731234|
2731235|
2731236|
2731237|
2731238|
2731239|
2731264|
2731265|
2731266|
2731267|
2731268|
2731269|
2731270|
2731271|
2731296|
2731297|
2731298|
2731299|
2731300|
2731301|
2731302|
2731303|
2731328|
2731329|
2731330|
2731331|
2731332|
2731333|
2731334|
2731335|
2731360|
2731361|
2731362|
2731363|
2731364|
2731365|
2731366|
2731367|
2731392|
2731393|
2731394|
2731395|
2731396|
2731397|
2731398|
2731399|
2731424|
2731425|
2731426|
2731427|
2731428|
2731429|
2731430|
2731431|
2731456|
2731457|
2731458|
2731459|
2731460|
2731461|
2731462|
2731463|
2731488|
2731489|
2731490|
2731491|
2731492|
2731493|
2731494|
2731495|
2731520|
2731521|
2731522|
2731523|
2731524|
2731525|
2731526|
2731527|
2731552|
2731553|
2731554|
2731555|
2731556|
2731557|
2731558|
2731559|
2731584|
2731585|
2731586|
2731587|
2731588|
2731589|
2731590|
2731591|
2731616|
2731617|
2731618|
2731619|
2731620|
2731621|
2731622|
2731623|
2731648|
2731649|
2731650|
2731651|
2731652|
2731653|
2731654|
2731655|
2731680|
2731681|
2731682|
2731683|
2731684|
2731685|
2731686|
2731687|
2731712|
2731713|
2731714|
2731715|
2731716|
2731717|
2731718|
2731719|
2731744|
2731745|
2731746|
2731747|
2731748|
2731749|
2731750|
2731751|
2731776|
2731777|
2731778|
2731779|
2731780|
2731781|
2731782|
2731783|
2731808|
2731809|
2731810|
2731811|
2731812|
2731813|
2731814|
2731815|
2731840|
2731841|
2731842|
2731843|
2731844|
2731845|
2731846|
2731847|
2731872|
2731873|
2731874|
2731875|
2731876|
2731877|
2731878|
2731879|
2731904|
2731905|
2731906|
2731907|
2731908|
2731909|
2731910|
2731911|
2731936|
2731937|
2731938|
2731939|
2731940|
2731941|
2731942|
2731943|
2731968|
2731969|
2731970|
2731971|
2731972|
2731973|
2731974|
2731975|
2732000|
2732001|
2732002|
2732003|
2732004|
2732005|
2732006|
2732007|
2732032|
2732033|
2732034|
2732035|
2732036|
2732037|
2732038|
2732039|
2732064|
2732065|
2732066|
2732067|
2732068|
2732069|
2732070|
2732071|
2732096|
2732097|
2732098|
2732099|
2732100|
2732101|
2732102|
2732103|
2732128|
2732129|
2732130|
2732131|
2732132|
2732133|
2732134|
2732135|
2732160|
2732161|
2732162|
2732163|
2732164|
2732165|
2732166|
2732167|
2732192|
2732193|
2732194|
2732195|
2732196|
2732197|
2732198|
2732199|
2732224|
2732225|
2732226|
2732227|
2732228|
2732229|
2732230|
2732231|
2732256|
2732257|
2732258|
2732259|
2732260|
2732261|
2732262|
2732263|
2732288|
2732289|
2732290|
2732291|
2732292|
2732293|
2732294|
2732295|
2732320|
2732321|
2732322|
2732323|
2732324|
2732325|
2732326|
2732327|
2732352|
2732353|
2732354|
2732355|
2732356|
2732357|
2732358|
2732359|
2732384|
2732385|
2732386|
2732387|
2732388|
2732389|
2732390|
2732391|
2732416|
2732417|
2732418|
2732419|
2732420|
2732421|
2732422|
2732423|
2732448|
2732449|
2732450|
2732451|
2732452|
2732453|
2732454|
2732455|
2732480|
2732481|
2732482|
2732483|
2732484|
2732485|
2732486|
2732487|
2732512|
2732513|
2732514|
2732515|
2732516|
2732517|
2732518|
2732519|
2732544|
2732545|
2732546|
2732547|
2732548|
2732549|
2732550|
2732551|
2732576|
2732577|
2732578|
2732579|
2732580|
2732581|
2732582|
2732583|
2732608|
2732609|
2732610|
2732611|
2732612|
2732613|
2732614|
2732615|
2732640|
2732641|
2732642|
2732643|
2732644|
2732645|
2732646|
2732647|
2732672|
2732673|
2732674|
2732675|
2732676|
2732677|
2732678|
2732679|
2732704|
2732705|
2732706|
2732707|
2732708|
2732709|
2732710|
2732711|
2732736|
2732737|
2732738|
2732739|
2732740|
2732741|
2732742|
2732743|
2732768|
2732769|
2732770|
2732771|
2732772|
2732773|
2732774|
2732775|
2732800|
2732801|
2732802|
2732803|
2732804|
2732805|
2732806|
2732807|
2732832|
2732833|
2732834|
2732835|
2732836|
2732837|
2732838|
2732839|
2732864|
2732865|
2732866|
2732867|
2732868|
2732869|
2732870|
2732871|
2732896|
2732897|
2732898|
2732899|
2732900|
2732901|
2732902|
2732903|
2732928|
2732929|
2732930|
2732931|
2732932|
2732933|
2732934|
2732935|
2732960|
2732961|
2732962|
2732963|
2732964|
2732965|
2732966|
2732967|
2732992|
2732993|
2732994|
2732995|
2732996|
2732997|
2732998|
2732999|
2733024|
2733025|
2733026|
2733027|
2733028|
2733029|
2733030|
2733031|
2733056|
2733057|
2733058|
2733059|
2733060|
2733061|
2733062|
2733063|
2733088|
2733089|
2733090|
2733091|
2733092|
2733093|
2733094|
2733095|
2733120|
2733121|
2733122|
2733123|
2733124|
2733125|
2733126|
2733127|
2733152|
2733153|
2733154|
2733155|
2733156|
2733157|
2733158|
2733159|
2733184|
2733185|
2733186|
2733187|
2733188|
2733189|
2733190|
2733191|
2733216|
2733217|
2733218|
2733219|
2733220|
2733221|
2733222|
2733223|
2733248|
2733249|
2733250|
2733251|
2733252|
2733253|
2733254|
2733255|
2733280|
2733281|
2733282|
2733283|
2733284|
2733285|
2733286|
2733287|
2733312|
2733313|
2733314|
2733315|
2733316|
2733317|
2733318|
2733319|
2733344|
2733345|
2733346|
2733347|
2733348|
2733349|
2733350|
2733351|
2733376|
2733377|
2733378|
2733379|
2733380|
2733381|
2733382|
2733383|
2733408|
2733409|
2733410|
2733411|
2733412|
2733413|
2733414|
2733415|
2733440|
2733441|
2733442|
2733443|
2733444|
2733445|
2733446|
2733447|
2733472|
2733473|
2733474|
2733475|
2733476|
2733477|
2733478|
2733479|
2733504|
2733505|
2733506|
2733507|
2733508|
2733509|
2733510|
2733511|
2733536|
2733537|
2733538|
2733539|
2733540|
2733541|
2733542|
2733543|
2733568|
2733569|
2733570|
2733571|
2733572|
2733573|
2733574|
2733575|
2733600|
2733601|
2733602|
2733603|
2733604|
2733605|
2733606|
2733607|
2733632|
2733633|
2733634|
2733635|
2733636|
2733637|
2733638|
2733639|
2733664|
2733665|
2733666|
2733667|
2733668|
2733669|
2733670|
2733671|
2733696|
2733697|
2733698|
2733699|
2733700|
2733701|
2733702|
2733703|
2733728|
2733729|
2733730|
2733731|
2733732|
2733733|
2733734|
2733735|
2733760|
2733761|
2733762|
2733763|
2733764|
2733765|
2733766|
2733767|
2733792|
2733793|
2733794|
2733795|
2733796|
2733797|
2733798|
2733799|
2733824|
2733825|
2733826|
2733827|
2733828|
2733829|
2733830|
2733831|
2733856|
2733857|
2733858|
2733859|
2733860|
2733861|
2733862|
2733863|
2733888|
2733889|
2733890|
2733891|
2733892|
2733893|
2733894|
2733895|
2733920|
2733921|
2733922|
2733923|
2733924|
2733925|
2733926|
2733927|
2733952|
2733953|
2733954|
2733955|
2733956|
2733957|
2733958|
2733959|
2733984|
2733985|
2733986|
2733987|
2733988|
2733989|
2733990|
2733991|
2734016|
2734017|
2734018|
2734019|
2734020|
2734021|
2734022|
2734023|
2734048|
2734049|
2734050|
2734051|
2734052|
2734053|
2734054|
2734055|
2734080|
2734081|
2734082|
2734083|
2734084|
2734085|
2734086|
2734087|
2734112|
2734113|
2734114|
2734115|
2734116|
2734117|
2734118|
2734119|
2734144|
2734145|
2734146|
2734147|
2734148|
2734149|
2734150|
2734151|
2734176|
2734177|
2734178|
2734179|
2734180|
2734181|
2734182|
2734183|
2734208|
2734209|
2734210|
2734211|
2734212|
2734213|
2734214|
2734215|
2734240|
2734241|
2734242|
2734243|
2734244|
2734245|
2734246|
2734247|
2734272|
2734273|
2734274|
2734275|
2734276|
2734277|
2734278|
2734279|
2734304|
2734305|
2734306|
2734307|
2734308|
2734309|
2734310|
2734311|
2734336|
2734337|
2734338|
2734339|
2734340|
2734341|
2734342|
2734343|
2734368|
2734369|
2734370|
2734371|
2734372|
2734373|
2734374|
2734375|
2734400|
2734401|
2734402|
2734403|
2734404|
2734405|
2734406|
2734407|
2734432|
2734433|
2734434|
2734435|
2734436|
2734437|
2734438|
2734439|
2734464|
2734465|
2734466|
2734467|
2734468|
2734469|
2734470|
2734471|
2734496|
2734497|
2734498|
2734499|
2734500|
2734501|
2734502|
2734503|
2734528|
2734529|
2734530|
2734531|
2734532|
2734533|
2734534|
2734535|
2734560|
2734561|
2734562|
2734563|
2734564|
2734565|
2734566|
2734567|
2734592|
2734593|
2734594|
2734595|
2734596|
2734597|
2734598|
2734599|
2734624|
2734625|
2734626|
2734627|
2734628|
2734629|
2734630|
2734631|
2734656|
2734657|
2734658|
2734659|
2734660|
2734661|
2734662|
2734663|
2734688|
2734689|
2734690|
2734691|
2734692|
2734693|
2734694|
2734695|
2734720|
2734721|
2734722|
2734723|
2734724|
2734725|
2734726|
2734727|
2734752|
2734753|
2734754|
2734755|
2734756|
2734757|
2734758|
2734759|
2734784|
2734785|
2734786|
2734787|
2734788|
2734789|
2734790|
2734791|
2734816|
2734817|
2734818|
2734819|
2734820|
2734821|
2734822|
2734823|
2734848|
2734849|
2734850|
2734851|
2734852|
2734853|
2734854|
2734855|
2734880|
2734881|
2734882|
2734883|
2734884|
2734885|
2734886|
2734887|
2734912|
2734913|
2734914|
2734915|
2734916|
2734917|
2734918|
2734919|
2734944|
2734945|
2734946|
2734947|
2734948|
2734949|
2734950|
2734951|
2734976|
2734977|
2734978|
2734979|
2734980|
2734981|
2734982|
2734983|
2735008|
2735009|
2735010|
2735011|
2735012|
2735013|
2735014|
2735015|
2735040|
2735041|
2735042|
2735043|
2735044|
2735045|
2735046|
2735047|
2735072|
2735073|
2735074|
2735075|
2735076|
2735077|
2735078|
2735079|
2735104|
2735105|
2735106|
2735107|
2735108|
2735109|
2735110|
2735111|
2735136|
2735137|
2735138|
2735139|
2735140|
2735141|
2735142|
2735143|
2735168|
2735169|
2735170|
2735171|
2735172|
2735173|
2735174|
2735175|
2735200|
2735201|
2735202|
2735203|
2735204|
2735205|
2735206|
2735207|
2735232|
2735233|
2735234|
2735235|
2735236|
2735237|
2735238|
2735239|
2735264|
2735265|
2735266|
2735267|
2735268|
2735269|
2735270|
2735271|
2735296|
2735297|
2735298|
2735299|
2735300|
2735301|
2735302|
2735303|
2735328|
2735329|
2735330|
2735331|
2735332|
2735333|
2735334|
2735335|
2735360|
2735361|
2735362|
2735363|
2735364|
2735365|
2735366|
2735367|
2735392|
2735393|
2735394|
2735395|
2735396|
2735397|
2735398|
2735399|
2735424|
2735425|
2735426|
2735427|
2735428|
2735429|
2735430|
2735431|
2735456|
2735457|
2735458|
2735459|
2735460|
2735461|
2735462|
2735463|
2735488|
2735489|
2735490|
2735491|
2735492|
2735493|
2735494|
2735495|
2735520|
2735521|
2735522|
2735523|
2735524|
2735525|
2735526|
2735527|
2735552|
2735553|
2735554|
2735555|
2735556|
2735557|
2735558|
2735559|
2735584|
2735585|
2735586|
2735587|
2735588|
2735589|
2735590|
2735591|
2735616|
2735617|
2735618|
2735619|
2735620|
2735621|
2735622|
2735623|
2735648|
2735649|
2735650|
2735651|
2735652|
2735653|
2735654|
2735655|
2735680|
2735681|
2735682|
2735683|
2735684|
2735685|
2735686|
2735687|
2735712|
2735713|
2735714|
2735715|
2735716|
2735717|
2735718|
2735719|
2735744|
2735745|
2735746|
2735747|
2735748|
2735749|
2735750|
2735751|
2735776|
2735777|
2735778|
2735779|
2735780|
2735781|
2735782|
2735783|
2735808|
2735809|
2735810|
2735811|
2735812|
2735813|
2735814|
2735815|
2735840|
2735841|
2735842|
2735843|
2735844|
2735845|
2735846|
2735847|
2735872|
2735873|
2735874|
2735875|
2735876|
2735877|
2735878|
2735879|
2735904|
2735905|
2735906|
2735907|
2735908|
2735909|
2735910|
2735911|
2735936|
2735937|
2735938|
2735939|
2735940|
2735941|
2735942|
2735943|
2735968|
2735969|
2735970|
2735971|
2735972|
2735973|
2735974|
2735975|
2736000|
