1824001|
1824002|
1824003|
1824004|
1824005|
1824006|
1824007|
1824032|
1824033|
1824034|
1824035|
1824036|
1824037|
1824038|
1824039|
1824064|
1824065|
1824066|
1824067|
1824068|
1824069|
1824070|
1824071|
1824096|
1824097|
1824098|
1824099|
1824100|
1824101|
1824102|
1824103|
1824128|
1824129|
1824130|
1824131|
1824132|
1824133|
1824134|
1824135|
1824160|
1824161|
1824162|
1824163|
1824164|
1824165|
1824166|
1824167|
1824192|
1824193|
1824194|
1824195|
1824196|
1824197|
1824198|
1824199|
1824224|
1824225|
1824226|
1824227|
1824228|
1824229|
1824230|
1824231|
1824256|
1824257|
1824258|
1824259|
1824260|
1824261|
1824262|
1824263|
1824288|
1824289|
1824290|
1824291|
1824292|
1824293|
1824294|
1824295|
1824320|
1824321|
1824322|
1824323|
1824324|
1824325|
1824326|
1824327|
1824352|
1824353|
1824354|
1824355|
1824356|
1824357|
1824358|
1824359|
1824384|
1824385|
1824386|
1824387|
1824388|
1824389|
1824390|
1824391|
1824416|
1824417|
1824418|
1824419|
1824420|
1824421|
1824422|
1824423|
1824448|
1824449|
1824450|
1824451|
1824452|
1824453|
1824454|
1824455|
1824480|
1824481|
1824482|
1824483|
1824484|
1824485|
1824486|
1824487|
1824512|
1824513|
1824514|
1824515|
1824516|
1824517|
1824518|
1824519|
1824544|
1824545|
1824546|
1824547|
1824548|
1824549|
1824550|
1824551|
1824576|
1824577|
1824578|
1824579|
1824580|
1824581|
1824582|
1824583|
1824608|
1824609|
1824610|
1824611|
1824612|
1824613|
1824614|
1824615|
1824640|
1824641|
1824642|
1824643|
1824644|
1824645|
1824646|
1824647|
1824672|
1824673|
1824674|
1824675|
1824676|
1824677|
1824678|
1824679|
1824704|
1824705|
1824706|
1824707|
1824708|
1824709|
1824710|
1824711|
1824736|
1824737|
1824738|
1824739|
1824740|
1824741|
1824742|
1824743|
1824768|
1824769|
1824770|
1824771|
1824772|
1824773|
1824774|
1824775|
1824800|
1824801|
1824802|
1824803|
1824804|
1824805|
1824806|
1824807|
1824832|
1824833|
1824834|
1824835|
1824836|
1824837|
1824838|
1824839|
1824864|
1824865|
1824866|
1824867|
1824868|
1824869|
1824870|
1824871|
1824896|
1824897|
1824898|
1824899|
1824900|
1824901|
1824902|
1824903|
1824928|
1824929|
1824930|
1824931|
1824932|
1824933|
1824934|
1824935|
1824960|
1824961|
1824962|
1824963|
1824964|
1824965|
1824966|
1824967|
1824992|
1824993|
1824994|
1824995|
1824996|
1824997|
1824998|
1824999|
1825024|
1825025|
1825026|
1825027|
1825028|
1825029|
1825030|
1825031|
1825056|
1825057|
1825058|
1825059|
1825060|
1825061|
1825062|
1825063|
1825088|
1825089|
1825090|
1825091|
1825092|
1825093|
1825094|
1825095|
1825120|
1825121|
1825122|
1825123|
1825124|
1825125|
1825126|
1825127|
1825152|
1825153|
1825154|
1825155|
1825156|
1825157|
1825158|
1825159|
1825184|
1825185|
1825186|
1825187|
1825188|
1825189|
1825190|
1825191|
1825216|
1825217|
1825218|
1825219|
1825220|
1825221|
1825222|
1825223|
1825248|
1825249|
1825250|
1825251|
1825252|
1825253|
1825254|
1825255|
1825280|
1825281|
1825282|
1825283|
1825284|
1825285|
1825286|
1825287|
1825312|
1825313|
1825314|
1825315|
1825316|
1825317|
1825318|
1825319|
1825344|
1825345|
1825346|
1825347|
1825348|
1825349|
1825350|
1825351|
1825376|
1825377|
1825378|
1825379|
1825380|
1825381|
1825382|
1825383|
1825408|
1825409|
1825410|
1825411|
1825412|
1825413|
1825414|
1825415|
1825440|
1825441|
1825442|
1825443|
1825444|
1825445|
1825446|
1825447|
1825472|
1825473|
1825474|
1825475|
1825476|
1825477|
1825478|
1825479|
1825504|
1825505|
1825506|
1825507|
1825508|
1825509|
1825510|
1825511|
1825536|
1825537|
1825538|
1825539|
1825540|
1825541|
1825542|
1825543|
1825568|
1825569|
1825570|
1825571|
1825572|
1825573|
1825574|
1825575|
1825600|
1825601|
1825602|
1825603|
1825604|
1825605|
1825606|
1825607|
1825632|
1825633|
1825634|
1825635|
1825636|
1825637|
1825638|
1825639|
1825664|
1825665|
1825666|
1825667|
1825668|
1825669|
1825670|
1825671|
1825696|
1825697|
1825698|
1825699|
1825700|
1825701|
1825702|
1825703|
1825728|
1825729|
1825730|
1825731|
1825732|
1825733|
1825734|
1825735|
1825760|
1825761|
1825762|
1825763|
1825764|
1825765|
1825766|
1825767|
1825792|
1825793|
1825794|
1825795|
1825796|
1825797|
1825798|
1825799|
1825824|
1825825|
1825826|
1825827|
1825828|
1825829|
1825830|
1825831|
1825856|
1825857|
1825858|
1825859|
1825860|
1825861|
1825862|
1825863|
1825888|
1825889|
1825890|
1825891|
1825892|
1825893|
1825894|
1825895|
1825920|
1825921|
1825922|
1825923|
1825924|
1825925|
1825926|
1825927|
1825952|
1825953|
1825954|
1825955|
1825956|
1825957|
1825958|
1825959|
1825984|
1825985|
1825986|
1825987|
1825988|
1825989|
1825990|
1825991|
1826016|
1826017|
1826018|
1826019|
1826020|
1826021|
1826022|
1826023|
1826048|
1826049|
1826050|
1826051|
1826052|
1826053|
1826054|
1826055|
1826080|
1826081|
1826082|
1826083|
1826084|
1826085|
1826086|
1826087|
1826112|
1826113|
1826114|
1826115|
1826116|
1826117|
1826118|
1826119|
1826144|
1826145|
1826146|
1826147|
1826148|
1826149|
1826150|
1826151|
1826176|
1826177|
1826178|
1826179|
1826180|
1826181|
1826182|
1826183|
1826208|
1826209|
1826210|
1826211|
1826212|
1826213|
1826214|
1826215|
1826240|
1826241|
1826242|
1826243|
1826244|
1826245|
1826246|
1826247|
1826272|
1826273|
1826274|
1826275|
1826276|
1826277|
1826278|
1826279|
1826304|
1826305|
1826306|
1826307|
1826308|
1826309|
1826310|
1826311|
1826336|
1826337|
1826338|
1826339|
1826340|
1826341|
1826342|
1826343|
1826368|
1826369|
1826370|
1826371|
1826372|
1826373|
1826374|
1826375|
1826400|
1826401|
1826402|
1826403|
1826404|
1826405|
1826406|
1826407|
1826432|
1826433|
1826434|
1826435|
1826436|
1826437|
1826438|
1826439|
1826464|
1826465|
1826466|
1826467|
1826468|
1826469|
1826470|
1826471|
1826496|
1826497|
1826498|
1826499|
1826500|
1826501|
1826502|
1826503|
1826528|
1826529|
1826530|
1826531|
1826532|
1826533|
1826534|
1826535|
1826560|
1826561|
1826562|
1826563|
1826564|
1826565|
1826566|
1826567|
1826592|
1826593|
1826594|
1826595|
1826596|
1826597|
1826598|
1826599|
1826624|
1826625|
1826626|
1826627|
1826628|
1826629|
1826630|
1826631|
1826656|
1826657|
1826658|
1826659|
1826660|
1826661|
1826662|
1826663|
1826688|
1826689|
1826690|
1826691|
1826692|
1826693|
1826694|
1826695|
1826720|
1826721|
1826722|
1826723|
1826724|
1826725|
1826726|
1826727|
1826752|
1826753|
1826754|
1826755|
1826756|
1826757|
1826758|
1826759|
1826784|
1826785|
1826786|
1826787|
1826788|
1826789|
1826790|
1826791|
1826816|
1826817|
1826818|
1826819|
1826820|
1826821|
1826822|
1826823|
1826848|
1826849|
1826850|
1826851|
1826852|
1826853|
1826854|
1826855|
1826880|
1826881|
1826882|
1826883|
1826884|
1826885|
1826886|
1826887|
1826912|
1826913|
1826914|
1826915|
1826916|
1826917|
1826918|
1826919|
1826944|
1826945|
1826946|
1826947|
1826948|
1826949|
1826950|
1826951|
1826976|
1826977|
1826978|
1826979|
1826980|
1826981|
1826982|
1826983|
1827008|
1827009|
1827010|
1827011|
1827012|
1827013|
1827014|
1827015|
1827040|
1827041|
1827042|
1827043|
1827044|
1827045|
1827046|
1827047|
1827072|
1827073|
1827074|
1827075|
1827076|
1827077|
1827078|
1827079|
1827104|
1827105|
1827106|
1827107|
1827108|
1827109|
1827110|
1827111|
1827136|
1827137|
1827138|
1827139|
1827140|
1827141|
1827142|
1827143|
1827168|
1827169|
1827170|
1827171|
1827172|
1827173|
1827174|
1827175|
1827200|
1827201|
1827202|
1827203|
1827204|
1827205|
1827206|
1827207|
1827232|
1827233|
1827234|
1827235|
1827236|
1827237|
1827238|
1827239|
1827264|
1827265|
1827266|
1827267|
1827268|
1827269|
1827270|
1827271|
1827296|
1827297|
1827298|
1827299|
1827300|
1827301|
1827302|
1827303|
1827328|
1827329|
1827330|
1827331|
1827332|
1827333|
1827334|
1827335|
1827360|
1827361|
1827362|
1827363|
1827364|
1827365|
1827366|
1827367|
1827392|
1827393|
1827394|
1827395|
1827396|
1827397|
1827398|
1827399|
1827424|
1827425|
1827426|
1827427|
1827428|
1827429|
1827430|
1827431|
1827456|
1827457|
1827458|
1827459|
1827460|
1827461|
1827462|
1827463|
1827488|
1827489|
1827490|
1827491|
1827492|
1827493|
1827494|
1827495|
1827520|
1827521|
1827522|
1827523|
1827524|
1827525|
1827526|
1827527|
1827552|
1827553|
1827554|
1827555|
1827556|
1827557|
1827558|
1827559|
1827584|
1827585|
1827586|
1827587|
1827588|
1827589|
1827590|
1827591|
1827616|
1827617|
1827618|
1827619|
1827620|
1827621|
1827622|
1827623|
1827648|
1827649|
1827650|
1827651|
1827652|
1827653|
1827654|
1827655|
1827680|
1827681|
1827682|
1827683|
1827684|
1827685|
1827686|
1827687|
1827712|
1827713|
1827714|
1827715|
1827716|
1827717|
1827718|
1827719|
1827744|
1827745|
1827746|
1827747|
1827748|
1827749|
1827750|
1827751|
1827776|
1827777|
1827778|
1827779|
1827780|
1827781|
1827782|
1827783|
1827808|
1827809|
1827810|
1827811|
1827812|
1827813|
1827814|
1827815|
1827840|
1827841|
1827842|
1827843|
1827844|
1827845|
1827846|
1827847|
1827872|
1827873|
1827874|
1827875|
1827876|
1827877|
1827878|
1827879|
1827904|
1827905|
1827906|
1827907|
1827908|
1827909|
1827910|
1827911|
1827936|
1827937|
1827938|
1827939|
1827940|
1827941|
1827942|
1827943|
1827968|
1827969|
1827970|
1827971|
1827972|
1827973|
1827974|
1827975|
1828000|
1828001|
1828002|
1828003|
1828004|
1828005|
1828006|
1828007|
1828032|
1828033|
1828034|
1828035|
1828036|
1828037|
1828038|
1828039|
1828064|
1828065|
1828066|
1828067|
1828068|
1828069|
1828070|
1828071|
1828096|
1828097|
1828098|
1828099|
1828100|
1828101|
1828102|
1828103|
1828128|
1828129|
1828130|
1828131|
1828132|
1828133|
1828134|
1828135|
1828160|
1828161|
1828162|
1828163|
1828164|
1828165|
1828166|
1828167|
1828192|
1828193|
1828194|
1828195|
1828196|
1828197|
1828198|
1828199|
1828224|
1828225|
1828226|
1828227|
1828228|
1828229|
1828230|
1828231|
1828256|
1828257|
1828258|
1828259|
1828260|
1828261|
1828262|
1828263|
1828288|
1828289|
1828290|
1828291|
1828292|
1828293|
1828294|
1828295|
1828320|
1828321|
1828322|
1828323|
1828324|
1828325|
1828326|
1828327|
1828352|
1828353|
1828354|
1828355|
1828356|
1828357|
1828358|
1828359|
1828384|
1828385|
1828386|
1828387|
1828388|
1828389|
1828390|
1828391|
1828416|
1828417|
1828418|
1828419|
1828420|
1828421|
1828422|
1828423|
1828448|
1828449|
1828450|
1828451|
1828452|
1828453|
1828454|
1828455|
1828480|
1828481|
1828482|
1828483|
1828484|
1828485|
1828486|
1828487|
1828512|
1828513|
1828514|
1828515|
1828516|
1828517|
1828518|
1828519|
1828544|
1828545|
1828546|
1828547|
1828548|
1828549|
1828550|
1828551|
1828576|
1828577|
1828578|
1828579|
1828580|
1828581|
1828582|
1828583|
1828608|
1828609|
1828610|
1828611|
1828612|
1828613|
1828614|
1828615|
1828640|
1828641|
1828642|
1828643|
1828644|
1828645|
1828646|
1828647|
1828672|
1828673|
1828674|
1828675|
1828676|
1828677|
1828678|
1828679|
1828704|
1828705|
1828706|
1828707|
1828708|
1828709|
1828710|
1828711|
1828736|
1828737|
1828738|
1828739|
1828740|
1828741|
1828742|
1828743|
1828768|
1828769|
1828770|
1828771|
1828772|
1828773|
1828774|
1828775|
1828800|
1828801|
1828802|
1828803|
1828804|
1828805|
1828806|
1828807|
1828832|
1828833|
1828834|
1828835|
1828836|
1828837|
1828838|
1828839|
1828864|
1828865|
1828866|
1828867|
1828868|
1828869|
1828870|
1828871|
1828896|
1828897|
1828898|
1828899|
1828900|
1828901|
1828902|
1828903|
1828928|
1828929|
1828930|
1828931|
1828932|
1828933|
1828934|
1828935|
1828960|
1828961|
1828962|
1828963|
1828964|
1828965|
1828966|
1828967|
1828992|
1828993|
1828994|
1828995|
1828996|
1828997|
1828998|
1828999|
1829024|
1829025|
1829026|
1829027|
1829028|
1829029|
1829030|
1829031|
1829056|
1829057|
1829058|
1829059|
1829060|
1829061|
1829062|
1829063|
1829088|
1829089|
1829090|
1829091|
1829092|
1829093|
1829094|
1829095|
1829120|
1829121|
1829122|
1829123|
1829124|
1829125|
1829126|
1829127|
1829152|
1829153|
1829154|
1829155|
1829156|
1829157|
1829158|
1829159|
1829184|
1829185|
1829186|
1829187|
1829188|
1829189|
1829190|
1829191|
1829216|
1829217|
1829218|
1829219|
1829220|
1829221|
1829222|
1829223|
1829248|
1829249|
1829250|
1829251|
1829252|
1829253|
1829254|
1829255|
1829280|
1829281|
1829282|
1829283|
1829284|
1829285|
1829286|
1829287|
1829312|
1829313|
1829314|
1829315|
1829316|
1829317|
1829318|
1829319|
1829344|
1829345|
1829346|
1829347|
1829348|
1829349|
1829350|
1829351|
1829376|
1829377|
1829378|
1829379|
1829380|
1829381|
1829382|
1829383|
1829408|
1829409|
1829410|
1829411|
1829412|
1829413|
1829414|
1829415|
1829440|
1829441|
1829442|
1829443|
1829444|
1829445|
1829446|
1829447|
1829472|
1829473|
1829474|
1829475|
1829476|
1829477|
1829478|
1829479|
1829504|
1829505|
1829506|
1829507|
1829508|
1829509|
1829510|
1829511|
1829536|
1829537|
1829538|
1829539|
1829540|
1829541|
1829542|
1829543|
1829568|
1829569|
1829570|
1829571|
1829572|
1829573|
1829574|
1829575|
1829600|
1829601|
1829602|
1829603|
1829604|
1829605|
1829606|
1829607|
1829632|
1829633|
1829634|
1829635|
1829636|
1829637|
1829638|
1829639|
1829664|
1829665|
1829666|
1829667|
1829668|
1829669|
1829670|
1829671|
1829696|
1829697|
1829698|
1829699|
1829700|
1829701|
1829702|
1829703|
1829728|
1829729|
1829730|
1829731|
1829732|
1829733|
1829734|
1829735|
1829760|
1829761|
1829762|
1829763|
1829764|
1829765|
1829766|
1829767|
1829792|
1829793|
1829794|
1829795|
1829796|
1829797|
1829798|
1829799|
1829824|
1829825|
1829826|
1829827|
1829828|
1829829|
1829830|
1829831|
1829856|
1829857|
1829858|
1829859|
1829860|
1829861|
1829862|
1829863|
1829888|
1829889|
1829890|
1829891|
1829892|
1829893|
1829894|
1829895|
1829920|
1829921|
1829922|
1829923|
1829924|
1829925|
1829926|
1829927|
1829952|
1829953|
1829954|
1829955|
1829956|
1829957|
1829958|
1829959|
1829984|
1829985|
1829986|
1829987|
1829988|
