2789989|
2789990|
2789991|
2790016|
2790017|
2790018|
2790019|
2790020|
2790021|
2790022|
2790023|
2790048|
2790049|
2790050|
2790051|
2790052|
2790053|
2790054|
2790055|
2790080|
2790081|
2790082|
2790083|
2790084|
2790085|
2790086|
2790087|
2790112|
2790113|
2790114|
2790115|
2790116|
2790117|
2790118|
2790119|
2790144|
2790145|
2790146|
2790147|
2790148|
2790149|
2790150|
2790151|
2790176|
2790177|
2790178|
2790179|
2790180|
2790181|
2790182|
2790183|
2790208|
2790209|
2790210|
2790211|
2790212|
2790213|
2790214|
2790215|
2790240|
2790241|
2790242|
2790243|
2790244|
2790245|
2790246|
2790247|
2790272|
2790273|
2790274|
2790275|
2790276|
2790277|
2790278|
2790279|
2790304|
2790305|
2790306|
2790307|
2790308|
2790309|
2790310|
2790311|
2790336|
2790337|
2790338|
2790339|
2790340|
2790341|
2790342|
2790343|
2790368|
2790369|
2790370|
2790371|
2790372|
2790373|
2790374|
2790375|
2790400|
2790401|
2790402|
2790403|
2790404|
2790405|
2790406|
2790407|
2790432|
2790433|
2790434|
2790435|
2790436|
2790437|
2790438|
2790439|
2790464|
2790465|
2790466|
2790467|
2790468|
2790469|
2790470|
2790471|
2790496|
2790497|
2790498|
2790499|
2790500|
2790501|
2790502|
2790503|
2790528|
2790529|
2790530|
2790531|
2790532|
2790533|
2790534|
2790535|
2790560|
2790561|
2790562|
2790563|
2790564|
2790565|
2790566|
2790567|
2790592|
2790593|
2790594|
2790595|
2790596|
2790597|
2790598|
2790599|
2790624|
2790625|
2790626|
2790627|
2790628|
2790629|
2790630|
2790631|
2790656|
2790657|
2790658|
2790659|
2790660|
2790661|
2790662|
2790663|
2790688|
2790689|
2790690|
2790691|
2790692|
2790693|
2790694|
2790695|
2790720|
2790721|
2790722|
2790723|
2790724|
2790725|
2790726|
2790727|
2790752|
2790753|
2790754|
2790755|
2790756|
2790757|
2790758|
2790759|
2790784|
2790785|
2790786|
2790787|
2790788|
2790789|
2790790|
2790791|
2790816|
2790817|
2790818|
2790819|
2790820|
2790821|
2790822|
2790823|
2790848|
2790849|
2790850|
2790851|
2790852|
2790853|
2790854|
2790855|
2790880|
2790881|
2790882|
2790883|
2790884|
2790885|
2790886|
2790887|
2790912|
2790913|
2790914|
2790915|
2790916|
2790917|
2790918|
2790919|
2790944|
2790945|
2790946|
2790947|
2790948|
2790949|
2790950|
2790951|
2790976|
2790977|
2790978|
2790979|
2790980|
2790981|
2790982|
2790983|
2791008|
2791009|
2791010|
2791011|
2791012|
2791013|
2791014|
2791015|
2791040|
2791041|
2791042|
2791043|
2791044|
2791045|
2791046|
2791047|
2791072|
2791073|
2791074|
2791075|
2791076|
2791077|
2791078|
2791079|
2791104|
2791105|
2791106|
2791107|
2791108|
2791109|
2791110|
2791111|
2791136|
2791137|
2791138|
2791139|
2791140|
2791141|
2791142|
2791143|
2791168|
2791169|
2791170|
2791171|
2791172|
2791173|
2791174|
2791175|
2791200|
2791201|
2791202|
2791203|
2791204|
2791205|
2791206|
2791207|
2791232|
2791233|
2791234|
2791235|
2791236|
2791237|
2791238|
2791239|
2791264|
2791265|
2791266|
2791267|
2791268|
2791269|
2791270|
2791271|
2791296|
2791297|
2791298|
2791299|
2791300|
2791301|
2791302|
2791303|
2791328|
2791329|
2791330|
2791331|
2791332|
2791333|
2791334|
2791335|
2791360|
2791361|
2791362|
2791363|
2791364|
2791365|
2791366|
2791367|
2791392|
2791393|
2791394|
2791395|
2791396|
2791397|
2791398|
2791399|
2791424|
2791425|
2791426|
2791427|
2791428|
2791429|
2791430|
2791431|
2791456|
2791457|
2791458|
2791459|
2791460|
2791461|
2791462|
2791463|
2791488|
2791489|
2791490|
2791491|
2791492|
2791493|
2791494|
2791495|
2791520|
2791521|
2791522|
2791523|
2791524|
2791525|
2791526|
2791527|
2791552|
2791553|
2791554|
2791555|
2791556|
2791557|
2791558|
2791559|
2791584|
2791585|
2791586|
2791587|
2791588|
2791589|
2791590|
2791591|
2791616|
2791617|
2791618|
2791619|
2791620|
2791621|
2791622|
2791623|
2791648|
2791649|
2791650|
2791651|
2791652|
2791653|
2791654|
2791655|
2791680|
2791681|
2791682|
2791683|
2791684|
2791685|
2791686|
2791687|
2791712|
2791713|
2791714|
2791715|
2791716|
2791717|
2791718|
2791719|
2791744|
2791745|
2791746|
2791747|
2791748|
2791749|
2791750|
2791751|
2791776|
2791777|
2791778|
2791779|
2791780|
2791781|
2791782|
2791783|
2791808|
2791809|
2791810|
2791811|
2791812|
2791813|
2791814|
2791815|
2791840|
2791841|
2791842|
2791843|
2791844|
2791845|
2791846|
2791847|
2791872|
2791873|
2791874|
2791875|
2791876|
2791877|
2791878|
2791879|
2791904|
2791905|
2791906|
2791907|
2791908|
2791909|
2791910|
2791911|
2791936|
2791937|
2791938|
2791939|
2791940|
2791941|
2791942|
2791943|
2791968|
2791969|
2791970|
2791971|
2791972|
2791973|
2791974|
2791975|
2792000|
2792001|
2792002|
2792003|
2792004|
2792005|
2792006|
2792007|
2792032|
2792033|
2792034|
2792035|
2792036|
2792037|
2792038|
2792039|
2792064|
2792065|
2792066|
2792067|
2792068|
2792069|
2792070|
2792071|
2792096|
2792097|
2792098|
2792099|
2792100|
2792101|
2792102|
2792103|
2792128|
2792129|
2792130|
2792131|
2792132|
2792133|
2792134|
2792135|
2792160|
2792161|
2792162|
2792163|
2792164|
2792165|
2792166|
2792167|
2792192|
2792193|
2792194|
2792195|
2792196|
2792197|
2792198|
2792199|
2792224|
2792225|
2792226|
2792227|
2792228|
2792229|
2792230|
2792231|
2792256|
2792257|
2792258|
2792259|
2792260|
2792261|
2792262|
2792263|
2792288|
2792289|
2792290|
2792291|
2792292|
2792293|
2792294|
2792295|
2792320|
2792321|
2792322|
2792323|
2792324|
2792325|
2792326|
2792327|
2792352|
2792353|
2792354|
2792355|
2792356|
2792357|
2792358|
2792359|
2792384|
2792385|
2792386|
2792387|
2792388|
2792389|
2792390|
2792391|
2792416|
2792417|
2792418|
2792419|
2792420|
2792421|
2792422|
2792423|
2792448|
2792449|
2792450|
2792451|
2792452|
2792453|
2792454|
2792455|
2792480|
2792481|
2792482|
2792483|
2792484|
2792485|
2792486|
2792487|
2792512|
2792513|
2792514|
2792515|
2792516|
2792517|
2792518|
2792519|
2792544|
2792545|
2792546|
2792547|
2792548|
2792549|
2792550|
2792551|
2792576|
2792577|
2792578|
2792579|
2792580|
2792581|
2792582|
2792583|
2792608|
2792609|
2792610|
2792611|
2792612|
2792613|
2792614|
2792615|
2792640|
2792641|
2792642|
2792643|
2792644|
2792645|
2792646|
2792647|
2792672|
2792673|
2792674|
2792675|
2792676|
2792677|
2792678|
2792679|
2792704|
2792705|
2792706|
2792707|
2792708|
2792709|
2792710|
2792711|
2792736|
2792737|
2792738|
2792739|
2792740|
2792741|
2792742|
2792743|
2792768|
2792769|
2792770|
2792771|
2792772|
2792773|
2792774|
2792775|
2792800|
2792801|
2792802|
2792803|
2792804|
2792805|
2792806|
2792807|
2792832|
2792833|
2792834|
2792835|
2792836|
2792837|
2792838|
2792839|
2792864|
2792865|
2792866|
2792867|
2792868|
2792869|
2792870|
2792871|
2792896|
2792897|
2792898|
2792899|
2792900|
2792901|
2792902|
2792903|
2792928|
2792929|
2792930|
2792931|
2792932|
2792933|
2792934|
2792935|
2792960|
2792961|
2792962|
2792963|
2792964|
2792965|
2792966|
2792967|
2792992|
2792993|
2792994|
2792995|
2792996|
2792997|
2792998|
2792999|
2793024|
2793025|
2793026|
2793027|
2793028|
2793029|
2793030|
2793031|
2793056|
2793057|
2793058|
2793059|
2793060|
2793061|
2793062|
2793063|
2793088|
2793089|
2793090|
2793091|
2793092|
2793093|
2793094|
2793095|
2793120|
2793121|
2793122|
2793123|
2793124|
2793125|
2793126|
2793127|
2793152|
2793153|
2793154|
2793155|
2793156|
2793157|
2793158|
2793159|
2793184|
2793185|
2793186|
2793187|
2793188|
2793189|
2793190|
2793191|
2793216|
2793217|
2793218|
2793219|
2793220|
2793221|
2793222|
2793223|
2793248|
2793249|
2793250|
2793251|
2793252|
2793253|
2793254|
2793255|
2793280|
2793281|
2793282|
2793283|
2793284|
2793285|
2793286|
2793287|
2793312|
2793313|
2793314|
2793315|
2793316|
2793317|
2793318|
2793319|
2793344|
2793345|
2793346|
2793347|
2793348|
2793349|
2793350|
2793351|
2793376|
2793377|
2793378|
2793379|
2793380|
2793381|
2793382|
2793383|
2793408|
2793409|
2793410|
2793411|
2793412|
2793413|
2793414|
2793415|
2793440|
2793441|
2793442|
2793443|
2793444|
2793445|
2793446|
2793447|
2793472|
2793473|
2793474|
2793475|
2793476|
2793477|
2793478|
2793479|
2793504|
2793505|
2793506|
2793507|
2793508|
2793509|
2793510|
2793511|
2793536|
2793537|
2793538|
2793539|
2793540|
2793541|
2793542|
2793543|
2793568|
2793569|
2793570|
2793571|
2793572|
2793573|
2793574|
2793575|
2793600|
2793601|
2793602|
2793603|
2793604|
2793605|
2793606|
2793607|
2793632|
2793633|
2793634|
2793635|
2793636|
2793637|
2793638|
2793639|
2793664|
2793665|
2793666|
2793667|
2793668|
2793669|
2793670|
2793671|
2793696|
2793697|
2793698|
2793699|
2793700|
2793701|
2793702|
2793703|
2793728|
2793729|
2793730|
2793731|
2793732|
2793733|
2793734|
2793735|
2793760|
2793761|
2793762|
2793763|
2793764|
2793765|
2793766|
2793767|
2793792|
2793793|
2793794|
2793795|
2793796|
2793797|
2793798|
2793799|
2793824|
2793825|
2793826|
2793827|
2793828|
2793829|
2793830|
2793831|
2793856|
2793857|
2793858|
2793859|
2793860|
2793861|
2793862|
2793863|
2793888|
2793889|
2793890|
2793891|
2793892|
2793893|
2793894|
2793895|
2793920|
2793921|
2793922|
2793923|
2793924|
2793925|
2793926|
2793927|
2793952|
2793953|
2793954|
2793955|
2793956|
2793957|
2793958|
2793959|
2793984|
2793985|
2793986|
2793987|
2793988|
2793989|
2793990|
2793991|
2794016|
2794017|
2794018|
2794019|
2794020|
2794021|
2794022|
2794023|
2794048|
2794049|
2794050|
2794051|
2794052|
2794053|
2794054|
2794055|
2794080|
2794081|
2794082|
2794083|
2794084|
2794085|
2794086|
2794087|
2794112|
2794113|
2794114|
2794115|
2794116|
2794117|
2794118|
2794119|
2794144|
2794145|
2794146|
2794147|
2794148|
2794149|
2794150|
2794151|
2794176|
2794177|
2794178|
2794179|
2794180|
2794181|
2794182|
2794183|
2794208|
2794209|
2794210|
2794211|
2794212|
2794213|
2794214|
2794215|
2794240|
2794241|
2794242|
2794243|
2794244|
2794245|
2794246|
2794247|
2794272|
2794273|
2794274|
2794275|
2794276|
2794277|
2794278|
2794279|
2794304|
2794305|
2794306|
2794307|
2794308|
2794309|
2794310|
2794311|
2794336|
2794337|
2794338|
2794339|
2794340|
2794341|
2794342|
2794343|
2794368|
2794369|
2794370|
2794371|
2794372|
2794373|
2794374|
2794375|
2794400|
2794401|
2794402|
2794403|
2794404|
2794405|
2794406|
2794407|
2794432|
2794433|
2794434|
2794435|
2794436|
2794437|
2794438|
2794439|
2794464|
2794465|
2794466|
2794467|
2794468|
2794469|
2794470|
2794471|
2794496|
2794497|
2794498|
2794499|
2794500|
2794501|
2794502|
2794503|
2794528|
2794529|
2794530|
2794531|
2794532|
2794533|
2794534|
2794535|
2794560|
2794561|
2794562|
2794563|
2794564|
2794565|
2794566|
2794567|
2794592|
2794593|
2794594|
2794595|
2794596|
2794597|
2794598|
2794599|
2794624|
2794625|
2794626|
2794627|
2794628|
2794629|
2794630|
2794631|
2794656|
2794657|
2794658|
2794659|
2794660|
2794661|
2794662|
2794663|
2794688|
2794689|
2794690|
2794691|
2794692|
2794693|
2794694|
2794695|
2794720|
2794721|
2794722|
2794723|
2794724|
2794725|
2794726|
2794727|
2794752|
2794753|
2794754|
2794755|
2794756|
2794757|
2794758|
2794759|
2794784|
2794785|
2794786|
2794787|
2794788|
2794789|
2794790|
2794791|
2794816|
2794817|
2794818|
2794819|
2794820|
2794821|
2794822|
2794823|
2794848|
2794849|
2794850|
2794851|
2794852|
2794853|
2794854|
2794855|
2794880|
2794881|
2794882|
2794883|
2794884|
2794885|
2794886|
2794887|
2794912|
2794913|
2794914|
2794915|
2794916|
2794917|
2794918|
2794919|
2794944|
2794945|
2794946|
2794947|
2794948|
2794949|
2794950|
2794951|
2794976|
2794977|
2794978|
2794979|
2794980|
2794981|
2794982|
2794983|
2795008|
2795009|
2795010|
2795011|
2795012|
2795013|
2795014|
2795015|
2795040|
2795041|
2795042|
2795043|
2795044|
2795045|
2795046|
2795047|
2795072|
2795073|
2795074|
2795075|
2795076|
2795077|
2795078|
2795079|
2795104|
2795105|
2795106|
2795107|
2795108|
2795109|
2795110|
2795111|
2795136|
2795137|
2795138|
2795139|
2795140|
2795141|
2795142|
2795143|
2795168|
2795169|
2795170|
2795171|
2795172|
2795173|
2795174|
2795175|
2795200|
2795201|
2795202|
2795203|
2795204|
2795205|
2795206|
2795207|
2795232|
2795233|
2795234|
2795235|
2795236|
2795237|
2795238|
2795239|
2795264|
2795265|
2795266|
2795267|
2795268|
2795269|
2795270|
2795271|
2795296|
2795297|
2795298|
2795299|
2795300|
2795301|
2795302|
2795303|
2795328|
2795329|
2795330|
2795331|
2795332|
2795333|
2795334|
2795335|
2795360|
2795361|
2795362|
2795363|
2795364|
2795365|
2795366|
2795367|
2795392|
2795393|
2795394|
2795395|
2795396|
2795397|
2795398|
2795399|
2795424|
2795425|
2795426|
2795427|
2795428|
2795429|
2795430|
2795431|
2795456|
2795457|
2795458|
2795459|
2795460|
2795461|
2795462|
2795463|
2795488|
2795489|
2795490|
2795491|
2795492|
2795493|
2795494|
2795495|
2795520|
2795521|
2795522|
2795523|
2795524|
2795525|
2795526|
2795527|
2795552|
2795553|
2795554|
2795555|
2795556|
2795557|
2795558|
2795559|
2795584|
2795585|
2795586|
2795587|
2795588|
2795589|
2795590|
2795591|
2795616|
2795617|
2795618|
2795619|
2795620|
2795621|
2795622|
2795623|
2795648|
2795649|
2795650|
2795651|
2795652|
2795653|
2795654|
2795655|
2795680|
2795681|
2795682|
2795683|
2795684|
2795685|
2795686|
2795687|
2795712|
2795713|
2795714|
2795715|
2795716|
2795717|
2795718|
2795719|
2795744|
2795745|
2795746|
2795747|
2795748|
2795749|
2795750|
2795751|
2795776|
2795777|
2795778|
2795779|
2795780|
2795781|
2795782|
2795783|
2795808|
2795809|
2795810|
2795811|
2795812|
2795813|
2795814|
2795815|
2795840|
2795841|
2795842|
2795843|
2795844|
2795845|
2795846|
2795847|
2795872|
2795873|
2795874|
2795875|
2795876|
2795877|
2795878|
2795879|
2795904|
2795905|
2795906|
2795907|
2795908|
2795909|
2795910|
2795911|
2795936|
2795937|
2795938|
2795939|
2795940|
2795941|
2795942|
2795943|
2795968|
2795969|
2795970|
2795971|
2795972|
2795973|
2795974|
2795975|
2796000|
