540001|
540002|
540003|
540004|
540005|
540006|
540007|
540032|
540033|
540034|
540035|
540036|
540037|
540038|
540039|
540064|
540065|
540066|
540067|
540068|
540069|
540070|
540071|
540096|
540097|
540098|
540099|
540100|
540101|
540102|
540103|
540128|
540129|
540130|
540131|
540132|
540133|
540134|
540135|
540160|
540161|
540162|
540163|
540164|
540165|
540166|
540167|
540192|
540193|
540194|
540195|
540196|
540197|
540198|
540199|
540224|
540225|
540226|
540227|
540228|
540229|
540230|
540231|
540256|
540257|
540258|
540259|
540260|
540261|
540262|
540263|
540288|
540289|
540290|
540291|
540292|
540293|
540294|
540295|
540320|
540321|
540322|
540323|
540324|
540325|
540326|
540327|
540352|
540353|
540354|
540355|
540356|
540357|
540358|
540359|
540384|
540385|
540386|
540387|
540388|
540389|
540390|
540391|
540416|
540417|
540418|
540419|
540420|
540421|
540422|
540423|
540448|
540449|
540450|
540451|
540452|
540453|
540454|
540455|
540480|
540481|
540482|
540483|
540484|
540485|
540486|
540487|
540512|
540513|
540514|
540515|
540516|
540517|
540518|
540519|
540544|
540545|
540546|
540547|
540548|
540549|
540550|
540551|
540576|
540577|
540578|
540579|
540580|
540581|
540582|
540583|
540608|
540609|
540610|
540611|
540612|
540613|
540614|
540615|
540640|
540641|
540642|
540643|
540644|
540645|
540646|
540647|
540672|
540673|
540674|
540675|
540676|
540677|
540678|
540679|
540704|
540705|
540706|
540707|
540708|
540709|
540710|
540711|
540736|
540737|
540738|
540739|
540740|
540741|
540742|
540743|
540768|
540769|
540770|
540771|
540772|
540773|
540774|
540775|
540800|
540801|
540802|
540803|
540804|
540805|
540806|
540807|
540832|
540833|
540834|
540835|
540836|
540837|
540838|
540839|
540864|
540865|
540866|
540867|
540868|
540869|
540870|
540871|
540896|
540897|
540898|
540899|
540900|
540901|
540902|
540903|
540928|
540929|
540930|
540931|
540932|
540933|
540934|
540935|
540960|
540961|
540962|
540963|
540964|
540965|
540966|
540967|
540992|
540993|
540994|
540995|
540996|
540997|
540998|
540999|
541024|
541025|
541026|
541027|
541028|
541029|
541030|
541031|
541056|
541057|
541058|
541059|
541060|
541061|
541062|
541063|
541088|
541089|
541090|
541091|
541092|
541093|
541094|
541095|
541120|
541121|
541122|
541123|
541124|
541125|
541126|
541127|
541152|
541153|
541154|
541155|
541156|
541157|
541158|
541159|
541184|
541185|
541186|
541187|
541188|
541189|
541190|
541191|
541216|
541217|
541218|
541219|
541220|
541221|
541222|
541223|
541248|
541249|
541250|
541251|
541252|
541253|
541254|
541255|
541280|
541281|
541282|
541283|
541284|
541285|
541286|
541287|
541312|
541313|
541314|
541315|
541316|
541317|
541318|
541319|
541344|
541345|
541346|
541347|
541348|
541349|
541350|
541351|
541376|
541377|
541378|
541379|
541380|
541381|
541382|
541383|
541408|
541409|
541410|
541411|
541412|
541413|
541414|
541415|
541440|
541441|
541442|
541443|
541444|
541445|
541446|
541447|
541472|
541473|
541474|
541475|
541476|
541477|
541478|
541479|
541504|
541505|
541506|
541507|
541508|
541509|
541510|
541511|
541536|
541537|
541538|
541539|
541540|
541541|
541542|
541543|
541568|
541569|
541570|
541571|
541572|
541573|
541574|
541575|
541600|
541601|
541602|
541603|
541604|
541605|
541606|
541607|
541632|
541633|
541634|
541635|
541636|
541637|
541638|
541639|
541664|
541665|
541666|
541667|
541668|
541669|
541670|
541671|
541696|
541697|
541698|
541699|
541700|
541701|
541702|
541703|
541728|
541729|
541730|
541731|
541732|
541733|
541734|
541735|
541760|
541761|
541762|
541763|
541764|
541765|
541766|
541767|
541792|
541793|
541794|
541795|
541796|
541797|
541798|
541799|
541824|
541825|
541826|
541827|
541828|
541829|
541830|
541831|
541856|
541857|
541858|
541859|
541860|
541861|
541862|
541863|
541888|
541889|
541890|
541891|
541892|
541893|
541894|
541895|
541920|
541921|
541922|
541923|
541924|
541925|
541926|
541927|
541952|
541953|
541954|
541955|
541956|
541957|
541958|
541959|
541984|
541985|
541986|
541987|
541988|
541989|
541990|
541991|
542016|
542017|
542018|
542019|
542020|
542021|
542022|
542023|
542048|
542049|
542050|
542051|
542052|
542053|
542054|
542055|
542080|
542081|
542082|
542083|
542084|
542085|
542086|
542087|
542112|
542113|
542114|
542115|
542116|
542117|
542118|
542119|
542144|
542145|
542146|
542147|
542148|
542149|
542150|
542151|
542176|
542177|
542178|
542179|
542180|
542181|
542182|
542183|
542208|
542209|
542210|
542211|
542212|
542213|
542214|
542215|
542240|
542241|
542242|
542243|
542244|
542245|
542246|
542247|
542272|
542273|
542274|
542275|
542276|
542277|
542278|
542279|
542304|
542305|
542306|
542307|
542308|
542309|
542310|
542311|
542336|
542337|
542338|
542339|
542340|
542341|
542342|
542343|
542368|
542369|
542370|
542371|
542372|
542373|
542374|
542375|
542400|
542401|
542402|
542403|
542404|
542405|
542406|
542407|
542432|
542433|
542434|
542435|
542436|
542437|
542438|
542439|
542464|
542465|
542466|
542467|
542468|
542469|
542470|
542471|
542496|
542497|
542498|
542499|
542500|
542501|
542502|
542503|
542528|
542529|
542530|
542531|
542532|
542533|
542534|
542535|
542560|
542561|
542562|
542563|
542564|
542565|
542566|
542567|
542592|
542593|
542594|
542595|
542596|
542597|
542598|
542599|
542624|
542625|
542626|
542627|
542628|
542629|
542630|
542631|
542656|
542657|
542658|
542659|
542660|
542661|
542662|
542663|
542688|
542689|
542690|
542691|
542692|
542693|
542694|
542695|
542720|
542721|
542722|
542723|
542724|
542725|
542726|
542727|
542752|
542753|
542754|
542755|
542756|
542757|
542758|
542759|
542784|
542785|
542786|
542787|
542788|
542789|
542790|
542791|
542816|
542817|
542818|
542819|
542820|
542821|
542822|
542823|
542848|
542849|
542850|
542851|
542852|
542853|
542854|
542855|
542880|
542881|
542882|
542883|
542884|
542885|
542886|
542887|
542912|
542913|
542914|
542915|
542916|
542917|
542918|
542919|
542944|
542945|
542946|
542947|
542948|
542949|
542950|
542951|
542976|
542977|
542978|
542979|
542980|
542981|
542982|
542983|
543008|
543009|
543010|
543011|
543012|
543013|
543014|
543015|
543040|
543041|
543042|
543043|
543044|
543045|
543046|
543047|
543072|
543073|
543074|
543075|
543076|
543077|
543078|
543079|
543104|
543105|
543106|
543107|
543108|
543109|
543110|
543111|
543136|
543137|
543138|
543139|
543140|
543141|
543142|
543143|
543168|
543169|
543170|
543171|
543172|
543173|
543174|
543175|
543200|
543201|
543202|
543203|
543204|
543205|
543206|
543207|
543232|
543233|
543234|
543235|
543236|
543237|
543238|
543239|
543264|
543265|
543266|
543267|
543268|
543269|
543270|
543271|
543296|
543297|
543298|
543299|
543300|
543301|
543302|
543303|
543328|
543329|
543330|
543331|
543332|
543333|
543334|
543335|
543360|
543361|
543362|
543363|
543364|
543365|
543366|
543367|
543392|
543393|
543394|
543395|
543396|
543397|
543398|
543399|
543424|
543425|
543426|
543427|
543428|
543429|
543430|
543431|
543456|
543457|
543458|
543459|
543460|
543461|
543462|
543463|
543488|
543489|
543490|
543491|
543492|
543493|
543494|
543495|
543520|
543521|
543522|
543523|
543524|
543525|
543526|
543527|
543552|
543553|
543554|
543555|
543556|
543557|
543558|
543559|
543584|
543585|
543586|
543587|
543588|
543589|
543590|
543591|
543616|
543617|
543618|
543619|
543620|
543621|
543622|
543623|
543648|
543649|
543650|
543651|
543652|
543653|
543654|
543655|
543680|
543681|
543682|
543683|
543684|
543685|
543686|
543687|
543712|
543713|
543714|
543715|
543716|
543717|
543718|
543719|
543744|
543745|
543746|
543747|
543748|
543749|
543750|
543751|
543776|
543777|
543778|
543779|
543780|
543781|
543782|
543783|
543808|
543809|
543810|
543811|
543812|
543813|
543814|
543815|
543840|
543841|
543842|
543843|
543844|
543845|
543846|
543847|
543872|
543873|
543874|
543875|
543876|
543877|
543878|
543879|
543904|
543905|
543906|
543907|
543908|
543909|
543910|
543911|
543936|
543937|
543938|
543939|
543940|
543941|
543942|
543943|
543968|
543969|
543970|
543971|
543972|
543973|
543974|
543975|
544000|
544001|
544002|
544003|
544004|
544005|
544006|
544007|
544032|
544033|
544034|
544035|
544036|
544037|
544038|
544039|
544064|
544065|
544066|
544067|
544068|
544069|
544070|
544071|
544096|
544097|
544098|
544099|
544100|
544101|
544102|
544103|
544128|
544129|
544130|
544131|
544132|
544133|
544134|
544135|
544160|
544161|
544162|
544163|
544164|
544165|
544166|
544167|
544192|
544193|
544194|
544195|
544196|
544197|
544198|
544199|
544224|
544225|
544226|
544227|
544228|
544229|
544230|
544231|
544256|
544257|
544258|
544259|
544260|
544261|
544262|
544263|
544288|
544289|
544290|
544291|
544292|
544293|
544294|
544295|
544320|
544321|
544322|
544323|
544324|
544325|
544326|
544327|
544352|
544353|
544354|
544355|
544356|
544357|
544358|
544359|
544384|
544385|
544386|
544387|
544388|
544389|
544390|
544391|
544416|
544417|
544418|
544419|
544420|
544421|
544422|
544423|
544448|
544449|
544450|
544451|
544452|
544453|
544454|
544455|
544480|
544481|
544482|
544483|
544484|
544485|
544486|
544487|
544512|
544513|
544514|
544515|
544516|
544517|
544518|
544519|
544544|
544545|
544546|
544547|
544548|
544549|
544550|
544551|
544576|
544577|
544578|
544579|
544580|
544581|
544582|
544583|
544608|
544609|
544610|
544611|
544612|
544613|
544614|
544615|
544640|
544641|
544642|
544643|
544644|
544645|
544646|
544647|
544672|
544673|
544674|
544675|
544676|
544677|
544678|
544679|
544704|
544705|
544706|
544707|
544708|
544709|
544710|
544711|
544736|
544737|
544738|
544739|
544740|
544741|
544742|
544743|
544768|
544769|
544770|
544771|
544772|
544773|
544774|
544775|
544800|
544801|
544802|
544803|
544804|
544805|
544806|
544807|
544832|
544833|
544834|
544835|
544836|
544837|
544838|
544839|
544864|
544865|
544866|
544867|
544868|
544869|
544870|
544871|
544896|
544897|
544898|
544899|
544900|
544901|
544902|
544903|
544928|
544929|
544930|
544931|
544932|
544933|
544934|
544935|
544960|
544961|
544962|
544963|
544964|
544965|
544966|
544967|
544992|
544993|
544994|
544995|
544996|
544997|
544998|
544999|
545024|
545025|
545026|
545027|
545028|
545029|
545030|
545031|
545056|
545057|
545058|
545059|
545060|
545061|
545062|
545063|
545088|
545089|
545090|
545091|
545092|
545093|
545094|
545095|
545120|
545121|
545122|
545123|
545124|
545125|
545126|
545127|
545152|
545153|
545154|
545155|
545156|
545157|
545158|
545159|
545184|
545185|
545186|
545187|
545188|
545189|
545190|
545191|
545216|
545217|
545218|
545219|
545220|
545221|
545222|
545223|
545248|
545249|
545250|
545251|
545252|
545253|
545254|
545255|
545280|
545281|
545282|
545283|
545284|
545285|
545286|
545287|
545312|
545313|
545314|
545315|
545316|
545317|
545318|
545319|
545344|
545345|
545346|
545347|
545348|
545349|
545350|
545351|
545376|
545377|
545378|
545379|
545380|
545381|
545382|
545383|
545408|
545409|
545410|
545411|
545412|
545413|
545414|
545415|
545440|
545441|
545442|
545443|
545444|
545445|
545446|
545447|
545472|
545473|
545474|
545475|
545476|
545477|
545478|
545479|
545504|
545505|
545506|
545507|
545508|
545509|
545510|
545511|
545536|
545537|
545538|
545539|
545540|
545541|
545542|
545543|
545568|
545569|
545570|
545571|
545572|
545573|
545574|
545575|
545600|
545601|
545602|
545603|
545604|
545605|
545606|
545607|
545632|
545633|
545634|
545635|
545636|
545637|
545638|
545639|
545664|
545665|
545666|
545667|
545668|
545669|
545670|
545671|
545696|
545697|
545698|
545699|
545700|
545701|
545702|
545703|
545728|
545729|
545730|
545731|
545732|
545733|
545734|
545735|
545760|
545761|
545762|
545763|
545764|
545765|
545766|
545767|
545792|
545793|
545794|
545795|
545796|
545797|
545798|
545799|
545824|
545825|
545826|
545827|
545828|
545829|
545830|
545831|
545856|
545857|
545858|
545859|
545860|
545861|
545862|
545863|
545888|
545889|
545890|
545891|
545892|
545893|
545894|
545895|
545920|
545921|
545922|
545923|
545924|
545925|
545926|
545927|
545952|
545953|
545954|
545955|
545956|
545957|
545958|
545959|
545984|
545985|
545986|
545987|
545988|
