1937989|
1937990|
1937991|
1938016|
1938017|
1938018|
1938019|
1938020|
1938021|
1938022|
1938023|
1938048|
1938049|
1938050|
1938051|
1938052|
1938053|
1938054|
1938055|
1938080|
1938081|
1938082|
1938083|
1938084|
1938085|
1938086|
1938087|
1938112|
1938113|
1938114|
1938115|
1938116|
1938117|
1938118|
1938119|
1938144|
1938145|
1938146|
1938147|
1938148|
1938149|
1938150|
1938151|
1938176|
1938177|
1938178|
1938179|
1938180|
1938181|
1938182|
1938183|
1938208|
1938209|
1938210|
1938211|
1938212|
1938213|
1938214|
1938215|
1938240|
1938241|
1938242|
1938243|
1938244|
1938245|
1938246|
1938247|
1938272|
1938273|
1938274|
1938275|
1938276|
1938277|
1938278|
1938279|
1938304|
1938305|
1938306|
1938307|
1938308|
1938309|
1938310|
1938311|
1938336|
1938337|
1938338|
1938339|
1938340|
1938341|
1938342|
1938343|
1938368|
1938369|
1938370|
1938371|
1938372|
1938373|
1938374|
1938375|
1938400|
1938401|
1938402|
1938403|
1938404|
1938405|
1938406|
1938407|
1938432|
1938433|
1938434|
1938435|
1938436|
1938437|
1938438|
1938439|
1938464|
1938465|
1938466|
1938467|
1938468|
1938469|
1938470|
1938471|
1938496|
1938497|
1938498|
1938499|
1938500|
1938501|
1938502|
1938503|
1938528|
1938529|
1938530|
1938531|
1938532|
1938533|
1938534|
1938535|
1938560|
1938561|
1938562|
1938563|
1938564|
1938565|
1938566|
1938567|
1938592|
1938593|
1938594|
1938595|
1938596|
1938597|
1938598|
1938599|
1938624|
1938625|
1938626|
1938627|
1938628|
1938629|
1938630|
1938631|
1938656|
1938657|
1938658|
1938659|
1938660|
1938661|
1938662|
1938663|
1938688|
1938689|
1938690|
1938691|
1938692|
1938693|
1938694|
1938695|
1938720|
1938721|
1938722|
1938723|
1938724|
1938725|
1938726|
1938727|
1938752|
1938753|
1938754|
1938755|
1938756|
1938757|
1938758|
1938759|
1938784|
1938785|
1938786|
1938787|
1938788|
1938789|
1938790|
1938791|
1938816|
1938817|
1938818|
1938819|
1938820|
1938821|
1938822|
1938823|
1938848|
1938849|
1938850|
1938851|
1938852|
1938853|
1938854|
1938855|
1938880|
1938881|
1938882|
1938883|
1938884|
1938885|
1938886|
1938887|
1938912|
1938913|
1938914|
1938915|
1938916|
1938917|
1938918|
1938919|
1938944|
1938945|
1938946|
1938947|
1938948|
1938949|
1938950|
1938951|
1938976|
1938977|
1938978|
1938979|
1938980|
1938981|
1938982|
1938983|
1939008|
1939009|
1939010|
1939011|
1939012|
1939013|
1939014|
1939015|
1939040|
1939041|
1939042|
1939043|
1939044|
1939045|
1939046|
1939047|
1939072|
1939073|
1939074|
1939075|
1939076|
1939077|
1939078|
1939079|
1939104|
1939105|
1939106|
1939107|
1939108|
1939109|
1939110|
1939111|
1939136|
1939137|
1939138|
1939139|
1939140|
1939141|
1939142|
1939143|
1939168|
1939169|
1939170|
1939171|
1939172|
1939173|
1939174|
1939175|
1939200|
1939201|
1939202|
1939203|
1939204|
1939205|
1939206|
1939207|
1939232|
1939233|
1939234|
1939235|
1939236|
1939237|
1939238|
1939239|
1939264|
1939265|
1939266|
1939267|
1939268|
1939269|
1939270|
1939271|
1939296|
1939297|
1939298|
1939299|
1939300|
1939301|
1939302|
1939303|
1939328|
1939329|
1939330|
1939331|
1939332|
1939333|
1939334|
1939335|
1939360|
1939361|
1939362|
1939363|
1939364|
1939365|
1939366|
1939367|
1939392|
1939393|
1939394|
1939395|
1939396|
1939397|
1939398|
1939399|
1939424|
1939425|
1939426|
1939427|
1939428|
1939429|
1939430|
1939431|
1939456|
1939457|
1939458|
1939459|
1939460|
1939461|
1939462|
1939463|
1939488|
1939489|
1939490|
1939491|
1939492|
1939493|
1939494|
1939495|
1939520|
1939521|
1939522|
1939523|
1939524|
1939525|
1939526|
1939527|
1939552|
1939553|
1939554|
1939555|
1939556|
1939557|
1939558|
1939559|
1939584|
1939585|
1939586|
1939587|
1939588|
1939589|
1939590|
1939591|
1939616|
1939617|
1939618|
1939619|
1939620|
1939621|
1939622|
1939623|
1939648|
1939649|
1939650|
1939651|
1939652|
1939653|
1939654|
1939655|
1939680|
1939681|
1939682|
1939683|
1939684|
1939685|
1939686|
1939687|
1939712|
1939713|
1939714|
1939715|
1939716|
1939717|
1939718|
1939719|
1939744|
1939745|
1939746|
1939747|
1939748|
1939749|
1939750|
1939751|
1939776|
1939777|
1939778|
1939779|
1939780|
1939781|
1939782|
1939783|
1939808|
1939809|
1939810|
1939811|
1939812|
1939813|
1939814|
1939815|
1939840|
1939841|
1939842|
1939843|
1939844|
1939845|
1939846|
1939847|
1939872|
1939873|
1939874|
1939875|
1939876|
1939877|
1939878|
1939879|
1939904|
1939905|
1939906|
1939907|
1939908|
1939909|
1939910|
1939911|
1939936|
1939937|
1939938|
1939939|
1939940|
1939941|
1939942|
1939943|
1939968|
1939969|
1939970|
1939971|
1939972|
1939973|
1939974|
1939975|
1940000|
1940001|
1940002|
1940003|
1940004|
1940005|
1940006|
1940007|
1940032|
1940033|
1940034|
1940035|
1940036|
1940037|
1940038|
1940039|
1940064|
1940065|
1940066|
1940067|
1940068|
1940069|
1940070|
1940071|
1940096|
1940097|
1940098|
1940099|
1940100|
1940101|
1940102|
1940103|
1940128|
1940129|
1940130|
1940131|
1940132|
1940133|
1940134|
1940135|
1940160|
1940161|
1940162|
1940163|
1940164|
1940165|
1940166|
1940167|
1940192|
1940193|
1940194|
1940195|
1940196|
1940197|
1940198|
1940199|
1940224|
1940225|
1940226|
1940227|
1940228|
1940229|
1940230|
1940231|
1940256|
1940257|
1940258|
1940259|
1940260|
1940261|
1940262|
1940263|
1940288|
1940289|
1940290|
1940291|
1940292|
1940293|
1940294|
1940295|
1940320|
1940321|
1940322|
1940323|
1940324|
1940325|
1940326|
1940327|
1940352|
1940353|
1940354|
1940355|
1940356|
1940357|
1940358|
1940359|
1940384|
1940385|
1940386|
1940387|
1940388|
1940389|
1940390|
1940391|
1940416|
1940417|
1940418|
1940419|
1940420|
1940421|
1940422|
1940423|
1940448|
1940449|
1940450|
1940451|
1940452|
1940453|
1940454|
1940455|
1940480|
1940481|
1940482|
1940483|
1940484|
1940485|
1940486|
1940487|
1940512|
1940513|
1940514|
1940515|
1940516|
1940517|
1940518|
1940519|
1940544|
1940545|
1940546|
1940547|
1940548|
1940549|
1940550|
1940551|
1940576|
1940577|
1940578|
1940579|
1940580|
1940581|
1940582|
1940583|
1940608|
1940609|
1940610|
1940611|
1940612|
1940613|
1940614|
1940615|
1940640|
1940641|
1940642|
1940643|
1940644|
1940645|
1940646|
1940647|
1940672|
1940673|
1940674|
1940675|
1940676|
1940677|
1940678|
1940679|
1940704|
1940705|
1940706|
1940707|
1940708|
1940709|
1940710|
1940711|
1940736|
1940737|
1940738|
1940739|
1940740|
1940741|
1940742|
1940743|
1940768|
1940769|
1940770|
1940771|
1940772|
1940773|
1940774|
1940775|
1940800|
1940801|
1940802|
1940803|
1940804|
1940805|
1940806|
1940807|
1940832|
1940833|
1940834|
1940835|
1940836|
1940837|
1940838|
1940839|
1940864|
1940865|
1940866|
1940867|
1940868|
1940869|
1940870|
1940871|
1940896|
1940897|
1940898|
1940899|
1940900|
1940901|
1940902|
1940903|
1940928|
1940929|
1940930|
1940931|
1940932|
1940933|
1940934|
1940935|
1940960|
1940961|
1940962|
1940963|
1940964|
1940965|
1940966|
1940967|
1940992|
1940993|
1940994|
1940995|
1940996|
1940997|
1940998|
1940999|
1941024|
1941025|
1941026|
1941027|
1941028|
1941029|
1941030|
1941031|
1941056|
1941057|
1941058|
1941059|
1941060|
1941061|
1941062|
1941063|
1941088|
1941089|
1941090|
1941091|
1941092|
1941093|
1941094|
1941095|
1941120|
1941121|
1941122|
1941123|
1941124|
1941125|
1941126|
1941127|
1941152|
1941153|
1941154|
1941155|
1941156|
1941157|
1941158|
1941159|
1941184|
1941185|
1941186|
1941187|
1941188|
1941189|
1941190|
1941191|
1941216|
1941217|
1941218|
1941219|
1941220|
1941221|
1941222|
1941223|
1941248|
1941249|
1941250|
1941251|
1941252|
1941253|
1941254|
1941255|
1941280|
1941281|
1941282|
1941283|
1941284|
1941285|
1941286|
1941287|
1941312|
1941313|
1941314|
1941315|
1941316|
1941317|
1941318|
1941319|
1941344|
1941345|
1941346|
1941347|
1941348|
1941349|
1941350|
1941351|
1941376|
1941377|
1941378|
1941379|
1941380|
1941381|
1941382|
1941383|
1941408|
1941409|
1941410|
1941411|
1941412|
1941413|
1941414|
1941415|
1941440|
1941441|
1941442|
1941443|
1941444|
1941445|
1941446|
1941447|
1941472|
1941473|
1941474|
1941475|
1941476|
1941477|
1941478|
1941479|
1941504|
1941505|
1941506|
1941507|
1941508|
1941509|
1941510|
1941511|
1941536|
1941537|
1941538|
1941539|
1941540|
1941541|
1941542|
1941543|
1941568|
1941569|
1941570|
1941571|
1941572|
1941573|
1941574|
1941575|
1941600|
1941601|
1941602|
1941603|
1941604|
1941605|
1941606|
1941607|
1941632|
1941633|
1941634|
1941635|
1941636|
1941637|
1941638|
1941639|
1941664|
1941665|
1941666|
1941667|
1941668|
1941669|
1941670|
1941671|
1941696|
1941697|
1941698|
1941699|
1941700|
1941701|
1941702|
1941703|
1941728|
1941729|
1941730|
1941731|
1941732|
1941733|
1941734|
1941735|
1941760|
1941761|
1941762|
1941763|
1941764|
1941765|
1941766|
1941767|
1941792|
1941793|
1941794|
1941795|
1941796|
1941797|
1941798|
1941799|
1941824|
1941825|
1941826|
1941827|
1941828|
1941829|
1941830|
1941831|
1941856|
1941857|
1941858|
1941859|
1941860|
1941861|
1941862|
1941863|
1941888|
1941889|
1941890|
1941891|
1941892|
1941893|
1941894|
1941895|
1941920|
1941921|
1941922|
1941923|
1941924|
1941925|
1941926|
1941927|
1941952|
1941953|
1941954|
1941955|
1941956|
1941957|
1941958|
1941959|
1941984|
1941985|
1941986|
1941987|
1941988|
1941989|
1941990|
1941991|
1942016|
1942017|
1942018|
1942019|
1942020|
1942021|
1942022|
1942023|
1942048|
1942049|
1942050|
1942051|
1942052|
1942053|
1942054|
1942055|
1942080|
1942081|
1942082|
1942083|
1942084|
1942085|
1942086|
1942087|
1942112|
1942113|
1942114|
1942115|
1942116|
1942117|
1942118|
1942119|
1942144|
1942145|
1942146|
1942147|
1942148|
1942149|
1942150|
1942151|
1942176|
1942177|
1942178|
1942179|
1942180|
1942181|
1942182|
1942183|
1942208|
1942209|
1942210|
1942211|
1942212|
1942213|
1942214|
1942215|
1942240|
1942241|
1942242|
1942243|
1942244|
1942245|
1942246|
1942247|
1942272|
1942273|
1942274|
1942275|
1942276|
1942277|
1942278|
1942279|
1942304|
1942305|
1942306|
1942307|
1942308|
1942309|
1942310|
1942311|
1942336|
1942337|
1942338|
1942339|
1942340|
1942341|
1942342|
1942343|
1942368|
1942369|
1942370|
1942371|
1942372|
1942373|
1942374|
1942375|
1942400|
1942401|
1942402|
1942403|
1942404|
1942405|
1942406|
1942407|
1942432|
1942433|
1942434|
1942435|
1942436|
1942437|
1942438|
1942439|
1942464|
1942465|
1942466|
1942467|
1942468|
1942469|
1942470|
1942471|
1942496|
1942497|
1942498|
1942499|
1942500|
1942501|
1942502|
1942503|
1942528|
1942529|
1942530|
1942531|
1942532|
1942533|
1942534|
1942535|
1942560|
1942561|
1942562|
1942563|
1942564|
1942565|
1942566|
1942567|
1942592|
1942593|
1942594|
1942595|
1942596|
1942597|
1942598|
1942599|
1942624|
1942625|
1942626|
1942627|
1942628|
1942629|
1942630|
1942631|
1942656|
1942657|
1942658|
1942659|
1942660|
1942661|
1942662|
1942663|
1942688|
1942689|
1942690|
1942691|
1942692|
1942693|
1942694|
1942695|
1942720|
1942721|
1942722|
1942723|
1942724|
1942725|
1942726|
1942727|
1942752|
1942753|
1942754|
1942755|
1942756|
1942757|
1942758|
1942759|
1942784|
1942785|
1942786|
1942787|
1942788|
1942789|
1942790|
1942791|
1942816|
1942817|
1942818|
1942819|
1942820|
1942821|
1942822|
1942823|
1942848|
1942849|
1942850|
1942851|
1942852|
1942853|
1942854|
1942855|
1942880|
1942881|
1942882|
1942883|
1942884|
1942885|
1942886|
1942887|
1942912|
1942913|
1942914|
1942915|
1942916|
1942917|
1942918|
1942919|
1942944|
1942945|
1942946|
1942947|
1942948|
1942949|
1942950|
1942951|
1942976|
1942977|
1942978|
1942979|
1942980|
1942981|
1942982|
1942983|
1943008|
1943009|
1943010|
1943011|
1943012|
1943013|
1943014|
1943015|
1943040|
1943041|
1943042|
1943043|
1943044|
1943045|
1943046|
1943047|
1943072|
1943073|
1943074|
1943075|
1943076|
1943077|
1943078|
1943079|
1943104|
1943105|
1943106|
1943107|
1943108|
1943109|
1943110|
1943111|
1943136|
1943137|
1943138|
1943139|
1943140|
1943141|
1943142|
1943143|
1943168|
1943169|
1943170|
1943171|
1943172|
1943173|
1943174|
1943175|
1943200|
1943201|
1943202|
1943203|
1943204|
1943205|
1943206|
1943207|
1943232|
1943233|
1943234|
1943235|
1943236|
1943237|
1943238|
1943239|
1943264|
1943265|
1943266|
1943267|
1943268|
1943269|
1943270|
1943271|
1943296|
1943297|
1943298|
1943299|
1943300|
1943301|
1943302|
1943303|
1943328|
1943329|
1943330|
1943331|
1943332|
1943333|
1943334|
1943335|
1943360|
1943361|
1943362|
1943363|
1943364|
1943365|
1943366|
1943367|
1943392|
1943393|
1943394|
1943395|
1943396|
1943397|
1943398|
1943399|
1943424|
1943425|
1943426|
1943427|
1943428|
1943429|
1943430|
1943431|
1943456|
1943457|
1943458|
1943459|
1943460|
1943461|
1943462|
1943463|
1943488|
1943489|
1943490|
1943491|
1943492|
1943493|
1943494|
1943495|
1943520|
1943521|
1943522|
1943523|
1943524|
1943525|
1943526|
1943527|
1943552|
1943553|
1943554|
1943555|
1943556|
1943557|
1943558|
1943559|
1943584|
1943585|
1943586|
1943587|
1943588|
1943589|
1943590|
1943591|
1943616|
1943617|
1943618|
1943619|
1943620|
1943621|
1943622|
1943623|
1943648|
1943649|
1943650|
1943651|
1943652|
1943653|
1943654|
1943655|
1943680|
1943681|
1943682|
1943683|
1943684|
1943685|
1943686|
1943687|
1943712|
1943713|
1943714|
1943715|
1943716|
1943717|
1943718|
1943719|
1943744|
1943745|
1943746|
1943747|
1943748|
1943749|
1943750|
1943751|
1943776|
1943777|
1943778|
1943779|
1943780|
1943781|
1943782|
1943783|
1943808|
1943809|
1943810|
1943811|
1943812|
1943813|
1943814|
1943815|
1943840|
1943841|
1943842|
1943843|
1943844|
1943845|
1943846|
1943847|
1943872|
1943873|
1943874|
1943875|
1943876|
1943877|
1943878|
1943879|
1943904|
1943905|
1943906|
1943907|
1943908|
1943909|
1943910|
1943911|
1943936|
1943937|
1943938|
1943939|
1943940|
1943941|
1943942|
1943943|
1943968|
1943969|
1943970|
1943971|
1943972|
1943973|
1943974|
1943975|
1944000|
