216001|
216002|
216003|
216004|
216005|
216006|
216007|
216032|
216033|
216034|
216035|
216036|
216037|
216038|
216039|
216064|
216065|
216066|
216067|
216068|
216069|
216070|
216071|
216096|
216097|
216098|
216099|
216100|
216101|
216102|
216103|
216128|
216129|
216130|
216131|
216132|
216133|
216134|
216135|
216160|
216161|
216162|
216163|
216164|
216165|
216166|
216167|
216192|
216193|
216194|
216195|
216196|
216197|
216198|
216199|
216224|
216225|
216226|
216227|
216228|
216229|
216230|
216231|
216256|
216257|
216258|
216259|
216260|
216261|
216262|
216263|
216288|
216289|
216290|
216291|
216292|
216293|
216294|
216295|
216320|
216321|
216322|
216323|
216324|
216325|
216326|
216327|
216352|
216353|
216354|
216355|
216356|
216357|
216358|
216359|
216384|
216385|
216386|
216387|
216388|
216389|
216390|
216391|
216416|
216417|
216418|
216419|
216420|
216421|
216422|
216423|
216448|
216449|
216450|
216451|
216452|
216453|
216454|
216455|
216480|
216481|
216482|
216483|
216484|
216485|
216486|
216487|
216512|
216513|
216514|
216515|
216516|
216517|
216518|
216519|
216544|
216545|
216546|
216547|
216548|
216549|
216550|
216551|
216576|
216577|
216578|
216579|
216580|
216581|
216582|
216583|
216608|
216609|
216610|
216611|
216612|
216613|
216614|
216615|
216640|
216641|
216642|
216643|
216644|
216645|
216646|
216647|
216672|
216673|
216674|
216675|
216676|
216677|
216678|
216679|
216704|
216705|
216706|
216707|
216708|
216709|
216710|
216711|
216736|
216737|
216738|
216739|
216740|
216741|
216742|
216743|
216768|
216769|
216770|
216771|
216772|
216773|
216774|
216775|
216800|
216801|
216802|
216803|
216804|
216805|
216806|
216807|
216832|
216833|
216834|
216835|
216836|
216837|
216838|
216839|
216864|
216865|
216866|
216867|
216868|
216869|
216870|
216871|
216896|
216897|
216898|
216899|
216900|
216901|
216902|
216903|
216928|
216929|
216930|
216931|
216932|
216933|
216934|
216935|
216960|
216961|
216962|
216963|
216964|
216965|
216966|
216967|
216992|
216993|
216994|
216995|
216996|
216997|
216998|
216999|
217024|
217025|
217026|
217027|
217028|
217029|
217030|
217031|
217056|
217057|
217058|
217059|
217060|
217061|
217062|
217063|
217088|
217089|
217090|
217091|
217092|
217093|
217094|
217095|
217120|
217121|
217122|
217123|
217124|
217125|
217126|
217127|
217152|
217153|
217154|
217155|
217156|
217157|
217158|
217159|
217184|
217185|
217186|
217187|
217188|
217189|
217190|
217191|
217216|
217217|
217218|
217219|
217220|
217221|
217222|
217223|
217248|
217249|
217250|
217251|
217252|
217253|
217254|
217255|
217280|
217281|
217282|
217283|
217284|
217285|
217286|
217287|
217312|
217313|
217314|
217315|
217316|
217317|
217318|
217319|
217344|
217345|
217346|
217347|
217348|
217349|
217350|
217351|
217376|
217377|
217378|
217379|
217380|
217381|
217382|
217383|
217408|
217409|
217410|
217411|
217412|
217413|
217414|
217415|
217440|
217441|
217442|
217443|
217444|
217445|
217446|
217447|
217472|
217473|
217474|
217475|
217476|
217477|
217478|
217479|
217504|
217505|
217506|
217507|
217508|
217509|
217510|
217511|
217536|
217537|
217538|
217539|
217540|
217541|
217542|
217543|
217568|
217569|
217570|
217571|
217572|
217573|
217574|
217575|
217600|
217601|
217602|
217603|
217604|
217605|
217606|
217607|
217632|
217633|
217634|
217635|
217636|
217637|
217638|
217639|
217664|
217665|
217666|
217667|
217668|
217669|
217670|
217671|
217696|
217697|
217698|
217699|
217700|
217701|
217702|
217703|
217728|
217729|
217730|
217731|
217732|
217733|
217734|
217735|
217760|
217761|
217762|
217763|
217764|
217765|
217766|
217767|
217792|
217793|
217794|
217795|
217796|
217797|
217798|
217799|
217824|
217825|
217826|
217827|
217828|
217829|
217830|
217831|
217856|
217857|
217858|
217859|
217860|
217861|
217862|
217863|
217888|
217889|
217890|
217891|
217892|
217893|
217894|
217895|
217920|
217921|
217922|
217923|
217924|
217925|
217926|
217927|
217952|
217953|
217954|
217955|
217956|
217957|
217958|
217959|
217984|
217985|
217986|
217987|
217988|
217989|
217990|
217991|
218016|
218017|
218018|
218019|
218020|
218021|
218022|
218023|
218048|
218049|
218050|
218051|
218052|
218053|
218054|
218055|
218080|
218081|
218082|
218083|
218084|
218085|
218086|
218087|
218112|
218113|
218114|
218115|
218116|
218117|
218118|
218119|
218144|
218145|
218146|
218147|
218148|
218149|
218150|
218151|
218176|
218177|
218178|
218179|
218180|
218181|
218182|
218183|
218208|
218209|
218210|
218211|
218212|
218213|
218214|
218215|
218240|
218241|
218242|
218243|
218244|
218245|
218246|
218247|
218272|
218273|
218274|
218275|
218276|
218277|
218278|
218279|
218304|
218305|
218306|
218307|
218308|
218309|
218310|
218311|
218336|
218337|
218338|
218339|
218340|
218341|
218342|
218343|
218368|
218369|
218370|
218371|
218372|
218373|
218374|
218375|
218400|
218401|
218402|
218403|
218404|
218405|
218406|
218407|
218432|
218433|
218434|
218435|
218436|
218437|
218438|
218439|
218464|
218465|
218466|
218467|
218468|
218469|
218470|
218471|
218496|
218497|
218498|
218499|
218500|
218501|
218502|
218503|
218528|
218529|
218530|
218531|
218532|
218533|
218534|
218535|
218560|
218561|
218562|
218563|
218564|
218565|
218566|
218567|
218592|
218593|
218594|
218595|
218596|
218597|
218598|
218599|
218624|
218625|
218626|
218627|
218628|
218629|
218630|
218631|
218656|
218657|
218658|
218659|
218660|
218661|
218662|
218663|
218688|
218689|
218690|
218691|
218692|
218693|
218694|
218695|
218720|
218721|
218722|
218723|
218724|
218725|
218726|
218727|
218752|
218753|
218754|
218755|
218756|
218757|
218758|
218759|
218784|
218785|
218786|
218787|
218788|
218789|
218790|
218791|
218816|
218817|
218818|
218819|
218820|
218821|
218822|
218823|
218848|
218849|
218850|
218851|
218852|
218853|
218854|
218855|
218880|
218881|
218882|
218883|
218884|
218885|
218886|
218887|
218912|
218913|
218914|
218915|
218916|
218917|
218918|
218919|
218944|
218945|
218946|
218947|
218948|
218949|
218950|
218951|
218976|
218977|
218978|
218979|
218980|
218981|
218982|
218983|
219008|
219009|
219010|
219011|
219012|
219013|
219014|
219015|
219040|
219041|
219042|
219043|
219044|
219045|
219046|
219047|
219072|
219073|
219074|
219075|
219076|
219077|
219078|
219079|
219104|
219105|
219106|
219107|
219108|
219109|
219110|
219111|
219136|
219137|
219138|
219139|
219140|
219141|
219142|
219143|
219168|
219169|
219170|
219171|
219172|
219173|
219174|
219175|
219200|
219201|
219202|
219203|
219204|
219205|
219206|
219207|
219232|
219233|
219234|
219235|
219236|
219237|
219238|
219239|
219264|
219265|
219266|
219267|
219268|
219269|
219270|
219271|
219296|
219297|
219298|
219299|
219300|
219301|
219302|
219303|
219328|
219329|
219330|
219331|
219332|
219333|
219334|
219335|
219360|
219361|
219362|
219363|
219364|
219365|
219366|
219367|
219392|
219393|
219394|
219395|
219396|
219397|
219398|
219399|
219424|
219425|
219426|
219427|
219428|
219429|
219430|
219431|
219456|
219457|
219458|
219459|
219460|
219461|
219462|
219463|
219488|
219489|
219490|
219491|
219492|
219493|
219494|
219495|
219520|
219521|
219522|
219523|
219524|
219525|
219526|
219527|
219552|
219553|
219554|
219555|
219556|
219557|
219558|
219559|
219584|
219585|
219586|
219587|
219588|
219589|
219590|
219591|
219616|
219617|
219618|
219619|
219620|
219621|
219622|
219623|
219648|
219649|
219650|
219651|
219652|
219653|
219654|
219655|
219680|
219681|
219682|
219683|
219684|
219685|
219686|
219687|
219712|
219713|
219714|
219715|
219716|
219717|
219718|
219719|
219744|
219745|
219746|
219747|
219748|
219749|
219750|
219751|
219776|
219777|
219778|
219779|
219780|
219781|
219782|
219783|
219808|
219809|
219810|
219811|
219812|
219813|
219814|
219815|
219840|
219841|
219842|
219843|
219844|
219845|
219846|
219847|
219872|
219873|
219874|
219875|
219876|
219877|
219878|
219879|
219904|
219905|
219906|
219907|
219908|
219909|
219910|
219911|
219936|
219937|
219938|
219939|
219940|
219941|
219942|
219943|
219968|
219969|
219970|
219971|
219972|
219973|
219974|
219975|
220000|
220001|
220002|
220003|
220004|
220005|
220006|
220007|
220032|
220033|
220034|
220035|
220036|
220037|
220038|
220039|
220064|
220065|
220066|
220067|
220068|
220069|
220070|
220071|
220096|
220097|
220098|
220099|
220100|
220101|
220102|
220103|
220128|
220129|
220130|
220131|
220132|
220133|
220134|
220135|
220160|
220161|
220162|
220163|
220164|
220165|
220166|
220167|
220192|
220193|
220194|
220195|
220196|
220197|
220198|
220199|
220224|
220225|
220226|
220227|
220228|
220229|
220230|
220231|
220256|
220257|
220258|
220259|
220260|
220261|
220262|
220263|
220288|
220289|
220290|
220291|
220292|
220293|
220294|
220295|
220320|
220321|
220322|
220323|
220324|
220325|
220326|
220327|
220352|
220353|
220354|
220355|
220356|
220357|
220358|
220359|
220384|
220385|
220386|
220387|
220388|
220389|
220390|
220391|
220416|
220417|
220418|
220419|
220420|
220421|
220422|
220423|
220448|
220449|
220450|
220451|
220452|
220453|
220454|
220455|
220480|
220481|
220482|
220483|
220484|
220485|
220486|
220487|
220512|
220513|
220514|
220515|
220516|
220517|
220518|
220519|
220544|
220545|
220546|
220547|
220548|
220549|
220550|
220551|
220576|
220577|
220578|
220579|
220580|
220581|
220582|
220583|
220608|
220609|
220610|
220611|
220612|
220613|
220614|
220615|
220640|
220641|
220642|
220643|
220644|
220645|
220646|
220647|
220672|
220673|
220674|
220675|
220676|
220677|
220678|
220679|
220704|
220705|
220706|
220707|
220708|
220709|
220710|
220711|
220736|
220737|
220738|
220739|
220740|
220741|
220742|
220743|
220768|
220769|
220770|
220771|
220772|
220773|
220774|
220775|
220800|
220801|
220802|
220803|
220804|
220805|
220806|
220807|
220832|
220833|
220834|
220835|
220836|
220837|
220838|
220839|
220864|
220865|
220866|
220867|
220868|
220869|
220870|
220871|
220896|
220897|
220898|
220899|
220900|
220901|
220902|
220903|
220928|
220929|
220930|
220931|
220932|
220933|
220934|
220935|
220960|
220961|
220962|
220963|
220964|
220965|
220966|
220967|
220992|
220993|
220994|
220995|
220996|
220997|
220998|
220999|
221024|
221025|
221026|
221027|
221028|
221029|
221030|
221031|
221056|
221057|
221058|
221059|
221060|
221061|
221062|
221063|
221088|
221089|
221090|
221091|
221092|
221093|
221094|
221095|
221120|
221121|
221122|
221123|
221124|
221125|
221126|
221127|
221152|
221153|
221154|
221155|
221156|
221157|
221158|
221159|
221184|
221185|
221186|
221187|
221188|
221189|
221190|
221191|
221216|
221217|
221218|
221219|
221220|
221221|
221222|
221223|
221248|
221249|
221250|
221251|
221252|
221253|
221254|
221255|
221280|
221281|
221282|
221283|
221284|
221285|
221286|
221287|
221312|
221313|
221314|
221315|
221316|
221317|
221318|
221319|
221344|
221345|
221346|
221347|
221348|
221349|
221350|
221351|
221376|
221377|
221378|
221379|
221380|
221381|
221382|
221383|
221408|
221409|
221410|
221411|
221412|
221413|
221414|
221415|
221440|
221441|
221442|
221443|
221444|
221445|
221446|
221447|
221472|
221473|
221474|
221475|
221476|
221477|
221478|
221479|
221504|
221505|
221506|
221507|
221508|
221509|
221510|
221511|
221536|
221537|
221538|
221539|
221540|
221541|
221542|
221543|
221568|
221569|
221570|
221571|
221572|
221573|
221574|
221575|
221600|
221601|
221602|
221603|
221604|
221605|
221606|
221607|
221632|
221633|
221634|
221635|
221636|
221637|
221638|
221639|
221664|
221665|
221666|
221667|
221668|
221669|
221670|
221671|
221696|
221697|
221698|
221699|
221700|
221701|
221702|
221703|
221728|
221729|
221730|
221731|
221732|
221733|
221734|
221735|
221760|
221761|
221762|
221763|
221764|
221765|
221766|
221767|
221792|
221793|
221794|
221795|
221796|
221797|
221798|
221799|
221824|
221825|
221826|
221827|
221828|
221829|
221830|
221831|
221856|
221857|
221858|
221859|
221860|
221861|
221862|
221863|
221888|
221889|
221890|
221891|
221892|
221893|
221894|
221895|
221920|
221921|
221922|
221923|
221924|
221925|
221926|
221927|
221952|
221953|
221954|
221955|
221956|
221957|
221958|
221959|
221984|
221985|
221986|
221987|
221988|
