2052001|
2052002|
2052003|
2052004|
2052005|
2052006|
2052007|
2052032|
2052033|
2052034|
2052035|
2052036|
2052037|
2052038|
2052039|
2052064|
2052065|
2052066|
2052067|
2052068|
2052069|
2052070|
2052071|
2052096|
2052097|
2052098|
2052099|
2052100|
2052101|
2052102|
2052103|
2052128|
2052129|
2052130|
2052131|
2052132|
2052133|
2052134|
2052135|
2052160|
2052161|
2052162|
2052163|
2052164|
2052165|
2052166|
2052167|
2052192|
2052193|
2052194|
2052195|
2052196|
2052197|
2052198|
2052199|
2052224|
2052225|
2052226|
2052227|
2052228|
2052229|
2052230|
2052231|
2052256|
2052257|
2052258|
2052259|
2052260|
2052261|
2052262|
2052263|
2052288|
2052289|
2052290|
2052291|
2052292|
2052293|
2052294|
2052295|
2052320|
2052321|
2052322|
2052323|
2052324|
2052325|
2052326|
2052327|
2052352|
2052353|
2052354|
2052355|
2052356|
2052357|
2052358|
2052359|
2052384|
2052385|
2052386|
2052387|
2052388|
2052389|
2052390|
2052391|
2052416|
2052417|
2052418|
2052419|
2052420|
2052421|
2052422|
2052423|
2052448|
2052449|
2052450|
2052451|
2052452|
2052453|
2052454|
2052455|
2052480|
2052481|
2052482|
2052483|
2052484|
2052485|
2052486|
2052487|
2052512|
2052513|
2052514|
2052515|
2052516|
2052517|
2052518|
2052519|
2052544|
2052545|
2052546|
2052547|
2052548|
2052549|
2052550|
2052551|
2052576|
2052577|
2052578|
2052579|
2052580|
2052581|
2052582|
2052583|
2052608|
2052609|
2052610|
2052611|
2052612|
2052613|
2052614|
2052615|
2052640|
2052641|
2052642|
2052643|
2052644|
2052645|
2052646|
2052647|
2052672|
2052673|
2052674|
2052675|
2052676|
2052677|
2052678|
2052679|
2052704|
2052705|
2052706|
2052707|
2052708|
2052709|
2052710|
2052711|
2052736|
2052737|
2052738|
2052739|
2052740|
2052741|
2052742|
2052743|
2052768|
2052769|
2052770|
2052771|
2052772|
2052773|
2052774|
2052775|
2052800|
2052801|
2052802|
2052803|
2052804|
2052805|
2052806|
2052807|
2052832|
2052833|
2052834|
2052835|
2052836|
2052837|
2052838|
2052839|
2052864|
2052865|
2052866|
2052867|
2052868|
2052869|
2052870|
2052871|
2052896|
2052897|
2052898|
2052899|
2052900|
2052901|
2052902|
2052903|
2052928|
2052929|
2052930|
2052931|
2052932|
2052933|
2052934|
2052935|
2052960|
2052961|
2052962|
2052963|
2052964|
2052965|
2052966|
2052967|
2052992|
2052993|
2052994|
2052995|
2052996|
2052997|
2052998|
2052999|
2053024|
2053025|
2053026|
2053027|
2053028|
2053029|
2053030|
2053031|
2053056|
2053057|
2053058|
2053059|
2053060|
2053061|
2053062|
2053063|
2053088|
2053089|
2053090|
2053091|
2053092|
2053093|
2053094|
2053095|
2053120|
2053121|
2053122|
2053123|
2053124|
2053125|
2053126|
2053127|
2053152|
2053153|
2053154|
2053155|
2053156|
2053157|
2053158|
2053159|
2053184|
2053185|
2053186|
2053187|
2053188|
2053189|
2053190|
2053191|
2053216|
2053217|
2053218|
2053219|
2053220|
2053221|
2053222|
2053223|
2053248|
2053249|
2053250|
2053251|
2053252|
2053253|
2053254|
2053255|
2053280|
2053281|
2053282|
2053283|
2053284|
2053285|
2053286|
2053287|
2053312|
2053313|
2053314|
2053315|
2053316|
2053317|
2053318|
2053319|
2053344|
2053345|
2053346|
2053347|
2053348|
2053349|
2053350|
2053351|
2053376|
2053377|
2053378|
2053379|
2053380|
2053381|
2053382|
2053383|
2053408|
2053409|
2053410|
2053411|
2053412|
2053413|
2053414|
2053415|
2053440|
2053441|
2053442|
2053443|
2053444|
2053445|
2053446|
2053447|
2053472|
2053473|
2053474|
2053475|
2053476|
2053477|
2053478|
2053479|
2053504|
2053505|
2053506|
2053507|
2053508|
2053509|
2053510|
2053511|
2053536|
2053537|
2053538|
2053539|
2053540|
2053541|
2053542|
2053543|
2053568|
2053569|
2053570|
2053571|
2053572|
2053573|
2053574|
2053575|
2053600|
2053601|
2053602|
2053603|
2053604|
2053605|
2053606|
2053607|
2053632|
2053633|
2053634|
2053635|
2053636|
2053637|
2053638|
2053639|
2053664|
2053665|
2053666|
2053667|
2053668|
2053669|
2053670|
2053671|
2053696|
2053697|
2053698|
2053699|
2053700|
2053701|
2053702|
2053703|
2053728|
2053729|
2053730|
2053731|
2053732|
2053733|
2053734|
2053735|
2053760|
2053761|
2053762|
2053763|
2053764|
2053765|
2053766|
2053767|
2053792|
2053793|
2053794|
2053795|
2053796|
2053797|
2053798|
2053799|
2053824|
2053825|
2053826|
2053827|
2053828|
2053829|
2053830|
2053831|
2053856|
2053857|
2053858|
2053859|
2053860|
2053861|
2053862|
2053863|
2053888|
2053889|
2053890|
2053891|
2053892|
2053893|
2053894|
2053895|
2053920|
2053921|
2053922|
2053923|
2053924|
2053925|
2053926|
2053927|
2053952|
2053953|
2053954|
2053955|
2053956|
2053957|
2053958|
2053959|
2053984|
2053985|
2053986|
2053987|
2053988|
2053989|
2053990|
2053991|
2054016|
2054017|
2054018|
2054019|
2054020|
2054021|
2054022|
2054023|
2054048|
2054049|
2054050|
2054051|
2054052|
2054053|
2054054|
2054055|
2054080|
2054081|
2054082|
2054083|
2054084|
2054085|
2054086|
2054087|
2054112|
2054113|
2054114|
2054115|
2054116|
2054117|
2054118|
2054119|
2054144|
2054145|
2054146|
2054147|
2054148|
2054149|
2054150|
2054151|
2054176|
2054177|
2054178|
2054179|
2054180|
2054181|
2054182|
2054183|
2054208|
2054209|
2054210|
2054211|
2054212|
2054213|
2054214|
2054215|
2054240|
2054241|
2054242|
2054243|
2054244|
2054245|
2054246|
2054247|
2054272|
2054273|
2054274|
2054275|
2054276|
2054277|
2054278|
2054279|
2054304|
2054305|
2054306|
2054307|
2054308|
2054309|
2054310|
2054311|
2054336|
2054337|
2054338|
2054339|
2054340|
2054341|
2054342|
2054343|
2054368|
2054369|
2054370|
2054371|
2054372|
2054373|
2054374|
2054375|
2054400|
2054401|
2054402|
2054403|
2054404|
2054405|
2054406|
2054407|
2054432|
2054433|
2054434|
2054435|
2054436|
2054437|
2054438|
2054439|
2054464|
2054465|
2054466|
2054467|
2054468|
2054469|
2054470|
2054471|
2054496|
2054497|
2054498|
2054499|
2054500|
2054501|
2054502|
2054503|
2054528|
2054529|
2054530|
2054531|
2054532|
2054533|
2054534|
2054535|
2054560|
2054561|
2054562|
2054563|
2054564|
2054565|
2054566|
2054567|
2054592|
2054593|
2054594|
2054595|
2054596|
2054597|
2054598|
2054599|
2054624|
2054625|
2054626|
2054627|
2054628|
2054629|
2054630|
2054631|
2054656|
2054657|
2054658|
2054659|
2054660|
2054661|
2054662|
2054663|
2054688|
2054689|
2054690|
2054691|
2054692|
2054693|
2054694|
2054695|
2054720|
2054721|
2054722|
2054723|
2054724|
2054725|
2054726|
2054727|
2054752|
2054753|
2054754|
2054755|
2054756|
2054757|
2054758|
2054759|
2054784|
2054785|
2054786|
2054787|
2054788|
2054789|
2054790|
2054791|
2054816|
2054817|
2054818|
2054819|
2054820|
2054821|
2054822|
2054823|
2054848|
2054849|
2054850|
2054851|
2054852|
2054853|
2054854|
2054855|
2054880|
2054881|
2054882|
2054883|
2054884|
2054885|
2054886|
2054887|
2054912|
2054913|
2054914|
2054915|
2054916|
2054917|
2054918|
2054919|
2054944|
2054945|
2054946|
2054947|
2054948|
2054949|
2054950|
2054951|
2054976|
2054977|
2054978|
2054979|
2054980|
2054981|
2054982|
2054983|
2055008|
2055009|
2055010|
2055011|
2055012|
2055013|
2055014|
2055015|
2055040|
2055041|
2055042|
2055043|
2055044|
2055045|
2055046|
2055047|
2055072|
2055073|
2055074|
2055075|
2055076|
2055077|
2055078|
2055079|
2055104|
2055105|
2055106|
2055107|
2055108|
2055109|
2055110|
2055111|
2055136|
2055137|
2055138|
2055139|
2055140|
2055141|
2055142|
2055143|
2055168|
2055169|
2055170|
2055171|
2055172|
2055173|
2055174|
2055175|
2055200|
2055201|
2055202|
2055203|
2055204|
2055205|
2055206|
2055207|
2055232|
2055233|
2055234|
2055235|
2055236|
2055237|
2055238|
2055239|
2055264|
2055265|
2055266|
2055267|
2055268|
2055269|
2055270|
2055271|
2055296|
2055297|
2055298|
2055299|
2055300|
2055301|
2055302|
2055303|
2055328|
2055329|
2055330|
2055331|
2055332|
2055333|
2055334|
2055335|
2055360|
2055361|
2055362|
2055363|
2055364|
2055365|
2055366|
2055367|
2055392|
2055393|
2055394|
2055395|
2055396|
2055397|
2055398|
2055399|
2055424|
2055425|
2055426|
2055427|
2055428|
2055429|
2055430|
2055431|
2055456|
2055457|
2055458|
2055459|
2055460|
2055461|
2055462|
2055463|
2055488|
2055489|
2055490|
2055491|
2055492|
2055493|
2055494|
2055495|
2055520|
2055521|
2055522|
2055523|
2055524|
2055525|
2055526|
2055527|
2055552|
2055553|
2055554|
2055555|
2055556|
2055557|
2055558|
2055559|
2055584|
2055585|
2055586|
2055587|
2055588|
2055589|
2055590|
2055591|
2055616|
2055617|
2055618|
2055619|
2055620|
2055621|
2055622|
2055623|
2055648|
2055649|
2055650|
2055651|
2055652|
2055653|
2055654|
2055655|
2055680|
2055681|
2055682|
2055683|
2055684|
2055685|
2055686|
2055687|
2055712|
2055713|
2055714|
2055715|
2055716|
2055717|
2055718|
2055719|
2055744|
2055745|
2055746|
2055747|
2055748|
2055749|
2055750|
2055751|
2055776|
2055777|
2055778|
2055779|
2055780|
2055781|
2055782|
2055783|
2055808|
2055809|
2055810|
2055811|
2055812|
2055813|
2055814|
2055815|
2055840|
2055841|
2055842|
2055843|
2055844|
2055845|
2055846|
2055847|
2055872|
2055873|
2055874|
2055875|
2055876|
2055877|
2055878|
2055879|
2055904|
2055905|
2055906|
2055907|
2055908|
2055909|
2055910|
2055911|
2055936|
2055937|
2055938|
2055939|
2055940|
2055941|
2055942|
2055943|
2055968|
2055969|
2055970|
2055971|
2055972|
2055973|
2055974|
2055975|
2056000|
2056001|
2056002|
2056003|
2056004|
2056005|
2056006|
2056007|
2056032|
2056033|
2056034|
2056035|
2056036|
2056037|
2056038|
2056039|
2056064|
2056065|
2056066|
2056067|
2056068|
2056069|
2056070|
2056071|
2056096|
2056097|
2056098|
2056099|
2056100|
2056101|
2056102|
2056103|
2056128|
2056129|
2056130|
2056131|
2056132|
2056133|
2056134|
2056135|
2056160|
2056161|
2056162|
2056163|
2056164|
2056165|
2056166|
2056167|
2056192|
2056193|
2056194|
2056195|
2056196|
2056197|
2056198|
2056199|
2056224|
2056225|
2056226|
2056227|
2056228|
2056229|
2056230|
2056231|
2056256|
2056257|
2056258|
2056259|
2056260|
2056261|
2056262|
2056263|
2056288|
2056289|
2056290|
2056291|
2056292|
2056293|
2056294|
2056295|
2056320|
2056321|
2056322|
2056323|
2056324|
2056325|
2056326|
2056327|
2056352|
2056353|
2056354|
2056355|
2056356|
2056357|
2056358|
2056359|
2056384|
2056385|
2056386|
2056387|
2056388|
2056389|
2056390|
2056391|
2056416|
2056417|
2056418|
2056419|
2056420|
2056421|
2056422|
2056423|
2056448|
2056449|
2056450|
2056451|
2056452|
2056453|
2056454|
2056455|
2056480|
2056481|
2056482|
2056483|
2056484|
2056485|
2056486|
2056487|
2056512|
2056513|
2056514|
2056515|
2056516|
2056517|
2056518|
2056519|
2056544|
2056545|
2056546|
2056547|
2056548|
2056549|
2056550|
2056551|
2056576|
2056577|
2056578|
2056579|
2056580|
2056581|
2056582|
2056583|
2056608|
2056609|
2056610|
2056611|
2056612|
2056613|
2056614|
2056615|
2056640|
2056641|
2056642|
2056643|
2056644|
2056645|
2056646|
2056647|
2056672|
2056673|
2056674|
2056675|
2056676|
2056677|
2056678|
2056679|
2056704|
2056705|
2056706|
2056707|
2056708|
2056709|
2056710|
2056711|
2056736|
2056737|
2056738|
2056739|
2056740|
2056741|
2056742|
2056743|
2056768|
2056769|
2056770|
2056771|
2056772|
2056773|
2056774|
2056775|
2056800|
2056801|
2056802|
2056803|
2056804|
2056805|
2056806|
2056807|
2056832|
2056833|
2056834|
2056835|
2056836|
2056837|
2056838|
2056839|
2056864|
2056865|
2056866|
2056867|
2056868|
2056869|
2056870|
2056871|
2056896|
2056897|
2056898|
2056899|
2056900|
2056901|
2056902|
2056903|
2056928|
2056929|
2056930|
2056931|
2056932|
2056933|
2056934|
2056935|
2056960|
2056961|
2056962|
2056963|
2056964|
2056965|
2056966|
2056967|
2056992|
2056993|
2056994|
2056995|
2056996|
2056997|
2056998|
2056999|
2057024|
2057025|
2057026|
2057027|
2057028|
2057029|
2057030|
2057031|
2057056|
2057057|
2057058|
2057059|
2057060|
2057061|
2057062|
2057063|
2057088|
2057089|
2057090|
2057091|
2057092|
2057093|
2057094|
2057095|
2057120|
2057121|
2057122|
2057123|
2057124|
2057125|
2057126|
2057127|
2057152|
2057153|
2057154|
2057155|
2057156|
2057157|
2057158|
2057159|
2057184|
2057185|
2057186|
2057187|
2057188|
2057189|
2057190|
2057191|
2057216|
2057217|
2057218|
2057219|
2057220|
2057221|
2057222|
2057223|
2057248|
2057249|
2057250|
2057251|
2057252|
2057253|
2057254|
2057255|
2057280|
2057281|
2057282|
2057283|
2057284|
2057285|
2057286|
2057287|
2057312|
2057313|
2057314|
2057315|
2057316|
2057317|
2057318|
2057319|
2057344|
2057345|
2057346|
2057347|
2057348|
2057349|
2057350|
2057351|
2057376|
2057377|
2057378|
2057379|
2057380|
2057381|
2057382|
2057383|
2057408|
2057409|
2057410|
2057411|
2057412|
2057413|
2057414|
2057415|
2057440|
2057441|
2057442|
2057443|
2057444|
2057445|
2057446|
2057447|
2057472|
2057473|
2057474|
2057475|
2057476|
2057477|
2057478|
2057479|
2057504|
2057505|
2057506|
2057507|
2057508|
2057509|
2057510|
2057511|
2057536|
2057537|
2057538|
2057539|
2057540|
2057541|
2057542|
2057543|
2057568|
2057569|
2057570|
2057571|
2057572|
2057573|
2057574|
2057575|
2057600|
2057601|
2057602|
2057603|
2057604|
2057605|
2057606|
2057607|
2057632|
2057633|
2057634|
2057635|
2057636|
2057637|
2057638|
2057639|
2057664|
2057665|
2057666|
2057667|
2057668|
2057669|
2057670|
2057671|
2057696|
2057697|
2057698|
2057699|
2057700|
2057701|
2057702|
2057703|
2057728|
2057729|
2057730|
2057731|
2057732|
2057733|
2057734|
2057735|
2057760|
2057761|
2057762|
2057763|
2057764|
2057765|
2057766|
2057767|
2057792|
2057793|
2057794|
2057795|
2057796|
2057797|
2057798|
2057799|
2057824|
2057825|
2057826|
2057827|
2057828|
2057829|
2057830|
2057831|
2057856|
2057857|
2057858|
2057859|
2057860|
2057861|
2057862|
2057863|
2057888|
2057889|
2057890|
2057891|
2057892|
2057893|
2057894|
2057895|
2057920|
2057921|
2057922|
2057923|
2057924|
2057925|
2057926|
2057927|
2057952|
2057953|
2057954|
2057955|
2057956|
2057957|
2057958|
2057959|
2057984|
2057985|
2057986|
2057987|
2057988|
