1193989|
1193990|
1193991|
1194016|
1194017|
1194018|
1194019|
1194020|
1194021|
1194022|
1194023|
1194048|
1194049|
1194050|
1194051|
1194052|
1194053|
1194054|
1194055|
1194080|
1194081|
1194082|
1194083|
1194084|
1194085|
1194086|
1194087|
1194112|
1194113|
1194114|
1194115|
1194116|
1194117|
1194118|
1194119|
1194144|
1194145|
1194146|
1194147|
1194148|
1194149|
1194150|
1194151|
1194176|
1194177|
1194178|
1194179|
1194180|
1194181|
1194182|
1194183|
1194208|
1194209|
1194210|
1194211|
1194212|
1194213|
1194214|
1194215|
1194240|
1194241|
1194242|
1194243|
1194244|
1194245|
1194246|
1194247|
1194272|
1194273|
1194274|
1194275|
1194276|
1194277|
1194278|
1194279|
1194304|
1194305|
1194306|
1194307|
1194308|
1194309|
1194310|
1194311|
1194336|
1194337|
1194338|
1194339|
1194340|
1194341|
1194342|
1194343|
1194368|
1194369|
1194370|
1194371|
1194372|
1194373|
1194374|
1194375|
1194400|
1194401|
1194402|
1194403|
1194404|
1194405|
1194406|
1194407|
1194432|
1194433|
1194434|
1194435|
1194436|
1194437|
1194438|
1194439|
1194464|
1194465|
1194466|
1194467|
1194468|
1194469|
1194470|
1194471|
1194496|
1194497|
1194498|
1194499|
1194500|
1194501|
1194502|
1194503|
1194528|
1194529|
1194530|
1194531|
1194532|
1194533|
1194534|
1194535|
1194560|
1194561|
1194562|
1194563|
1194564|
1194565|
1194566|
1194567|
1194592|
1194593|
1194594|
1194595|
1194596|
1194597|
1194598|
1194599|
1194624|
1194625|
1194626|
1194627|
1194628|
1194629|
1194630|
1194631|
1194656|
1194657|
1194658|
1194659|
1194660|
1194661|
1194662|
1194663|
1194688|
1194689|
1194690|
1194691|
1194692|
1194693|
1194694|
1194695|
1194720|
1194721|
1194722|
1194723|
1194724|
1194725|
1194726|
1194727|
1194752|
1194753|
1194754|
1194755|
1194756|
1194757|
1194758|
1194759|
1194784|
1194785|
1194786|
1194787|
1194788|
1194789|
1194790|
1194791|
1194816|
1194817|
1194818|
1194819|
1194820|
1194821|
1194822|
1194823|
1194848|
1194849|
1194850|
1194851|
1194852|
1194853|
1194854|
1194855|
1194880|
1194881|
1194882|
1194883|
1194884|
1194885|
1194886|
1194887|
1194912|
1194913|
1194914|
1194915|
1194916|
1194917|
1194918|
1194919|
1194944|
1194945|
1194946|
1194947|
1194948|
1194949|
1194950|
1194951|
1194976|
1194977|
1194978|
1194979|
1194980|
1194981|
1194982|
1194983|
1195008|
1195009|
1195010|
1195011|
1195012|
1195013|
1195014|
1195015|
1195040|
1195041|
1195042|
1195043|
1195044|
1195045|
1195046|
1195047|
1195072|
1195073|
1195074|
1195075|
1195076|
1195077|
1195078|
1195079|
1195104|
1195105|
1195106|
1195107|
1195108|
1195109|
1195110|
1195111|
1195136|
1195137|
1195138|
1195139|
1195140|
1195141|
1195142|
1195143|
1195168|
1195169|
1195170|
1195171|
1195172|
1195173|
1195174|
1195175|
1195200|
1195201|
1195202|
1195203|
1195204|
1195205|
1195206|
1195207|
1195232|
1195233|
1195234|
1195235|
1195236|
1195237|
1195238|
1195239|
1195264|
1195265|
1195266|
1195267|
1195268|
1195269|
1195270|
1195271|
1195296|
1195297|
1195298|
1195299|
1195300|
1195301|
1195302|
1195303|
1195328|
1195329|
1195330|
1195331|
1195332|
1195333|
1195334|
1195335|
1195360|
1195361|
1195362|
1195363|
1195364|
1195365|
1195366|
1195367|
1195392|
1195393|
1195394|
1195395|
1195396|
1195397|
1195398|
1195399|
1195424|
1195425|
1195426|
1195427|
1195428|
1195429|
1195430|
1195431|
1195456|
1195457|
1195458|
1195459|
1195460|
1195461|
1195462|
1195463|
1195488|
1195489|
1195490|
1195491|
1195492|
1195493|
1195494|
1195495|
1195520|
1195521|
1195522|
1195523|
1195524|
1195525|
1195526|
1195527|
1195552|
1195553|
1195554|
1195555|
1195556|
1195557|
1195558|
1195559|
1195584|
1195585|
1195586|
1195587|
1195588|
1195589|
1195590|
1195591|
1195616|
1195617|
1195618|
1195619|
1195620|
1195621|
1195622|
1195623|
1195648|
1195649|
1195650|
1195651|
1195652|
1195653|
1195654|
1195655|
1195680|
1195681|
1195682|
1195683|
1195684|
1195685|
1195686|
1195687|
1195712|
1195713|
1195714|
1195715|
1195716|
1195717|
1195718|
1195719|
1195744|
1195745|
1195746|
1195747|
1195748|
1195749|
1195750|
1195751|
1195776|
1195777|
1195778|
1195779|
1195780|
1195781|
1195782|
1195783|
1195808|
1195809|
1195810|
1195811|
1195812|
1195813|
1195814|
1195815|
1195840|
1195841|
1195842|
1195843|
1195844|
1195845|
1195846|
1195847|
1195872|
1195873|
1195874|
1195875|
1195876|
1195877|
1195878|
1195879|
1195904|
1195905|
1195906|
1195907|
1195908|
1195909|
1195910|
1195911|
1195936|
1195937|
1195938|
1195939|
1195940|
1195941|
1195942|
1195943|
1195968|
1195969|
1195970|
1195971|
1195972|
1195973|
1195974|
1195975|
1196000|
1196001|
1196002|
1196003|
1196004|
1196005|
1196006|
1196007|
1196032|
1196033|
1196034|
1196035|
1196036|
1196037|
1196038|
1196039|
1196064|
1196065|
1196066|
1196067|
1196068|
1196069|
1196070|
1196071|
1196096|
1196097|
1196098|
1196099|
1196100|
1196101|
1196102|
1196103|
1196128|
1196129|
1196130|
1196131|
1196132|
1196133|
1196134|
1196135|
1196160|
1196161|
1196162|
1196163|
1196164|
1196165|
1196166|
1196167|
1196192|
1196193|
1196194|
1196195|
1196196|
1196197|
1196198|
1196199|
1196224|
1196225|
1196226|
1196227|
1196228|
1196229|
1196230|
1196231|
1196256|
1196257|
1196258|
1196259|
1196260|
1196261|
1196262|
1196263|
1196288|
1196289|
1196290|
1196291|
1196292|
1196293|
1196294|
1196295|
1196320|
1196321|
1196322|
1196323|
1196324|
1196325|
1196326|
1196327|
1196352|
1196353|
1196354|
1196355|
1196356|
1196357|
1196358|
1196359|
1196384|
1196385|
1196386|
1196387|
1196388|
1196389|
1196390|
1196391|
1196416|
1196417|
1196418|
1196419|
1196420|
1196421|
1196422|
1196423|
1196448|
1196449|
1196450|
1196451|
1196452|
1196453|
1196454|
1196455|
1196480|
1196481|
1196482|
1196483|
1196484|
1196485|
1196486|
1196487|
1196512|
1196513|
1196514|
1196515|
1196516|
1196517|
1196518|
1196519|
1196544|
1196545|
1196546|
1196547|
1196548|
1196549|
1196550|
1196551|
1196576|
1196577|
1196578|
1196579|
1196580|
1196581|
1196582|
1196583|
1196608|
1196609|
1196610|
1196611|
1196612|
1196613|
1196614|
1196615|
1196640|
1196641|
1196642|
1196643|
1196644|
1196645|
1196646|
1196647|
1196672|
1196673|
1196674|
1196675|
1196676|
1196677|
1196678|
1196679|
1196704|
1196705|
1196706|
1196707|
1196708|
1196709|
1196710|
1196711|
1196736|
1196737|
1196738|
1196739|
1196740|
1196741|
1196742|
1196743|
1196768|
1196769|
1196770|
1196771|
1196772|
1196773|
1196774|
1196775|
1196800|
1196801|
1196802|
1196803|
1196804|
1196805|
1196806|
1196807|
1196832|
1196833|
1196834|
1196835|
1196836|
1196837|
1196838|
1196839|
1196864|
1196865|
1196866|
1196867|
1196868|
1196869|
1196870|
1196871|
1196896|
1196897|
1196898|
1196899|
1196900|
1196901|
1196902|
1196903|
1196928|
1196929|
1196930|
1196931|
1196932|
1196933|
1196934|
1196935|
1196960|
1196961|
1196962|
1196963|
1196964|
1196965|
1196966|
1196967|
1196992|
1196993|
1196994|
1196995|
1196996|
1196997|
1196998|
1196999|
1197024|
1197025|
1197026|
1197027|
1197028|
1197029|
1197030|
1197031|
1197056|
1197057|
1197058|
1197059|
1197060|
1197061|
1197062|
1197063|
1197088|
1197089|
1197090|
1197091|
1197092|
1197093|
1197094|
1197095|
1197120|
1197121|
1197122|
1197123|
1197124|
1197125|
1197126|
1197127|
1197152|
1197153|
1197154|
1197155|
1197156|
1197157|
1197158|
1197159|
1197184|
1197185|
1197186|
1197187|
1197188|
1197189|
1197190|
1197191|
1197216|
1197217|
1197218|
1197219|
1197220|
1197221|
1197222|
1197223|
1197248|
1197249|
1197250|
1197251|
1197252|
1197253|
1197254|
1197255|
1197280|
1197281|
1197282|
1197283|
1197284|
1197285|
1197286|
1197287|
1197312|
1197313|
1197314|
1197315|
1197316|
1197317|
1197318|
1197319|
1197344|
1197345|
1197346|
1197347|
1197348|
1197349|
1197350|
1197351|
1197376|
1197377|
1197378|
1197379|
1197380|
1197381|
1197382|
1197383|
1197408|
1197409|
1197410|
1197411|
1197412|
1197413|
1197414|
1197415|
1197440|
1197441|
1197442|
1197443|
1197444|
1197445|
1197446|
1197447|
1197472|
1197473|
1197474|
1197475|
1197476|
1197477|
1197478|
1197479|
1197504|
1197505|
1197506|
1197507|
1197508|
1197509|
1197510|
1197511|
1197536|
1197537|
1197538|
1197539|
1197540|
1197541|
1197542|
1197543|
1197568|
1197569|
1197570|
1197571|
1197572|
1197573|
1197574|
1197575|
1197600|
1197601|
1197602|
1197603|
1197604|
1197605|
1197606|
1197607|
1197632|
1197633|
1197634|
1197635|
1197636|
1197637|
1197638|
1197639|
1197664|
1197665|
1197666|
1197667|
1197668|
1197669|
1197670|
1197671|
1197696|
1197697|
1197698|
1197699|
1197700|
1197701|
1197702|
1197703|
1197728|
1197729|
1197730|
1197731|
1197732|
1197733|
1197734|
1197735|
1197760|
1197761|
1197762|
1197763|
1197764|
1197765|
1197766|
1197767|
1197792|
1197793|
1197794|
1197795|
1197796|
1197797|
1197798|
1197799|
1197824|
1197825|
1197826|
1197827|
1197828|
1197829|
1197830|
1197831|
1197856|
1197857|
1197858|
1197859|
1197860|
1197861|
1197862|
1197863|
1197888|
1197889|
1197890|
1197891|
1197892|
1197893|
1197894|
1197895|
1197920|
1197921|
1197922|
1197923|
1197924|
1197925|
1197926|
1197927|
1197952|
1197953|
1197954|
1197955|
1197956|
1197957|
1197958|
1197959|
1197984|
1197985|
1197986|
1197987|
1197988|
1197989|
1197990|
1197991|
1198016|
1198017|
1198018|
1198019|
1198020|
1198021|
1198022|
1198023|
1198048|
1198049|
1198050|
1198051|
1198052|
1198053|
1198054|
1198055|
1198080|
1198081|
1198082|
1198083|
1198084|
1198085|
1198086|
1198087|
1198112|
1198113|
1198114|
1198115|
1198116|
1198117|
1198118|
1198119|
1198144|
1198145|
1198146|
1198147|
1198148|
1198149|
1198150|
1198151|
1198176|
1198177|
1198178|
1198179|
1198180|
1198181|
1198182|
1198183|
1198208|
1198209|
1198210|
1198211|
1198212|
1198213|
1198214|
1198215|
1198240|
1198241|
1198242|
1198243|
1198244|
1198245|
1198246|
1198247|
1198272|
1198273|
1198274|
1198275|
1198276|
1198277|
1198278|
1198279|
1198304|
1198305|
1198306|
1198307|
1198308|
1198309|
1198310|
1198311|
1198336|
1198337|
1198338|
1198339|
1198340|
1198341|
1198342|
1198343|
1198368|
1198369|
1198370|
1198371|
1198372|
1198373|
1198374|
1198375|
1198400|
1198401|
1198402|
1198403|
1198404|
1198405|
1198406|
1198407|
1198432|
1198433|
1198434|
1198435|
1198436|
1198437|
1198438|
1198439|
1198464|
1198465|
1198466|
1198467|
1198468|
1198469|
1198470|
1198471|
1198496|
1198497|
1198498|
1198499|
1198500|
1198501|
1198502|
1198503|
1198528|
1198529|
1198530|
1198531|
1198532|
1198533|
1198534|
1198535|
1198560|
1198561|
1198562|
1198563|
1198564|
1198565|
1198566|
1198567|
1198592|
1198593|
1198594|
1198595|
1198596|
1198597|
1198598|
1198599|
1198624|
1198625|
1198626|
1198627|
1198628|
1198629|
1198630|
1198631|
1198656|
1198657|
1198658|
1198659|
1198660|
1198661|
1198662|
1198663|
1198688|
1198689|
1198690|
1198691|
1198692|
1198693|
1198694|
1198695|
1198720|
1198721|
1198722|
1198723|
1198724|
1198725|
1198726|
1198727|
1198752|
1198753|
1198754|
1198755|
1198756|
1198757|
1198758|
1198759|
1198784|
1198785|
1198786|
1198787|
1198788|
1198789|
1198790|
1198791|
1198816|
1198817|
1198818|
1198819|
1198820|
1198821|
1198822|
1198823|
1198848|
1198849|
1198850|
1198851|
1198852|
1198853|
1198854|
1198855|
1198880|
1198881|
1198882|
1198883|
1198884|
1198885|
1198886|
1198887|
1198912|
1198913|
1198914|
1198915|
1198916|
1198917|
1198918|
1198919|
1198944|
1198945|
1198946|
1198947|
1198948|
1198949|
1198950|
1198951|
1198976|
1198977|
1198978|
1198979|
1198980|
1198981|
1198982|
1198983|
1199008|
1199009|
1199010|
1199011|
1199012|
1199013|
1199014|
1199015|
1199040|
1199041|
1199042|
1199043|
1199044|
1199045|
1199046|
1199047|
1199072|
1199073|
1199074|
1199075|
1199076|
1199077|
1199078|
1199079|
1199104|
1199105|
1199106|
1199107|
1199108|
1199109|
1199110|
1199111|
1199136|
1199137|
1199138|
1199139|
1199140|
1199141|
1199142|
1199143|
1199168|
1199169|
1199170|
1199171|
1199172|
1199173|
1199174|
1199175|
1199200|
1199201|
1199202|
1199203|
1199204|
1199205|
1199206|
1199207|
1199232|
1199233|
1199234|
1199235|
1199236|
1199237|
1199238|
1199239|
1199264|
1199265|
1199266|
1199267|
1199268|
1199269|
1199270|
1199271|
1199296|
1199297|
1199298|
1199299|
1199300|
1199301|
1199302|
1199303|
1199328|
1199329|
1199330|
1199331|
1199332|
1199333|
1199334|
1199335|
1199360|
1199361|
1199362|
1199363|
1199364|
1199365|
1199366|
1199367|
1199392|
1199393|
1199394|
1199395|
1199396|
1199397|
1199398|
1199399|
1199424|
1199425|
1199426|
1199427|
1199428|
1199429|
1199430|
1199431|
1199456|
1199457|
1199458|
1199459|
1199460|
1199461|
1199462|
1199463|
1199488|
1199489|
1199490|
1199491|
1199492|
1199493|
1199494|
1199495|
1199520|
1199521|
1199522|
1199523|
1199524|
1199525|
1199526|
1199527|
1199552|
1199553|
1199554|
1199555|
1199556|
1199557|
1199558|
1199559|
1199584|
1199585|
1199586|
1199587|
1199588|
1199589|
1199590|
1199591|
1199616|
1199617|
1199618|
1199619|
1199620|
1199621|
1199622|
1199623|
1199648|
1199649|
1199650|
1199651|
1199652|
1199653|
1199654|
1199655|
1199680|
1199681|
1199682|
1199683|
1199684|
1199685|
1199686|
1199687|
1199712|
1199713|
1199714|
1199715|
1199716|
1199717|
1199718|
1199719|
1199744|
1199745|
1199746|
1199747|
1199748|
1199749|
1199750|
1199751|
1199776|
1199777|
1199778|
1199779|
1199780|
1199781|
1199782|
1199783|
1199808|
1199809|
1199810|
1199811|
1199812|
1199813|
1199814|
1199815|
1199840|
1199841|
1199842|
1199843|
1199844|
1199845|
1199846|
1199847|
1199872|
1199873|
1199874|
1199875|
1199876|
1199877|
1199878|
1199879|
1199904|
1199905|
1199906|
1199907|
1199908|
1199909|
1199910|
1199911|
1199936|
1199937|
1199938|
1199939|
1199940|
1199941|
1199942|
1199943|
1199968|
1199969|
1199970|
1199971|
1199972|
1199973|
1199974|
1199975|
1200000|
