1469989|
1469990|
1469991|
1470016|
1470017|
1470018|
1470019|
1470020|
1470021|
1470022|
1470023|
1470048|
1470049|
1470050|
1470051|
1470052|
1470053|
1470054|
1470055|
1470080|
1470081|
1470082|
1470083|
1470084|
1470085|
1470086|
1470087|
1470112|
1470113|
1470114|
1470115|
1470116|
1470117|
1470118|
1470119|
1470144|
1470145|
1470146|
1470147|
1470148|
1470149|
1470150|
1470151|
1470176|
1470177|
1470178|
1470179|
1470180|
1470181|
1470182|
1470183|
1470208|
1470209|
1470210|
1470211|
1470212|
1470213|
1470214|
1470215|
1470240|
1470241|
1470242|
1470243|
1470244|
1470245|
1470246|
1470247|
1470272|
1470273|
1470274|
1470275|
1470276|
1470277|
1470278|
1470279|
1470304|
1470305|
1470306|
1470307|
1470308|
1470309|
1470310|
1470311|
1470336|
1470337|
1470338|
1470339|
1470340|
1470341|
1470342|
1470343|
1470368|
1470369|
1470370|
1470371|
1470372|
1470373|
1470374|
1470375|
1470400|
1470401|
1470402|
1470403|
1470404|
1470405|
1470406|
1470407|
1470432|
1470433|
1470434|
1470435|
1470436|
1470437|
1470438|
1470439|
1470464|
1470465|
1470466|
1470467|
1470468|
1470469|
1470470|
1470471|
1470496|
1470497|
1470498|
1470499|
1470500|
1470501|
1470502|
1470503|
1470528|
1470529|
1470530|
1470531|
1470532|
1470533|
1470534|
1470535|
1470560|
1470561|
1470562|
1470563|
1470564|
1470565|
1470566|
1470567|
1470592|
1470593|
1470594|
1470595|
1470596|
1470597|
1470598|
1470599|
1470624|
1470625|
1470626|
1470627|
1470628|
1470629|
1470630|
1470631|
1470656|
1470657|
1470658|
1470659|
1470660|
1470661|
1470662|
1470663|
1470688|
1470689|
1470690|
1470691|
1470692|
1470693|
1470694|
1470695|
1470720|
1470721|
1470722|
1470723|
1470724|
1470725|
1470726|
1470727|
1470752|
1470753|
1470754|
1470755|
1470756|
1470757|
1470758|
1470759|
1470784|
1470785|
1470786|
1470787|
1470788|
1470789|
1470790|
1470791|
1470816|
1470817|
1470818|
1470819|
1470820|
1470821|
1470822|
1470823|
1470848|
1470849|
1470850|
1470851|
1470852|
1470853|
1470854|
1470855|
1470880|
1470881|
1470882|
1470883|
1470884|
1470885|
1470886|
1470887|
1470912|
1470913|
1470914|
1470915|
1470916|
1470917|
1470918|
1470919|
1470944|
1470945|
1470946|
1470947|
1470948|
1470949|
1470950|
1470951|
1470976|
1470977|
1470978|
1470979|
1470980|
1470981|
1470982|
1470983|
1471008|
1471009|
1471010|
1471011|
1471012|
1471013|
1471014|
1471015|
1471040|
1471041|
1471042|
1471043|
1471044|
1471045|
1471046|
1471047|
1471072|
1471073|
1471074|
1471075|
1471076|
1471077|
1471078|
1471079|
1471104|
1471105|
1471106|
1471107|
1471108|
1471109|
1471110|
1471111|
1471136|
1471137|
1471138|
1471139|
1471140|
1471141|
1471142|
1471143|
1471168|
1471169|
1471170|
1471171|
1471172|
1471173|
1471174|
1471175|
1471200|
1471201|
1471202|
1471203|
1471204|
1471205|
1471206|
1471207|
1471232|
1471233|
1471234|
1471235|
1471236|
1471237|
1471238|
1471239|
1471264|
1471265|
1471266|
1471267|
1471268|
1471269|
1471270|
1471271|
1471296|
1471297|
1471298|
1471299|
1471300|
1471301|
1471302|
1471303|
1471328|
1471329|
1471330|
1471331|
1471332|
1471333|
1471334|
1471335|
1471360|
1471361|
1471362|
1471363|
1471364|
1471365|
1471366|
1471367|
1471392|
1471393|
1471394|
1471395|
1471396|
1471397|
1471398|
1471399|
1471424|
1471425|
1471426|
1471427|
1471428|
1471429|
1471430|
1471431|
1471456|
1471457|
1471458|
1471459|
1471460|
1471461|
1471462|
1471463|
1471488|
1471489|
1471490|
1471491|
1471492|
1471493|
1471494|
1471495|
1471520|
1471521|
1471522|
1471523|
1471524|
1471525|
1471526|
1471527|
1471552|
1471553|
1471554|
1471555|
1471556|
1471557|
1471558|
1471559|
1471584|
1471585|
1471586|
1471587|
1471588|
1471589|
1471590|
1471591|
1471616|
1471617|
1471618|
1471619|
1471620|
1471621|
1471622|
1471623|
1471648|
1471649|
1471650|
1471651|
1471652|
1471653|
1471654|
1471655|
1471680|
1471681|
1471682|
1471683|
1471684|
1471685|
1471686|
1471687|
1471712|
1471713|
1471714|
1471715|
1471716|
1471717|
1471718|
1471719|
1471744|
1471745|
1471746|
1471747|
1471748|
1471749|
1471750|
1471751|
1471776|
1471777|
1471778|
1471779|
1471780|
1471781|
1471782|
1471783|
1471808|
1471809|
1471810|
1471811|
1471812|
1471813|
1471814|
1471815|
1471840|
1471841|
1471842|
1471843|
1471844|
1471845|
1471846|
1471847|
1471872|
1471873|
1471874|
1471875|
1471876|
1471877|
1471878|
1471879|
1471904|
1471905|
1471906|
1471907|
1471908|
1471909|
1471910|
1471911|
1471936|
1471937|
1471938|
1471939|
1471940|
1471941|
1471942|
1471943|
1471968|
1471969|
1471970|
1471971|
1471972|
1471973|
1471974|
1471975|
1472000|
1472001|
1472002|
1472003|
1472004|
1472005|
1472006|
1472007|
1472032|
1472033|
1472034|
1472035|
1472036|
1472037|
1472038|
1472039|
1472064|
1472065|
1472066|
1472067|
1472068|
1472069|
1472070|
1472071|
1472096|
1472097|
1472098|
1472099|
1472100|
1472101|
1472102|
1472103|
1472128|
1472129|
1472130|
1472131|
1472132|
1472133|
1472134|
1472135|
1472160|
1472161|
1472162|
1472163|
1472164|
1472165|
1472166|
1472167|
1472192|
1472193|
1472194|
1472195|
1472196|
1472197|
1472198|
1472199|
1472224|
1472225|
1472226|
1472227|
1472228|
1472229|
1472230|
1472231|
1472256|
1472257|
1472258|
1472259|
1472260|
1472261|
1472262|
1472263|
1472288|
1472289|
1472290|
1472291|
1472292|
1472293|
1472294|
1472295|
1472320|
1472321|
1472322|
1472323|
1472324|
1472325|
1472326|
1472327|
1472352|
1472353|
1472354|
1472355|
1472356|
1472357|
1472358|
1472359|
1472384|
1472385|
1472386|
1472387|
1472388|
1472389|
1472390|
1472391|
1472416|
1472417|
1472418|
1472419|
1472420|
1472421|
1472422|
1472423|
1472448|
1472449|
1472450|
1472451|
1472452|
1472453|
1472454|
1472455|
1472480|
1472481|
1472482|
1472483|
1472484|
1472485|
1472486|
1472487|
1472512|
1472513|
1472514|
1472515|
1472516|
1472517|
1472518|
1472519|
1472544|
1472545|
1472546|
1472547|
1472548|
1472549|
1472550|
1472551|
1472576|
1472577|
1472578|
1472579|
1472580|
1472581|
1472582|
1472583|
1472608|
1472609|
1472610|
1472611|
1472612|
1472613|
1472614|
1472615|
1472640|
1472641|
1472642|
1472643|
1472644|
1472645|
1472646|
1472647|
1472672|
1472673|
1472674|
1472675|
1472676|
1472677|
1472678|
1472679|
1472704|
1472705|
1472706|
1472707|
1472708|
1472709|
1472710|
1472711|
1472736|
1472737|
1472738|
1472739|
1472740|
1472741|
1472742|
1472743|
1472768|
1472769|
1472770|
1472771|
1472772|
1472773|
1472774|
1472775|
1472800|
1472801|
1472802|
1472803|
1472804|
1472805|
1472806|
1472807|
1472832|
1472833|
1472834|
1472835|
1472836|
1472837|
1472838|
1472839|
1472864|
1472865|
1472866|
1472867|
1472868|
1472869|
1472870|
1472871|
1472896|
1472897|
1472898|
1472899|
1472900|
1472901|
1472902|
1472903|
1472928|
1472929|
1472930|
1472931|
1472932|
1472933|
1472934|
1472935|
1472960|
1472961|
1472962|
1472963|
1472964|
1472965|
1472966|
1472967|
1472992|
1472993|
1472994|
1472995|
1472996|
1472997|
1472998|
1472999|
1473024|
1473025|
1473026|
1473027|
1473028|
1473029|
1473030|
1473031|
1473056|
1473057|
1473058|
1473059|
1473060|
1473061|
1473062|
1473063|
1473088|
1473089|
1473090|
1473091|
1473092|
1473093|
1473094|
1473095|
1473120|
1473121|
1473122|
1473123|
1473124|
1473125|
1473126|
1473127|
1473152|
1473153|
1473154|
1473155|
1473156|
1473157|
1473158|
1473159|
1473184|
1473185|
1473186|
1473187|
1473188|
1473189|
1473190|
1473191|
1473216|
1473217|
1473218|
1473219|
1473220|
1473221|
1473222|
1473223|
1473248|
1473249|
1473250|
1473251|
1473252|
1473253|
1473254|
1473255|
1473280|
1473281|
1473282|
1473283|
1473284|
1473285|
1473286|
1473287|
1473312|
1473313|
1473314|
1473315|
1473316|
1473317|
1473318|
1473319|
1473344|
1473345|
1473346|
1473347|
1473348|
1473349|
1473350|
1473351|
1473376|
1473377|
1473378|
1473379|
1473380|
1473381|
1473382|
1473383|
1473408|
1473409|
1473410|
1473411|
1473412|
1473413|
1473414|
1473415|
1473440|
1473441|
1473442|
1473443|
1473444|
1473445|
1473446|
1473447|
1473472|
1473473|
1473474|
1473475|
1473476|
1473477|
1473478|
1473479|
1473504|
1473505|
1473506|
1473507|
1473508|
1473509|
1473510|
1473511|
1473536|
1473537|
1473538|
1473539|
1473540|
1473541|
1473542|
1473543|
1473568|
1473569|
1473570|
1473571|
1473572|
1473573|
1473574|
1473575|
1473600|
1473601|
1473602|
1473603|
1473604|
1473605|
1473606|
1473607|
1473632|
1473633|
1473634|
1473635|
1473636|
1473637|
1473638|
1473639|
1473664|
1473665|
1473666|
1473667|
1473668|
1473669|
1473670|
1473671|
1473696|
1473697|
1473698|
1473699|
1473700|
1473701|
1473702|
1473703|
1473728|
1473729|
1473730|
1473731|
1473732|
1473733|
1473734|
1473735|
1473760|
1473761|
1473762|
1473763|
1473764|
1473765|
1473766|
1473767|
1473792|
1473793|
1473794|
1473795|
1473796|
1473797|
1473798|
1473799|
1473824|
1473825|
1473826|
1473827|
1473828|
1473829|
1473830|
1473831|
1473856|
1473857|
1473858|
1473859|
1473860|
1473861|
1473862|
1473863|
1473888|
1473889|
1473890|
1473891|
1473892|
1473893|
1473894|
1473895|
1473920|
1473921|
1473922|
1473923|
1473924|
1473925|
1473926|
1473927|
1473952|
1473953|
1473954|
1473955|
1473956|
1473957|
1473958|
1473959|
1473984|
1473985|
1473986|
1473987|
1473988|
1473989|
1473990|
1473991|
1474016|
1474017|
1474018|
1474019|
1474020|
1474021|
1474022|
1474023|
1474048|
1474049|
1474050|
1474051|
1474052|
1474053|
1474054|
1474055|
1474080|
1474081|
1474082|
1474083|
1474084|
1474085|
1474086|
1474087|
1474112|
1474113|
1474114|
1474115|
1474116|
1474117|
1474118|
1474119|
1474144|
1474145|
1474146|
1474147|
1474148|
1474149|
1474150|
1474151|
1474176|
1474177|
1474178|
1474179|
1474180|
1474181|
1474182|
1474183|
1474208|
1474209|
1474210|
1474211|
1474212|
1474213|
1474214|
1474215|
1474240|
1474241|
1474242|
1474243|
1474244|
1474245|
1474246|
1474247|
1474272|
1474273|
1474274|
1474275|
1474276|
1474277|
1474278|
1474279|
1474304|
1474305|
1474306|
1474307|
1474308|
1474309|
1474310|
1474311|
1474336|
1474337|
1474338|
1474339|
1474340|
1474341|
1474342|
1474343|
1474368|
1474369|
1474370|
1474371|
1474372|
1474373|
1474374|
1474375|
1474400|
1474401|
1474402|
1474403|
1474404|
1474405|
1474406|
1474407|
1474432|
1474433|
1474434|
1474435|
1474436|
1474437|
1474438|
1474439|
1474464|
1474465|
1474466|
1474467|
1474468|
1474469|
1474470|
1474471|
1474496|
1474497|
1474498|
1474499|
1474500|
1474501|
1474502|
1474503|
1474528|
1474529|
1474530|
1474531|
1474532|
1474533|
1474534|
1474535|
1474560|
1474561|
1474562|
1474563|
1474564|
1474565|
1474566|
1474567|
1474592|
1474593|
1474594|
1474595|
1474596|
1474597|
1474598|
1474599|
1474624|
1474625|
1474626|
1474627|
1474628|
1474629|
1474630|
1474631|
1474656|
1474657|
1474658|
1474659|
1474660|
1474661|
1474662|
1474663|
1474688|
1474689|
1474690|
1474691|
1474692|
1474693|
1474694|
1474695|
1474720|
1474721|
1474722|
1474723|
1474724|
1474725|
1474726|
1474727|
1474752|
1474753|
1474754|
1474755|
1474756|
1474757|
1474758|
1474759|
1474784|
1474785|
1474786|
1474787|
1474788|
1474789|
1474790|
1474791|
1474816|
1474817|
1474818|
1474819|
1474820|
1474821|
1474822|
1474823|
1474848|
1474849|
1474850|
1474851|
1474852|
1474853|
1474854|
1474855|
1474880|
1474881|
1474882|
1474883|
1474884|
1474885|
1474886|
1474887|
1474912|
1474913|
1474914|
1474915|
1474916|
1474917|
1474918|
1474919|
1474944|
1474945|
1474946|
1474947|
1474948|
1474949|
1474950|
1474951|
1474976|
1474977|
1474978|
1474979|
1474980|
1474981|
1474982|
1474983|
1475008|
1475009|
1475010|
1475011|
1475012|
1475013|
1475014|
1475015|
1475040|
1475041|
1475042|
1475043|
1475044|
1475045|
1475046|
1475047|
1475072|
1475073|
1475074|
1475075|
1475076|
1475077|
1475078|
1475079|
1475104|
1475105|
1475106|
1475107|
1475108|
1475109|
1475110|
1475111|
1475136|
1475137|
1475138|
1475139|
1475140|
1475141|
1475142|
1475143|
1475168|
1475169|
1475170|
1475171|
1475172|
1475173|
1475174|
1475175|
1475200|
1475201|
1475202|
1475203|
1475204|
1475205|
1475206|
1475207|
1475232|
1475233|
1475234|
1475235|
1475236|
1475237|
1475238|
1475239|
1475264|
1475265|
1475266|
1475267|
1475268|
1475269|
1475270|
1475271|
1475296|
1475297|
1475298|
1475299|
1475300|
1475301|
1475302|
1475303|
1475328|
1475329|
1475330|
1475331|
1475332|
1475333|
1475334|
1475335|
1475360|
1475361|
1475362|
1475363|
1475364|
1475365|
1475366|
1475367|
1475392|
1475393|
1475394|
1475395|
1475396|
1475397|
1475398|
1475399|
1475424|
1475425|
1475426|
1475427|
1475428|
1475429|
1475430|
1475431|
1475456|
1475457|
1475458|
1475459|
1475460|
1475461|
1475462|
1475463|
1475488|
1475489|
1475490|
1475491|
1475492|
1475493|
1475494|
1475495|
1475520|
1475521|
1475522|
1475523|
1475524|
1475525|
1475526|
1475527|
1475552|
1475553|
1475554|
1475555|
1475556|
1475557|
1475558|
1475559|
1475584|
1475585|
1475586|
1475587|
1475588|
1475589|
1475590|
1475591|
1475616|
1475617|
1475618|
1475619|
1475620|
1475621|
1475622|
1475623|
1475648|
1475649|
1475650|
1475651|
1475652|
1475653|
1475654|
1475655|
1475680|
1475681|
1475682|
1475683|
1475684|
1475685|
1475686|
1475687|
1475712|
1475713|
1475714|
1475715|
1475716|
1475717|
1475718|
1475719|
1475744|
1475745|
1475746|
1475747|
1475748|
1475749|
1475750|
1475751|
1475776|
1475777|
1475778|
1475779|
1475780|
1475781|
1475782|
1475783|
1475808|
1475809|
1475810|
1475811|
1475812|
1475813|
1475814|
1475815|
1475840|
1475841|
1475842|
1475843|
1475844|
1475845|
1475846|
1475847|
1475872|
1475873|
1475874|
1475875|
1475876|
1475877|
1475878|
1475879|
1475904|
1475905|
1475906|
1475907|
1475908|
1475909|
1475910|
1475911|
1475936|
1475937|
1475938|
1475939|
1475940|
1475941|
1475942|
1475943|
1475968|
1475969|
1475970|
1475971|
1475972|
1475973|
1475974|
1475975|
1476000|
