1793989|
1793990|
1793991|
1794016|
1794017|
1794018|
1794019|
1794020|
1794021|
1794022|
1794023|
1794048|
1794049|
1794050|
1794051|
1794052|
1794053|
1794054|
1794055|
1794080|
1794081|
1794082|
1794083|
1794084|
1794085|
1794086|
1794087|
1794112|
1794113|
1794114|
1794115|
1794116|
1794117|
1794118|
1794119|
1794144|
1794145|
1794146|
1794147|
1794148|
1794149|
1794150|
1794151|
1794176|
1794177|
1794178|
1794179|
1794180|
1794181|
1794182|
1794183|
1794208|
1794209|
1794210|
1794211|
1794212|
1794213|
1794214|
1794215|
1794240|
1794241|
1794242|
1794243|
1794244|
1794245|
1794246|
1794247|
1794272|
1794273|
1794274|
1794275|
1794276|
1794277|
1794278|
1794279|
1794304|
1794305|
1794306|
1794307|
1794308|
1794309|
1794310|
1794311|
1794336|
1794337|
1794338|
1794339|
1794340|
1794341|
1794342|
1794343|
1794368|
1794369|
1794370|
1794371|
1794372|
1794373|
1794374|
1794375|
1794400|
1794401|
1794402|
1794403|
1794404|
1794405|
1794406|
1794407|
1794432|
1794433|
1794434|
1794435|
1794436|
1794437|
1794438|
1794439|
1794464|
1794465|
1794466|
1794467|
1794468|
1794469|
1794470|
1794471|
1794496|
1794497|
1794498|
1794499|
1794500|
1794501|
1794502|
1794503|
1794528|
1794529|
1794530|
1794531|
1794532|
1794533|
1794534|
1794535|
1794560|
1794561|
1794562|
1794563|
1794564|
1794565|
1794566|
1794567|
1794592|
1794593|
1794594|
1794595|
1794596|
1794597|
1794598|
1794599|
1794624|
1794625|
1794626|
1794627|
1794628|
1794629|
1794630|
1794631|
1794656|
1794657|
1794658|
1794659|
1794660|
1794661|
1794662|
1794663|
1794688|
1794689|
1794690|
1794691|
1794692|
1794693|
1794694|
1794695|
1794720|
1794721|
1794722|
1794723|
1794724|
1794725|
1794726|
1794727|
1794752|
1794753|
1794754|
1794755|
1794756|
1794757|
1794758|
1794759|
1794784|
1794785|
1794786|
1794787|
1794788|
1794789|
1794790|
1794791|
1794816|
1794817|
1794818|
1794819|
1794820|
1794821|
1794822|
1794823|
1794848|
1794849|
1794850|
1794851|
1794852|
1794853|
1794854|
1794855|
1794880|
1794881|
1794882|
1794883|
1794884|
1794885|
1794886|
1794887|
1794912|
1794913|
1794914|
1794915|
1794916|
1794917|
1794918|
1794919|
1794944|
1794945|
1794946|
1794947|
1794948|
1794949|
1794950|
1794951|
1794976|
1794977|
1794978|
1794979|
1794980|
1794981|
1794982|
1794983|
1795008|
1795009|
1795010|
1795011|
1795012|
1795013|
1795014|
1795015|
1795040|
1795041|
1795042|
1795043|
1795044|
1795045|
1795046|
1795047|
1795072|
1795073|
1795074|
1795075|
1795076|
1795077|
1795078|
1795079|
1795104|
1795105|
1795106|
1795107|
1795108|
1795109|
1795110|
1795111|
1795136|
1795137|
1795138|
1795139|
1795140|
1795141|
1795142|
1795143|
1795168|
1795169|
1795170|
1795171|
1795172|
1795173|
1795174|
1795175|
1795200|
1795201|
1795202|
1795203|
1795204|
1795205|
1795206|
1795207|
1795232|
1795233|
1795234|
1795235|
1795236|
1795237|
1795238|
1795239|
1795264|
1795265|
1795266|
1795267|
1795268|
1795269|
1795270|
1795271|
1795296|
1795297|
1795298|
1795299|
1795300|
1795301|
1795302|
1795303|
1795328|
1795329|
1795330|
1795331|
1795332|
1795333|
1795334|
1795335|
1795360|
1795361|
1795362|
1795363|
1795364|
1795365|
1795366|
1795367|
1795392|
1795393|
1795394|
1795395|
1795396|
1795397|
1795398|
1795399|
1795424|
1795425|
1795426|
1795427|
1795428|
1795429|
1795430|
1795431|
1795456|
1795457|
1795458|
1795459|
1795460|
1795461|
1795462|
1795463|
1795488|
1795489|
1795490|
1795491|
1795492|
1795493|
1795494|
1795495|
1795520|
1795521|
1795522|
1795523|
1795524|
1795525|
1795526|
1795527|
1795552|
1795553|
1795554|
1795555|
1795556|
1795557|
1795558|
1795559|
1795584|
1795585|
1795586|
1795587|
1795588|
1795589|
1795590|
1795591|
1795616|
1795617|
1795618|
1795619|
1795620|
1795621|
1795622|
1795623|
1795648|
1795649|
1795650|
1795651|
1795652|
1795653|
1795654|
1795655|
1795680|
1795681|
1795682|
1795683|
1795684|
1795685|
1795686|
1795687|
1795712|
1795713|
1795714|
1795715|
1795716|
1795717|
1795718|
1795719|
1795744|
1795745|
1795746|
1795747|
1795748|
1795749|
1795750|
1795751|
1795776|
1795777|
1795778|
1795779|
1795780|
1795781|
1795782|
1795783|
1795808|
1795809|
1795810|
1795811|
1795812|
1795813|
1795814|
1795815|
1795840|
1795841|
1795842|
1795843|
1795844|
1795845|
1795846|
1795847|
1795872|
1795873|
1795874|
1795875|
1795876|
1795877|
1795878|
1795879|
1795904|
1795905|
1795906|
1795907|
1795908|
1795909|
1795910|
1795911|
1795936|
1795937|
1795938|
1795939|
1795940|
1795941|
1795942|
1795943|
1795968|
1795969|
1795970|
1795971|
1795972|
1795973|
1795974|
1795975|
1796000|
1796001|
1796002|
1796003|
1796004|
1796005|
1796006|
1796007|
1796032|
1796033|
1796034|
1796035|
1796036|
1796037|
1796038|
1796039|
1796064|
1796065|
1796066|
1796067|
1796068|
1796069|
1796070|
1796071|
1796096|
1796097|
1796098|
1796099|
1796100|
1796101|
1796102|
1796103|
1796128|
1796129|
1796130|
1796131|
1796132|
1796133|
1796134|
1796135|
1796160|
1796161|
1796162|
1796163|
1796164|
1796165|
1796166|
1796167|
1796192|
1796193|
1796194|
1796195|
1796196|
1796197|
1796198|
1796199|
1796224|
1796225|
1796226|
1796227|
1796228|
1796229|
1796230|
1796231|
1796256|
1796257|
1796258|
1796259|
1796260|
1796261|
1796262|
1796263|
1796288|
1796289|
1796290|
1796291|
1796292|
1796293|
1796294|
1796295|
1796320|
1796321|
1796322|
1796323|
1796324|
1796325|
1796326|
1796327|
1796352|
1796353|
1796354|
1796355|
1796356|
1796357|
1796358|
1796359|
1796384|
1796385|
1796386|
1796387|
1796388|
1796389|
1796390|
1796391|
1796416|
1796417|
1796418|
1796419|
1796420|
1796421|
1796422|
1796423|
1796448|
1796449|
1796450|
1796451|
1796452|
1796453|
1796454|
1796455|
1796480|
1796481|
1796482|
1796483|
1796484|
1796485|
1796486|
1796487|
1796512|
1796513|
1796514|
1796515|
1796516|
1796517|
1796518|
1796519|
1796544|
1796545|
1796546|
1796547|
1796548|
1796549|
1796550|
1796551|
1796576|
1796577|
1796578|
1796579|
1796580|
1796581|
1796582|
1796583|
1796608|
1796609|
1796610|
1796611|
1796612|
1796613|
1796614|
1796615|
1796640|
1796641|
1796642|
1796643|
1796644|
1796645|
1796646|
1796647|
1796672|
1796673|
1796674|
1796675|
1796676|
1796677|
1796678|
1796679|
1796704|
1796705|
1796706|
1796707|
1796708|
1796709|
1796710|
1796711|
1796736|
1796737|
1796738|
1796739|
1796740|
1796741|
1796742|
1796743|
1796768|
1796769|
1796770|
1796771|
1796772|
1796773|
1796774|
1796775|
1796800|
1796801|
1796802|
1796803|
1796804|
1796805|
1796806|
1796807|
1796832|
1796833|
1796834|
1796835|
1796836|
1796837|
1796838|
1796839|
1796864|
1796865|
1796866|
1796867|
1796868|
1796869|
1796870|
1796871|
1796896|
1796897|
1796898|
1796899|
1796900|
1796901|
1796902|
1796903|
1796928|
1796929|
1796930|
1796931|
1796932|
1796933|
1796934|
1796935|
1796960|
1796961|
1796962|
1796963|
1796964|
1796965|
1796966|
1796967|
1796992|
1796993|
1796994|
1796995|
1796996|
1796997|
1796998|
1796999|
1797024|
1797025|
1797026|
1797027|
1797028|
1797029|
1797030|
1797031|
1797056|
1797057|
1797058|
1797059|
1797060|
1797061|
1797062|
1797063|
1797088|
1797089|
1797090|
1797091|
1797092|
1797093|
1797094|
1797095|
1797120|
1797121|
1797122|
1797123|
1797124|
1797125|
1797126|
1797127|
1797152|
1797153|
1797154|
1797155|
1797156|
1797157|
1797158|
1797159|
1797184|
1797185|
1797186|
1797187|
1797188|
1797189|
1797190|
1797191|
1797216|
1797217|
1797218|
1797219|
1797220|
1797221|
1797222|
1797223|
1797248|
1797249|
1797250|
1797251|
1797252|
1797253|
1797254|
1797255|
1797280|
1797281|
1797282|
1797283|
1797284|
1797285|
1797286|
1797287|
1797312|
1797313|
1797314|
1797315|
1797316|
1797317|
1797318|
1797319|
1797344|
1797345|
1797346|
1797347|
1797348|
1797349|
1797350|
1797351|
1797376|
1797377|
1797378|
1797379|
1797380|
1797381|
1797382|
1797383|
1797408|
1797409|
1797410|
1797411|
1797412|
1797413|
1797414|
1797415|
1797440|
1797441|
1797442|
1797443|
1797444|
1797445|
1797446|
1797447|
1797472|
1797473|
1797474|
1797475|
1797476|
1797477|
1797478|
1797479|
1797504|
1797505|
1797506|
1797507|
1797508|
1797509|
1797510|
1797511|
1797536|
1797537|
1797538|
1797539|
1797540|
1797541|
1797542|
1797543|
1797568|
1797569|
1797570|
1797571|
1797572|
1797573|
1797574|
1797575|
1797600|
1797601|
1797602|
1797603|
1797604|
1797605|
1797606|
1797607|
1797632|
1797633|
1797634|
1797635|
1797636|
1797637|
1797638|
1797639|
1797664|
1797665|
1797666|
1797667|
1797668|
1797669|
1797670|
1797671|
1797696|
1797697|
1797698|
1797699|
1797700|
1797701|
1797702|
1797703|
1797728|
1797729|
1797730|
1797731|
1797732|
1797733|
1797734|
1797735|
1797760|
1797761|
1797762|
1797763|
1797764|
1797765|
1797766|
1797767|
1797792|
1797793|
1797794|
1797795|
1797796|
1797797|
1797798|
1797799|
1797824|
1797825|
1797826|
1797827|
1797828|
1797829|
1797830|
1797831|
1797856|
1797857|
1797858|
1797859|
1797860|
1797861|
1797862|
1797863|
1797888|
1797889|
1797890|
1797891|
1797892|
1797893|
1797894|
1797895|
1797920|
1797921|
1797922|
1797923|
1797924|
1797925|
1797926|
1797927|
1797952|
1797953|
1797954|
1797955|
1797956|
1797957|
1797958|
1797959|
1797984|
1797985|
1797986|
1797987|
1797988|
1797989|
1797990|
1797991|
1798016|
1798017|
1798018|
1798019|
1798020|
1798021|
1798022|
1798023|
1798048|
1798049|
1798050|
1798051|
1798052|
1798053|
1798054|
1798055|
1798080|
1798081|
1798082|
1798083|
1798084|
1798085|
1798086|
1798087|
1798112|
1798113|
1798114|
1798115|
1798116|
1798117|
1798118|
1798119|
1798144|
1798145|
1798146|
1798147|
1798148|
1798149|
1798150|
1798151|
1798176|
1798177|
1798178|
1798179|
1798180|
1798181|
1798182|
1798183|
1798208|
1798209|
1798210|
1798211|
1798212|
1798213|
1798214|
1798215|
1798240|
1798241|
1798242|
1798243|
1798244|
1798245|
1798246|
1798247|
1798272|
1798273|
1798274|
1798275|
1798276|
1798277|
1798278|
1798279|
1798304|
1798305|
1798306|
1798307|
1798308|
1798309|
1798310|
1798311|
1798336|
1798337|
1798338|
1798339|
1798340|
1798341|
1798342|
1798343|
1798368|
1798369|
1798370|
1798371|
1798372|
1798373|
1798374|
1798375|
1798400|
1798401|
1798402|
1798403|
1798404|
1798405|
1798406|
1798407|
1798432|
1798433|
1798434|
1798435|
1798436|
1798437|
1798438|
1798439|
1798464|
1798465|
1798466|
1798467|
1798468|
1798469|
1798470|
1798471|
1798496|
1798497|
1798498|
1798499|
1798500|
1798501|
1798502|
1798503|
1798528|
1798529|
1798530|
1798531|
1798532|
1798533|
1798534|
1798535|
1798560|
1798561|
1798562|
1798563|
1798564|
1798565|
1798566|
1798567|
1798592|
1798593|
1798594|
1798595|
1798596|
1798597|
1798598|
1798599|
1798624|
1798625|
1798626|
1798627|
1798628|
1798629|
1798630|
1798631|
1798656|
1798657|
1798658|
1798659|
1798660|
1798661|
1798662|
1798663|
1798688|
1798689|
1798690|
1798691|
1798692|
1798693|
1798694|
1798695|
1798720|
1798721|
1798722|
1798723|
1798724|
1798725|
1798726|
1798727|
1798752|
1798753|
1798754|
1798755|
1798756|
1798757|
1798758|
1798759|
1798784|
1798785|
1798786|
1798787|
1798788|
1798789|
1798790|
1798791|
1798816|
1798817|
1798818|
1798819|
1798820|
1798821|
1798822|
1798823|
1798848|
1798849|
1798850|
1798851|
1798852|
1798853|
1798854|
1798855|
1798880|
1798881|
1798882|
1798883|
1798884|
1798885|
1798886|
1798887|
1798912|
1798913|
1798914|
1798915|
1798916|
1798917|
1798918|
1798919|
1798944|
1798945|
1798946|
1798947|
1798948|
1798949|
1798950|
1798951|
1798976|
1798977|
1798978|
1798979|
1798980|
1798981|
1798982|
1798983|
1799008|
1799009|
1799010|
1799011|
1799012|
1799013|
1799014|
1799015|
1799040|
1799041|
1799042|
1799043|
1799044|
1799045|
1799046|
1799047|
1799072|
1799073|
1799074|
1799075|
1799076|
1799077|
1799078|
1799079|
1799104|
1799105|
1799106|
1799107|
1799108|
1799109|
1799110|
1799111|
1799136|
1799137|
1799138|
1799139|
1799140|
1799141|
1799142|
1799143|
1799168|
1799169|
1799170|
1799171|
1799172|
1799173|
1799174|
1799175|
1799200|
1799201|
1799202|
1799203|
1799204|
1799205|
1799206|
1799207|
1799232|
1799233|
1799234|
1799235|
1799236|
1799237|
1799238|
1799239|
1799264|
1799265|
1799266|
1799267|
1799268|
1799269|
1799270|
1799271|
1799296|
1799297|
1799298|
1799299|
1799300|
1799301|
1799302|
1799303|
1799328|
1799329|
1799330|
1799331|
1799332|
1799333|
1799334|
1799335|
1799360|
1799361|
1799362|
1799363|
1799364|
1799365|
1799366|
1799367|
1799392|
1799393|
1799394|
1799395|
1799396|
1799397|
1799398|
1799399|
1799424|
1799425|
1799426|
1799427|
1799428|
1799429|
1799430|
1799431|
1799456|
1799457|
1799458|
1799459|
1799460|
1799461|
1799462|
1799463|
1799488|
1799489|
1799490|
1799491|
1799492|
1799493|
1799494|
1799495|
1799520|
1799521|
1799522|
1799523|
1799524|
1799525|
1799526|
1799527|
1799552|
1799553|
1799554|
1799555|
1799556|
1799557|
1799558|
1799559|
1799584|
1799585|
1799586|
1799587|
1799588|
1799589|
1799590|
1799591|
1799616|
1799617|
1799618|
1799619|
1799620|
1799621|
1799622|
1799623|
1799648|
1799649|
1799650|
1799651|
1799652|
1799653|
1799654|
1799655|
1799680|
1799681|
1799682|
1799683|
1799684|
1799685|
1799686|
1799687|
1799712|
1799713|
1799714|
1799715|
1799716|
1799717|
1799718|
1799719|
1799744|
1799745|
1799746|
1799747|
1799748|
1799749|
1799750|
1799751|
1799776|
1799777|
1799778|
1799779|
1799780|
1799781|
1799782|
1799783|
1799808|
1799809|
1799810|
1799811|
1799812|
1799813|
1799814|
1799815|
1799840|
1799841|
1799842|
1799843|
1799844|
1799845|
1799846|
1799847|
1799872|
1799873|
1799874|
1799875|
1799876|
1799877|
1799878|
1799879|
1799904|
1799905|
1799906|
1799907|
1799908|
1799909|
1799910|
1799911|
1799936|
1799937|
1799938|
1799939|
1799940|
1799941|
1799942|
1799943|
1799968|
1799969|
1799970|
1799971|
1799972|
1799973|
1799974|
1799975|
1800000|
