2117989|
2117990|
2117991|
2118016|
2118017|
2118018|
2118019|
2118020|
2118021|
2118022|
2118023|
2118048|
2118049|
2118050|
2118051|
2118052|
2118053|
2118054|
2118055|
2118080|
2118081|
2118082|
2118083|
2118084|
2118085|
2118086|
2118087|
2118112|
2118113|
2118114|
2118115|
2118116|
2118117|
2118118|
2118119|
2118144|
2118145|
2118146|
2118147|
2118148|
2118149|
2118150|
2118151|
2118176|
2118177|
2118178|
2118179|
2118180|
2118181|
2118182|
2118183|
2118208|
2118209|
2118210|
2118211|
2118212|
2118213|
2118214|
2118215|
2118240|
2118241|
2118242|
2118243|
2118244|
2118245|
2118246|
2118247|
2118272|
2118273|
2118274|
2118275|
2118276|
2118277|
2118278|
2118279|
2118304|
2118305|
2118306|
2118307|
2118308|
2118309|
2118310|
2118311|
2118336|
2118337|
2118338|
2118339|
2118340|
2118341|
2118342|
2118343|
2118368|
2118369|
2118370|
2118371|
2118372|
2118373|
2118374|
2118375|
2118400|
2118401|
2118402|
2118403|
2118404|
2118405|
2118406|
2118407|
2118432|
2118433|
2118434|
2118435|
2118436|
2118437|
2118438|
2118439|
2118464|
2118465|
2118466|
2118467|
2118468|
2118469|
2118470|
2118471|
2118496|
2118497|
2118498|
2118499|
2118500|
2118501|
2118502|
2118503|
2118528|
2118529|
2118530|
2118531|
2118532|
2118533|
2118534|
2118535|
2118560|
2118561|
2118562|
2118563|
2118564|
2118565|
2118566|
2118567|
2118592|
2118593|
2118594|
2118595|
2118596|
2118597|
2118598|
2118599|
2118624|
2118625|
2118626|
2118627|
2118628|
2118629|
2118630|
2118631|
2118656|
2118657|
2118658|
2118659|
2118660|
2118661|
2118662|
2118663|
2118688|
2118689|
2118690|
2118691|
2118692|
2118693|
2118694|
2118695|
2118720|
2118721|
2118722|
2118723|
2118724|
2118725|
2118726|
2118727|
2118752|
2118753|
2118754|
2118755|
2118756|
2118757|
2118758|
2118759|
2118784|
2118785|
2118786|
2118787|
2118788|
2118789|
2118790|
2118791|
2118816|
2118817|
2118818|
2118819|
2118820|
2118821|
2118822|
2118823|
2118848|
2118849|
2118850|
2118851|
2118852|
2118853|
2118854|
2118855|
2118880|
2118881|
2118882|
2118883|
2118884|
2118885|
2118886|
2118887|
2118912|
2118913|
2118914|
2118915|
2118916|
2118917|
2118918|
2118919|
2118944|
2118945|
2118946|
2118947|
2118948|
2118949|
2118950|
2118951|
2118976|
2118977|
2118978|
2118979|
2118980|
2118981|
2118982|
2118983|
2119008|
2119009|
2119010|
2119011|
2119012|
2119013|
2119014|
2119015|
2119040|
2119041|
2119042|
2119043|
2119044|
2119045|
2119046|
2119047|
2119072|
2119073|
2119074|
2119075|
2119076|
2119077|
2119078|
2119079|
2119104|
2119105|
2119106|
2119107|
2119108|
2119109|
2119110|
2119111|
2119136|
2119137|
2119138|
2119139|
2119140|
2119141|
2119142|
2119143|
2119168|
2119169|
2119170|
2119171|
2119172|
2119173|
2119174|
2119175|
2119200|
2119201|
2119202|
2119203|
2119204|
2119205|
2119206|
2119207|
2119232|
2119233|
2119234|
2119235|
2119236|
2119237|
2119238|
2119239|
2119264|
2119265|
2119266|
2119267|
2119268|
2119269|
2119270|
2119271|
2119296|
2119297|
2119298|
2119299|
2119300|
2119301|
2119302|
2119303|
2119328|
2119329|
2119330|
2119331|
2119332|
2119333|
2119334|
2119335|
2119360|
2119361|
2119362|
2119363|
2119364|
2119365|
2119366|
2119367|
2119392|
2119393|
2119394|
2119395|
2119396|
2119397|
2119398|
2119399|
2119424|
2119425|
2119426|
2119427|
2119428|
2119429|
2119430|
2119431|
2119456|
2119457|
2119458|
2119459|
2119460|
2119461|
2119462|
2119463|
2119488|
2119489|
2119490|
2119491|
2119492|
2119493|
2119494|
2119495|
2119520|
2119521|
2119522|
2119523|
2119524|
2119525|
2119526|
2119527|
2119552|
2119553|
2119554|
2119555|
2119556|
2119557|
2119558|
2119559|
2119584|
2119585|
2119586|
2119587|
2119588|
2119589|
2119590|
2119591|
2119616|
2119617|
2119618|
2119619|
2119620|
2119621|
2119622|
2119623|
2119648|
2119649|
2119650|
2119651|
2119652|
2119653|
2119654|
2119655|
2119680|
2119681|
2119682|
2119683|
2119684|
2119685|
2119686|
2119687|
2119712|
2119713|
2119714|
2119715|
2119716|
2119717|
2119718|
2119719|
2119744|
2119745|
2119746|
2119747|
2119748|
2119749|
2119750|
2119751|
2119776|
2119777|
2119778|
2119779|
2119780|
2119781|
2119782|
2119783|
2119808|
2119809|
2119810|
2119811|
2119812|
2119813|
2119814|
2119815|
2119840|
2119841|
2119842|
2119843|
2119844|
2119845|
2119846|
2119847|
2119872|
2119873|
2119874|
2119875|
2119876|
2119877|
2119878|
2119879|
2119904|
2119905|
2119906|
2119907|
2119908|
2119909|
2119910|
2119911|
2119936|
2119937|
2119938|
2119939|
2119940|
2119941|
2119942|
2119943|
2119968|
2119969|
2119970|
2119971|
2119972|
2119973|
2119974|
2119975|
2120000|
2120001|
2120002|
2120003|
2120004|
2120005|
2120006|
2120007|
2120032|
2120033|
2120034|
2120035|
2120036|
2120037|
2120038|
2120039|
2120064|
2120065|
2120066|
2120067|
2120068|
2120069|
2120070|
2120071|
2120096|
2120097|
2120098|
2120099|
2120100|
2120101|
2120102|
2120103|
2120128|
2120129|
2120130|
2120131|
2120132|
2120133|
2120134|
2120135|
2120160|
2120161|
2120162|
2120163|
2120164|
2120165|
2120166|
2120167|
2120192|
2120193|
2120194|
2120195|
2120196|
2120197|
2120198|
2120199|
2120224|
2120225|
2120226|
2120227|
2120228|
2120229|
2120230|
2120231|
2120256|
2120257|
2120258|
2120259|
2120260|
2120261|
2120262|
2120263|
2120288|
2120289|
2120290|
2120291|
2120292|
2120293|
2120294|
2120295|
2120320|
2120321|
2120322|
2120323|
2120324|
2120325|
2120326|
2120327|
2120352|
2120353|
2120354|
2120355|
2120356|
2120357|
2120358|
2120359|
2120384|
2120385|
2120386|
2120387|
2120388|
2120389|
2120390|
2120391|
2120416|
2120417|
2120418|
2120419|
2120420|
2120421|
2120422|
2120423|
2120448|
2120449|
2120450|
2120451|
2120452|
2120453|
2120454|
2120455|
2120480|
2120481|
2120482|
2120483|
2120484|
2120485|
2120486|
2120487|
2120512|
2120513|
2120514|
2120515|
2120516|
2120517|
2120518|
2120519|
2120544|
2120545|
2120546|
2120547|
2120548|
2120549|
2120550|
2120551|
2120576|
2120577|
2120578|
2120579|
2120580|
2120581|
2120582|
2120583|
2120608|
2120609|
2120610|
2120611|
2120612|
2120613|
2120614|
2120615|
2120640|
2120641|
2120642|
2120643|
2120644|
2120645|
2120646|
2120647|
2120672|
2120673|
2120674|
2120675|
2120676|
2120677|
2120678|
2120679|
2120704|
2120705|
2120706|
2120707|
2120708|
2120709|
2120710|
2120711|
2120736|
2120737|
2120738|
2120739|
2120740|
2120741|
2120742|
2120743|
2120768|
2120769|
2120770|
2120771|
2120772|
2120773|
2120774|
2120775|
2120800|
2120801|
2120802|
2120803|
2120804|
2120805|
2120806|
2120807|
2120832|
2120833|
2120834|
2120835|
2120836|
2120837|
2120838|
2120839|
2120864|
2120865|
2120866|
2120867|
2120868|
2120869|
2120870|
2120871|
2120896|
2120897|
2120898|
2120899|
2120900|
2120901|
2120902|
2120903|
2120928|
2120929|
2120930|
2120931|
2120932|
2120933|
2120934|
2120935|
2120960|
2120961|
2120962|
2120963|
2120964|
2120965|
2120966|
2120967|
2120992|
2120993|
2120994|
2120995|
2120996|
2120997|
2120998|
2120999|
2121024|
2121025|
2121026|
2121027|
2121028|
2121029|
2121030|
2121031|
2121056|
2121057|
2121058|
2121059|
2121060|
2121061|
2121062|
2121063|
2121088|
2121089|
2121090|
2121091|
2121092|
2121093|
2121094|
2121095|
2121120|
2121121|
2121122|
2121123|
2121124|
2121125|
2121126|
2121127|
2121152|
2121153|
2121154|
2121155|
2121156|
2121157|
2121158|
2121159|
2121184|
2121185|
2121186|
2121187|
2121188|
2121189|
2121190|
2121191|
2121216|
2121217|
2121218|
2121219|
2121220|
2121221|
2121222|
2121223|
2121248|
2121249|
2121250|
2121251|
2121252|
2121253|
2121254|
2121255|
2121280|
2121281|
2121282|
2121283|
2121284|
2121285|
2121286|
2121287|
2121312|
2121313|
2121314|
2121315|
2121316|
2121317|
2121318|
2121319|
2121344|
2121345|
2121346|
2121347|
2121348|
2121349|
2121350|
2121351|
2121376|
2121377|
2121378|
2121379|
2121380|
2121381|
2121382|
2121383|
2121408|
2121409|
2121410|
2121411|
2121412|
2121413|
2121414|
2121415|
2121440|
2121441|
2121442|
2121443|
2121444|
2121445|
2121446|
2121447|
2121472|
2121473|
2121474|
2121475|
2121476|
2121477|
2121478|
2121479|
2121504|
2121505|
2121506|
2121507|
2121508|
2121509|
2121510|
2121511|
2121536|
2121537|
2121538|
2121539|
2121540|
2121541|
2121542|
2121543|
2121568|
2121569|
2121570|
2121571|
2121572|
2121573|
2121574|
2121575|
2121600|
2121601|
2121602|
2121603|
2121604|
2121605|
2121606|
2121607|
2121632|
2121633|
2121634|
2121635|
2121636|
2121637|
2121638|
2121639|
2121664|
2121665|
2121666|
2121667|
2121668|
2121669|
2121670|
2121671|
2121696|
2121697|
2121698|
2121699|
2121700|
2121701|
2121702|
2121703|
2121728|
2121729|
2121730|
2121731|
2121732|
2121733|
2121734|
2121735|
2121760|
2121761|
2121762|
2121763|
2121764|
2121765|
2121766|
2121767|
2121792|
2121793|
2121794|
2121795|
2121796|
2121797|
2121798|
2121799|
2121824|
2121825|
2121826|
2121827|
2121828|
2121829|
2121830|
2121831|
2121856|
2121857|
2121858|
2121859|
2121860|
2121861|
2121862|
2121863|
2121888|
2121889|
2121890|
2121891|
2121892|
2121893|
2121894|
2121895|
2121920|
2121921|
2121922|
2121923|
2121924|
2121925|
2121926|
2121927|
2121952|
2121953|
2121954|
2121955|
2121956|
2121957|
2121958|
2121959|
2121984|
2121985|
2121986|
2121987|
2121988|
2121989|
2121990|
2121991|
2122016|
2122017|
2122018|
2122019|
2122020|
2122021|
2122022|
2122023|
2122048|
2122049|
2122050|
2122051|
2122052|
2122053|
2122054|
2122055|
2122080|
2122081|
2122082|
2122083|
2122084|
2122085|
2122086|
2122087|
2122112|
2122113|
2122114|
2122115|
2122116|
2122117|
2122118|
2122119|
2122144|
2122145|
2122146|
2122147|
2122148|
2122149|
2122150|
2122151|
2122176|
2122177|
2122178|
2122179|
2122180|
2122181|
2122182|
2122183|
2122208|
2122209|
2122210|
2122211|
2122212|
2122213|
2122214|
2122215|
2122240|
2122241|
2122242|
2122243|
2122244|
2122245|
2122246|
2122247|
2122272|
2122273|
2122274|
2122275|
2122276|
2122277|
2122278|
2122279|
2122304|
2122305|
2122306|
2122307|
2122308|
2122309|
2122310|
2122311|
2122336|
2122337|
2122338|
2122339|
2122340|
2122341|
2122342|
2122343|
2122368|
2122369|
2122370|
2122371|
2122372|
2122373|
2122374|
2122375|
2122400|
2122401|
2122402|
2122403|
2122404|
2122405|
2122406|
2122407|
2122432|
2122433|
2122434|
2122435|
2122436|
2122437|
2122438|
2122439|
2122464|
2122465|
2122466|
2122467|
2122468|
2122469|
2122470|
2122471|
2122496|
2122497|
2122498|
2122499|
2122500|
2122501|
2122502|
2122503|
2122528|
2122529|
2122530|
2122531|
2122532|
2122533|
2122534|
2122535|
2122560|
2122561|
2122562|
2122563|
2122564|
2122565|
2122566|
2122567|
2122592|
2122593|
2122594|
2122595|
2122596|
2122597|
2122598|
2122599|
2122624|
2122625|
2122626|
2122627|
2122628|
2122629|
2122630|
2122631|
2122656|
2122657|
2122658|
2122659|
2122660|
2122661|
2122662|
2122663|
2122688|
2122689|
2122690|
2122691|
2122692|
2122693|
2122694|
2122695|
2122720|
2122721|
2122722|
2122723|
2122724|
2122725|
2122726|
2122727|
2122752|
2122753|
2122754|
2122755|
2122756|
2122757|
2122758|
2122759|
2122784|
2122785|
2122786|
2122787|
2122788|
2122789|
2122790|
2122791|
2122816|
2122817|
2122818|
2122819|
2122820|
2122821|
2122822|
2122823|
2122848|
2122849|
2122850|
2122851|
2122852|
2122853|
2122854|
2122855|
2122880|
2122881|
2122882|
2122883|
2122884|
2122885|
2122886|
2122887|
2122912|
2122913|
2122914|
2122915|
2122916|
2122917|
2122918|
2122919|
2122944|
2122945|
2122946|
2122947|
2122948|
2122949|
2122950|
2122951|
2122976|
2122977|
2122978|
2122979|
2122980|
2122981|
2122982|
2122983|
2123008|
2123009|
2123010|
2123011|
2123012|
2123013|
2123014|
2123015|
2123040|
2123041|
2123042|
2123043|
2123044|
2123045|
2123046|
2123047|
2123072|
2123073|
2123074|
2123075|
2123076|
2123077|
2123078|
2123079|
2123104|
2123105|
2123106|
2123107|
2123108|
2123109|
2123110|
2123111|
2123136|
2123137|
2123138|
2123139|
2123140|
2123141|
2123142|
2123143|
2123168|
2123169|
2123170|
2123171|
2123172|
2123173|
2123174|
2123175|
2123200|
2123201|
2123202|
2123203|
2123204|
2123205|
2123206|
2123207|
2123232|
2123233|
2123234|
2123235|
2123236|
2123237|
2123238|
2123239|
2123264|
2123265|
2123266|
2123267|
2123268|
2123269|
2123270|
2123271|
2123296|
2123297|
2123298|
2123299|
2123300|
2123301|
2123302|
2123303|
2123328|
2123329|
2123330|
2123331|
2123332|
2123333|
2123334|
2123335|
2123360|
2123361|
2123362|
2123363|
2123364|
2123365|
2123366|
2123367|
2123392|
2123393|
2123394|
2123395|
2123396|
2123397|
2123398|
2123399|
2123424|
2123425|
2123426|
2123427|
2123428|
2123429|
2123430|
2123431|
2123456|
2123457|
2123458|
2123459|
2123460|
2123461|
2123462|
2123463|
2123488|
2123489|
2123490|
2123491|
2123492|
2123493|
2123494|
2123495|
2123520|
2123521|
2123522|
2123523|
2123524|
2123525|
2123526|
2123527|
2123552|
2123553|
2123554|
2123555|
2123556|
2123557|
2123558|
2123559|
2123584|
2123585|
2123586|
2123587|
2123588|
2123589|
2123590|
2123591|
2123616|
2123617|
2123618|
2123619|
2123620|
2123621|
2123622|
2123623|
2123648|
2123649|
2123650|
2123651|
2123652|
2123653|
2123654|
2123655|
2123680|
2123681|
2123682|
2123683|
2123684|
2123685|
2123686|
2123687|
2123712|
2123713|
2123714|
2123715|
2123716|
2123717|
2123718|
2123719|
2123744|
2123745|
2123746|
2123747|
2123748|
2123749|
2123750|
2123751|
2123776|
2123777|
2123778|
2123779|
2123780|
2123781|
2123782|
2123783|
2123808|
2123809|
2123810|
2123811|
2123812|
2123813|
2123814|
2123815|
2123840|
2123841|
2123842|
2123843|
2123844|
2123845|
2123846|
2123847|
2123872|
2123873|
2123874|
2123875|
2123876|
2123877|
2123878|
2123879|
2123904|
2123905|
2123906|
2123907|
2123908|
2123909|
2123910|
2123911|
2123936|
2123937|
2123938|
2123939|
2123940|
2123941|
2123942|
2123943|
2123968|
2123969|
2123970|
2123971|
2123972|
2123973|
2123974|
2123975|
2124000|
