1488001|
1488002|
1488003|
1488004|
1488005|
1488006|
1488007|
1488032|
1488033|
1488034|
1488035|
1488036|
1488037|
1488038|
1488039|
1488064|
1488065|
1488066|
1488067|
1488068|
1488069|
1488070|
1488071|
1488096|
1488097|
1488098|
1488099|
1488100|
1488101|
1488102|
1488103|
1488128|
1488129|
1488130|
1488131|
1488132|
1488133|
1488134|
1488135|
1488160|
1488161|
1488162|
1488163|
1488164|
1488165|
1488166|
1488167|
1488192|
1488193|
1488194|
1488195|
1488196|
1488197|
1488198|
1488199|
1488224|
1488225|
1488226|
1488227|
1488228|
1488229|
1488230|
1488231|
1488256|
1488257|
1488258|
1488259|
1488260|
1488261|
1488262|
1488263|
1488288|
1488289|
1488290|
1488291|
1488292|
1488293|
1488294|
1488295|
1488320|
1488321|
1488322|
1488323|
1488324|
1488325|
1488326|
1488327|
1488352|
1488353|
1488354|
1488355|
1488356|
1488357|
1488358|
1488359|
1488384|
1488385|
1488386|
1488387|
1488388|
1488389|
1488390|
1488391|
1488416|
1488417|
1488418|
1488419|
1488420|
1488421|
1488422|
1488423|
1488448|
1488449|
1488450|
1488451|
1488452|
1488453|
1488454|
1488455|
1488480|
1488481|
1488482|
1488483|
1488484|
1488485|
1488486|
1488487|
1488512|
1488513|
1488514|
1488515|
1488516|
1488517|
1488518|
1488519|
1488544|
1488545|
1488546|
1488547|
1488548|
1488549|
1488550|
1488551|
1488576|
1488577|
1488578|
1488579|
1488580|
1488581|
1488582|
1488583|
1488608|
1488609|
1488610|
1488611|
1488612|
1488613|
1488614|
1488615|
1488640|
1488641|
1488642|
1488643|
1488644|
1488645|
1488646|
1488647|
1488672|
1488673|
1488674|
1488675|
1488676|
1488677|
1488678|
1488679|
1488704|
1488705|
1488706|
1488707|
1488708|
1488709|
1488710|
1488711|
1488736|
1488737|
1488738|
1488739|
1488740|
1488741|
1488742|
1488743|
1488768|
1488769|
1488770|
1488771|
1488772|
1488773|
1488774|
1488775|
1488800|
1488801|
1488802|
1488803|
1488804|
1488805|
1488806|
1488807|
1488832|
1488833|
1488834|
1488835|
1488836|
1488837|
1488838|
1488839|
1488864|
1488865|
1488866|
1488867|
1488868|
1488869|
1488870|
1488871|
1488896|
1488897|
1488898|
1488899|
1488900|
1488901|
1488902|
1488903|
1488928|
1488929|
1488930|
1488931|
1488932|
1488933|
1488934|
1488935|
1488960|
1488961|
1488962|
1488963|
1488964|
1488965|
1488966|
1488967|
1488992|
1488993|
1488994|
1488995|
1488996|
1488997|
1488998|
1488999|
1489024|
1489025|
1489026|
1489027|
1489028|
1489029|
1489030|
1489031|
1489056|
1489057|
1489058|
1489059|
1489060|
1489061|
1489062|
1489063|
1489088|
1489089|
1489090|
1489091|
1489092|
1489093|
1489094|
1489095|
1489120|
1489121|
1489122|
1489123|
1489124|
1489125|
1489126|
1489127|
1489152|
1489153|
1489154|
1489155|
1489156|
1489157|
1489158|
1489159|
1489184|
1489185|
1489186|
1489187|
1489188|
1489189|
1489190|
1489191|
1489216|
1489217|
1489218|
1489219|
1489220|
1489221|
1489222|
1489223|
1489248|
1489249|
1489250|
1489251|
1489252|
1489253|
1489254|
1489255|
1489280|
1489281|
1489282|
1489283|
1489284|
1489285|
1489286|
1489287|
1489312|
1489313|
1489314|
1489315|
1489316|
1489317|
1489318|
1489319|
1489344|
1489345|
1489346|
1489347|
1489348|
1489349|
1489350|
1489351|
1489376|
1489377|
1489378|
1489379|
1489380|
1489381|
1489382|
1489383|
1489408|
1489409|
1489410|
1489411|
1489412|
1489413|
1489414|
1489415|
1489440|
1489441|
1489442|
1489443|
1489444|
1489445|
1489446|
1489447|
1489472|
1489473|
1489474|
1489475|
1489476|
1489477|
1489478|
1489479|
1489504|
1489505|
1489506|
1489507|
1489508|
1489509|
1489510|
1489511|
1489536|
1489537|
1489538|
1489539|
1489540|
1489541|
1489542|
1489543|
1489568|
1489569|
1489570|
1489571|
1489572|
1489573|
1489574|
1489575|
1489600|
1489601|
1489602|
1489603|
1489604|
1489605|
1489606|
1489607|
1489632|
1489633|
1489634|
1489635|
1489636|
1489637|
1489638|
1489639|
1489664|
1489665|
1489666|
1489667|
1489668|
1489669|
1489670|
1489671|
1489696|
1489697|
1489698|
1489699|
1489700|
1489701|
1489702|
1489703|
1489728|
1489729|
1489730|
1489731|
1489732|
1489733|
1489734|
1489735|
1489760|
1489761|
1489762|
1489763|
1489764|
1489765|
1489766|
1489767|
1489792|
1489793|
1489794|
1489795|
1489796|
1489797|
1489798|
1489799|
1489824|
1489825|
1489826|
1489827|
1489828|
1489829|
1489830|
1489831|
1489856|
1489857|
1489858|
1489859|
1489860|
1489861|
1489862|
1489863|
1489888|
1489889|
1489890|
1489891|
1489892|
1489893|
1489894|
1489895|
1489920|
1489921|
1489922|
1489923|
1489924|
1489925|
1489926|
1489927|
1489952|
1489953|
1489954|
1489955|
1489956|
1489957|
1489958|
1489959|
1489984|
1489985|
1489986|
1489987|
1489988|
1489989|
1489990|
1489991|
1490016|
1490017|
1490018|
1490019|
1490020|
1490021|
1490022|
1490023|
1490048|
1490049|
1490050|
1490051|
1490052|
1490053|
1490054|
1490055|
1490080|
1490081|
1490082|
1490083|
1490084|
1490085|
1490086|
1490087|
1490112|
1490113|
1490114|
1490115|
1490116|
1490117|
1490118|
1490119|
1490144|
1490145|
1490146|
1490147|
1490148|
1490149|
1490150|
1490151|
1490176|
1490177|
1490178|
1490179|
1490180|
1490181|
1490182|
1490183|
1490208|
1490209|
1490210|
1490211|
1490212|
1490213|
1490214|
1490215|
1490240|
1490241|
1490242|
1490243|
1490244|
1490245|
1490246|
1490247|
1490272|
1490273|
1490274|
1490275|
1490276|
1490277|
1490278|
1490279|
1490304|
1490305|
1490306|
1490307|
1490308|
1490309|
1490310|
1490311|
1490336|
1490337|
1490338|
1490339|
1490340|
1490341|
1490342|
1490343|
1490368|
1490369|
1490370|
1490371|
1490372|
1490373|
1490374|
1490375|
1490400|
1490401|
1490402|
1490403|
1490404|
1490405|
1490406|
1490407|
1490432|
1490433|
1490434|
1490435|
1490436|
1490437|
1490438|
1490439|
1490464|
1490465|
1490466|
1490467|
1490468|
1490469|
1490470|
1490471|
1490496|
1490497|
1490498|
1490499|
1490500|
1490501|
1490502|
1490503|
1490528|
1490529|
1490530|
1490531|
1490532|
1490533|
1490534|
1490535|
1490560|
1490561|
1490562|
1490563|
1490564|
1490565|
1490566|
1490567|
1490592|
1490593|
1490594|
1490595|
1490596|
1490597|
1490598|
1490599|
1490624|
1490625|
1490626|
1490627|
1490628|
1490629|
1490630|
1490631|
1490656|
1490657|
1490658|
1490659|
1490660|
1490661|
1490662|
1490663|
1490688|
1490689|
1490690|
1490691|
1490692|
1490693|
1490694|
1490695|
1490720|
1490721|
1490722|
1490723|
1490724|
1490725|
1490726|
1490727|
1490752|
1490753|
1490754|
1490755|
1490756|
1490757|
1490758|
1490759|
1490784|
1490785|
1490786|
1490787|
1490788|
1490789|
1490790|
1490791|
1490816|
1490817|
1490818|
1490819|
1490820|
1490821|
1490822|
1490823|
1490848|
1490849|
1490850|
1490851|
1490852|
1490853|
1490854|
1490855|
1490880|
1490881|
1490882|
1490883|
1490884|
1490885|
1490886|
1490887|
1490912|
1490913|
1490914|
1490915|
1490916|
1490917|
1490918|
1490919|
1490944|
1490945|
1490946|
1490947|
1490948|
1490949|
1490950|
1490951|
1490976|
1490977|
1490978|
1490979|
1490980|
1490981|
1490982|
1490983|
1491008|
1491009|
1491010|
1491011|
1491012|
1491013|
1491014|
1491015|
1491040|
1491041|
1491042|
1491043|
1491044|
1491045|
1491046|
1491047|
1491072|
1491073|
1491074|
1491075|
1491076|
1491077|
1491078|
1491079|
1491104|
1491105|
1491106|
1491107|
1491108|
1491109|
1491110|
1491111|
1491136|
1491137|
1491138|
1491139|
1491140|
1491141|
1491142|
1491143|
1491168|
1491169|
1491170|
1491171|
1491172|
1491173|
1491174|
1491175|
1491200|
1491201|
1491202|
1491203|
1491204|
1491205|
1491206|
1491207|
1491232|
1491233|
1491234|
1491235|
1491236|
1491237|
1491238|
1491239|
1491264|
1491265|
1491266|
1491267|
1491268|
1491269|
1491270|
1491271|
1491296|
1491297|
1491298|
1491299|
1491300|
1491301|
1491302|
1491303|
1491328|
1491329|
1491330|
1491331|
1491332|
1491333|
1491334|
1491335|
1491360|
1491361|
1491362|
1491363|
1491364|
1491365|
1491366|
1491367|
1491392|
1491393|
1491394|
1491395|
1491396|
1491397|
1491398|
1491399|
1491424|
1491425|
1491426|
1491427|
1491428|
1491429|
1491430|
1491431|
1491456|
1491457|
1491458|
1491459|
1491460|
1491461|
1491462|
1491463|
1491488|
1491489|
1491490|
1491491|
1491492|
1491493|
1491494|
1491495|
1491520|
1491521|
1491522|
1491523|
1491524|
1491525|
1491526|
1491527|
1491552|
1491553|
1491554|
1491555|
1491556|
1491557|
1491558|
1491559|
1491584|
1491585|
1491586|
1491587|
1491588|
1491589|
1491590|
1491591|
1491616|
1491617|
1491618|
1491619|
1491620|
1491621|
1491622|
1491623|
1491648|
1491649|
1491650|
1491651|
1491652|
1491653|
1491654|
1491655|
1491680|
1491681|
1491682|
1491683|
1491684|
1491685|
1491686|
1491687|
1491712|
1491713|
1491714|
1491715|
1491716|
1491717|
1491718|
1491719|
1491744|
1491745|
1491746|
1491747|
1491748|
1491749|
1491750|
1491751|
1491776|
1491777|
1491778|
1491779|
1491780|
1491781|
1491782|
1491783|
1491808|
1491809|
1491810|
1491811|
1491812|
1491813|
1491814|
1491815|
1491840|
1491841|
1491842|
1491843|
1491844|
1491845|
1491846|
1491847|
1491872|
1491873|
1491874|
1491875|
1491876|
1491877|
1491878|
1491879|
1491904|
1491905|
1491906|
1491907|
1491908|
1491909|
1491910|
1491911|
1491936|
1491937|
1491938|
1491939|
1491940|
1491941|
1491942|
1491943|
1491968|
1491969|
1491970|
1491971|
1491972|
1491973|
1491974|
1491975|
1492000|
1492001|
1492002|
1492003|
1492004|
1492005|
1492006|
1492007|
1492032|
1492033|
1492034|
1492035|
1492036|
1492037|
1492038|
1492039|
1492064|
1492065|
1492066|
1492067|
1492068|
1492069|
1492070|
1492071|
1492096|
1492097|
1492098|
1492099|
1492100|
1492101|
1492102|
1492103|
1492128|
1492129|
1492130|
1492131|
1492132|
1492133|
1492134|
1492135|
1492160|
1492161|
1492162|
1492163|
1492164|
1492165|
1492166|
1492167|
1492192|
1492193|
1492194|
1492195|
1492196|
1492197|
1492198|
1492199|
1492224|
1492225|
1492226|
1492227|
1492228|
1492229|
1492230|
1492231|
1492256|
1492257|
1492258|
1492259|
1492260|
1492261|
1492262|
1492263|
1492288|
1492289|
1492290|
1492291|
1492292|
1492293|
1492294|
1492295|
1492320|
1492321|
1492322|
1492323|
1492324|
1492325|
1492326|
1492327|
1492352|
1492353|
1492354|
1492355|
1492356|
1492357|
1492358|
1492359|
1492384|
1492385|
1492386|
1492387|
1492388|
1492389|
1492390|
1492391|
1492416|
1492417|
1492418|
1492419|
1492420|
1492421|
1492422|
1492423|
1492448|
1492449|
1492450|
1492451|
1492452|
1492453|
1492454|
1492455|
1492480|
1492481|
1492482|
1492483|
1492484|
1492485|
1492486|
1492487|
1492512|
1492513|
1492514|
1492515|
1492516|
1492517|
1492518|
1492519|
1492544|
1492545|
1492546|
1492547|
1492548|
1492549|
1492550|
1492551|
1492576|
1492577|
1492578|
1492579|
1492580|
1492581|
1492582|
1492583|
1492608|
1492609|
1492610|
1492611|
1492612|
1492613|
1492614|
1492615|
1492640|
1492641|
1492642|
1492643|
1492644|
1492645|
1492646|
1492647|
1492672|
1492673|
1492674|
1492675|
1492676|
1492677|
1492678|
1492679|
1492704|
1492705|
1492706|
1492707|
1492708|
1492709|
1492710|
1492711|
1492736|
1492737|
1492738|
1492739|
1492740|
1492741|
1492742|
1492743|
1492768|
1492769|
1492770|
1492771|
1492772|
1492773|
1492774|
1492775|
1492800|
1492801|
1492802|
1492803|
1492804|
1492805|
1492806|
1492807|
1492832|
1492833|
1492834|
1492835|
1492836|
1492837|
1492838|
1492839|
1492864|
1492865|
1492866|
1492867|
1492868|
1492869|
1492870|
1492871|
1492896|
1492897|
1492898|
1492899|
1492900|
1492901|
1492902|
1492903|
1492928|
1492929|
1492930|
1492931|
1492932|
1492933|
1492934|
1492935|
1492960|
1492961|
1492962|
1492963|
1492964|
1492965|
1492966|
1492967|
1492992|
1492993|
1492994|
1492995|
1492996|
1492997|
1492998|
1492999|
1493024|
1493025|
1493026|
1493027|
1493028|
1493029|
1493030|
1493031|
1493056|
1493057|
1493058|
1493059|
1493060|
1493061|
1493062|
1493063|
1493088|
1493089|
1493090|
1493091|
1493092|
1493093|
1493094|
1493095|
1493120|
1493121|
1493122|
1493123|
1493124|
1493125|
1493126|
1493127|
1493152|
1493153|
1493154|
1493155|
1493156|
1493157|
1493158|
1493159|
1493184|
1493185|
1493186|
1493187|
1493188|
1493189|
1493190|
1493191|
1493216|
1493217|
1493218|
1493219|
1493220|
1493221|
1493222|
1493223|
1493248|
1493249|
1493250|
1493251|
1493252|
1493253|
1493254|
1493255|
1493280|
1493281|
1493282|
1493283|
1493284|
1493285|
1493286|
1493287|
1493312|
1493313|
1493314|
1493315|
1493316|
1493317|
1493318|
1493319|
1493344|
1493345|
1493346|
1493347|
1493348|
1493349|
1493350|
1493351|
1493376|
1493377|
1493378|
1493379|
1493380|
1493381|
1493382|
1493383|
1493408|
1493409|
1493410|
1493411|
1493412|
1493413|
1493414|
1493415|
1493440|
1493441|
1493442|
1493443|
1493444|
1493445|
1493446|
1493447|
1493472|
1493473|
1493474|
1493475|
1493476|
1493477|
1493478|
1493479|
1493504|
1493505|
1493506|
1493507|
1493508|
1493509|
1493510|
1493511|
1493536|
1493537|
1493538|
1493539|
1493540|
1493541|
1493542|
1493543|
1493568|
1493569|
1493570|
1493571|
1493572|
1493573|
1493574|
1493575|
1493600|
1493601|
1493602|
1493603|
1493604|
1493605|
1493606|
1493607|
1493632|
1493633|
1493634|
1493635|
1493636|
1493637|
1493638|
1493639|
1493664|
1493665|
1493666|
1493667|
1493668|
1493669|
1493670|
1493671|
1493696|
1493697|
1493698|
1493699|
1493700|
1493701|
1493702|
1493703|
1493728|
1493729|
1493730|
1493731|
1493732|
1493733|
1493734|
1493735|
1493760|
1493761|
1493762|
1493763|
1493764|
1493765|
1493766|
1493767|
1493792|
1493793|
1493794|
1493795|
1493796|
1493797|
1493798|
1493799|
1493824|
1493825|
1493826|
1493827|
1493828|
1493829|
1493830|
1493831|
1493856|
1493857|
1493858|
1493859|
1493860|
1493861|
1493862|
1493863|
1493888|
1493889|
1493890|
1493891|
1493892|
1493893|
1493894|
1493895|
1493920|
1493921|
1493922|
1493923|
1493924|
1493925|
1493926|
1493927|
1493952|
1493953|
1493954|
1493955|
1493956|
1493957|
1493958|
1493959|
1493984|
1493985|
1493986|
1493987|
1493988|
