2484001|
2484002|
2484003|
2484004|
2484005|
2484006|
2484007|
2484032|
2484033|
2484034|
2484035|
2484036|
2484037|
2484038|
2484039|
2484064|
2484065|
2484066|
2484067|
2484068|
2484069|
2484070|
2484071|
2484096|
2484097|
2484098|
2484099|
2484100|
2484101|
2484102|
2484103|
2484128|
2484129|
2484130|
2484131|
2484132|
2484133|
2484134|
2484135|
2484160|
2484161|
2484162|
2484163|
2484164|
2484165|
2484166|
2484167|
2484192|
2484193|
2484194|
2484195|
2484196|
2484197|
2484198|
2484199|
2484224|
2484225|
2484226|
2484227|
2484228|
2484229|
2484230|
2484231|
2484256|
2484257|
2484258|
2484259|
2484260|
2484261|
2484262|
2484263|
2484288|
2484289|
2484290|
2484291|
2484292|
2484293|
2484294|
2484295|
2484320|
2484321|
2484322|
2484323|
2484324|
2484325|
2484326|
2484327|
2484352|
2484353|
2484354|
2484355|
2484356|
2484357|
2484358|
2484359|
2484384|
2484385|
2484386|
2484387|
2484388|
2484389|
2484390|
2484391|
2484416|
2484417|
2484418|
2484419|
2484420|
2484421|
2484422|
2484423|
2484448|
2484449|
2484450|
2484451|
2484452|
2484453|
2484454|
2484455|
2484480|
2484481|
2484482|
2484483|
2484484|
2484485|
2484486|
2484487|
2484512|
2484513|
2484514|
2484515|
2484516|
2484517|
2484518|
2484519|
2484544|
2484545|
2484546|
2484547|
2484548|
2484549|
2484550|
2484551|
2484576|
2484577|
2484578|
2484579|
2484580|
2484581|
2484582|
2484583|
2484608|
2484609|
2484610|
2484611|
2484612|
2484613|
2484614|
2484615|
2484640|
2484641|
2484642|
2484643|
2484644|
2484645|
2484646|
2484647|
2484672|
2484673|
2484674|
2484675|
2484676|
2484677|
2484678|
2484679|
2484704|
2484705|
2484706|
2484707|
2484708|
2484709|
2484710|
2484711|
2484736|
2484737|
2484738|
2484739|
2484740|
2484741|
2484742|
2484743|
2484768|
2484769|
2484770|
2484771|
2484772|
2484773|
2484774|
2484775|
2484800|
2484801|
2484802|
2484803|
2484804|
2484805|
2484806|
2484807|
2484832|
2484833|
2484834|
2484835|
2484836|
2484837|
2484838|
2484839|
2484864|
2484865|
2484866|
2484867|
2484868|
2484869|
2484870|
2484871|
2484896|
2484897|
2484898|
2484899|
2484900|
2484901|
2484902|
2484903|
2484928|
2484929|
2484930|
2484931|
2484932|
2484933|
2484934|
2484935|
2484960|
2484961|
2484962|
2484963|
2484964|
2484965|
2484966|
2484967|
2484992|
2484993|
2484994|
2484995|
2484996|
2484997|
2484998|
2484999|
2485024|
2485025|
2485026|
2485027|
2485028|
2485029|
2485030|
2485031|
2485056|
2485057|
2485058|
2485059|
2485060|
2485061|
2485062|
2485063|
2485088|
2485089|
2485090|
2485091|
2485092|
2485093|
2485094|
2485095|
2485120|
2485121|
2485122|
2485123|
2485124|
2485125|
2485126|
2485127|
2485152|
2485153|
2485154|
2485155|
2485156|
2485157|
2485158|
2485159|
2485184|
2485185|
2485186|
2485187|
2485188|
2485189|
2485190|
2485191|
2485216|
2485217|
2485218|
2485219|
2485220|
2485221|
2485222|
2485223|
2485248|
2485249|
2485250|
2485251|
2485252|
2485253|
2485254|
2485255|
2485280|
2485281|
2485282|
2485283|
2485284|
2485285|
2485286|
2485287|
2485312|
2485313|
2485314|
2485315|
2485316|
2485317|
2485318|
2485319|
2485344|
2485345|
2485346|
2485347|
2485348|
2485349|
2485350|
2485351|
2485376|
2485377|
2485378|
2485379|
2485380|
2485381|
2485382|
2485383|
2485408|
2485409|
2485410|
2485411|
2485412|
2485413|
2485414|
2485415|
2485440|
2485441|
2485442|
2485443|
2485444|
2485445|
2485446|
2485447|
2485472|
2485473|
2485474|
2485475|
2485476|
2485477|
2485478|
2485479|
2485504|
2485505|
2485506|
2485507|
2485508|
2485509|
2485510|
2485511|
2485536|
2485537|
2485538|
2485539|
2485540|
2485541|
2485542|
2485543|
2485568|
2485569|
2485570|
2485571|
2485572|
2485573|
2485574|
2485575|
2485600|
2485601|
2485602|
2485603|
2485604|
2485605|
2485606|
2485607|
2485632|
2485633|
2485634|
2485635|
2485636|
2485637|
2485638|
2485639|
2485664|
2485665|
2485666|
2485667|
2485668|
2485669|
2485670|
2485671|
2485696|
2485697|
2485698|
2485699|
2485700|
2485701|
2485702|
2485703|
2485728|
2485729|
2485730|
2485731|
2485732|
2485733|
2485734|
2485735|
2485760|
2485761|
2485762|
2485763|
2485764|
2485765|
2485766|
2485767|
2485792|
2485793|
2485794|
2485795|
2485796|
2485797|
2485798|
2485799|
2485824|
2485825|
2485826|
2485827|
2485828|
2485829|
2485830|
2485831|
2485856|
2485857|
2485858|
2485859|
2485860|
2485861|
2485862|
2485863|
2485888|
2485889|
2485890|
2485891|
2485892|
2485893|
2485894|
2485895|
2485920|
2485921|
2485922|
2485923|
2485924|
2485925|
2485926|
2485927|
2485952|
2485953|
2485954|
2485955|
2485956|
2485957|
2485958|
2485959|
2485984|
2485985|
2485986|
2485987|
2485988|
2485989|
2485990|
2485991|
2486016|
2486017|
2486018|
2486019|
2486020|
2486021|
2486022|
2486023|
2486048|
2486049|
2486050|
2486051|
2486052|
2486053|
2486054|
2486055|
2486080|
2486081|
2486082|
2486083|
2486084|
2486085|
2486086|
2486087|
2486112|
2486113|
2486114|
2486115|
2486116|
2486117|
2486118|
2486119|
2486144|
2486145|
2486146|
2486147|
2486148|
2486149|
2486150|
2486151|
2486176|
2486177|
2486178|
2486179|
2486180|
2486181|
2486182|
2486183|
2486208|
2486209|
2486210|
2486211|
2486212|
2486213|
2486214|
2486215|
2486240|
2486241|
2486242|
2486243|
2486244|
2486245|
2486246|
2486247|
2486272|
2486273|
2486274|
2486275|
2486276|
2486277|
2486278|
2486279|
2486304|
2486305|
2486306|
2486307|
2486308|
2486309|
2486310|
2486311|
2486336|
2486337|
2486338|
2486339|
2486340|
2486341|
2486342|
2486343|
2486368|
2486369|
2486370|
2486371|
2486372|
2486373|
2486374|
2486375|
2486400|
2486401|
2486402|
2486403|
2486404|
2486405|
2486406|
2486407|
2486432|
2486433|
2486434|
2486435|
2486436|
2486437|
2486438|
2486439|
2486464|
2486465|
2486466|
2486467|
2486468|
2486469|
2486470|
2486471|
2486496|
2486497|
2486498|
2486499|
2486500|
2486501|
2486502|
2486503|
2486528|
2486529|
2486530|
2486531|
2486532|
2486533|
2486534|
2486535|
2486560|
2486561|
2486562|
2486563|
2486564|
2486565|
2486566|
2486567|
2486592|
2486593|
2486594|
2486595|
2486596|
2486597|
2486598|
2486599|
2486624|
2486625|
2486626|
2486627|
2486628|
2486629|
2486630|
2486631|
2486656|
2486657|
2486658|
2486659|
2486660|
2486661|
2486662|
2486663|
2486688|
2486689|
2486690|
2486691|
2486692|
2486693|
2486694|
2486695|
2486720|
2486721|
2486722|
2486723|
2486724|
2486725|
2486726|
2486727|
2486752|
2486753|
2486754|
2486755|
2486756|
2486757|
2486758|
2486759|
2486784|
2486785|
2486786|
2486787|
2486788|
2486789|
2486790|
2486791|
2486816|
2486817|
2486818|
2486819|
2486820|
2486821|
2486822|
2486823|
2486848|
2486849|
2486850|
2486851|
2486852|
2486853|
2486854|
2486855|
2486880|
2486881|
2486882|
2486883|
2486884|
2486885|
2486886|
2486887|
2486912|
2486913|
2486914|
2486915|
2486916|
2486917|
2486918|
2486919|
2486944|
2486945|
2486946|
2486947|
2486948|
2486949|
2486950|
2486951|
2486976|
2486977|
2486978|
2486979|
2486980|
2486981|
2486982|
2486983|
2487008|
2487009|
2487010|
2487011|
2487012|
2487013|
2487014|
2487015|
2487040|
2487041|
2487042|
2487043|
2487044|
2487045|
2487046|
2487047|
2487072|
2487073|
2487074|
2487075|
2487076|
2487077|
2487078|
2487079|
2487104|
2487105|
2487106|
2487107|
2487108|
2487109|
2487110|
2487111|
2487136|
2487137|
2487138|
2487139|
2487140|
2487141|
2487142|
2487143|
2487168|
2487169|
2487170|
2487171|
2487172|
2487173|
2487174|
2487175|
2487200|
2487201|
2487202|
2487203|
2487204|
2487205|
2487206|
2487207|
2487232|
2487233|
2487234|
2487235|
2487236|
2487237|
2487238|
2487239|
2487264|
2487265|
2487266|
2487267|
2487268|
2487269|
2487270|
2487271|
2487296|
2487297|
2487298|
2487299|
2487300|
2487301|
2487302|
2487303|
2487328|
2487329|
2487330|
2487331|
2487332|
2487333|
2487334|
2487335|
2487360|
2487361|
2487362|
2487363|
2487364|
2487365|
2487366|
2487367|
2487392|
2487393|
2487394|
2487395|
2487396|
2487397|
2487398|
2487399|
2487424|
2487425|
2487426|
2487427|
2487428|
2487429|
2487430|
2487431|
2487456|
2487457|
2487458|
2487459|
2487460|
2487461|
2487462|
2487463|
2487488|
2487489|
2487490|
2487491|
2487492|
2487493|
2487494|
2487495|
2487520|
2487521|
2487522|
2487523|
2487524|
2487525|
2487526|
2487527|
2487552|
2487553|
2487554|
2487555|
2487556|
2487557|
2487558|
2487559|
2487584|
2487585|
2487586|
2487587|
2487588|
2487589|
2487590|
2487591|
2487616|
2487617|
2487618|
2487619|
2487620|
2487621|
2487622|
2487623|
2487648|
2487649|
2487650|
2487651|
2487652|
2487653|
2487654|
2487655|
2487680|
2487681|
2487682|
2487683|
2487684|
2487685|
2487686|
2487687|
2487712|
2487713|
2487714|
2487715|
2487716|
2487717|
2487718|
2487719|
2487744|
2487745|
2487746|
2487747|
2487748|
2487749|
2487750|
2487751|
2487776|
2487777|
2487778|
2487779|
2487780|
2487781|
2487782|
2487783|
2487808|
2487809|
2487810|
2487811|
2487812|
2487813|
2487814|
2487815|
2487840|
2487841|
2487842|
2487843|
2487844|
2487845|
2487846|
2487847|
2487872|
2487873|
2487874|
2487875|
2487876|
2487877|
2487878|
2487879|
2487904|
2487905|
2487906|
2487907|
2487908|
2487909|
2487910|
2487911|
2487936|
2487937|
2487938|
2487939|
2487940|
2487941|
2487942|
2487943|
2487968|
2487969|
2487970|
2487971|
2487972|
2487973|
2487974|
2487975|
2488000|
2488001|
2488002|
2488003|
2488004|
2488005|
2488006|
2488007|
2488032|
2488033|
2488034|
2488035|
2488036|
2488037|
2488038|
2488039|
2488064|
2488065|
2488066|
2488067|
2488068|
2488069|
2488070|
2488071|
2488096|
2488097|
2488098|
2488099|
2488100|
2488101|
2488102|
2488103|
2488128|
2488129|
2488130|
2488131|
2488132|
2488133|
2488134|
2488135|
2488160|
2488161|
2488162|
2488163|
2488164|
2488165|
2488166|
2488167|
2488192|
2488193|
2488194|
2488195|
2488196|
2488197|
2488198|
2488199|
2488224|
2488225|
2488226|
2488227|
2488228|
2488229|
2488230|
2488231|
2488256|
2488257|
2488258|
2488259|
2488260|
2488261|
2488262|
2488263|
2488288|
2488289|
2488290|
2488291|
2488292|
2488293|
2488294|
2488295|
2488320|
2488321|
2488322|
2488323|
2488324|
2488325|
2488326|
2488327|
2488352|
2488353|
2488354|
2488355|
2488356|
2488357|
2488358|
2488359|
2488384|
2488385|
2488386|
2488387|
2488388|
2488389|
2488390|
2488391|
2488416|
2488417|
2488418|
2488419|
2488420|
2488421|
2488422|
2488423|
2488448|
2488449|
2488450|
2488451|
2488452|
2488453|
2488454|
2488455|
2488480|
2488481|
2488482|
2488483|
2488484|
2488485|
2488486|
2488487|
2488512|
2488513|
2488514|
2488515|
2488516|
2488517|
2488518|
2488519|
2488544|
2488545|
2488546|
2488547|
2488548|
2488549|
2488550|
2488551|
2488576|
2488577|
2488578|
2488579|
2488580|
2488581|
2488582|
2488583|
2488608|
2488609|
2488610|
2488611|
2488612|
2488613|
2488614|
2488615|
2488640|
2488641|
2488642|
2488643|
2488644|
2488645|
2488646|
2488647|
2488672|
2488673|
2488674|
2488675|
2488676|
2488677|
2488678|
2488679|
2488704|
2488705|
2488706|
2488707|
2488708|
2488709|
2488710|
2488711|
2488736|
2488737|
2488738|
2488739|
2488740|
2488741|
2488742|
2488743|
2488768|
2488769|
2488770|
2488771|
2488772|
2488773|
2488774|
2488775|
2488800|
2488801|
2488802|
2488803|
2488804|
2488805|
2488806|
2488807|
2488832|
2488833|
2488834|
2488835|
2488836|
2488837|
2488838|
2488839|
2488864|
2488865|
2488866|
2488867|
2488868|
2488869|
2488870|
2488871|
2488896|
2488897|
2488898|
2488899|
2488900|
2488901|
2488902|
2488903|
2488928|
2488929|
2488930|
2488931|
2488932|
2488933|
2488934|
2488935|
2488960|
2488961|
2488962|
2488963|
2488964|
2488965|
2488966|
2488967|
2488992|
2488993|
2488994|
2488995|
2488996|
2488997|
2488998|
2488999|
2489024|
2489025|
2489026|
2489027|
2489028|
2489029|
2489030|
2489031|
2489056|
2489057|
2489058|
2489059|
2489060|
2489061|
2489062|
2489063|
2489088|
2489089|
2489090|
2489091|
2489092|
2489093|
2489094|
2489095|
2489120|
2489121|
2489122|
2489123|
2489124|
2489125|
2489126|
2489127|
2489152|
2489153|
2489154|
2489155|
2489156|
2489157|
2489158|
2489159|
2489184|
2489185|
2489186|
2489187|
2489188|
2489189|
2489190|
2489191|
2489216|
2489217|
2489218|
2489219|
2489220|
2489221|
2489222|
2489223|
2489248|
2489249|
2489250|
2489251|
2489252|
2489253|
2489254|
2489255|
2489280|
2489281|
2489282|
2489283|
2489284|
2489285|
2489286|
2489287|
2489312|
2489313|
2489314|
2489315|
2489316|
2489317|
2489318|
2489319|
2489344|
2489345|
2489346|
2489347|
2489348|
2489349|
2489350|
2489351|
2489376|
2489377|
2489378|
2489379|
2489380|
2489381|
2489382|
2489383|
2489408|
2489409|
2489410|
2489411|
2489412|
2489413|
2489414|
2489415|
2489440|
2489441|
2489442|
2489443|
2489444|
2489445|
2489446|
2489447|
2489472|
2489473|
2489474|
2489475|
2489476|
2489477|
2489478|
2489479|
2489504|
2489505|
2489506|
2489507|
2489508|
2489509|
2489510|
2489511|
2489536|
2489537|
2489538|
2489539|
2489540|
2489541|
2489542|
2489543|
2489568|
2489569|
2489570|
2489571|
2489572|
2489573|
2489574|
2489575|
2489600|
2489601|
2489602|
2489603|
2489604|
2489605|
2489606|
2489607|
2489632|
2489633|
2489634|
2489635|
2489636|
2489637|
2489638|
2489639|
2489664|
2489665|
2489666|
2489667|
2489668|
2489669|
2489670|
2489671|
2489696|
2489697|
2489698|
2489699|
2489700|
2489701|
2489702|
2489703|
2489728|
2489729|
2489730|
2489731|
2489732|
2489733|
2489734|
2489735|
2489760|
2489761|
2489762|
2489763|
2489764|
2489765|
2489766|
2489767|
2489792|
2489793|
2489794|
2489795|
2489796|
2489797|
2489798|
2489799|
2489824|
2489825|
2489826|
2489827|
2489828|
2489829|
2489830|
2489831|
2489856|
2489857|
2489858|
2489859|
2489860|
2489861|
2489862|
2489863|
2489888|
2489889|
2489890|
2489891|
2489892|
2489893|
2489894|
2489895|
2489920|
2489921|
2489922|
2489923|
2489924|
2489925|
2489926|
2489927|
2489952|
2489953|
2489954|
2489955|
2489956|
2489957|
2489958|
2489959|
2489984|
2489985|
2489986|
2489987|
2489988|
