576001|
576002|
576003|
576004|
576005|
576006|
576007|
576032|
576033|
576034|
576035|
576036|
576037|
576038|
576039|
576064|
576065|
576066|
576067|
576068|
576069|
576070|
576071|
576096|
576097|
576098|
576099|
576100|
576101|
576102|
576103|
576128|
576129|
576130|
576131|
576132|
576133|
576134|
576135|
576160|
576161|
576162|
576163|
576164|
576165|
576166|
576167|
576192|
576193|
576194|
576195|
576196|
576197|
576198|
576199|
576224|
576225|
576226|
576227|
576228|
576229|
576230|
576231|
576256|
576257|
576258|
576259|
576260|
576261|
576262|
576263|
576288|
576289|
576290|
576291|
576292|
576293|
576294|
576295|
576320|
576321|
576322|
576323|
576324|
576325|
576326|
576327|
576352|
576353|
576354|
576355|
576356|
576357|
576358|
576359|
576384|
576385|
576386|
576387|
576388|
576389|
576390|
576391|
576416|
576417|
576418|
576419|
576420|
576421|
576422|
576423|
576448|
576449|
576450|
576451|
576452|
576453|
576454|
576455|
576480|
576481|
576482|
576483|
576484|
576485|
576486|
576487|
576512|
576513|
576514|
576515|
576516|
576517|
576518|
576519|
576544|
576545|
576546|
576547|
576548|
576549|
576550|
576551|
576576|
576577|
576578|
576579|
576580|
576581|
576582|
576583|
576608|
576609|
576610|
576611|
576612|
576613|
576614|
576615|
576640|
576641|
576642|
576643|
576644|
576645|
576646|
576647|
576672|
576673|
576674|
576675|
576676|
576677|
576678|
576679|
576704|
576705|
576706|
576707|
576708|
576709|
576710|
576711|
576736|
576737|
576738|
576739|
576740|
576741|
576742|
576743|
576768|
576769|
576770|
576771|
576772|
576773|
576774|
576775|
576800|
576801|
576802|
576803|
576804|
576805|
576806|
576807|
576832|
576833|
576834|
576835|
576836|
576837|
576838|
576839|
576864|
576865|
576866|
576867|
576868|
576869|
576870|
576871|
576896|
576897|
576898|
576899|
576900|
576901|
576902|
576903|
576928|
576929|
576930|
576931|
576932|
576933|
576934|
576935|
576960|
576961|
576962|
576963|
576964|
576965|
576966|
576967|
576992|
576993|
576994|
576995|
576996|
576997|
576998|
576999|
577024|
577025|
577026|
577027|
577028|
577029|
577030|
577031|
577056|
577057|
577058|
577059|
577060|
577061|
577062|
577063|
577088|
577089|
577090|
577091|
577092|
577093|
577094|
577095|
577120|
577121|
577122|
577123|
577124|
577125|
577126|
577127|
577152|
577153|
577154|
577155|
577156|
577157|
577158|
577159|
577184|
577185|
577186|
577187|
577188|
577189|
577190|
577191|
577216|
577217|
577218|
577219|
577220|
577221|
577222|
577223|
577248|
577249|
577250|
577251|
577252|
577253|
577254|
577255|
577280|
577281|
577282|
577283|
577284|
577285|
577286|
577287|
577312|
577313|
577314|
577315|
577316|
577317|
577318|
577319|
577344|
577345|
577346|
577347|
577348|
577349|
577350|
577351|
577376|
577377|
577378|
577379|
577380|
577381|
577382|
577383|
577408|
577409|
577410|
577411|
577412|
577413|
577414|
577415|
577440|
577441|
577442|
577443|
577444|
577445|
577446|
577447|
577472|
577473|
577474|
577475|
577476|
577477|
577478|
577479|
577504|
577505|
577506|
577507|
577508|
577509|
577510|
577511|
577536|
577537|
577538|
577539|
577540|
577541|
577542|
577543|
577568|
577569|
577570|
577571|
577572|
577573|
577574|
577575|
577600|
577601|
577602|
577603|
577604|
577605|
577606|
577607|
577632|
577633|
577634|
577635|
577636|
577637|
577638|
577639|
577664|
577665|
577666|
577667|
577668|
577669|
577670|
577671|
577696|
577697|
577698|
577699|
577700|
577701|
577702|
577703|
577728|
577729|
577730|
577731|
577732|
577733|
577734|
577735|
577760|
577761|
577762|
577763|
577764|
577765|
577766|
577767|
577792|
577793|
577794|
577795|
577796|
577797|
577798|
577799|
577824|
577825|
577826|
577827|
577828|
577829|
577830|
577831|
577856|
577857|
577858|
577859|
577860|
577861|
577862|
577863|
577888|
577889|
577890|
577891|
577892|
577893|
577894|
577895|
577920|
577921|
577922|
577923|
577924|
577925|
577926|
577927|
577952|
577953|
577954|
577955|
577956|
577957|
577958|
577959|
577984|
577985|
577986|
577987|
577988|
577989|
577990|
577991|
578016|
578017|
578018|
578019|
578020|
578021|
578022|
578023|
578048|
578049|
578050|
578051|
578052|
578053|
578054|
578055|
578080|
578081|
578082|
578083|
578084|
578085|
578086|
578087|
578112|
578113|
578114|
578115|
578116|
578117|
578118|
578119|
578144|
578145|
578146|
578147|
578148|
578149|
578150|
578151|
578176|
578177|
578178|
578179|
578180|
578181|
578182|
578183|
578208|
578209|
578210|
578211|
578212|
578213|
578214|
578215|
578240|
578241|
578242|
578243|
578244|
578245|
578246|
578247|
578272|
578273|
578274|
578275|
578276|
578277|
578278|
578279|
578304|
578305|
578306|
578307|
578308|
578309|
578310|
578311|
578336|
578337|
578338|
578339|
578340|
578341|
578342|
578343|
578368|
578369|
578370|
578371|
578372|
578373|
578374|
578375|
578400|
578401|
578402|
578403|
578404|
578405|
578406|
578407|
578432|
578433|
578434|
578435|
578436|
578437|
578438|
578439|
578464|
578465|
578466|
578467|
578468|
578469|
578470|
578471|
578496|
578497|
578498|
578499|
578500|
578501|
578502|
578503|
578528|
578529|
578530|
578531|
578532|
578533|
578534|
578535|
578560|
578561|
578562|
578563|
578564|
578565|
578566|
578567|
578592|
578593|
578594|
578595|
578596|
578597|
578598|
578599|
578624|
578625|
578626|
578627|
578628|
578629|
578630|
578631|
578656|
578657|
578658|
578659|
578660|
578661|
578662|
578663|
578688|
578689|
578690|
578691|
578692|
578693|
578694|
578695|
578720|
578721|
578722|
578723|
578724|
578725|
578726|
578727|
578752|
578753|
578754|
578755|
578756|
578757|
578758|
578759|
578784|
578785|
578786|
578787|
578788|
578789|
578790|
578791|
578816|
578817|
578818|
578819|
578820|
578821|
578822|
578823|
578848|
578849|
578850|
578851|
578852|
578853|
578854|
578855|
578880|
578881|
578882|
578883|
578884|
578885|
578886|
578887|
578912|
578913|
578914|
578915|
578916|
578917|
578918|
578919|
578944|
578945|
578946|
578947|
578948|
578949|
578950|
578951|
578976|
578977|
578978|
578979|
578980|
578981|
578982|
578983|
579008|
579009|
579010|
579011|
579012|
579013|
579014|
579015|
579040|
579041|
579042|
579043|
579044|
579045|
579046|
579047|
579072|
579073|
579074|
579075|
579076|
579077|
579078|
579079|
579104|
579105|
579106|
579107|
579108|
579109|
579110|
579111|
579136|
579137|
579138|
579139|
579140|
579141|
579142|
579143|
579168|
579169|
579170|
579171|
579172|
579173|
579174|
579175|
579200|
579201|
579202|
579203|
579204|
579205|
579206|
579207|
579232|
579233|
579234|
579235|
579236|
579237|
579238|
579239|
579264|
579265|
579266|
579267|
579268|
579269|
579270|
579271|
579296|
579297|
579298|
579299|
579300|
579301|
579302|
579303|
579328|
579329|
579330|
579331|
579332|
579333|
579334|
579335|
579360|
579361|
579362|
579363|
579364|
579365|
579366|
579367|
579392|
579393|
579394|
579395|
579396|
579397|
579398|
579399|
579424|
579425|
579426|
579427|
579428|
579429|
579430|
579431|
579456|
579457|
579458|
579459|
579460|
579461|
579462|
579463|
579488|
579489|
579490|
579491|
579492|
579493|
579494|
579495|
579520|
579521|
579522|
579523|
579524|
579525|
579526|
579527|
579552|
579553|
579554|
579555|
579556|
579557|
579558|
579559|
579584|
579585|
579586|
579587|
579588|
579589|
579590|
579591|
579616|
579617|
579618|
579619|
579620|
579621|
579622|
579623|
579648|
579649|
579650|
579651|
579652|
579653|
579654|
579655|
579680|
579681|
579682|
579683|
579684|
579685|
579686|
579687|
579712|
579713|
579714|
579715|
579716|
579717|
579718|
579719|
579744|
579745|
579746|
579747|
579748|
579749|
579750|
579751|
579776|
579777|
579778|
579779|
579780|
579781|
579782|
579783|
579808|
579809|
579810|
579811|
579812|
579813|
579814|
579815|
579840|
579841|
579842|
579843|
579844|
579845|
579846|
579847|
579872|
579873|
579874|
579875|
579876|
579877|
579878|
579879|
579904|
579905|
579906|
579907|
579908|
579909|
579910|
579911|
579936|
579937|
579938|
579939|
579940|
579941|
579942|
579943|
579968|
579969|
579970|
579971|
579972|
579973|
579974|
579975|
580000|
580001|
580002|
580003|
580004|
580005|
580006|
580007|
580032|
580033|
580034|
580035|
580036|
580037|
580038|
580039|
580064|
580065|
580066|
580067|
580068|
580069|
580070|
580071|
580096|
580097|
580098|
580099|
580100|
580101|
580102|
580103|
580128|
580129|
580130|
580131|
580132|
580133|
580134|
580135|
580160|
580161|
580162|
580163|
580164|
580165|
580166|
580167|
580192|
580193|
580194|
580195|
580196|
580197|
580198|
580199|
580224|
580225|
580226|
580227|
580228|
580229|
580230|
580231|
580256|
580257|
580258|
580259|
580260|
580261|
580262|
580263|
580288|
580289|
580290|
580291|
580292|
580293|
580294|
580295|
580320|
580321|
580322|
580323|
580324|
580325|
580326|
580327|
580352|
580353|
580354|
580355|
580356|
580357|
580358|
580359|
580384|
580385|
580386|
580387|
580388|
580389|
580390|
580391|
580416|
580417|
580418|
580419|
580420|
580421|
580422|
580423|
580448|
580449|
580450|
580451|
580452|
580453|
580454|
580455|
580480|
580481|
580482|
580483|
580484|
580485|
580486|
580487|
580512|
580513|
580514|
580515|
580516|
580517|
580518|
580519|
580544|
580545|
580546|
580547|
580548|
580549|
580550|
580551|
580576|
580577|
580578|
580579|
580580|
580581|
580582|
580583|
580608|
580609|
580610|
580611|
580612|
580613|
580614|
580615|
580640|
580641|
580642|
580643|
580644|
580645|
580646|
580647|
580672|
580673|
580674|
580675|
580676|
580677|
580678|
580679|
580704|
580705|
580706|
580707|
580708|
580709|
580710|
580711|
580736|
580737|
580738|
580739|
580740|
580741|
580742|
580743|
580768|
580769|
580770|
580771|
580772|
580773|
580774|
580775|
580800|
580801|
580802|
580803|
580804|
580805|
580806|
580807|
580832|
580833|
580834|
580835|
580836|
580837|
580838|
580839|
580864|
580865|
580866|
580867|
580868|
580869|
580870|
580871|
580896|
580897|
580898|
580899|
580900|
580901|
580902|
580903|
580928|
580929|
580930|
580931|
580932|
580933|
580934|
580935|
580960|
580961|
580962|
580963|
580964|
580965|
580966|
580967|
580992|
580993|
580994|
580995|
580996|
580997|
580998|
580999|
581024|
581025|
581026|
581027|
581028|
581029|
581030|
581031|
581056|
581057|
581058|
581059|
581060|
581061|
581062|
581063|
581088|
581089|
581090|
581091|
581092|
581093|
581094|
581095|
581120|
581121|
581122|
581123|
581124|
581125|
581126|
581127|
581152|
581153|
581154|
581155|
581156|
581157|
581158|
581159|
581184|
581185|
581186|
581187|
581188|
581189|
581190|
581191|
581216|
581217|
581218|
581219|
581220|
581221|
581222|
581223|
581248|
581249|
581250|
581251|
581252|
581253|
581254|
581255|
581280|
581281|
581282|
581283|
581284|
581285|
581286|
581287|
581312|
581313|
581314|
581315|
581316|
581317|
581318|
581319|
581344|
581345|
581346|
581347|
581348|
581349|
581350|
581351|
581376|
581377|
581378|
581379|
581380|
581381|
581382|
581383|
581408|
581409|
581410|
581411|
581412|
581413|
581414|
581415|
581440|
581441|
581442|
581443|
581444|
581445|
581446|
581447|
581472|
581473|
581474|
581475|
581476|
581477|
581478|
581479|
581504|
581505|
581506|
581507|
581508|
581509|
581510|
581511|
581536|
581537|
581538|
581539|
581540|
581541|
581542|
581543|
581568|
581569|
581570|
581571|
581572|
581573|
581574|
581575|
581600|
581601|
581602|
581603|
581604|
581605|
581606|
581607|
581632|
581633|
581634|
581635|
581636|
581637|
581638|
581639|
581664|
581665|
581666|
581667|
581668|
581669|
581670|
581671|
581696|
581697|
581698|
581699|
581700|
581701|
581702|
581703|
581728|
581729|
581730|
581731|
581732|
581733|
581734|
581735|
581760|
581761|
581762|
581763|
581764|
581765|
581766|
581767|
581792|
581793|
581794|
581795|
581796|
581797|
581798|
581799|
581824|
581825|
581826|
581827|
581828|
581829|
581830|
581831|
581856|
581857|
581858|
581859|
581860|
581861|
581862|
581863|
581888|
581889|
581890|
581891|
581892|
581893|
581894|
581895|
581920|
581921|
581922|
581923|
581924|
581925|
581926|
581927|
581952|
581953|
581954|
581955|
581956|
581957|
581958|
581959|
581984|
581985|
581986|
581987|
581988|
