269989|
269990|
269991|
270016|
270017|
270018|
270019|
270020|
270021|
270022|
270023|
270048|
270049|
270050|
270051|
270052|
270053|
270054|
270055|
270080|
270081|
270082|
270083|
270084|
270085|
270086|
270087|
270112|
270113|
270114|
270115|
270116|
270117|
270118|
270119|
270144|
270145|
270146|
270147|
270148|
270149|
270150|
270151|
270176|
270177|
270178|
270179|
270180|
270181|
270182|
270183|
270208|
270209|
270210|
270211|
270212|
270213|
270214|
270215|
270240|
270241|
270242|
270243|
270244|
270245|
270246|
270247|
270272|
270273|
270274|
270275|
270276|
270277|
270278|
270279|
270304|
270305|
270306|
270307|
270308|
270309|
270310|
270311|
270336|
270337|
270338|
270339|
270340|
270341|
270342|
270343|
270368|
270369|
270370|
270371|
270372|
270373|
270374|
270375|
270400|
270401|
270402|
270403|
270404|
270405|
270406|
270407|
270432|
270433|
270434|
270435|
270436|
270437|
270438|
270439|
270464|
270465|
270466|
270467|
270468|
270469|
270470|
270471|
270496|
270497|
270498|
270499|
270500|
270501|
270502|
270503|
270528|
270529|
270530|
270531|
270532|
270533|
270534|
270535|
270560|
270561|
270562|
270563|
270564|
270565|
270566|
270567|
270592|
270593|
270594|
270595|
270596|
270597|
270598|
270599|
270624|
270625|
270626|
270627|
270628|
270629|
270630|
270631|
270656|
270657|
270658|
270659|
270660|
270661|
270662|
270663|
270688|
270689|
270690|
270691|
270692|
270693|
270694|
270695|
270720|
270721|
270722|
270723|
270724|
270725|
270726|
270727|
270752|
270753|
270754|
270755|
270756|
270757|
270758|
270759|
270784|
270785|
270786|
270787|
270788|
270789|
270790|
270791|
270816|
270817|
270818|
270819|
270820|
270821|
270822|
270823|
270848|
270849|
270850|
270851|
270852|
270853|
270854|
270855|
270880|
270881|
270882|
270883|
270884|
270885|
270886|
270887|
270912|
270913|
270914|
270915|
270916|
270917|
270918|
270919|
270944|
270945|
270946|
270947|
270948|
270949|
270950|
270951|
270976|
270977|
270978|
270979|
270980|
270981|
270982|
270983|
271008|
271009|
271010|
271011|
271012|
271013|
271014|
271015|
271040|
271041|
271042|
271043|
271044|
271045|
271046|
271047|
271072|
271073|
271074|
271075|
271076|
271077|
271078|
271079|
271104|
271105|
271106|
271107|
271108|
271109|
271110|
271111|
271136|
271137|
271138|
271139|
271140|
271141|
271142|
271143|
271168|
271169|
271170|
271171|
271172|
271173|
271174|
271175|
271200|
271201|
271202|
271203|
271204|
271205|
271206|
271207|
271232|
271233|
271234|
271235|
271236|
271237|
271238|
271239|
271264|
271265|
271266|
271267|
271268|
271269|
271270|
271271|
271296|
271297|
271298|
271299|
271300|
271301|
271302|
271303|
271328|
271329|
271330|
271331|
271332|
271333|
271334|
271335|
271360|
271361|
271362|
271363|
271364|
271365|
271366|
271367|
271392|
271393|
271394|
271395|
271396|
271397|
271398|
271399|
271424|
271425|
271426|
271427|
271428|
271429|
271430|
271431|
271456|
271457|
271458|
271459|
271460|
271461|
271462|
271463|
271488|
271489|
271490|
271491|
271492|
271493|
271494|
271495|
271520|
271521|
271522|
271523|
271524|
271525|
271526|
271527|
271552|
271553|
271554|
271555|
271556|
271557|
271558|
271559|
271584|
271585|
271586|
271587|
271588|
271589|
271590|
271591|
271616|
271617|
271618|
271619|
271620|
271621|
271622|
271623|
271648|
271649|
271650|
271651|
271652|
271653|
271654|
271655|
271680|
271681|
271682|
271683|
271684|
271685|
271686|
271687|
271712|
271713|
271714|
271715|
271716|
271717|
271718|
271719|
271744|
271745|
271746|
271747|
271748|
271749|
271750|
271751|
271776|
271777|
271778|
271779|
271780|
271781|
271782|
271783|
271808|
271809|
271810|
271811|
271812|
271813|
271814|
271815|
271840|
271841|
271842|
271843|
271844|
271845|
271846|
271847|
271872|
271873|
271874|
271875|
271876|
271877|
271878|
271879|
271904|
271905|
271906|
271907|
271908|
271909|
271910|
271911|
271936|
271937|
271938|
271939|
271940|
271941|
271942|
271943|
271968|
271969|
271970|
271971|
271972|
271973|
271974|
271975|
272000|
272001|
272002|
272003|
272004|
272005|
272006|
272007|
272032|
272033|
272034|
272035|
272036|
272037|
272038|
272039|
272064|
272065|
272066|
272067|
272068|
272069|
272070|
272071|
272096|
272097|
272098|
272099|
272100|
272101|
272102|
272103|
272128|
272129|
272130|
272131|
272132|
272133|
272134|
272135|
272160|
272161|
272162|
272163|
272164|
272165|
272166|
272167|
272192|
272193|
272194|
272195|
272196|
272197|
272198|
272199|
272224|
272225|
272226|
272227|
272228|
272229|
272230|
272231|
272256|
272257|
272258|
272259|
272260|
272261|
272262|
272263|
272288|
272289|
272290|
272291|
272292|
272293|
272294|
272295|
272320|
272321|
272322|
272323|
272324|
272325|
272326|
272327|
272352|
272353|
272354|
272355|
272356|
272357|
272358|
272359|
272384|
272385|
272386|
272387|
272388|
272389|
272390|
272391|
272416|
272417|
272418|
272419|
272420|
272421|
272422|
272423|
272448|
272449|
272450|
272451|
272452|
272453|
272454|
272455|
272480|
272481|
272482|
272483|
272484|
272485|
272486|
272487|
272512|
272513|
272514|
272515|
272516|
272517|
272518|
272519|
272544|
272545|
272546|
272547|
272548|
272549|
272550|
272551|
272576|
272577|
272578|
272579|
272580|
272581|
272582|
272583|
272608|
272609|
272610|
272611|
272612|
272613|
272614|
272615|
272640|
272641|
272642|
272643|
272644|
272645|
272646|
272647|
272672|
272673|
272674|
272675|
272676|
272677|
272678|
272679|
272704|
272705|
272706|
272707|
272708|
272709|
272710|
272711|
272736|
272737|
272738|
272739|
272740|
272741|
272742|
272743|
272768|
272769|
272770|
272771|
272772|
272773|
272774|
272775|
272800|
272801|
272802|
272803|
272804|
272805|
272806|
272807|
272832|
272833|
272834|
272835|
272836|
272837|
272838|
272839|
272864|
272865|
272866|
272867|
272868|
272869|
272870|
272871|
272896|
272897|
272898|
272899|
272900|
272901|
272902|
272903|
272928|
272929|
272930|
272931|
272932|
272933|
272934|
272935|
272960|
272961|
272962|
272963|
272964|
272965|
272966|
272967|
272992|
272993|
272994|
272995|
272996|
272997|
272998|
272999|
273024|
273025|
273026|
273027|
273028|
273029|
273030|
273031|
273056|
273057|
273058|
273059|
273060|
273061|
273062|
273063|
273088|
273089|
273090|
273091|
273092|
273093|
273094|
273095|
273120|
273121|
273122|
273123|
273124|
273125|
273126|
273127|
273152|
273153|
273154|
273155|
273156|
273157|
273158|
273159|
273184|
273185|
273186|
273187|
273188|
273189|
273190|
273191|
273216|
273217|
273218|
273219|
273220|
273221|
273222|
273223|
273248|
273249|
273250|
273251|
273252|
273253|
273254|
273255|
273280|
273281|
273282|
273283|
273284|
273285|
273286|
273287|
273312|
273313|
273314|
273315|
273316|
273317|
273318|
273319|
273344|
273345|
273346|
273347|
273348|
273349|
273350|
273351|
273376|
273377|
273378|
273379|
273380|
273381|
273382|
273383|
273408|
273409|
273410|
273411|
273412|
273413|
273414|
273415|
273440|
273441|
273442|
273443|
273444|
273445|
273446|
273447|
273472|
273473|
273474|
273475|
273476|
273477|
273478|
273479|
273504|
273505|
273506|
273507|
273508|
273509|
273510|
273511|
273536|
273537|
273538|
273539|
273540|
273541|
273542|
273543|
273568|
273569|
273570|
273571|
273572|
273573|
273574|
273575|
273600|
273601|
273602|
273603|
273604|
273605|
273606|
273607|
273632|
273633|
273634|
273635|
273636|
273637|
273638|
273639|
273664|
273665|
273666|
273667|
273668|
273669|
273670|
273671|
273696|
273697|
273698|
273699|
273700|
273701|
273702|
273703|
273728|
273729|
273730|
273731|
273732|
273733|
273734|
273735|
273760|
273761|
273762|
273763|
273764|
273765|
273766|
273767|
273792|
273793|
273794|
273795|
273796|
273797|
273798|
273799|
273824|
273825|
273826|
273827|
273828|
273829|
273830|
273831|
273856|
273857|
273858|
273859|
273860|
273861|
273862|
273863|
273888|
273889|
273890|
273891|
273892|
273893|
273894|
273895|
273920|
273921|
273922|
273923|
273924|
273925|
273926|
273927|
273952|
273953|
273954|
273955|
273956|
273957|
273958|
273959|
273984|
273985|
273986|
273987|
273988|
273989|
273990|
273991|
274016|
274017|
274018|
274019|
274020|
274021|
274022|
274023|
274048|
274049|
274050|
274051|
274052|
274053|
274054|
274055|
274080|
274081|
274082|
274083|
274084|
274085|
274086|
274087|
274112|
274113|
274114|
274115|
274116|
274117|
274118|
274119|
274144|
274145|
274146|
274147|
274148|
274149|
274150|
274151|
274176|
274177|
274178|
274179|
274180|
274181|
274182|
274183|
274208|
274209|
274210|
274211|
274212|
274213|
274214|
274215|
274240|
274241|
274242|
274243|
274244|
274245|
274246|
274247|
274272|
274273|
274274|
274275|
274276|
274277|
274278|
274279|
274304|
274305|
274306|
274307|
274308|
274309|
274310|
274311|
274336|
274337|
274338|
274339|
274340|
274341|
274342|
274343|
274368|
274369|
274370|
274371|
274372|
274373|
274374|
274375|
274400|
274401|
274402|
274403|
274404|
274405|
274406|
274407|
274432|
274433|
274434|
274435|
274436|
274437|
274438|
274439|
274464|
274465|
274466|
274467|
274468|
274469|
274470|
274471|
274496|
274497|
274498|
274499|
274500|
274501|
274502|
274503|
274528|
274529|
274530|
274531|
274532|
274533|
274534|
274535|
274560|
274561|
274562|
274563|
274564|
274565|
274566|
274567|
274592|
274593|
274594|
274595|
274596|
274597|
274598|
274599|
274624|
274625|
274626|
274627|
274628|
274629|
274630|
274631|
274656|
274657|
274658|
274659|
274660|
274661|
274662|
274663|
274688|
274689|
274690|
274691|
274692|
274693|
274694|
274695|
274720|
274721|
274722|
274723|
274724|
274725|
274726|
274727|
274752|
274753|
274754|
274755|
274756|
274757|
274758|
274759|
274784|
274785|
274786|
274787|
274788|
274789|
274790|
274791|
274816|
274817|
274818|
274819|
274820|
274821|
274822|
274823|
274848|
274849|
274850|
274851|
274852|
274853|
274854|
274855|
274880|
274881|
274882|
274883|
274884|
274885|
274886|
274887|
274912|
274913|
274914|
274915|
274916|
274917|
274918|
274919|
274944|
274945|
274946|
274947|
274948|
274949|
274950|
274951|
274976|
274977|
274978|
274979|
274980|
274981|
274982|
274983|
275008|
275009|
275010|
275011|
275012|
275013|
275014|
275015|
275040|
275041|
275042|
275043|
275044|
275045|
275046|
275047|
275072|
275073|
275074|
275075|
275076|
275077|
275078|
275079|
275104|
275105|
275106|
275107|
275108|
275109|
275110|
275111|
275136|
275137|
275138|
275139|
275140|
275141|
275142|
275143|
275168|
275169|
275170|
275171|
275172|
275173|
275174|
275175|
275200|
275201|
275202|
275203|
275204|
275205|
275206|
275207|
275232|
275233|
275234|
275235|
275236|
275237|
275238|
275239|
275264|
275265|
275266|
275267|
275268|
275269|
275270|
275271|
275296|
275297|
275298|
275299|
275300|
275301|
275302|
275303|
275328|
275329|
275330|
275331|
275332|
275333|
275334|
275335|
275360|
275361|
275362|
275363|
275364|
275365|
275366|
275367|
275392|
275393|
275394|
275395|
275396|
275397|
275398|
275399|
275424|
275425|
275426|
275427|
275428|
275429|
275430|
275431|
275456|
275457|
275458|
275459|
275460|
275461|
275462|
275463|
275488|
275489|
275490|
275491|
275492|
275493|
275494|
275495|
275520|
275521|
275522|
275523|
275524|
275525|
275526|
275527|
275552|
275553|
275554|
275555|
275556|
275557|
275558|
275559|
275584|
275585|
275586|
275587|
275588|
275589|
275590|
275591|
275616|
275617|
275618|
275619|
275620|
275621|
275622|
275623|
275648|
275649|
275650|
275651|
275652|
275653|
275654|
275655|
275680|
275681|
275682|
275683|
275684|
275685|
275686|
275687|
275712|
275713|
275714|
275715|
275716|
275717|
275718|
275719|
275744|
275745|
275746|
275747|
275748|
275749|
275750|
275751|
275776|
275777|
275778|
275779|
275780|
275781|
275782|
275783|
275808|
275809|
275810|
275811|
275812|
275813|
275814|
275815|
275840|
275841|
275842|
275843|
275844|
275845|
275846|
275847|
275872|
275873|
275874|
275875|
275876|
275877|
275878|
275879|
275904|
275905|
275906|
275907|
275908|
275909|
275910|
275911|
275936|
275937|
275938|
275939|
275940|
275941|
275942|
275943|
275968|
275969|
275970|
275971|
275972|
275973|
275974|
275975|
276000|
