372001|
372002|
372003|
372004|
372005|
372006|
372007|
372032|
372033|
372034|
372035|
372036|
372037|
372038|
372039|
372064|
372065|
372066|
372067|
372068|
372069|
372070|
372071|
372096|
372097|
372098|
372099|
372100|
372101|
372102|
372103|
372128|
372129|
372130|
372131|
372132|
372133|
372134|
372135|
372160|
372161|
372162|
372163|
372164|
372165|
372166|
372167|
372192|
372193|
372194|
372195|
372196|
372197|
372198|
372199|
372224|
372225|
372226|
372227|
372228|
372229|
372230|
372231|
372256|
372257|
372258|
372259|
372260|
372261|
372262|
372263|
372288|
372289|
372290|
372291|
372292|
372293|
372294|
372295|
372320|
372321|
372322|
372323|
372324|
372325|
372326|
372327|
372352|
372353|
372354|
372355|
372356|
372357|
372358|
372359|
372384|
372385|
372386|
372387|
372388|
372389|
372390|
372391|
372416|
372417|
372418|
372419|
372420|
372421|
372422|
372423|
372448|
372449|
372450|
372451|
372452|
372453|
372454|
372455|
372480|
372481|
372482|
372483|
372484|
372485|
372486|
372487|
372512|
372513|
372514|
372515|
372516|
372517|
372518|
372519|
372544|
372545|
372546|
372547|
372548|
372549|
372550|
372551|
372576|
372577|
372578|
372579|
372580|
372581|
372582|
372583|
372608|
372609|
372610|
372611|
372612|
372613|
372614|
372615|
372640|
372641|
372642|
372643|
372644|
372645|
372646|
372647|
372672|
372673|
372674|
372675|
372676|
372677|
372678|
372679|
372704|
372705|
372706|
372707|
372708|
372709|
372710|
372711|
372736|
372737|
372738|
372739|
372740|
372741|
372742|
372743|
372768|
372769|
372770|
372771|
372772|
372773|
372774|
372775|
372800|
372801|
372802|
372803|
372804|
372805|
372806|
372807|
372832|
372833|
372834|
372835|
372836|
372837|
372838|
372839|
372864|
372865|
372866|
372867|
372868|
372869|
372870|
372871|
372896|
372897|
372898|
372899|
372900|
372901|
372902|
372903|
372928|
372929|
372930|
372931|
372932|
372933|
372934|
372935|
372960|
372961|
372962|
372963|
372964|
372965|
372966|
372967|
372992|
372993|
372994|
372995|
372996|
372997|
372998|
372999|
373024|
373025|
373026|
373027|
373028|
373029|
373030|
373031|
373056|
373057|
373058|
373059|
373060|
373061|
373062|
373063|
373088|
373089|
373090|
373091|
373092|
373093|
373094|
373095|
373120|
373121|
373122|
373123|
373124|
373125|
373126|
373127|
373152|
373153|
373154|
373155|
373156|
373157|
373158|
373159|
373184|
373185|
373186|
373187|
373188|
373189|
373190|
373191|
373216|
373217|
373218|
373219|
373220|
373221|
373222|
373223|
373248|
373249|
373250|
373251|
373252|
373253|
373254|
373255|
373280|
373281|
373282|
373283|
373284|
373285|
373286|
373287|
373312|
373313|
373314|
373315|
373316|
373317|
373318|
373319|
373344|
373345|
373346|
373347|
373348|
373349|
373350|
373351|
373376|
373377|
373378|
373379|
373380|
373381|
373382|
373383|
373408|
373409|
373410|
373411|
373412|
373413|
373414|
373415|
373440|
373441|
373442|
373443|
373444|
373445|
373446|
373447|
373472|
373473|
373474|
373475|
373476|
373477|
373478|
373479|
373504|
373505|
373506|
373507|
373508|
373509|
373510|
373511|
373536|
373537|
373538|
373539|
373540|
373541|
373542|
373543|
373568|
373569|
373570|
373571|
373572|
373573|
373574|
373575|
373600|
373601|
373602|
373603|
373604|
373605|
373606|
373607|
373632|
373633|
373634|
373635|
373636|
373637|
373638|
373639|
373664|
373665|
373666|
373667|
373668|
373669|
373670|
373671|
373696|
373697|
373698|
373699|
373700|
373701|
373702|
373703|
373728|
373729|
373730|
373731|
373732|
373733|
373734|
373735|
373760|
373761|
373762|
373763|
373764|
373765|
373766|
373767|
373792|
373793|
373794|
373795|
373796|
373797|
373798|
373799|
373824|
373825|
373826|
373827|
373828|
373829|
373830|
373831|
373856|
373857|
373858|
373859|
373860|
373861|
373862|
373863|
373888|
373889|
373890|
373891|
373892|
373893|
373894|
373895|
373920|
373921|
373922|
373923|
373924|
373925|
373926|
373927|
373952|
373953|
373954|
373955|
373956|
373957|
373958|
373959|
373984|
373985|
373986|
373987|
373988|
373989|
373990|
373991|
374016|
374017|
374018|
374019|
374020|
374021|
374022|
374023|
374048|
374049|
374050|
374051|
374052|
374053|
374054|
374055|
374080|
374081|
374082|
374083|
374084|
374085|
374086|
374087|
374112|
374113|
374114|
374115|
374116|
374117|
374118|
374119|
374144|
374145|
374146|
374147|
374148|
374149|
374150|
374151|
374176|
374177|
374178|
374179|
374180|
374181|
374182|
374183|
374208|
374209|
374210|
374211|
374212|
374213|
374214|
374215|
374240|
374241|
374242|
374243|
374244|
374245|
374246|
374247|
374272|
374273|
374274|
374275|
374276|
374277|
374278|
374279|
374304|
374305|
374306|
374307|
374308|
374309|
374310|
374311|
374336|
374337|
374338|
374339|
374340|
374341|
374342|
374343|
374368|
374369|
374370|
374371|
374372|
374373|
374374|
374375|
374400|
374401|
374402|
374403|
374404|
374405|
374406|
374407|
374432|
374433|
374434|
374435|
374436|
374437|
374438|
374439|
374464|
374465|
374466|
374467|
374468|
374469|
374470|
374471|
374496|
374497|
374498|
374499|
374500|
374501|
374502|
374503|
374528|
374529|
374530|
374531|
374532|
374533|
374534|
374535|
374560|
374561|
374562|
374563|
374564|
374565|
374566|
374567|
374592|
374593|
374594|
374595|
374596|
374597|
374598|
374599|
374624|
374625|
374626|
374627|
374628|
374629|
374630|
374631|
374656|
374657|
374658|
374659|
374660|
374661|
374662|
374663|
374688|
374689|
374690|
374691|
374692|
374693|
374694|
374695|
374720|
374721|
374722|
374723|
374724|
374725|
374726|
374727|
374752|
374753|
374754|
374755|
374756|
374757|
374758|
374759|
374784|
374785|
374786|
374787|
374788|
374789|
374790|
374791|
374816|
374817|
374818|
374819|
374820|
374821|
374822|
374823|
374848|
374849|
374850|
374851|
374852|
374853|
374854|
374855|
374880|
374881|
374882|
374883|
374884|
374885|
374886|
374887|
374912|
374913|
374914|
374915|
374916|
374917|
374918|
374919|
374944|
374945|
374946|
374947|
374948|
374949|
374950|
374951|
374976|
374977|
374978|
374979|
374980|
374981|
374982|
374983|
375008|
375009|
375010|
375011|
375012|
375013|
375014|
375015|
375040|
375041|
375042|
375043|
375044|
375045|
375046|
375047|
375072|
375073|
375074|
375075|
375076|
375077|
375078|
375079|
375104|
375105|
375106|
375107|
375108|
375109|
375110|
375111|
375136|
375137|
375138|
375139|
375140|
375141|
375142|
375143|
375168|
375169|
375170|
375171|
375172|
375173|
375174|
375175|
375200|
375201|
375202|
375203|
375204|
375205|
375206|
375207|
375232|
375233|
375234|
375235|
375236|
375237|
375238|
375239|
375264|
375265|
375266|
375267|
375268|
375269|
375270|
375271|
375296|
375297|
375298|
375299|
375300|
375301|
375302|
375303|
375328|
375329|
375330|
375331|
375332|
375333|
375334|
375335|
375360|
375361|
375362|
375363|
375364|
375365|
375366|
375367|
375392|
375393|
375394|
375395|
375396|
375397|
375398|
375399|
375424|
375425|
375426|
375427|
375428|
375429|
375430|
375431|
375456|
375457|
375458|
375459|
375460|
375461|
375462|
375463|
375488|
375489|
375490|
375491|
375492|
375493|
375494|
375495|
375520|
375521|
375522|
375523|
375524|
375525|
375526|
375527|
375552|
375553|
375554|
375555|
375556|
375557|
375558|
375559|
375584|
375585|
375586|
375587|
375588|
375589|
375590|
375591|
375616|
375617|
375618|
375619|
375620|
375621|
375622|
375623|
375648|
375649|
375650|
375651|
375652|
375653|
375654|
375655|
375680|
375681|
375682|
375683|
375684|
375685|
375686|
375687|
375712|
375713|
375714|
375715|
375716|
375717|
375718|
375719|
375744|
375745|
375746|
375747|
375748|
375749|
375750|
375751|
375776|
375777|
375778|
375779|
375780|
375781|
375782|
375783|
375808|
375809|
375810|
375811|
375812|
375813|
375814|
375815|
375840|
375841|
375842|
375843|
375844|
375845|
375846|
375847|
375872|
375873|
375874|
375875|
375876|
375877|
375878|
375879|
375904|
375905|
375906|
375907|
375908|
375909|
375910|
375911|
375936|
375937|
375938|
375939|
375940|
375941|
375942|
375943|
375968|
375969|
375970|
375971|
375972|
375973|
375974|
375975|
376000|
376001|
376002|
376003|
376004|
376005|
376006|
376007|
376032|
376033|
376034|
376035|
376036|
376037|
376038|
376039|
376064|
376065|
376066|
376067|
376068|
376069|
376070|
376071|
376096|
376097|
376098|
376099|
376100|
376101|
376102|
376103|
376128|
376129|
376130|
376131|
376132|
376133|
376134|
376135|
376160|
376161|
376162|
376163|
376164|
376165|
376166|
376167|
376192|
376193|
376194|
376195|
376196|
376197|
376198|
376199|
376224|
376225|
376226|
376227|
376228|
376229|
376230|
376231|
376256|
376257|
376258|
376259|
376260|
376261|
376262|
376263|
376288|
376289|
376290|
376291|
376292|
376293|
376294|
376295|
376320|
376321|
376322|
376323|
376324|
376325|
376326|
376327|
376352|
376353|
376354|
376355|
376356|
376357|
376358|
376359|
376384|
376385|
376386|
376387|
376388|
376389|
376390|
376391|
376416|
376417|
376418|
376419|
376420|
376421|
376422|
376423|
376448|
376449|
376450|
376451|
376452|
376453|
376454|
376455|
376480|
376481|
376482|
376483|
376484|
376485|
376486|
376487|
376512|
376513|
376514|
376515|
376516|
376517|
376518|
376519|
376544|
376545|
376546|
376547|
376548|
376549|
376550|
376551|
376576|
376577|
376578|
376579|
376580|
376581|
376582|
376583|
376608|
376609|
376610|
376611|
376612|
376613|
376614|
376615|
376640|
376641|
376642|
376643|
376644|
376645|
376646|
376647|
376672|
376673|
376674|
376675|
376676|
376677|
376678|
376679|
376704|
376705|
376706|
376707|
376708|
376709|
376710|
376711|
376736|
376737|
376738|
376739|
376740|
376741|
376742|
376743|
376768|
376769|
376770|
376771|
376772|
376773|
376774|
376775|
376800|
376801|
376802|
376803|
376804|
376805|
376806|
376807|
376832|
376833|
376834|
376835|
376836|
376837|
376838|
376839|
376864|
376865|
376866|
376867|
376868|
376869|
376870|
376871|
376896|
376897|
376898|
376899|
376900|
376901|
376902|
376903|
376928|
376929|
376930|
376931|
376932|
376933|
376934|
376935|
376960|
376961|
376962|
376963|
376964|
376965|
376966|
376967|
376992|
376993|
376994|
376995|
376996|
376997|
376998|
376999|
377024|
377025|
377026|
377027|
377028|
377029|
377030|
377031|
377056|
377057|
377058|
377059|
377060|
377061|
377062|
377063|
377088|
377089|
377090|
377091|
377092|
377093|
377094|
377095|
377120|
377121|
377122|
377123|
377124|
377125|
377126|
377127|
377152|
377153|
377154|
377155|
377156|
377157|
377158|
377159|
377184|
377185|
377186|
377187|
377188|
377189|
377190|
377191|
377216|
377217|
377218|
377219|
377220|
377221|
377222|
377223|
377248|
377249|
377250|
377251|
377252|
377253|
377254|
377255|
377280|
377281|
377282|
377283|
377284|
377285|
377286|
377287|
377312|
377313|
377314|
377315|
377316|
377317|
377318|
377319|
377344|
377345|
377346|
377347|
377348|
377349|
377350|
377351|
377376|
377377|
377378|
377379|
377380|
377381|
377382|
377383|
377408|
377409|
377410|
377411|
377412|
377413|
377414|
377415|
377440|
377441|
377442|
377443|
377444|
377445|
377446|
377447|
377472|
377473|
377474|
377475|
377476|
377477|
377478|
377479|
377504|
377505|
377506|
377507|
377508|
377509|
377510|
377511|
377536|
377537|
377538|
377539|
377540|
377541|
377542|
377543|
377568|
377569|
377570|
377571|
377572|
377573|
377574|
377575|
377600|
377601|
377602|
377603|
377604|
377605|
377606|
377607|
377632|
377633|
377634|
377635|
377636|
377637|
377638|
377639|
377664|
377665|
377666|
377667|
377668|
377669|
377670|
377671|
377696|
377697|
377698|
377699|
377700|
377701|
377702|
377703|
377728|
377729|
377730|
377731|
377732|
377733|
377734|
377735|
377760|
377761|
377762|
377763|
377764|
377765|
377766|
377767|
377792|
377793|
377794|
377795|
377796|
377797|
377798|
377799|
377824|
377825|
377826|
377827|
377828|
377829|
377830|
377831|
377856|
377857|
377858|
377859|
377860|
377861|
377862|
377863|
377888|
377889|
377890|
377891|
377892|
377893|
377894|
377895|
377920|
377921|
377922|
377923|
377924|
377925|
377926|
377927|
377952|
377953|
377954|
377955|
377956|
377957|
377958|
377959|
377984|
377985|
377986|
377987|
377988|
