888001|
888002|
888003|
888004|
888005|
888006|
888007|
888032|
888033|
888034|
888035|
888036|
888037|
888038|
888039|
888064|
888065|
888066|
888067|
888068|
888069|
888070|
888071|
888096|
888097|
888098|
888099|
888100|
888101|
888102|
888103|
888128|
888129|
888130|
888131|
888132|
888133|
888134|
888135|
888160|
888161|
888162|
888163|
888164|
888165|
888166|
888167|
888192|
888193|
888194|
888195|
888196|
888197|
888198|
888199|
888224|
888225|
888226|
888227|
888228|
888229|
888230|
888231|
888256|
888257|
888258|
888259|
888260|
888261|
888262|
888263|
888288|
888289|
888290|
888291|
888292|
888293|
888294|
888295|
888320|
888321|
888322|
888323|
888324|
888325|
888326|
888327|
888352|
888353|
888354|
888355|
888356|
888357|
888358|
888359|
888384|
888385|
888386|
888387|
888388|
888389|
888390|
888391|
888416|
888417|
888418|
888419|
888420|
888421|
888422|
888423|
888448|
888449|
888450|
888451|
888452|
888453|
888454|
888455|
888480|
888481|
888482|
888483|
888484|
888485|
888486|
888487|
888512|
888513|
888514|
888515|
888516|
888517|
888518|
888519|
888544|
888545|
888546|
888547|
888548|
888549|
888550|
888551|
888576|
888577|
888578|
888579|
888580|
888581|
888582|
888583|
888608|
888609|
888610|
888611|
888612|
888613|
888614|
888615|
888640|
888641|
888642|
888643|
888644|
888645|
888646|
888647|
888672|
888673|
888674|
888675|
888676|
888677|
888678|
888679|
888704|
888705|
888706|
888707|
888708|
888709|
888710|
888711|
888736|
888737|
888738|
888739|
888740|
888741|
888742|
888743|
888768|
888769|
888770|
888771|
888772|
888773|
888774|
888775|
888800|
888801|
888802|
888803|
888804|
888805|
888806|
888807|
888832|
888833|
888834|
888835|
888836|
888837|
888838|
888839|
888864|
888865|
888866|
888867|
888868|
888869|
888870|
888871|
888896|
888897|
888898|
888899|
888900|
888901|
888902|
888903|
888928|
888929|
888930|
888931|
888932|
888933|
888934|
888935|
888960|
888961|
888962|
888963|
888964|
888965|
888966|
888967|
888992|
888993|
888994|
888995|
888996|
888997|
888998|
888999|
889024|
889025|
889026|
889027|
889028|
889029|
889030|
889031|
889056|
889057|
889058|
889059|
889060|
889061|
889062|
889063|
889088|
889089|
889090|
889091|
889092|
889093|
889094|
889095|
889120|
889121|
889122|
889123|
889124|
889125|
889126|
889127|
889152|
889153|
889154|
889155|
889156|
889157|
889158|
889159|
889184|
889185|
889186|
889187|
889188|
889189|
889190|
889191|
889216|
889217|
889218|
889219|
889220|
889221|
889222|
889223|
889248|
889249|
889250|
889251|
889252|
889253|
889254|
889255|
889280|
889281|
889282|
889283|
889284|
889285|
889286|
889287|
889312|
889313|
889314|
889315|
889316|
889317|
889318|
889319|
889344|
889345|
889346|
889347|
889348|
889349|
889350|
889351|
889376|
889377|
889378|
889379|
889380|
889381|
889382|
889383|
889408|
889409|
889410|
889411|
889412|
889413|
889414|
889415|
889440|
889441|
889442|
889443|
889444|
889445|
889446|
889447|
889472|
889473|
889474|
889475|
889476|
889477|
889478|
889479|
889504|
889505|
889506|
889507|
889508|
889509|
889510|
889511|
889536|
889537|
889538|
889539|
889540|
889541|
889542|
889543|
889568|
889569|
889570|
889571|
889572|
889573|
889574|
889575|
889600|
889601|
889602|
889603|
889604|
889605|
889606|
889607|
889632|
889633|
889634|
889635|
889636|
889637|
889638|
889639|
889664|
889665|
889666|
889667|
889668|
889669|
889670|
889671|
889696|
889697|
889698|
889699|
889700|
889701|
889702|
889703|
889728|
889729|
889730|
889731|
889732|
889733|
889734|
889735|
889760|
889761|
889762|
889763|
889764|
889765|
889766|
889767|
889792|
889793|
889794|
889795|
889796|
889797|
889798|
889799|
889824|
889825|
889826|
889827|
889828|
889829|
889830|
889831|
889856|
889857|
889858|
889859|
889860|
889861|
889862|
889863|
889888|
889889|
889890|
889891|
889892|
889893|
889894|
889895|
889920|
889921|
889922|
889923|
889924|
889925|
889926|
889927|
889952|
889953|
889954|
889955|
889956|
889957|
889958|
889959|
889984|
889985|
889986|
889987|
889988|
889989|
889990|
889991|
890016|
890017|
890018|
890019|
890020|
890021|
890022|
890023|
890048|
890049|
890050|
890051|
890052|
890053|
890054|
890055|
890080|
890081|
890082|
890083|
890084|
890085|
890086|
890087|
890112|
890113|
890114|
890115|
890116|
890117|
890118|
890119|
890144|
890145|
890146|
890147|
890148|
890149|
890150|
890151|
890176|
890177|
890178|
890179|
890180|
890181|
890182|
890183|
890208|
890209|
890210|
890211|
890212|
890213|
890214|
890215|
890240|
890241|
890242|
890243|
890244|
890245|
890246|
890247|
890272|
890273|
890274|
890275|
890276|
890277|
890278|
890279|
890304|
890305|
890306|
890307|
890308|
890309|
890310|
890311|
890336|
890337|
890338|
890339|
890340|
890341|
890342|
890343|
890368|
890369|
890370|
890371|
890372|
890373|
890374|
890375|
890400|
890401|
890402|
890403|
890404|
890405|
890406|
890407|
890432|
890433|
890434|
890435|
890436|
890437|
890438|
890439|
890464|
890465|
890466|
890467|
890468|
890469|
890470|
890471|
890496|
890497|
890498|
890499|
890500|
890501|
890502|
890503|
890528|
890529|
890530|
890531|
890532|
890533|
890534|
890535|
890560|
890561|
890562|
890563|
890564|
890565|
890566|
890567|
890592|
890593|
890594|
890595|
890596|
890597|
890598|
890599|
890624|
890625|
890626|
890627|
890628|
890629|
890630|
890631|
890656|
890657|
890658|
890659|
890660|
890661|
890662|
890663|
890688|
890689|
890690|
890691|
890692|
890693|
890694|
890695|
890720|
890721|
890722|
890723|
890724|
890725|
890726|
890727|
890752|
890753|
890754|
890755|
890756|
890757|
890758|
890759|
890784|
890785|
890786|
890787|
890788|
890789|
890790|
890791|
890816|
890817|
890818|
890819|
890820|
890821|
890822|
890823|
890848|
890849|
890850|
890851|
890852|
890853|
890854|
890855|
890880|
890881|
890882|
890883|
890884|
890885|
890886|
890887|
890912|
890913|
890914|
890915|
890916|
890917|
890918|
890919|
890944|
890945|
890946|
890947|
890948|
890949|
890950|
890951|
890976|
890977|
890978|
890979|
890980|
890981|
890982|
890983|
891008|
891009|
891010|
891011|
891012|
891013|
891014|
891015|
891040|
891041|
891042|
891043|
891044|
891045|
891046|
891047|
891072|
891073|
891074|
891075|
891076|
891077|
891078|
891079|
891104|
891105|
891106|
891107|
891108|
891109|
891110|
891111|
891136|
891137|
891138|
891139|
891140|
891141|
891142|
891143|
891168|
891169|
891170|
891171|
891172|
891173|
891174|
891175|
891200|
891201|
891202|
891203|
891204|
891205|
891206|
891207|
891232|
891233|
891234|
891235|
891236|
891237|
891238|
891239|
891264|
891265|
891266|
891267|
891268|
891269|
891270|
891271|
891296|
891297|
891298|
891299|
891300|
891301|
891302|
891303|
891328|
891329|
891330|
891331|
891332|
891333|
891334|
891335|
891360|
891361|
891362|
891363|
891364|
891365|
891366|
891367|
891392|
891393|
891394|
891395|
891396|
891397|
891398|
891399|
891424|
891425|
891426|
891427|
891428|
891429|
891430|
891431|
891456|
891457|
891458|
891459|
891460|
891461|
891462|
891463|
891488|
891489|
891490|
891491|
891492|
891493|
891494|
891495|
891520|
891521|
891522|
891523|
891524|
891525|
891526|
891527|
891552|
891553|
891554|
891555|
891556|
891557|
891558|
891559|
891584|
891585|
891586|
891587|
891588|
891589|
891590|
891591|
891616|
891617|
891618|
891619|
891620|
891621|
891622|
891623|
891648|
891649|
891650|
891651|
891652|
891653|
891654|
891655|
891680|
891681|
891682|
891683|
891684|
891685|
891686|
891687|
891712|
891713|
891714|
891715|
891716|
891717|
891718|
891719|
891744|
891745|
891746|
891747|
891748|
891749|
891750|
891751|
891776|
891777|
891778|
891779|
891780|
891781|
891782|
891783|
891808|
891809|
891810|
891811|
891812|
891813|
891814|
891815|
891840|
891841|
891842|
891843|
891844|
891845|
891846|
891847|
891872|
891873|
891874|
891875|
891876|
891877|
891878|
891879|
891904|
891905|
891906|
891907|
891908|
891909|
891910|
891911|
891936|
891937|
891938|
891939|
891940|
891941|
891942|
891943|
891968|
891969|
891970|
891971|
891972|
891973|
891974|
891975|
892000|
892001|
892002|
892003|
892004|
892005|
892006|
892007|
892032|
892033|
892034|
892035|
892036|
892037|
892038|
892039|
892064|
892065|
892066|
892067|
892068|
892069|
892070|
892071|
892096|
892097|
892098|
892099|
892100|
892101|
892102|
892103|
892128|
892129|
892130|
892131|
892132|
892133|
892134|
892135|
892160|
892161|
892162|
892163|
892164|
892165|
892166|
892167|
892192|
892193|
892194|
892195|
892196|
892197|
892198|
892199|
892224|
892225|
892226|
892227|
892228|
892229|
892230|
892231|
892256|
892257|
892258|
892259|
892260|
892261|
892262|
892263|
892288|
892289|
892290|
892291|
892292|
892293|
892294|
892295|
892320|
892321|
892322|
892323|
892324|
892325|
892326|
892327|
892352|
892353|
892354|
892355|
892356|
892357|
892358|
892359|
892384|
892385|
892386|
892387|
892388|
892389|
892390|
892391|
892416|
892417|
892418|
892419|
892420|
892421|
892422|
892423|
892448|
892449|
892450|
892451|
892452|
892453|
892454|
892455|
892480|
892481|
892482|
892483|
892484|
892485|
892486|
892487|
892512|
892513|
892514|
892515|
892516|
892517|
892518|
892519|
892544|
892545|
892546|
892547|
892548|
892549|
892550|
892551|
892576|
892577|
892578|
892579|
892580|
892581|
892582|
892583|
892608|
892609|
892610|
892611|
892612|
892613|
892614|
892615|
892640|
892641|
892642|
892643|
892644|
892645|
892646|
892647|
892672|
892673|
892674|
892675|
892676|
892677|
892678|
892679|
892704|
892705|
892706|
892707|
892708|
892709|
892710|
892711|
892736|
892737|
892738|
892739|
892740|
892741|
892742|
892743|
892768|
892769|
892770|
892771|
892772|
892773|
892774|
892775|
892800|
892801|
892802|
892803|
892804|
892805|
892806|
892807|
892832|
892833|
892834|
892835|
892836|
892837|
892838|
892839|
892864|
892865|
892866|
892867|
892868|
892869|
892870|
892871|
892896|
892897|
892898|
892899|
892900|
892901|
892902|
892903|
892928|
892929|
892930|
892931|
892932|
892933|
892934|
892935|
892960|
892961|
892962|
892963|
892964|
892965|
892966|
892967|
892992|
892993|
892994|
892995|
892996|
892997|
892998|
892999|
893024|
893025|
893026|
893027|
893028|
893029|
893030|
893031|
893056|
893057|
893058|
893059|
893060|
893061|
893062|
893063|
893088|
893089|
893090|
893091|
893092|
893093|
893094|
893095|
893120|
893121|
893122|
893123|
893124|
893125|
893126|
893127|
893152|
893153|
893154|
893155|
893156|
893157|
893158|
893159|
893184|
893185|
893186|
893187|
893188|
893189|
893190|
893191|
893216|
893217|
893218|
893219|
893220|
893221|
893222|
893223|
893248|
893249|
893250|
893251|
893252|
893253|
893254|
893255|
893280|
893281|
893282|
893283|
893284|
893285|
893286|
893287|
893312|
893313|
893314|
893315|
893316|
893317|
893318|
893319|
893344|
893345|
893346|
893347|
893348|
893349|
893350|
893351|
893376|
893377|
893378|
893379|
893380|
893381|
893382|
893383|
893408|
893409|
893410|
893411|
893412|
893413|
893414|
893415|
893440|
893441|
893442|
893443|
893444|
893445|
893446|
893447|
893472|
893473|
893474|
893475|
893476|
893477|
893478|
893479|
893504|
893505|
893506|
893507|
893508|
893509|
893510|
893511|
893536|
893537|
893538|
893539|
893540|
893541|
893542|
893543|
893568|
893569|
893570|
893571|
893572|
893573|
893574|
893575|
893600|
893601|
893602|
893603|
893604|
893605|
893606|
893607|
893632|
893633|
893634|
893635|
893636|
893637|
893638|
893639|
893664|
893665|
893666|
893667|
893668|
893669|
893670|
893671|
893696|
893697|
893698|
893699|
893700|
893701|
893702|
893703|
893728|
893729|
893730|
893731|
893732|
893733|
893734|
893735|
893760|
893761|
893762|
893763|
893764|
893765|
893766|
893767|
893792|
893793|
893794|
893795|
893796|
893797|
893798|
893799|
893824|
893825|
893826|
893827|
893828|
893829|
893830|
893831|
893856|
893857|
893858|
893859|
893860|
893861|
893862|
893863|
893888|
893889|
893890|
893891|
893892|
893893|
893894|
893895|
893920|
893921|
893922|
893923|
893924|
893925|
893926|
893927|
893952|
893953|
893954|
893955|
893956|
893957|
893958|
893959|
893984|
893985|
893986|
893987|
893988|
