2784001|
2784002|
2784003|
2784004|
2784005|
2784006|
2784007|
2784032|
2784033|
2784034|
2784035|
2784036|
2784037|
2784038|
2784039|
2784064|
2784065|
2784066|
2784067|
2784068|
2784069|
2784070|
2784071|
2784096|
2784097|
2784098|
2784099|
2784100|
2784101|
2784102|
2784103|
2784128|
2784129|
2784130|
2784131|
2784132|
2784133|
2784134|
2784135|
2784160|
2784161|
2784162|
2784163|
2784164|
2784165|
2784166|
2784167|
2784192|
2784193|
2784194|
2784195|
2784196|
2784197|
2784198|
2784199|
2784224|
2784225|
2784226|
2784227|
2784228|
2784229|
2784230|
2784231|
2784256|
2784257|
2784258|
2784259|
2784260|
2784261|
2784262|
2784263|
2784288|
2784289|
2784290|
2784291|
2784292|
2784293|
2784294|
2784295|
2784320|
2784321|
2784322|
2784323|
2784324|
2784325|
2784326|
2784327|
2784352|
2784353|
2784354|
2784355|
2784356|
2784357|
2784358|
2784359|
2784384|
2784385|
2784386|
2784387|
2784388|
2784389|
2784390|
2784391|
2784416|
2784417|
2784418|
2784419|
2784420|
2784421|
2784422|
2784423|
2784448|
2784449|
2784450|
2784451|
2784452|
2784453|
2784454|
2784455|
2784480|
2784481|
2784482|
2784483|
2784484|
2784485|
2784486|
2784487|
2784512|
2784513|
2784514|
2784515|
2784516|
2784517|
2784518|
2784519|
2784544|
2784545|
2784546|
2784547|
2784548|
2784549|
2784550|
2784551|
2784576|
2784577|
2784578|
2784579|
2784580|
2784581|
2784582|
2784583|
2784608|
2784609|
2784610|
2784611|
2784612|
2784613|
2784614|
2784615|
2784640|
2784641|
2784642|
2784643|
2784644|
2784645|
2784646|
2784647|
2784672|
2784673|
2784674|
2784675|
2784676|
2784677|
2784678|
2784679|
2784704|
2784705|
2784706|
2784707|
2784708|
2784709|
2784710|
2784711|
2784736|
2784737|
2784738|
2784739|
2784740|
2784741|
2784742|
2784743|
2784768|
2784769|
2784770|
2784771|
2784772|
2784773|
2784774|
2784775|
2784800|
2784801|
2784802|
2784803|
2784804|
2784805|
2784806|
2784807|
2784832|
2784833|
2784834|
2784835|
2784836|
2784837|
2784838|
2784839|
2784864|
2784865|
2784866|
2784867|
2784868|
2784869|
2784870|
2784871|
2784896|
2784897|
2784898|
2784899|
2784900|
2784901|
2784902|
2784903|
2784928|
2784929|
2784930|
2784931|
2784932|
2784933|
2784934|
2784935|
2784960|
2784961|
2784962|
2784963|
2784964|
2784965|
2784966|
2784967|
2784992|
2784993|
2784994|
2784995|
2784996|
2784997|
2784998|
2784999|
2785024|
2785025|
2785026|
2785027|
2785028|
2785029|
2785030|
2785031|
2785056|
2785057|
2785058|
2785059|
2785060|
2785061|
2785062|
2785063|
2785088|
2785089|
2785090|
2785091|
2785092|
2785093|
2785094|
2785095|
2785120|
2785121|
2785122|
2785123|
2785124|
2785125|
2785126|
2785127|
2785152|
2785153|
2785154|
2785155|
2785156|
2785157|
2785158|
2785159|
2785184|
2785185|
2785186|
2785187|
2785188|
2785189|
2785190|
2785191|
2785216|
2785217|
2785218|
2785219|
2785220|
2785221|
2785222|
2785223|
2785248|
2785249|
2785250|
2785251|
2785252|
2785253|
2785254|
2785255|
2785280|
2785281|
2785282|
2785283|
2785284|
2785285|
2785286|
2785287|
2785312|
2785313|
2785314|
2785315|
2785316|
2785317|
2785318|
2785319|
2785344|
2785345|
2785346|
2785347|
2785348|
2785349|
2785350|
2785351|
2785376|
2785377|
2785378|
2785379|
2785380|
2785381|
2785382|
2785383|
2785408|
2785409|
2785410|
2785411|
2785412|
2785413|
2785414|
2785415|
2785440|
2785441|
2785442|
2785443|
2785444|
2785445|
2785446|
2785447|
2785472|
2785473|
2785474|
2785475|
2785476|
2785477|
2785478|
2785479|
2785504|
2785505|
2785506|
2785507|
2785508|
2785509|
2785510|
2785511|
2785536|
2785537|
2785538|
2785539|
2785540|
2785541|
2785542|
2785543|
2785568|
2785569|
2785570|
2785571|
2785572|
2785573|
2785574|
2785575|
2785600|
2785601|
2785602|
2785603|
2785604|
2785605|
2785606|
2785607|
2785632|
2785633|
2785634|
2785635|
2785636|
2785637|
2785638|
2785639|
2785664|
2785665|
2785666|
2785667|
2785668|
2785669|
2785670|
2785671|
2785696|
2785697|
2785698|
2785699|
2785700|
2785701|
2785702|
2785703|
2785728|
2785729|
2785730|
2785731|
2785732|
2785733|
2785734|
2785735|
2785760|
2785761|
2785762|
2785763|
2785764|
2785765|
2785766|
2785767|
2785792|
2785793|
2785794|
2785795|
2785796|
2785797|
2785798|
2785799|
2785824|
2785825|
2785826|
2785827|
2785828|
2785829|
2785830|
2785831|
2785856|
2785857|
2785858|
2785859|
2785860|
2785861|
2785862|
2785863|
2785888|
2785889|
2785890|
2785891|
2785892|
2785893|
2785894|
2785895|
2785920|
2785921|
2785922|
2785923|
2785924|
2785925|
2785926|
2785927|
2785952|
2785953|
2785954|
2785955|
2785956|
2785957|
2785958|
2785959|
2785984|
2785985|
2785986|
2785987|
2785988|
2785989|
2785990|
2785991|
2786016|
2786017|
2786018|
2786019|
2786020|
2786021|
2786022|
2786023|
2786048|
2786049|
2786050|
2786051|
2786052|
2786053|
2786054|
2786055|
2786080|
2786081|
2786082|
2786083|
2786084|
2786085|
2786086|
2786087|
2786112|
2786113|
2786114|
2786115|
2786116|
2786117|
2786118|
2786119|
2786144|
2786145|
2786146|
2786147|
2786148|
2786149|
2786150|
2786151|
2786176|
2786177|
2786178|
2786179|
2786180|
2786181|
2786182|
2786183|
2786208|
2786209|
2786210|
2786211|
2786212|
2786213|
2786214|
2786215|
2786240|
2786241|
2786242|
2786243|
2786244|
2786245|
2786246|
2786247|
2786272|
2786273|
2786274|
2786275|
2786276|
2786277|
2786278|
2786279|
2786304|
2786305|
2786306|
2786307|
2786308|
2786309|
2786310|
2786311|
2786336|
2786337|
2786338|
2786339|
2786340|
2786341|
2786342|
2786343|
2786368|
2786369|
2786370|
2786371|
2786372|
2786373|
2786374|
2786375|
2786400|
2786401|
2786402|
2786403|
2786404|
2786405|
2786406|
2786407|
2786432|
2786433|
2786434|
2786435|
2786436|
2786437|
2786438|
2786439|
2786464|
2786465|
2786466|
2786467|
2786468|
2786469|
2786470|
2786471|
2786496|
2786497|
2786498|
2786499|
2786500|
2786501|
2786502|
2786503|
2786528|
2786529|
2786530|
2786531|
2786532|
2786533|
2786534|
2786535|
2786560|
2786561|
2786562|
2786563|
2786564|
2786565|
2786566|
2786567|
2786592|
2786593|
2786594|
2786595|
2786596|
2786597|
2786598|
2786599|
2786624|
2786625|
2786626|
2786627|
2786628|
2786629|
2786630|
2786631|
2786656|
2786657|
2786658|
2786659|
2786660|
2786661|
2786662|
2786663|
2786688|
2786689|
2786690|
2786691|
2786692|
2786693|
2786694|
2786695|
2786720|
2786721|
2786722|
2786723|
2786724|
2786725|
2786726|
2786727|
2786752|
2786753|
2786754|
2786755|
2786756|
2786757|
2786758|
2786759|
2786784|
2786785|
2786786|
2786787|
2786788|
2786789|
2786790|
2786791|
2786816|
2786817|
2786818|
2786819|
2786820|
2786821|
2786822|
2786823|
2786848|
2786849|
2786850|
2786851|
2786852|
2786853|
2786854|
2786855|
2786880|
2786881|
2786882|
2786883|
2786884|
2786885|
2786886|
2786887|
2786912|
2786913|
2786914|
2786915|
2786916|
2786917|
2786918|
2786919|
2786944|
2786945|
2786946|
2786947|
2786948|
2786949|
2786950|
2786951|
2786976|
2786977|
2786978|
2786979|
2786980|
2786981|
2786982|
2786983|
2787008|
2787009|
2787010|
2787011|
2787012|
2787013|
2787014|
2787015|
2787040|
2787041|
2787042|
2787043|
2787044|
2787045|
2787046|
2787047|
2787072|
2787073|
2787074|
2787075|
2787076|
2787077|
2787078|
2787079|
2787104|
2787105|
2787106|
2787107|
2787108|
2787109|
2787110|
2787111|
2787136|
2787137|
2787138|
2787139|
2787140|
2787141|
2787142|
2787143|
2787168|
2787169|
2787170|
2787171|
2787172|
2787173|
2787174|
2787175|
2787200|
2787201|
2787202|
2787203|
2787204|
2787205|
2787206|
2787207|
2787232|
2787233|
2787234|
2787235|
2787236|
2787237|
2787238|
2787239|
2787264|
2787265|
2787266|
2787267|
2787268|
2787269|
2787270|
2787271|
2787296|
2787297|
2787298|
2787299|
2787300|
2787301|
2787302|
2787303|
2787328|
2787329|
2787330|
2787331|
2787332|
2787333|
2787334|
2787335|
2787360|
2787361|
2787362|
2787363|
2787364|
2787365|
2787366|
2787367|
2787392|
2787393|
2787394|
2787395|
2787396|
2787397|
2787398|
2787399|
2787424|
2787425|
2787426|
2787427|
2787428|
2787429|
2787430|
2787431|
2787456|
2787457|
2787458|
2787459|
2787460|
2787461|
2787462|
2787463|
2787488|
2787489|
2787490|
2787491|
2787492|
2787493|
2787494|
2787495|
2787520|
2787521|
2787522|
2787523|
2787524|
2787525|
2787526|
2787527|
2787552|
2787553|
2787554|
2787555|
2787556|
2787557|
2787558|
2787559|
2787584|
2787585|
2787586|
2787587|
2787588|
2787589|
2787590|
2787591|
2787616|
2787617|
2787618|
2787619|
2787620|
2787621|
2787622|
2787623|
2787648|
2787649|
2787650|
2787651|
2787652|
2787653|
2787654|
2787655|
2787680|
2787681|
2787682|
2787683|
2787684|
2787685|
2787686|
2787687|
2787712|
2787713|
2787714|
2787715|
2787716|
2787717|
2787718|
2787719|
2787744|
2787745|
2787746|
2787747|
2787748|
2787749|
2787750|
2787751|
2787776|
2787777|
2787778|
2787779|
2787780|
2787781|
2787782|
2787783|
2787808|
2787809|
2787810|
2787811|
2787812|
2787813|
2787814|
2787815|
2787840|
2787841|
2787842|
2787843|
2787844|
2787845|
2787846|
2787847|
2787872|
2787873|
2787874|
2787875|
2787876|
2787877|
2787878|
2787879|
2787904|
2787905|
2787906|
2787907|
2787908|
2787909|
2787910|
2787911|
2787936|
2787937|
2787938|
2787939|
2787940|
2787941|
2787942|
2787943|
2787968|
2787969|
2787970|
2787971|
2787972|
2787973|
2787974|
2787975|
2788000|
2788001|
2788002|
2788003|
2788004|
2788005|
2788006|
2788007|
2788032|
2788033|
2788034|
2788035|
2788036|
2788037|
2788038|
2788039|
2788064|
2788065|
2788066|
2788067|
2788068|
2788069|
2788070|
2788071|
2788096|
2788097|
2788098|
2788099|
2788100|
2788101|
2788102|
2788103|
2788128|
2788129|
2788130|
2788131|
2788132|
2788133|
2788134|
2788135|
2788160|
2788161|
2788162|
2788163|
2788164|
2788165|
2788166|
2788167|
2788192|
2788193|
2788194|
2788195|
2788196|
2788197|
2788198|
2788199|
2788224|
2788225|
2788226|
2788227|
2788228|
2788229|
2788230|
2788231|
2788256|
2788257|
2788258|
2788259|
2788260|
2788261|
2788262|
2788263|
2788288|
2788289|
2788290|
2788291|
2788292|
2788293|
2788294|
2788295|
2788320|
2788321|
2788322|
2788323|
2788324|
2788325|
2788326|
2788327|
2788352|
2788353|
2788354|
2788355|
2788356|
2788357|
2788358|
2788359|
2788384|
2788385|
2788386|
2788387|
2788388|
2788389|
2788390|
2788391|
2788416|
2788417|
2788418|
2788419|
2788420|
2788421|
2788422|
2788423|
2788448|
2788449|
2788450|
2788451|
2788452|
2788453|
2788454|
2788455|
2788480|
2788481|
2788482|
2788483|
2788484|
2788485|
2788486|
2788487|
2788512|
2788513|
2788514|
2788515|
2788516|
2788517|
2788518|
2788519|
2788544|
2788545|
2788546|
2788547|
2788548|
2788549|
2788550|
2788551|
2788576|
2788577|
2788578|
2788579|
2788580|
2788581|
2788582|
2788583|
2788608|
2788609|
2788610|
2788611|
2788612|
2788613|
2788614|
2788615|
2788640|
2788641|
2788642|
2788643|
2788644|
2788645|
2788646|
2788647|
2788672|
2788673|
2788674|
2788675|
2788676|
2788677|
2788678|
2788679|
2788704|
2788705|
2788706|
2788707|
2788708|
2788709|
2788710|
2788711|
2788736|
2788737|
2788738|
2788739|
2788740|
2788741|
2788742|
2788743|
2788768|
2788769|
2788770|
2788771|
2788772|
2788773|
2788774|
2788775|
2788800|
2788801|
2788802|
2788803|
2788804|
2788805|
2788806|
2788807|
2788832|
2788833|
2788834|
2788835|
2788836|
2788837|
2788838|
2788839|
2788864|
2788865|
2788866|
2788867|
2788868|
2788869|
2788870|
2788871|
2788896|
2788897|
2788898|
2788899|
2788900|
2788901|
2788902|
2788903|
2788928|
2788929|
2788930|
2788931|
2788932|
2788933|
2788934|
2788935|
2788960|
2788961|
2788962|
2788963|
2788964|
2788965|
2788966|
2788967|
2788992|
2788993|
2788994|
2788995|
2788996|
2788997|
2788998|
2788999|
2789024|
2789025|
2789026|
2789027|
2789028|
2789029|
2789030|
2789031|
2789056|
2789057|
2789058|
2789059|
2789060|
2789061|
2789062|
2789063|
2789088|
2789089|
2789090|
2789091|
2789092|
2789093|
2789094|
2789095|
2789120|
2789121|
2789122|
2789123|
2789124|
2789125|
2789126|
2789127|
2789152|
2789153|
2789154|
2789155|
2789156|
2789157|
2789158|
2789159|
2789184|
2789185|
2789186|
2789187|
2789188|
2789189|
2789190|
2789191|
2789216|
2789217|
2789218|
2789219|
2789220|
2789221|
2789222|
2789223|
2789248|
2789249|
2789250|
2789251|
2789252|
2789253|
2789254|
2789255|
2789280|
2789281|
2789282|
2789283|
2789284|
2789285|
2789286|
2789287|
2789312|
2789313|
2789314|
2789315|
2789316|
2789317|
2789318|
2789319|
2789344|
2789345|
2789346|
2789347|
2789348|
2789349|
2789350|
2789351|
2789376|
2789377|
2789378|
2789379|
2789380|
2789381|
2789382|
2789383|
2789408|
2789409|
2789410|
2789411|
2789412|
2789413|
2789414|
2789415|
2789440|
2789441|
2789442|
2789443|
2789444|
2789445|
2789446|
2789447|
2789472|
2789473|
2789474|
2789475|
2789476|
2789477|
2789478|
2789479|
2789504|
2789505|
2789506|
2789507|
2789508|
2789509|
2789510|
2789511|
2789536|
2789537|
2789538|
2789539|
2789540|
2789541|
2789542|
2789543|
2789568|
2789569|
2789570|
2789571|
2789572|
2789573|
2789574|
2789575|
2789600|
2789601|
2789602|
2789603|
2789604|
2789605|
2789606|
2789607|
2789632|
2789633|
2789634|
2789635|
2789636|
2789637|
2789638|
2789639|
2789664|
2789665|
2789666|
2789667|
2789668|
2789669|
2789670|
2789671|
2789696|
2789697|
2789698|
2789699|
2789700|
2789701|
2789702|
2789703|
2789728|
2789729|
2789730|
2789731|
2789732|
2789733|
2789734|
2789735|
2789760|
2789761|
2789762|
2789763|
2789764|
2789765|
2789766|
2789767|
2789792|
2789793|
2789794|
2789795|
2789796|
2789797|
2789798|
2789799|
2789824|
2789825|
2789826|
2789827|
2789828|
2789829|
2789830|
2789831|
2789856|
2789857|
2789858|
2789859|
2789860|
2789861|
2789862|
2789863|
2789888|
2789889|
2789890|
2789891|
2789892|
2789893|
2789894|
2789895|
2789920|
2789921|
2789922|
2789923|
2789924|
2789925|
2789926|
2789927|
2789952|
2789953|
2789954|
2789955|
2789956|
2789957|
2789958|
2789959|
2789984|
2789985|
2789986|
2789987|
2789988|
