132001|
132002|
132003|
132004|
132005|
132006|
132007|
132032|
132033|
132034|
132035|
132036|
132037|
132038|
132039|
132064|
132065|
132066|
132067|
132068|
132069|
132070|
132071|
132096|
132097|
132098|
132099|
132100|
132101|
132102|
132103|
132128|
132129|
132130|
132131|
132132|
132133|
132134|
132135|
132160|
132161|
132162|
132163|
132164|
132165|
132166|
132167|
132192|
132193|
132194|
132195|
132196|
132197|
132198|
132199|
132224|
132225|
132226|
132227|
132228|
132229|
132230|
132231|
132256|
132257|
132258|
132259|
132260|
132261|
132262|
132263|
132288|
132289|
132290|
132291|
132292|
132293|
132294|
132295|
132320|
132321|
132322|
132323|
132324|
132325|
132326|
132327|
132352|
132353|
132354|
132355|
132356|
132357|
132358|
132359|
132384|
132385|
132386|
132387|
132388|
132389|
132390|
132391|
132416|
132417|
132418|
132419|
132420|
132421|
132422|
132423|
132448|
132449|
132450|
132451|
132452|
132453|
132454|
132455|
132480|
132481|
132482|
132483|
132484|
132485|
132486|
132487|
132512|
132513|
132514|
132515|
132516|
132517|
132518|
132519|
132544|
132545|
132546|
132547|
132548|
132549|
132550|
132551|
132576|
132577|
132578|
132579|
132580|
132581|
132582|
132583|
132608|
132609|
132610|
132611|
132612|
132613|
132614|
132615|
132640|
132641|
132642|
132643|
132644|
132645|
132646|
132647|
132672|
132673|
132674|
132675|
132676|
132677|
132678|
132679|
132704|
132705|
132706|
132707|
132708|
132709|
132710|
132711|
132736|
132737|
132738|
132739|
132740|
132741|
132742|
132743|
132768|
132769|
132770|
132771|
132772|
132773|
132774|
132775|
132800|
132801|
132802|
132803|
132804|
132805|
132806|
132807|
132832|
132833|
132834|
132835|
132836|
132837|
132838|
132839|
132864|
132865|
132866|
132867|
132868|
132869|
132870|
132871|
132896|
132897|
132898|
132899|
132900|
132901|
132902|
132903|
132928|
132929|
132930|
132931|
132932|
132933|
132934|
132935|
132960|
132961|
132962|
132963|
132964|
132965|
132966|
132967|
132992|
132993|
132994|
132995|
132996|
132997|
132998|
132999|
133024|
133025|
133026|
133027|
133028|
133029|
133030|
133031|
133056|
133057|
133058|
133059|
133060|
133061|
133062|
133063|
133088|
133089|
133090|
133091|
133092|
133093|
133094|
133095|
133120|
133121|
133122|
133123|
133124|
133125|
133126|
133127|
133152|
133153|
133154|
133155|
133156|
133157|
133158|
133159|
133184|
133185|
133186|
133187|
133188|
133189|
133190|
133191|
133216|
133217|
133218|
133219|
133220|
133221|
133222|
133223|
133248|
133249|
133250|
133251|
133252|
133253|
133254|
133255|
133280|
133281|
133282|
133283|
133284|
133285|
133286|
133287|
133312|
133313|
133314|
133315|
133316|
133317|
133318|
133319|
133344|
133345|
133346|
133347|
133348|
133349|
133350|
133351|
133376|
133377|
133378|
133379|
133380|
133381|
133382|
133383|
133408|
133409|
133410|
133411|
133412|
133413|
133414|
133415|
133440|
133441|
133442|
133443|
133444|
133445|
133446|
133447|
133472|
133473|
133474|
133475|
133476|
133477|
133478|
133479|
133504|
133505|
133506|
133507|
133508|
133509|
133510|
133511|
133536|
133537|
133538|
133539|
133540|
133541|
133542|
133543|
133568|
133569|
133570|
133571|
133572|
133573|
133574|
133575|
133600|
133601|
133602|
133603|
133604|
133605|
133606|
133607|
133632|
133633|
133634|
133635|
133636|
133637|
133638|
133639|
133664|
133665|
133666|
133667|
133668|
133669|
133670|
133671|
133696|
133697|
133698|
133699|
133700|
133701|
133702|
133703|
133728|
133729|
133730|
133731|
133732|
133733|
133734|
133735|
133760|
133761|
133762|
133763|
133764|
133765|
133766|
133767|
133792|
133793|
133794|
133795|
133796|
133797|
133798|
133799|
133824|
133825|
133826|
133827|
133828|
133829|
133830|
133831|
133856|
133857|
133858|
133859|
133860|
133861|
133862|
133863|
133888|
133889|
133890|
133891|
133892|
133893|
133894|
133895|
133920|
133921|
133922|
133923|
133924|
133925|
133926|
133927|
133952|
133953|
133954|
133955|
133956|
133957|
133958|
133959|
133984|
133985|
133986|
133987|
133988|
133989|
133990|
133991|
134016|
134017|
134018|
134019|
134020|
134021|
134022|
134023|
134048|
134049|
134050|
134051|
134052|
134053|
134054|
134055|
134080|
134081|
134082|
134083|
134084|
134085|
134086|
134087|
134112|
134113|
134114|
134115|
134116|
134117|
134118|
134119|
134144|
134145|
134146|
134147|
134148|
134149|
134150|
134151|
134176|
134177|
134178|
134179|
134180|
134181|
134182|
134183|
134208|
134209|
134210|
134211|
134212|
134213|
134214|
134215|
134240|
134241|
134242|
134243|
134244|
134245|
134246|
134247|
134272|
134273|
134274|
134275|
134276|
134277|
134278|
134279|
134304|
134305|
134306|
134307|
134308|
134309|
134310|
134311|
134336|
134337|
134338|
134339|
134340|
134341|
134342|
134343|
134368|
134369|
134370|
134371|
134372|
134373|
134374|
134375|
134400|
134401|
134402|
134403|
134404|
134405|
134406|
134407|
134432|
134433|
134434|
134435|
134436|
134437|
134438|
134439|
134464|
134465|
134466|
134467|
134468|
134469|
134470|
134471|
134496|
134497|
134498|
134499|
134500|
134501|
134502|
134503|
134528|
134529|
134530|
134531|
134532|
134533|
134534|
134535|
134560|
134561|
134562|
134563|
134564|
134565|
134566|
134567|
134592|
134593|
134594|
134595|
134596|
134597|
134598|
134599|
134624|
134625|
134626|
134627|
134628|
134629|
134630|
134631|
134656|
134657|
134658|
134659|
134660|
134661|
134662|
134663|
134688|
134689|
134690|
134691|
134692|
134693|
134694|
134695|
134720|
134721|
134722|
134723|
134724|
134725|
134726|
134727|
134752|
134753|
134754|
134755|
134756|
134757|
134758|
134759|
134784|
134785|
134786|
134787|
134788|
134789|
134790|
134791|
134816|
134817|
134818|
134819|
134820|
134821|
134822|
134823|
134848|
134849|
134850|
134851|
134852|
134853|
134854|
134855|
134880|
134881|
134882|
134883|
134884|
134885|
134886|
134887|
134912|
134913|
134914|
134915|
134916|
134917|
134918|
134919|
134944|
134945|
134946|
134947|
134948|
134949|
134950|
134951|
134976|
134977|
134978|
134979|
134980|
134981|
134982|
134983|
135008|
135009|
135010|
135011|
135012|
135013|
135014|
135015|
135040|
135041|
135042|
135043|
135044|
135045|
135046|
135047|
135072|
135073|
135074|
135075|
135076|
135077|
135078|
135079|
135104|
135105|
135106|
135107|
135108|
135109|
135110|
135111|
135136|
135137|
135138|
135139|
135140|
135141|
135142|
135143|
135168|
135169|
135170|
135171|
135172|
135173|
135174|
135175|
135200|
135201|
135202|
135203|
135204|
135205|
135206|
135207|
135232|
135233|
135234|
135235|
135236|
135237|
135238|
135239|
135264|
135265|
135266|
135267|
135268|
135269|
135270|
135271|
135296|
135297|
135298|
135299|
135300|
135301|
135302|
135303|
135328|
135329|
135330|
135331|
135332|
135333|
135334|
135335|
135360|
135361|
135362|
135363|
135364|
135365|
135366|
135367|
135392|
135393|
135394|
135395|
135396|
135397|
135398|
135399|
135424|
135425|
135426|
135427|
135428|
135429|
135430|
135431|
135456|
135457|
135458|
135459|
135460|
135461|
135462|
135463|
135488|
135489|
135490|
135491|
135492|
135493|
135494|
135495|
135520|
135521|
135522|
135523|
135524|
135525|
135526|
135527|
135552|
135553|
135554|
135555|
135556|
135557|
135558|
135559|
135584|
135585|
135586|
135587|
135588|
135589|
135590|
135591|
135616|
135617|
135618|
135619|
135620|
135621|
135622|
135623|
135648|
135649|
135650|
135651|
135652|
135653|
135654|
135655|
135680|
135681|
135682|
135683|
135684|
135685|
135686|
135687|
135712|
135713|
135714|
135715|
135716|
135717|
135718|
135719|
135744|
135745|
135746|
135747|
135748|
135749|
135750|
135751|
135776|
135777|
135778|
135779|
135780|
135781|
135782|
135783|
135808|
135809|
135810|
135811|
135812|
135813|
135814|
135815|
135840|
135841|
135842|
135843|
135844|
135845|
135846|
135847|
135872|
135873|
135874|
135875|
135876|
135877|
135878|
135879|
135904|
135905|
135906|
135907|
135908|
135909|
135910|
135911|
135936|
135937|
135938|
135939|
135940|
135941|
135942|
135943|
135968|
135969|
135970|
135971|
135972|
135973|
135974|
135975|
136000|
136001|
136002|
136003|
136004|
136005|
136006|
136007|
136032|
136033|
136034|
136035|
136036|
136037|
136038|
136039|
136064|
136065|
136066|
136067|
136068|
136069|
136070|
136071|
136096|
136097|
136098|
136099|
136100|
136101|
136102|
136103|
136128|
136129|
136130|
136131|
136132|
136133|
136134|
136135|
136160|
136161|
136162|
136163|
136164|
136165|
136166|
136167|
136192|
136193|
136194|
136195|
136196|
136197|
136198|
136199|
136224|
136225|
136226|
136227|
136228|
136229|
136230|
136231|
136256|
136257|
136258|
136259|
136260|
136261|
136262|
136263|
136288|
136289|
136290|
136291|
136292|
136293|
136294|
136295|
136320|
136321|
136322|
136323|
136324|
136325|
136326|
136327|
136352|
136353|
136354|
136355|
136356|
136357|
136358|
136359|
136384|
136385|
136386|
136387|
136388|
136389|
136390|
136391|
136416|
136417|
136418|
136419|
136420|
136421|
136422|
136423|
136448|
136449|
136450|
136451|
136452|
136453|
136454|
136455|
136480|
136481|
136482|
136483|
136484|
136485|
136486|
136487|
136512|
136513|
136514|
136515|
136516|
136517|
136518|
136519|
136544|
136545|
136546|
136547|
136548|
136549|
136550|
136551|
136576|
136577|
136578|
136579|
136580|
136581|
136582|
136583|
136608|
136609|
136610|
136611|
136612|
136613|
136614|
136615|
136640|
136641|
136642|
136643|
136644|
136645|
136646|
136647|
136672|
136673|
136674|
136675|
136676|
136677|
136678|
136679|
136704|
136705|
136706|
136707|
136708|
136709|
136710|
136711|
136736|
136737|
136738|
136739|
136740|
136741|
136742|
136743|
136768|
136769|
136770|
136771|
136772|
136773|
136774|
136775|
136800|
136801|
136802|
136803|
136804|
136805|
136806|
136807|
136832|
136833|
136834|
136835|
136836|
136837|
136838|
136839|
136864|
136865|
136866|
136867|
136868|
136869|
136870|
136871|
136896|
136897|
136898|
136899|
136900|
136901|
136902|
136903|
136928|
136929|
136930|
136931|
136932|
136933|
136934|
136935|
136960|
136961|
136962|
136963|
136964|
136965|
136966|
136967|
136992|
136993|
136994|
136995|
136996|
136997|
136998|
136999|
137024|
137025|
137026|
137027|
137028|
137029|
137030|
137031|
137056|
137057|
137058|
137059|
137060|
137061|
137062|
137063|
137088|
137089|
137090|
137091|
137092|
137093|
137094|
137095|
137120|
137121|
137122|
137123|
137124|
137125|
137126|
137127|
137152|
137153|
137154|
137155|
137156|
137157|
137158|
137159|
137184|
137185|
137186|
137187|
137188|
137189|
137190|
137191|
137216|
137217|
137218|
137219|
137220|
137221|
137222|
137223|
137248|
137249|
137250|
137251|
137252|
137253|
137254|
137255|
137280|
137281|
137282|
137283|
137284|
137285|
137286|
137287|
137312|
137313|
137314|
137315|
137316|
137317|
137318|
137319|
137344|
137345|
137346|
137347|
137348|
137349|
137350|
137351|
137376|
137377|
137378|
137379|
137380|
137381|
137382|
137383|
137408|
137409|
137410|
137411|
137412|
137413|
137414|
137415|
137440|
137441|
137442|
137443|
137444|
137445|
137446|
137447|
137472|
137473|
137474|
137475|
137476|
137477|
137478|
137479|
137504|
137505|
137506|
137507|
137508|
137509|
137510|
137511|
137536|
137537|
137538|
137539|
137540|
137541|
137542|
137543|
137568|
137569|
137570|
137571|
137572|
137573|
137574|
137575|
137600|
137601|
137602|
137603|
137604|
137605|
137606|
137607|
137632|
137633|
137634|
137635|
137636|
137637|
137638|
137639|
137664|
137665|
137666|
137667|
137668|
137669|
137670|
137671|
137696|
137697|
137698|
137699|
137700|
137701|
137702|
137703|
137728|
137729|
137730|
137731|
137732|
137733|
137734|
137735|
137760|
137761|
137762|
137763|
137764|
137765|
137766|
137767|
137792|
137793|
137794|
137795|
137796|
137797|
137798|
137799|
137824|
137825|
137826|
137827|
137828|
137829|
137830|
137831|
137856|
137857|
137858|
137859|
137860|
137861|
137862|
137863|
137888|
137889|
137890|
137891|
137892|
137893|
137894|
137895|
137920|
137921|
137922|
137923|
137924|
137925|
137926|
137927|
137952|
137953|
137954|
137955|
137956|
137957|
137958|
137959|
137984|
137985|
137986|
137987|
137988|
