2976001|
2976002|
2976003|
2976004|
2976005|
2976006|
2976007|
2976032|
2976033|
2976034|
2976035|
2976036|
2976037|
2976038|
2976039|
2976064|
2976065|
2976066|
2976067|
2976068|
2976069|
2976070|
2976071|
2976096|
2976097|
2976098|
2976099|
2976100|
2976101|
2976102|
2976103|
2976128|
2976129|
2976130|
2976131|
2976132|
2976133|
2976134|
2976135|
2976160|
2976161|
2976162|
2976163|
2976164|
2976165|
2976166|
2976167|
2976192|
2976193|
2976194|
2976195|
2976196|
2976197|
2976198|
2976199|
2976224|
2976225|
2976226|
2976227|
2976228|
2976229|
2976230|
2976231|
2976256|
2976257|
2976258|
2976259|
2976260|
2976261|
2976262|
2976263|
2976288|
2976289|
2976290|
2976291|
2976292|
2976293|
2976294|
2976295|
2976320|
2976321|
2976322|
2976323|
2976324|
2976325|
2976326|
2976327|
2976352|
2976353|
2976354|
2976355|
2976356|
2976357|
2976358|
2976359|
2976384|
2976385|
2976386|
2976387|
2976388|
2976389|
2976390|
2976391|
2976416|
2976417|
2976418|
2976419|
2976420|
2976421|
2976422|
2976423|
2976448|
2976449|
2976450|
2976451|
2976452|
2976453|
2976454|
2976455|
2976480|
2976481|
2976482|
2976483|
2976484|
2976485|
2976486|
2976487|
2976512|
2976513|
2976514|
2976515|
2976516|
2976517|
2976518|
2976519|
2976544|
2976545|
2976546|
2976547|
2976548|
2976549|
2976550|
2976551|
2976576|
2976577|
2976578|
2976579|
2976580|
2976581|
2976582|
2976583|
2976608|
2976609|
2976610|
2976611|
2976612|
2976613|
2976614|
2976615|
2976640|
2976641|
2976642|
2976643|
2976644|
2976645|
2976646|
2976647|
2976672|
2976673|
2976674|
2976675|
2976676|
2976677|
2976678|
2976679|
2976704|
2976705|
2976706|
2976707|
2976708|
2976709|
2976710|
2976711|
2976736|
2976737|
2976738|
2976739|
2976740|
2976741|
2976742|
2976743|
2976768|
2976769|
2976770|
2976771|
2976772|
2976773|
2976774|
2976775|
2976800|
2976801|
2976802|
2976803|
2976804|
2976805|
2976806|
2976807|
2976832|
2976833|
2976834|
2976835|
2976836|
2976837|
2976838|
2976839|
2976864|
2976865|
2976866|
2976867|
2976868|
2976869|
2976870|
2976871|
2976896|
2976897|
2976898|
2976899|
2976900|
2976901|
2976902|
2976903|
2976928|
2976929|
2976930|
2976931|
2976932|
2976933|
2976934|
2976935|
2976960|
2976961|
2976962|
2976963|
2976964|
2976965|
2976966|
2976967|
2976992|
2976993|
2976994|
2976995|
2976996|
2976997|
2976998|
2976999|
2977024|
2977025|
2977026|
2977027|
2977028|
2977029|
2977030|
2977031|
2977056|
2977057|
2977058|
2977059|
2977060|
2977061|
2977062|
2977063|
2977088|
2977089|
2977090|
2977091|
2977092|
2977093|
2977094|
2977095|
2977120|
2977121|
2977122|
2977123|
2977124|
2977125|
2977126|
2977127|
2977152|
2977153|
2977154|
2977155|
2977156|
2977157|
2977158|
2977159|
2977184|
2977185|
2977186|
2977187|
2977188|
2977189|
2977190|
2977191|
2977216|
2977217|
2977218|
2977219|
2977220|
2977221|
2977222|
2977223|
2977248|
2977249|
2977250|
2977251|
2977252|
2977253|
2977254|
2977255|
2977280|
2977281|
2977282|
2977283|
2977284|
2977285|
2977286|
2977287|
2977312|
2977313|
2977314|
2977315|
2977316|
2977317|
2977318|
2977319|
2977344|
2977345|
2977346|
2977347|
2977348|
2977349|
2977350|
2977351|
2977376|
2977377|
2977378|
2977379|
2977380|
2977381|
2977382|
2977383|
2977408|
2977409|
2977410|
2977411|
2977412|
2977413|
2977414|
2977415|
2977440|
2977441|
2977442|
2977443|
2977444|
2977445|
2977446|
2977447|
2977472|
2977473|
2977474|
2977475|
2977476|
2977477|
2977478|
2977479|
2977504|
2977505|
2977506|
2977507|
2977508|
2977509|
2977510|
2977511|
2977536|
2977537|
2977538|
2977539|
2977540|
2977541|
2977542|
2977543|
2977568|
2977569|
2977570|
2977571|
2977572|
2977573|
2977574|
2977575|
2977600|
2977601|
2977602|
2977603|
2977604|
2977605|
2977606|
2977607|
2977632|
2977633|
2977634|
2977635|
2977636|
2977637|
2977638|
2977639|
2977664|
2977665|
2977666|
2977667|
2977668|
2977669|
2977670|
2977671|
2977696|
2977697|
2977698|
2977699|
2977700|
2977701|
2977702|
2977703|
2977728|
2977729|
2977730|
2977731|
2977732|
2977733|
2977734|
2977735|
2977760|
2977761|
2977762|
2977763|
2977764|
2977765|
2977766|
2977767|
2977792|
2977793|
2977794|
2977795|
2977796|
2977797|
2977798|
2977799|
2977824|
2977825|
2977826|
2977827|
2977828|
2977829|
2977830|
2977831|
2977856|
2977857|
2977858|
2977859|
2977860|
2977861|
2977862|
2977863|
2977888|
2977889|
2977890|
2977891|
2977892|
2977893|
2977894|
2977895|
2977920|
2977921|
2977922|
2977923|
2977924|
2977925|
2977926|
2977927|
2977952|
2977953|
2977954|
2977955|
2977956|
2977957|
2977958|
2977959|
2977984|
2977985|
2977986|
2977987|
2977988|
2977989|
2977990|
2977991|
2978016|
2978017|
2978018|
2978019|
2978020|
2978021|
2978022|
2978023|
2978048|
2978049|
2978050|
2978051|
2978052|
2978053|
2978054|
2978055|
2978080|
2978081|
2978082|
2978083|
2978084|
2978085|
2978086|
2978087|
2978112|
2978113|
2978114|
2978115|
2978116|
2978117|
2978118|
2978119|
2978144|
2978145|
2978146|
2978147|
2978148|
2978149|
2978150|
2978151|
2978176|
2978177|
2978178|
2978179|
2978180|
2978181|
2978182|
2978183|
2978208|
2978209|
2978210|
2978211|
2978212|
2978213|
2978214|
2978215|
2978240|
2978241|
2978242|
2978243|
2978244|
2978245|
2978246|
2978247|
2978272|
2978273|
2978274|
2978275|
2978276|
2978277|
2978278|
2978279|
2978304|
2978305|
2978306|
2978307|
2978308|
2978309|
2978310|
2978311|
2978336|
2978337|
2978338|
2978339|
2978340|
2978341|
2978342|
2978343|
2978368|
2978369|
2978370|
2978371|
2978372|
2978373|
2978374|
2978375|
2978400|
2978401|
2978402|
2978403|
2978404|
2978405|
2978406|
2978407|
2978432|
2978433|
2978434|
2978435|
2978436|
2978437|
2978438|
2978439|
2978464|
2978465|
2978466|
2978467|
2978468|
2978469|
2978470|
2978471|
2978496|
2978497|
2978498|
2978499|
2978500|
2978501|
2978502|
2978503|
2978528|
2978529|
2978530|
2978531|
2978532|
2978533|
2978534|
2978535|
2978560|
2978561|
2978562|
2978563|
2978564|
2978565|
2978566|
2978567|
2978592|
2978593|
2978594|
2978595|
2978596|
2978597|
2978598|
2978599|
2978624|
2978625|
2978626|
2978627|
2978628|
2978629|
2978630|
2978631|
2978656|
2978657|
2978658|
2978659|
2978660|
2978661|
2978662|
2978663|
2978688|
2978689|
2978690|
2978691|
2978692|
2978693|
2978694|
2978695|
2978720|
2978721|
2978722|
2978723|
2978724|
2978725|
2978726|
2978727|
2978752|
2978753|
2978754|
2978755|
2978756|
2978757|
2978758|
2978759|
2978784|
2978785|
2978786|
2978787|
2978788|
2978789|
2978790|
2978791|
2978816|
2978817|
2978818|
2978819|
2978820|
2978821|
2978822|
2978823|
2978848|
2978849|
2978850|
2978851|
2978852|
2978853|
2978854|
2978855|
2978880|
2978881|
2978882|
2978883|
2978884|
2978885|
2978886|
2978887|
2978912|
2978913|
2978914|
2978915|
2978916|
2978917|
2978918|
2978919|
2978944|
2978945|
2978946|
2978947|
2978948|
2978949|
2978950|
2978951|
2978976|
2978977|
2978978|
2978979|
2978980|
2978981|
2978982|
2978983|
2979008|
2979009|
2979010|
2979011|
2979012|
2979013|
2979014|
2979015|
2979040|
2979041|
2979042|
2979043|
2979044|
2979045|
2979046|
2979047|
2979072|
2979073|
2979074|
2979075|
2979076|
2979077|
2979078|
2979079|
2979104|
2979105|
2979106|
2979107|
2979108|
2979109|
2979110|
2979111|
2979136|
2979137|
2979138|
2979139|
2979140|
2979141|
2979142|
2979143|
2979168|
2979169|
2979170|
2979171|
2979172|
2979173|
2979174|
2979175|
2979200|
2979201|
2979202|
2979203|
2979204|
2979205|
2979206|
2979207|
2979232|
2979233|
2979234|
2979235|
2979236|
2979237|
2979238|
2979239|
2979264|
2979265|
2979266|
2979267|
2979268|
2979269|
2979270|
2979271|
2979296|
2979297|
2979298|
2979299|
2979300|
2979301|
2979302|
2979303|
2979328|
2979329|
2979330|
2979331|
2979332|
2979333|
2979334|
2979335|
2979360|
2979361|
2979362|
2979363|
2979364|
2979365|
2979366|
2979367|
2979392|
2979393|
2979394|
2979395|
2979396|
2979397|
2979398|
2979399|
2979424|
2979425|
2979426|
2979427|
2979428|
2979429|
2979430|
2979431|
2979456|
2979457|
2979458|
2979459|
2979460|
2979461|
2979462|
2979463|
2979488|
2979489|
2979490|
2979491|
2979492|
2979493|
2979494|
2979495|
2979520|
2979521|
2979522|
2979523|
2979524|
2979525|
2979526|
2979527|
2979552|
2979553|
2979554|
2979555|
2979556|
2979557|
2979558|
2979559|
2979584|
2979585|
2979586|
2979587|
2979588|
2979589|
2979590|
2979591|
2979616|
2979617|
2979618|
2979619|
2979620|
2979621|
2979622|
2979623|
2979648|
2979649|
2979650|
2979651|
2979652|
2979653|
2979654|
2979655|
2979680|
2979681|
2979682|
2979683|
2979684|
2979685|
2979686|
2979687|
2979712|
2979713|
2979714|
2979715|
2979716|
2979717|
2979718|
2979719|
2979744|
2979745|
2979746|
2979747|
2979748|
2979749|
2979750|
2979751|
2979776|
2979777|
2979778|
2979779|
2979780|
2979781|
2979782|
2979783|
2979808|
2979809|
2979810|
2979811|
2979812|
2979813|
2979814|
2979815|
2979840|
2979841|
2979842|
2979843|
2979844|
2979845|
2979846|
2979847|
2979872|
2979873|
2979874|
2979875|
2979876|
2979877|
2979878|
2979879|
2979904|
2979905|
2979906|
2979907|
2979908|
2979909|
2979910|
2979911|
2979936|
2979937|
2979938|
2979939|
2979940|
2979941|
2979942|
2979943|
2979968|
2979969|
2979970|
2979971|
2979972|
2979973|
2979974|
2979975|
2980000|
2980001|
2980002|
2980003|
2980004|
2980005|
2980006|
2980007|
2980032|
2980033|
2980034|
2980035|
2980036|
2980037|
2980038|
2980039|
2980064|
2980065|
2980066|
2980067|
2980068|
2980069|
2980070|
2980071|
2980096|
2980097|
2980098|
2980099|
2980100|
2980101|
2980102|
2980103|
2980128|
2980129|
2980130|
2980131|
2980132|
2980133|
2980134|
2980135|
2980160|
2980161|
2980162|
2980163|
2980164|
2980165|
2980166|
2980167|
2980192|
2980193|
2980194|
2980195|
2980196|
2980197|
2980198|
2980199|
2980224|
2980225|
2980226|
2980227|
2980228|
2980229|
2980230|
2980231|
2980256|
2980257|
2980258|
2980259|
2980260|
2980261|
2980262|
2980263|
2980288|
2980289|
2980290|
2980291|
2980292|
2980293|
2980294|
2980295|
2980320|
2980321|
2980322|
2980323|
2980324|
2980325|
2980326|
2980327|
2980352|
2980353|
2980354|
2980355|
2980356|
2980357|
2980358|
2980359|
2980384|
2980385|
2980386|
2980387|
2980388|
2980389|
2980390|
2980391|
2980416|
2980417|
2980418|
2980419|
2980420|
2980421|
2980422|
2980423|
2980448|
2980449|
2980450|
2980451|
2980452|
2980453|
2980454|
2980455|
2980480|
2980481|
2980482|
2980483|
2980484|
2980485|
2980486|
2980487|
2980512|
2980513|
2980514|
2980515|
2980516|
2980517|
2980518|
2980519|
2980544|
2980545|
2980546|
2980547|
2980548|
2980549|
2980550|
2980551|
2980576|
2980577|
2980578|
2980579|
2980580|
2980581|
2980582|
2980583|
2980608|
2980609|
2980610|
2980611|
2980612|
2980613|
2980614|
2980615|
2980640|
2980641|
2980642|
2980643|
2980644|
2980645|
2980646|
2980647|
2980672|
2980673|
2980674|
2980675|
2980676|
2980677|
2980678|
2980679|
2980704|
2980705|
2980706|
2980707|
2980708|
2980709|
2980710|
2980711|
2980736|
2980737|
2980738|
2980739|
2980740|
2980741|
2980742|
2980743|
2980768|
2980769|
2980770|
2980771|
2980772|
2980773|
2980774|
2980775|
2980800|
2980801|
2980802|
2980803|
2980804|
2980805|
2980806|
2980807|
2980832|
2980833|
2980834|
2980835|
2980836|
2980837|
2980838|
2980839|
2980864|
2980865|
2980866|
2980867|
2980868|
2980869|
2980870|
2980871|
2980896|
2980897|
2980898|
2980899|
2980900|
2980901|
2980902|
2980903|
2980928|
2980929|
2980930|
2980931|
2980932|
2980933|
2980934|
2980935|
2980960|
2980961|
2980962|
2980963|
2980964|
2980965|
2980966|
2980967|
2980992|
2980993|
2980994|
2980995|
2980996|
2980997|
2980998|
2980999|
2981024|
2981025|
2981026|
2981027|
2981028|
2981029|
2981030|
2981031|
2981056|
2981057|
2981058|
2981059|
2981060|
2981061|
2981062|
2981063|
2981088|
2981089|
2981090|
2981091|
2981092|
2981093|
2981094|
2981095|
2981120|
2981121|
2981122|
2981123|
2981124|
2981125|
2981126|
2981127|
2981152|
2981153|
2981154|
2981155|
2981156|
2981157|
2981158|
2981159|
2981184|
2981185|
2981186|
2981187|
2981188|
2981189|
2981190|
2981191|
2981216|
2981217|
2981218|
2981219|
2981220|
2981221|
2981222|
2981223|
2981248|
2981249|
2981250|
2981251|
2981252|
2981253|
2981254|
2981255|
2981280|
2981281|
2981282|
2981283|
2981284|
2981285|
2981286|
2981287|
2981312|
2981313|
2981314|
2981315|
2981316|
2981317|
2981318|
2981319|
2981344|
2981345|
2981346|
2981347|
2981348|
2981349|
2981350|
2981351|
2981376|
2981377|
2981378|
2981379|
2981380|
2981381|
2981382|
2981383|
2981408|
2981409|
2981410|
2981411|
2981412|
2981413|
2981414|
2981415|
2981440|
2981441|
2981442|
2981443|
2981444|
2981445|
2981446|
2981447|
2981472|
2981473|
2981474|
2981475|
2981476|
2981477|
2981478|
2981479|
2981504|
2981505|
2981506|
2981507|
2981508|
2981509|
2981510|
2981511|
2981536|
2981537|
2981538|
2981539|
2981540|
2981541|
2981542|
2981543|
2981568|
2981569|
2981570|
2981571|
2981572|
2981573|
2981574|
2981575|
2981600|
2981601|
2981602|
2981603|
2981604|
2981605|
2981606|
2981607|
2981632|
2981633|
2981634|
2981635|
2981636|
2981637|
2981638|
2981639|
2981664|
2981665|
2981666|
2981667|
2981668|
2981669|
2981670|
2981671|
2981696|
2981697|
2981698|
2981699|
2981700|
2981701|
2981702|
2981703|
2981728|
2981729|
2981730|
2981731|
2981732|
2981733|
2981734|
2981735|
2981760|
2981761|
2981762|
2981763|
2981764|
2981765|
2981766|
2981767|
2981792|
2981793|
2981794|
2981795|
2981796|
2981797|
2981798|
2981799|
2981824|
2981825|
2981826|
2981827|
2981828|
2981829|
2981830|
2981831|
2981856|
2981857|
2981858|
2981859|
2981860|
2981861|
2981862|
2981863|
2981888|
2981889|
2981890|
2981891|
2981892|
2981893|
2981894|
2981895|
2981920|
2981921|
2981922|
2981923|
2981924|
2981925|
2981926|
2981927|
2981952|
2981953|
2981954|
2981955|
2981956|
2981957|
2981958|
2981959|
2981984|
2981985|
2981986|
2981987|
2981988|
