1541989|
1541990|
1541991|
1542016|
1542017|
1542018|
1542019|
1542020|
1542021|
1542022|
1542023|
1542048|
1542049|
1542050|
1542051|
1542052|
1542053|
1542054|
1542055|
1542080|
1542081|
1542082|
1542083|
1542084|
1542085|
1542086|
1542087|
1542112|
1542113|
1542114|
1542115|
1542116|
1542117|
1542118|
1542119|
1542144|
1542145|
1542146|
1542147|
1542148|
1542149|
1542150|
1542151|
1542176|
1542177|
1542178|
1542179|
1542180|
1542181|
1542182|
1542183|
1542208|
1542209|
1542210|
1542211|
1542212|
1542213|
1542214|
1542215|
1542240|
1542241|
1542242|
1542243|
1542244|
1542245|
1542246|
1542247|
1542272|
1542273|
1542274|
1542275|
1542276|
1542277|
1542278|
1542279|
1542304|
1542305|
1542306|
1542307|
1542308|
1542309|
1542310|
1542311|
1542336|
1542337|
1542338|
1542339|
1542340|
1542341|
1542342|
1542343|
1542368|
1542369|
1542370|
1542371|
1542372|
1542373|
1542374|
1542375|
1542400|
1542401|
1542402|
1542403|
1542404|
1542405|
1542406|
1542407|
1542432|
1542433|
1542434|
1542435|
1542436|
1542437|
1542438|
1542439|
1542464|
1542465|
1542466|
1542467|
1542468|
1542469|
1542470|
1542471|
1542496|
1542497|
1542498|
1542499|
1542500|
1542501|
1542502|
1542503|
1542528|
1542529|
1542530|
1542531|
1542532|
1542533|
1542534|
1542535|
1542560|
1542561|
1542562|
1542563|
1542564|
1542565|
1542566|
1542567|
1542592|
1542593|
1542594|
1542595|
1542596|
1542597|
1542598|
1542599|
1542624|
1542625|
1542626|
1542627|
1542628|
1542629|
1542630|
1542631|
1542656|
1542657|
1542658|
1542659|
1542660|
1542661|
1542662|
1542663|
1542688|
1542689|
1542690|
1542691|
1542692|
1542693|
1542694|
1542695|
1542720|
1542721|
1542722|
1542723|
1542724|
1542725|
1542726|
1542727|
1542752|
1542753|
1542754|
1542755|
1542756|
1542757|
1542758|
1542759|
1542784|
1542785|
1542786|
1542787|
1542788|
1542789|
1542790|
1542791|
1542816|
1542817|
1542818|
1542819|
1542820|
1542821|
1542822|
1542823|
1542848|
1542849|
1542850|
1542851|
1542852|
1542853|
1542854|
1542855|
1542880|
1542881|
1542882|
1542883|
1542884|
1542885|
1542886|
1542887|
1542912|
1542913|
1542914|
1542915|
1542916|
1542917|
1542918|
1542919|
1542944|
1542945|
1542946|
1542947|
1542948|
1542949|
1542950|
1542951|
1542976|
1542977|
1542978|
1542979|
1542980|
1542981|
1542982|
1542983|
1543008|
1543009|
1543010|
1543011|
1543012|
1543013|
1543014|
1543015|
1543040|
1543041|
1543042|
1543043|
1543044|
1543045|
1543046|
1543047|
1543072|
1543073|
1543074|
1543075|
1543076|
1543077|
1543078|
1543079|
1543104|
1543105|
1543106|
1543107|
1543108|
1543109|
1543110|
1543111|
1543136|
1543137|
1543138|
1543139|
1543140|
1543141|
1543142|
1543143|
1543168|
1543169|
1543170|
1543171|
1543172|
1543173|
1543174|
1543175|
1543200|
1543201|
1543202|
1543203|
1543204|
1543205|
1543206|
1543207|
1543232|
1543233|
1543234|
1543235|
1543236|
1543237|
1543238|
1543239|
1543264|
1543265|
1543266|
1543267|
1543268|
1543269|
1543270|
1543271|
1543296|
1543297|
1543298|
1543299|
1543300|
1543301|
1543302|
1543303|
1543328|
1543329|
1543330|
1543331|
1543332|
1543333|
1543334|
1543335|
1543360|
1543361|
1543362|
1543363|
1543364|
1543365|
1543366|
1543367|
1543392|
1543393|
1543394|
1543395|
1543396|
1543397|
1543398|
1543399|
1543424|
1543425|
1543426|
1543427|
1543428|
1543429|
1543430|
1543431|
1543456|
1543457|
1543458|
1543459|
1543460|
1543461|
1543462|
1543463|
1543488|
1543489|
1543490|
1543491|
1543492|
1543493|
1543494|
1543495|
1543520|
1543521|
1543522|
1543523|
1543524|
1543525|
1543526|
1543527|
1543552|
1543553|
1543554|
1543555|
1543556|
1543557|
1543558|
1543559|
1543584|
1543585|
1543586|
1543587|
1543588|
1543589|
1543590|
1543591|
1543616|
1543617|
1543618|
1543619|
1543620|
1543621|
1543622|
1543623|
1543648|
1543649|
1543650|
1543651|
1543652|
1543653|
1543654|
1543655|
1543680|
1543681|
1543682|
1543683|
1543684|
1543685|
1543686|
1543687|
1543712|
1543713|
1543714|
1543715|
1543716|
1543717|
1543718|
1543719|
1543744|
1543745|
1543746|
1543747|
1543748|
1543749|
1543750|
1543751|
1543776|
1543777|
1543778|
1543779|
1543780|
1543781|
1543782|
1543783|
1543808|
1543809|
1543810|
1543811|
1543812|
1543813|
1543814|
1543815|
1543840|
1543841|
1543842|
1543843|
1543844|
1543845|
1543846|
1543847|
1543872|
1543873|
1543874|
1543875|
1543876|
1543877|
1543878|
1543879|
1543904|
1543905|
1543906|
1543907|
1543908|
1543909|
1543910|
1543911|
1543936|
1543937|
1543938|
1543939|
1543940|
1543941|
1543942|
1543943|
1543968|
1543969|
1543970|
1543971|
1543972|
1543973|
1543974|
1543975|
1544000|
1544001|
1544002|
1544003|
1544004|
1544005|
1544006|
1544007|
1544032|
1544033|
1544034|
1544035|
1544036|
1544037|
1544038|
1544039|
1544064|
1544065|
1544066|
1544067|
1544068|
1544069|
1544070|
1544071|
1544096|
1544097|
1544098|
1544099|
1544100|
1544101|
1544102|
1544103|
1544128|
1544129|
1544130|
1544131|
1544132|
1544133|
1544134|
1544135|
1544160|
1544161|
1544162|
1544163|
1544164|
1544165|
1544166|
1544167|
1544192|
1544193|
1544194|
1544195|
1544196|
1544197|
1544198|
1544199|
1544224|
1544225|
1544226|
1544227|
1544228|
1544229|
1544230|
1544231|
1544256|
1544257|
1544258|
1544259|
1544260|
1544261|
1544262|
1544263|
1544288|
1544289|
1544290|
1544291|
1544292|
1544293|
1544294|
1544295|
1544320|
1544321|
1544322|
1544323|
1544324|
1544325|
1544326|
1544327|
1544352|
1544353|
1544354|
1544355|
1544356|
1544357|
1544358|
1544359|
1544384|
1544385|
1544386|
1544387|
1544388|
1544389|
1544390|
1544391|
1544416|
1544417|
1544418|
1544419|
1544420|
1544421|
1544422|
1544423|
1544448|
1544449|
1544450|
1544451|
1544452|
1544453|
1544454|
1544455|
1544480|
1544481|
1544482|
1544483|
1544484|
1544485|
1544486|
1544487|
1544512|
1544513|
1544514|
1544515|
1544516|
1544517|
1544518|
1544519|
1544544|
1544545|
1544546|
1544547|
1544548|
1544549|
1544550|
1544551|
1544576|
1544577|
1544578|
1544579|
1544580|
1544581|
1544582|
1544583|
1544608|
1544609|
1544610|
1544611|
1544612|
1544613|
1544614|
1544615|
1544640|
1544641|
1544642|
1544643|
1544644|
1544645|
1544646|
1544647|
1544672|
1544673|
1544674|
1544675|
1544676|
1544677|
1544678|
1544679|
1544704|
1544705|
1544706|
1544707|
1544708|
1544709|
1544710|
1544711|
1544736|
1544737|
1544738|
1544739|
1544740|
1544741|
1544742|
1544743|
1544768|
1544769|
1544770|
1544771|
1544772|
1544773|
1544774|
1544775|
1544800|
1544801|
1544802|
1544803|
1544804|
1544805|
1544806|
1544807|
1544832|
1544833|
1544834|
1544835|
1544836|
1544837|
1544838|
1544839|
1544864|
1544865|
1544866|
1544867|
1544868|
1544869|
1544870|
1544871|
1544896|
1544897|
1544898|
1544899|
1544900|
1544901|
1544902|
1544903|
1544928|
1544929|
1544930|
1544931|
1544932|
1544933|
1544934|
1544935|
1544960|
1544961|
1544962|
1544963|
1544964|
1544965|
1544966|
1544967|
1544992|
1544993|
1544994|
1544995|
1544996|
1544997|
1544998|
1544999|
1545024|
1545025|
1545026|
1545027|
1545028|
1545029|
1545030|
1545031|
1545056|
1545057|
1545058|
1545059|
1545060|
1545061|
1545062|
1545063|
1545088|
1545089|
1545090|
1545091|
1545092|
1545093|
1545094|
1545095|
1545120|
1545121|
1545122|
1545123|
1545124|
1545125|
1545126|
1545127|
1545152|
1545153|
1545154|
1545155|
1545156|
1545157|
1545158|
1545159|
1545184|
1545185|
1545186|
1545187|
1545188|
1545189|
1545190|
1545191|
1545216|
1545217|
1545218|
1545219|
1545220|
1545221|
1545222|
1545223|
1545248|
1545249|
1545250|
1545251|
1545252|
1545253|
1545254|
1545255|
1545280|
1545281|
1545282|
1545283|
1545284|
1545285|
1545286|
1545287|
1545312|
1545313|
1545314|
1545315|
1545316|
1545317|
1545318|
1545319|
1545344|
1545345|
1545346|
1545347|
1545348|
1545349|
1545350|
1545351|
1545376|
1545377|
1545378|
1545379|
1545380|
1545381|
1545382|
1545383|
1545408|
1545409|
1545410|
1545411|
1545412|
1545413|
1545414|
1545415|
1545440|
1545441|
1545442|
1545443|
1545444|
1545445|
1545446|
1545447|
1545472|
1545473|
1545474|
1545475|
1545476|
1545477|
1545478|
1545479|
1545504|
1545505|
1545506|
1545507|
1545508|
1545509|
1545510|
1545511|
1545536|
1545537|
1545538|
1545539|
1545540|
1545541|
1545542|
1545543|
1545568|
1545569|
1545570|
1545571|
1545572|
1545573|
1545574|
1545575|
1545600|
1545601|
1545602|
1545603|
1545604|
1545605|
1545606|
1545607|
1545632|
1545633|
1545634|
1545635|
1545636|
1545637|
1545638|
1545639|
1545664|
1545665|
1545666|
1545667|
1545668|
1545669|
1545670|
1545671|
1545696|
1545697|
1545698|
1545699|
1545700|
1545701|
1545702|
1545703|
1545728|
1545729|
1545730|
1545731|
1545732|
1545733|
1545734|
1545735|
1545760|
1545761|
1545762|
1545763|
1545764|
1545765|
1545766|
1545767|
1545792|
1545793|
1545794|
1545795|
1545796|
1545797|
1545798|
1545799|
1545824|
1545825|
1545826|
1545827|
1545828|
1545829|
1545830|
1545831|
1545856|
1545857|
1545858|
1545859|
1545860|
1545861|
1545862|
1545863|
1545888|
1545889|
1545890|
1545891|
1545892|
1545893|
1545894|
1545895|
1545920|
1545921|
1545922|
1545923|
1545924|
1545925|
1545926|
1545927|
1545952|
1545953|
1545954|
1545955|
1545956|
1545957|
1545958|
1545959|
1545984|
1545985|
1545986|
1545987|
1545988|
1545989|
1545990|
1545991|
1546016|
1546017|
1546018|
1546019|
1546020|
1546021|
1546022|
1546023|
1546048|
1546049|
1546050|
1546051|
1546052|
1546053|
1546054|
1546055|
1546080|
1546081|
1546082|
1546083|
1546084|
1546085|
1546086|
1546087|
1546112|
1546113|
1546114|
1546115|
1546116|
1546117|
1546118|
1546119|
1546144|
1546145|
1546146|
1546147|
1546148|
1546149|
1546150|
1546151|
1546176|
1546177|
1546178|
1546179|
1546180|
1546181|
1546182|
1546183|
1546208|
1546209|
1546210|
1546211|
1546212|
1546213|
1546214|
1546215|
1546240|
1546241|
1546242|
1546243|
1546244|
1546245|
1546246|
1546247|
1546272|
1546273|
1546274|
1546275|
1546276|
1546277|
1546278|
1546279|
1546304|
1546305|
1546306|
1546307|
1546308|
1546309|
1546310|
1546311|
1546336|
1546337|
1546338|
1546339|
1546340|
1546341|
1546342|
1546343|
1546368|
1546369|
1546370|
1546371|
1546372|
1546373|
1546374|
1546375|
1546400|
1546401|
1546402|
1546403|
1546404|
1546405|
1546406|
1546407|
1546432|
1546433|
1546434|
1546435|
1546436|
1546437|
1546438|
1546439|
1546464|
1546465|
1546466|
1546467|
1546468|
1546469|
1546470|
1546471|
1546496|
1546497|
1546498|
1546499|
1546500|
1546501|
1546502|
1546503|
1546528|
1546529|
1546530|
1546531|
1546532|
1546533|
1546534|
1546535|
1546560|
1546561|
1546562|
1546563|
1546564|
1546565|
1546566|
1546567|
1546592|
1546593|
1546594|
1546595|
1546596|
1546597|
1546598|
1546599|
1546624|
1546625|
1546626|
1546627|
1546628|
1546629|
1546630|
1546631|
1546656|
1546657|
1546658|
1546659|
1546660|
1546661|
1546662|
1546663|
1546688|
1546689|
1546690|
1546691|
1546692|
1546693|
1546694|
1546695|
1546720|
1546721|
1546722|
1546723|
1546724|
1546725|
1546726|
1546727|
1546752|
1546753|
1546754|
1546755|
1546756|
1546757|
1546758|
1546759|
1546784|
1546785|
1546786|
1546787|
1546788|
1546789|
1546790|
1546791|
1546816|
1546817|
1546818|
1546819|
1546820|
1546821|
1546822|
1546823|
1546848|
1546849|
1546850|
1546851|
1546852|
1546853|
1546854|
1546855|
1546880|
1546881|
1546882|
1546883|
1546884|
1546885|
1546886|
1546887|
1546912|
1546913|
1546914|
1546915|
1546916|
1546917|
1546918|
1546919|
1546944|
1546945|
1546946|
1546947|
1546948|
1546949|
1546950|
1546951|
1546976|
1546977|
1546978|
1546979|
1546980|
1546981|
1546982|
1546983|
1547008|
1547009|
1547010|
1547011|
1547012|
1547013|
1547014|
1547015|
1547040|
1547041|
1547042|
1547043|
1547044|
1547045|
1547046|
1547047|
1547072|
1547073|
1547074|
1547075|
1547076|
1547077|
1547078|
1547079|
1547104|
1547105|
1547106|
1547107|
1547108|
1547109|
1547110|
1547111|
1547136|
1547137|
1547138|
1547139|
1547140|
1547141|
1547142|
1547143|
1547168|
1547169|
1547170|
1547171|
1547172|
1547173|
1547174|
1547175|
1547200|
1547201|
1547202|
1547203|
1547204|
1547205|
1547206|
1547207|
1547232|
1547233|
1547234|
1547235|
1547236|
1547237|
1547238|
1547239|
1547264|
1547265|
1547266|
1547267|
1547268|
1547269|
1547270|
1547271|
1547296|
1547297|
1547298|
1547299|
1547300|
1547301|
1547302|
1547303|
1547328|
1547329|
1547330|
1547331|
1547332|
1547333|
1547334|
1547335|
1547360|
1547361|
1547362|
1547363|
1547364|
1547365|
1547366|
1547367|
1547392|
1547393|
1547394|
1547395|
1547396|
1547397|
1547398|
1547399|
1547424|
1547425|
1547426|
1547427|
1547428|
1547429|
1547430|
1547431|
1547456|
1547457|
1547458|
1547459|
1547460|
1547461|
1547462|
1547463|
1547488|
1547489|
1547490|
1547491|
1547492|
1547493|
1547494|
1547495|
1547520|
1547521|
1547522|
1547523|
1547524|
1547525|
1547526|
1547527|
1547552|
1547553|
1547554|
1547555|
1547556|
1547557|
1547558|
1547559|
1547584|
1547585|
1547586|
1547587|
1547588|
1547589|
1547590|
1547591|
1547616|
1547617|
1547618|
1547619|
1547620|
1547621|
1547622|
1547623|
1547648|
1547649|
1547650|
1547651|
1547652|
1547653|
1547654|
1547655|
1547680|
1547681|
1547682|
1547683|
1547684|
1547685|
1547686|
1547687|
1547712|
1547713|
1547714|
1547715|
1547716|
1547717|
1547718|
1547719|
1547744|
1547745|
1547746|
1547747|
1547748|
1547749|
1547750|
1547751|
1547776|
1547777|
1547778|
1547779|
1547780|
1547781|
1547782|
1547783|
1547808|
1547809|
1547810|
1547811|
1547812|
1547813|
1547814|
1547815|
1547840|
1547841|
1547842|
1547843|
1547844|
1547845|
1547846|
1547847|
1547872|
1547873|
1547874|
1547875|
1547876|
1547877|
1547878|
1547879|
1547904|
1547905|
1547906|
1547907|
1547908|
1547909|
1547910|
1547911|
1547936|
1547937|
1547938|
1547939|
1547940|
1547941|
1547942|
1547943|
1547968|
1547969|
1547970|
1547971|
1547972|
1547973|
1547974|
1547975|
1548000|
