252001|
252002|
252003|
252004|
252005|
252006|
252007|
252032|
252033|
252034|
252035|
252036|
252037|
252038|
252039|
252064|
252065|
252066|
252067|
252068|
252069|
252070|
252071|
252096|
252097|
252098|
252099|
252100|
252101|
252102|
252103|
252128|
252129|
252130|
252131|
252132|
252133|
252134|
252135|
252160|
252161|
252162|
252163|
252164|
252165|
252166|
252167|
252192|
252193|
252194|
252195|
252196|
252197|
252198|
252199|
252224|
252225|
252226|
252227|
252228|
252229|
252230|
252231|
252256|
252257|
252258|
252259|
252260|
252261|
252262|
252263|
252288|
252289|
252290|
252291|
252292|
252293|
252294|
252295|
252320|
252321|
252322|
252323|
252324|
252325|
252326|
252327|
252352|
252353|
252354|
252355|
252356|
252357|
252358|
252359|
252384|
252385|
252386|
252387|
252388|
252389|
252390|
252391|
252416|
252417|
252418|
252419|
252420|
252421|
252422|
252423|
252448|
252449|
252450|
252451|
252452|
252453|
252454|
252455|
252480|
252481|
252482|
252483|
252484|
252485|
252486|
252487|
252512|
252513|
252514|
252515|
252516|
252517|
252518|
252519|
252544|
252545|
252546|
252547|
252548|
252549|
252550|
252551|
252576|
252577|
252578|
252579|
252580|
252581|
252582|
252583|
252608|
252609|
252610|
252611|
252612|
252613|
252614|
252615|
252640|
252641|
252642|
252643|
252644|
252645|
252646|
252647|
252672|
252673|
252674|
252675|
252676|
252677|
252678|
252679|
252704|
252705|
252706|
252707|
252708|
252709|
252710|
252711|
252736|
252737|
252738|
252739|
252740|
252741|
252742|
252743|
252768|
252769|
252770|
252771|
252772|
252773|
252774|
252775|
252800|
252801|
252802|
252803|
252804|
252805|
252806|
252807|
252832|
252833|
252834|
252835|
252836|
252837|
252838|
252839|
252864|
252865|
252866|
252867|
252868|
252869|
252870|
252871|
252896|
252897|
252898|
252899|
252900|
252901|
252902|
252903|
252928|
252929|
252930|
252931|
252932|
252933|
252934|
252935|
252960|
252961|
252962|
252963|
252964|
252965|
252966|
252967|
252992|
252993|
252994|
252995|
252996|
252997|
252998|
252999|
253024|
253025|
253026|
253027|
253028|
253029|
253030|
253031|
253056|
253057|
253058|
253059|
253060|
253061|
253062|
253063|
253088|
253089|
253090|
253091|
253092|
253093|
253094|
253095|
253120|
253121|
253122|
253123|
253124|
253125|
253126|
253127|
253152|
253153|
253154|
253155|
253156|
253157|
253158|
253159|
253184|
253185|
253186|
253187|
253188|
253189|
253190|
253191|
253216|
253217|
253218|
253219|
253220|
253221|
253222|
253223|
253248|
253249|
253250|
253251|
253252|
253253|
253254|
253255|
253280|
253281|
253282|
253283|
253284|
253285|
253286|
253287|
253312|
253313|
253314|
253315|
253316|
253317|
253318|
253319|
253344|
253345|
253346|
253347|
253348|
253349|
253350|
253351|
253376|
253377|
253378|
253379|
253380|
253381|
253382|
253383|
253408|
253409|
253410|
253411|
253412|
253413|
253414|
253415|
253440|
253441|
253442|
253443|
253444|
253445|
253446|
253447|
253472|
253473|
253474|
253475|
253476|
253477|
253478|
253479|
253504|
253505|
253506|
253507|
253508|
253509|
253510|
253511|
253536|
253537|
253538|
253539|
253540|
253541|
253542|
253543|
253568|
253569|
253570|
253571|
253572|
253573|
253574|
253575|
253600|
253601|
253602|
253603|
253604|
253605|
253606|
253607|
253632|
253633|
253634|
253635|
253636|
253637|
253638|
253639|
253664|
253665|
253666|
253667|
253668|
253669|
253670|
253671|
253696|
253697|
253698|
253699|
253700|
253701|
253702|
253703|
253728|
253729|
253730|
253731|
253732|
253733|
253734|
253735|
253760|
253761|
253762|
253763|
253764|
253765|
253766|
253767|
253792|
253793|
253794|
253795|
253796|
253797|
253798|
253799|
253824|
253825|
253826|
253827|
253828|
253829|
253830|
253831|
253856|
253857|
253858|
253859|
253860|
253861|
253862|
253863|
253888|
253889|
253890|
253891|
253892|
253893|
253894|
253895|
253920|
253921|
253922|
253923|
253924|
253925|
253926|
253927|
253952|
253953|
253954|
253955|
253956|
253957|
253958|
253959|
253984|
253985|
253986|
253987|
253988|
253989|
253990|
253991|
254016|
254017|
254018|
254019|
254020|
254021|
254022|
254023|
254048|
254049|
254050|
254051|
254052|
254053|
254054|
254055|
254080|
254081|
254082|
254083|
254084|
254085|
254086|
254087|
254112|
254113|
254114|
254115|
254116|
254117|
254118|
254119|
254144|
254145|
254146|
254147|
254148|
254149|
254150|
254151|
254176|
254177|
254178|
254179|
254180|
254181|
254182|
254183|
254208|
254209|
254210|
254211|
254212|
254213|
254214|
254215|
254240|
254241|
254242|
254243|
254244|
254245|
254246|
254247|
254272|
254273|
254274|
254275|
254276|
254277|
254278|
254279|
254304|
254305|
254306|
254307|
254308|
254309|
254310|
254311|
254336|
254337|
254338|
254339|
254340|
254341|
254342|
254343|
254368|
254369|
254370|
254371|
254372|
254373|
254374|
254375|
254400|
254401|
254402|
254403|
254404|
254405|
254406|
254407|
254432|
254433|
254434|
254435|
254436|
254437|
254438|
254439|
254464|
254465|
254466|
254467|
254468|
254469|
254470|
254471|
254496|
254497|
254498|
254499|
254500|
254501|
254502|
254503|
254528|
254529|
254530|
254531|
254532|
254533|
254534|
254535|
254560|
254561|
254562|
254563|
254564|
254565|
254566|
254567|
254592|
254593|
254594|
254595|
254596|
254597|
254598|
254599|
254624|
254625|
254626|
254627|
254628|
254629|
254630|
254631|
254656|
254657|
254658|
254659|
254660|
254661|
254662|
254663|
254688|
254689|
254690|
254691|
254692|
254693|
254694|
254695|
254720|
254721|
254722|
254723|
254724|
254725|
254726|
254727|
254752|
254753|
254754|
254755|
254756|
254757|
254758|
254759|
254784|
254785|
254786|
254787|
254788|
254789|
254790|
254791|
254816|
254817|
254818|
254819|
254820|
254821|
254822|
254823|
254848|
254849|
254850|
254851|
254852|
254853|
254854|
254855|
254880|
254881|
254882|
254883|
254884|
254885|
254886|
254887|
254912|
254913|
254914|
254915|
254916|
254917|
254918|
254919|
254944|
254945|
254946|
254947|
254948|
254949|
254950|
254951|
254976|
254977|
254978|
254979|
254980|
254981|
254982|
254983|
255008|
255009|
255010|
255011|
255012|
255013|
255014|
255015|
255040|
255041|
255042|
255043|
255044|
255045|
255046|
255047|
255072|
255073|
255074|
255075|
255076|
255077|
255078|
255079|
255104|
255105|
255106|
255107|
255108|
255109|
255110|
255111|
255136|
255137|
255138|
255139|
255140|
255141|
255142|
255143|
255168|
255169|
255170|
255171|
255172|
255173|
255174|
255175|
255200|
255201|
255202|
255203|
255204|
255205|
255206|
255207|
255232|
255233|
255234|
255235|
255236|
255237|
255238|
255239|
255264|
255265|
255266|
255267|
255268|
255269|
255270|
255271|
255296|
255297|
255298|
255299|
255300|
255301|
255302|
255303|
255328|
255329|
255330|
255331|
255332|
255333|
255334|
255335|
255360|
255361|
255362|
255363|
255364|
255365|
255366|
255367|
255392|
255393|
255394|
255395|
255396|
255397|
255398|
255399|
255424|
255425|
255426|
255427|
255428|
255429|
255430|
255431|
255456|
255457|
255458|
255459|
255460|
255461|
255462|
255463|
255488|
255489|
255490|
255491|
255492|
255493|
255494|
255495|
255520|
255521|
255522|
255523|
255524|
255525|
255526|
255527|
255552|
255553|
255554|
255555|
255556|
255557|
255558|
255559|
255584|
255585|
255586|
255587|
255588|
255589|
255590|
255591|
255616|
255617|
255618|
255619|
255620|
255621|
255622|
255623|
255648|
255649|
255650|
255651|
255652|
255653|
255654|
255655|
255680|
255681|
255682|
255683|
255684|
255685|
255686|
255687|
255712|
255713|
255714|
255715|
255716|
255717|
255718|
255719|
255744|
255745|
255746|
255747|
255748|
255749|
255750|
255751|
255776|
255777|
255778|
255779|
255780|
255781|
255782|
255783|
255808|
255809|
255810|
255811|
255812|
255813|
255814|
255815|
255840|
255841|
255842|
255843|
255844|
255845|
255846|
255847|
255872|
255873|
255874|
255875|
255876|
255877|
255878|
255879|
255904|
255905|
255906|
255907|
255908|
255909|
255910|
255911|
255936|
255937|
255938|
255939|
255940|
255941|
255942|
255943|
255968|
255969|
255970|
255971|
255972|
255973|
255974|
255975|
256000|
256001|
256002|
256003|
256004|
256005|
256006|
256007|
256032|
256033|
256034|
256035|
256036|
256037|
256038|
256039|
256064|
256065|
256066|
256067|
256068|
256069|
256070|
256071|
256096|
256097|
256098|
256099|
256100|
256101|
256102|
256103|
256128|
256129|
256130|
256131|
256132|
256133|
256134|
256135|
256160|
256161|
256162|
256163|
256164|
256165|
256166|
256167|
256192|
256193|
256194|
256195|
256196|
256197|
256198|
256199|
256224|
256225|
256226|
256227|
256228|
256229|
256230|
256231|
256256|
256257|
256258|
256259|
256260|
256261|
256262|
256263|
256288|
256289|
256290|
256291|
256292|
256293|
256294|
256295|
256320|
256321|
256322|
256323|
256324|
256325|
256326|
256327|
256352|
256353|
256354|
256355|
256356|
256357|
256358|
256359|
256384|
256385|
256386|
256387|
256388|
256389|
256390|
256391|
256416|
256417|
256418|
256419|
256420|
256421|
256422|
256423|
256448|
256449|
256450|
256451|
256452|
256453|
256454|
256455|
256480|
256481|
256482|
256483|
256484|
256485|
256486|
256487|
256512|
256513|
256514|
256515|
256516|
256517|
256518|
256519|
256544|
256545|
256546|
256547|
256548|
256549|
256550|
256551|
256576|
256577|
256578|
256579|
256580|
256581|
256582|
256583|
256608|
256609|
256610|
256611|
256612|
256613|
256614|
256615|
256640|
256641|
256642|
256643|
256644|
256645|
256646|
256647|
256672|
256673|
256674|
256675|
256676|
256677|
256678|
256679|
256704|
256705|
256706|
256707|
256708|
256709|
256710|
256711|
256736|
256737|
256738|
256739|
256740|
256741|
256742|
256743|
256768|
256769|
256770|
256771|
256772|
256773|
256774|
256775|
256800|
256801|
256802|
256803|
256804|
256805|
256806|
256807|
256832|
256833|
256834|
256835|
256836|
256837|
256838|
256839|
256864|
256865|
256866|
256867|
256868|
256869|
256870|
256871|
256896|
256897|
256898|
256899|
256900|
256901|
256902|
256903|
256928|
256929|
256930|
256931|
256932|
256933|
256934|
256935|
256960|
256961|
256962|
256963|
256964|
256965|
256966|
256967|
256992|
256993|
256994|
256995|
256996|
256997|
256998|
256999|
257024|
257025|
257026|
257027|
257028|
257029|
257030|
257031|
257056|
257057|
257058|
257059|
257060|
257061|
257062|
257063|
257088|
257089|
257090|
257091|
257092|
257093|
257094|
257095|
257120|
257121|
257122|
257123|
257124|
257125|
257126|
257127|
257152|
257153|
257154|
257155|
257156|
257157|
257158|
257159|
257184|
257185|
257186|
257187|
257188|
257189|
257190|
257191|
257216|
257217|
257218|
257219|
257220|
257221|
257222|
257223|
257248|
257249|
257250|
257251|
257252|
257253|
257254|
257255|
257280|
257281|
257282|
257283|
257284|
257285|
257286|
257287|
257312|
257313|
257314|
257315|
257316|
257317|
257318|
257319|
257344|
257345|
257346|
257347|
257348|
257349|
257350|
257351|
257376|
257377|
257378|
257379|
257380|
257381|
257382|
257383|
257408|
257409|
257410|
257411|
257412|
257413|
257414|
257415|
257440|
257441|
257442|
257443|
257444|
257445|
257446|
257447|
257472|
257473|
257474|
257475|
257476|
257477|
257478|
257479|
257504|
257505|
257506|
257507|
257508|
257509|
257510|
257511|
257536|
257537|
257538|
257539|
257540|
257541|
257542|
257543|
257568|
257569|
257570|
257571|
257572|
257573|
257574|
257575|
257600|
257601|
257602|
257603|
257604|
257605|
257606|
257607|
257632|
257633|
257634|
257635|
257636|
257637|
257638|
257639|
257664|
257665|
257666|
257667|
257668|
257669|
257670|
257671|
257696|
257697|
257698|
257699|
257700|
257701|
257702|
257703|
257728|
257729|
257730|
257731|
257732|
257733|
257734|
257735|
257760|
257761|
257762|
257763|
257764|
257765|
257766|
257767|
257792|
257793|
257794|
257795|
257796|
257797|
257798|
257799|
257824|
257825|
257826|
257827|
257828|
257829|
257830|
257831|
257856|
257857|
257858|
257859|
257860|
257861|
257862|
257863|
257888|
257889|
257890|
257891|
257892|
257893|
257894|
257895|
257920|
257921|
257922|
257923|
257924|
257925|
257926|
257927|
257952|
257953|
257954|
257955|
257956|
257957|
257958|
257959|
257984|
257985|
257986|
257987|
257988|
