1932001|
1932002|
1932003|
1932004|
1932005|
1932006|
1932007|
1932032|
1932033|
1932034|
1932035|
1932036|
1932037|
1932038|
1932039|
1932064|
1932065|
1932066|
1932067|
1932068|
1932069|
1932070|
1932071|
1932096|
1932097|
1932098|
1932099|
1932100|
1932101|
1932102|
1932103|
1932128|
1932129|
1932130|
1932131|
1932132|
1932133|
1932134|
1932135|
1932160|
1932161|
1932162|
1932163|
1932164|
1932165|
1932166|
1932167|
1932192|
1932193|
1932194|
1932195|
1932196|
1932197|
1932198|
1932199|
1932224|
1932225|
1932226|
1932227|
1932228|
1932229|
1932230|
1932231|
1932256|
1932257|
1932258|
1932259|
1932260|
1932261|
1932262|
1932263|
1932288|
1932289|
1932290|
1932291|
1932292|
1932293|
1932294|
1932295|
1932320|
1932321|
1932322|
1932323|
1932324|
1932325|
1932326|
1932327|
1932352|
1932353|
1932354|
1932355|
1932356|
1932357|
1932358|
1932359|
1932384|
1932385|
1932386|
1932387|
1932388|
1932389|
1932390|
1932391|
1932416|
1932417|
1932418|
1932419|
1932420|
1932421|
1932422|
1932423|
1932448|
1932449|
1932450|
1932451|
1932452|
1932453|
1932454|
1932455|
1932480|
1932481|
1932482|
1932483|
1932484|
1932485|
1932486|
1932487|
1932512|
1932513|
1932514|
1932515|
1932516|
1932517|
1932518|
1932519|
1932544|
1932545|
1932546|
1932547|
1932548|
1932549|
1932550|
1932551|
1932576|
1932577|
1932578|
1932579|
1932580|
1932581|
1932582|
1932583|
1932608|
1932609|
1932610|
1932611|
1932612|
1932613|
1932614|
1932615|
1932640|
1932641|
1932642|
1932643|
1932644|
1932645|
1932646|
1932647|
1932672|
1932673|
1932674|
1932675|
1932676|
1932677|
1932678|
1932679|
1932704|
1932705|
1932706|
1932707|
1932708|
1932709|
1932710|
1932711|
1932736|
1932737|
1932738|
1932739|
1932740|
1932741|
1932742|
1932743|
1932768|
1932769|
1932770|
1932771|
1932772|
1932773|
1932774|
1932775|
1932800|
1932801|
1932802|
1932803|
1932804|
1932805|
1932806|
1932807|
1932832|
1932833|
1932834|
1932835|
1932836|
1932837|
1932838|
1932839|
1932864|
1932865|
1932866|
1932867|
1932868|
1932869|
1932870|
1932871|
1932896|
1932897|
1932898|
1932899|
1932900|
1932901|
1932902|
1932903|
1932928|
1932929|
1932930|
1932931|
1932932|
1932933|
1932934|
1932935|
1932960|
1932961|
1932962|
1932963|
1932964|
1932965|
1932966|
1932967|
1932992|
1932993|
1932994|
1932995|
1932996|
1932997|
1932998|
1932999|
1933024|
1933025|
1933026|
1933027|
1933028|
1933029|
1933030|
1933031|
1933056|
1933057|
1933058|
1933059|
1933060|
1933061|
1933062|
1933063|
1933088|
1933089|
1933090|
1933091|
1933092|
1933093|
1933094|
1933095|
1933120|
1933121|
1933122|
1933123|
1933124|
1933125|
1933126|
1933127|
1933152|
1933153|
1933154|
1933155|
1933156|
1933157|
1933158|
1933159|
1933184|
1933185|
1933186|
1933187|
1933188|
1933189|
1933190|
1933191|
1933216|
1933217|
1933218|
1933219|
1933220|
1933221|
1933222|
1933223|
1933248|
1933249|
1933250|
1933251|
1933252|
1933253|
1933254|
1933255|
1933280|
1933281|
1933282|
1933283|
1933284|
1933285|
1933286|
1933287|
1933312|
1933313|
1933314|
1933315|
1933316|
1933317|
1933318|
1933319|
1933344|
1933345|
1933346|
1933347|
1933348|
1933349|
1933350|
1933351|
1933376|
1933377|
1933378|
1933379|
1933380|
1933381|
1933382|
1933383|
1933408|
1933409|
1933410|
1933411|
1933412|
1933413|
1933414|
1933415|
1933440|
1933441|
1933442|
1933443|
1933444|
1933445|
1933446|
1933447|
1933472|
1933473|
1933474|
1933475|
1933476|
1933477|
1933478|
1933479|
1933504|
1933505|
1933506|
1933507|
1933508|
1933509|
1933510|
1933511|
1933536|
1933537|
1933538|
1933539|
1933540|
1933541|
1933542|
1933543|
1933568|
1933569|
1933570|
1933571|
1933572|
1933573|
1933574|
1933575|
1933600|
1933601|
1933602|
1933603|
1933604|
1933605|
1933606|
1933607|
1933632|
1933633|
1933634|
1933635|
1933636|
1933637|
1933638|
1933639|
1933664|
1933665|
1933666|
1933667|
1933668|
1933669|
1933670|
1933671|
1933696|
1933697|
1933698|
1933699|
1933700|
1933701|
1933702|
1933703|
1933728|
1933729|
1933730|
1933731|
1933732|
1933733|
1933734|
1933735|
1933760|
1933761|
1933762|
1933763|
1933764|
1933765|
1933766|
1933767|
1933792|
1933793|
1933794|
1933795|
1933796|
1933797|
1933798|
1933799|
1933824|
1933825|
1933826|
1933827|
1933828|
1933829|
1933830|
1933831|
1933856|
1933857|
1933858|
1933859|
1933860|
1933861|
1933862|
1933863|
1933888|
1933889|
1933890|
1933891|
1933892|
1933893|
1933894|
1933895|
1933920|
1933921|
1933922|
1933923|
1933924|
1933925|
1933926|
1933927|
1933952|
1933953|
1933954|
1933955|
1933956|
1933957|
1933958|
1933959|
1933984|
1933985|
1933986|
1933987|
1933988|
1933989|
1933990|
1933991|
1934016|
1934017|
1934018|
1934019|
1934020|
1934021|
1934022|
1934023|
1934048|
1934049|
1934050|
1934051|
1934052|
1934053|
1934054|
1934055|
1934080|
1934081|
1934082|
1934083|
1934084|
1934085|
1934086|
1934087|
1934112|
1934113|
1934114|
1934115|
1934116|
1934117|
1934118|
1934119|
1934144|
1934145|
1934146|
1934147|
1934148|
1934149|
1934150|
1934151|
1934176|
1934177|
1934178|
1934179|
1934180|
1934181|
1934182|
1934183|
1934208|
1934209|
1934210|
1934211|
1934212|
1934213|
1934214|
1934215|
1934240|
1934241|
1934242|
1934243|
1934244|
1934245|
1934246|
1934247|
1934272|
1934273|
1934274|
1934275|
1934276|
1934277|
1934278|
1934279|
1934304|
1934305|
1934306|
1934307|
1934308|
1934309|
1934310|
1934311|
1934336|
1934337|
1934338|
1934339|
1934340|
1934341|
1934342|
1934343|
1934368|
1934369|
1934370|
1934371|
1934372|
1934373|
1934374|
1934375|
1934400|
1934401|
1934402|
1934403|
1934404|
1934405|
1934406|
1934407|
1934432|
1934433|
1934434|
1934435|
1934436|
1934437|
1934438|
1934439|
1934464|
1934465|
1934466|
1934467|
1934468|
1934469|
1934470|
1934471|
1934496|
1934497|
1934498|
1934499|
1934500|
1934501|
1934502|
1934503|
1934528|
1934529|
1934530|
1934531|
1934532|
1934533|
1934534|
1934535|
1934560|
1934561|
1934562|
1934563|
1934564|
1934565|
1934566|
1934567|
1934592|
1934593|
1934594|
1934595|
1934596|
1934597|
1934598|
1934599|
1934624|
1934625|
1934626|
1934627|
1934628|
1934629|
1934630|
1934631|
1934656|
1934657|
1934658|
1934659|
1934660|
1934661|
1934662|
1934663|
1934688|
1934689|
1934690|
1934691|
1934692|
1934693|
1934694|
1934695|
1934720|
1934721|
1934722|
1934723|
1934724|
1934725|
1934726|
1934727|
1934752|
1934753|
1934754|
1934755|
1934756|
1934757|
1934758|
1934759|
1934784|
1934785|
1934786|
1934787|
1934788|
1934789|
1934790|
1934791|
1934816|
1934817|
1934818|
1934819|
1934820|
1934821|
1934822|
1934823|
1934848|
1934849|
1934850|
1934851|
1934852|
1934853|
1934854|
1934855|
1934880|
1934881|
1934882|
1934883|
1934884|
1934885|
1934886|
1934887|
1934912|
1934913|
1934914|
1934915|
1934916|
1934917|
1934918|
1934919|
1934944|
1934945|
1934946|
1934947|
1934948|
1934949|
1934950|
1934951|
1934976|
1934977|
1934978|
1934979|
1934980|
1934981|
1934982|
1934983|
1935008|
1935009|
1935010|
1935011|
1935012|
1935013|
1935014|
1935015|
1935040|
1935041|
1935042|
1935043|
1935044|
1935045|
1935046|
1935047|
1935072|
1935073|
1935074|
1935075|
1935076|
1935077|
1935078|
1935079|
1935104|
1935105|
1935106|
1935107|
1935108|
1935109|
1935110|
1935111|
1935136|
1935137|
1935138|
1935139|
1935140|
1935141|
1935142|
1935143|
1935168|
1935169|
1935170|
1935171|
1935172|
1935173|
1935174|
1935175|
1935200|
1935201|
1935202|
1935203|
1935204|
1935205|
1935206|
1935207|
1935232|
1935233|
1935234|
1935235|
1935236|
1935237|
1935238|
1935239|
1935264|
1935265|
1935266|
1935267|
1935268|
1935269|
1935270|
1935271|
1935296|
1935297|
1935298|
1935299|
1935300|
1935301|
1935302|
1935303|
1935328|
1935329|
1935330|
1935331|
1935332|
1935333|
1935334|
1935335|
1935360|
1935361|
1935362|
1935363|
1935364|
1935365|
1935366|
1935367|
1935392|
1935393|
1935394|
1935395|
1935396|
1935397|
1935398|
1935399|
1935424|
1935425|
1935426|
1935427|
1935428|
1935429|
1935430|
1935431|
1935456|
1935457|
1935458|
1935459|
1935460|
1935461|
1935462|
1935463|
1935488|
1935489|
1935490|
1935491|
1935492|
1935493|
1935494|
1935495|
1935520|
1935521|
1935522|
1935523|
1935524|
1935525|
1935526|
1935527|
1935552|
1935553|
1935554|
1935555|
1935556|
1935557|
1935558|
1935559|
1935584|
1935585|
1935586|
1935587|
1935588|
1935589|
1935590|
1935591|
1935616|
1935617|
1935618|
1935619|
1935620|
1935621|
1935622|
1935623|
1935648|
1935649|
1935650|
1935651|
1935652|
1935653|
1935654|
1935655|
1935680|
1935681|
1935682|
1935683|
1935684|
1935685|
1935686|
1935687|
1935712|
1935713|
1935714|
1935715|
1935716|
1935717|
1935718|
1935719|
1935744|
1935745|
1935746|
1935747|
1935748|
1935749|
1935750|
1935751|
1935776|
1935777|
1935778|
1935779|
1935780|
1935781|
1935782|
1935783|
1935808|
1935809|
1935810|
1935811|
1935812|
1935813|
1935814|
1935815|
1935840|
1935841|
1935842|
1935843|
1935844|
1935845|
1935846|
1935847|
1935872|
1935873|
1935874|
1935875|
1935876|
1935877|
1935878|
1935879|
1935904|
1935905|
1935906|
1935907|
1935908|
1935909|
1935910|
1935911|
1935936|
1935937|
1935938|
1935939|
1935940|
1935941|
1935942|
1935943|
1935968|
1935969|
1935970|
1935971|
1935972|
1935973|
1935974|
1935975|
1936000|
1936001|
1936002|
1936003|
1936004|
1936005|
1936006|
1936007|
1936032|
1936033|
1936034|
1936035|
1936036|
1936037|
1936038|
1936039|
1936064|
1936065|
1936066|
1936067|
1936068|
1936069|
1936070|
1936071|
1936096|
1936097|
1936098|
1936099|
1936100|
1936101|
1936102|
1936103|
1936128|
1936129|
1936130|
1936131|
1936132|
1936133|
1936134|
1936135|
1936160|
1936161|
1936162|
1936163|
1936164|
1936165|
1936166|
1936167|
1936192|
1936193|
1936194|
1936195|
1936196|
1936197|
1936198|
1936199|
1936224|
1936225|
1936226|
1936227|
1936228|
1936229|
1936230|
1936231|
1936256|
1936257|
1936258|
1936259|
1936260|
1936261|
1936262|
1936263|
1936288|
1936289|
1936290|
1936291|
1936292|
1936293|
1936294|
1936295|
1936320|
1936321|
1936322|
1936323|
1936324|
1936325|
1936326|
1936327|
1936352|
1936353|
1936354|
1936355|
1936356|
1936357|
1936358|
1936359|
1936384|
1936385|
1936386|
1936387|
1936388|
1936389|
1936390|
1936391|
1936416|
1936417|
1936418|
1936419|
1936420|
1936421|
1936422|
1936423|
1936448|
1936449|
1936450|
1936451|
1936452|
1936453|
1936454|
1936455|
1936480|
1936481|
1936482|
1936483|
1936484|
1936485|
1936486|
1936487|
1936512|
1936513|
1936514|
1936515|
1936516|
1936517|
1936518|
1936519|
1936544|
1936545|
1936546|
1936547|
1936548|
1936549|
1936550|
1936551|
1936576|
1936577|
1936578|
1936579|
1936580|
1936581|
1936582|
1936583|
1936608|
1936609|
1936610|
1936611|
1936612|
1936613|
1936614|
1936615|
1936640|
1936641|
1936642|
1936643|
1936644|
1936645|
1936646|
1936647|
1936672|
1936673|
1936674|
1936675|
1936676|
1936677|
1936678|
1936679|
1936704|
1936705|
1936706|
1936707|
1936708|
1936709|
1936710|
1936711|
1936736|
1936737|
1936738|
1936739|
1936740|
1936741|
1936742|
1936743|
1936768|
1936769|
1936770|
1936771|
1936772|
1936773|
1936774|
1936775|
1936800|
1936801|
1936802|
1936803|
1936804|
1936805|
1936806|
1936807|
1936832|
1936833|
1936834|
1936835|
1936836|
1936837|
1936838|
1936839|
1936864|
1936865|
1936866|
1936867|
1936868|
1936869|
1936870|
1936871|
1936896|
1936897|
1936898|
1936899|
1936900|
1936901|
1936902|
1936903|
1936928|
1936929|
1936930|
1936931|
1936932|
1936933|
1936934|
1936935|
1936960|
1936961|
1936962|
1936963|
1936964|
1936965|
1936966|
1936967|
1936992|
1936993|
1936994|
1936995|
1936996|
1936997|
1936998|
1936999|
1937024|
1937025|
1937026|
1937027|
1937028|
1937029|
1937030|
1937031|
1937056|
1937057|
1937058|
1937059|
1937060|
1937061|
1937062|
1937063|
1937088|
1937089|
1937090|
1937091|
1937092|
1937093|
1937094|
1937095|
1937120|
1937121|
1937122|
1937123|
1937124|
1937125|
1937126|
1937127|
1937152|
1937153|
1937154|
1937155|
1937156|
1937157|
1937158|
1937159|
1937184|
1937185|
1937186|
1937187|
1937188|
1937189|
1937190|
1937191|
1937216|
1937217|
1937218|
1937219|
1937220|
1937221|
1937222|
1937223|
1937248|
1937249|
1937250|
1937251|
1937252|
1937253|
1937254|
1937255|
1937280|
1937281|
1937282|
1937283|
1937284|
1937285|
1937286|
1937287|
1937312|
1937313|
1937314|
1937315|
1937316|
1937317|
1937318|
1937319|
1937344|
1937345|
1937346|
1937347|
1937348|
1937349|
1937350|
1937351|
1937376|
1937377|
1937378|
1937379|
1937380|
1937381|
1937382|
1937383|
1937408|
1937409|
1937410|
1937411|
1937412|
1937413|
1937414|
1937415|
1937440|
1937441|
1937442|
1937443|
1937444|
1937445|
1937446|
1937447|
1937472|
1937473|
1937474|
1937475|
1937476|
1937477|
1937478|
1937479|
1937504|
1937505|
1937506|
1937507|
1937508|
1937509|
1937510|
1937511|
1937536|
1937537|
1937538|
1937539|
1937540|
1937541|
1937542|
1937543|
1937568|
1937569|
1937570|
1937571|
1937572|
1937573|
1937574|
1937575|
1937600|
1937601|
1937602|
1937603|
1937604|
1937605|
1937606|
1937607|
1937632|
1937633|
1937634|
1937635|
1937636|
1937637|
1937638|
1937639|
1937664|
1937665|
1937666|
1937667|
1937668|
1937669|
1937670|
1937671|
1937696|
1937697|
1937698|
1937699|
1937700|
1937701|
1937702|
1937703|
1937728|
1937729|
1937730|
1937731|
1937732|
1937733|
1937734|
1937735|
1937760|
1937761|
1937762|
1937763|
1937764|
1937765|
1937766|
1937767|
1937792|
1937793|
1937794|
1937795|
1937796|
1937797|
1937798|
1937799|
1937824|
1937825|
1937826|
1937827|
1937828|
1937829|
1937830|
1937831|
1937856|
1937857|
1937858|
1937859|
1937860|
1937861|
1937862|
1937863|
1937888|
1937889|
1937890|
1937891|
1937892|
1937893|
1937894|
1937895|
1937920|
1937921|
1937922|
1937923|
1937924|
1937925|
1937926|
1937927|
1937952|
1937953|
1937954|
1937955|
1937956|
1937957|
1937958|
1937959|
1937984|
1937985|
1937986|
1937987|
1937988|
