2244001|
2244002|
2244003|
2244004|
2244005|
2244006|
2244007|
2244032|
2244033|
2244034|
2244035|
2244036|
2244037|
2244038|
2244039|
2244064|
2244065|
2244066|
2244067|
2244068|
2244069|
2244070|
2244071|
2244096|
2244097|
2244098|
2244099|
2244100|
2244101|
2244102|
2244103|
2244128|
2244129|
2244130|
2244131|
2244132|
2244133|
2244134|
2244135|
2244160|
2244161|
2244162|
2244163|
2244164|
2244165|
2244166|
2244167|
2244192|
2244193|
2244194|
2244195|
2244196|
2244197|
2244198|
2244199|
2244224|
2244225|
2244226|
2244227|
2244228|
2244229|
2244230|
2244231|
2244256|
2244257|
2244258|
2244259|
2244260|
2244261|
2244262|
2244263|
2244288|
2244289|
2244290|
2244291|
2244292|
2244293|
2244294|
2244295|
2244320|
2244321|
2244322|
2244323|
2244324|
2244325|
2244326|
2244327|
2244352|
2244353|
2244354|
2244355|
2244356|
2244357|
2244358|
2244359|
2244384|
2244385|
2244386|
2244387|
2244388|
2244389|
2244390|
2244391|
2244416|
2244417|
2244418|
2244419|
2244420|
2244421|
2244422|
2244423|
2244448|
2244449|
2244450|
2244451|
2244452|
2244453|
2244454|
2244455|
2244480|
2244481|
2244482|
2244483|
2244484|
2244485|
2244486|
2244487|
2244512|
2244513|
2244514|
2244515|
2244516|
2244517|
2244518|
2244519|
2244544|
2244545|
2244546|
2244547|
2244548|
2244549|
2244550|
2244551|
2244576|
2244577|
2244578|
2244579|
2244580|
2244581|
2244582|
2244583|
2244608|
2244609|
2244610|
2244611|
2244612|
2244613|
2244614|
2244615|
2244640|
2244641|
2244642|
2244643|
2244644|
2244645|
2244646|
2244647|
2244672|
2244673|
2244674|
2244675|
2244676|
2244677|
2244678|
2244679|
2244704|
2244705|
2244706|
2244707|
2244708|
2244709|
2244710|
2244711|
2244736|
2244737|
2244738|
2244739|
2244740|
2244741|
2244742|
2244743|
2244768|
2244769|
2244770|
2244771|
2244772|
2244773|
2244774|
2244775|
2244800|
2244801|
2244802|
2244803|
2244804|
2244805|
2244806|
2244807|
2244832|
2244833|
2244834|
2244835|
2244836|
2244837|
2244838|
2244839|
2244864|
2244865|
2244866|
2244867|
2244868|
2244869|
2244870|
2244871|
2244896|
2244897|
2244898|
2244899|
2244900|
2244901|
2244902|
2244903|
2244928|
2244929|
2244930|
2244931|
2244932|
2244933|
2244934|
2244935|
2244960|
2244961|
2244962|
2244963|
2244964|
2244965|
2244966|
2244967|
2244992|
2244993|
2244994|
2244995|
2244996|
2244997|
2244998|
2244999|
2245024|
2245025|
2245026|
2245027|
2245028|
2245029|
2245030|
2245031|
2245056|
2245057|
2245058|
2245059|
2245060|
2245061|
2245062|
2245063|
2245088|
2245089|
2245090|
2245091|
2245092|
2245093|
2245094|
2245095|
2245120|
2245121|
2245122|
2245123|
2245124|
2245125|
2245126|
2245127|
2245152|
2245153|
2245154|
2245155|
2245156|
2245157|
2245158|
2245159|
2245184|
2245185|
2245186|
2245187|
2245188|
2245189|
2245190|
2245191|
2245216|
2245217|
2245218|
2245219|
2245220|
2245221|
2245222|
2245223|
2245248|
2245249|
2245250|
2245251|
2245252|
2245253|
2245254|
2245255|
2245280|
2245281|
2245282|
2245283|
2245284|
2245285|
2245286|
2245287|
2245312|
2245313|
2245314|
2245315|
2245316|
2245317|
2245318|
2245319|
2245344|
2245345|
2245346|
2245347|
2245348|
2245349|
2245350|
2245351|
2245376|
2245377|
2245378|
2245379|
2245380|
2245381|
2245382|
2245383|
2245408|
2245409|
2245410|
2245411|
2245412|
2245413|
2245414|
2245415|
2245440|
2245441|
2245442|
2245443|
2245444|
2245445|
2245446|
2245447|
2245472|
2245473|
2245474|
2245475|
2245476|
2245477|
2245478|
2245479|
2245504|
2245505|
2245506|
2245507|
2245508|
2245509|
2245510|
2245511|
2245536|
2245537|
2245538|
2245539|
2245540|
2245541|
2245542|
2245543|
2245568|
2245569|
2245570|
2245571|
2245572|
2245573|
2245574|
2245575|
2245600|
2245601|
2245602|
2245603|
2245604|
2245605|
2245606|
2245607|
2245632|
2245633|
2245634|
2245635|
2245636|
2245637|
2245638|
2245639|
2245664|
2245665|
2245666|
2245667|
2245668|
2245669|
2245670|
2245671|
2245696|
2245697|
2245698|
2245699|
2245700|
2245701|
2245702|
2245703|
2245728|
2245729|
2245730|
2245731|
2245732|
2245733|
2245734|
2245735|
2245760|
2245761|
2245762|
2245763|
2245764|
2245765|
2245766|
2245767|
2245792|
2245793|
2245794|
2245795|
2245796|
2245797|
2245798|
2245799|
2245824|
2245825|
2245826|
2245827|
2245828|
2245829|
2245830|
2245831|
2245856|
2245857|
2245858|
2245859|
2245860|
2245861|
2245862|
2245863|
2245888|
2245889|
2245890|
2245891|
2245892|
2245893|
2245894|
2245895|
2245920|
2245921|
2245922|
2245923|
2245924|
2245925|
2245926|
2245927|
2245952|
2245953|
2245954|
2245955|
2245956|
2245957|
2245958|
2245959|
2245984|
2245985|
2245986|
2245987|
2245988|
2245989|
2245990|
2245991|
2246016|
2246017|
2246018|
2246019|
2246020|
2246021|
2246022|
2246023|
2246048|
2246049|
2246050|
2246051|
2246052|
2246053|
2246054|
2246055|
2246080|
2246081|
2246082|
2246083|
2246084|
2246085|
2246086|
2246087|
2246112|
2246113|
2246114|
2246115|
2246116|
2246117|
2246118|
2246119|
2246144|
2246145|
2246146|
2246147|
2246148|
2246149|
2246150|
2246151|
2246176|
2246177|
2246178|
2246179|
2246180|
2246181|
2246182|
2246183|
2246208|
2246209|
2246210|
2246211|
2246212|
2246213|
2246214|
2246215|
2246240|
2246241|
2246242|
2246243|
2246244|
2246245|
2246246|
2246247|
2246272|
2246273|
2246274|
2246275|
2246276|
2246277|
2246278|
2246279|
2246304|
2246305|
2246306|
2246307|
2246308|
2246309|
2246310|
2246311|
2246336|
2246337|
2246338|
2246339|
2246340|
2246341|
2246342|
2246343|
2246368|
2246369|
2246370|
2246371|
2246372|
2246373|
2246374|
2246375|
2246400|
2246401|
2246402|
2246403|
2246404|
2246405|
2246406|
2246407|
2246432|
2246433|
2246434|
2246435|
2246436|
2246437|
2246438|
2246439|
2246464|
2246465|
2246466|
2246467|
2246468|
2246469|
2246470|
2246471|
2246496|
2246497|
2246498|
2246499|
2246500|
2246501|
2246502|
2246503|
2246528|
2246529|
2246530|
2246531|
2246532|
2246533|
2246534|
2246535|
2246560|
2246561|
2246562|
2246563|
2246564|
2246565|
2246566|
2246567|
2246592|
2246593|
2246594|
2246595|
2246596|
2246597|
2246598|
2246599|
2246624|
2246625|
2246626|
2246627|
2246628|
2246629|
2246630|
2246631|
2246656|
2246657|
2246658|
2246659|
2246660|
2246661|
2246662|
2246663|
2246688|
2246689|
2246690|
2246691|
2246692|
2246693|
2246694|
2246695|
2246720|
2246721|
2246722|
2246723|
2246724|
2246725|
2246726|
2246727|
2246752|
2246753|
2246754|
2246755|
2246756|
2246757|
2246758|
2246759|
2246784|
2246785|
2246786|
2246787|
2246788|
2246789|
2246790|
2246791|
2246816|
2246817|
2246818|
2246819|
2246820|
2246821|
2246822|
2246823|
2246848|
2246849|
2246850|
2246851|
2246852|
2246853|
2246854|
2246855|
2246880|
2246881|
2246882|
2246883|
2246884|
2246885|
2246886|
2246887|
2246912|
2246913|
2246914|
2246915|
2246916|
2246917|
2246918|
2246919|
2246944|
2246945|
2246946|
2246947|
2246948|
2246949|
2246950|
2246951|
2246976|
2246977|
2246978|
2246979|
2246980|
2246981|
2246982|
2246983|
2247008|
2247009|
2247010|
2247011|
2247012|
2247013|
2247014|
2247015|
2247040|
2247041|
2247042|
2247043|
2247044|
2247045|
2247046|
2247047|
2247072|
2247073|
2247074|
2247075|
2247076|
2247077|
2247078|
2247079|
2247104|
2247105|
2247106|
2247107|
2247108|
2247109|
2247110|
2247111|
2247136|
2247137|
2247138|
2247139|
2247140|
2247141|
2247142|
2247143|
2247168|
2247169|
2247170|
2247171|
2247172|
2247173|
2247174|
2247175|
2247200|
2247201|
2247202|
2247203|
2247204|
2247205|
2247206|
2247207|
2247232|
2247233|
2247234|
2247235|
2247236|
2247237|
2247238|
2247239|
2247264|
2247265|
2247266|
2247267|
2247268|
2247269|
2247270|
2247271|
2247296|
2247297|
2247298|
2247299|
2247300|
2247301|
2247302|
2247303|
2247328|
2247329|
2247330|
2247331|
2247332|
2247333|
2247334|
2247335|
2247360|
2247361|
2247362|
2247363|
2247364|
2247365|
2247366|
2247367|
2247392|
2247393|
2247394|
2247395|
2247396|
2247397|
2247398|
2247399|
2247424|
2247425|
2247426|
2247427|
2247428|
2247429|
2247430|
2247431|
2247456|
2247457|
2247458|
2247459|
2247460|
2247461|
2247462|
2247463|
2247488|
2247489|
2247490|
2247491|
2247492|
2247493|
2247494|
2247495|
2247520|
2247521|
2247522|
2247523|
2247524|
2247525|
2247526|
2247527|
2247552|
2247553|
2247554|
2247555|
2247556|
2247557|
2247558|
2247559|
2247584|
2247585|
2247586|
2247587|
2247588|
2247589|
2247590|
2247591|
2247616|
2247617|
2247618|
2247619|
2247620|
2247621|
2247622|
2247623|
2247648|
2247649|
2247650|
2247651|
2247652|
2247653|
2247654|
2247655|
2247680|
2247681|
2247682|
2247683|
2247684|
2247685|
2247686|
2247687|
2247712|
2247713|
2247714|
2247715|
2247716|
2247717|
2247718|
2247719|
2247744|
2247745|
2247746|
2247747|
2247748|
2247749|
2247750|
2247751|
2247776|
2247777|
2247778|
2247779|
2247780|
2247781|
2247782|
2247783|
2247808|
2247809|
2247810|
2247811|
2247812|
2247813|
2247814|
2247815|
2247840|
2247841|
2247842|
2247843|
2247844|
2247845|
2247846|
2247847|
2247872|
2247873|
2247874|
2247875|
2247876|
2247877|
2247878|
2247879|
2247904|
2247905|
2247906|
2247907|
2247908|
2247909|
2247910|
2247911|
2247936|
2247937|
2247938|
2247939|
2247940|
2247941|
2247942|
2247943|
2247968|
2247969|
2247970|
2247971|
2247972|
2247973|
2247974|
2247975|
2248000|
2248001|
2248002|
2248003|
2248004|
2248005|
2248006|
2248007|
2248032|
2248033|
2248034|
2248035|
2248036|
2248037|
2248038|
2248039|
2248064|
2248065|
2248066|
2248067|
2248068|
2248069|
2248070|
2248071|
2248096|
2248097|
2248098|
2248099|
2248100|
2248101|
2248102|
2248103|
2248128|
2248129|
2248130|
2248131|
2248132|
2248133|
2248134|
2248135|
2248160|
2248161|
2248162|
2248163|
2248164|
2248165|
2248166|
2248167|
2248192|
2248193|
2248194|
2248195|
2248196|
2248197|
2248198|
2248199|
2248224|
2248225|
2248226|
2248227|
2248228|
2248229|
2248230|
2248231|
2248256|
2248257|
2248258|
2248259|
2248260|
2248261|
2248262|
2248263|
2248288|
2248289|
2248290|
2248291|
2248292|
2248293|
2248294|
2248295|
2248320|
2248321|
2248322|
2248323|
2248324|
2248325|
2248326|
2248327|
2248352|
2248353|
2248354|
2248355|
2248356|
2248357|
2248358|
2248359|
2248384|
2248385|
2248386|
2248387|
2248388|
2248389|
2248390|
2248391|
2248416|
2248417|
2248418|
2248419|
2248420|
2248421|
2248422|
2248423|
2248448|
2248449|
2248450|
2248451|
2248452|
2248453|
2248454|
2248455|
2248480|
2248481|
2248482|
2248483|
2248484|
2248485|
2248486|
2248487|
2248512|
2248513|
2248514|
2248515|
2248516|
2248517|
2248518|
2248519|
2248544|
2248545|
2248546|
2248547|
2248548|
2248549|
2248550|
2248551|
2248576|
2248577|
2248578|
2248579|
2248580|
2248581|
2248582|
2248583|
2248608|
2248609|
2248610|
2248611|
2248612|
2248613|
2248614|
2248615|
2248640|
2248641|
2248642|
2248643|
2248644|
2248645|
2248646|
2248647|
2248672|
2248673|
2248674|
2248675|
2248676|
2248677|
2248678|
2248679|
2248704|
2248705|
2248706|
2248707|
2248708|
2248709|
2248710|
2248711|
2248736|
2248737|
2248738|
2248739|
2248740|
2248741|
2248742|
2248743|
2248768|
2248769|
2248770|
2248771|
2248772|
2248773|
2248774|
2248775|
2248800|
2248801|
2248802|
2248803|
2248804|
2248805|
2248806|
2248807|
2248832|
2248833|
2248834|
2248835|
2248836|
2248837|
2248838|
2248839|
2248864|
2248865|
2248866|
2248867|
2248868|
2248869|
2248870|
2248871|
2248896|
2248897|
2248898|
2248899|
2248900|
2248901|
2248902|
2248903|
2248928|
2248929|
2248930|
2248931|
2248932|
2248933|
2248934|
2248935|
2248960|
2248961|
2248962|
2248963|
2248964|
2248965|
2248966|
2248967|
2248992|
2248993|
2248994|
2248995|
2248996|
2248997|
2248998|
2248999|
2249024|
2249025|
2249026|
2249027|
2249028|
2249029|
2249030|
2249031|
2249056|
2249057|
2249058|
2249059|
2249060|
2249061|
2249062|
2249063|
2249088|
2249089|
2249090|
2249091|
2249092|
2249093|
2249094|
2249095|
2249120|
2249121|
2249122|
2249123|
2249124|
2249125|
2249126|
2249127|
2249152|
2249153|
2249154|
2249155|
2249156|
2249157|
2249158|
2249159|
2249184|
2249185|
2249186|
2249187|
2249188|
2249189|
2249190|
2249191|
2249216|
2249217|
2249218|
2249219|
2249220|
2249221|
2249222|
2249223|
2249248|
2249249|
2249250|
2249251|
2249252|
2249253|
2249254|
2249255|
2249280|
2249281|
2249282|
2249283|
2249284|
2249285|
2249286|
2249287|
2249312|
2249313|
2249314|
2249315|
2249316|
2249317|
2249318|
2249319|
2249344|
2249345|
2249346|
2249347|
2249348|
2249349|
2249350|
2249351|
2249376|
2249377|
2249378|
2249379|
2249380|
2249381|
2249382|
2249383|
2249408|
2249409|
2249410|
2249411|
2249412|
2249413|
2249414|
2249415|
2249440|
2249441|
2249442|
2249443|
2249444|
2249445|
2249446|
2249447|
2249472|
2249473|
2249474|
2249475|
2249476|
2249477|
2249478|
2249479|
2249504|
2249505|
2249506|
2249507|
2249508|
2249509|
2249510|
2249511|
2249536|
2249537|
2249538|
2249539|
2249540|
2249541|
2249542|
2249543|
2249568|
2249569|
2249570|
2249571|
2249572|
2249573|
2249574|
2249575|
2249600|
2249601|
2249602|
2249603|
2249604|
2249605|
2249606|
2249607|
2249632|
2249633|
2249634|
2249635|
2249636|
2249637|
2249638|
2249639|
2249664|
2249665|
2249666|
2249667|
2249668|
2249669|
2249670|
2249671|
2249696|
2249697|
2249698|
2249699|
2249700|
2249701|
2249702|
2249703|
2249728|
2249729|
2249730|
2249731|
2249732|
2249733|
2249734|
2249735|
2249760|
2249761|
2249762|
2249763|
2249764|
2249765|
2249766|
2249767|
2249792|
2249793|
2249794|
2249795|
2249796|
2249797|
2249798|
2249799|
2249824|
2249825|
2249826|
2249827|
2249828|
2249829|
2249830|
2249831|
2249856|
2249857|
2249858|
2249859|
2249860|
2249861|
2249862|
2249863|
2249888|
2249889|
2249890|
2249891|
2249892|
2249893|
2249894|
2249895|
2249920|
2249921|
2249922|
2249923|
2249924|
2249925|
2249926|
2249927|
2249952|
2249953|
2249954|
2249955|
2249956|
2249957|
2249958|
2249959|
2249984|
2249985|
2249986|
2249987|
2249988|
