2297989|
2297990|
2297991|
2298016|
2298017|
2298018|
2298019|
2298020|
2298021|
2298022|
2298023|
2298048|
2298049|
2298050|
2298051|
2298052|
2298053|
2298054|
2298055|
2298080|
2298081|
2298082|
2298083|
2298084|
2298085|
2298086|
2298087|
2298112|
2298113|
2298114|
2298115|
2298116|
2298117|
2298118|
2298119|
2298144|
2298145|
2298146|
2298147|
2298148|
2298149|
2298150|
2298151|
2298176|
2298177|
2298178|
2298179|
2298180|
2298181|
2298182|
2298183|
2298208|
2298209|
2298210|
2298211|
2298212|
2298213|
2298214|
2298215|
2298240|
2298241|
2298242|
2298243|
2298244|
2298245|
2298246|
2298247|
2298272|
2298273|
2298274|
2298275|
2298276|
2298277|
2298278|
2298279|
2298304|
2298305|
2298306|
2298307|
2298308|
2298309|
2298310|
2298311|
2298336|
2298337|
2298338|
2298339|
2298340|
2298341|
2298342|
2298343|
2298368|
2298369|
2298370|
2298371|
2298372|
2298373|
2298374|
2298375|
2298400|
2298401|
2298402|
2298403|
2298404|
2298405|
2298406|
2298407|
2298432|
2298433|
2298434|
2298435|
2298436|
2298437|
2298438|
2298439|
2298464|
2298465|
2298466|
2298467|
2298468|
2298469|
2298470|
2298471|
2298496|
2298497|
2298498|
2298499|
2298500|
2298501|
2298502|
2298503|
2298528|
2298529|
2298530|
2298531|
2298532|
2298533|
2298534|
2298535|
2298560|
2298561|
2298562|
2298563|
2298564|
2298565|
2298566|
2298567|
2298592|
2298593|
2298594|
2298595|
2298596|
2298597|
2298598|
2298599|
2298624|
2298625|
2298626|
2298627|
2298628|
2298629|
2298630|
2298631|
2298656|
2298657|
2298658|
2298659|
2298660|
2298661|
2298662|
2298663|
2298688|
2298689|
2298690|
2298691|
2298692|
2298693|
2298694|
2298695|
2298720|
2298721|
2298722|
2298723|
2298724|
2298725|
2298726|
2298727|
2298752|
2298753|
2298754|
2298755|
2298756|
2298757|
2298758|
2298759|
2298784|
2298785|
2298786|
2298787|
2298788|
2298789|
2298790|
2298791|
2298816|
2298817|
2298818|
2298819|
2298820|
2298821|
2298822|
2298823|
2298848|
2298849|
2298850|
2298851|
2298852|
2298853|
2298854|
2298855|
2298880|
2298881|
2298882|
2298883|
2298884|
2298885|
2298886|
2298887|
2298912|
2298913|
2298914|
2298915|
2298916|
2298917|
2298918|
2298919|
2298944|
2298945|
2298946|
2298947|
2298948|
2298949|
2298950|
2298951|
2298976|
2298977|
2298978|
2298979|
2298980|
2298981|
2298982|
2298983|
2299008|
2299009|
2299010|
2299011|
2299012|
2299013|
2299014|
2299015|
2299040|
2299041|
2299042|
2299043|
2299044|
2299045|
2299046|
2299047|
2299072|
2299073|
2299074|
2299075|
2299076|
2299077|
2299078|
2299079|
2299104|
2299105|
2299106|
2299107|
2299108|
2299109|
2299110|
2299111|
2299136|
2299137|
2299138|
2299139|
2299140|
2299141|
2299142|
2299143|
2299168|
2299169|
2299170|
2299171|
2299172|
2299173|
2299174|
2299175|
2299200|
2299201|
2299202|
2299203|
2299204|
2299205|
2299206|
2299207|
2299232|
2299233|
2299234|
2299235|
2299236|
2299237|
2299238|
2299239|
2299264|
2299265|
2299266|
2299267|
2299268|
2299269|
2299270|
2299271|
2299296|
2299297|
2299298|
2299299|
2299300|
2299301|
2299302|
2299303|
2299328|
2299329|
2299330|
2299331|
2299332|
2299333|
2299334|
2299335|
2299360|
2299361|
2299362|
2299363|
2299364|
2299365|
2299366|
2299367|
2299392|
2299393|
2299394|
2299395|
2299396|
2299397|
2299398|
2299399|
2299424|
2299425|
2299426|
2299427|
2299428|
2299429|
2299430|
2299431|
2299456|
2299457|
2299458|
2299459|
2299460|
2299461|
2299462|
2299463|
2299488|
2299489|
2299490|
2299491|
2299492|
2299493|
2299494|
2299495|
2299520|
2299521|
2299522|
2299523|
2299524|
2299525|
2299526|
2299527|
2299552|
2299553|
2299554|
2299555|
2299556|
2299557|
2299558|
2299559|
2299584|
2299585|
2299586|
2299587|
2299588|
2299589|
2299590|
2299591|
2299616|
2299617|
2299618|
2299619|
2299620|
2299621|
2299622|
2299623|
2299648|
2299649|
2299650|
2299651|
2299652|
2299653|
2299654|
2299655|
2299680|
2299681|
2299682|
2299683|
2299684|
2299685|
2299686|
2299687|
2299712|
2299713|
2299714|
2299715|
2299716|
2299717|
2299718|
2299719|
2299744|
2299745|
2299746|
2299747|
2299748|
2299749|
2299750|
2299751|
2299776|
2299777|
2299778|
2299779|
2299780|
2299781|
2299782|
2299783|
2299808|
2299809|
2299810|
2299811|
2299812|
2299813|
2299814|
2299815|
2299840|
2299841|
2299842|
2299843|
2299844|
2299845|
2299846|
2299847|
2299872|
2299873|
2299874|
2299875|
2299876|
2299877|
2299878|
2299879|
2299904|
2299905|
2299906|
2299907|
2299908|
2299909|
2299910|
2299911|
2299936|
2299937|
2299938|
2299939|
2299940|
2299941|
2299942|
2299943|
2299968|
2299969|
2299970|
2299971|
2299972|
2299973|
2299974|
2299975|
2300000|
2300001|
2300002|
2300003|
2300004|
2300005|
2300006|
2300007|
2300032|
2300033|
2300034|
2300035|
2300036|
2300037|
2300038|
2300039|
2300064|
2300065|
2300066|
2300067|
2300068|
2300069|
2300070|
2300071|
2300096|
2300097|
2300098|
2300099|
2300100|
2300101|
2300102|
2300103|
2300128|
2300129|
2300130|
2300131|
2300132|
2300133|
2300134|
2300135|
2300160|
2300161|
2300162|
2300163|
2300164|
2300165|
2300166|
2300167|
2300192|
2300193|
2300194|
2300195|
2300196|
2300197|
2300198|
2300199|
2300224|
2300225|
2300226|
2300227|
2300228|
2300229|
2300230|
2300231|
2300256|
2300257|
2300258|
2300259|
2300260|
2300261|
2300262|
2300263|
2300288|
2300289|
2300290|
2300291|
2300292|
2300293|
2300294|
2300295|
2300320|
2300321|
2300322|
2300323|
2300324|
2300325|
2300326|
2300327|
2300352|
2300353|
2300354|
2300355|
2300356|
2300357|
2300358|
2300359|
2300384|
2300385|
2300386|
2300387|
2300388|
2300389|
2300390|
2300391|
2300416|
2300417|
2300418|
2300419|
2300420|
2300421|
2300422|
2300423|
2300448|
2300449|
2300450|
2300451|
2300452|
2300453|
2300454|
2300455|
2300480|
2300481|
2300482|
2300483|
2300484|
2300485|
2300486|
2300487|
2300512|
2300513|
2300514|
2300515|
2300516|
2300517|
2300518|
2300519|
2300544|
2300545|
2300546|
2300547|
2300548|
2300549|
2300550|
2300551|
2300576|
2300577|
2300578|
2300579|
2300580|
2300581|
2300582|
2300583|
2300608|
2300609|
2300610|
2300611|
2300612|
2300613|
2300614|
2300615|
2300640|
2300641|
2300642|
2300643|
2300644|
2300645|
2300646|
2300647|
2300672|
2300673|
2300674|
2300675|
2300676|
2300677|
2300678|
2300679|
2300704|
2300705|
2300706|
2300707|
2300708|
2300709|
2300710|
2300711|
2300736|
2300737|
2300738|
2300739|
2300740|
2300741|
2300742|
2300743|
2300768|
2300769|
2300770|
2300771|
2300772|
2300773|
2300774|
2300775|
2300800|
2300801|
2300802|
2300803|
2300804|
2300805|
2300806|
2300807|
2300832|
2300833|
2300834|
2300835|
2300836|
2300837|
2300838|
2300839|
2300864|
2300865|
2300866|
2300867|
2300868|
2300869|
2300870|
2300871|
2300896|
2300897|
2300898|
2300899|
2300900|
2300901|
2300902|
2300903|
2300928|
2300929|
2300930|
2300931|
2300932|
2300933|
2300934|
2300935|
2300960|
2300961|
2300962|
2300963|
2300964|
2300965|
2300966|
2300967|
2300992|
2300993|
2300994|
2300995|
2300996|
2300997|
2300998|
2300999|
2301024|
2301025|
2301026|
2301027|
2301028|
2301029|
2301030|
2301031|
2301056|
2301057|
2301058|
2301059|
2301060|
2301061|
2301062|
2301063|
2301088|
2301089|
2301090|
2301091|
2301092|
2301093|
2301094|
2301095|
2301120|
2301121|
2301122|
2301123|
2301124|
2301125|
2301126|
2301127|
2301152|
2301153|
2301154|
2301155|
2301156|
2301157|
2301158|
2301159|
2301184|
2301185|
2301186|
2301187|
2301188|
2301189|
2301190|
2301191|
2301216|
2301217|
2301218|
2301219|
2301220|
2301221|
2301222|
2301223|
2301248|
2301249|
2301250|
2301251|
2301252|
2301253|
2301254|
2301255|
2301280|
2301281|
2301282|
2301283|
2301284|
2301285|
2301286|
2301287|
2301312|
2301313|
2301314|
2301315|
2301316|
2301317|
2301318|
2301319|
2301344|
2301345|
2301346|
2301347|
2301348|
2301349|
2301350|
2301351|
2301376|
2301377|
2301378|
2301379|
2301380|
2301381|
2301382|
2301383|
2301408|
2301409|
2301410|
2301411|
2301412|
2301413|
2301414|
2301415|
2301440|
2301441|
2301442|
2301443|
2301444|
2301445|
2301446|
2301447|
2301472|
2301473|
2301474|
2301475|
2301476|
2301477|
2301478|
2301479|
2301504|
2301505|
2301506|
2301507|
2301508|
2301509|
2301510|
2301511|
2301536|
2301537|
2301538|
2301539|
2301540|
2301541|
2301542|
2301543|
2301568|
2301569|
2301570|
2301571|
2301572|
2301573|
2301574|
2301575|
2301600|
2301601|
2301602|
2301603|
2301604|
2301605|
2301606|
2301607|
2301632|
2301633|
2301634|
2301635|
2301636|
2301637|
2301638|
2301639|
2301664|
2301665|
2301666|
2301667|
2301668|
2301669|
2301670|
2301671|
2301696|
2301697|
2301698|
2301699|
2301700|
2301701|
2301702|
2301703|
2301728|
2301729|
2301730|
2301731|
2301732|
2301733|
2301734|
2301735|
2301760|
2301761|
2301762|
2301763|
2301764|
2301765|
2301766|
2301767|
2301792|
2301793|
2301794|
2301795|
2301796|
2301797|
2301798|
2301799|
2301824|
2301825|
2301826|
2301827|
2301828|
2301829|
2301830|
2301831|
2301856|
2301857|
2301858|
2301859|
2301860|
2301861|
2301862|
2301863|
2301888|
2301889|
2301890|
2301891|
2301892|
2301893|
2301894|
2301895|
2301920|
2301921|
2301922|
2301923|
2301924|
2301925|
2301926|
2301927|
2301952|
2301953|
2301954|
2301955|
2301956|
2301957|
2301958|
2301959|
2301984|
2301985|
2301986|
2301987|
2301988|
2301989|
2301990|
2301991|
2302016|
2302017|
2302018|
2302019|
2302020|
2302021|
2302022|
2302023|
2302048|
2302049|
2302050|
2302051|
2302052|
2302053|
2302054|
2302055|
2302080|
2302081|
2302082|
2302083|
2302084|
2302085|
2302086|
2302087|
2302112|
2302113|
2302114|
2302115|
2302116|
2302117|
2302118|
2302119|
2302144|
2302145|
2302146|
2302147|
2302148|
2302149|
2302150|
2302151|
2302176|
2302177|
2302178|
2302179|
2302180|
2302181|
2302182|
2302183|
2302208|
2302209|
2302210|
2302211|
2302212|
2302213|
2302214|
2302215|
2302240|
2302241|
2302242|
2302243|
2302244|
2302245|
2302246|
2302247|
2302272|
2302273|
2302274|
2302275|
2302276|
2302277|
2302278|
2302279|
2302304|
2302305|
2302306|
2302307|
2302308|
2302309|
2302310|
2302311|
2302336|
2302337|
2302338|
2302339|
2302340|
2302341|
2302342|
2302343|
2302368|
2302369|
2302370|
2302371|
2302372|
2302373|
2302374|
2302375|
2302400|
2302401|
2302402|
2302403|
2302404|
2302405|
2302406|
2302407|
2302432|
2302433|
2302434|
2302435|
2302436|
2302437|
2302438|
2302439|
2302464|
2302465|
2302466|
2302467|
2302468|
2302469|
2302470|
2302471|
2302496|
2302497|
2302498|
2302499|
2302500|
2302501|
2302502|
2302503|
2302528|
2302529|
2302530|
2302531|
2302532|
2302533|
2302534|
2302535|
2302560|
2302561|
2302562|
2302563|
2302564|
2302565|
2302566|
2302567|
2302592|
2302593|
2302594|
2302595|
2302596|
2302597|
2302598|
2302599|
2302624|
2302625|
2302626|
2302627|
2302628|
2302629|
2302630|
2302631|
2302656|
2302657|
2302658|
2302659|
2302660|
2302661|
2302662|
2302663|
2302688|
2302689|
2302690|
2302691|
2302692|
2302693|
2302694|
2302695|
2302720|
2302721|
2302722|
2302723|
2302724|
2302725|
2302726|
2302727|
2302752|
2302753|
2302754|
2302755|
2302756|
2302757|
2302758|
2302759|
2302784|
2302785|
2302786|
2302787|
2302788|
2302789|
2302790|
2302791|
2302816|
2302817|
2302818|
2302819|
2302820|
2302821|
2302822|
2302823|
2302848|
2302849|
2302850|
2302851|
2302852|
2302853|
2302854|
2302855|
2302880|
2302881|
2302882|
2302883|
2302884|
2302885|
2302886|
2302887|
2302912|
2302913|
2302914|
2302915|
2302916|
2302917|
2302918|
2302919|
2302944|
2302945|
2302946|
2302947|
2302948|
2302949|
2302950|
2302951|
2302976|
2302977|
2302978|
2302979|
2302980|
2302981|
2302982|
2302983|
2303008|
2303009|
2303010|
2303011|
2303012|
2303013|
2303014|
2303015|
2303040|
2303041|
2303042|
2303043|
2303044|
2303045|
2303046|
2303047|
2303072|
2303073|
2303074|
2303075|
2303076|
2303077|
2303078|
2303079|
2303104|
2303105|
2303106|
2303107|
2303108|
2303109|
2303110|
2303111|
2303136|
2303137|
2303138|
2303139|
2303140|
2303141|
2303142|
2303143|
2303168|
2303169|
2303170|
2303171|
2303172|
2303173|
2303174|
2303175|
2303200|
2303201|
2303202|
2303203|
2303204|
2303205|
2303206|
2303207|
2303232|
2303233|
2303234|
2303235|
2303236|
2303237|
2303238|
2303239|
2303264|
2303265|
2303266|
2303267|
2303268|
2303269|
2303270|
2303271|
2303296|
2303297|
2303298|
2303299|
2303300|
2303301|
2303302|
2303303|
2303328|
2303329|
2303330|
2303331|
2303332|
2303333|
2303334|
2303335|
2303360|
2303361|
2303362|
2303363|
2303364|
2303365|
2303366|
2303367|
2303392|
2303393|
2303394|
2303395|
2303396|
2303397|
2303398|
2303399|
2303424|
2303425|
2303426|
2303427|
2303428|
2303429|
2303430|
2303431|
2303456|
2303457|
2303458|
2303459|
2303460|
2303461|
2303462|
2303463|
2303488|
2303489|
2303490|
2303491|
2303492|
2303493|
2303494|
2303495|
2303520|
2303521|
2303522|
2303523|
2303524|
2303525|
2303526|
2303527|
2303552|
2303553|
2303554|
2303555|
2303556|
2303557|
2303558|
2303559|
2303584|
2303585|
2303586|
2303587|
2303588|
2303589|
2303590|
2303591|
2303616|
2303617|
2303618|
2303619|
2303620|
2303621|
2303622|
2303623|
2303648|
2303649|
2303650|
2303651|
2303652|
2303653|
2303654|
2303655|
2303680|
2303681|
2303682|
2303683|
2303684|
2303685|
2303686|
2303687|
2303712|
2303713|
2303714|
2303715|
2303716|
2303717|
2303718|
2303719|
2303744|
2303745|
2303746|
2303747|
2303748|
2303749|
2303750|
2303751|
2303776|
2303777|
2303778|
2303779|
2303780|
2303781|
2303782|
2303783|
2303808|
2303809|
2303810|
2303811|
2303812|
2303813|
2303814|
2303815|
2303840|
2303841|
2303842|
2303843|
2303844|
2303845|
2303846|
2303847|
2303872|
2303873|
2303874|
2303875|
2303876|
2303877|
2303878|
2303879|
2303904|
2303905|
2303906|
2303907|
2303908|
2303909|
2303910|
2303911|
2303936|
2303937|
2303938|
2303939|
2303940|
2303941|
2303942|
2303943|
2303968|
2303969|
2303970|
2303971|
2303972|
2303973|
2303974|
2303975|
2304000|
