161989|
161990|
161991|
162016|
162017|
162018|
162019|
162020|
162021|
162022|
162023|
162048|
162049|
162050|
162051|
162052|
162053|
162054|
162055|
162080|
162081|
162082|
162083|
162084|
162085|
162086|
162087|
162112|
162113|
162114|
162115|
162116|
162117|
162118|
162119|
162144|
162145|
162146|
162147|
162148|
162149|
162150|
162151|
162176|
162177|
162178|
162179|
162180|
162181|
162182|
162183|
162208|
162209|
162210|
162211|
162212|
162213|
162214|
162215|
162240|
162241|
162242|
162243|
162244|
162245|
162246|
162247|
162272|
162273|
162274|
162275|
162276|
162277|
162278|
162279|
162304|
162305|
162306|
162307|
162308|
162309|
162310|
162311|
162336|
162337|
162338|
162339|
162340|
162341|
162342|
162343|
162368|
162369|
162370|
162371|
162372|
162373|
162374|
162375|
162400|
162401|
162402|
162403|
162404|
162405|
162406|
162407|
162432|
162433|
162434|
162435|
162436|
162437|
162438|
162439|
162464|
162465|
162466|
162467|
162468|
162469|
162470|
162471|
162496|
162497|
162498|
162499|
162500|
162501|
162502|
162503|
162528|
162529|
162530|
162531|
162532|
162533|
162534|
162535|
162560|
162561|
162562|
162563|
162564|
162565|
162566|
162567|
162592|
162593|
162594|
162595|
162596|
162597|
162598|
162599|
162624|
162625|
162626|
162627|
162628|
162629|
162630|
162631|
162656|
162657|
162658|
162659|
162660|
162661|
162662|
162663|
162688|
162689|
162690|
162691|
162692|
162693|
162694|
162695|
162720|
162721|
162722|
162723|
162724|
162725|
162726|
162727|
162752|
162753|
162754|
162755|
162756|
162757|
162758|
162759|
162784|
162785|
162786|
162787|
162788|
162789|
162790|
162791|
162816|
162817|
162818|
162819|
162820|
162821|
162822|
162823|
162848|
162849|
162850|
162851|
162852|
162853|
162854|
162855|
162880|
162881|
162882|
162883|
162884|
162885|
162886|
162887|
162912|
162913|
162914|
162915|
162916|
162917|
162918|
162919|
162944|
162945|
162946|
162947|
162948|
162949|
162950|
162951|
162976|
162977|
162978|
162979|
162980|
162981|
162982|
162983|
163008|
163009|
163010|
163011|
163012|
163013|
163014|
163015|
163040|
163041|
163042|
163043|
163044|
163045|
163046|
163047|
163072|
163073|
163074|
163075|
163076|
163077|
163078|
163079|
163104|
163105|
163106|
163107|
163108|
163109|
163110|
163111|
163136|
163137|
163138|
163139|
163140|
163141|
163142|
163143|
163168|
163169|
163170|
163171|
163172|
163173|
163174|
163175|
163200|
163201|
163202|
163203|
163204|
163205|
163206|
163207|
163232|
163233|
163234|
163235|
163236|
163237|
163238|
163239|
163264|
163265|
163266|
163267|
163268|
163269|
163270|
163271|
163296|
163297|
163298|
163299|
163300|
163301|
163302|
163303|
163328|
163329|
163330|
163331|
163332|
163333|
163334|
163335|
163360|
163361|
163362|
163363|
163364|
163365|
163366|
163367|
163392|
163393|
163394|
163395|
163396|
163397|
163398|
163399|
163424|
163425|
163426|
163427|
163428|
163429|
163430|
163431|
163456|
163457|
163458|
163459|
163460|
163461|
163462|
163463|
163488|
163489|
163490|
163491|
163492|
163493|
163494|
163495|
163520|
163521|
163522|
163523|
163524|
163525|
163526|
163527|
163552|
163553|
163554|
163555|
163556|
163557|
163558|
163559|
163584|
163585|
163586|
163587|
163588|
163589|
163590|
163591|
163616|
163617|
163618|
163619|
163620|
163621|
163622|
163623|
163648|
163649|
163650|
163651|
163652|
163653|
163654|
163655|
163680|
163681|
163682|
163683|
163684|
163685|
163686|
163687|
163712|
163713|
163714|
163715|
163716|
163717|
163718|
163719|
163744|
163745|
163746|
163747|
163748|
163749|
163750|
163751|
163776|
163777|
163778|
163779|
163780|
163781|
163782|
163783|
163808|
163809|
163810|
163811|
163812|
163813|
163814|
163815|
163840|
163841|
163842|
163843|
163844|
163845|
163846|
163847|
163872|
163873|
163874|
163875|
163876|
163877|
163878|
163879|
163904|
163905|
163906|
163907|
163908|
163909|
163910|
163911|
163936|
163937|
163938|
163939|
163940|
163941|
163942|
163943|
163968|
163969|
163970|
163971|
163972|
163973|
163974|
163975|
164000|
164001|
164002|
164003|
164004|
164005|
164006|
164007|
164032|
164033|
164034|
164035|
164036|
164037|
164038|
164039|
164064|
164065|
164066|
164067|
164068|
164069|
164070|
164071|
164096|
164097|
164098|
164099|
164100|
164101|
164102|
164103|
164128|
164129|
164130|
164131|
164132|
164133|
164134|
164135|
164160|
164161|
164162|
164163|
164164|
164165|
164166|
164167|
164192|
164193|
164194|
164195|
164196|
164197|
164198|
164199|
164224|
164225|
164226|
164227|
164228|
164229|
164230|
164231|
164256|
164257|
164258|
164259|
164260|
164261|
164262|
164263|
164288|
164289|
164290|
164291|
164292|
164293|
164294|
164295|
164320|
164321|
164322|
164323|
164324|
164325|
164326|
164327|
164352|
164353|
164354|
164355|
164356|
164357|
164358|
164359|
164384|
164385|
164386|
164387|
164388|
164389|
164390|
164391|
164416|
164417|
164418|
164419|
164420|
164421|
164422|
164423|
164448|
164449|
164450|
164451|
164452|
164453|
164454|
164455|
164480|
164481|
164482|
164483|
164484|
164485|
164486|
164487|
164512|
164513|
164514|
164515|
164516|
164517|
164518|
164519|
164544|
164545|
164546|
164547|
164548|
164549|
164550|
164551|
164576|
164577|
164578|
164579|
164580|
164581|
164582|
164583|
164608|
164609|
164610|
164611|
164612|
164613|
164614|
164615|
164640|
164641|
164642|
164643|
164644|
164645|
164646|
164647|
164672|
164673|
164674|
164675|
164676|
164677|
164678|
164679|
164704|
164705|
164706|
164707|
164708|
164709|
164710|
164711|
164736|
164737|
164738|
164739|
164740|
164741|
164742|
164743|
164768|
164769|
164770|
164771|
164772|
164773|
164774|
164775|
164800|
164801|
164802|
164803|
164804|
164805|
164806|
164807|
164832|
164833|
164834|
164835|
164836|
164837|
164838|
164839|
164864|
164865|
164866|
164867|
164868|
164869|
164870|
164871|
164896|
164897|
164898|
164899|
164900|
164901|
164902|
164903|
164928|
164929|
164930|
164931|
164932|
164933|
164934|
164935|
164960|
164961|
164962|
164963|
164964|
164965|
164966|
164967|
164992|
164993|
164994|
164995|
164996|
164997|
164998|
164999|
165024|
165025|
165026|
165027|
165028|
165029|
165030|
165031|
165056|
165057|
165058|
165059|
165060|
165061|
165062|
165063|
165088|
165089|
165090|
165091|
165092|
165093|
165094|
165095|
165120|
165121|
165122|
165123|
165124|
165125|
165126|
165127|
165152|
165153|
165154|
165155|
165156|
165157|
165158|
165159|
165184|
165185|
165186|
165187|
165188|
165189|
165190|
165191|
165216|
165217|
165218|
165219|
165220|
165221|
165222|
165223|
165248|
165249|
165250|
165251|
165252|
165253|
165254|
165255|
165280|
165281|
165282|
165283|
165284|
165285|
165286|
165287|
165312|
165313|
165314|
165315|
165316|
165317|
165318|
165319|
165344|
165345|
165346|
165347|
165348|
165349|
165350|
165351|
165376|
165377|
165378|
165379|
165380|
165381|
165382|
165383|
165408|
165409|
165410|
165411|
165412|
165413|
165414|
165415|
165440|
165441|
165442|
165443|
165444|
165445|
165446|
165447|
165472|
165473|
165474|
165475|
165476|
165477|
165478|
165479|
165504|
165505|
165506|
165507|
165508|
165509|
165510|
165511|
165536|
165537|
165538|
165539|
165540|
165541|
165542|
165543|
165568|
165569|
165570|
165571|
165572|
165573|
165574|
165575|
165600|
165601|
165602|
165603|
165604|
165605|
165606|
165607|
165632|
165633|
165634|
165635|
165636|
165637|
165638|
165639|
165664|
165665|
165666|
165667|
165668|
165669|
165670|
165671|
165696|
165697|
165698|
165699|
165700|
165701|
165702|
165703|
165728|
165729|
165730|
165731|
165732|
165733|
165734|
165735|
165760|
165761|
165762|
165763|
165764|
165765|
165766|
165767|
165792|
165793|
165794|
165795|
165796|
165797|
165798|
165799|
165824|
165825|
165826|
165827|
165828|
165829|
165830|
165831|
165856|
165857|
165858|
165859|
165860|
165861|
165862|
165863|
165888|
165889|
165890|
165891|
165892|
165893|
165894|
165895|
165920|
165921|
165922|
165923|
165924|
165925|
165926|
165927|
165952|
165953|
165954|
165955|
165956|
165957|
165958|
165959|
165984|
165985|
165986|
165987|
165988|
165989|
165990|
165991|
166016|
166017|
166018|
166019|
166020|
166021|
166022|
166023|
166048|
166049|
166050|
166051|
166052|
166053|
166054|
166055|
166080|
166081|
166082|
166083|
166084|
166085|
166086|
166087|
166112|
166113|
166114|
166115|
166116|
166117|
166118|
166119|
166144|
166145|
166146|
166147|
166148|
166149|
166150|
166151|
166176|
166177|
166178|
166179|
166180|
166181|
166182|
166183|
166208|
166209|
166210|
166211|
166212|
166213|
166214|
166215|
166240|
166241|
166242|
166243|
166244|
166245|
166246|
166247|
166272|
166273|
166274|
166275|
166276|
166277|
166278|
166279|
166304|
166305|
166306|
166307|
166308|
166309|
166310|
166311|
166336|
166337|
166338|
166339|
166340|
166341|
166342|
166343|
166368|
166369|
166370|
166371|
166372|
166373|
166374|
166375|
166400|
166401|
166402|
166403|
166404|
166405|
166406|
166407|
166432|
166433|
166434|
166435|
166436|
166437|
166438|
166439|
166464|
166465|
166466|
166467|
166468|
166469|
166470|
166471|
166496|
166497|
166498|
166499|
166500|
166501|
166502|
166503|
166528|
166529|
166530|
166531|
166532|
166533|
166534|
166535|
166560|
166561|
166562|
166563|
166564|
166565|
166566|
166567|
166592|
166593|
166594|
166595|
166596|
166597|
166598|
166599|
166624|
166625|
166626|
166627|
166628|
166629|
166630|
166631|
166656|
166657|
166658|
166659|
166660|
166661|
166662|
166663|
166688|
166689|
166690|
166691|
166692|
166693|
166694|
166695|
166720|
166721|
166722|
166723|
166724|
166725|
166726|
166727|
166752|
166753|
166754|
166755|
166756|
166757|
166758|
166759|
166784|
166785|
166786|
166787|
166788|
166789|
166790|
166791|
166816|
166817|
166818|
166819|
166820|
166821|
166822|
166823|
166848|
166849|
166850|
166851|
166852|
166853|
166854|
166855|
166880|
166881|
166882|
166883|
166884|
166885|
166886|
166887|
166912|
166913|
166914|
166915|
166916|
166917|
166918|
166919|
166944|
166945|
166946|
166947|
166948|
166949|
166950|
166951|
166976|
166977|
166978|
166979|
166980|
166981|
166982|
166983|
167008|
167009|
167010|
167011|
167012|
167013|
167014|
167015|
167040|
167041|
167042|
167043|
167044|
167045|
167046|
167047|
167072|
167073|
167074|
167075|
167076|
167077|
167078|
167079|
167104|
167105|
167106|
167107|
167108|
167109|
167110|
167111|
167136|
167137|
167138|
167139|
167140|
167141|
167142|
167143|
167168|
167169|
167170|
167171|
167172|
167173|
167174|
167175|
167200|
167201|
167202|
167203|
167204|
167205|
167206|
167207|
167232|
167233|
167234|
167235|
167236|
167237|
167238|
167239|
167264|
167265|
167266|
167267|
167268|
167269|
167270|
167271|
167296|
167297|
167298|
167299|
167300|
167301|
167302|
167303|
167328|
167329|
167330|
167331|
167332|
167333|
167334|
167335|
167360|
167361|
167362|
167363|
167364|
167365|
167366|
167367|
167392|
167393|
167394|
167395|
167396|
167397|
167398|
167399|
167424|
167425|
167426|
167427|
167428|
167429|
167430|
167431|
167456|
167457|
167458|
167459|
167460|
167461|
167462|
167463|
167488|
167489|
167490|
167491|
167492|
167493|
167494|
167495|
167520|
167521|
167522|
167523|
167524|
167525|
167526|
167527|
167552|
167553|
167554|
167555|
167556|
167557|
167558|
167559|
167584|
167585|
167586|
167587|
167588|
167589|
167590|
167591|
167616|
167617|
167618|
167619|
167620|
167621|
167622|
167623|
167648|
167649|
167650|
167651|
167652|
167653|
167654|
167655|
167680|
167681|
167682|
167683|
167684|
167685|
167686|
167687|
167712|
167713|
167714|
167715|
167716|
167717|
167718|
167719|
167744|
167745|
167746|
167747|
167748|
167749|
167750|
167751|
167776|
167777|
167778|
167779|
167780|
167781|
167782|
167783|
167808|
167809|
167810|
167811|
167812|
167813|
167814|
167815|
167840|
167841|
167842|
167843|
167844|
167845|
167846|
167847|
167872|
167873|
167874|
167875|
167876|
167877|
167878|
167879|
167904|
167905|
167906|
167907|
167908|
167909|
167910|
167911|
167936|
167937|
167938|
167939|
167940|
167941|
167942|
167943|
167968|
167969|
167970|
167971|
167972|
167973|
167974|
167975|
168000|
