1205989|
1205990|
1205991|
1206016|
1206017|
1206018|
1206019|
1206020|
1206021|
1206022|
1206023|
1206048|
1206049|
1206050|
1206051|
1206052|
1206053|
1206054|
1206055|
1206080|
1206081|
1206082|
1206083|
1206084|
1206085|
1206086|
1206087|
1206112|
1206113|
1206114|
1206115|
1206116|
1206117|
1206118|
1206119|
1206144|
1206145|
1206146|
1206147|
1206148|
1206149|
1206150|
1206151|
1206176|
1206177|
1206178|
1206179|
1206180|
1206181|
1206182|
1206183|
1206208|
1206209|
1206210|
1206211|
1206212|
1206213|
1206214|
1206215|
1206240|
1206241|
1206242|
1206243|
1206244|
1206245|
1206246|
1206247|
1206272|
1206273|
1206274|
1206275|
1206276|
1206277|
1206278|
1206279|
1206304|
1206305|
1206306|
1206307|
1206308|
1206309|
1206310|
1206311|
1206336|
1206337|
1206338|
1206339|
1206340|
1206341|
1206342|
1206343|
1206368|
1206369|
1206370|
1206371|
1206372|
1206373|
1206374|
1206375|
1206400|
1206401|
1206402|
1206403|
1206404|
1206405|
1206406|
1206407|
1206432|
1206433|
1206434|
1206435|
1206436|
1206437|
1206438|
1206439|
1206464|
1206465|
1206466|
1206467|
1206468|
1206469|
1206470|
1206471|
1206496|
1206497|
1206498|
1206499|
1206500|
1206501|
1206502|
1206503|
1206528|
1206529|
1206530|
1206531|
1206532|
1206533|
1206534|
1206535|
1206560|
1206561|
1206562|
1206563|
1206564|
1206565|
1206566|
1206567|
1206592|
1206593|
1206594|
1206595|
1206596|
1206597|
1206598|
1206599|
1206624|
1206625|
1206626|
1206627|
1206628|
1206629|
1206630|
1206631|
1206656|
1206657|
1206658|
1206659|
1206660|
1206661|
1206662|
1206663|
1206688|
1206689|
1206690|
1206691|
1206692|
1206693|
1206694|
1206695|
1206720|
1206721|
1206722|
1206723|
1206724|
1206725|
1206726|
1206727|
1206752|
1206753|
1206754|
1206755|
1206756|
1206757|
1206758|
1206759|
1206784|
1206785|
1206786|
1206787|
1206788|
1206789|
1206790|
1206791|
1206816|
1206817|
1206818|
1206819|
1206820|
1206821|
1206822|
1206823|
1206848|
1206849|
1206850|
1206851|
1206852|
1206853|
1206854|
1206855|
1206880|
1206881|
1206882|
1206883|
1206884|
1206885|
1206886|
1206887|
1206912|
1206913|
1206914|
1206915|
1206916|
1206917|
1206918|
1206919|
1206944|
1206945|
1206946|
1206947|
1206948|
1206949|
1206950|
1206951|
1206976|
1206977|
1206978|
1206979|
1206980|
1206981|
1206982|
1206983|
1207008|
1207009|
1207010|
1207011|
1207012|
1207013|
1207014|
1207015|
1207040|
1207041|
1207042|
1207043|
1207044|
1207045|
1207046|
1207047|
1207072|
1207073|
1207074|
1207075|
1207076|
1207077|
1207078|
1207079|
1207104|
1207105|
1207106|
1207107|
1207108|
1207109|
1207110|
1207111|
1207136|
1207137|
1207138|
1207139|
1207140|
1207141|
1207142|
1207143|
1207168|
1207169|
1207170|
1207171|
1207172|
1207173|
1207174|
1207175|
1207200|
1207201|
1207202|
1207203|
1207204|
1207205|
1207206|
1207207|
1207232|
1207233|
1207234|
1207235|
1207236|
1207237|
1207238|
1207239|
1207264|
1207265|
1207266|
1207267|
1207268|
1207269|
1207270|
1207271|
1207296|
1207297|
1207298|
1207299|
1207300|
1207301|
1207302|
1207303|
1207328|
1207329|
1207330|
1207331|
1207332|
1207333|
1207334|
1207335|
1207360|
1207361|
1207362|
1207363|
1207364|
1207365|
1207366|
1207367|
1207392|
1207393|
1207394|
1207395|
1207396|
1207397|
1207398|
1207399|
1207424|
1207425|
1207426|
1207427|
1207428|
1207429|
1207430|
1207431|
1207456|
1207457|
1207458|
1207459|
1207460|
1207461|
1207462|
1207463|
1207488|
1207489|
1207490|
1207491|
1207492|
1207493|
1207494|
1207495|
1207520|
1207521|
1207522|
1207523|
1207524|
1207525|
1207526|
1207527|
1207552|
1207553|
1207554|
1207555|
1207556|
1207557|
1207558|
1207559|
1207584|
1207585|
1207586|
1207587|
1207588|
1207589|
1207590|
1207591|
1207616|
1207617|
1207618|
1207619|
1207620|
1207621|
1207622|
1207623|
1207648|
1207649|
1207650|
1207651|
1207652|
1207653|
1207654|
1207655|
1207680|
1207681|
1207682|
1207683|
1207684|
1207685|
1207686|
1207687|
1207712|
1207713|
1207714|
1207715|
1207716|
1207717|
1207718|
1207719|
1207744|
1207745|
1207746|
1207747|
1207748|
1207749|
1207750|
1207751|
1207776|
1207777|
1207778|
1207779|
1207780|
1207781|
1207782|
1207783|
1207808|
1207809|
1207810|
1207811|
1207812|
1207813|
1207814|
1207815|
1207840|
1207841|
1207842|
1207843|
1207844|
1207845|
1207846|
1207847|
1207872|
1207873|
1207874|
1207875|
1207876|
1207877|
1207878|
1207879|
1207904|
1207905|
1207906|
1207907|
1207908|
1207909|
1207910|
1207911|
1207936|
1207937|
1207938|
1207939|
1207940|
1207941|
1207942|
1207943|
1207968|
1207969|
1207970|
1207971|
1207972|
1207973|
1207974|
1207975|
1208000|
1208001|
1208002|
1208003|
1208004|
1208005|
1208006|
1208007|
1208032|
1208033|
1208034|
1208035|
1208036|
1208037|
1208038|
1208039|
1208064|
1208065|
1208066|
1208067|
1208068|
1208069|
1208070|
1208071|
1208096|
1208097|
1208098|
1208099|
1208100|
1208101|
1208102|
1208103|
1208128|
1208129|
1208130|
1208131|
1208132|
1208133|
1208134|
1208135|
1208160|
1208161|
1208162|
1208163|
1208164|
1208165|
1208166|
1208167|
1208192|
1208193|
1208194|
1208195|
1208196|
1208197|
1208198|
1208199|
1208224|
1208225|
1208226|
1208227|
1208228|
1208229|
1208230|
1208231|
1208256|
1208257|
1208258|
1208259|
1208260|
1208261|
1208262|
1208263|
1208288|
1208289|
1208290|
1208291|
1208292|
1208293|
1208294|
1208295|
1208320|
1208321|
1208322|
1208323|
1208324|
1208325|
1208326|
1208327|
1208352|
1208353|
1208354|
1208355|
1208356|
1208357|
1208358|
1208359|
1208384|
1208385|
1208386|
1208387|
1208388|
1208389|
1208390|
1208391|
1208416|
1208417|
1208418|
1208419|
1208420|
1208421|
1208422|
1208423|
1208448|
1208449|
1208450|
1208451|
1208452|
1208453|
1208454|
1208455|
1208480|
1208481|
1208482|
1208483|
1208484|
1208485|
1208486|
1208487|
1208512|
1208513|
1208514|
1208515|
1208516|
1208517|
1208518|
1208519|
1208544|
1208545|
1208546|
1208547|
1208548|
1208549|
1208550|
1208551|
1208576|
1208577|
1208578|
1208579|
1208580|
1208581|
1208582|
1208583|
1208608|
1208609|
1208610|
1208611|
1208612|
1208613|
1208614|
1208615|
1208640|
1208641|
1208642|
1208643|
1208644|
1208645|
1208646|
1208647|
1208672|
1208673|
1208674|
1208675|
1208676|
1208677|
1208678|
1208679|
1208704|
1208705|
1208706|
1208707|
1208708|
1208709|
1208710|
1208711|
1208736|
1208737|
1208738|
1208739|
1208740|
1208741|
1208742|
1208743|
1208768|
1208769|
1208770|
1208771|
1208772|
1208773|
1208774|
1208775|
1208800|
1208801|
1208802|
1208803|
1208804|
1208805|
1208806|
1208807|
1208832|
1208833|
1208834|
1208835|
1208836|
1208837|
1208838|
1208839|
1208864|
1208865|
1208866|
1208867|
1208868|
1208869|
1208870|
1208871|
1208896|
1208897|
1208898|
1208899|
1208900|
1208901|
1208902|
1208903|
1208928|
1208929|
1208930|
1208931|
1208932|
1208933|
1208934|
1208935|
1208960|
1208961|
1208962|
1208963|
1208964|
1208965|
1208966|
1208967|
1208992|
1208993|
1208994|
1208995|
1208996|
1208997|
1208998|
1208999|
1209024|
1209025|
1209026|
1209027|
1209028|
1209029|
1209030|
1209031|
1209056|
1209057|
1209058|
1209059|
1209060|
1209061|
1209062|
1209063|
1209088|
1209089|
1209090|
1209091|
1209092|
1209093|
1209094|
1209095|
1209120|
1209121|
1209122|
1209123|
1209124|
1209125|
1209126|
1209127|
1209152|
1209153|
1209154|
1209155|
1209156|
1209157|
1209158|
1209159|
1209184|
1209185|
1209186|
1209187|
1209188|
1209189|
1209190|
1209191|
1209216|
1209217|
1209218|
1209219|
1209220|
1209221|
1209222|
1209223|
1209248|
1209249|
1209250|
1209251|
1209252|
1209253|
1209254|
1209255|
1209280|
1209281|
1209282|
1209283|
1209284|
1209285|
1209286|
1209287|
1209312|
1209313|
1209314|
1209315|
1209316|
1209317|
1209318|
1209319|
1209344|
1209345|
1209346|
1209347|
1209348|
1209349|
1209350|
1209351|
1209376|
1209377|
1209378|
1209379|
1209380|
1209381|
1209382|
1209383|
1209408|
1209409|
1209410|
1209411|
1209412|
1209413|
1209414|
1209415|
1209440|
1209441|
1209442|
1209443|
1209444|
1209445|
1209446|
1209447|
1209472|
1209473|
1209474|
1209475|
1209476|
1209477|
1209478|
1209479|
1209504|
1209505|
1209506|
1209507|
1209508|
1209509|
1209510|
1209511|
1209536|
1209537|
1209538|
1209539|
1209540|
1209541|
1209542|
1209543|
1209568|
1209569|
1209570|
1209571|
1209572|
1209573|
1209574|
1209575|
1209600|
1209601|
1209602|
1209603|
1209604|
1209605|
1209606|
1209607|
1209632|
1209633|
1209634|
1209635|
1209636|
1209637|
1209638|
1209639|
1209664|
1209665|
1209666|
1209667|
1209668|
1209669|
1209670|
1209671|
1209696|
1209697|
1209698|
1209699|
1209700|
1209701|
1209702|
1209703|
1209728|
1209729|
1209730|
1209731|
1209732|
1209733|
1209734|
1209735|
1209760|
1209761|
1209762|
1209763|
1209764|
1209765|
1209766|
1209767|
1209792|
1209793|
1209794|
1209795|
1209796|
1209797|
1209798|
1209799|
1209824|
1209825|
1209826|
1209827|
1209828|
1209829|
1209830|
1209831|
1209856|
1209857|
1209858|
1209859|
1209860|
1209861|
1209862|
1209863|
1209888|
1209889|
1209890|
1209891|
1209892|
1209893|
1209894|
1209895|
1209920|
1209921|
1209922|
1209923|
1209924|
1209925|
1209926|
1209927|
1209952|
1209953|
1209954|
1209955|
1209956|
1209957|
1209958|
1209959|
1209984|
1209985|
1209986|
1209987|
1209988|
1209989|
1209990|
1209991|
1210016|
1210017|
1210018|
1210019|
1210020|
1210021|
1210022|
1210023|
1210048|
1210049|
1210050|
1210051|
1210052|
1210053|
1210054|
1210055|
1210080|
1210081|
1210082|
1210083|
1210084|
1210085|
1210086|
1210087|
1210112|
1210113|
1210114|
1210115|
1210116|
1210117|
1210118|
1210119|
1210144|
1210145|
1210146|
1210147|
1210148|
1210149|
1210150|
1210151|
1210176|
1210177|
1210178|
1210179|
1210180|
1210181|
1210182|
1210183|
1210208|
1210209|
1210210|
1210211|
1210212|
1210213|
1210214|
1210215|
1210240|
1210241|
1210242|
1210243|
1210244|
1210245|
1210246|
1210247|
1210272|
1210273|
1210274|
1210275|
1210276|
1210277|
1210278|
1210279|
1210304|
1210305|
1210306|
1210307|
1210308|
1210309|
1210310|
1210311|
1210336|
1210337|
1210338|
1210339|
1210340|
1210341|
1210342|
1210343|
1210368|
1210369|
1210370|
1210371|
1210372|
1210373|
1210374|
1210375|
1210400|
1210401|
1210402|
1210403|
1210404|
1210405|
1210406|
1210407|
1210432|
1210433|
1210434|
1210435|
1210436|
1210437|
1210438|
1210439|
1210464|
1210465|
1210466|
1210467|
1210468|
1210469|
1210470|
1210471|
1210496|
1210497|
1210498|
1210499|
1210500|
1210501|
1210502|
1210503|
1210528|
1210529|
1210530|
1210531|
1210532|
1210533|
1210534|
1210535|
1210560|
1210561|
1210562|
1210563|
1210564|
1210565|
1210566|
1210567|
1210592|
1210593|
1210594|
1210595|
1210596|
1210597|
1210598|
1210599|
1210624|
1210625|
1210626|
1210627|
1210628|
1210629|
1210630|
1210631|
1210656|
1210657|
1210658|
1210659|
1210660|
1210661|
1210662|
1210663|
1210688|
1210689|
1210690|
1210691|
1210692|
1210693|
1210694|
1210695|
1210720|
1210721|
1210722|
1210723|
1210724|
1210725|
1210726|
1210727|
1210752|
1210753|
1210754|
1210755|
1210756|
1210757|
1210758|
1210759|
1210784|
1210785|
1210786|
1210787|
1210788|
1210789|
1210790|
1210791|
1210816|
1210817|
1210818|
1210819|
1210820|
1210821|
1210822|
1210823|
1210848|
1210849|
1210850|
1210851|
1210852|
1210853|
1210854|
1210855|
1210880|
1210881|
1210882|
1210883|
1210884|
1210885|
1210886|
1210887|
1210912|
1210913|
1210914|
1210915|
1210916|
1210917|
1210918|
1210919|
1210944|
1210945|
1210946|
1210947|
1210948|
1210949|
1210950|
1210951|
1210976|
1210977|
1210978|
1210979|
1210980|
1210981|
1210982|
1210983|
1211008|
1211009|
1211010|
1211011|
1211012|
1211013|
1211014|
1211015|
1211040|
1211041|
1211042|
1211043|
1211044|
1211045|
1211046|
1211047|
1211072|
1211073|
1211074|
1211075|
1211076|
1211077|
1211078|
1211079|
1211104|
1211105|
1211106|
1211107|
1211108|
1211109|
1211110|
1211111|
1211136|
1211137|
1211138|
1211139|
1211140|
1211141|
1211142|
1211143|
1211168|
1211169|
1211170|
1211171|
1211172|
1211173|
1211174|
1211175|
1211200|
1211201|
1211202|
1211203|
1211204|
1211205|
1211206|
1211207|
1211232|
1211233|
1211234|
1211235|
1211236|
1211237|
1211238|
1211239|
1211264|
1211265|
1211266|
1211267|
1211268|
1211269|
1211270|
1211271|
1211296|
1211297|
1211298|
1211299|
1211300|
1211301|
1211302|
1211303|
1211328|
1211329|
1211330|
1211331|
1211332|
1211333|
1211334|
1211335|
1211360|
1211361|
1211362|
1211363|
1211364|
1211365|
1211366|
1211367|
1211392|
1211393|
1211394|
1211395|
1211396|
1211397|
1211398|
1211399|
1211424|
1211425|
1211426|
1211427|
1211428|
1211429|
1211430|
1211431|
1211456|
1211457|
1211458|
1211459|
1211460|
1211461|
1211462|
1211463|
1211488|
1211489|
1211490|
1211491|
1211492|
1211493|
1211494|
1211495|
1211520|
1211521|
1211522|
1211523|
1211524|
1211525|
1211526|
1211527|
1211552|
1211553|
1211554|
1211555|
1211556|
1211557|
1211558|
1211559|
1211584|
1211585|
1211586|
1211587|
1211588|
1211589|
1211590|
1211591|
1211616|
1211617|
1211618|
1211619|
1211620|
1211621|
1211622|
1211623|
1211648|
1211649|
1211650|
1211651|
1211652|
1211653|
1211654|
1211655|
1211680|
1211681|
1211682|
1211683|
1211684|
1211685|
1211686|
1211687|
1211712|
1211713|
1211714|
1211715|
1211716|
1211717|
1211718|
1211719|
1211744|
1211745|
1211746|
1211747|
1211748|
1211749|
1211750|
1211751|
1211776|
1211777|
1211778|
1211779|
1211780|
1211781|
1211782|
1211783|
1211808|
1211809|
1211810|
1211811|
1211812|
1211813|
1211814|
1211815|
1211840|
1211841|
1211842|
1211843|
1211844|
1211845|
1211846|
1211847|
1211872|
1211873|
1211874|
1211875|
1211876|
1211877|
1211878|
1211879|
1211904|
1211905|
1211906|
1211907|
1211908|
1211909|
1211910|
1211911|
1211936|
1211937|
1211938|
1211939|
1211940|
1211941|
1211942|
1211943|
1211968|
1211969|
1211970|
1211971|
1211972|
1211973|
1211974|
1211975|
1212000|
