108001|
108002|
108003|
108004|
108005|
108006|
108007|
108032|
108033|
108034|
108035|
108036|
108037|
108038|
108039|
108064|
108065|
108066|
108067|
108068|
108069|
108070|
108071|
108096|
108097|
108098|
108099|
108100|
108101|
108102|
108103|
108128|
108129|
108130|
108131|
108132|
108133|
108134|
108135|
108160|
108161|
108162|
108163|
108164|
108165|
108166|
108167|
108192|
108193|
108194|
108195|
108196|
108197|
108198|
108199|
108224|
108225|
108226|
108227|
108228|
108229|
108230|
108231|
108256|
108257|
108258|
108259|
108260|
108261|
108262|
108263|
108288|
108289|
108290|
108291|
108292|
108293|
108294|
108295|
108320|
108321|
108322|
108323|
108324|
108325|
108326|
108327|
108352|
108353|
108354|
108355|
108356|
108357|
108358|
108359|
108384|
108385|
108386|
108387|
108388|
108389|
108390|
108391|
108416|
108417|
108418|
108419|
108420|
108421|
108422|
108423|
108448|
108449|
108450|
108451|
108452|
108453|
108454|
108455|
108480|
108481|
108482|
108483|
108484|
108485|
108486|
108487|
108512|
108513|
108514|
108515|
108516|
108517|
108518|
108519|
108544|
108545|
108546|
108547|
108548|
108549|
108550|
108551|
108576|
108577|
108578|
108579|
108580|
108581|
108582|
108583|
108608|
108609|
108610|
108611|
108612|
108613|
108614|
108615|
108640|
108641|
108642|
108643|
108644|
108645|
108646|
108647|
108672|
108673|
108674|
108675|
108676|
108677|
108678|
108679|
108704|
108705|
108706|
108707|
108708|
108709|
108710|
108711|
108736|
108737|
108738|
108739|
108740|
108741|
108742|
108743|
108768|
108769|
108770|
108771|
108772|
108773|
108774|
108775|
108800|
108801|
108802|
108803|
108804|
108805|
108806|
108807|
108832|
108833|
108834|
108835|
108836|
108837|
108838|
108839|
108864|
108865|
108866|
108867|
108868|
108869|
108870|
108871|
108896|
108897|
108898|
108899|
108900|
108901|
108902|
108903|
108928|
108929|
108930|
108931|
108932|
108933|
108934|
108935|
108960|
108961|
108962|
108963|
108964|
108965|
108966|
108967|
108992|
108993|
108994|
108995|
108996|
108997|
108998|
108999|
109024|
109025|
109026|
109027|
109028|
109029|
109030|
109031|
109056|
109057|
109058|
109059|
109060|
109061|
109062|
109063|
109088|
109089|
109090|
109091|
109092|
109093|
109094|
109095|
109120|
109121|
109122|
109123|
109124|
109125|
109126|
109127|
109152|
109153|
109154|
109155|
109156|
109157|
109158|
109159|
109184|
109185|
109186|
109187|
109188|
109189|
109190|
109191|
109216|
109217|
109218|
109219|
109220|
109221|
109222|
109223|
109248|
109249|
109250|
109251|
109252|
109253|
109254|
109255|
109280|
109281|
109282|
109283|
109284|
109285|
109286|
109287|
109312|
109313|
109314|
109315|
109316|
109317|
109318|
109319|
109344|
109345|
109346|
109347|
109348|
109349|
109350|
109351|
109376|
109377|
109378|
109379|
109380|
109381|
109382|
109383|
109408|
109409|
109410|
109411|
109412|
109413|
109414|
109415|
109440|
109441|
109442|
109443|
109444|
109445|
109446|
109447|
109472|
109473|
109474|
109475|
109476|
109477|
109478|
109479|
109504|
109505|
109506|
109507|
109508|
109509|
109510|
109511|
109536|
109537|
109538|
109539|
109540|
109541|
109542|
109543|
109568|
109569|
109570|
109571|
109572|
109573|
109574|
109575|
109600|
109601|
109602|
109603|
109604|
109605|
109606|
109607|
109632|
109633|
109634|
109635|
109636|
109637|
109638|
109639|
109664|
109665|
109666|
109667|
109668|
109669|
109670|
109671|
109696|
109697|
109698|
109699|
109700|
109701|
109702|
109703|
109728|
109729|
109730|
109731|
109732|
109733|
109734|
109735|
109760|
109761|
109762|
109763|
109764|
109765|
109766|
109767|
109792|
109793|
109794|
109795|
109796|
109797|
109798|
109799|
109824|
109825|
109826|
109827|
109828|
109829|
109830|
109831|
109856|
109857|
109858|
109859|
109860|
109861|
109862|
109863|
109888|
109889|
109890|
109891|
109892|
109893|
109894|
109895|
109920|
109921|
109922|
109923|
109924|
109925|
109926|
109927|
109952|
109953|
109954|
109955|
109956|
109957|
109958|
109959|
109984|
109985|
109986|
109987|
109988|
109989|
109990|
109991|
110016|
110017|
110018|
110019|
110020|
110021|
110022|
110023|
110048|
110049|
110050|
110051|
110052|
110053|
110054|
110055|
110080|
110081|
110082|
110083|
110084|
110085|
110086|
110087|
110112|
110113|
110114|
110115|
110116|
110117|
110118|
110119|
110144|
110145|
110146|
110147|
110148|
110149|
110150|
110151|
110176|
110177|
110178|
110179|
110180|
110181|
110182|
110183|
110208|
110209|
110210|
110211|
110212|
110213|
110214|
110215|
110240|
110241|
110242|
110243|
110244|
110245|
110246|
110247|
110272|
110273|
110274|
110275|
110276|
110277|
110278|
110279|
110304|
110305|
110306|
110307|
110308|
110309|
110310|
110311|
110336|
110337|
110338|
110339|
110340|
110341|
110342|
110343|
110368|
110369|
110370|
110371|
110372|
110373|
110374|
110375|
110400|
110401|
110402|
110403|
110404|
110405|
110406|
110407|
110432|
110433|
110434|
110435|
110436|
110437|
110438|
110439|
110464|
110465|
110466|
110467|
110468|
110469|
110470|
110471|
110496|
110497|
110498|
110499|
110500|
110501|
110502|
110503|
110528|
110529|
110530|
110531|
110532|
110533|
110534|
110535|
110560|
110561|
110562|
110563|
110564|
110565|
110566|
110567|
110592|
110593|
110594|
110595|
110596|
110597|
110598|
110599|
110624|
110625|
110626|
110627|
110628|
110629|
110630|
110631|
110656|
110657|
110658|
110659|
110660|
110661|
110662|
110663|
110688|
110689|
110690|
110691|
110692|
110693|
110694|
110695|
110720|
110721|
110722|
110723|
110724|
110725|
110726|
110727|
110752|
110753|
110754|
110755|
110756|
110757|
110758|
110759|
110784|
110785|
110786|
110787|
110788|
110789|
110790|
110791|
110816|
110817|
110818|
110819|
110820|
110821|
110822|
110823|
110848|
110849|
110850|
110851|
110852|
110853|
110854|
110855|
110880|
110881|
110882|
110883|
110884|
110885|
110886|
110887|
110912|
110913|
110914|
110915|
110916|
110917|
110918|
110919|
110944|
110945|
110946|
110947|
110948|
110949|
110950|
110951|
110976|
110977|
110978|
110979|
110980|
110981|
110982|
110983|
111008|
111009|
111010|
111011|
111012|
111013|
111014|
111015|
111040|
111041|
111042|
111043|
111044|
111045|
111046|
111047|
111072|
111073|
111074|
111075|
111076|
111077|
111078|
111079|
111104|
111105|
111106|
111107|
111108|
111109|
111110|
111111|
111136|
111137|
111138|
111139|
111140|
111141|
111142|
111143|
111168|
111169|
111170|
111171|
111172|
111173|
111174|
111175|
111200|
111201|
111202|
111203|
111204|
111205|
111206|
111207|
111232|
111233|
111234|
111235|
111236|
111237|
111238|
111239|
111264|
111265|
111266|
111267|
111268|
111269|
111270|
111271|
111296|
111297|
111298|
111299|
111300|
111301|
111302|
111303|
111328|
111329|
111330|
111331|
111332|
111333|
111334|
111335|
111360|
111361|
111362|
111363|
111364|
111365|
111366|
111367|
111392|
111393|
111394|
111395|
111396|
111397|
111398|
111399|
111424|
111425|
111426|
111427|
111428|
111429|
111430|
111431|
111456|
111457|
111458|
111459|
111460|
111461|
111462|
111463|
111488|
111489|
111490|
111491|
111492|
111493|
111494|
111495|
111520|
111521|
111522|
111523|
111524|
111525|
111526|
111527|
111552|
111553|
111554|
111555|
111556|
111557|
111558|
111559|
111584|
111585|
111586|
111587|
111588|
111589|
111590|
111591|
111616|
111617|
111618|
111619|
111620|
111621|
111622|
111623|
111648|
111649|
111650|
111651|
111652|
111653|
111654|
111655|
111680|
111681|
111682|
111683|
111684|
111685|
111686|
111687|
111712|
111713|
111714|
111715|
111716|
111717|
111718|
111719|
111744|
111745|
111746|
111747|
111748|
111749|
111750|
111751|
111776|
111777|
111778|
111779|
111780|
111781|
111782|
111783|
111808|
111809|
111810|
111811|
111812|
111813|
111814|
111815|
111840|
111841|
111842|
111843|
111844|
111845|
111846|
111847|
111872|
111873|
111874|
111875|
111876|
111877|
111878|
111879|
111904|
111905|
111906|
111907|
111908|
111909|
111910|
111911|
111936|
111937|
111938|
111939|
111940|
111941|
111942|
111943|
111968|
111969|
111970|
111971|
111972|
111973|
111974|
111975|
112000|
112001|
112002|
112003|
112004|
112005|
112006|
112007|
112032|
112033|
112034|
112035|
112036|
112037|
112038|
112039|
112064|
112065|
112066|
112067|
112068|
112069|
112070|
112071|
112096|
112097|
112098|
112099|
112100|
112101|
112102|
112103|
112128|
112129|
112130|
112131|
112132|
112133|
112134|
112135|
112160|
112161|
112162|
112163|
112164|
112165|
112166|
112167|
112192|
112193|
112194|
112195|
112196|
112197|
112198|
112199|
112224|
112225|
112226|
112227|
112228|
112229|
112230|
112231|
112256|
112257|
112258|
112259|
112260|
112261|
112262|
112263|
112288|
112289|
112290|
112291|
112292|
112293|
112294|
112295|
112320|
112321|
112322|
112323|
112324|
112325|
112326|
112327|
112352|
112353|
112354|
112355|
112356|
112357|
112358|
112359|
112384|
112385|
112386|
112387|
112388|
112389|
112390|
112391|
112416|
112417|
112418|
112419|
112420|
112421|
112422|
112423|
112448|
112449|
112450|
112451|
112452|
112453|
112454|
112455|
112480|
112481|
112482|
112483|
112484|
112485|
112486|
112487|
112512|
112513|
112514|
112515|
112516|
112517|
112518|
112519|
112544|
112545|
112546|
112547|
112548|
112549|
112550|
112551|
112576|
112577|
112578|
112579|
112580|
112581|
112582|
112583|
112608|
112609|
112610|
112611|
112612|
112613|
112614|
112615|
112640|
112641|
112642|
112643|
112644|
112645|
112646|
112647|
112672|
112673|
112674|
112675|
112676|
112677|
112678|
112679|
112704|
112705|
112706|
112707|
112708|
112709|
112710|
112711|
112736|
112737|
112738|
112739|
112740|
112741|
112742|
112743|
112768|
112769|
112770|
112771|
112772|
112773|
112774|
112775|
112800|
112801|
112802|
112803|
112804|
112805|
112806|
112807|
112832|
112833|
112834|
112835|
112836|
112837|
112838|
112839|
112864|
112865|
112866|
112867|
112868|
112869|
112870|
112871|
112896|
112897|
112898|
112899|
112900|
112901|
112902|
112903|
112928|
112929|
112930|
112931|
112932|
112933|
112934|
112935|
112960|
112961|
112962|
112963|
112964|
112965|
112966|
112967|
112992|
112993|
112994|
112995|
112996|
112997|
112998|
112999|
113024|
113025|
113026|
113027|
113028|
113029|
113030|
113031|
113056|
113057|
113058|
113059|
113060|
113061|
113062|
113063|
113088|
113089|
113090|
113091|
113092|
113093|
113094|
113095|
113120|
113121|
113122|
113123|
113124|
113125|
113126|
113127|
113152|
113153|
113154|
113155|
113156|
113157|
113158|
113159|
113184|
113185|
113186|
113187|
113188|
113189|
113190|
113191|
113216|
113217|
113218|
113219|
113220|
113221|
113222|
113223|
113248|
113249|
113250|
113251|
113252|
113253|
113254|
113255|
113280|
113281|
113282|
113283|
113284|
113285|
113286|
113287|
113312|
113313|
113314|
113315|
113316|
113317|
113318|
113319|
113344|
113345|
113346|
113347|
113348|
113349|
113350|
113351|
113376|
113377|
113378|
113379|
113380|
113381|
113382|
113383|
113408|
113409|
113410|
113411|
113412|
113413|
113414|
113415|
113440|
113441|
113442|
113443|
113444|
113445|
113446|
113447|
113472|
113473|
113474|
113475|
113476|
113477|
113478|
113479|
113504|
113505|
113506|
113507|
113508|
113509|
113510|
113511|
113536|
113537|
113538|
113539|
113540|
113541|
113542|
113543|
113568|
113569|
113570|
113571|
113572|
113573|
113574|
113575|
113600|
113601|
113602|
113603|
113604|
113605|
113606|
113607|
113632|
113633|
113634|
113635|
113636|
113637|
113638|
113639|
113664|
113665|
113666|
113667|
113668|
113669|
113670|
113671|
113696|
113697|
113698|
113699|
113700|
113701|
113702|
113703|
113728|
113729|
113730|
113731|
113732|
113733|
113734|
113735|
113760|
113761|
113762|
113763|
113764|
113765|
113766|
113767|
113792|
113793|
113794|
113795|
113796|
113797|
113798|
113799|
113824|
113825|
113826|
113827|
113828|
113829|
113830|
113831|
113856|
113857|
113858|
113859|
113860|
113861|
113862|
113863|
113888|
113889|
113890|
113891|
113892|
113893|
113894|
113895|
113920|
113921|
113922|
113923|
113924|
113925|
113926|
113927|
113952|
113953|
113954|
113955|
113956|
113957|
113958|
113959|
113984|
113985|
113986|
113987|
113988|
