2712001|
2712002|
2712003|
2712004|
2712005|
2712006|
2712007|
2712032|
2712033|
2712034|
2712035|
2712036|
2712037|
2712038|
2712039|
2712064|
2712065|
2712066|
2712067|
2712068|
2712069|
2712070|
2712071|
2712096|
2712097|
2712098|
2712099|
2712100|
2712101|
2712102|
2712103|
2712128|
2712129|
2712130|
2712131|
2712132|
2712133|
2712134|
2712135|
2712160|
2712161|
2712162|
2712163|
2712164|
2712165|
2712166|
2712167|
2712192|
2712193|
2712194|
2712195|
2712196|
2712197|
2712198|
2712199|
2712224|
2712225|
2712226|
2712227|
2712228|
2712229|
2712230|
2712231|
2712256|
2712257|
2712258|
2712259|
2712260|
2712261|
2712262|
2712263|
2712288|
2712289|
2712290|
2712291|
2712292|
2712293|
2712294|
2712295|
2712320|
2712321|
2712322|
2712323|
2712324|
2712325|
2712326|
2712327|
2712352|
2712353|
2712354|
2712355|
2712356|
2712357|
2712358|
2712359|
2712384|
2712385|
2712386|
2712387|
2712388|
2712389|
2712390|
2712391|
2712416|
2712417|
2712418|
2712419|
2712420|
2712421|
2712422|
2712423|
2712448|
2712449|
2712450|
2712451|
2712452|
2712453|
2712454|
2712455|
2712480|
2712481|
2712482|
2712483|
2712484|
2712485|
2712486|
2712487|
2712512|
2712513|
2712514|
2712515|
2712516|
2712517|
2712518|
2712519|
2712544|
2712545|
2712546|
2712547|
2712548|
2712549|
2712550|
2712551|
2712576|
2712577|
2712578|
2712579|
2712580|
2712581|
2712582|
2712583|
2712608|
2712609|
2712610|
2712611|
2712612|
2712613|
2712614|
2712615|
2712640|
2712641|
2712642|
2712643|
2712644|
2712645|
2712646|
2712647|
2712672|
2712673|
2712674|
2712675|
2712676|
2712677|
2712678|
2712679|
2712704|
2712705|
2712706|
2712707|
2712708|
2712709|
2712710|
2712711|
2712736|
2712737|
2712738|
2712739|
2712740|
2712741|
2712742|
2712743|
2712768|
2712769|
2712770|
2712771|
2712772|
2712773|
2712774|
2712775|
2712800|
2712801|
2712802|
2712803|
2712804|
2712805|
2712806|
2712807|
2712832|
2712833|
2712834|
2712835|
2712836|
2712837|
2712838|
2712839|
2712864|
2712865|
2712866|
2712867|
2712868|
2712869|
2712870|
2712871|
2712896|
2712897|
2712898|
2712899|
2712900|
2712901|
2712902|
2712903|
2712928|
2712929|
2712930|
2712931|
2712932|
2712933|
2712934|
2712935|
2712960|
2712961|
2712962|
2712963|
2712964|
2712965|
2712966|
2712967|
2712992|
2712993|
2712994|
2712995|
2712996|
2712997|
2712998|
2712999|
2713024|
2713025|
2713026|
2713027|
2713028|
2713029|
2713030|
2713031|
2713056|
2713057|
2713058|
2713059|
2713060|
2713061|
2713062|
2713063|
2713088|
2713089|
2713090|
2713091|
2713092|
2713093|
2713094|
2713095|
2713120|
2713121|
2713122|
2713123|
2713124|
2713125|
2713126|
2713127|
2713152|
2713153|
2713154|
2713155|
2713156|
2713157|
2713158|
2713159|
2713184|
2713185|
2713186|
2713187|
2713188|
2713189|
2713190|
2713191|
2713216|
2713217|
2713218|
2713219|
2713220|
2713221|
2713222|
2713223|
2713248|
2713249|
2713250|
2713251|
2713252|
2713253|
2713254|
2713255|
2713280|
2713281|
2713282|
2713283|
2713284|
2713285|
2713286|
2713287|
2713312|
2713313|
2713314|
2713315|
2713316|
2713317|
2713318|
2713319|
2713344|
2713345|
2713346|
2713347|
2713348|
2713349|
2713350|
2713351|
2713376|
2713377|
2713378|
2713379|
2713380|
2713381|
2713382|
2713383|
2713408|
2713409|
2713410|
2713411|
2713412|
2713413|
2713414|
2713415|
2713440|
2713441|
2713442|
2713443|
2713444|
2713445|
2713446|
2713447|
2713472|
2713473|
2713474|
2713475|
2713476|
2713477|
2713478|
2713479|
2713504|
2713505|
2713506|
2713507|
2713508|
2713509|
2713510|
2713511|
2713536|
2713537|
2713538|
2713539|
2713540|
2713541|
2713542|
2713543|
2713568|
2713569|
2713570|
2713571|
2713572|
2713573|
2713574|
2713575|
2713600|
2713601|
2713602|
2713603|
2713604|
2713605|
2713606|
2713607|
2713632|
2713633|
2713634|
2713635|
2713636|
2713637|
2713638|
2713639|
2713664|
2713665|
2713666|
2713667|
2713668|
2713669|
2713670|
2713671|
2713696|
2713697|
2713698|
2713699|
2713700|
2713701|
2713702|
2713703|
2713728|
2713729|
2713730|
2713731|
2713732|
2713733|
2713734|
2713735|
2713760|
2713761|
2713762|
2713763|
2713764|
2713765|
2713766|
2713767|
2713792|
2713793|
2713794|
2713795|
2713796|
2713797|
2713798|
2713799|
2713824|
2713825|
2713826|
2713827|
2713828|
2713829|
2713830|
2713831|
2713856|
2713857|
2713858|
2713859|
2713860|
2713861|
2713862|
2713863|
2713888|
2713889|
2713890|
2713891|
2713892|
2713893|
2713894|
2713895|
2713920|
2713921|
2713922|
2713923|
2713924|
2713925|
2713926|
2713927|
2713952|
2713953|
2713954|
2713955|
2713956|
2713957|
2713958|
2713959|
2713984|
2713985|
2713986|
2713987|
2713988|
2713989|
2713990|
2713991|
2714016|
2714017|
2714018|
2714019|
2714020|
2714021|
2714022|
2714023|
2714048|
2714049|
2714050|
2714051|
2714052|
2714053|
2714054|
2714055|
2714080|
2714081|
2714082|
2714083|
2714084|
2714085|
2714086|
2714087|
2714112|
2714113|
2714114|
2714115|
2714116|
2714117|
2714118|
2714119|
2714144|
2714145|
2714146|
2714147|
2714148|
2714149|
2714150|
2714151|
2714176|
2714177|
2714178|
2714179|
2714180|
2714181|
2714182|
2714183|
2714208|
2714209|
2714210|
2714211|
2714212|
2714213|
2714214|
2714215|
2714240|
2714241|
2714242|
2714243|
2714244|
2714245|
2714246|
2714247|
2714272|
2714273|
2714274|
2714275|
2714276|
2714277|
2714278|
2714279|
2714304|
2714305|
2714306|
2714307|
2714308|
2714309|
2714310|
2714311|
2714336|
2714337|
2714338|
2714339|
2714340|
2714341|
2714342|
2714343|
2714368|
2714369|
2714370|
2714371|
2714372|
2714373|
2714374|
2714375|
2714400|
2714401|
2714402|
2714403|
2714404|
2714405|
2714406|
2714407|
2714432|
2714433|
2714434|
2714435|
2714436|
2714437|
2714438|
2714439|
2714464|
2714465|
2714466|
2714467|
2714468|
2714469|
2714470|
2714471|
2714496|
2714497|
2714498|
2714499|
2714500|
2714501|
2714502|
2714503|
2714528|
2714529|
2714530|
2714531|
2714532|
2714533|
2714534|
2714535|
2714560|
2714561|
2714562|
2714563|
2714564|
2714565|
2714566|
2714567|
2714592|
2714593|
2714594|
2714595|
2714596|
2714597|
2714598|
2714599|
2714624|
2714625|
2714626|
2714627|
2714628|
2714629|
2714630|
2714631|
2714656|
2714657|
2714658|
2714659|
2714660|
2714661|
2714662|
2714663|
2714688|
2714689|
2714690|
2714691|
2714692|
2714693|
2714694|
2714695|
2714720|
2714721|
2714722|
2714723|
2714724|
2714725|
2714726|
2714727|
2714752|
2714753|
2714754|
2714755|
2714756|
2714757|
2714758|
2714759|
2714784|
2714785|
2714786|
2714787|
2714788|
2714789|
2714790|
2714791|
2714816|
2714817|
2714818|
2714819|
2714820|
2714821|
2714822|
2714823|
2714848|
2714849|
2714850|
2714851|
2714852|
2714853|
2714854|
2714855|
2714880|
2714881|
2714882|
2714883|
2714884|
2714885|
2714886|
2714887|
2714912|
2714913|
2714914|
2714915|
2714916|
2714917|
2714918|
2714919|
2714944|
2714945|
2714946|
2714947|
2714948|
2714949|
2714950|
2714951|
2714976|
2714977|
2714978|
2714979|
2714980|
2714981|
2714982|
2714983|
2715008|
2715009|
2715010|
2715011|
2715012|
2715013|
2715014|
2715015|
2715040|
2715041|
2715042|
2715043|
2715044|
2715045|
2715046|
2715047|
2715072|
2715073|
2715074|
2715075|
2715076|
2715077|
2715078|
2715079|
2715104|
2715105|
2715106|
2715107|
2715108|
2715109|
2715110|
2715111|
2715136|
2715137|
2715138|
2715139|
2715140|
2715141|
2715142|
2715143|
2715168|
2715169|
2715170|
2715171|
2715172|
2715173|
2715174|
2715175|
2715200|
2715201|
2715202|
2715203|
2715204|
2715205|
2715206|
2715207|
2715232|
2715233|
2715234|
2715235|
2715236|
2715237|
2715238|
2715239|
2715264|
2715265|
2715266|
2715267|
2715268|
2715269|
2715270|
2715271|
2715296|
2715297|
2715298|
2715299|
2715300|
2715301|
2715302|
2715303|
2715328|
2715329|
2715330|
2715331|
2715332|
2715333|
2715334|
2715335|
2715360|
2715361|
2715362|
2715363|
2715364|
2715365|
2715366|
2715367|
2715392|
2715393|
2715394|
2715395|
2715396|
2715397|
2715398|
2715399|
2715424|
2715425|
2715426|
2715427|
2715428|
2715429|
2715430|
2715431|
2715456|
2715457|
2715458|
2715459|
2715460|
2715461|
2715462|
2715463|
2715488|
2715489|
2715490|
2715491|
2715492|
2715493|
2715494|
2715495|
2715520|
2715521|
2715522|
2715523|
2715524|
2715525|
2715526|
2715527|
2715552|
2715553|
2715554|
2715555|
2715556|
2715557|
2715558|
2715559|
2715584|
2715585|
2715586|
2715587|
2715588|
2715589|
2715590|
2715591|
2715616|
2715617|
2715618|
2715619|
2715620|
2715621|
2715622|
2715623|
2715648|
2715649|
2715650|
2715651|
2715652|
2715653|
2715654|
2715655|
2715680|
2715681|
2715682|
2715683|
2715684|
2715685|
2715686|
2715687|
2715712|
2715713|
2715714|
2715715|
2715716|
2715717|
2715718|
2715719|
2715744|
2715745|
2715746|
2715747|
2715748|
2715749|
2715750|
2715751|
2715776|
2715777|
2715778|
2715779|
2715780|
2715781|
2715782|
2715783|
2715808|
2715809|
2715810|
2715811|
2715812|
2715813|
2715814|
2715815|
2715840|
2715841|
2715842|
2715843|
2715844|
2715845|
2715846|
2715847|
2715872|
2715873|
2715874|
2715875|
2715876|
2715877|
2715878|
2715879|
2715904|
2715905|
2715906|
2715907|
2715908|
2715909|
2715910|
2715911|
2715936|
2715937|
2715938|
2715939|
2715940|
2715941|
2715942|
2715943|
2715968|
2715969|
2715970|
2715971|
2715972|
2715973|
2715974|
2715975|
2716000|
2716001|
2716002|
2716003|
2716004|
2716005|
2716006|
2716007|
2716032|
2716033|
2716034|
2716035|
2716036|
2716037|
2716038|
2716039|
2716064|
2716065|
2716066|
2716067|
2716068|
2716069|
2716070|
2716071|
2716096|
2716097|
2716098|
2716099|
2716100|
2716101|
2716102|
2716103|
2716128|
2716129|
2716130|
2716131|
2716132|
2716133|
2716134|
2716135|
2716160|
2716161|
2716162|
2716163|
2716164|
2716165|
2716166|
2716167|
2716192|
2716193|
2716194|
2716195|
2716196|
2716197|
2716198|
2716199|
2716224|
2716225|
2716226|
2716227|
2716228|
2716229|
2716230|
2716231|
2716256|
2716257|
2716258|
2716259|
2716260|
2716261|
2716262|
2716263|
2716288|
2716289|
2716290|
2716291|
2716292|
2716293|
2716294|
2716295|
2716320|
2716321|
2716322|
2716323|
2716324|
2716325|
2716326|
2716327|
2716352|
2716353|
2716354|
2716355|
2716356|
2716357|
2716358|
2716359|
2716384|
2716385|
2716386|
2716387|
2716388|
2716389|
2716390|
2716391|
2716416|
2716417|
2716418|
2716419|
2716420|
2716421|
2716422|
2716423|
2716448|
2716449|
2716450|
2716451|
2716452|
2716453|
2716454|
2716455|
2716480|
2716481|
2716482|
2716483|
2716484|
2716485|
2716486|
2716487|
2716512|
2716513|
2716514|
2716515|
2716516|
2716517|
2716518|
2716519|
2716544|
2716545|
2716546|
2716547|
2716548|
2716549|
2716550|
2716551|
2716576|
2716577|
2716578|
2716579|
2716580|
2716581|
2716582|
2716583|
2716608|
2716609|
2716610|
2716611|
2716612|
2716613|
2716614|
2716615|
2716640|
2716641|
2716642|
2716643|
2716644|
2716645|
2716646|
2716647|
2716672|
2716673|
2716674|
2716675|
2716676|
2716677|
2716678|
2716679|
2716704|
2716705|
2716706|
2716707|
2716708|
2716709|
2716710|
2716711|
2716736|
2716737|
2716738|
2716739|
2716740|
2716741|
2716742|
2716743|
2716768|
2716769|
2716770|
2716771|
2716772|
2716773|
2716774|
2716775|
2716800|
2716801|
2716802|
2716803|
2716804|
2716805|
2716806|
2716807|
2716832|
2716833|
2716834|
2716835|
2716836|
2716837|
2716838|
2716839|
2716864|
2716865|
2716866|
2716867|
2716868|
2716869|
2716870|
2716871|
2716896|
2716897|
2716898|
2716899|
2716900|
2716901|
2716902|
2716903|
2716928|
2716929|
2716930|
2716931|
2716932|
2716933|
2716934|
2716935|
2716960|
2716961|
2716962|
2716963|
2716964|
2716965|
2716966|
2716967|
2716992|
2716993|
2716994|
2716995|
2716996|
2716997|
2716998|
2716999|
2717024|
2717025|
2717026|
2717027|
2717028|
2717029|
2717030|
2717031|
2717056|
2717057|
2717058|
2717059|
2717060|
2717061|
2717062|
2717063|
2717088|
2717089|
2717090|
2717091|
2717092|
2717093|
2717094|
2717095|
2717120|
2717121|
2717122|
2717123|
2717124|
2717125|
2717126|
2717127|
2717152|
2717153|
2717154|
2717155|
2717156|
2717157|
2717158|
2717159|
2717184|
2717185|
2717186|
2717187|
2717188|
2717189|
2717190|
2717191|
2717216|
2717217|
2717218|
2717219|
2717220|
2717221|
2717222|
2717223|
2717248|
2717249|
2717250|
2717251|
2717252|
2717253|
2717254|
2717255|
2717280|
2717281|
2717282|
2717283|
2717284|
2717285|
2717286|
2717287|
2717312|
2717313|
2717314|
2717315|
2717316|
2717317|
2717318|
2717319|
2717344|
2717345|
2717346|
2717347|
2717348|
2717349|
2717350|
2717351|
2717376|
2717377|
2717378|
2717379|
2717380|
2717381|
2717382|
2717383|
2717408|
2717409|
2717410|
2717411|
2717412|
2717413|
2717414|
2717415|
2717440|
2717441|
2717442|
2717443|
2717444|
2717445|
2717446|
2717447|
2717472|
2717473|
2717474|
2717475|
2717476|
2717477|
2717478|
2717479|
2717504|
2717505|
2717506|
2717507|
2717508|
2717509|
2717510|
2717511|
2717536|
2717537|
2717538|
2717539|
2717540|
2717541|
2717542|
2717543|
2717568|
2717569|
2717570|
2717571|
2717572|
2717573|
2717574|
2717575|
2717600|
2717601|
2717602|
2717603|
2717604|
2717605|
2717606|
2717607|
2717632|
2717633|
2717634|
2717635|
2717636|
2717637|
2717638|
2717639|
2717664|
2717665|
2717666|
2717667|
2717668|
2717669|
2717670|
2717671|
2717696|
2717697|
2717698|
2717699|
2717700|
2717701|
2717702|
2717703|
2717728|
2717729|
2717730|
2717731|
2717732|
2717733|
2717734|
2717735|
2717760|
2717761|
2717762|
2717763|
2717764|
2717765|
2717766|
2717767|
2717792|
2717793|
2717794|
2717795|
2717796|
2717797|
2717798|
2717799|
2717824|
2717825|
2717826|
2717827|
2717828|
2717829|
2717830|
2717831|
2717856|
2717857|
2717858|
2717859|
2717860|
2717861|
2717862|
2717863|
2717888|
2717889|
2717890|
2717891|
2717892|
2717893|
2717894|
2717895|
2717920|
2717921|
2717922|
2717923|
2717924|
2717925|
2717926|
2717927|
2717952|
2717953|
2717954|
2717955|
2717956|
2717957|
2717958|
2717959|
2717984|
2717985|
2717986|
2717987|
2717988|
