1685989|
1685990|
1685991|
1686016|
1686017|
1686018|
1686019|
1686020|
1686021|
1686022|
1686023|
1686048|
1686049|
1686050|
1686051|
1686052|
1686053|
1686054|
1686055|
1686080|
1686081|
1686082|
1686083|
1686084|
1686085|
1686086|
1686087|
1686112|
1686113|
1686114|
1686115|
1686116|
1686117|
1686118|
1686119|
1686144|
1686145|
1686146|
1686147|
1686148|
1686149|
1686150|
1686151|
1686176|
1686177|
1686178|
1686179|
1686180|
1686181|
1686182|
1686183|
1686208|
1686209|
1686210|
1686211|
1686212|
1686213|
1686214|
1686215|
1686240|
1686241|
1686242|
1686243|
1686244|
1686245|
1686246|
1686247|
1686272|
1686273|
1686274|
1686275|
1686276|
1686277|
1686278|
1686279|
1686304|
1686305|
1686306|
1686307|
1686308|
1686309|
1686310|
1686311|
1686336|
1686337|
1686338|
1686339|
1686340|
1686341|
1686342|
1686343|
1686368|
1686369|
1686370|
1686371|
1686372|
1686373|
1686374|
1686375|
1686400|
1686401|
1686402|
1686403|
1686404|
1686405|
1686406|
1686407|
1686432|
1686433|
1686434|
1686435|
1686436|
1686437|
1686438|
1686439|
1686464|
1686465|
1686466|
1686467|
1686468|
1686469|
1686470|
1686471|
1686496|
1686497|
1686498|
1686499|
1686500|
1686501|
1686502|
1686503|
1686528|
1686529|
1686530|
1686531|
1686532|
1686533|
1686534|
1686535|
1686560|
1686561|
1686562|
1686563|
1686564|
1686565|
1686566|
1686567|
1686592|
1686593|
1686594|
1686595|
1686596|
1686597|
1686598|
1686599|
1686624|
1686625|
1686626|
1686627|
1686628|
1686629|
1686630|
1686631|
1686656|
1686657|
1686658|
1686659|
1686660|
1686661|
1686662|
1686663|
1686688|
1686689|
1686690|
1686691|
1686692|
1686693|
1686694|
1686695|
1686720|
1686721|
1686722|
1686723|
1686724|
1686725|
1686726|
1686727|
1686752|
1686753|
1686754|
1686755|
1686756|
1686757|
1686758|
1686759|
1686784|
1686785|
1686786|
1686787|
1686788|
1686789|
1686790|
1686791|
1686816|
1686817|
1686818|
1686819|
1686820|
1686821|
1686822|
1686823|
1686848|
1686849|
1686850|
1686851|
1686852|
1686853|
1686854|
1686855|
1686880|
1686881|
1686882|
1686883|
1686884|
1686885|
1686886|
1686887|
1686912|
1686913|
1686914|
1686915|
1686916|
1686917|
1686918|
1686919|
1686944|
1686945|
1686946|
1686947|
1686948|
1686949|
1686950|
1686951|
1686976|
1686977|
1686978|
1686979|
1686980|
1686981|
1686982|
1686983|
1687008|
1687009|
1687010|
1687011|
1687012|
1687013|
1687014|
1687015|
1687040|
1687041|
1687042|
1687043|
1687044|
1687045|
1687046|
1687047|
1687072|
1687073|
1687074|
1687075|
1687076|
1687077|
1687078|
1687079|
1687104|
1687105|
1687106|
1687107|
1687108|
1687109|
1687110|
1687111|
1687136|
1687137|
1687138|
1687139|
1687140|
1687141|
1687142|
1687143|
1687168|
1687169|
1687170|
1687171|
1687172|
1687173|
1687174|
1687175|
1687200|
1687201|
1687202|
1687203|
1687204|
1687205|
1687206|
1687207|
1687232|
1687233|
1687234|
1687235|
1687236|
1687237|
1687238|
1687239|
1687264|
1687265|
1687266|
1687267|
1687268|
1687269|
1687270|
1687271|
1687296|
1687297|
1687298|
1687299|
1687300|
1687301|
1687302|
1687303|
1687328|
1687329|
1687330|
1687331|
1687332|
1687333|
1687334|
1687335|
1687360|
1687361|
1687362|
1687363|
1687364|
1687365|
1687366|
1687367|
1687392|
1687393|
1687394|
1687395|
1687396|
1687397|
1687398|
1687399|
1687424|
1687425|
1687426|
1687427|
1687428|
1687429|
1687430|
1687431|
1687456|
1687457|
1687458|
1687459|
1687460|
1687461|
1687462|
1687463|
1687488|
1687489|
1687490|
1687491|
1687492|
1687493|
1687494|
1687495|
1687520|
1687521|
1687522|
1687523|
1687524|
1687525|
1687526|
1687527|
1687552|
1687553|
1687554|
1687555|
1687556|
1687557|
1687558|
1687559|
1687584|
1687585|
1687586|
1687587|
1687588|
1687589|
1687590|
1687591|
1687616|
1687617|
1687618|
1687619|
1687620|
1687621|
1687622|
1687623|
1687648|
1687649|
1687650|
1687651|
1687652|
1687653|
1687654|
1687655|
1687680|
1687681|
1687682|
1687683|
1687684|
1687685|
1687686|
1687687|
1687712|
1687713|
1687714|
1687715|
1687716|
1687717|
1687718|
1687719|
1687744|
1687745|
1687746|
1687747|
1687748|
1687749|
1687750|
1687751|
1687776|
1687777|
1687778|
1687779|
1687780|
1687781|
1687782|
1687783|
1687808|
1687809|
1687810|
1687811|
1687812|
1687813|
1687814|
1687815|
1687840|
1687841|
1687842|
1687843|
1687844|
1687845|
1687846|
1687847|
1687872|
1687873|
1687874|
1687875|
1687876|
1687877|
1687878|
1687879|
1687904|
1687905|
1687906|
1687907|
1687908|
1687909|
1687910|
1687911|
1687936|
1687937|
1687938|
1687939|
1687940|
1687941|
1687942|
1687943|
1687968|
1687969|
1687970|
1687971|
1687972|
1687973|
1687974|
1687975|
1688000|
1688001|
1688002|
1688003|
1688004|
1688005|
1688006|
1688007|
1688032|
1688033|
1688034|
1688035|
1688036|
1688037|
1688038|
1688039|
1688064|
1688065|
1688066|
1688067|
1688068|
1688069|
1688070|
1688071|
1688096|
1688097|
1688098|
1688099|
1688100|
1688101|
1688102|
1688103|
1688128|
1688129|
1688130|
1688131|
1688132|
1688133|
1688134|
1688135|
1688160|
1688161|
1688162|
1688163|
1688164|
1688165|
1688166|
1688167|
1688192|
1688193|
1688194|
1688195|
1688196|
1688197|
1688198|
1688199|
1688224|
1688225|
1688226|
1688227|
1688228|
1688229|
1688230|
1688231|
1688256|
1688257|
1688258|
1688259|
1688260|
1688261|
1688262|
1688263|
1688288|
1688289|
1688290|
1688291|
1688292|
1688293|
1688294|
1688295|
1688320|
1688321|
1688322|
1688323|
1688324|
1688325|
1688326|
1688327|
1688352|
1688353|
1688354|
1688355|
1688356|
1688357|
1688358|
1688359|
1688384|
1688385|
1688386|
1688387|
1688388|
1688389|
1688390|
1688391|
1688416|
1688417|
1688418|
1688419|
1688420|
1688421|
1688422|
1688423|
1688448|
1688449|
1688450|
1688451|
1688452|
1688453|
1688454|
1688455|
1688480|
1688481|
1688482|
1688483|
1688484|
1688485|
1688486|
1688487|
1688512|
1688513|
1688514|
1688515|
1688516|
1688517|
1688518|
1688519|
1688544|
1688545|
1688546|
1688547|
1688548|
1688549|
1688550|
1688551|
1688576|
1688577|
1688578|
1688579|
1688580|
1688581|
1688582|
1688583|
1688608|
1688609|
1688610|
1688611|
1688612|
1688613|
1688614|
1688615|
1688640|
1688641|
1688642|
1688643|
1688644|
1688645|
1688646|
1688647|
1688672|
1688673|
1688674|
1688675|
1688676|
1688677|
1688678|
1688679|
1688704|
1688705|
1688706|
1688707|
1688708|
1688709|
1688710|
1688711|
1688736|
1688737|
1688738|
1688739|
1688740|
1688741|
1688742|
1688743|
1688768|
1688769|
1688770|
1688771|
1688772|
1688773|
1688774|
1688775|
1688800|
1688801|
1688802|
1688803|
1688804|
1688805|
1688806|
1688807|
1688832|
1688833|
1688834|
1688835|
1688836|
1688837|
1688838|
1688839|
1688864|
1688865|
1688866|
1688867|
1688868|
1688869|
1688870|
1688871|
1688896|
1688897|
1688898|
1688899|
1688900|
1688901|
1688902|
1688903|
1688928|
1688929|
1688930|
1688931|
1688932|
1688933|
1688934|
1688935|
1688960|
1688961|
1688962|
1688963|
1688964|
1688965|
1688966|
1688967|
1688992|
1688993|
1688994|
1688995|
1688996|
1688997|
1688998|
1688999|
1689024|
1689025|
1689026|
1689027|
1689028|
1689029|
1689030|
1689031|
1689056|
1689057|
1689058|
1689059|
1689060|
1689061|
1689062|
1689063|
1689088|
1689089|
1689090|
1689091|
1689092|
1689093|
1689094|
1689095|
1689120|
1689121|
1689122|
1689123|
1689124|
1689125|
1689126|
1689127|
1689152|
1689153|
1689154|
1689155|
1689156|
1689157|
1689158|
1689159|
1689184|
1689185|
1689186|
1689187|
1689188|
1689189|
1689190|
1689191|
1689216|
1689217|
1689218|
1689219|
1689220|
1689221|
1689222|
1689223|
1689248|
1689249|
1689250|
1689251|
1689252|
1689253|
1689254|
1689255|
1689280|
1689281|
1689282|
1689283|
1689284|
1689285|
1689286|
1689287|
1689312|
1689313|
1689314|
1689315|
1689316|
1689317|
1689318|
1689319|
1689344|
1689345|
1689346|
1689347|
1689348|
1689349|
1689350|
1689351|
1689376|
1689377|
1689378|
1689379|
1689380|
1689381|
1689382|
1689383|
1689408|
1689409|
1689410|
1689411|
1689412|
1689413|
1689414|
1689415|
1689440|
1689441|
1689442|
1689443|
1689444|
1689445|
1689446|
1689447|
1689472|
1689473|
1689474|
1689475|
1689476|
1689477|
1689478|
1689479|
1689504|
1689505|
1689506|
1689507|
1689508|
1689509|
1689510|
1689511|
1689536|
1689537|
1689538|
1689539|
1689540|
1689541|
1689542|
1689543|
1689568|
1689569|
1689570|
1689571|
1689572|
1689573|
1689574|
1689575|
1689600|
1689601|
1689602|
1689603|
1689604|
1689605|
1689606|
1689607|
1689632|
1689633|
1689634|
1689635|
1689636|
1689637|
1689638|
1689639|
1689664|
1689665|
1689666|
1689667|
1689668|
1689669|
1689670|
1689671|
1689696|
1689697|
1689698|
1689699|
1689700|
1689701|
1689702|
1689703|
1689728|
1689729|
1689730|
1689731|
1689732|
1689733|
1689734|
1689735|
1689760|
1689761|
1689762|
1689763|
1689764|
1689765|
1689766|
1689767|
1689792|
1689793|
1689794|
1689795|
1689796|
1689797|
1689798|
1689799|
1689824|
1689825|
1689826|
1689827|
1689828|
1689829|
1689830|
1689831|
1689856|
1689857|
1689858|
1689859|
1689860|
1689861|
1689862|
1689863|
1689888|
1689889|
1689890|
1689891|
1689892|
1689893|
1689894|
1689895|
1689920|
1689921|
1689922|
1689923|
1689924|
1689925|
1689926|
1689927|
1689952|
1689953|
1689954|
1689955|
1689956|
1689957|
1689958|
1689959|
1689984|
1689985|
1689986|
1689987|
1689988|
1689989|
1689990|
1689991|
1690016|
1690017|
1690018|
1690019|
1690020|
1690021|
1690022|
1690023|
1690048|
1690049|
1690050|
1690051|
1690052|
1690053|
1690054|
1690055|
1690080|
1690081|
1690082|
1690083|
1690084|
1690085|
1690086|
1690087|
1690112|
1690113|
1690114|
1690115|
1690116|
1690117|
1690118|
1690119|
1690144|
1690145|
1690146|
1690147|
1690148|
1690149|
1690150|
1690151|
1690176|
1690177|
1690178|
1690179|
1690180|
1690181|
1690182|
1690183|
1690208|
1690209|
1690210|
1690211|
1690212|
1690213|
1690214|
1690215|
1690240|
1690241|
1690242|
1690243|
1690244|
1690245|
1690246|
1690247|
1690272|
1690273|
1690274|
1690275|
1690276|
1690277|
1690278|
1690279|
1690304|
1690305|
1690306|
1690307|
1690308|
1690309|
1690310|
1690311|
1690336|
1690337|
1690338|
1690339|
1690340|
1690341|
1690342|
1690343|
1690368|
1690369|
1690370|
1690371|
1690372|
1690373|
1690374|
1690375|
1690400|
1690401|
1690402|
1690403|
1690404|
1690405|
1690406|
1690407|
1690432|
1690433|
1690434|
1690435|
1690436|
1690437|
1690438|
1690439|
1690464|
1690465|
1690466|
1690467|
1690468|
1690469|
1690470|
1690471|
1690496|
1690497|
1690498|
1690499|
1690500|
1690501|
1690502|
1690503|
1690528|
1690529|
1690530|
1690531|
1690532|
1690533|
1690534|
1690535|
1690560|
1690561|
1690562|
1690563|
1690564|
1690565|
1690566|
1690567|
1690592|
1690593|
1690594|
1690595|
1690596|
1690597|
1690598|
1690599|
1690624|
1690625|
1690626|
1690627|
1690628|
1690629|
1690630|
1690631|
1690656|
1690657|
1690658|
1690659|
1690660|
1690661|
1690662|
1690663|
1690688|
1690689|
1690690|
1690691|
1690692|
1690693|
1690694|
1690695|
1690720|
1690721|
1690722|
1690723|
1690724|
1690725|
1690726|
1690727|
1690752|
1690753|
1690754|
1690755|
1690756|
1690757|
1690758|
1690759|
1690784|
1690785|
1690786|
1690787|
1690788|
1690789|
1690790|
1690791|
1690816|
1690817|
1690818|
1690819|
1690820|
1690821|
1690822|
1690823|
1690848|
1690849|
1690850|
1690851|
1690852|
1690853|
1690854|
1690855|
1690880|
1690881|
1690882|
1690883|
1690884|
1690885|
1690886|
1690887|
1690912|
1690913|
1690914|
1690915|
1690916|
1690917|
1690918|
1690919|
1690944|
1690945|
1690946|
1690947|
1690948|
1690949|
1690950|
1690951|
1690976|
1690977|
1690978|
1690979|
1690980|
1690981|
1690982|
1690983|
1691008|
1691009|
1691010|
1691011|
1691012|
1691013|
1691014|
1691015|
1691040|
1691041|
1691042|
1691043|
1691044|
1691045|
1691046|
1691047|
1691072|
1691073|
1691074|
1691075|
1691076|
1691077|
1691078|
1691079|
1691104|
1691105|
1691106|
1691107|
1691108|
1691109|
1691110|
1691111|
1691136|
1691137|
1691138|
1691139|
1691140|
1691141|
1691142|
1691143|
1691168|
1691169|
1691170|
1691171|
1691172|
1691173|
1691174|
1691175|
1691200|
1691201|
1691202|
1691203|
1691204|
1691205|
1691206|
1691207|
1691232|
1691233|
1691234|
1691235|
1691236|
1691237|
1691238|
1691239|
1691264|
1691265|
1691266|
1691267|
1691268|
1691269|
1691270|
1691271|
1691296|
1691297|
1691298|
1691299|
1691300|
1691301|
1691302|
1691303|
1691328|
1691329|
1691330|
1691331|
1691332|
1691333|
1691334|
1691335|
1691360|
1691361|
1691362|
1691363|
1691364|
1691365|
1691366|
1691367|
1691392|
1691393|
1691394|
1691395|
1691396|
1691397|
1691398|
1691399|
1691424|
1691425|
1691426|
1691427|
1691428|
1691429|
1691430|
1691431|
1691456|
1691457|
1691458|
1691459|
1691460|
1691461|
1691462|
1691463|
1691488|
1691489|
1691490|
1691491|
1691492|
1691493|
1691494|
1691495|
1691520|
1691521|
1691522|
1691523|
1691524|
1691525|
1691526|
1691527|
1691552|
1691553|
1691554|
1691555|
1691556|
1691557|
1691558|
1691559|
1691584|
1691585|
1691586|
1691587|
1691588|
1691589|
1691590|
1691591|
1691616|
1691617|
1691618|
1691619|
1691620|
1691621|
1691622|
1691623|
1691648|
1691649|
1691650|
1691651|
1691652|
1691653|
1691654|
1691655|
1691680|
1691681|
1691682|
1691683|
1691684|
1691685|
1691686|
1691687|
1691712|
1691713|
1691714|
1691715|
1691716|
1691717|
1691718|
1691719|
1691744|
1691745|
1691746|
1691747|
1691748|
1691749|
1691750|
1691751|
1691776|
1691777|
1691778|
1691779|
1691780|
1691781|
1691782|
1691783|
1691808|
1691809|
1691810|
1691811|
1691812|
1691813|
1691814|
1691815|
1691840|
1691841|
1691842|
1691843|
1691844|
1691845|
1691846|
1691847|
1691872|
1691873|
1691874|
1691875|
1691876|
1691877|
1691878|
1691879|
1691904|
1691905|
1691906|
1691907|
1691908|
1691909|
1691910|
1691911|
1691936|
1691937|
1691938|
1691939|
1691940|
1691941|
1691942|
1691943|
1691968|
1691969|
1691970|
1691971|
1691972|
1691973|
1691974|
1691975|
1692000|
