209989|
209990|
209991|
210016|
210017|
210018|
210019|
210020|
210021|
210022|
210023|
210048|
210049|
210050|
210051|
210052|
210053|
210054|
210055|
210080|
210081|
210082|
210083|
210084|
210085|
210086|
210087|
210112|
210113|
210114|
210115|
210116|
210117|
210118|
210119|
210144|
210145|
210146|
210147|
210148|
210149|
210150|
210151|
210176|
210177|
210178|
210179|
210180|
210181|
210182|
210183|
210208|
210209|
210210|
210211|
210212|
210213|
210214|
210215|
210240|
210241|
210242|
210243|
210244|
210245|
210246|
210247|
210272|
210273|
210274|
210275|
210276|
210277|
210278|
210279|
210304|
210305|
210306|
210307|
210308|
210309|
210310|
210311|
210336|
210337|
210338|
210339|
210340|
210341|
210342|
210343|
210368|
210369|
210370|
210371|
210372|
210373|
210374|
210375|
210400|
210401|
210402|
210403|
210404|
210405|
210406|
210407|
210432|
210433|
210434|
210435|
210436|
210437|
210438|
210439|
210464|
210465|
210466|
210467|
210468|
210469|
210470|
210471|
210496|
210497|
210498|
210499|
210500|
210501|
210502|
210503|
210528|
210529|
210530|
210531|
210532|
210533|
210534|
210535|
210560|
210561|
210562|
210563|
210564|
210565|
210566|
210567|
210592|
210593|
210594|
210595|
210596|
210597|
210598|
210599|
210624|
210625|
210626|
210627|
210628|
210629|
210630|
210631|
210656|
210657|
210658|
210659|
210660|
210661|
210662|
210663|
210688|
210689|
210690|
210691|
210692|
210693|
210694|
210695|
210720|
210721|
210722|
210723|
210724|
210725|
210726|
210727|
210752|
210753|
210754|
210755|
210756|
210757|
210758|
210759|
210784|
210785|
210786|
210787|
210788|
210789|
210790|
210791|
210816|
210817|
210818|
210819|
210820|
210821|
210822|
210823|
210848|
210849|
210850|
210851|
210852|
210853|
210854|
210855|
210880|
210881|
210882|
210883|
210884|
210885|
210886|
210887|
210912|
210913|
210914|
210915|
210916|
210917|
210918|
210919|
210944|
210945|
210946|
210947|
210948|
210949|
210950|
210951|
210976|
210977|
210978|
210979|
210980|
210981|
210982|
210983|
211008|
211009|
211010|
211011|
211012|
211013|
211014|
211015|
211040|
211041|
211042|
211043|
211044|
211045|
211046|
211047|
211072|
211073|
211074|
211075|
211076|
211077|
211078|
211079|
211104|
211105|
211106|
211107|
211108|
211109|
211110|
211111|
211136|
211137|
211138|
211139|
211140|
211141|
211142|
211143|
211168|
211169|
211170|
211171|
211172|
211173|
211174|
211175|
211200|
211201|
211202|
211203|
211204|
211205|
211206|
211207|
211232|
211233|
211234|
211235|
211236|
211237|
211238|
211239|
211264|
211265|
211266|
211267|
211268|
211269|
211270|
211271|
211296|
211297|
211298|
211299|
211300|
211301|
211302|
211303|
211328|
211329|
211330|
211331|
211332|
211333|
211334|
211335|
211360|
211361|
211362|
211363|
211364|
211365|
211366|
211367|
211392|
211393|
211394|
211395|
211396|
211397|
211398|
211399|
211424|
211425|
211426|
211427|
211428|
211429|
211430|
211431|
211456|
211457|
211458|
211459|
211460|
211461|
211462|
211463|
211488|
211489|
211490|
211491|
211492|
211493|
211494|
211495|
211520|
211521|
211522|
211523|
211524|
211525|
211526|
211527|
211552|
211553|
211554|
211555|
211556|
211557|
211558|
211559|
211584|
211585|
211586|
211587|
211588|
211589|
211590|
211591|
211616|
211617|
211618|
211619|
211620|
211621|
211622|
211623|
211648|
211649|
211650|
211651|
211652|
211653|
211654|
211655|
211680|
211681|
211682|
211683|
211684|
211685|
211686|
211687|
211712|
211713|
211714|
211715|
211716|
211717|
211718|
211719|
211744|
211745|
211746|
211747|
211748|
211749|
211750|
211751|
211776|
211777|
211778|
211779|
211780|
211781|
211782|
211783|
211808|
211809|
211810|
211811|
211812|
211813|
211814|
211815|
211840|
211841|
211842|
211843|
211844|
211845|
211846|
211847|
211872|
211873|
211874|
211875|
211876|
211877|
211878|
211879|
211904|
211905|
211906|
211907|
211908|
211909|
211910|
211911|
211936|
211937|
211938|
211939|
211940|
211941|
211942|
211943|
211968|
211969|
211970|
211971|
211972|
211973|
211974|
211975|
212000|
212001|
212002|
212003|
212004|
212005|
212006|
212007|
212032|
212033|
212034|
212035|
212036|
212037|
212038|
212039|
212064|
212065|
212066|
212067|
212068|
212069|
212070|
212071|
212096|
212097|
212098|
212099|
212100|
212101|
212102|
212103|
212128|
212129|
212130|
212131|
212132|
212133|
212134|
212135|
212160|
212161|
212162|
212163|
212164|
212165|
212166|
212167|
212192|
212193|
212194|
212195|
212196|
212197|
212198|
212199|
212224|
212225|
212226|
212227|
212228|
212229|
212230|
212231|
212256|
212257|
212258|
212259|
212260|
212261|
212262|
212263|
212288|
212289|
212290|
212291|
212292|
212293|
212294|
212295|
212320|
212321|
212322|
212323|
212324|
212325|
212326|
212327|
212352|
212353|
212354|
212355|
212356|
212357|
212358|
212359|
212384|
212385|
212386|
212387|
212388|
212389|
212390|
212391|
212416|
212417|
212418|
212419|
212420|
212421|
212422|
212423|
212448|
212449|
212450|
212451|
212452|
212453|
212454|
212455|
212480|
212481|
212482|
212483|
212484|
212485|
212486|
212487|
212512|
212513|
212514|
212515|
212516|
212517|
212518|
212519|
212544|
212545|
212546|
212547|
212548|
212549|
212550|
212551|
212576|
212577|
212578|
212579|
212580|
212581|
212582|
212583|
212608|
212609|
212610|
212611|
212612|
212613|
212614|
212615|
212640|
212641|
212642|
212643|
212644|
212645|
212646|
212647|
212672|
212673|
212674|
212675|
212676|
212677|
212678|
212679|
212704|
212705|
212706|
212707|
212708|
212709|
212710|
212711|
212736|
212737|
212738|
212739|
212740|
212741|
212742|
212743|
212768|
212769|
212770|
212771|
212772|
212773|
212774|
212775|
212800|
212801|
212802|
212803|
212804|
212805|
212806|
212807|
212832|
212833|
212834|
212835|
212836|
212837|
212838|
212839|
212864|
212865|
212866|
212867|
212868|
212869|
212870|
212871|
212896|
212897|
212898|
212899|
212900|
212901|
212902|
212903|
212928|
212929|
212930|
212931|
212932|
212933|
212934|
212935|
212960|
212961|
212962|
212963|
212964|
212965|
212966|
212967|
212992|
212993|
212994|
212995|
212996|
212997|
212998|
212999|
213024|
213025|
213026|
213027|
213028|
213029|
213030|
213031|
213056|
213057|
213058|
213059|
213060|
213061|
213062|
213063|
213088|
213089|
213090|
213091|
213092|
213093|
213094|
213095|
213120|
213121|
213122|
213123|
213124|
213125|
213126|
213127|
213152|
213153|
213154|
213155|
213156|
213157|
213158|
213159|
213184|
213185|
213186|
213187|
213188|
213189|
213190|
213191|
213216|
213217|
213218|
213219|
213220|
213221|
213222|
213223|
213248|
213249|
213250|
213251|
213252|
213253|
213254|
213255|
213280|
213281|
213282|
213283|
213284|
213285|
213286|
213287|
213312|
213313|
213314|
213315|
213316|
213317|
213318|
213319|
213344|
213345|
213346|
213347|
213348|
213349|
213350|
213351|
213376|
213377|
213378|
213379|
213380|
213381|
213382|
213383|
213408|
213409|
213410|
213411|
213412|
213413|
213414|
213415|
213440|
213441|
213442|
213443|
213444|
213445|
213446|
213447|
213472|
213473|
213474|
213475|
213476|
213477|
213478|
213479|
213504|
213505|
213506|
213507|
213508|
213509|
213510|
213511|
213536|
213537|
213538|
213539|
213540|
213541|
213542|
213543|
213568|
213569|
213570|
213571|
213572|
213573|
213574|
213575|
213600|
213601|
213602|
213603|
213604|
213605|
213606|
213607|
213632|
213633|
213634|
213635|
213636|
213637|
213638|
213639|
213664|
213665|
213666|
213667|
213668|
213669|
213670|
213671|
213696|
213697|
213698|
213699|
213700|
213701|
213702|
213703|
213728|
213729|
213730|
213731|
213732|
213733|
213734|
213735|
213760|
213761|
213762|
213763|
213764|
213765|
213766|
213767|
213792|
213793|
213794|
213795|
213796|
213797|
213798|
213799|
213824|
213825|
213826|
213827|
213828|
213829|
213830|
213831|
213856|
213857|
213858|
213859|
213860|
213861|
213862|
213863|
213888|
213889|
213890|
213891|
213892|
213893|
213894|
213895|
213920|
213921|
213922|
213923|
213924|
213925|
213926|
213927|
213952|
213953|
213954|
213955|
213956|
213957|
213958|
213959|
213984|
213985|
213986|
213987|
213988|
213989|
213990|
213991|
214016|
214017|
214018|
214019|
214020|
214021|
214022|
214023|
214048|
214049|
214050|
214051|
214052|
214053|
214054|
214055|
214080|
214081|
214082|
214083|
214084|
214085|
214086|
214087|
214112|
214113|
214114|
214115|
214116|
214117|
214118|
214119|
214144|
214145|
214146|
214147|
214148|
214149|
214150|
214151|
214176|
214177|
214178|
214179|
214180|
214181|
214182|
214183|
214208|
214209|
214210|
214211|
214212|
214213|
214214|
214215|
214240|
214241|
214242|
214243|
214244|
214245|
214246|
214247|
214272|
214273|
214274|
214275|
214276|
214277|
214278|
214279|
214304|
214305|
214306|
214307|
214308|
214309|
214310|
214311|
214336|
214337|
214338|
214339|
214340|
214341|
214342|
214343|
214368|
214369|
214370|
214371|
214372|
214373|
214374|
214375|
214400|
214401|
214402|
214403|
214404|
214405|
214406|
214407|
214432|
214433|
214434|
214435|
214436|
214437|
214438|
214439|
214464|
214465|
214466|
214467|
214468|
214469|
214470|
214471|
214496|
214497|
214498|
214499|
214500|
214501|
214502|
214503|
214528|
214529|
214530|
214531|
214532|
214533|
214534|
214535|
214560|
214561|
214562|
214563|
214564|
214565|
214566|
214567|
214592|
214593|
214594|
214595|
214596|
214597|
214598|
214599|
214624|
214625|
214626|
214627|
214628|
214629|
214630|
214631|
214656|
214657|
214658|
214659|
214660|
214661|
214662|
214663|
214688|
214689|
214690|
214691|
214692|
214693|
214694|
214695|
214720|
214721|
214722|
214723|
214724|
214725|
214726|
214727|
214752|
214753|
214754|
214755|
214756|
214757|
214758|
214759|
214784|
214785|
214786|
214787|
214788|
214789|
214790|
214791|
214816|
214817|
214818|
214819|
214820|
214821|
214822|
214823|
214848|
214849|
214850|
214851|
214852|
214853|
214854|
214855|
214880|
214881|
214882|
214883|
214884|
214885|
214886|
214887|
214912|
214913|
214914|
214915|
214916|
214917|
214918|
214919|
214944|
214945|
214946|
214947|
214948|
214949|
214950|
214951|
214976|
214977|
214978|
214979|
214980|
214981|
214982|
214983|
215008|
215009|
215010|
215011|
215012|
215013|
215014|
215015|
215040|
215041|
215042|
215043|
215044|
215045|
215046|
215047|
215072|
215073|
215074|
215075|
215076|
215077|
215078|
215079|
215104|
215105|
215106|
215107|
215108|
215109|
215110|
215111|
215136|
215137|
215138|
215139|
215140|
215141|
215142|
215143|
215168|
215169|
215170|
215171|
215172|
215173|
215174|
215175|
215200|
215201|
215202|
215203|
215204|
215205|
215206|
215207|
215232|
215233|
215234|
215235|
215236|
215237|
215238|
215239|
215264|
215265|
215266|
215267|
215268|
215269|
215270|
215271|
215296|
215297|
215298|
215299|
215300|
215301|
215302|
215303|
215328|
215329|
215330|
215331|
215332|
215333|
215334|
215335|
215360|
215361|
215362|
215363|
215364|
215365|
215366|
215367|
215392|
215393|
215394|
215395|
215396|
215397|
215398|
215399|
215424|
215425|
215426|
215427|
215428|
215429|
215430|
215431|
215456|
215457|
215458|
215459|
215460|
215461|
215462|
215463|
215488|
215489|
215490|
215491|
215492|
215493|
215494|
215495|
215520|
215521|
215522|
215523|
215524|
215525|
215526|
215527|
215552|
215553|
215554|
215555|
215556|
215557|
215558|
215559|
215584|
215585|
215586|
215587|
215588|
215589|
215590|
215591|
215616|
215617|
215618|
215619|
215620|
215621|
215622|
215623|
215648|
215649|
215650|
215651|
215652|
215653|
215654|
215655|
215680|
215681|
215682|
215683|
215684|
215685|
215686|
215687|
215712|
215713|
215714|
215715|
215716|
215717|
215718|
215719|
215744|
215745|
215746|
215747|
215748|
215749|
215750|
215751|
215776|
215777|
215778|
215779|
215780|
215781|
215782|
215783|
215808|
215809|
215810|
215811|
215812|
215813|
215814|
215815|
215840|
215841|
215842|
215843|
215844|
215845|
215846|
215847|
215872|
215873|
215874|
215875|
215876|
215877|
215878|
215879|
215904|
215905|
215906|
215907|
215908|
215909|
215910|
215911|
215936|
215937|
215938|
215939|
215940|
215941|
215942|
215943|
215968|
215969|
215970|
215971|
215972|
215973|
215974|
215975|
216000|
