2309989|
2309990|
2309991|
2310016|
2310017|
2310018|
2310019|
2310020|
2310021|
2310022|
2310023|
2310048|
2310049|
2310050|
2310051|
2310052|
2310053|
2310054|
2310055|
2310080|
2310081|
2310082|
2310083|
2310084|
2310085|
2310086|
2310087|
2310112|
2310113|
2310114|
2310115|
2310116|
2310117|
2310118|
2310119|
2310144|
2310145|
2310146|
2310147|
2310148|
2310149|
2310150|
2310151|
2310176|
2310177|
2310178|
2310179|
2310180|
2310181|
2310182|
2310183|
2310208|
2310209|
2310210|
2310211|
2310212|
2310213|
2310214|
2310215|
2310240|
2310241|
2310242|
2310243|
2310244|
2310245|
2310246|
2310247|
2310272|
2310273|
2310274|
2310275|
2310276|
2310277|
2310278|
2310279|
2310304|
2310305|
2310306|
2310307|
2310308|
2310309|
2310310|
2310311|
2310336|
2310337|
2310338|
2310339|
2310340|
2310341|
2310342|
2310343|
2310368|
2310369|
2310370|
2310371|
2310372|
2310373|
2310374|
2310375|
2310400|
2310401|
2310402|
2310403|
2310404|
2310405|
2310406|
2310407|
2310432|
2310433|
2310434|
2310435|
2310436|
2310437|
2310438|
2310439|
2310464|
2310465|
2310466|
2310467|
2310468|
2310469|
2310470|
2310471|
2310496|
2310497|
2310498|
2310499|
2310500|
2310501|
2310502|
2310503|
2310528|
2310529|
2310530|
2310531|
2310532|
2310533|
2310534|
2310535|
2310560|
2310561|
2310562|
2310563|
2310564|
2310565|
2310566|
2310567|
2310592|
2310593|
2310594|
2310595|
2310596|
2310597|
2310598|
2310599|
2310624|
2310625|
2310626|
2310627|
2310628|
2310629|
2310630|
2310631|
2310656|
2310657|
2310658|
2310659|
2310660|
2310661|
2310662|
2310663|
2310688|
2310689|
2310690|
2310691|
2310692|
2310693|
2310694|
2310695|
2310720|
2310721|
2310722|
2310723|
2310724|
2310725|
2310726|
2310727|
2310752|
2310753|
2310754|
2310755|
2310756|
2310757|
2310758|
2310759|
2310784|
2310785|
2310786|
2310787|
2310788|
2310789|
2310790|
2310791|
2310816|
2310817|
2310818|
2310819|
2310820|
2310821|
2310822|
2310823|
2310848|
2310849|
2310850|
2310851|
2310852|
2310853|
2310854|
2310855|
2310880|
2310881|
2310882|
2310883|
2310884|
2310885|
2310886|
2310887|
2310912|
2310913|
2310914|
2310915|
2310916|
2310917|
2310918|
2310919|
2310944|
2310945|
2310946|
2310947|
2310948|
2310949|
2310950|
2310951|
2310976|
2310977|
2310978|
2310979|
2310980|
2310981|
2310982|
2310983|
2311008|
2311009|
2311010|
2311011|
2311012|
2311013|
2311014|
2311015|
2311040|
2311041|
2311042|
2311043|
2311044|
2311045|
2311046|
2311047|
2311072|
2311073|
2311074|
2311075|
2311076|
2311077|
2311078|
2311079|
2311104|
2311105|
2311106|
2311107|
2311108|
2311109|
2311110|
2311111|
2311136|
2311137|
2311138|
2311139|
2311140|
2311141|
2311142|
2311143|
2311168|
2311169|
2311170|
2311171|
2311172|
2311173|
2311174|
2311175|
2311200|
2311201|
2311202|
2311203|
2311204|
2311205|
2311206|
2311207|
2311232|
2311233|
2311234|
2311235|
2311236|
2311237|
2311238|
2311239|
2311264|
2311265|
2311266|
2311267|
2311268|
2311269|
2311270|
2311271|
2311296|
2311297|
2311298|
2311299|
2311300|
2311301|
2311302|
2311303|
2311328|
2311329|
2311330|
2311331|
2311332|
2311333|
2311334|
2311335|
2311360|
2311361|
2311362|
2311363|
2311364|
2311365|
2311366|
2311367|
2311392|
2311393|
2311394|
2311395|
2311396|
2311397|
2311398|
2311399|
2311424|
2311425|
2311426|
2311427|
2311428|
2311429|
2311430|
2311431|
2311456|
2311457|
2311458|
2311459|
2311460|
2311461|
2311462|
2311463|
2311488|
2311489|
2311490|
2311491|
2311492|
2311493|
2311494|
2311495|
2311520|
2311521|
2311522|
2311523|
2311524|
2311525|
2311526|
2311527|
2311552|
2311553|
2311554|
2311555|
2311556|
2311557|
2311558|
2311559|
2311584|
2311585|
2311586|
2311587|
2311588|
2311589|
2311590|
2311591|
2311616|
2311617|
2311618|
2311619|
2311620|
2311621|
2311622|
2311623|
2311648|
2311649|
2311650|
2311651|
2311652|
2311653|
2311654|
2311655|
2311680|
2311681|
2311682|
2311683|
2311684|
2311685|
2311686|
2311687|
2311712|
2311713|
2311714|
2311715|
2311716|
2311717|
2311718|
2311719|
2311744|
2311745|
2311746|
2311747|
2311748|
2311749|
2311750|
2311751|
2311776|
2311777|
2311778|
2311779|
2311780|
2311781|
2311782|
2311783|
2311808|
2311809|
2311810|
2311811|
2311812|
2311813|
2311814|
2311815|
2311840|
2311841|
2311842|
2311843|
2311844|
2311845|
2311846|
2311847|
2311872|
2311873|
2311874|
2311875|
2311876|
2311877|
2311878|
2311879|
2311904|
2311905|
2311906|
2311907|
2311908|
2311909|
2311910|
2311911|
2311936|
2311937|
2311938|
2311939|
2311940|
2311941|
2311942|
2311943|
2311968|
2311969|
2311970|
2311971|
2311972|
2311973|
2311974|
2311975|
2312000|
2312001|
2312002|
2312003|
2312004|
2312005|
2312006|
2312007|
2312032|
2312033|
2312034|
2312035|
2312036|
2312037|
2312038|
2312039|
2312064|
2312065|
2312066|
2312067|
2312068|
2312069|
2312070|
2312071|
2312096|
2312097|
2312098|
2312099|
2312100|
2312101|
2312102|
2312103|
2312128|
2312129|
2312130|
2312131|
2312132|
2312133|
2312134|
2312135|
2312160|
2312161|
2312162|
2312163|
2312164|
2312165|
2312166|
2312167|
2312192|
2312193|
2312194|
2312195|
2312196|
2312197|
2312198|
2312199|
2312224|
2312225|
2312226|
2312227|
2312228|
2312229|
2312230|
2312231|
2312256|
2312257|
2312258|
2312259|
2312260|
2312261|
2312262|
2312263|
2312288|
2312289|
2312290|
2312291|
2312292|
2312293|
2312294|
2312295|
2312320|
2312321|
2312322|
2312323|
2312324|
2312325|
2312326|
2312327|
2312352|
2312353|
2312354|
2312355|
2312356|
2312357|
2312358|
2312359|
2312384|
2312385|
2312386|
2312387|
2312388|
2312389|
2312390|
2312391|
2312416|
2312417|
2312418|
2312419|
2312420|
2312421|
2312422|
2312423|
2312448|
2312449|
2312450|
2312451|
2312452|
2312453|
2312454|
2312455|
2312480|
2312481|
2312482|
2312483|
2312484|
2312485|
2312486|
2312487|
2312512|
2312513|
2312514|
2312515|
2312516|
2312517|
2312518|
2312519|
2312544|
2312545|
2312546|
2312547|
2312548|
2312549|
2312550|
2312551|
2312576|
2312577|
2312578|
2312579|
2312580|
2312581|
2312582|
2312583|
2312608|
2312609|
2312610|
2312611|
2312612|
2312613|
2312614|
2312615|
2312640|
2312641|
2312642|
2312643|
2312644|
2312645|
2312646|
2312647|
2312672|
2312673|
2312674|
2312675|
2312676|
2312677|
2312678|
2312679|
2312704|
2312705|
2312706|
2312707|
2312708|
2312709|
2312710|
2312711|
2312736|
2312737|
2312738|
2312739|
2312740|
2312741|
2312742|
2312743|
2312768|
2312769|
2312770|
2312771|
2312772|
2312773|
2312774|
2312775|
2312800|
2312801|
2312802|
2312803|
2312804|
2312805|
2312806|
2312807|
2312832|
2312833|
2312834|
2312835|
2312836|
2312837|
2312838|
2312839|
2312864|
2312865|
2312866|
2312867|
2312868|
2312869|
2312870|
2312871|
2312896|
2312897|
2312898|
2312899|
2312900|
2312901|
2312902|
2312903|
2312928|
2312929|
2312930|
2312931|
2312932|
2312933|
2312934|
2312935|
2312960|
2312961|
2312962|
2312963|
2312964|
2312965|
2312966|
2312967|
2312992|
2312993|
2312994|
2312995|
2312996|
2312997|
2312998|
2312999|
2313024|
2313025|
2313026|
2313027|
2313028|
2313029|
2313030|
2313031|
2313056|
2313057|
2313058|
2313059|
2313060|
2313061|
2313062|
2313063|
2313088|
2313089|
2313090|
2313091|
2313092|
2313093|
2313094|
2313095|
2313120|
2313121|
2313122|
2313123|
2313124|
2313125|
2313126|
2313127|
2313152|
2313153|
2313154|
2313155|
2313156|
2313157|
2313158|
2313159|
2313184|
2313185|
2313186|
2313187|
2313188|
2313189|
2313190|
2313191|
2313216|
2313217|
2313218|
2313219|
2313220|
2313221|
2313222|
2313223|
2313248|
2313249|
2313250|
2313251|
2313252|
2313253|
2313254|
2313255|
2313280|
2313281|
2313282|
2313283|
2313284|
2313285|
2313286|
2313287|
2313312|
2313313|
2313314|
2313315|
2313316|
2313317|
2313318|
2313319|
2313344|
2313345|
2313346|
2313347|
2313348|
2313349|
2313350|
2313351|
2313376|
2313377|
2313378|
2313379|
2313380|
2313381|
2313382|
2313383|
2313408|
2313409|
2313410|
2313411|
2313412|
2313413|
2313414|
2313415|
2313440|
2313441|
2313442|
2313443|
2313444|
2313445|
2313446|
2313447|
2313472|
2313473|
2313474|
2313475|
2313476|
2313477|
2313478|
2313479|
2313504|
2313505|
2313506|
2313507|
2313508|
2313509|
2313510|
2313511|
2313536|
2313537|
2313538|
2313539|
2313540|
2313541|
2313542|
2313543|
2313568|
2313569|
2313570|
2313571|
2313572|
2313573|
2313574|
2313575|
2313600|
2313601|
2313602|
2313603|
2313604|
2313605|
2313606|
2313607|
2313632|
2313633|
2313634|
2313635|
2313636|
2313637|
2313638|
2313639|
2313664|
2313665|
2313666|
2313667|
2313668|
2313669|
2313670|
2313671|
2313696|
2313697|
2313698|
2313699|
2313700|
2313701|
2313702|
2313703|
2313728|
2313729|
2313730|
2313731|
2313732|
2313733|
2313734|
2313735|
2313760|
2313761|
2313762|
2313763|
2313764|
2313765|
2313766|
2313767|
2313792|
2313793|
2313794|
2313795|
2313796|
2313797|
2313798|
2313799|
2313824|
2313825|
2313826|
2313827|
2313828|
2313829|
2313830|
2313831|
2313856|
2313857|
2313858|
2313859|
2313860|
2313861|
2313862|
2313863|
2313888|
2313889|
2313890|
2313891|
2313892|
2313893|
2313894|
2313895|
2313920|
2313921|
2313922|
2313923|
2313924|
2313925|
2313926|
2313927|
2313952|
2313953|
2313954|
2313955|
2313956|
2313957|
2313958|
2313959|
2313984|
2313985|
2313986|
2313987|
2313988|
2313989|
2313990|
2313991|
2314016|
2314017|
2314018|
2314019|
2314020|
2314021|
2314022|
2314023|
2314048|
2314049|
2314050|
2314051|
2314052|
2314053|
2314054|
2314055|
2314080|
2314081|
2314082|
2314083|
2314084|
2314085|
2314086|
2314087|
2314112|
2314113|
2314114|
2314115|
2314116|
2314117|
2314118|
2314119|
2314144|
2314145|
2314146|
2314147|
2314148|
2314149|
2314150|
2314151|
2314176|
2314177|
2314178|
2314179|
2314180|
2314181|
2314182|
2314183|
2314208|
2314209|
2314210|
2314211|
2314212|
2314213|
2314214|
2314215|
2314240|
2314241|
2314242|
2314243|
2314244|
2314245|
2314246|
2314247|
2314272|
2314273|
2314274|
2314275|
2314276|
2314277|
2314278|
2314279|
2314304|
2314305|
2314306|
2314307|
2314308|
2314309|
2314310|
2314311|
2314336|
2314337|
2314338|
2314339|
2314340|
2314341|
2314342|
2314343|
2314368|
2314369|
2314370|
2314371|
2314372|
2314373|
2314374|
2314375|
2314400|
2314401|
2314402|
2314403|
2314404|
2314405|
2314406|
2314407|
2314432|
2314433|
2314434|
2314435|
2314436|
2314437|
2314438|
2314439|
2314464|
2314465|
2314466|
2314467|
2314468|
2314469|
2314470|
2314471|
2314496|
2314497|
2314498|
2314499|
2314500|
2314501|
2314502|
2314503|
2314528|
2314529|
2314530|
2314531|
2314532|
2314533|
2314534|
2314535|
2314560|
2314561|
2314562|
2314563|
2314564|
2314565|
2314566|
2314567|
2314592|
2314593|
2314594|
2314595|
2314596|
2314597|
2314598|
2314599|
2314624|
2314625|
2314626|
2314627|
2314628|
2314629|
2314630|
2314631|
2314656|
2314657|
2314658|
2314659|
2314660|
2314661|
2314662|
2314663|
2314688|
2314689|
2314690|
2314691|
2314692|
2314693|
2314694|
2314695|
2314720|
2314721|
2314722|
2314723|
2314724|
2314725|
2314726|
2314727|
2314752|
2314753|
2314754|
2314755|
2314756|
2314757|
2314758|
2314759|
2314784|
2314785|
2314786|
2314787|
2314788|
2314789|
2314790|
2314791|
2314816|
2314817|
2314818|
2314819|
2314820|
2314821|
2314822|
2314823|
2314848|
2314849|
2314850|
2314851|
2314852|
2314853|
2314854|
2314855|
2314880|
2314881|
2314882|
2314883|
2314884|
2314885|
2314886|
2314887|
2314912|
2314913|
2314914|
2314915|
2314916|
2314917|
2314918|
2314919|
2314944|
2314945|
2314946|
2314947|
2314948|
2314949|
2314950|
2314951|
2314976|
2314977|
2314978|
2314979|
2314980|
2314981|
2314982|
2314983|
2315008|
2315009|
2315010|
2315011|
2315012|
2315013|
2315014|
2315015|
2315040|
2315041|
2315042|
2315043|
2315044|
2315045|
2315046|
2315047|
2315072|
2315073|
2315074|
2315075|
2315076|
2315077|
2315078|
2315079|
2315104|
2315105|
2315106|
2315107|
2315108|
2315109|
2315110|
2315111|
2315136|
2315137|
2315138|
2315139|
2315140|
2315141|
2315142|
2315143|
2315168|
2315169|
2315170|
2315171|
2315172|
2315173|
2315174|
2315175|
2315200|
2315201|
2315202|
2315203|
2315204|
2315205|
2315206|
2315207|
2315232|
2315233|
2315234|
2315235|
2315236|
2315237|
2315238|
2315239|
2315264|
2315265|
2315266|
2315267|
2315268|
2315269|
2315270|
2315271|
2315296|
2315297|
2315298|
2315299|
2315300|
2315301|
2315302|
2315303|
2315328|
2315329|
2315330|
2315331|
2315332|
2315333|
2315334|
2315335|
2315360|
2315361|
2315362|
2315363|
2315364|
2315365|
2315366|
2315367|
2315392|
2315393|
2315394|
2315395|
2315396|
2315397|
2315398|
2315399|
2315424|
2315425|
2315426|
2315427|
2315428|
2315429|
2315430|
2315431|
2315456|
2315457|
2315458|
2315459|
2315460|
2315461|
2315462|
2315463|
2315488|
2315489|
2315490|
2315491|
2315492|
2315493|
2315494|
2315495|
2315520|
2315521|
2315522|
2315523|
2315524|
2315525|
2315526|
2315527|
2315552|
2315553|
2315554|
2315555|
2315556|
2315557|
2315558|
2315559|
2315584|
2315585|
2315586|
2315587|
2315588|
2315589|
2315590|
2315591|
2315616|
2315617|
2315618|
2315619|
2315620|
2315621|
2315622|
2315623|
2315648|
2315649|
2315650|
2315651|
2315652|
2315653|
2315654|
2315655|
2315680|
2315681|
2315682|
2315683|
2315684|
2315685|
2315686|
2315687|
2315712|
2315713|
2315714|
2315715|
2315716|
2315717|
2315718|
2315719|
2315744|
2315745|
2315746|
2315747|
2315748|
2315749|
2315750|
2315751|
2315776|
2315777|
2315778|
2315779|
2315780|
2315781|
2315782|
2315783|
2315808|
2315809|
2315810|
2315811|
2315812|
2315813|
2315814|
2315815|
2315840|
2315841|
2315842|
2315843|
2315844|
2315845|
2315846|
2315847|
2315872|
2315873|
2315874|
2315875|
2315876|
2315877|
2315878|
2315879|
2315904|
2315905|
2315906|
2315907|
2315908|
2315909|
2315910|
2315911|
2315936|
2315937|
2315938|
2315939|
2315940|
2315941|
2315942|
2315943|
2315968|
2315969|
2315970|
2315971|
2315972|
2315973|
2315974|
2315975|
2316000|
