384001|
384002|
384003|
384004|
384005|
384006|
384007|
384032|
384033|
384034|
384035|
384036|
384037|
384038|
384039|
384064|
384065|
384066|
384067|
384068|
384069|
384070|
384071|
384096|
384097|
384098|
384099|
384100|
384101|
384102|
384103|
384128|
384129|
384130|
384131|
384132|
384133|
384134|
384135|
384160|
384161|
384162|
384163|
384164|
384165|
384166|
384167|
384192|
384193|
384194|
384195|
384196|
384197|
384198|
384199|
384224|
384225|
384226|
384227|
384228|
384229|
384230|
384231|
384256|
384257|
384258|
384259|
384260|
384261|
384262|
384263|
384288|
384289|
384290|
384291|
384292|
384293|
384294|
384295|
384320|
384321|
384322|
384323|
384324|
384325|
384326|
384327|
384352|
384353|
384354|
384355|
384356|
384357|
384358|
384359|
384384|
384385|
384386|
384387|
384388|
384389|
384390|
384391|
384416|
384417|
384418|
384419|
384420|
384421|
384422|
384423|
384448|
384449|
384450|
384451|
384452|
384453|
384454|
384455|
384480|
384481|
384482|
384483|
384484|
384485|
384486|
384487|
384512|
384513|
384514|
384515|
384516|
384517|
384518|
384519|
384544|
384545|
384546|
384547|
384548|
384549|
384550|
384551|
384576|
384577|
384578|
384579|
384580|
384581|
384582|
384583|
384608|
384609|
384610|
384611|
384612|
384613|
384614|
384615|
384640|
384641|
384642|
384643|
384644|
384645|
384646|
384647|
384672|
384673|
384674|
384675|
384676|
384677|
384678|
384679|
384704|
384705|
384706|
384707|
384708|
384709|
384710|
384711|
384736|
384737|
384738|
384739|
384740|
384741|
384742|
384743|
384768|
384769|
384770|
384771|
384772|
384773|
384774|
384775|
384800|
384801|
384802|
384803|
384804|
384805|
384806|
384807|
384832|
384833|
384834|
384835|
384836|
384837|
384838|
384839|
384864|
384865|
384866|
384867|
384868|
384869|
384870|
384871|
384896|
384897|
384898|
384899|
384900|
384901|
384902|
384903|
384928|
384929|
384930|
384931|
384932|
384933|
384934|
384935|
384960|
384961|
384962|
384963|
384964|
384965|
384966|
384967|
384992|
384993|
384994|
384995|
384996|
384997|
384998|
384999|
385024|
385025|
385026|
385027|
385028|
385029|
385030|
385031|
385056|
385057|
385058|
385059|
385060|
385061|
385062|
385063|
385088|
385089|
385090|
385091|
385092|
385093|
385094|
385095|
385120|
385121|
385122|
385123|
385124|
385125|
385126|
385127|
385152|
385153|
385154|
385155|
385156|
385157|
385158|
385159|
385184|
385185|
385186|
385187|
385188|
385189|
385190|
385191|
385216|
385217|
385218|
385219|
385220|
385221|
385222|
385223|
385248|
385249|
385250|
385251|
385252|
385253|
385254|
385255|
385280|
385281|
385282|
385283|
385284|
385285|
385286|
385287|
385312|
385313|
385314|
385315|
385316|
385317|
385318|
385319|
385344|
385345|
385346|
385347|
385348|
385349|
385350|
385351|
385376|
385377|
385378|
385379|
385380|
385381|
385382|
385383|
385408|
385409|
385410|
385411|
385412|
385413|
385414|
385415|
385440|
385441|
385442|
385443|
385444|
385445|
385446|
385447|
385472|
385473|
385474|
385475|
385476|
385477|
385478|
385479|
385504|
385505|
385506|
385507|
385508|
385509|
385510|
385511|
385536|
385537|
385538|
385539|
385540|
385541|
385542|
385543|
385568|
385569|
385570|
385571|
385572|
385573|
385574|
385575|
385600|
385601|
385602|
385603|
385604|
385605|
385606|
385607|
385632|
385633|
385634|
385635|
385636|
385637|
385638|
385639|
385664|
385665|
385666|
385667|
385668|
385669|
385670|
385671|
385696|
385697|
385698|
385699|
385700|
385701|
385702|
385703|
385728|
385729|
385730|
385731|
385732|
385733|
385734|
385735|
385760|
385761|
385762|
385763|
385764|
385765|
385766|
385767|
385792|
385793|
385794|
385795|
385796|
385797|
385798|
385799|
385824|
385825|
385826|
385827|
385828|
385829|
385830|
385831|
385856|
385857|
385858|
385859|
385860|
385861|
385862|
385863|
385888|
385889|
385890|
385891|
385892|
385893|
385894|
385895|
385920|
385921|
385922|
385923|
385924|
385925|
385926|
385927|
385952|
385953|
385954|
385955|
385956|
385957|
385958|
385959|
385984|
385985|
385986|
385987|
385988|
385989|
385990|
385991|
386016|
386017|
386018|
386019|
386020|
386021|
386022|
386023|
386048|
386049|
386050|
386051|
386052|
386053|
386054|
386055|
386080|
386081|
386082|
386083|
386084|
386085|
386086|
386087|
386112|
386113|
386114|
386115|
386116|
386117|
386118|
386119|
386144|
386145|
386146|
386147|
386148|
386149|
386150|
386151|
386176|
386177|
386178|
386179|
386180|
386181|
386182|
386183|
386208|
386209|
386210|
386211|
386212|
386213|
386214|
386215|
386240|
386241|
386242|
386243|
386244|
386245|
386246|
386247|
386272|
386273|
386274|
386275|
386276|
386277|
386278|
386279|
386304|
386305|
386306|
386307|
386308|
386309|
386310|
386311|
386336|
386337|
386338|
386339|
386340|
386341|
386342|
386343|
386368|
386369|
386370|
386371|
386372|
386373|
386374|
386375|
386400|
386401|
386402|
386403|
386404|
386405|
386406|
386407|
386432|
386433|
386434|
386435|
386436|
386437|
386438|
386439|
386464|
386465|
386466|
386467|
386468|
386469|
386470|
386471|
386496|
386497|
386498|
386499|
386500|
386501|
386502|
386503|
386528|
386529|
386530|
386531|
386532|
386533|
386534|
386535|
386560|
386561|
386562|
386563|
386564|
386565|
386566|
386567|
386592|
386593|
386594|
386595|
386596|
386597|
386598|
386599|
386624|
386625|
386626|
386627|
386628|
386629|
386630|
386631|
386656|
386657|
386658|
386659|
386660|
386661|
386662|
386663|
386688|
386689|
386690|
386691|
386692|
386693|
386694|
386695|
386720|
386721|
386722|
386723|
386724|
386725|
386726|
386727|
386752|
386753|
386754|
386755|
386756|
386757|
386758|
386759|
386784|
386785|
386786|
386787|
386788|
386789|
386790|
386791|
386816|
386817|
386818|
386819|
386820|
386821|
386822|
386823|
386848|
386849|
386850|
386851|
386852|
386853|
386854|
386855|
386880|
386881|
386882|
386883|
386884|
386885|
386886|
386887|
386912|
386913|
386914|
386915|
386916|
386917|
386918|
386919|
386944|
386945|
386946|
386947|
386948|
386949|
386950|
386951|
386976|
386977|
386978|
386979|
386980|
386981|
386982|
386983|
387008|
387009|
387010|
387011|
387012|
387013|
387014|
387015|
387040|
387041|
387042|
387043|
387044|
387045|
387046|
387047|
387072|
387073|
387074|
387075|
387076|
387077|
387078|
387079|
387104|
387105|
387106|
387107|
387108|
387109|
387110|
387111|
387136|
387137|
387138|
387139|
387140|
387141|
387142|
387143|
387168|
387169|
387170|
387171|
387172|
387173|
387174|
387175|
387200|
387201|
387202|
387203|
387204|
387205|
387206|
387207|
387232|
387233|
387234|
387235|
387236|
387237|
387238|
387239|
387264|
387265|
387266|
387267|
387268|
387269|
387270|
387271|
387296|
387297|
387298|
387299|
387300|
387301|
387302|
387303|
387328|
387329|
387330|
387331|
387332|
387333|
387334|
387335|
387360|
387361|
387362|
387363|
387364|
387365|
387366|
387367|
387392|
387393|
387394|
387395|
387396|
387397|
387398|
387399|
387424|
387425|
387426|
387427|
387428|
387429|
387430|
387431|
387456|
387457|
387458|
387459|
387460|
387461|
387462|
387463|
387488|
387489|
387490|
387491|
387492|
387493|
387494|
387495|
387520|
387521|
387522|
387523|
387524|
387525|
387526|
387527|
387552|
387553|
387554|
387555|
387556|
387557|
387558|
387559|
387584|
387585|
387586|
387587|
387588|
387589|
387590|
387591|
387616|
387617|
387618|
387619|
387620|
387621|
387622|
387623|
387648|
387649|
387650|
387651|
387652|
387653|
387654|
387655|
387680|
387681|
387682|
387683|
387684|
387685|
387686|
387687|
387712|
387713|
387714|
387715|
387716|
387717|
387718|
387719|
387744|
387745|
387746|
387747|
387748|
387749|
387750|
387751|
387776|
387777|
387778|
387779|
387780|
387781|
387782|
387783|
387808|
387809|
387810|
387811|
387812|
387813|
387814|
387815|
387840|
387841|
387842|
387843|
387844|
387845|
387846|
387847|
387872|
387873|
387874|
387875|
387876|
387877|
387878|
387879|
387904|
387905|
387906|
387907|
387908|
387909|
387910|
387911|
387936|
387937|
387938|
387939|
387940|
387941|
387942|
387943|
387968|
387969|
387970|
387971|
387972|
387973|
387974|
387975|
388000|
388001|
388002|
388003|
388004|
388005|
388006|
388007|
388032|
388033|
388034|
388035|
388036|
388037|
388038|
388039|
388064|
388065|
388066|
388067|
388068|
388069|
388070|
388071|
388096|
388097|
388098|
388099|
388100|
388101|
388102|
388103|
388128|
388129|
388130|
388131|
388132|
388133|
388134|
388135|
388160|
388161|
388162|
388163|
388164|
388165|
388166|
388167|
388192|
388193|
388194|
388195|
388196|
388197|
388198|
388199|
388224|
388225|
388226|
388227|
388228|
388229|
388230|
388231|
388256|
388257|
388258|
388259|
388260|
388261|
388262|
388263|
388288|
388289|
388290|
388291|
388292|
388293|
388294|
388295|
388320|
388321|
388322|
388323|
388324|
388325|
388326|
388327|
388352|
388353|
388354|
388355|
388356|
388357|
388358|
388359|
388384|
388385|
388386|
388387|
388388|
388389|
388390|
388391|
388416|
388417|
388418|
388419|
388420|
388421|
388422|
388423|
388448|
388449|
388450|
388451|
388452|
388453|
388454|
388455|
388480|
388481|
388482|
388483|
388484|
388485|
388486|
388487|
388512|
388513|
388514|
388515|
388516|
388517|
388518|
388519|
388544|
388545|
388546|
388547|
388548|
388549|
388550|
388551|
388576|
388577|
388578|
388579|
388580|
388581|
388582|
388583|
388608|
388609|
388610|
388611|
388612|
388613|
388614|
388615|
388640|
388641|
388642|
388643|
388644|
388645|
388646|
388647|
388672|
388673|
388674|
388675|
388676|
388677|
388678|
388679|
388704|
388705|
388706|
388707|
388708|
388709|
388710|
388711|
388736|
388737|
388738|
388739|
388740|
388741|
388742|
388743|
388768|
388769|
388770|
388771|
388772|
388773|
388774|
388775|
388800|
388801|
388802|
388803|
388804|
388805|
388806|
388807|
388832|
388833|
388834|
388835|
388836|
388837|
388838|
388839|
388864|
388865|
388866|
388867|
388868|
388869|
388870|
388871|
388896|
388897|
388898|
388899|
388900|
388901|
388902|
388903|
388928|
388929|
388930|
388931|
388932|
388933|
388934|
388935|
388960|
388961|
388962|
388963|
388964|
388965|
388966|
388967|
388992|
388993|
388994|
388995|
388996|
388997|
388998|
388999|
389024|
389025|
389026|
389027|
389028|
389029|
389030|
389031|
389056|
389057|
389058|
389059|
389060|
389061|
389062|
389063|
389088|
389089|
389090|
389091|
389092|
389093|
389094|
389095|
389120|
389121|
389122|
389123|
389124|
389125|
389126|
389127|
389152|
389153|
389154|
389155|
389156|
389157|
389158|
389159|
389184|
389185|
389186|
389187|
389188|
389189|
389190|
389191|
389216|
389217|
389218|
389219|
389220|
389221|
389222|
389223|
389248|
389249|
389250|
389251|
389252|
389253|
389254|
389255|
389280|
389281|
389282|
389283|
389284|
389285|
389286|
389287|
389312|
389313|
389314|
389315|
389316|
389317|
389318|
389319|
389344|
389345|
389346|
389347|
389348|
389349|
389350|
389351|
389376|
389377|
389378|
389379|
389380|
389381|
389382|
389383|
389408|
389409|
389410|
389411|
389412|
389413|
389414|
389415|
389440|
389441|
389442|
389443|
389444|
389445|
389446|
389447|
389472|
389473|
389474|
389475|
389476|
389477|
389478|
389479|
389504|
389505|
389506|
389507|
389508|
389509|
389510|
389511|
389536|
389537|
389538|
389539|
389540|
389541|
389542|
389543|
389568|
389569|
389570|
389571|
389572|
389573|
389574|
389575|
389600|
389601|
389602|
389603|
389604|
389605|
389606|
389607|
389632|
389633|
389634|
389635|
389636|
389637|
389638|
389639|
389664|
389665|
389666|
389667|
389668|
389669|
389670|
389671|
389696|
389697|
389698|
389699|
389700|
389701|
389702|
389703|
389728|
389729|
389730|
389731|
389732|
389733|
389734|
389735|
389760|
389761|
389762|
389763|
389764|
389765|
389766|
389767|
389792|
389793|
389794|
389795|
389796|
389797|
389798|
389799|
389824|
389825|
389826|
389827|
389828|
389829|
389830|
389831|
389856|
389857|
389858|
389859|
389860|
389861|
389862|
389863|
389888|
389889|
389890|
389891|
389892|
389893|
389894|
389895|
389920|
389921|
389922|
389923|
389924|
389925|
389926|
389927|
389952|
389953|
389954|
389955|
389956|
389957|
389958|
389959|
389984|
389985|
389986|
389987|
389988|
