444001|
444002|
444003|
444004|
444005|
444006|
444007|
444032|
444033|
444034|
444035|
444036|
444037|
444038|
444039|
444064|
444065|
444066|
444067|
444068|
444069|
444070|
444071|
444096|
444097|
444098|
444099|
444100|
444101|
444102|
444103|
444128|
444129|
444130|
444131|
444132|
444133|
444134|
444135|
444160|
444161|
444162|
444163|
444164|
444165|
444166|
444167|
444192|
444193|
444194|
444195|
444196|
444197|
444198|
444199|
444224|
444225|
444226|
444227|
444228|
444229|
444230|
444231|
444256|
444257|
444258|
444259|
444260|
444261|
444262|
444263|
444288|
444289|
444290|
444291|
444292|
444293|
444294|
444295|
444320|
444321|
444322|
444323|
444324|
444325|
444326|
444327|
444352|
444353|
444354|
444355|
444356|
444357|
444358|
444359|
444384|
444385|
444386|
444387|
444388|
444389|
444390|
444391|
444416|
444417|
444418|
444419|
444420|
444421|
444422|
444423|
444448|
444449|
444450|
444451|
444452|
444453|
444454|
444455|
444480|
444481|
444482|
444483|
444484|
444485|
444486|
444487|
444512|
444513|
444514|
444515|
444516|
444517|
444518|
444519|
444544|
444545|
444546|
444547|
444548|
444549|
444550|
444551|
444576|
444577|
444578|
444579|
444580|
444581|
444582|
444583|
444608|
444609|
444610|
444611|
444612|
444613|
444614|
444615|
444640|
444641|
444642|
444643|
444644|
444645|
444646|
444647|
444672|
444673|
444674|
444675|
444676|
444677|
444678|
444679|
444704|
444705|
444706|
444707|
444708|
444709|
444710|
444711|
444736|
444737|
444738|
444739|
444740|
444741|
444742|
444743|
444768|
444769|
444770|
444771|
444772|
444773|
444774|
444775|
444800|
444801|
444802|
444803|
444804|
444805|
444806|
444807|
444832|
444833|
444834|
444835|
444836|
444837|
444838|
444839|
444864|
444865|
444866|
444867|
444868|
444869|
444870|
444871|
444896|
444897|
444898|
444899|
444900|
444901|
444902|
444903|
444928|
444929|
444930|
444931|
444932|
444933|
444934|
444935|
444960|
444961|
444962|
444963|
444964|
444965|
444966|
444967|
444992|
444993|
444994|
444995|
444996|
444997|
444998|
444999|
445024|
445025|
445026|
445027|
445028|
445029|
445030|
445031|
445056|
445057|
445058|
445059|
445060|
445061|
445062|
445063|
445088|
445089|
445090|
445091|
445092|
445093|
445094|
445095|
445120|
445121|
445122|
445123|
445124|
445125|
445126|
445127|
445152|
445153|
445154|
445155|
445156|
445157|
445158|
445159|
445184|
445185|
445186|
445187|
445188|
445189|
445190|
445191|
445216|
445217|
445218|
445219|
445220|
445221|
445222|
445223|
445248|
445249|
445250|
445251|
445252|
445253|
445254|
445255|
445280|
445281|
445282|
445283|
445284|
445285|
445286|
445287|
445312|
445313|
445314|
445315|
445316|
445317|
445318|
445319|
445344|
445345|
445346|
445347|
445348|
445349|
445350|
445351|
445376|
445377|
445378|
445379|
445380|
445381|
445382|
445383|
445408|
445409|
445410|
445411|
445412|
445413|
445414|
445415|
445440|
445441|
445442|
445443|
445444|
445445|
445446|
445447|
445472|
445473|
445474|
445475|
445476|
445477|
445478|
445479|
445504|
445505|
445506|
445507|
445508|
445509|
445510|
445511|
445536|
445537|
445538|
445539|
445540|
445541|
445542|
445543|
445568|
445569|
445570|
445571|
445572|
445573|
445574|
445575|
445600|
445601|
445602|
445603|
445604|
445605|
445606|
445607|
445632|
445633|
445634|
445635|
445636|
445637|
445638|
445639|
445664|
445665|
445666|
445667|
445668|
445669|
445670|
445671|
445696|
445697|
445698|
445699|
445700|
445701|
445702|
445703|
445728|
445729|
445730|
445731|
445732|
445733|
445734|
445735|
445760|
445761|
445762|
445763|
445764|
445765|
445766|
445767|
445792|
445793|
445794|
445795|
445796|
445797|
445798|
445799|
445824|
445825|
445826|
445827|
445828|
445829|
445830|
445831|
445856|
445857|
445858|
445859|
445860|
445861|
445862|
445863|
445888|
445889|
445890|
445891|
445892|
445893|
445894|
445895|
445920|
445921|
445922|
445923|
445924|
445925|
445926|
445927|
445952|
445953|
445954|
445955|
445956|
445957|
445958|
445959|
445984|
445985|
445986|
445987|
445988|
445989|
445990|
445991|
446016|
446017|
446018|
446019|
446020|
446021|
446022|
446023|
446048|
446049|
446050|
446051|
446052|
446053|
446054|
446055|
446080|
446081|
446082|
446083|
446084|
446085|
446086|
446087|
446112|
446113|
446114|
446115|
446116|
446117|
446118|
446119|
446144|
446145|
446146|
446147|
446148|
446149|
446150|
446151|
446176|
446177|
446178|
446179|
446180|
446181|
446182|
446183|
446208|
446209|
446210|
446211|
446212|
446213|
446214|
446215|
446240|
446241|
446242|
446243|
446244|
446245|
446246|
446247|
446272|
446273|
446274|
446275|
446276|
446277|
446278|
446279|
446304|
446305|
446306|
446307|
446308|
446309|
446310|
446311|
446336|
446337|
446338|
446339|
446340|
446341|
446342|
446343|
446368|
446369|
446370|
446371|
446372|
446373|
446374|
446375|
446400|
446401|
446402|
446403|
446404|
446405|
446406|
446407|
446432|
446433|
446434|
446435|
446436|
446437|
446438|
446439|
446464|
446465|
446466|
446467|
446468|
446469|
446470|
446471|
446496|
446497|
446498|
446499|
446500|
446501|
446502|
446503|
446528|
446529|
446530|
446531|
446532|
446533|
446534|
446535|
446560|
446561|
446562|
446563|
446564|
446565|
446566|
446567|
446592|
446593|
446594|
446595|
446596|
446597|
446598|
446599|
446624|
446625|
446626|
446627|
446628|
446629|
446630|
446631|
446656|
446657|
446658|
446659|
446660|
446661|
446662|
446663|
446688|
446689|
446690|
446691|
446692|
446693|
446694|
446695|
446720|
446721|
446722|
446723|
446724|
446725|
446726|
446727|
446752|
446753|
446754|
446755|
446756|
446757|
446758|
446759|
446784|
446785|
446786|
446787|
446788|
446789|
446790|
446791|
446816|
446817|
446818|
446819|
446820|
446821|
446822|
446823|
446848|
446849|
446850|
446851|
446852|
446853|
446854|
446855|
446880|
446881|
446882|
446883|
446884|
446885|
446886|
446887|
446912|
446913|
446914|
446915|
446916|
446917|
446918|
446919|
446944|
446945|
446946|
446947|
446948|
446949|
446950|
446951|
446976|
446977|
446978|
446979|
446980|
446981|
446982|
446983|
447008|
447009|
447010|
447011|
447012|
447013|
447014|
447015|
447040|
447041|
447042|
447043|
447044|
447045|
447046|
447047|
447072|
447073|
447074|
447075|
447076|
447077|
447078|
447079|
447104|
447105|
447106|
447107|
447108|
447109|
447110|
447111|
447136|
447137|
447138|
447139|
447140|
447141|
447142|
447143|
447168|
447169|
447170|
447171|
447172|
447173|
447174|
447175|
447200|
447201|
447202|
447203|
447204|
447205|
447206|
447207|
447232|
447233|
447234|
447235|
447236|
447237|
447238|
447239|
447264|
447265|
447266|
447267|
447268|
447269|
447270|
447271|
447296|
447297|
447298|
447299|
447300|
447301|
447302|
447303|
447328|
447329|
447330|
447331|
447332|
447333|
447334|
447335|
447360|
447361|
447362|
447363|
447364|
447365|
447366|
447367|
447392|
447393|
447394|
447395|
447396|
447397|
447398|
447399|
447424|
447425|
447426|
447427|
447428|
447429|
447430|
447431|
447456|
447457|
447458|
447459|
447460|
447461|
447462|
447463|
447488|
447489|
447490|
447491|
447492|
447493|
447494|
447495|
447520|
447521|
447522|
447523|
447524|
447525|
447526|
447527|
447552|
447553|
447554|
447555|
447556|
447557|
447558|
447559|
447584|
447585|
447586|
447587|
447588|
447589|
447590|
447591|
447616|
447617|
447618|
447619|
447620|
447621|
447622|
447623|
447648|
447649|
447650|
447651|
447652|
447653|
447654|
447655|
447680|
447681|
447682|
447683|
447684|
447685|
447686|
447687|
447712|
447713|
447714|
447715|
447716|
447717|
447718|
447719|
447744|
447745|
447746|
447747|
447748|
447749|
447750|
447751|
447776|
447777|
447778|
447779|
447780|
447781|
447782|
447783|
447808|
447809|
447810|
447811|
447812|
447813|
447814|
447815|
447840|
447841|
447842|
447843|
447844|
447845|
447846|
447847|
447872|
447873|
447874|
447875|
447876|
447877|
447878|
447879|
447904|
447905|
447906|
447907|
447908|
447909|
447910|
447911|
447936|
447937|
447938|
447939|
447940|
447941|
447942|
447943|
447968|
447969|
447970|
447971|
447972|
447973|
447974|
447975|
448000|
448001|
448002|
448003|
448004|
448005|
448006|
448007|
448032|
448033|
448034|
448035|
448036|
448037|
448038|
448039|
448064|
448065|
448066|
448067|
448068|
448069|
448070|
448071|
448096|
448097|
448098|
448099|
448100|
448101|
448102|
448103|
448128|
448129|
448130|
448131|
448132|
448133|
448134|
448135|
448160|
448161|
448162|
448163|
448164|
448165|
448166|
448167|
448192|
448193|
448194|
448195|
448196|
448197|
448198|
448199|
448224|
448225|
448226|
448227|
448228|
448229|
448230|
448231|
448256|
448257|
448258|
448259|
448260|
448261|
448262|
448263|
448288|
448289|
448290|
448291|
448292|
448293|
448294|
448295|
448320|
448321|
448322|
448323|
448324|
448325|
448326|
448327|
448352|
448353|
448354|
448355|
448356|
448357|
448358|
448359|
448384|
448385|
448386|
448387|
448388|
448389|
448390|
448391|
448416|
448417|
448418|
448419|
448420|
448421|
448422|
448423|
448448|
448449|
448450|
448451|
448452|
448453|
448454|
448455|
448480|
448481|
448482|
448483|
448484|
448485|
448486|
448487|
448512|
448513|
448514|
448515|
448516|
448517|
448518|
448519|
448544|
448545|
448546|
448547|
448548|
448549|
448550|
448551|
448576|
448577|
448578|
448579|
448580|
448581|
448582|
448583|
448608|
448609|
448610|
448611|
448612|
448613|
448614|
448615|
448640|
448641|
448642|
448643|
448644|
448645|
448646|
448647|
448672|
448673|
448674|
448675|
448676|
448677|
448678|
448679|
448704|
448705|
448706|
448707|
448708|
448709|
448710|
448711|
448736|
448737|
448738|
448739|
448740|
448741|
448742|
448743|
448768|
448769|
448770|
448771|
448772|
448773|
448774|
448775|
448800|
448801|
448802|
448803|
448804|
448805|
448806|
448807|
448832|
448833|
448834|
448835|
448836|
448837|
448838|
448839|
448864|
448865|
448866|
448867|
448868|
448869|
448870|
448871|
448896|
448897|
448898|
448899|
448900|
448901|
448902|
448903|
448928|
448929|
448930|
448931|
448932|
448933|
448934|
448935|
448960|
448961|
448962|
448963|
448964|
448965|
448966|
448967|
448992|
448993|
448994|
448995|
448996|
448997|
448998|
448999|
449024|
449025|
449026|
449027|
449028|
449029|
449030|
449031|
449056|
449057|
449058|
449059|
449060|
449061|
449062|
449063|
449088|
449089|
449090|
449091|
449092|
449093|
449094|
449095|
449120|
449121|
449122|
449123|
449124|
449125|
449126|
449127|
449152|
449153|
449154|
449155|
449156|
449157|
449158|
449159|
449184|
449185|
449186|
449187|
449188|
449189|
449190|
449191|
449216|
449217|
449218|
449219|
449220|
449221|
449222|
449223|
449248|
449249|
449250|
449251|
449252|
449253|
449254|
449255|
449280|
449281|
449282|
449283|
449284|
449285|
449286|
449287|
449312|
449313|
449314|
449315|
449316|
449317|
449318|
449319|
449344|
449345|
449346|
449347|
449348|
449349|
449350|
449351|
449376|
449377|
449378|
449379|
449380|
449381|
449382|
449383|
449408|
449409|
449410|
449411|
449412|
449413|
449414|
449415|
449440|
449441|
449442|
449443|
449444|
449445|
449446|
449447|
449472|
449473|
449474|
449475|
449476|
449477|
449478|
449479|
449504|
449505|
449506|
449507|
449508|
449509|
449510|
449511|
449536|
449537|
449538|
449539|
449540|
449541|
449542|
449543|
449568|
449569|
449570|
449571|
449572|
449573|
449574|
449575|
449600|
449601|
449602|
449603|
449604|
449605|
449606|
449607|
449632|
449633|
449634|
449635|
449636|
449637|
449638|
449639|
449664|
449665|
449666|
449667|
449668|
449669|
449670|
449671|
449696|
449697|
449698|
449699|
449700|
449701|
449702|
449703|
449728|
449729|
449730|
449731|
449732|
449733|
449734|
449735|
449760|
449761|
449762|
449763|
449764|
449765|
449766|
449767|
449792|
449793|
449794|
449795|
449796|
449797|
449798|
449799|
449824|
449825|
449826|
449827|
449828|
449829|
449830|
449831|
449856|
449857|
449858|
449859|
449860|
449861|
449862|
449863|
449888|
449889|
449890|
449891|
449892|
449893|
449894|
449895|
449920|
449921|
449922|
449923|
449924|
449925|
449926|
449927|
449952|
449953|
449954|
449955|
449956|
449957|
449958|
449959|
449984|
449985|
449986|
449987|
449988|
