792001|
792002|
792003|
792004|
792005|
792006|
792007|
792032|
792033|
792034|
792035|
792036|
792037|
792038|
792039|
792064|
792065|
792066|
792067|
792068|
792069|
792070|
792071|
792096|
792097|
792098|
792099|
792100|
792101|
792102|
792103|
792128|
792129|
792130|
792131|
792132|
792133|
792134|
792135|
792160|
792161|
792162|
792163|
792164|
792165|
792166|
792167|
792192|
792193|
792194|
792195|
792196|
792197|
792198|
792199|
792224|
792225|
792226|
792227|
792228|
792229|
792230|
792231|
792256|
792257|
792258|
792259|
792260|
792261|
792262|
792263|
792288|
792289|
792290|
792291|
792292|
792293|
792294|
792295|
792320|
792321|
792322|
792323|
792324|
792325|
792326|
792327|
792352|
792353|
792354|
792355|
792356|
792357|
792358|
792359|
792384|
792385|
792386|
792387|
792388|
792389|
792390|
792391|
792416|
792417|
792418|
792419|
792420|
792421|
792422|
792423|
792448|
792449|
792450|
792451|
792452|
792453|
792454|
792455|
792480|
792481|
792482|
792483|
792484|
792485|
792486|
792487|
792512|
792513|
792514|
792515|
792516|
792517|
792518|
792519|
792544|
792545|
792546|
792547|
792548|
792549|
792550|
792551|
792576|
792577|
792578|
792579|
792580|
792581|
792582|
792583|
792608|
792609|
792610|
792611|
792612|
792613|
792614|
792615|
792640|
792641|
792642|
792643|
792644|
792645|
792646|
792647|
792672|
792673|
792674|
792675|
792676|
792677|
792678|
792679|
792704|
792705|
792706|
792707|
792708|
792709|
792710|
792711|
792736|
792737|
792738|
792739|
792740|
792741|
792742|
792743|
792768|
792769|
792770|
792771|
792772|
792773|
792774|
792775|
792800|
792801|
792802|
792803|
792804|
792805|
792806|
792807|
792832|
792833|
792834|
792835|
792836|
792837|
792838|
792839|
792864|
792865|
792866|
792867|
792868|
792869|
792870|
792871|
792896|
792897|
792898|
792899|
792900|
792901|
792902|
792903|
792928|
792929|
792930|
792931|
792932|
792933|
792934|
792935|
792960|
792961|
792962|
792963|
792964|
792965|
792966|
792967|
792992|
792993|
792994|
792995|
792996|
792997|
792998|
792999|
793024|
793025|
793026|
793027|
793028|
793029|
793030|
793031|
793056|
793057|
793058|
793059|
793060|
793061|
793062|
793063|
793088|
793089|
793090|
793091|
793092|
793093|
793094|
793095|
793120|
793121|
793122|
793123|
793124|
793125|
793126|
793127|
793152|
793153|
793154|
793155|
793156|
793157|
793158|
793159|
793184|
793185|
793186|
793187|
793188|
793189|
793190|
793191|
793216|
793217|
793218|
793219|
793220|
793221|
793222|
793223|
793248|
793249|
793250|
793251|
793252|
793253|
793254|
793255|
793280|
793281|
793282|
793283|
793284|
793285|
793286|
793287|
793312|
793313|
793314|
793315|
793316|
793317|
793318|
793319|
793344|
793345|
793346|
793347|
793348|
793349|
793350|
793351|
793376|
793377|
793378|
793379|
793380|
793381|
793382|
793383|
793408|
793409|
793410|
793411|
793412|
793413|
793414|
793415|
793440|
793441|
793442|
793443|
793444|
793445|
793446|
793447|
793472|
793473|
793474|
793475|
793476|
793477|
793478|
793479|
793504|
793505|
793506|
793507|
793508|
793509|
793510|
793511|
793536|
793537|
793538|
793539|
793540|
793541|
793542|
793543|
793568|
793569|
793570|
793571|
793572|
793573|
793574|
793575|
793600|
793601|
793602|
793603|
793604|
793605|
793606|
793607|
793632|
793633|
793634|
793635|
793636|
793637|
793638|
793639|
793664|
793665|
793666|
793667|
793668|
793669|
793670|
793671|
793696|
793697|
793698|
793699|
793700|
793701|
793702|
793703|
793728|
793729|
793730|
793731|
793732|
793733|
793734|
793735|
793760|
793761|
793762|
793763|
793764|
793765|
793766|
793767|
793792|
793793|
793794|
793795|
793796|
793797|
793798|
793799|
793824|
793825|
793826|
793827|
793828|
793829|
793830|
793831|
793856|
793857|
793858|
793859|
793860|
793861|
793862|
793863|
793888|
793889|
793890|
793891|
793892|
793893|
793894|
793895|
793920|
793921|
793922|
793923|
793924|
793925|
793926|
793927|
793952|
793953|
793954|
793955|
793956|
793957|
793958|
793959|
793984|
793985|
793986|
793987|
793988|
793989|
793990|
793991|
794016|
794017|
794018|
794019|
794020|
794021|
794022|
794023|
794048|
794049|
794050|
794051|
794052|
794053|
794054|
794055|
794080|
794081|
794082|
794083|
794084|
794085|
794086|
794087|
794112|
794113|
794114|
794115|
794116|
794117|
794118|
794119|
794144|
794145|
794146|
794147|
794148|
794149|
794150|
794151|
794176|
794177|
794178|
794179|
794180|
794181|
794182|
794183|
794208|
794209|
794210|
794211|
794212|
794213|
794214|
794215|
794240|
794241|
794242|
794243|
794244|
794245|
794246|
794247|
794272|
794273|
794274|
794275|
794276|
794277|
794278|
794279|
794304|
794305|
794306|
794307|
794308|
794309|
794310|
794311|
794336|
794337|
794338|
794339|
794340|
794341|
794342|
794343|
794368|
794369|
794370|
794371|
794372|
794373|
794374|
794375|
794400|
794401|
794402|
794403|
794404|
794405|
794406|
794407|
794432|
794433|
794434|
794435|
794436|
794437|
794438|
794439|
794464|
794465|
794466|
794467|
794468|
794469|
794470|
794471|
794496|
794497|
794498|
794499|
794500|
794501|
794502|
794503|
794528|
794529|
794530|
794531|
794532|
794533|
794534|
794535|
794560|
794561|
794562|
794563|
794564|
794565|
794566|
794567|
794592|
794593|
794594|
794595|
794596|
794597|
794598|
794599|
794624|
794625|
794626|
794627|
794628|
794629|
794630|
794631|
794656|
794657|
794658|
794659|
794660|
794661|
794662|
794663|
794688|
794689|
794690|
794691|
794692|
794693|
794694|
794695|
794720|
794721|
794722|
794723|
794724|
794725|
794726|
794727|
794752|
794753|
794754|
794755|
794756|
794757|
794758|
794759|
794784|
794785|
794786|
794787|
794788|
794789|
794790|
794791|
794816|
794817|
794818|
794819|
794820|
794821|
794822|
794823|
794848|
794849|
794850|
794851|
794852|
794853|
794854|
794855|
794880|
794881|
794882|
794883|
794884|
794885|
794886|
794887|
794912|
794913|
794914|
794915|
794916|
794917|
794918|
794919|
794944|
794945|
794946|
794947|
794948|
794949|
794950|
794951|
794976|
794977|
794978|
794979|
794980|
794981|
794982|
794983|
795008|
795009|
795010|
795011|
795012|
795013|
795014|
795015|
795040|
795041|
795042|
795043|
795044|
795045|
795046|
795047|
795072|
795073|
795074|
795075|
795076|
795077|
795078|
795079|
795104|
795105|
795106|
795107|
795108|
795109|
795110|
795111|
795136|
795137|
795138|
795139|
795140|
795141|
795142|
795143|
795168|
795169|
795170|
795171|
795172|
795173|
795174|
795175|
795200|
795201|
795202|
795203|
795204|
795205|
795206|
795207|
795232|
795233|
795234|
795235|
795236|
795237|
795238|
795239|
795264|
795265|
795266|
795267|
795268|
795269|
795270|
795271|
795296|
795297|
795298|
795299|
795300|
795301|
795302|
795303|
795328|
795329|
795330|
795331|
795332|
795333|
795334|
795335|
795360|
795361|
795362|
795363|
795364|
795365|
795366|
795367|
795392|
795393|
795394|
795395|
795396|
795397|
795398|
795399|
795424|
795425|
795426|
795427|
795428|
795429|
795430|
795431|
795456|
795457|
795458|
795459|
795460|
795461|
795462|
795463|
795488|
795489|
795490|
795491|
795492|
795493|
795494|
795495|
795520|
795521|
795522|
795523|
795524|
795525|
795526|
795527|
795552|
795553|
795554|
795555|
795556|
795557|
795558|
795559|
795584|
795585|
795586|
795587|
795588|
795589|
795590|
795591|
795616|
795617|
795618|
795619|
795620|
795621|
795622|
795623|
795648|
795649|
795650|
795651|
795652|
795653|
795654|
795655|
795680|
795681|
795682|
795683|
795684|
795685|
795686|
795687|
795712|
795713|
795714|
795715|
795716|
795717|
795718|
795719|
795744|
795745|
795746|
795747|
795748|
795749|
795750|
795751|
795776|
795777|
795778|
795779|
795780|
795781|
795782|
795783|
795808|
795809|
795810|
795811|
795812|
795813|
795814|
795815|
795840|
795841|
795842|
795843|
795844|
795845|
795846|
795847|
795872|
795873|
795874|
795875|
795876|
795877|
795878|
795879|
795904|
795905|
795906|
795907|
795908|
795909|
795910|
795911|
795936|
795937|
795938|
795939|
795940|
795941|
795942|
795943|
795968|
795969|
795970|
795971|
795972|
795973|
795974|
795975|
796000|
796001|
796002|
796003|
796004|
796005|
796006|
796007|
796032|
796033|
796034|
796035|
796036|
796037|
796038|
796039|
796064|
796065|
796066|
796067|
796068|
796069|
796070|
796071|
796096|
796097|
796098|
796099|
796100|
796101|
796102|
796103|
796128|
796129|
796130|
796131|
796132|
796133|
796134|
796135|
796160|
796161|
796162|
796163|
796164|
796165|
796166|
796167|
796192|
796193|
796194|
796195|
796196|
796197|
796198|
796199|
796224|
796225|
796226|
796227|
796228|
796229|
796230|
796231|
796256|
796257|
796258|
796259|
796260|
796261|
796262|
796263|
796288|
796289|
796290|
796291|
796292|
796293|
796294|
796295|
796320|
796321|
796322|
796323|
796324|
796325|
796326|
796327|
796352|
796353|
796354|
796355|
796356|
796357|
796358|
796359|
796384|
796385|
796386|
796387|
796388|
796389|
796390|
796391|
796416|
796417|
796418|
796419|
796420|
796421|
796422|
796423|
796448|
796449|
796450|
796451|
796452|
796453|
796454|
796455|
796480|
796481|
796482|
796483|
796484|
796485|
796486|
796487|
796512|
796513|
796514|
796515|
796516|
796517|
796518|
796519|
796544|
796545|
796546|
796547|
796548|
796549|
796550|
796551|
796576|
796577|
796578|
796579|
796580|
796581|
796582|
796583|
796608|
796609|
796610|
796611|
796612|
796613|
796614|
796615|
796640|
796641|
796642|
796643|
796644|
796645|
796646|
796647|
796672|
796673|
796674|
796675|
796676|
796677|
796678|
796679|
796704|
796705|
796706|
796707|
796708|
796709|
796710|
796711|
796736|
796737|
796738|
796739|
796740|
796741|
796742|
796743|
796768|
796769|
796770|
796771|
796772|
796773|
796774|
796775|
796800|
796801|
796802|
796803|
796804|
796805|
796806|
796807|
796832|
796833|
796834|
796835|
796836|
796837|
796838|
796839|
796864|
796865|
796866|
796867|
796868|
796869|
796870|
796871|
796896|
796897|
796898|
796899|
796900|
796901|
796902|
796903|
796928|
796929|
796930|
796931|
796932|
796933|
796934|
796935|
796960|
796961|
796962|
796963|
796964|
796965|
796966|
796967|
796992|
796993|
796994|
796995|
796996|
796997|
796998|
796999|
797024|
797025|
797026|
797027|
797028|
797029|
797030|
797031|
797056|
797057|
797058|
797059|
797060|
797061|
797062|
797063|
797088|
797089|
797090|
797091|
797092|
797093|
797094|
797095|
797120|
797121|
797122|
797123|
797124|
797125|
797126|
797127|
797152|
797153|
797154|
797155|
797156|
797157|
797158|
797159|
797184|
797185|
797186|
797187|
797188|
797189|
797190|
797191|
797216|
797217|
797218|
797219|
797220|
797221|
797222|
797223|
797248|
797249|
797250|
797251|
797252|
797253|
797254|
797255|
797280|
797281|
797282|
797283|
797284|
797285|
797286|
797287|
797312|
797313|
797314|
797315|
797316|
797317|
797318|
797319|
797344|
797345|
797346|
797347|
797348|
797349|
797350|
797351|
797376|
797377|
797378|
797379|
797380|
797381|
797382|
797383|
797408|
797409|
797410|
797411|
797412|
797413|
797414|
797415|
797440|
797441|
797442|
797443|
797444|
797445|
797446|
797447|
797472|
797473|
797474|
797475|
797476|
797477|
797478|
797479|
797504|
797505|
797506|
797507|
797508|
797509|
797510|
797511|
797536|
797537|
797538|
797539|
797540|
797541|
797542|
797543|
797568|
797569|
797570|
797571|
797572|
797573|
797574|
797575|
797600|
797601|
797602|
797603|
797604|
797605|
797606|
797607|
797632|
797633|
797634|
797635|
797636|
797637|
797638|
797639|
797664|
797665|
797666|
797667|
797668|
797669|
797670|
797671|
797696|
797697|
797698|
797699|
797700|
797701|
797702|
797703|
797728|
797729|
797730|
797731|
797732|
797733|
797734|
797735|
797760|
797761|
797762|
797763|
797764|
797765|
797766|
797767|
797792|
797793|
797794|
797795|
797796|
797797|
797798|
797799|
797824|
797825|
797826|
797827|
797828|
797829|
797830|
797831|
797856|
797857|
797858|
797859|
797860|
797861|
797862|
797863|
797888|
797889|
797890|
797891|
797892|
797893|
797894|
797895|
797920|
797921|
797922|
797923|
797924|
797925|
797926|
797927|
797952|
797953|
797954|
797955|
797956|
797957|
797958|
797959|
797984|
797985|
797986|
797987|
797988|
