1260001|
1260002|
1260003|
1260004|
1260005|
1260006|
1260007|
1260032|
1260033|
1260034|
1260035|
1260036|
1260037|
1260038|
1260039|
1260064|
1260065|
1260066|
1260067|
1260068|
1260069|
1260070|
1260071|
1260096|
1260097|
1260098|
1260099|
1260100|
1260101|
1260102|
1260103|
1260128|
1260129|
1260130|
1260131|
1260132|
1260133|
1260134|
1260135|
1260160|
1260161|
1260162|
1260163|
1260164|
1260165|
1260166|
1260167|
1260192|
1260193|
1260194|
1260195|
1260196|
1260197|
1260198|
1260199|
1260224|
1260225|
1260226|
1260227|
1260228|
1260229|
1260230|
1260231|
1260256|
1260257|
1260258|
1260259|
1260260|
1260261|
1260262|
1260263|
1260288|
1260289|
1260290|
1260291|
1260292|
1260293|
1260294|
1260295|
1260320|
1260321|
1260322|
1260323|
1260324|
1260325|
1260326|
1260327|
1260352|
1260353|
1260354|
1260355|
1260356|
1260357|
1260358|
1260359|
1260384|
1260385|
1260386|
1260387|
1260388|
1260389|
1260390|
1260391|
1260416|
1260417|
1260418|
1260419|
1260420|
1260421|
1260422|
1260423|
1260448|
1260449|
1260450|
1260451|
1260452|
1260453|
1260454|
1260455|
1260480|
1260481|
1260482|
1260483|
1260484|
1260485|
1260486|
1260487|
1260512|
1260513|
1260514|
1260515|
1260516|
1260517|
1260518|
1260519|
1260544|
1260545|
1260546|
1260547|
1260548|
1260549|
1260550|
1260551|
1260576|
1260577|
1260578|
1260579|
1260580|
1260581|
1260582|
1260583|
1260608|
1260609|
1260610|
1260611|
1260612|
1260613|
1260614|
1260615|
1260640|
1260641|
1260642|
1260643|
1260644|
1260645|
1260646|
1260647|
1260672|
1260673|
1260674|
1260675|
1260676|
1260677|
1260678|
1260679|
1260704|
1260705|
1260706|
1260707|
1260708|
1260709|
1260710|
1260711|
1260736|
1260737|
1260738|
1260739|
1260740|
1260741|
1260742|
1260743|
1260768|
1260769|
1260770|
1260771|
1260772|
1260773|
1260774|
1260775|
1260800|
1260801|
1260802|
1260803|
1260804|
1260805|
1260806|
1260807|
1260832|
1260833|
1260834|
1260835|
1260836|
1260837|
1260838|
1260839|
1260864|
1260865|
1260866|
1260867|
1260868|
1260869|
1260870|
1260871|
1260896|
1260897|
1260898|
1260899|
1260900|
1260901|
1260902|
1260903|
1260928|
1260929|
1260930|
1260931|
1260932|
1260933|
1260934|
1260935|
1260960|
1260961|
1260962|
1260963|
1260964|
1260965|
1260966|
1260967|
1260992|
1260993|
1260994|
1260995|
1260996|
1260997|
1260998|
1260999|
1261024|
1261025|
1261026|
1261027|
1261028|
1261029|
1261030|
1261031|
1261056|
1261057|
1261058|
1261059|
1261060|
1261061|
1261062|
1261063|
1261088|
1261089|
1261090|
1261091|
1261092|
1261093|
1261094|
1261095|
1261120|
1261121|
1261122|
1261123|
1261124|
1261125|
1261126|
1261127|
1261152|
1261153|
1261154|
1261155|
1261156|
1261157|
1261158|
1261159|
1261184|
1261185|
1261186|
1261187|
1261188|
1261189|
1261190|
1261191|
1261216|
1261217|
1261218|
1261219|
1261220|
1261221|
1261222|
1261223|
1261248|
1261249|
1261250|
1261251|
1261252|
1261253|
1261254|
1261255|
1261280|
1261281|
1261282|
1261283|
1261284|
1261285|
1261286|
1261287|
1261312|
1261313|
1261314|
1261315|
1261316|
1261317|
1261318|
1261319|
1261344|
1261345|
1261346|
1261347|
1261348|
1261349|
1261350|
1261351|
1261376|
1261377|
1261378|
1261379|
1261380|
1261381|
1261382|
1261383|
1261408|
1261409|
1261410|
1261411|
1261412|
1261413|
1261414|
1261415|
1261440|
1261441|
1261442|
1261443|
1261444|
1261445|
1261446|
1261447|
1261472|
1261473|
1261474|
1261475|
1261476|
1261477|
1261478|
1261479|
1261504|
1261505|
1261506|
1261507|
1261508|
1261509|
1261510|
1261511|
1261536|
1261537|
1261538|
1261539|
1261540|
1261541|
1261542|
1261543|
1261568|
1261569|
1261570|
1261571|
1261572|
1261573|
1261574|
1261575|
1261600|
1261601|
1261602|
1261603|
1261604|
1261605|
1261606|
1261607|
1261632|
1261633|
1261634|
1261635|
1261636|
1261637|
1261638|
1261639|
1261664|
1261665|
1261666|
1261667|
1261668|
1261669|
1261670|
1261671|
1261696|
1261697|
1261698|
1261699|
1261700|
1261701|
1261702|
1261703|
1261728|
1261729|
1261730|
1261731|
1261732|
1261733|
1261734|
1261735|
1261760|
1261761|
1261762|
1261763|
1261764|
1261765|
1261766|
1261767|
1261792|
1261793|
1261794|
1261795|
1261796|
1261797|
1261798|
1261799|
1261824|
1261825|
1261826|
1261827|
1261828|
1261829|
1261830|
1261831|
1261856|
1261857|
1261858|
1261859|
1261860|
1261861|
1261862|
1261863|
1261888|
1261889|
1261890|
1261891|
1261892|
1261893|
1261894|
1261895|
1261920|
1261921|
1261922|
1261923|
1261924|
1261925|
1261926|
1261927|
1261952|
1261953|
1261954|
1261955|
1261956|
1261957|
1261958|
1261959|
1261984|
1261985|
1261986|
1261987|
1261988|
1261989|
1261990|
1261991|
1262016|
1262017|
1262018|
1262019|
1262020|
1262021|
1262022|
1262023|
1262048|
1262049|
1262050|
1262051|
1262052|
1262053|
1262054|
1262055|
1262080|
1262081|
1262082|
1262083|
1262084|
1262085|
1262086|
1262087|
1262112|
1262113|
1262114|
1262115|
1262116|
1262117|
1262118|
1262119|
1262144|
1262145|
1262146|
1262147|
1262148|
1262149|
1262150|
1262151|
1262176|
1262177|
1262178|
1262179|
1262180|
1262181|
1262182|
1262183|
1262208|
1262209|
1262210|
1262211|
1262212|
1262213|
1262214|
1262215|
1262240|
1262241|
1262242|
1262243|
1262244|
1262245|
1262246|
1262247|
1262272|
1262273|
1262274|
1262275|
1262276|
1262277|
1262278|
1262279|
1262304|
1262305|
1262306|
1262307|
1262308|
1262309|
1262310|
1262311|
1262336|
1262337|
1262338|
1262339|
1262340|
1262341|
1262342|
1262343|
1262368|
1262369|
1262370|
1262371|
1262372|
1262373|
1262374|
1262375|
1262400|
1262401|
1262402|
1262403|
1262404|
1262405|
1262406|
1262407|
1262432|
1262433|
1262434|
1262435|
1262436|
1262437|
1262438|
1262439|
1262464|
1262465|
1262466|
1262467|
1262468|
1262469|
1262470|
1262471|
1262496|
1262497|
1262498|
1262499|
1262500|
1262501|
1262502|
1262503|
1262528|
1262529|
1262530|
1262531|
1262532|
1262533|
1262534|
1262535|
1262560|
1262561|
1262562|
1262563|
1262564|
1262565|
1262566|
1262567|
1262592|
1262593|
1262594|
1262595|
1262596|
1262597|
1262598|
1262599|
1262624|
1262625|
1262626|
1262627|
1262628|
1262629|
1262630|
1262631|
1262656|
1262657|
1262658|
1262659|
1262660|
1262661|
1262662|
1262663|
1262688|
1262689|
1262690|
1262691|
1262692|
1262693|
1262694|
1262695|
1262720|
1262721|
1262722|
1262723|
1262724|
1262725|
1262726|
1262727|
1262752|
1262753|
1262754|
1262755|
1262756|
1262757|
1262758|
1262759|
1262784|
1262785|
1262786|
1262787|
1262788|
1262789|
1262790|
1262791|
1262816|
1262817|
1262818|
1262819|
1262820|
1262821|
1262822|
1262823|
1262848|
1262849|
1262850|
1262851|
1262852|
1262853|
1262854|
1262855|
1262880|
1262881|
1262882|
1262883|
1262884|
1262885|
1262886|
1262887|
1262912|
1262913|
1262914|
1262915|
1262916|
1262917|
1262918|
1262919|
1262944|
1262945|
1262946|
1262947|
1262948|
1262949|
1262950|
1262951|
1262976|
1262977|
1262978|
1262979|
1262980|
1262981|
1262982|
1262983|
1263008|
1263009|
1263010|
1263011|
1263012|
1263013|
1263014|
1263015|
1263040|
1263041|
1263042|
1263043|
1263044|
1263045|
1263046|
1263047|
1263072|
1263073|
1263074|
1263075|
1263076|
1263077|
1263078|
1263079|
1263104|
1263105|
1263106|
1263107|
1263108|
1263109|
1263110|
1263111|
1263136|
1263137|
1263138|
1263139|
1263140|
1263141|
1263142|
1263143|
1263168|
1263169|
1263170|
1263171|
1263172|
1263173|
1263174|
1263175|
1263200|
1263201|
1263202|
1263203|
1263204|
1263205|
1263206|
1263207|
1263232|
1263233|
1263234|
1263235|
1263236|
1263237|
1263238|
1263239|
1263264|
1263265|
1263266|
1263267|
1263268|
1263269|
1263270|
1263271|
1263296|
1263297|
1263298|
1263299|
1263300|
1263301|
1263302|
1263303|
1263328|
1263329|
1263330|
1263331|
1263332|
1263333|
1263334|
1263335|
1263360|
1263361|
1263362|
1263363|
1263364|
1263365|
1263366|
1263367|
1263392|
1263393|
1263394|
1263395|
1263396|
1263397|
1263398|
1263399|
1263424|
1263425|
1263426|
1263427|
1263428|
1263429|
1263430|
1263431|
1263456|
1263457|
1263458|
1263459|
1263460|
1263461|
1263462|
1263463|
1263488|
1263489|
1263490|
1263491|
1263492|
1263493|
1263494|
1263495|
1263520|
1263521|
1263522|
1263523|
1263524|
1263525|
1263526|
1263527|
1263552|
1263553|
1263554|
1263555|
1263556|
1263557|
1263558|
1263559|
1263584|
1263585|
1263586|
1263587|
1263588|
1263589|
1263590|
1263591|
1263616|
1263617|
1263618|
1263619|
1263620|
1263621|
1263622|
1263623|
1263648|
1263649|
1263650|
1263651|
1263652|
1263653|
1263654|
1263655|
1263680|
1263681|
1263682|
1263683|
1263684|
1263685|
1263686|
1263687|
1263712|
1263713|
1263714|
1263715|
1263716|
1263717|
1263718|
1263719|
1263744|
1263745|
1263746|
1263747|
1263748|
1263749|
1263750|
1263751|
1263776|
1263777|
1263778|
1263779|
1263780|
1263781|
1263782|
1263783|
1263808|
1263809|
1263810|
1263811|
1263812|
1263813|
1263814|
1263815|
1263840|
1263841|
1263842|
1263843|
1263844|
1263845|
1263846|
1263847|
1263872|
1263873|
1263874|
1263875|
1263876|
1263877|
1263878|
1263879|
1263904|
1263905|
1263906|
1263907|
1263908|
1263909|
1263910|
1263911|
1263936|
1263937|
1263938|
1263939|
1263940|
1263941|
1263942|
1263943|
1263968|
1263969|
1263970|
1263971|
1263972|
1263973|
1263974|
1263975|
1264000|
1264001|
1264002|
1264003|
1264004|
1264005|
1264006|
1264007|
1264032|
1264033|
1264034|
1264035|
1264036|
1264037|
1264038|
1264039|
1264064|
1264065|
1264066|
1264067|
1264068|
1264069|
1264070|
1264071|
1264096|
1264097|
1264098|
1264099|
1264100|
1264101|
1264102|
1264103|
1264128|
1264129|
1264130|
1264131|
1264132|
1264133|
1264134|
1264135|
1264160|
1264161|
1264162|
1264163|
1264164|
1264165|
1264166|
1264167|
1264192|
1264193|
1264194|
1264195|
1264196|
1264197|
1264198|
1264199|
1264224|
1264225|
1264226|
1264227|
1264228|
1264229|
1264230|
1264231|
1264256|
1264257|
1264258|
1264259|
1264260|
1264261|
1264262|
1264263|
1264288|
1264289|
1264290|
1264291|
1264292|
1264293|
1264294|
1264295|
1264320|
1264321|
1264322|
1264323|
1264324|
1264325|
1264326|
1264327|
1264352|
1264353|
1264354|
1264355|
1264356|
1264357|
1264358|
1264359|
1264384|
1264385|
1264386|
1264387|
1264388|
1264389|
1264390|
1264391|
1264416|
1264417|
1264418|
1264419|
1264420|
1264421|
1264422|
1264423|
1264448|
1264449|
1264450|
1264451|
1264452|
1264453|
1264454|
1264455|
1264480|
1264481|
1264482|
1264483|
1264484|
1264485|
1264486|
1264487|
1264512|
1264513|
1264514|
1264515|
1264516|
1264517|
1264518|
1264519|
1264544|
1264545|
1264546|
1264547|
1264548|
1264549|
1264550|
1264551|
1264576|
1264577|
1264578|
1264579|
1264580|
1264581|
1264582|
1264583|
1264608|
1264609|
1264610|
1264611|
1264612|
1264613|
1264614|
1264615|
1264640|
1264641|
1264642|
1264643|
1264644|
1264645|
1264646|
1264647|
1264672|
1264673|
1264674|
1264675|
1264676|
1264677|
1264678|
1264679|
1264704|
1264705|
1264706|
1264707|
1264708|
1264709|
1264710|
1264711|
1264736|
1264737|
1264738|
1264739|
1264740|
1264741|
1264742|
1264743|
1264768|
1264769|
1264770|
1264771|
1264772|
1264773|
1264774|
1264775|
1264800|
1264801|
1264802|
1264803|
1264804|
1264805|
1264806|
1264807|
1264832|
1264833|
1264834|
1264835|
1264836|
1264837|
1264838|
1264839|
1264864|
1264865|
1264866|
1264867|
1264868|
1264869|
1264870|
1264871|
1264896|
1264897|
1264898|
1264899|
1264900|
1264901|
1264902|
1264903|
1264928|
1264929|
1264930|
1264931|
1264932|
1264933|
1264934|
1264935|
1264960|
1264961|
1264962|
1264963|
1264964|
1264965|
1264966|
1264967|
1264992|
1264993|
1264994|
1264995|
1264996|
1264997|
1264998|
1264999|
1265024|
1265025|
1265026|
1265027|
1265028|
1265029|
1265030|
1265031|
1265056|
1265057|
1265058|
1265059|
1265060|
1265061|
1265062|
1265063|
1265088|
1265089|
1265090|
1265091|
1265092|
1265093|
1265094|
1265095|
1265120|
1265121|
1265122|
1265123|
1265124|
1265125|
1265126|
1265127|
1265152|
1265153|
1265154|
1265155|
1265156|
1265157|
1265158|
1265159|
1265184|
1265185|
1265186|
1265187|
1265188|
1265189|
1265190|
1265191|
1265216|
1265217|
1265218|
1265219|
1265220|
1265221|
1265222|
1265223|
1265248|
1265249|
1265250|
1265251|
1265252|
1265253|
1265254|
1265255|
1265280|
1265281|
1265282|
1265283|
1265284|
1265285|
1265286|
1265287|
1265312|
1265313|
1265314|
1265315|
1265316|
1265317|
1265318|
1265319|
1265344|
1265345|
1265346|
1265347|
1265348|
1265349|
1265350|
1265351|
1265376|
1265377|
1265378|
1265379|
1265380|
1265381|
1265382|
1265383|
1265408|
1265409|
1265410|
1265411|
1265412|
1265413|
1265414|
1265415|
1265440|
1265441|
1265442|
1265443|
1265444|
1265445|
1265446|
1265447|
1265472|
1265473|
1265474|
1265475|
1265476|
1265477|
1265478|
1265479|
1265504|
1265505|
1265506|
1265507|
1265508|
1265509|
1265510|
1265511|
1265536|
1265537|
1265538|
1265539|
1265540|
1265541|
1265542|
1265543|
1265568|
1265569|
1265570|
1265571|
1265572|
1265573|
1265574|
1265575|
1265600|
1265601|
1265602|
1265603|
1265604|
1265605|
1265606|
1265607|
1265632|
1265633|
1265634|
1265635|
1265636|
1265637|
1265638|
1265639|
1265664|
1265665|
1265666|
1265667|
1265668|
1265669|
1265670|
1265671|
1265696|
1265697|
1265698|
1265699|
1265700|
1265701|
1265702|
1265703|
1265728|
1265729|
1265730|
1265731|
1265732|
1265733|
1265734|
1265735|
1265760|
1265761|
1265762|
1265763|
1265764|
1265765|
1265766|
1265767|
1265792|
1265793|
1265794|
1265795|
1265796|
1265797|
1265798|
1265799|
1265824|
1265825|
1265826|
1265827|
1265828|
1265829|
1265830|
1265831|
1265856|
1265857|
1265858|
1265859|
1265860|
1265861|
1265862|
1265863|
1265888|
1265889|
1265890|
1265891|
1265892|
1265893|
1265894|
1265895|
1265920|
1265921|
1265922|
1265923|
1265924|
1265925|
1265926|
1265927|
1265952|
1265953|
1265954|
1265955|
1265956|
1265957|
1265958|
1265959|
1265984|
1265985|
1265986|
1265987|
1265988|
