480001|
480002|
480003|
480004|
480005|
480006|
480007|
480032|
480033|
480034|
480035|
480036|
480037|
480038|
480039|
480064|
480065|
480066|
480067|
480068|
480069|
480070|
480071|
480096|
480097|
480098|
480099|
480100|
480101|
480102|
480103|
480128|
480129|
480130|
480131|
480132|
480133|
480134|
480135|
480160|
480161|
480162|
480163|
480164|
480165|
480166|
480167|
480192|
480193|
480194|
480195|
480196|
480197|
480198|
480199|
480224|
480225|
480226|
480227|
480228|
480229|
480230|
480231|
480256|
480257|
480258|
480259|
480260|
480261|
480262|
480263|
480288|
480289|
480290|
480291|
480292|
480293|
480294|
480295|
480320|
480321|
480322|
480323|
480324|
480325|
480326|
480327|
480352|
480353|
480354|
480355|
480356|
480357|
480358|
480359|
480384|
480385|
480386|
480387|
480388|
480389|
480390|
480391|
480416|
480417|
480418|
480419|
480420|
480421|
480422|
480423|
480448|
480449|
480450|
480451|
480452|
480453|
480454|
480455|
480480|
480481|
480482|
480483|
480484|
480485|
480486|
480487|
480512|
480513|
480514|
480515|
480516|
480517|
480518|
480519|
480544|
480545|
480546|
480547|
480548|
480549|
480550|
480551|
480576|
480577|
480578|
480579|
480580|
480581|
480582|
480583|
480608|
480609|
480610|
480611|
480612|
480613|
480614|
480615|
480640|
480641|
480642|
480643|
480644|
480645|
480646|
480647|
480672|
480673|
480674|
480675|
480676|
480677|
480678|
480679|
480704|
480705|
480706|
480707|
480708|
480709|
480710|
480711|
480736|
480737|
480738|
480739|
480740|
480741|
480742|
480743|
480768|
480769|
480770|
480771|
480772|
480773|
480774|
480775|
480800|
480801|
480802|
480803|
480804|
480805|
480806|
480807|
480832|
480833|
480834|
480835|
480836|
480837|
480838|
480839|
480864|
480865|
480866|
480867|
480868|
480869|
480870|
480871|
480896|
480897|
480898|
480899|
480900|
480901|
480902|
480903|
480928|
480929|
480930|
480931|
480932|
480933|
480934|
480935|
480960|
480961|
480962|
480963|
480964|
480965|
480966|
480967|
480992|
480993|
480994|
480995|
480996|
480997|
480998|
480999|
481024|
481025|
481026|
481027|
481028|
481029|
481030|
481031|
481056|
481057|
481058|
481059|
481060|
481061|
481062|
481063|
481088|
481089|
481090|
481091|
481092|
481093|
481094|
481095|
481120|
481121|
481122|
481123|
481124|
481125|
481126|
481127|
481152|
481153|
481154|
481155|
481156|
481157|
481158|
481159|
481184|
481185|
481186|
481187|
481188|
481189|
481190|
481191|
481216|
481217|
481218|
481219|
481220|
481221|
481222|
481223|
481248|
481249|
481250|
481251|
481252|
481253|
481254|
481255|
481280|
481281|
481282|
481283|
481284|
481285|
481286|
481287|
481312|
481313|
481314|
481315|
481316|
481317|
481318|
481319|
481344|
481345|
481346|
481347|
481348|
481349|
481350|
481351|
481376|
481377|
481378|
481379|
481380|
481381|
481382|
481383|
481408|
481409|
481410|
481411|
481412|
481413|
481414|
481415|
481440|
481441|
481442|
481443|
481444|
481445|
481446|
481447|
481472|
481473|
481474|
481475|
481476|
481477|
481478|
481479|
481504|
481505|
481506|
481507|
481508|
481509|
481510|
481511|
481536|
481537|
481538|
481539|
481540|
481541|
481542|
481543|
481568|
481569|
481570|
481571|
481572|
481573|
481574|
481575|
481600|
481601|
481602|
481603|
481604|
481605|
481606|
481607|
481632|
481633|
481634|
481635|
481636|
481637|
481638|
481639|
481664|
481665|
481666|
481667|
481668|
481669|
481670|
481671|
481696|
481697|
481698|
481699|
481700|
481701|
481702|
481703|
481728|
481729|
481730|
481731|
481732|
481733|
481734|
481735|
481760|
481761|
481762|
481763|
481764|
481765|
481766|
481767|
481792|
481793|
481794|
481795|
481796|
481797|
481798|
481799|
481824|
481825|
481826|
481827|
481828|
481829|
481830|
481831|
481856|
481857|
481858|
481859|
481860|
481861|
481862|
481863|
481888|
481889|
481890|
481891|
481892|
481893|
481894|
481895|
481920|
481921|
481922|
481923|
481924|
481925|
481926|
481927|
481952|
481953|
481954|
481955|
481956|
481957|
481958|
481959|
481984|
481985|
481986|
481987|
481988|
481989|
481990|
481991|
482016|
482017|
482018|
482019|
482020|
482021|
482022|
482023|
482048|
482049|
482050|
482051|
482052|
482053|
482054|
482055|
482080|
482081|
482082|
482083|
482084|
482085|
482086|
482087|
482112|
482113|
482114|
482115|
482116|
482117|
482118|
482119|
482144|
482145|
482146|
482147|
482148|
482149|
482150|
482151|
482176|
482177|
482178|
482179|
482180|
482181|
482182|
482183|
482208|
482209|
482210|
482211|
482212|
482213|
482214|
482215|
482240|
482241|
482242|
482243|
482244|
482245|
482246|
482247|
482272|
482273|
482274|
482275|
482276|
482277|
482278|
482279|
482304|
482305|
482306|
482307|
482308|
482309|
482310|
482311|
482336|
482337|
482338|
482339|
482340|
482341|
482342|
482343|
482368|
482369|
482370|
482371|
482372|
482373|
482374|
482375|
482400|
482401|
482402|
482403|
482404|
482405|
482406|
482407|
482432|
482433|
482434|
482435|
482436|
482437|
482438|
482439|
482464|
482465|
482466|
482467|
482468|
482469|
482470|
482471|
482496|
482497|
482498|
482499|
482500|
482501|
482502|
482503|
482528|
482529|
482530|
482531|
482532|
482533|
482534|
482535|
482560|
482561|
482562|
482563|
482564|
482565|
482566|
482567|
482592|
482593|
482594|
482595|
482596|
482597|
482598|
482599|
482624|
482625|
482626|
482627|
482628|
482629|
482630|
482631|
482656|
482657|
482658|
482659|
482660|
482661|
482662|
482663|
482688|
482689|
482690|
482691|
482692|
482693|
482694|
482695|
482720|
482721|
482722|
482723|
482724|
482725|
482726|
482727|
482752|
482753|
482754|
482755|
482756|
482757|
482758|
482759|
482784|
482785|
482786|
482787|
482788|
482789|
482790|
482791|
482816|
482817|
482818|
482819|
482820|
482821|
482822|
482823|
482848|
482849|
482850|
482851|
482852|
482853|
482854|
482855|
482880|
482881|
482882|
482883|
482884|
482885|
482886|
482887|
482912|
482913|
482914|
482915|
482916|
482917|
482918|
482919|
482944|
482945|
482946|
482947|
482948|
482949|
482950|
482951|
482976|
482977|
482978|
482979|
482980|
482981|
482982|
482983|
483008|
483009|
483010|
483011|
483012|
483013|
483014|
483015|
483040|
483041|
483042|
483043|
483044|
483045|
483046|
483047|
483072|
483073|
483074|
483075|
483076|
483077|
483078|
483079|
483104|
483105|
483106|
483107|
483108|
483109|
483110|
483111|
483136|
483137|
483138|
483139|
483140|
483141|
483142|
483143|
483168|
483169|
483170|
483171|
483172|
483173|
483174|
483175|
483200|
483201|
483202|
483203|
483204|
483205|
483206|
483207|
483232|
483233|
483234|
483235|
483236|
483237|
483238|
483239|
483264|
483265|
483266|
483267|
483268|
483269|
483270|
483271|
483296|
483297|
483298|
483299|
483300|
483301|
483302|
483303|
483328|
483329|
483330|
483331|
483332|
483333|
483334|
483335|
483360|
483361|
483362|
483363|
483364|
483365|
483366|
483367|
483392|
483393|
483394|
483395|
483396|
483397|
483398|
483399|
483424|
483425|
483426|
483427|
483428|
483429|
483430|
483431|
483456|
483457|
483458|
483459|
483460|
483461|
483462|
483463|
483488|
483489|
483490|
483491|
483492|
483493|
483494|
483495|
483520|
483521|
483522|
483523|
483524|
483525|
483526|
483527|
483552|
483553|
483554|
483555|
483556|
483557|
483558|
483559|
483584|
483585|
483586|
483587|
483588|
483589|
483590|
483591|
483616|
483617|
483618|
483619|
483620|
483621|
483622|
483623|
483648|
483649|
483650|
483651|
483652|
483653|
483654|
483655|
483680|
483681|
483682|
483683|
483684|
483685|
483686|
483687|
483712|
483713|
483714|
483715|
483716|
483717|
483718|
483719|
483744|
483745|
483746|
483747|
483748|
483749|
483750|
483751|
483776|
483777|
483778|
483779|
483780|
483781|
483782|
483783|
483808|
483809|
483810|
483811|
483812|
483813|
483814|
483815|
483840|
483841|
483842|
483843|
483844|
483845|
483846|
483847|
483872|
483873|
483874|
483875|
483876|
483877|
483878|
483879|
483904|
483905|
483906|
483907|
483908|
483909|
483910|
483911|
483936|
483937|
483938|
483939|
483940|
483941|
483942|
483943|
483968|
483969|
483970|
483971|
483972|
483973|
483974|
483975|
484000|
484001|
484002|
484003|
484004|
484005|
484006|
484007|
484032|
484033|
484034|
484035|
484036|
484037|
484038|
484039|
484064|
484065|
484066|
484067|
484068|
484069|
484070|
484071|
484096|
484097|
484098|
484099|
484100|
484101|
484102|
484103|
484128|
484129|
484130|
484131|
484132|
484133|
484134|
484135|
484160|
484161|
484162|
484163|
484164|
484165|
484166|
484167|
484192|
484193|
484194|
484195|
484196|
484197|
484198|
484199|
484224|
484225|
484226|
484227|
484228|
484229|
484230|
484231|
484256|
484257|
484258|
484259|
484260|
484261|
484262|
484263|
484288|
484289|
484290|
484291|
484292|
484293|
484294|
484295|
484320|
484321|
484322|
484323|
484324|
484325|
484326|
484327|
484352|
484353|
484354|
484355|
484356|
484357|
484358|
484359|
484384|
484385|
484386|
484387|
484388|
484389|
484390|
484391|
484416|
484417|
484418|
484419|
484420|
484421|
484422|
484423|
484448|
484449|
484450|
484451|
484452|
484453|
484454|
484455|
484480|
484481|
484482|
484483|
484484|
484485|
484486|
484487|
484512|
484513|
484514|
484515|
484516|
484517|
484518|
484519|
484544|
484545|
484546|
484547|
484548|
484549|
484550|
484551|
484576|
484577|
484578|
484579|
484580|
484581|
484582|
484583|
484608|
484609|
484610|
484611|
484612|
484613|
484614|
484615|
484640|
484641|
484642|
484643|
484644|
484645|
484646|
484647|
484672|
484673|
484674|
484675|
484676|
484677|
484678|
484679|
484704|
484705|
484706|
484707|
484708|
484709|
484710|
484711|
484736|
484737|
484738|
484739|
484740|
484741|
484742|
484743|
484768|
484769|
484770|
484771|
484772|
484773|
484774|
484775|
484800|
484801|
484802|
484803|
484804|
484805|
484806|
484807|
484832|
484833|
484834|
484835|
484836|
484837|
484838|
484839|
484864|
484865|
484866|
484867|
484868|
484869|
484870|
484871|
484896|
484897|
484898|
484899|
484900|
484901|
484902|
484903|
484928|
484929|
484930|
484931|
484932|
484933|
484934|
484935|
484960|
484961|
484962|
484963|
484964|
484965|
484966|
484967|
484992|
484993|
484994|
484995|
484996|
484997|
484998|
484999|
485024|
485025|
485026|
485027|
485028|
485029|
485030|
485031|
485056|
485057|
485058|
485059|
485060|
485061|
485062|
485063|
485088|
485089|
485090|
485091|
485092|
485093|
485094|
485095|
485120|
485121|
485122|
485123|
485124|
485125|
485126|
485127|
485152|
485153|
485154|
485155|
485156|
485157|
485158|
485159|
485184|
485185|
485186|
485187|
485188|
485189|
485190|
485191|
485216|
485217|
485218|
485219|
485220|
485221|
485222|
485223|
485248|
485249|
485250|
485251|
485252|
485253|
485254|
485255|
485280|
485281|
485282|
485283|
485284|
485285|
485286|
485287|
485312|
485313|
485314|
485315|
485316|
485317|
485318|
485319|
485344|
485345|
485346|
485347|
485348|
485349|
485350|
485351|
485376|
485377|
485378|
485379|
485380|
485381|
485382|
485383|
485408|
485409|
485410|
485411|
485412|
485413|
485414|
485415|
485440|
485441|
485442|
485443|
485444|
485445|
485446|
485447|
485472|
485473|
485474|
485475|
485476|
485477|
485478|
485479|
485504|
485505|
485506|
485507|
485508|
485509|
485510|
485511|
485536|
485537|
485538|
485539|
485540|
485541|
485542|
485543|
485568|
485569|
485570|
485571|
485572|
485573|
485574|
485575|
485600|
485601|
485602|
485603|
485604|
485605|
485606|
485607|
485632|
485633|
485634|
485635|
485636|
485637|
485638|
485639|
485664|
485665|
485666|
485667|
485668|
485669|
485670|
485671|
485696|
485697|
485698|
485699|
485700|
485701|
485702|
485703|
485728|
485729|
485730|
485731|
485732|
485733|
485734|
485735|
485760|
485761|
485762|
485763|
485764|
485765|
485766|
485767|
485792|
485793|
485794|
485795|
485796|
485797|
485798|
485799|
485824|
485825|
485826|
485827|
485828|
485829|
485830|
485831|
485856|
485857|
485858|
485859|
485860|
485861|
485862|
485863|
485888|
485889|
485890|
485891|
485892|
485893|
485894|
485895|
485920|
485921|
485922|
485923|
485924|
485925|
485926|
485927|
485952|
485953|
485954|
485955|
485956|
485957|
485958|
485959|
485984|
485985|
485986|
485987|
485988|
