2952001|
2952002|
2952003|
2952004|
2952005|
2952006|
2952007|
2952032|
2952033|
2952034|
2952035|
2952036|
2952037|
2952038|
2952039|
2952064|
2952065|
2952066|
2952067|
2952068|
2952069|
2952070|
2952071|
2952096|
2952097|
2952098|
2952099|
2952100|
2952101|
2952102|
2952103|
2952128|
2952129|
2952130|
2952131|
2952132|
2952133|
2952134|
2952135|
2952160|
2952161|
2952162|
2952163|
2952164|
2952165|
2952166|
2952167|
2952192|
2952193|
2952194|
2952195|
2952196|
2952197|
2952198|
2952199|
2952224|
2952225|
2952226|
2952227|
2952228|
2952229|
2952230|
2952231|
2952256|
2952257|
2952258|
2952259|
2952260|
2952261|
2952262|
2952263|
2952288|
2952289|
2952290|
2952291|
2952292|
2952293|
2952294|
2952295|
2952320|
2952321|
2952322|
2952323|
2952324|
2952325|
2952326|
2952327|
2952352|
2952353|
2952354|
2952355|
2952356|
2952357|
2952358|
2952359|
2952384|
2952385|
2952386|
2952387|
2952388|
2952389|
2952390|
2952391|
2952416|
2952417|
2952418|
2952419|
2952420|
2952421|
2952422|
2952423|
2952448|
2952449|
2952450|
2952451|
2952452|
2952453|
2952454|
2952455|
2952480|
2952481|
2952482|
2952483|
2952484|
2952485|
2952486|
2952487|
2952512|
2952513|
2952514|
2952515|
2952516|
2952517|
2952518|
2952519|
2952544|
2952545|
2952546|
2952547|
2952548|
2952549|
2952550|
2952551|
2952576|
2952577|
2952578|
2952579|
2952580|
2952581|
2952582|
2952583|
2952608|
2952609|
2952610|
2952611|
2952612|
2952613|
2952614|
2952615|
2952640|
2952641|
2952642|
2952643|
2952644|
2952645|
2952646|
2952647|
2952672|
2952673|
2952674|
2952675|
2952676|
2952677|
2952678|
2952679|
2952704|
2952705|
2952706|
2952707|
2952708|
2952709|
2952710|
2952711|
2952736|
2952737|
2952738|
2952739|
2952740|
2952741|
2952742|
2952743|
2952768|
2952769|
2952770|
2952771|
2952772|
2952773|
2952774|
2952775|
2952800|
2952801|
2952802|
2952803|
2952804|
2952805|
2952806|
2952807|
2952832|
2952833|
2952834|
2952835|
2952836|
2952837|
2952838|
2952839|
2952864|
2952865|
2952866|
2952867|
2952868|
2952869|
2952870|
2952871|
2952896|
2952897|
2952898|
2952899|
2952900|
2952901|
2952902|
2952903|
2952928|
2952929|
2952930|
2952931|
2952932|
2952933|
2952934|
2952935|
2952960|
2952961|
2952962|
2952963|
2952964|
2952965|
2952966|
2952967|
2952992|
2952993|
2952994|
2952995|
2952996|
2952997|
2952998|
2952999|
2953024|
2953025|
2953026|
2953027|
2953028|
2953029|
2953030|
2953031|
2953056|
2953057|
2953058|
2953059|
2953060|
2953061|
2953062|
2953063|
2953088|
2953089|
2953090|
2953091|
2953092|
2953093|
2953094|
2953095|
2953120|
2953121|
2953122|
2953123|
2953124|
2953125|
2953126|
2953127|
2953152|
2953153|
2953154|
2953155|
2953156|
2953157|
2953158|
2953159|
2953184|
2953185|
2953186|
2953187|
2953188|
2953189|
2953190|
2953191|
2953216|
2953217|
2953218|
2953219|
2953220|
2953221|
2953222|
2953223|
2953248|
2953249|
2953250|
2953251|
2953252|
2953253|
2953254|
2953255|
2953280|
2953281|
2953282|
2953283|
2953284|
2953285|
2953286|
2953287|
2953312|
2953313|
2953314|
2953315|
2953316|
2953317|
2953318|
2953319|
2953344|
2953345|
2953346|
2953347|
2953348|
2953349|
2953350|
2953351|
2953376|
2953377|
2953378|
2953379|
2953380|
2953381|
2953382|
2953383|
2953408|
2953409|
2953410|
2953411|
2953412|
2953413|
2953414|
2953415|
2953440|
2953441|
2953442|
2953443|
2953444|
2953445|
2953446|
2953447|
2953472|
2953473|
2953474|
2953475|
2953476|
2953477|
2953478|
2953479|
2953504|
2953505|
2953506|
2953507|
2953508|
2953509|
2953510|
2953511|
2953536|
2953537|
2953538|
2953539|
2953540|
2953541|
2953542|
2953543|
2953568|
2953569|
2953570|
2953571|
2953572|
2953573|
2953574|
2953575|
2953600|
2953601|
2953602|
2953603|
2953604|
2953605|
2953606|
2953607|
2953632|
2953633|
2953634|
2953635|
2953636|
2953637|
2953638|
2953639|
2953664|
2953665|
2953666|
2953667|
2953668|
2953669|
2953670|
2953671|
2953696|
2953697|
2953698|
2953699|
2953700|
2953701|
2953702|
2953703|
2953728|
2953729|
2953730|
2953731|
2953732|
2953733|
2953734|
2953735|
2953760|
2953761|
2953762|
2953763|
2953764|
2953765|
2953766|
2953767|
2953792|
2953793|
2953794|
2953795|
2953796|
2953797|
2953798|
2953799|
2953824|
2953825|
2953826|
2953827|
2953828|
2953829|
2953830|
2953831|
2953856|
2953857|
2953858|
2953859|
2953860|
2953861|
2953862|
2953863|
2953888|
2953889|
2953890|
2953891|
2953892|
2953893|
2953894|
2953895|
2953920|
2953921|
2953922|
2953923|
2953924|
2953925|
2953926|
2953927|
2953952|
2953953|
2953954|
2953955|
2953956|
2953957|
2953958|
2953959|
2953984|
2953985|
2953986|
2953987|
2953988|
2953989|
2953990|
2953991|
2954016|
2954017|
2954018|
2954019|
2954020|
2954021|
2954022|
2954023|
2954048|
2954049|
2954050|
2954051|
2954052|
2954053|
2954054|
2954055|
2954080|
2954081|
2954082|
2954083|
2954084|
2954085|
2954086|
2954087|
2954112|
2954113|
2954114|
2954115|
2954116|
2954117|
2954118|
2954119|
2954144|
2954145|
2954146|
2954147|
2954148|
2954149|
2954150|
2954151|
2954176|
2954177|
2954178|
2954179|
2954180|
2954181|
2954182|
2954183|
2954208|
2954209|
2954210|
2954211|
2954212|
2954213|
2954214|
2954215|
2954240|
2954241|
2954242|
2954243|
2954244|
2954245|
2954246|
2954247|
2954272|
2954273|
2954274|
2954275|
2954276|
2954277|
2954278|
2954279|
2954304|
2954305|
2954306|
2954307|
2954308|
2954309|
2954310|
2954311|
2954336|
2954337|
2954338|
2954339|
2954340|
2954341|
2954342|
2954343|
2954368|
2954369|
2954370|
2954371|
2954372|
2954373|
2954374|
2954375|
2954400|
2954401|
2954402|
2954403|
2954404|
2954405|
2954406|
2954407|
2954432|
2954433|
2954434|
2954435|
2954436|
2954437|
2954438|
2954439|
2954464|
2954465|
2954466|
2954467|
2954468|
2954469|
2954470|
2954471|
2954496|
2954497|
2954498|
2954499|
2954500|
2954501|
2954502|
2954503|
2954528|
2954529|
2954530|
2954531|
2954532|
2954533|
2954534|
2954535|
2954560|
2954561|
2954562|
2954563|
2954564|
2954565|
2954566|
2954567|
2954592|
2954593|
2954594|
2954595|
2954596|
2954597|
2954598|
2954599|
2954624|
2954625|
2954626|
2954627|
2954628|
2954629|
2954630|
2954631|
2954656|
2954657|
2954658|
2954659|
2954660|
2954661|
2954662|
2954663|
2954688|
2954689|
2954690|
2954691|
2954692|
2954693|
2954694|
2954695|
2954720|
2954721|
2954722|
2954723|
2954724|
2954725|
2954726|
2954727|
2954752|
2954753|
2954754|
2954755|
2954756|
2954757|
2954758|
2954759|
2954784|
2954785|
2954786|
2954787|
2954788|
2954789|
2954790|
2954791|
2954816|
2954817|
2954818|
2954819|
2954820|
2954821|
2954822|
2954823|
2954848|
2954849|
2954850|
2954851|
2954852|
2954853|
2954854|
2954855|
2954880|
2954881|
2954882|
2954883|
2954884|
2954885|
2954886|
2954887|
2954912|
2954913|
2954914|
2954915|
2954916|
2954917|
2954918|
2954919|
2954944|
2954945|
2954946|
2954947|
2954948|
2954949|
2954950|
2954951|
2954976|
2954977|
2954978|
2954979|
2954980|
2954981|
2954982|
2954983|
2955008|
2955009|
2955010|
2955011|
2955012|
2955013|
2955014|
2955015|
2955040|
2955041|
2955042|
2955043|
2955044|
2955045|
2955046|
2955047|
2955072|
2955073|
2955074|
2955075|
2955076|
2955077|
2955078|
2955079|
2955104|
2955105|
2955106|
2955107|
2955108|
2955109|
2955110|
2955111|
2955136|
2955137|
2955138|
2955139|
2955140|
2955141|
2955142|
2955143|
2955168|
2955169|
2955170|
2955171|
2955172|
2955173|
2955174|
2955175|
2955200|
2955201|
2955202|
2955203|
2955204|
2955205|
2955206|
2955207|
2955232|
2955233|
2955234|
2955235|
2955236|
2955237|
2955238|
2955239|
2955264|
2955265|
2955266|
2955267|
2955268|
2955269|
2955270|
2955271|
2955296|
2955297|
2955298|
2955299|
2955300|
2955301|
2955302|
2955303|
2955328|
2955329|
2955330|
2955331|
2955332|
2955333|
2955334|
2955335|
2955360|
2955361|
2955362|
2955363|
2955364|
2955365|
2955366|
2955367|
2955392|
2955393|
2955394|
2955395|
2955396|
2955397|
2955398|
2955399|
2955424|
2955425|
2955426|
2955427|
2955428|
2955429|
2955430|
2955431|
2955456|
2955457|
2955458|
2955459|
2955460|
2955461|
2955462|
2955463|
2955488|
2955489|
2955490|
2955491|
2955492|
2955493|
2955494|
2955495|
2955520|
2955521|
2955522|
2955523|
2955524|
2955525|
2955526|
2955527|
2955552|
2955553|
2955554|
2955555|
2955556|
2955557|
2955558|
2955559|
2955584|
2955585|
2955586|
2955587|
2955588|
2955589|
2955590|
2955591|
2955616|
2955617|
2955618|
2955619|
2955620|
2955621|
2955622|
2955623|
2955648|
2955649|
2955650|
2955651|
2955652|
2955653|
2955654|
2955655|
2955680|
2955681|
2955682|
2955683|
2955684|
2955685|
2955686|
2955687|
2955712|
2955713|
2955714|
2955715|
2955716|
2955717|
2955718|
2955719|
2955744|
2955745|
2955746|
2955747|
2955748|
2955749|
2955750|
2955751|
2955776|
2955777|
2955778|
2955779|
2955780|
2955781|
2955782|
2955783|
2955808|
2955809|
2955810|
2955811|
2955812|
2955813|
2955814|
2955815|
2955840|
2955841|
2955842|
2955843|
2955844|
2955845|
2955846|
2955847|
2955872|
2955873|
2955874|
2955875|
2955876|
2955877|
2955878|
2955879|
2955904|
2955905|
2955906|
2955907|
2955908|
2955909|
2955910|
2955911|
2955936|
2955937|
2955938|
2955939|
2955940|
2955941|
2955942|
2955943|
2955968|
2955969|
2955970|
2955971|
2955972|
2955973|
2955974|
2955975|
2956000|
2956001|
2956002|
2956003|
2956004|
2956005|
2956006|
2956007|
2956032|
2956033|
2956034|
2956035|
2956036|
2956037|
2956038|
2956039|
2956064|
2956065|
2956066|
2956067|
2956068|
2956069|
2956070|
2956071|
2956096|
2956097|
2956098|
2956099|
2956100|
2956101|
2956102|
2956103|
2956128|
2956129|
2956130|
2956131|
2956132|
2956133|
2956134|
2956135|
2956160|
2956161|
2956162|
2956163|
2956164|
2956165|
2956166|
2956167|
2956192|
2956193|
2956194|
2956195|
2956196|
2956197|
2956198|
2956199|
2956224|
2956225|
2956226|
2956227|
2956228|
2956229|
2956230|
2956231|
2956256|
2956257|
2956258|
2956259|
2956260|
2956261|
2956262|
2956263|
2956288|
2956289|
2956290|
2956291|
2956292|
2956293|
2956294|
2956295|
2956320|
2956321|
2956322|
2956323|
2956324|
2956325|
2956326|
2956327|
2956352|
2956353|
2956354|
2956355|
2956356|
2956357|
2956358|
2956359|
2956384|
2956385|
2956386|
2956387|
2956388|
2956389|
2956390|
2956391|
2956416|
2956417|
2956418|
2956419|
2956420|
2956421|
2956422|
2956423|
2956448|
2956449|
2956450|
2956451|
2956452|
2956453|
2956454|
2956455|
2956480|
2956481|
2956482|
2956483|
2956484|
2956485|
2956486|
2956487|
2956512|
2956513|
2956514|
2956515|
2956516|
2956517|
2956518|
2956519|
2956544|
2956545|
2956546|
2956547|
2956548|
2956549|
2956550|
2956551|
2956576|
2956577|
2956578|
2956579|
2956580|
2956581|
2956582|
2956583|
2956608|
2956609|
2956610|
2956611|
2956612|
2956613|
2956614|
2956615|
2956640|
2956641|
2956642|
2956643|
2956644|
2956645|
2956646|
2956647|
2956672|
2956673|
2956674|
2956675|
2956676|
2956677|
2956678|
2956679|
2956704|
2956705|
2956706|
2956707|
2956708|
2956709|
2956710|
2956711|
2956736|
2956737|
2956738|
2956739|
2956740|
2956741|
2956742|
2956743|
2956768|
2956769|
2956770|
2956771|
2956772|
2956773|
2956774|
2956775|
2956800|
2956801|
2956802|
2956803|
2956804|
2956805|
2956806|
2956807|
2956832|
2956833|
2956834|
2956835|
2956836|
2956837|
2956838|
2956839|
2956864|
2956865|
2956866|
2956867|
2956868|
2956869|
2956870|
2956871|
2956896|
2956897|
2956898|
2956899|
2956900|
2956901|
2956902|
2956903|
2956928|
2956929|
2956930|
2956931|
2956932|
2956933|
2956934|
2956935|
2956960|
2956961|
2956962|
2956963|
2956964|
2956965|
2956966|
2956967|
2956992|
2956993|
2956994|
2956995|
2956996|
2956997|
2956998|
2956999|
2957024|
2957025|
2957026|
2957027|
2957028|
2957029|
2957030|
2957031|
2957056|
2957057|
2957058|
2957059|
2957060|
2957061|
2957062|
2957063|
2957088|
2957089|
2957090|
2957091|
2957092|
2957093|
2957094|
2957095|
2957120|
2957121|
2957122|
2957123|
2957124|
2957125|
2957126|
2957127|
2957152|
2957153|
2957154|
2957155|
2957156|
2957157|
2957158|
2957159|
2957184|
2957185|
2957186|
2957187|
2957188|
2957189|
2957190|
2957191|
2957216|
2957217|
2957218|
2957219|
2957220|
2957221|
2957222|
2957223|
2957248|
2957249|
2957250|
2957251|
2957252|
2957253|
2957254|
2957255|
2957280|
2957281|
2957282|
2957283|
2957284|
2957285|
2957286|
2957287|
2957312|
2957313|
2957314|
2957315|
2957316|
2957317|
2957318|
2957319|
2957344|
2957345|
2957346|
2957347|
2957348|
2957349|
2957350|
2957351|
2957376|
2957377|
2957378|
2957379|
2957380|
2957381|
2957382|
2957383|
2957408|
2957409|
2957410|
2957411|
2957412|
2957413|
2957414|
2957415|
2957440|
2957441|
2957442|
2957443|
2957444|
2957445|
2957446|
2957447|
2957472|
2957473|
2957474|
2957475|
2957476|
2957477|
2957478|
2957479|
2957504|
2957505|
2957506|
2957507|
2957508|
2957509|
2957510|
2957511|
2957536|
2957537|
2957538|
2957539|
2957540|
2957541|
2957542|
2957543|
2957568|
2957569|
2957570|
2957571|
2957572|
2957573|
2957574|
2957575|
2957600|
2957601|
2957602|
2957603|
2957604|
2957605|
2957606|
2957607|
2957632|
2957633|
2957634|
2957635|
2957636|
2957637|
2957638|
2957639|
2957664|
2957665|
2957666|
2957667|
2957668|
2957669|
2957670|
2957671|
2957696|
2957697|
2957698|
2957699|
2957700|
2957701|
2957702|
2957703|
2957728|
2957729|
2957730|
2957731|
2957732|
2957733|
2957734|
2957735|
2957760|
2957761|
2957762|
2957763|
2957764|
2957765|
2957766|
2957767|
2957792|
2957793|
2957794|
2957795|
2957796|
2957797|
2957798|
2957799|
2957824|
2957825|
2957826|
2957827|
2957828|
2957829|
2957830|
2957831|
2957856|
2957857|
2957858|
2957859|
2957860|
2957861|
2957862|
2957863|
2957888|
2957889|
2957890|
2957891|
2957892|
2957893|
2957894|
2957895|
2957920|
2957921|
2957922|
2957923|
2957924|
2957925|
2957926|
2957927|
2957952|
2957953|
2957954|
2957955|
2957956|
2957957|
2957958|
2957959|
2957984|
2957985|
2957986|
2957987|
2957988|
