1361989|
1361990|
1361991|
1362016|
1362017|
1362018|
1362019|
1362020|
1362021|
1362022|
1362023|
1362048|
1362049|
1362050|
1362051|
1362052|
1362053|
1362054|
1362055|
1362080|
1362081|
1362082|
1362083|
1362084|
1362085|
1362086|
1362087|
1362112|
1362113|
1362114|
1362115|
1362116|
1362117|
1362118|
1362119|
1362144|
1362145|
1362146|
1362147|
1362148|
1362149|
1362150|
1362151|
1362176|
1362177|
1362178|
1362179|
1362180|
1362181|
1362182|
1362183|
1362208|
1362209|
1362210|
1362211|
1362212|
1362213|
1362214|
1362215|
1362240|
1362241|
1362242|
1362243|
1362244|
1362245|
1362246|
1362247|
1362272|
1362273|
1362274|
1362275|
1362276|
1362277|
1362278|
1362279|
1362304|
1362305|
1362306|
1362307|
1362308|
1362309|
1362310|
1362311|
1362336|
1362337|
1362338|
1362339|
1362340|
1362341|
1362342|
1362343|
1362368|
1362369|
1362370|
1362371|
1362372|
1362373|
1362374|
1362375|
1362400|
1362401|
1362402|
1362403|
1362404|
1362405|
1362406|
1362407|
1362432|
1362433|
1362434|
1362435|
1362436|
1362437|
1362438|
1362439|
1362464|
1362465|
1362466|
1362467|
1362468|
1362469|
1362470|
1362471|
1362496|
1362497|
1362498|
1362499|
1362500|
1362501|
1362502|
1362503|
1362528|
1362529|
1362530|
1362531|
1362532|
1362533|
1362534|
1362535|
1362560|
1362561|
1362562|
1362563|
1362564|
1362565|
1362566|
1362567|
1362592|
1362593|
1362594|
1362595|
1362596|
1362597|
1362598|
1362599|
1362624|
1362625|
1362626|
1362627|
1362628|
1362629|
1362630|
1362631|
1362656|
1362657|
1362658|
1362659|
1362660|
1362661|
1362662|
1362663|
1362688|
1362689|
1362690|
1362691|
1362692|
1362693|
1362694|
1362695|
1362720|
1362721|
1362722|
1362723|
1362724|
1362725|
1362726|
1362727|
1362752|
1362753|
1362754|
1362755|
1362756|
1362757|
1362758|
1362759|
1362784|
1362785|
1362786|
1362787|
1362788|
1362789|
1362790|
1362791|
1362816|
1362817|
1362818|
1362819|
1362820|
1362821|
1362822|
1362823|
1362848|
1362849|
1362850|
1362851|
1362852|
1362853|
1362854|
1362855|
1362880|
1362881|
1362882|
1362883|
1362884|
1362885|
1362886|
1362887|
1362912|
1362913|
1362914|
1362915|
1362916|
1362917|
1362918|
1362919|
1362944|
1362945|
1362946|
1362947|
1362948|
1362949|
1362950|
1362951|
1362976|
1362977|
1362978|
1362979|
1362980|
1362981|
1362982|
1362983|
1363008|
1363009|
1363010|
1363011|
1363012|
1363013|
1363014|
1363015|
1363040|
1363041|
1363042|
1363043|
1363044|
1363045|
1363046|
1363047|
1363072|
1363073|
1363074|
1363075|
1363076|
1363077|
1363078|
1363079|
1363104|
1363105|
1363106|
1363107|
1363108|
1363109|
1363110|
1363111|
1363136|
1363137|
1363138|
1363139|
1363140|
1363141|
1363142|
1363143|
1363168|
1363169|
1363170|
1363171|
1363172|
1363173|
1363174|
1363175|
1363200|
1363201|
1363202|
1363203|
1363204|
1363205|
1363206|
1363207|
1363232|
1363233|
1363234|
1363235|
1363236|
1363237|
1363238|
1363239|
1363264|
1363265|
1363266|
1363267|
1363268|
1363269|
1363270|
1363271|
1363296|
1363297|
1363298|
1363299|
1363300|
1363301|
1363302|
1363303|
1363328|
1363329|
1363330|
1363331|
1363332|
1363333|
1363334|
1363335|
1363360|
1363361|
1363362|
1363363|
1363364|
1363365|
1363366|
1363367|
1363392|
1363393|
1363394|
1363395|
1363396|
1363397|
1363398|
1363399|
1363424|
1363425|
1363426|
1363427|
1363428|
1363429|
1363430|
1363431|
1363456|
1363457|
1363458|
1363459|
1363460|
1363461|
1363462|
1363463|
1363488|
1363489|
1363490|
1363491|
1363492|
1363493|
1363494|
1363495|
1363520|
1363521|
1363522|
1363523|
1363524|
1363525|
1363526|
1363527|
1363552|
1363553|
1363554|
1363555|
1363556|
1363557|
1363558|
1363559|
1363584|
1363585|
1363586|
1363587|
1363588|
1363589|
1363590|
1363591|
1363616|
1363617|
1363618|
1363619|
1363620|
1363621|
1363622|
1363623|
1363648|
1363649|
1363650|
1363651|
1363652|
1363653|
1363654|
1363655|
1363680|
1363681|
1363682|
1363683|
1363684|
1363685|
1363686|
1363687|
1363712|
1363713|
1363714|
1363715|
1363716|
1363717|
1363718|
1363719|
1363744|
1363745|
1363746|
1363747|
1363748|
1363749|
1363750|
1363751|
1363776|
1363777|
1363778|
1363779|
1363780|
1363781|
1363782|
1363783|
1363808|
1363809|
1363810|
1363811|
1363812|
1363813|
1363814|
1363815|
1363840|
1363841|
1363842|
1363843|
1363844|
1363845|
1363846|
1363847|
1363872|
1363873|
1363874|
1363875|
1363876|
1363877|
1363878|
1363879|
1363904|
1363905|
1363906|
1363907|
1363908|
1363909|
1363910|
1363911|
1363936|
1363937|
1363938|
1363939|
1363940|
1363941|
1363942|
1363943|
1363968|
1363969|
1363970|
1363971|
1363972|
1363973|
1363974|
1363975|
1364000|
1364001|
1364002|
1364003|
1364004|
1364005|
1364006|
1364007|
1364032|
1364033|
1364034|
1364035|
1364036|
1364037|
1364038|
1364039|
1364064|
1364065|
1364066|
1364067|
1364068|
1364069|
1364070|
1364071|
1364096|
1364097|
1364098|
1364099|
1364100|
1364101|
1364102|
1364103|
1364128|
1364129|
1364130|
1364131|
1364132|
1364133|
1364134|
1364135|
1364160|
1364161|
1364162|
1364163|
1364164|
1364165|
1364166|
1364167|
1364192|
1364193|
1364194|
1364195|
1364196|
1364197|
1364198|
1364199|
1364224|
1364225|
1364226|
1364227|
1364228|
1364229|
1364230|
1364231|
1364256|
1364257|
1364258|
1364259|
1364260|
1364261|
1364262|
1364263|
1364288|
1364289|
1364290|
1364291|
1364292|
1364293|
1364294|
1364295|
1364320|
1364321|
1364322|
1364323|
1364324|
1364325|
1364326|
1364327|
1364352|
1364353|
1364354|
1364355|
1364356|
1364357|
1364358|
1364359|
1364384|
1364385|
1364386|
1364387|
1364388|
1364389|
1364390|
1364391|
1364416|
1364417|
1364418|
1364419|
1364420|
1364421|
1364422|
1364423|
1364448|
1364449|
1364450|
1364451|
1364452|
1364453|
1364454|
1364455|
1364480|
1364481|
1364482|
1364483|
1364484|
1364485|
1364486|
1364487|
1364512|
1364513|
1364514|
1364515|
1364516|
1364517|
1364518|
1364519|
1364544|
1364545|
1364546|
1364547|
1364548|
1364549|
1364550|
1364551|
1364576|
1364577|
1364578|
1364579|
1364580|
1364581|
1364582|
1364583|
1364608|
1364609|
1364610|
1364611|
1364612|
1364613|
1364614|
1364615|
1364640|
1364641|
1364642|
1364643|
1364644|
1364645|
1364646|
1364647|
1364672|
1364673|
1364674|
1364675|
1364676|
1364677|
1364678|
1364679|
1364704|
1364705|
1364706|
1364707|
1364708|
1364709|
1364710|
1364711|
1364736|
1364737|
1364738|
1364739|
1364740|
1364741|
1364742|
1364743|
1364768|
1364769|
1364770|
1364771|
1364772|
1364773|
1364774|
1364775|
1364800|
1364801|
1364802|
1364803|
1364804|
1364805|
1364806|
1364807|
1364832|
1364833|
1364834|
1364835|
1364836|
1364837|
1364838|
1364839|
1364864|
1364865|
1364866|
1364867|
1364868|
1364869|
1364870|
1364871|
1364896|
1364897|
1364898|
1364899|
1364900|
1364901|
1364902|
1364903|
1364928|
1364929|
1364930|
1364931|
1364932|
1364933|
1364934|
1364935|
1364960|
1364961|
1364962|
1364963|
1364964|
1364965|
1364966|
1364967|
1364992|
1364993|
1364994|
1364995|
1364996|
1364997|
1364998|
1364999|
1365024|
1365025|
1365026|
1365027|
1365028|
1365029|
1365030|
1365031|
1365056|
1365057|
1365058|
1365059|
1365060|
1365061|
1365062|
1365063|
1365088|
1365089|
1365090|
1365091|
1365092|
1365093|
1365094|
1365095|
1365120|
1365121|
1365122|
1365123|
1365124|
1365125|
1365126|
1365127|
1365152|
1365153|
1365154|
1365155|
1365156|
1365157|
1365158|
1365159|
1365184|
1365185|
1365186|
1365187|
1365188|
1365189|
1365190|
1365191|
1365216|
1365217|
1365218|
1365219|
1365220|
1365221|
1365222|
1365223|
1365248|
1365249|
1365250|
1365251|
1365252|
1365253|
1365254|
1365255|
1365280|
1365281|
1365282|
1365283|
1365284|
1365285|
1365286|
1365287|
1365312|
1365313|
1365314|
1365315|
1365316|
1365317|
1365318|
1365319|
1365344|
1365345|
1365346|
1365347|
1365348|
1365349|
1365350|
1365351|
1365376|
1365377|
1365378|
1365379|
1365380|
1365381|
1365382|
1365383|
1365408|
1365409|
1365410|
1365411|
1365412|
1365413|
1365414|
1365415|
1365440|
1365441|
1365442|
1365443|
1365444|
1365445|
1365446|
1365447|
1365472|
1365473|
1365474|
1365475|
1365476|
1365477|
1365478|
1365479|
1365504|
1365505|
1365506|
1365507|
1365508|
1365509|
1365510|
1365511|
1365536|
1365537|
1365538|
1365539|
1365540|
1365541|
1365542|
1365543|
1365568|
1365569|
1365570|
1365571|
1365572|
1365573|
1365574|
1365575|
1365600|
1365601|
1365602|
1365603|
1365604|
1365605|
1365606|
1365607|
1365632|
1365633|
1365634|
1365635|
1365636|
1365637|
1365638|
1365639|
1365664|
1365665|
1365666|
1365667|
1365668|
1365669|
1365670|
1365671|
1365696|
1365697|
1365698|
1365699|
1365700|
1365701|
1365702|
1365703|
1365728|
1365729|
1365730|
1365731|
1365732|
1365733|
1365734|
1365735|
1365760|
1365761|
1365762|
1365763|
1365764|
1365765|
1365766|
1365767|
1365792|
1365793|
1365794|
1365795|
1365796|
1365797|
1365798|
1365799|
1365824|
1365825|
1365826|
1365827|
1365828|
1365829|
1365830|
1365831|
1365856|
1365857|
1365858|
1365859|
1365860|
1365861|
1365862|
1365863|
1365888|
1365889|
1365890|
1365891|
1365892|
1365893|
1365894|
1365895|
1365920|
1365921|
1365922|
1365923|
1365924|
1365925|
1365926|
1365927|
1365952|
1365953|
1365954|
1365955|
1365956|
1365957|
1365958|
1365959|
1365984|
1365985|
1365986|
1365987|
1365988|
1365989|
1365990|
1365991|
1366016|
1366017|
1366018|
1366019|
1366020|
1366021|
1366022|
1366023|
1366048|
1366049|
1366050|
1366051|
1366052|
1366053|
1366054|
1366055|
1366080|
1366081|
1366082|
1366083|
1366084|
1366085|
1366086|
1366087|
1366112|
1366113|
1366114|
1366115|
1366116|
1366117|
1366118|
1366119|
1366144|
1366145|
1366146|
1366147|
1366148|
1366149|
1366150|
1366151|
1366176|
1366177|
1366178|
1366179|
1366180|
1366181|
1366182|
1366183|
1366208|
1366209|
1366210|
1366211|
1366212|
1366213|
1366214|
1366215|
1366240|
1366241|
1366242|
1366243|
1366244|
1366245|
1366246|
1366247|
1366272|
1366273|
1366274|
1366275|
1366276|
1366277|
1366278|
1366279|
1366304|
1366305|
1366306|
1366307|
1366308|
1366309|
1366310|
1366311|
1366336|
1366337|
1366338|
1366339|
1366340|
1366341|
1366342|
1366343|
1366368|
1366369|
1366370|
1366371|
1366372|
1366373|
1366374|
1366375|
1366400|
1366401|
1366402|
1366403|
1366404|
1366405|
1366406|
1366407|
1366432|
1366433|
1366434|
1366435|
1366436|
1366437|
1366438|
1366439|
1366464|
1366465|
1366466|
1366467|
1366468|
1366469|
1366470|
1366471|
1366496|
1366497|
1366498|
1366499|
1366500|
1366501|
1366502|
1366503|
1366528|
1366529|
1366530|
1366531|
1366532|
1366533|
1366534|
1366535|
1366560|
1366561|
1366562|
1366563|
1366564|
1366565|
1366566|
1366567|
1366592|
1366593|
1366594|
1366595|
1366596|
1366597|
1366598|
1366599|
1366624|
1366625|
1366626|
1366627|
1366628|
1366629|
1366630|
1366631|
1366656|
1366657|
1366658|
1366659|
1366660|
1366661|
1366662|
1366663|
1366688|
1366689|
1366690|
1366691|
1366692|
1366693|
1366694|
1366695|
1366720|
1366721|
1366722|
1366723|
1366724|
1366725|
1366726|
1366727|
1366752|
1366753|
1366754|
1366755|
1366756|
1366757|
1366758|
1366759|
1366784|
1366785|
1366786|
1366787|
1366788|
1366789|
1366790|
1366791|
1366816|
1366817|
1366818|
1366819|
1366820|
1366821|
1366822|
1366823|
1366848|
1366849|
1366850|
1366851|
1366852|
1366853|
1366854|
1366855|
1366880|
1366881|
1366882|
1366883|
1366884|
1366885|
1366886|
1366887|
1366912|
1366913|
1366914|
1366915|
1366916|
1366917|
1366918|
1366919|
1366944|
1366945|
1366946|
1366947|
1366948|
1366949|
1366950|
1366951|
1366976|
1366977|
1366978|
1366979|
1366980|
1366981|
1366982|
1366983|
1367008|
1367009|
1367010|
1367011|
1367012|
1367013|
1367014|
1367015|
1367040|
1367041|
1367042|
1367043|
1367044|
1367045|
1367046|
1367047|
1367072|
1367073|
1367074|
1367075|
1367076|
1367077|
1367078|
1367079|
1367104|
1367105|
1367106|
1367107|
1367108|
1367109|
1367110|
1367111|
1367136|
1367137|
1367138|
1367139|
1367140|
1367141|
1367142|
1367143|
1367168|
1367169|
1367170|
1367171|
1367172|
1367173|
1367174|
1367175|
1367200|
1367201|
1367202|
1367203|
1367204|
1367205|
1367206|
1367207|
1367232|
1367233|
1367234|
1367235|
1367236|
1367237|
1367238|
1367239|
1367264|
1367265|
1367266|
1367267|
1367268|
1367269|
1367270|
1367271|
1367296|
1367297|
1367298|
1367299|
1367300|
1367301|
1367302|
1367303|
1367328|
1367329|
1367330|
1367331|
1367332|
1367333|
1367334|
1367335|
1367360|
1367361|
1367362|
1367363|
1367364|
1367365|
1367366|
1367367|
1367392|
1367393|
1367394|
1367395|
1367396|
1367397|
1367398|
1367399|
1367424|
1367425|
1367426|
1367427|
1367428|
1367429|
1367430|
1367431|
1367456|
1367457|
1367458|
1367459|
1367460|
1367461|
1367462|
1367463|
1367488|
1367489|
1367490|
1367491|
1367492|
1367493|
1367494|
1367495|
1367520|
1367521|
1367522|
1367523|
1367524|
1367525|
1367526|
1367527|
1367552|
1367553|
1367554|
1367555|
1367556|
1367557|
1367558|
1367559|
1367584|
1367585|
1367586|
1367587|
1367588|
1367589|
1367590|
1367591|
1367616|
1367617|
1367618|
1367619|
1367620|
1367621|
1367622|
1367623|
1367648|
1367649|
1367650|
1367651|
1367652|
1367653|
1367654|
1367655|
1367680|
1367681|
1367682|
1367683|
1367684|
1367685|
1367686|
1367687|
1367712|
1367713|
1367714|
1367715|
1367716|
1367717|
1367718|
1367719|
1367744|
1367745|
1367746|
1367747|
1367748|
1367749|
1367750|
1367751|
1367776|
1367777|
1367778|
1367779|
1367780|
1367781|
1367782|
1367783|
1367808|
1367809|
1367810|
1367811|
1367812|
1367813|
1367814|
1367815|
1367840|
1367841|
1367842|
1367843|
1367844|
1367845|
1367846|
1367847|
1367872|
1367873|
1367874|
1367875|
1367876|
1367877|
1367878|
1367879|
1367904|
1367905|
1367906|
1367907|
1367908|
1367909|
1367910|
1367911|
1367936|
1367937|
1367938|
1367939|
1367940|
1367941|
1367942|
1367943|
1367968|
1367969|
1367970|
1367971|
1367972|
1367973|
1367974|
1367975|
1368000|
