1349989|
1349990|
1349991|
1350016|
1350017|
1350018|
1350019|
1350020|
1350021|
1350022|
1350023|
1350048|
1350049|
1350050|
1350051|
1350052|
1350053|
1350054|
1350055|
1350080|
1350081|
1350082|
1350083|
1350084|
1350085|
1350086|
1350087|
1350112|
1350113|
1350114|
1350115|
1350116|
1350117|
1350118|
1350119|
1350144|
1350145|
1350146|
1350147|
1350148|
1350149|
1350150|
1350151|
1350176|
1350177|
1350178|
1350179|
1350180|
1350181|
1350182|
1350183|
1350208|
1350209|
1350210|
1350211|
1350212|
1350213|
1350214|
1350215|
1350240|
1350241|
1350242|
1350243|
1350244|
1350245|
1350246|
1350247|
1350272|
1350273|
1350274|
1350275|
1350276|
1350277|
1350278|
1350279|
1350304|
1350305|
1350306|
1350307|
1350308|
1350309|
1350310|
1350311|
1350336|
1350337|
1350338|
1350339|
1350340|
1350341|
1350342|
1350343|
1350368|
1350369|
1350370|
1350371|
1350372|
1350373|
1350374|
1350375|
1350400|
1350401|
1350402|
1350403|
1350404|
1350405|
1350406|
1350407|
1350432|
1350433|
1350434|
1350435|
1350436|
1350437|
1350438|
1350439|
1350464|
1350465|
1350466|
1350467|
1350468|
1350469|
1350470|
1350471|
1350496|
1350497|
1350498|
1350499|
1350500|
1350501|
1350502|
1350503|
1350528|
1350529|
1350530|
1350531|
1350532|
1350533|
1350534|
1350535|
1350560|
1350561|
1350562|
1350563|
1350564|
1350565|
1350566|
1350567|
1350592|
1350593|
1350594|
1350595|
1350596|
1350597|
1350598|
1350599|
1350624|
1350625|
1350626|
1350627|
1350628|
1350629|
1350630|
1350631|
1350656|
1350657|
1350658|
1350659|
1350660|
1350661|
1350662|
1350663|
1350688|
1350689|
1350690|
1350691|
1350692|
1350693|
1350694|
1350695|
1350720|
1350721|
1350722|
1350723|
1350724|
1350725|
1350726|
1350727|
1350752|
1350753|
1350754|
1350755|
1350756|
1350757|
1350758|
1350759|
1350784|
1350785|
1350786|
1350787|
1350788|
1350789|
1350790|
1350791|
1350816|
1350817|
1350818|
1350819|
1350820|
1350821|
1350822|
1350823|
1350848|
1350849|
1350850|
1350851|
1350852|
1350853|
1350854|
1350855|
1350880|
1350881|
1350882|
1350883|
1350884|
1350885|
1350886|
1350887|
1350912|
1350913|
1350914|
1350915|
1350916|
1350917|
1350918|
1350919|
1350944|
1350945|
1350946|
1350947|
1350948|
1350949|
1350950|
1350951|
1350976|
1350977|
1350978|
1350979|
1350980|
1350981|
1350982|
1350983|
1351008|
1351009|
1351010|
1351011|
1351012|
1351013|
1351014|
1351015|
1351040|
1351041|
1351042|
1351043|
1351044|
1351045|
1351046|
1351047|
1351072|
1351073|
1351074|
1351075|
1351076|
1351077|
1351078|
1351079|
1351104|
1351105|
1351106|
1351107|
1351108|
1351109|
1351110|
1351111|
1351136|
1351137|
1351138|
1351139|
1351140|
1351141|
1351142|
1351143|
1351168|
1351169|
1351170|
1351171|
1351172|
1351173|
1351174|
1351175|
1351200|
1351201|
1351202|
1351203|
1351204|
1351205|
1351206|
1351207|
1351232|
1351233|
1351234|
1351235|
1351236|
1351237|
1351238|
1351239|
1351264|
1351265|
1351266|
1351267|
1351268|
1351269|
1351270|
1351271|
1351296|
1351297|
1351298|
1351299|
1351300|
1351301|
1351302|
1351303|
1351328|
1351329|
1351330|
1351331|
1351332|
1351333|
1351334|
1351335|
1351360|
1351361|
1351362|
1351363|
1351364|
1351365|
1351366|
1351367|
1351392|
1351393|
1351394|
1351395|
1351396|
1351397|
1351398|
1351399|
1351424|
1351425|
1351426|
1351427|
1351428|
1351429|
1351430|
1351431|
1351456|
1351457|
1351458|
1351459|
1351460|
1351461|
1351462|
1351463|
1351488|
1351489|
1351490|
1351491|
1351492|
1351493|
1351494|
1351495|
1351520|
1351521|
1351522|
1351523|
1351524|
1351525|
1351526|
1351527|
1351552|
1351553|
1351554|
1351555|
1351556|
1351557|
1351558|
1351559|
1351584|
1351585|
1351586|
1351587|
1351588|
1351589|
1351590|
1351591|
1351616|
1351617|
1351618|
1351619|
1351620|
1351621|
1351622|
1351623|
1351648|
1351649|
1351650|
1351651|
1351652|
1351653|
1351654|
1351655|
1351680|
1351681|
1351682|
1351683|
1351684|
1351685|
1351686|
1351687|
1351712|
1351713|
1351714|
1351715|
1351716|
1351717|
1351718|
1351719|
1351744|
1351745|
1351746|
1351747|
1351748|
1351749|
1351750|
1351751|
1351776|
1351777|
1351778|
1351779|
1351780|
1351781|
1351782|
1351783|
1351808|
1351809|
1351810|
1351811|
1351812|
1351813|
1351814|
1351815|
1351840|
1351841|
1351842|
1351843|
1351844|
1351845|
1351846|
1351847|
1351872|
1351873|
1351874|
1351875|
1351876|
1351877|
1351878|
1351879|
1351904|
1351905|
1351906|
1351907|
1351908|
1351909|
1351910|
1351911|
1351936|
1351937|
1351938|
1351939|
1351940|
1351941|
1351942|
1351943|
1351968|
1351969|
1351970|
1351971|
1351972|
1351973|
1351974|
1351975|
1352000|
1352001|
1352002|
1352003|
1352004|
1352005|
1352006|
1352007|
1352032|
1352033|
1352034|
1352035|
1352036|
1352037|
1352038|
1352039|
1352064|
1352065|
1352066|
1352067|
1352068|
1352069|
1352070|
1352071|
1352096|
1352097|
1352098|
1352099|
1352100|
1352101|
1352102|
1352103|
1352128|
1352129|
1352130|
1352131|
1352132|
1352133|
1352134|
1352135|
1352160|
1352161|
1352162|
1352163|
1352164|
1352165|
1352166|
1352167|
1352192|
1352193|
1352194|
1352195|
1352196|
1352197|
1352198|
1352199|
1352224|
1352225|
1352226|
1352227|
1352228|
1352229|
1352230|
1352231|
1352256|
1352257|
1352258|
1352259|
1352260|
1352261|
1352262|
1352263|
1352288|
1352289|
1352290|
1352291|
1352292|
1352293|
1352294|
1352295|
1352320|
1352321|
1352322|
1352323|
1352324|
1352325|
1352326|
1352327|
1352352|
1352353|
1352354|
1352355|
1352356|
1352357|
1352358|
1352359|
1352384|
1352385|
1352386|
1352387|
1352388|
1352389|
1352390|
1352391|
1352416|
1352417|
1352418|
1352419|
1352420|
1352421|
1352422|
1352423|
1352448|
1352449|
1352450|
1352451|
1352452|
1352453|
1352454|
1352455|
1352480|
1352481|
1352482|
1352483|
1352484|
1352485|
1352486|
1352487|
1352512|
1352513|
1352514|
1352515|
1352516|
1352517|
1352518|
1352519|
1352544|
1352545|
1352546|
1352547|
1352548|
1352549|
1352550|
1352551|
1352576|
1352577|
1352578|
1352579|
1352580|
1352581|
1352582|
1352583|
1352608|
1352609|
1352610|
1352611|
1352612|
1352613|
1352614|
1352615|
1352640|
1352641|
1352642|
1352643|
1352644|
1352645|
1352646|
1352647|
1352672|
1352673|
1352674|
1352675|
1352676|
1352677|
1352678|
1352679|
1352704|
1352705|
1352706|
1352707|
1352708|
1352709|
1352710|
1352711|
1352736|
1352737|
1352738|
1352739|
1352740|
1352741|
1352742|
1352743|
1352768|
1352769|
1352770|
1352771|
1352772|
1352773|
1352774|
1352775|
1352800|
1352801|
1352802|
1352803|
1352804|
1352805|
1352806|
1352807|
1352832|
1352833|
1352834|
1352835|
1352836|
1352837|
1352838|
1352839|
1352864|
1352865|
1352866|
1352867|
1352868|
1352869|
1352870|
1352871|
1352896|
1352897|
1352898|
1352899|
1352900|
1352901|
1352902|
1352903|
1352928|
1352929|
1352930|
1352931|
1352932|
1352933|
1352934|
1352935|
1352960|
1352961|
1352962|
1352963|
1352964|
1352965|
1352966|
1352967|
1352992|
1352993|
1352994|
1352995|
1352996|
1352997|
1352998|
1352999|
1353024|
1353025|
1353026|
1353027|
1353028|
1353029|
1353030|
1353031|
1353056|
1353057|
1353058|
1353059|
1353060|
1353061|
1353062|
1353063|
1353088|
1353089|
1353090|
1353091|
1353092|
1353093|
1353094|
1353095|
1353120|
1353121|
1353122|
1353123|
1353124|
1353125|
1353126|
1353127|
1353152|
1353153|
1353154|
1353155|
1353156|
1353157|
1353158|
1353159|
1353184|
1353185|
1353186|
1353187|
1353188|
1353189|
1353190|
1353191|
1353216|
1353217|
1353218|
1353219|
1353220|
1353221|
1353222|
1353223|
1353248|
1353249|
1353250|
1353251|
1353252|
1353253|
1353254|
1353255|
1353280|
1353281|
1353282|
1353283|
1353284|
1353285|
1353286|
1353287|
1353312|
1353313|
1353314|
1353315|
1353316|
1353317|
1353318|
1353319|
1353344|
1353345|
1353346|
1353347|
1353348|
1353349|
1353350|
1353351|
1353376|
1353377|
1353378|
1353379|
1353380|
1353381|
1353382|
1353383|
1353408|
1353409|
1353410|
1353411|
1353412|
1353413|
1353414|
1353415|
1353440|
1353441|
1353442|
1353443|
1353444|
1353445|
1353446|
1353447|
1353472|
1353473|
1353474|
1353475|
1353476|
1353477|
1353478|
1353479|
1353504|
1353505|
1353506|
1353507|
1353508|
1353509|
1353510|
1353511|
1353536|
1353537|
1353538|
1353539|
1353540|
1353541|
1353542|
1353543|
1353568|
1353569|
1353570|
1353571|
1353572|
1353573|
1353574|
1353575|
1353600|
1353601|
1353602|
1353603|
1353604|
1353605|
1353606|
1353607|
1353632|
1353633|
1353634|
1353635|
1353636|
1353637|
1353638|
1353639|
1353664|
1353665|
1353666|
1353667|
1353668|
1353669|
1353670|
1353671|
1353696|
1353697|
1353698|
1353699|
1353700|
1353701|
1353702|
1353703|
1353728|
1353729|
1353730|
1353731|
1353732|
1353733|
1353734|
1353735|
1353760|
1353761|
1353762|
1353763|
1353764|
1353765|
1353766|
1353767|
1353792|
1353793|
1353794|
1353795|
1353796|
1353797|
1353798|
1353799|
1353824|
1353825|
1353826|
1353827|
1353828|
1353829|
1353830|
1353831|
1353856|
1353857|
1353858|
1353859|
1353860|
1353861|
1353862|
1353863|
1353888|
1353889|
1353890|
1353891|
1353892|
1353893|
1353894|
1353895|
1353920|
1353921|
1353922|
1353923|
1353924|
1353925|
1353926|
1353927|
1353952|
1353953|
1353954|
1353955|
1353956|
1353957|
1353958|
1353959|
1353984|
1353985|
1353986|
1353987|
1353988|
1353989|
1353990|
1353991|
1354016|
1354017|
1354018|
1354019|
1354020|
1354021|
1354022|
1354023|
1354048|
1354049|
1354050|
1354051|
1354052|
1354053|
1354054|
1354055|
1354080|
1354081|
1354082|
1354083|
1354084|
1354085|
1354086|
1354087|
1354112|
1354113|
1354114|
1354115|
1354116|
1354117|
1354118|
1354119|
1354144|
1354145|
1354146|
1354147|
1354148|
1354149|
1354150|
1354151|
1354176|
1354177|
1354178|
1354179|
1354180|
1354181|
1354182|
1354183|
1354208|
1354209|
1354210|
1354211|
1354212|
1354213|
1354214|
1354215|
1354240|
1354241|
1354242|
1354243|
1354244|
1354245|
1354246|
1354247|
1354272|
1354273|
1354274|
1354275|
1354276|
1354277|
1354278|
1354279|
1354304|
1354305|
1354306|
1354307|
1354308|
1354309|
1354310|
1354311|
1354336|
1354337|
1354338|
1354339|
1354340|
1354341|
1354342|
1354343|
1354368|
1354369|
1354370|
1354371|
1354372|
1354373|
1354374|
1354375|
1354400|
1354401|
1354402|
1354403|
1354404|
1354405|
1354406|
1354407|
1354432|
1354433|
1354434|
1354435|
1354436|
1354437|
1354438|
1354439|
1354464|
1354465|
1354466|
1354467|
1354468|
1354469|
1354470|
1354471|
1354496|
1354497|
1354498|
1354499|
1354500|
1354501|
1354502|
1354503|
1354528|
1354529|
1354530|
1354531|
1354532|
1354533|
1354534|
1354535|
1354560|
1354561|
1354562|
1354563|
1354564|
1354565|
1354566|
1354567|
1354592|
1354593|
1354594|
1354595|
1354596|
1354597|
1354598|
1354599|
1354624|
1354625|
1354626|
1354627|
1354628|
1354629|
1354630|
1354631|
1354656|
1354657|
1354658|
1354659|
1354660|
1354661|
1354662|
1354663|
1354688|
1354689|
1354690|
1354691|
1354692|
1354693|
1354694|
1354695|
1354720|
1354721|
1354722|
1354723|
1354724|
1354725|
1354726|
1354727|
1354752|
1354753|
1354754|
1354755|
1354756|
1354757|
1354758|
1354759|
1354784|
1354785|
1354786|
1354787|
1354788|
1354789|
1354790|
1354791|
1354816|
1354817|
1354818|
1354819|
1354820|
1354821|
1354822|
1354823|
1354848|
1354849|
1354850|
1354851|
1354852|
1354853|
1354854|
1354855|
1354880|
1354881|
1354882|
1354883|
1354884|
1354885|
1354886|
1354887|
1354912|
1354913|
1354914|
1354915|
1354916|
1354917|
1354918|
1354919|
1354944|
1354945|
1354946|
1354947|
1354948|
1354949|
1354950|
1354951|
1354976|
1354977|
1354978|
1354979|
1354980|
1354981|
1354982|
1354983|
1355008|
1355009|
1355010|
1355011|
1355012|
1355013|
1355014|
1355015|
1355040|
1355041|
1355042|
1355043|
1355044|
1355045|
1355046|
1355047|
1355072|
1355073|
1355074|
1355075|
1355076|
1355077|
1355078|
1355079|
1355104|
1355105|
1355106|
1355107|
1355108|
1355109|
1355110|
1355111|
1355136|
1355137|
1355138|
1355139|
1355140|
1355141|
1355142|
1355143|
1355168|
1355169|
1355170|
1355171|
1355172|
1355173|
1355174|
1355175|
1355200|
1355201|
1355202|
1355203|
1355204|
1355205|
1355206|
1355207|
1355232|
1355233|
1355234|
1355235|
1355236|
1355237|
1355238|
1355239|
1355264|
1355265|
1355266|
1355267|
1355268|
1355269|
1355270|
1355271|
1355296|
1355297|
1355298|
1355299|
1355300|
1355301|
1355302|
1355303|
1355328|
1355329|
1355330|
1355331|
1355332|
1355333|
1355334|
1355335|
1355360|
1355361|
1355362|
1355363|
1355364|
1355365|
1355366|
1355367|
1355392|
1355393|
1355394|
1355395|
1355396|
1355397|
1355398|
1355399|
1355424|
1355425|
1355426|
1355427|
1355428|
1355429|
1355430|
1355431|
1355456|
1355457|
1355458|
1355459|
1355460|
1355461|
1355462|
1355463|
1355488|
1355489|
1355490|
1355491|
1355492|
1355493|
1355494|
1355495|
1355520|
1355521|
1355522|
1355523|
1355524|
1355525|
1355526|
1355527|
1355552|
1355553|
1355554|
1355555|
1355556|
1355557|
1355558|
1355559|
1355584|
1355585|
1355586|
1355587|
1355588|
1355589|
1355590|
1355591|
1355616|
1355617|
1355618|
1355619|
1355620|
1355621|
1355622|
1355623|
1355648|
1355649|
1355650|
1355651|
1355652|
1355653|
1355654|
1355655|
1355680|
1355681|
1355682|
1355683|
1355684|
1355685|
1355686|
1355687|
1355712|
1355713|
1355714|
1355715|
1355716|
1355717|
1355718|
1355719|
1355744|
1355745|
1355746|
1355747|
1355748|
1355749|
1355750|
1355751|
1355776|
1355777|
1355778|
1355779|
1355780|
1355781|
1355782|
1355783|
1355808|
1355809|
1355810|
1355811|
1355812|
1355813|
1355814|
1355815|
1355840|
1355841|
1355842|
1355843|
1355844|
1355845|
1355846|
1355847|
1355872|
1355873|
1355874|
1355875|
1355876|
1355877|
1355878|
1355879|
1355904|
1355905|
1355906|
1355907|
1355908|
1355909|
1355910|
1355911|
1355936|
1355937|
1355938|
1355939|
1355940|
1355941|
1355942|
1355943|
1355968|
1355969|
1355970|
1355971|
1355972|
1355973|
1355974|
1355975|
1356000|
