2333989|
2333990|
2333991|
2334016|
2334017|
2334018|
2334019|
2334020|
2334021|
2334022|
2334023|
2334048|
2334049|
2334050|
2334051|
2334052|
2334053|
2334054|
2334055|
2334080|
2334081|
2334082|
2334083|
2334084|
2334085|
2334086|
2334087|
2334112|
2334113|
2334114|
2334115|
2334116|
2334117|
2334118|
2334119|
2334144|
2334145|
2334146|
2334147|
2334148|
2334149|
2334150|
2334151|
2334176|
2334177|
2334178|
2334179|
2334180|
2334181|
2334182|
2334183|
2334208|
2334209|
2334210|
2334211|
2334212|
2334213|
2334214|
2334215|
2334240|
2334241|
2334242|
2334243|
2334244|
2334245|
2334246|
2334247|
2334272|
2334273|
2334274|
2334275|
2334276|
2334277|
2334278|
2334279|
2334304|
2334305|
2334306|
2334307|
2334308|
2334309|
2334310|
2334311|
2334336|
2334337|
2334338|
2334339|
2334340|
2334341|
2334342|
2334343|
2334368|
2334369|
2334370|
2334371|
2334372|
2334373|
2334374|
2334375|
2334400|
2334401|
2334402|
2334403|
2334404|
2334405|
2334406|
2334407|
2334432|
2334433|
2334434|
2334435|
2334436|
2334437|
2334438|
2334439|
2334464|
2334465|
2334466|
2334467|
2334468|
2334469|
2334470|
2334471|
2334496|
2334497|
2334498|
2334499|
2334500|
2334501|
2334502|
2334503|
2334528|
2334529|
2334530|
2334531|
2334532|
2334533|
2334534|
2334535|
2334560|
2334561|
2334562|
2334563|
2334564|
2334565|
2334566|
2334567|
2334592|
2334593|
2334594|
2334595|
2334596|
2334597|
2334598|
2334599|
2334624|
2334625|
2334626|
2334627|
2334628|
2334629|
2334630|
2334631|
2334656|
2334657|
2334658|
2334659|
2334660|
2334661|
2334662|
2334663|
2334688|
2334689|
2334690|
2334691|
2334692|
2334693|
2334694|
2334695|
2334720|
2334721|
2334722|
2334723|
2334724|
2334725|
2334726|
2334727|
2334752|
2334753|
2334754|
2334755|
2334756|
2334757|
2334758|
2334759|
2334784|
2334785|
2334786|
2334787|
2334788|
2334789|
2334790|
2334791|
2334816|
2334817|
2334818|
2334819|
2334820|
2334821|
2334822|
2334823|
2334848|
2334849|
2334850|
2334851|
2334852|
2334853|
2334854|
2334855|
2334880|
2334881|
2334882|
2334883|
2334884|
2334885|
2334886|
2334887|
2334912|
2334913|
2334914|
2334915|
2334916|
2334917|
2334918|
2334919|
2334944|
2334945|
2334946|
2334947|
2334948|
2334949|
2334950|
2334951|
2334976|
2334977|
2334978|
2334979|
2334980|
2334981|
2334982|
2334983|
2335008|
2335009|
2335010|
2335011|
2335012|
2335013|
2335014|
2335015|
2335040|
2335041|
2335042|
2335043|
2335044|
2335045|
2335046|
2335047|
2335072|
2335073|
2335074|
2335075|
2335076|
2335077|
2335078|
2335079|
2335104|
2335105|
2335106|
2335107|
2335108|
2335109|
2335110|
2335111|
2335136|
2335137|
2335138|
2335139|
2335140|
2335141|
2335142|
2335143|
2335168|
2335169|
2335170|
2335171|
2335172|
2335173|
2335174|
2335175|
2335200|
2335201|
2335202|
2335203|
2335204|
2335205|
2335206|
2335207|
2335232|
2335233|
2335234|
2335235|
2335236|
2335237|
2335238|
2335239|
2335264|
2335265|
2335266|
2335267|
2335268|
2335269|
2335270|
2335271|
2335296|
2335297|
2335298|
2335299|
2335300|
2335301|
2335302|
2335303|
2335328|
2335329|
2335330|
2335331|
2335332|
2335333|
2335334|
2335335|
2335360|
2335361|
2335362|
2335363|
2335364|
2335365|
2335366|
2335367|
2335392|
2335393|
2335394|
2335395|
2335396|
2335397|
2335398|
2335399|
2335424|
2335425|
2335426|
2335427|
2335428|
2335429|
2335430|
2335431|
2335456|
2335457|
2335458|
2335459|
2335460|
2335461|
2335462|
2335463|
2335488|
2335489|
2335490|
2335491|
2335492|
2335493|
2335494|
2335495|
2335520|
2335521|
2335522|
2335523|
2335524|
2335525|
2335526|
2335527|
2335552|
2335553|
2335554|
2335555|
2335556|
2335557|
2335558|
2335559|
2335584|
2335585|
2335586|
2335587|
2335588|
2335589|
2335590|
2335591|
2335616|
2335617|
2335618|
2335619|
2335620|
2335621|
2335622|
2335623|
2335648|
2335649|
2335650|
2335651|
2335652|
2335653|
2335654|
2335655|
2335680|
2335681|
2335682|
2335683|
2335684|
2335685|
2335686|
2335687|
2335712|
2335713|
2335714|
2335715|
2335716|
2335717|
2335718|
2335719|
2335744|
2335745|
2335746|
2335747|
2335748|
2335749|
2335750|
2335751|
2335776|
2335777|
2335778|
2335779|
2335780|
2335781|
2335782|
2335783|
2335808|
2335809|
2335810|
2335811|
2335812|
2335813|
2335814|
2335815|
2335840|
2335841|
2335842|
2335843|
2335844|
2335845|
2335846|
2335847|
2335872|
2335873|
2335874|
2335875|
2335876|
2335877|
2335878|
2335879|
2335904|
2335905|
2335906|
2335907|
2335908|
2335909|
2335910|
2335911|
2335936|
2335937|
2335938|
2335939|
2335940|
2335941|
2335942|
2335943|
2335968|
2335969|
2335970|
2335971|
2335972|
2335973|
2335974|
2335975|
2336000|
2336001|
2336002|
2336003|
2336004|
2336005|
2336006|
2336007|
2336032|
2336033|
2336034|
2336035|
2336036|
2336037|
2336038|
2336039|
2336064|
2336065|
2336066|
2336067|
2336068|
2336069|
2336070|
2336071|
2336096|
2336097|
2336098|
2336099|
2336100|
2336101|
2336102|
2336103|
2336128|
2336129|
2336130|
2336131|
2336132|
2336133|
2336134|
2336135|
2336160|
2336161|
2336162|
2336163|
2336164|
2336165|
2336166|
2336167|
2336192|
2336193|
2336194|
2336195|
2336196|
2336197|
2336198|
2336199|
2336224|
2336225|
2336226|
2336227|
2336228|
2336229|
2336230|
2336231|
2336256|
2336257|
2336258|
2336259|
2336260|
2336261|
2336262|
2336263|
2336288|
2336289|
2336290|
2336291|
2336292|
2336293|
2336294|
2336295|
2336320|
2336321|
2336322|
2336323|
2336324|
2336325|
2336326|
2336327|
2336352|
2336353|
2336354|
2336355|
2336356|
2336357|
2336358|
2336359|
2336384|
2336385|
2336386|
2336387|
2336388|
2336389|
2336390|
2336391|
2336416|
2336417|
2336418|
2336419|
2336420|
2336421|
2336422|
2336423|
2336448|
2336449|
2336450|
2336451|
2336452|
2336453|
2336454|
2336455|
2336480|
2336481|
2336482|
2336483|
2336484|
2336485|
2336486|
2336487|
2336512|
2336513|
2336514|
2336515|
2336516|
2336517|
2336518|
2336519|
2336544|
2336545|
2336546|
2336547|
2336548|
2336549|
2336550|
2336551|
2336576|
2336577|
2336578|
2336579|
2336580|
2336581|
2336582|
2336583|
2336608|
2336609|
2336610|
2336611|
2336612|
2336613|
2336614|
2336615|
2336640|
2336641|
2336642|
2336643|
2336644|
2336645|
2336646|
2336647|
2336672|
2336673|
2336674|
2336675|
2336676|
2336677|
2336678|
2336679|
2336704|
2336705|
2336706|
2336707|
2336708|
2336709|
2336710|
2336711|
2336736|
2336737|
2336738|
2336739|
2336740|
2336741|
2336742|
2336743|
2336768|
2336769|
2336770|
2336771|
2336772|
2336773|
2336774|
2336775|
2336800|
2336801|
2336802|
2336803|
2336804|
2336805|
2336806|
2336807|
2336832|
2336833|
2336834|
2336835|
2336836|
2336837|
2336838|
2336839|
2336864|
2336865|
2336866|
2336867|
2336868|
2336869|
2336870|
2336871|
2336896|
2336897|
2336898|
2336899|
2336900|
2336901|
2336902|
2336903|
2336928|
2336929|
2336930|
2336931|
2336932|
2336933|
2336934|
2336935|
2336960|
2336961|
2336962|
2336963|
2336964|
2336965|
2336966|
2336967|
2336992|
2336993|
2336994|
2336995|
2336996|
2336997|
2336998|
2336999|
2337024|
2337025|
2337026|
2337027|
2337028|
2337029|
2337030|
2337031|
2337056|
2337057|
2337058|
2337059|
2337060|
2337061|
2337062|
2337063|
2337088|
2337089|
2337090|
2337091|
2337092|
2337093|
2337094|
2337095|
2337120|
2337121|
2337122|
2337123|
2337124|
2337125|
2337126|
2337127|
2337152|
2337153|
2337154|
2337155|
2337156|
2337157|
2337158|
2337159|
2337184|
2337185|
2337186|
2337187|
2337188|
2337189|
2337190|
2337191|
2337216|
2337217|
2337218|
2337219|
2337220|
2337221|
2337222|
2337223|
2337248|
2337249|
2337250|
2337251|
2337252|
2337253|
2337254|
2337255|
2337280|
2337281|
2337282|
2337283|
2337284|
2337285|
2337286|
2337287|
2337312|
2337313|
2337314|
2337315|
2337316|
2337317|
2337318|
2337319|
2337344|
2337345|
2337346|
2337347|
2337348|
2337349|
2337350|
2337351|
2337376|
2337377|
2337378|
2337379|
2337380|
2337381|
2337382|
2337383|
2337408|
2337409|
2337410|
2337411|
2337412|
2337413|
2337414|
2337415|
2337440|
2337441|
2337442|
2337443|
2337444|
2337445|
2337446|
2337447|
2337472|
2337473|
2337474|
2337475|
2337476|
2337477|
2337478|
2337479|
2337504|
2337505|
2337506|
2337507|
2337508|
2337509|
2337510|
2337511|
2337536|
2337537|
2337538|
2337539|
2337540|
2337541|
2337542|
2337543|
2337568|
2337569|
2337570|
2337571|
2337572|
2337573|
2337574|
2337575|
2337600|
2337601|
2337602|
2337603|
2337604|
2337605|
2337606|
2337607|
2337632|
2337633|
2337634|
2337635|
2337636|
2337637|
2337638|
2337639|
2337664|
2337665|
2337666|
2337667|
2337668|
2337669|
2337670|
2337671|
2337696|
2337697|
2337698|
2337699|
2337700|
2337701|
2337702|
2337703|
2337728|
2337729|
2337730|
2337731|
2337732|
2337733|
2337734|
2337735|
2337760|
2337761|
2337762|
2337763|
2337764|
2337765|
2337766|
2337767|
2337792|
2337793|
2337794|
2337795|
2337796|
2337797|
2337798|
2337799|
2337824|
2337825|
2337826|
2337827|
2337828|
2337829|
2337830|
2337831|
2337856|
2337857|
2337858|
2337859|
2337860|
2337861|
2337862|
2337863|
2337888|
2337889|
2337890|
2337891|
2337892|
2337893|
2337894|
2337895|
2337920|
2337921|
2337922|
2337923|
2337924|
2337925|
2337926|
2337927|
2337952|
2337953|
2337954|
2337955|
2337956|
2337957|
2337958|
2337959|
2337984|
2337985|
2337986|
2337987|
2337988|
2337989|
2337990|
2337991|
2338016|
2338017|
2338018|
2338019|
2338020|
2338021|
2338022|
2338023|
2338048|
2338049|
2338050|
2338051|
2338052|
2338053|
2338054|
2338055|
2338080|
2338081|
2338082|
2338083|
2338084|
2338085|
2338086|
2338087|
2338112|
2338113|
2338114|
2338115|
2338116|
2338117|
2338118|
2338119|
2338144|
2338145|
2338146|
2338147|
2338148|
2338149|
2338150|
2338151|
2338176|
2338177|
2338178|
2338179|
2338180|
2338181|
2338182|
2338183|
2338208|
2338209|
2338210|
2338211|
2338212|
2338213|
2338214|
2338215|
2338240|
2338241|
2338242|
2338243|
2338244|
2338245|
2338246|
2338247|
2338272|
2338273|
2338274|
2338275|
2338276|
2338277|
2338278|
2338279|
2338304|
2338305|
2338306|
2338307|
2338308|
2338309|
2338310|
2338311|
2338336|
2338337|
2338338|
2338339|
2338340|
2338341|
2338342|
2338343|
2338368|
2338369|
2338370|
2338371|
2338372|
2338373|
2338374|
2338375|
2338400|
2338401|
2338402|
2338403|
2338404|
2338405|
2338406|
2338407|
2338432|
2338433|
2338434|
2338435|
2338436|
2338437|
2338438|
2338439|
2338464|
2338465|
2338466|
2338467|
2338468|
2338469|
2338470|
2338471|
2338496|
2338497|
2338498|
2338499|
2338500|
2338501|
2338502|
2338503|
2338528|
2338529|
2338530|
2338531|
2338532|
2338533|
2338534|
2338535|
2338560|
2338561|
2338562|
2338563|
2338564|
2338565|
2338566|
2338567|
2338592|
2338593|
2338594|
2338595|
2338596|
2338597|
2338598|
2338599|
2338624|
2338625|
2338626|
2338627|
2338628|
2338629|
2338630|
2338631|
2338656|
2338657|
2338658|
2338659|
2338660|
2338661|
2338662|
2338663|
2338688|
2338689|
2338690|
2338691|
2338692|
2338693|
2338694|
2338695|
2338720|
2338721|
2338722|
2338723|
2338724|
2338725|
2338726|
2338727|
2338752|
2338753|
2338754|
2338755|
2338756|
2338757|
2338758|
2338759|
2338784|
2338785|
2338786|
2338787|
2338788|
2338789|
2338790|
2338791|
2338816|
2338817|
2338818|
2338819|
2338820|
2338821|
2338822|
2338823|
2338848|
2338849|
2338850|
2338851|
2338852|
2338853|
2338854|
2338855|
2338880|
2338881|
2338882|
2338883|
2338884|
2338885|
2338886|
2338887|
2338912|
2338913|
2338914|
2338915|
2338916|
2338917|
2338918|
2338919|
2338944|
2338945|
2338946|
2338947|
2338948|
2338949|
2338950|
2338951|
2338976|
2338977|
2338978|
2338979|
2338980|
2338981|
2338982|
2338983|
2339008|
2339009|
2339010|
2339011|
2339012|
2339013|
2339014|
2339015|
2339040|
2339041|
2339042|
2339043|
2339044|
2339045|
2339046|
2339047|
2339072|
2339073|
2339074|
2339075|
2339076|
2339077|
2339078|
2339079|
2339104|
2339105|
2339106|
2339107|
2339108|
2339109|
2339110|
2339111|
2339136|
2339137|
2339138|
2339139|
2339140|
2339141|
2339142|
2339143|
2339168|
2339169|
2339170|
2339171|
2339172|
2339173|
2339174|
2339175|
2339200|
2339201|
2339202|
2339203|
2339204|
2339205|
2339206|
2339207|
2339232|
2339233|
2339234|
2339235|
2339236|
2339237|
2339238|
2339239|
2339264|
2339265|
2339266|
2339267|
2339268|
2339269|
2339270|
2339271|
2339296|
2339297|
2339298|
2339299|
2339300|
2339301|
2339302|
2339303|
2339328|
2339329|
2339330|
2339331|
2339332|
2339333|
2339334|
2339335|
2339360|
2339361|
2339362|
2339363|
2339364|
2339365|
2339366|
2339367|
2339392|
2339393|
2339394|
2339395|
2339396|
2339397|
2339398|
2339399|
2339424|
2339425|
2339426|
2339427|
2339428|
2339429|
2339430|
2339431|
2339456|
2339457|
2339458|
2339459|
2339460|
2339461|
2339462|
2339463|
2339488|
2339489|
2339490|
2339491|
2339492|
2339493|
2339494|
2339495|
2339520|
2339521|
2339522|
2339523|
2339524|
2339525|
2339526|
2339527|
2339552|
2339553|
2339554|
2339555|
2339556|
2339557|
2339558|
2339559|
2339584|
2339585|
2339586|
2339587|
2339588|
2339589|
2339590|
2339591|
2339616|
2339617|
2339618|
2339619|
2339620|
2339621|
2339622|
2339623|
2339648|
2339649|
2339650|
2339651|
2339652|
2339653|
2339654|
2339655|
2339680|
2339681|
2339682|
2339683|
2339684|
2339685|
2339686|
2339687|
2339712|
2339713|
2339714|
2339715|
2339716|
2339717|
2339718|
2339719|
2339744|
2339745|
2339746|
2339747|
2339748|
2339749|
2339750|
2339751|
2339776|
2339777|
2339778|
2339779|
2339780|
2339781|
2339782|
2339783|
2339808|
2339809|
2339810|
2339811|
2339812|
2339813|
2339814|
2339815|
2339840|
2339841|
2339842|
2339843|
2339844|
2339845|
2339846|
2339847|
2339872|
2339873|
2339874|
2339875|
2339876|
2339877|
2339878|
2339879|
2339904|
2339905|
2339906|
2339907|
2339908|
2339909|
2339910|
2339911|
2339936|
2339937|
2339938|
2339939|
2339940|
2339941|
2339942|
2339943|
2339968|
2339969|
2339970|
2339971|
2339972|
2339973|
2339974|
2339975|
2340000|
