408001|
408002|
408003|
408004|
408005|
408006|
408007|
408032|
408033|
408034|
408035|
408036|
408037|
408038|
408039|
408064|
408065|
408066|
408067|
408068|
408069|
408070|
408071|
408096|
408097|
408098|
408099|
408100|
408101|
408102|
408103|
408128|
408129|
408130|
408131|
408132|
408133|
408134|
408135|
408160|
408161|
408162|
408163|
408164|
408165|
408166|
408167|
408192|
408193|
408194|
408195|
408196|
408197|
408198|
408199|
408224|
408225|
408226|
408227|
408228|
408229|
408230|
408231|
408256|
408257|
408258|
408259|
408260|
408261|
408262|
408263|
408288|
408289|
408290|
408291|
408292|
408293|
408294|
408295|
408320|
408321|
408322|
408323|
408324|
408325|
408326|
408327|
408352|
408353|
408354|
408355|
408356|
408357|
408358|
408359|
408384|
408385|
408386|
408387|
408388|
408389|
408390|
408391|
408416|
408417|
408418|
408419|
408420|
408421|
408422|
408423|
408448|
408449|
408450|
408451|
408452|
408453|
408454|
408455|
408480|
408481|
408482|
408483|
408484|
408485|
408486|
408487|
408512|
408513|
408514|
408515|
408516|
408517|
408518|
408519|
408544|
408545|
408546|
408547|
408548|
408549|
408550|
408551|
408576|
408577|
408578|
408579|
408580|
408581|
408582|
408583|
408608|
408609|
408610|
408611|
408612|
408613|
408614|
408615|
408640|
408641|
408642|
408643|
408644|
408645|
408646|
408647|
408672|
408673|
408674|
408675|
408676|
408677|
408678|
408679|
408704|
408705|
408706|
408707|
408708|
408709|
408710|
408711|
408736|
408737|
408738|
408739|
408740|
408741|
408742|
408743|
408768|
408769|
408770|
408771|
408772|
408773|
408774|
408775|
408800|
408801|
408802|
408803|
408804|
408805|
408806|
408807|
408832|
408833|
408834|
408835|
408836|
408837|
408838|
408839|
408864|
408865|
408866|
408867|
408868|
408869|
408870|
408871|
408896|
408897|
408898|
408899|
408900|
408901|
408902|
408903|
408928|
408929|
408930|
408931|
408932|
408933|
408934|
408935|
408960|
408961|
408962|
408963|
408964|
408965|
408966|
408967|
408992|
408993|
408994|
408995|
408996|
408997|
408998|
408999|
409024|
409025|
409026|
409027|
409028|
409029|
409030|
409031|
409056|
409057|
409058|
409059|
409060|
409061|
409062|
409063|
409088|
409089|
409090|
409091|
409092|
409093|
409094|
409095|
409120|
409121|
409122|
409123|
409124|
409125|
409126|
409127|
409152|
409153|
409154|
409155|
409156|
409157|
409158|
409159|
409184|
409185|
409186|
409187|
409188|
409189|
409190|
409191|
409216|
409217|
409218|
409219|
409220|
409221|
409222|
409223|
409248|
409249|
409250|
409251|
409252|
409253|
409254|
409255|
409280|
409281|
409282|
409283|
409284|
409285|
409286|
409287|
409312|
409313|
409314|
409315|
409316|
409317|
409318|
409319|
409344|
409345|
409346|
409347|
409348|
409349|
409350|
409351|
409376|
409377|
409378|
409379|
409380|
409381|
409382|
409383|
409408|
409409|
409410|
409411|
409412|
409413|
409414|
409415|
409440|
409441|
409442|
409443|
409444|
409445|
409446|
409447|
409472|
409473|
409474|
409475|
409476|
409477|
409478|
409479|
409504|
409505|
409506|
409507|
409508|
409509|
409510|
409511|
409536|
409537|
409538|
409539|
409540|
409541|
409542|
409543|
409568|
409569|
409570|
409571|
409572|
409573|
409574|
409575|
409600|
409601|
409602|
409603|
409604|
409605|
409606|
409607|
409632|
409633|
409634|
409635|
409636|
409637|
409638|
409639|
409664|
409665|
409666|
409667|
409668|
409669|
409670|
409671|
409696|
409697|
409698|
409699|
409700|
409701|
409702|
409703|
409728|
409729|
409730|
409731|
409732|
409733|
409734|
409735|
409760|
409761|
409762|
409763|
409764|
409765|
409766|
409767|
409792|
409793|
409794|
409795|
409796|
409797|
409798|
409799|
409824|
409825|
409826|
409827|
409828|
409829|
409830|
409831|
409856|
409857|
409858|
409859|
409860|
409861|
409862|
409863|
409888|
409889|
409890|
409891|
409892|
409893|
409894|
409895|
409920|
409921|
409922|
409923|
409924|
409925|
409926|
409927|
409952|
409953|
409954|
409955|
409956|
409957|
409958|
409959|
409984|
409985|
409986|
409987|
409988|
409989|
409990|
409991|
410016|
410017|
410018|
410019|
410020|
410021|
410022|
410023|
410048|
410049|
410050|
410051|
410052|
410053|
410054|
410055|
410080|
410081|
410082|
410083|
410084|
410085|
410086|
410087|
410112|
410113|
410114|
410115|
410116|
410117|
410118|
410119|
410144|
410145|
410146|
410147|
410148|
410149|
410150|
410151|
410176|
410177|
410178|
410179|
410180|
410181|
410182|
410183|
410208|
410209|
410210|
410211|
410212|
410213|
410214|
410215|
410240|
410241|
410242|
410243|
410244|
410245|
410246|
410247|
410272|
410273|
410274|
410275|
410276|
410277|
410278|
410279|
410304|
410305|
410306|
410307|
410308|
410309|
410310|
410311|
410336|
410337|
410338|
410339|
410340|
410341|
410342|
410343|
410368|
410369|
410370|
410371|
410372|
410373|
410374|
410375|
410400|
410401|
410402|
410403|
410404|
410405|
410406|
410407|
410432|
410433|
410434|
410435|
410436|
410437|
410438|
410439|
410464|
410465|
410466|
410467|
410468|
410469|
410470|
410471|
410496|
410497|
410498|
410499|
410500|
410501|
410502|
410503|
410528|
410529|
410530|
410531|
410532|
410533|
410534|
410535|
410560|
410561|
410562|
410563|
410564|
410565|
410566|
410567|
410592|
410593|
410594|
410595|
410596|
410597|
410598|
410599|
410624|
410625|
410626|
410627|
410628|
410629|
410630|
410631|
410656|
410657|
410658|
410659|
410660|
410661|
410662|
410663|
410688|
410689|
410690|
410691|
410692|
410693|
410694|
410695|
410720|
410721|
410722|
410723|
410724|
410725|
410726|
410727|
410752|
410753|
410754|
410755|
410756|
410757|
410758|
410759|
410784|
410785|
410786|
410787|
410788|
410789|
410790|
410791|
410816|
410817|
410818|
410819|
410820|
410821|
410822|
410823|
410848|
410849|
410850|
410851|
410852|
410853|
410854|
410855|
410880|
410881|
410882|
410883|
410884|
410885|
410886|
410887|
410912|
410913|
410914|
410915|
410916|
410917|
410918|
410919|
410944|
410945|
410946|
410947|
410948|
410949|
410950|
410951|
410976|
410977|
410978|
410979|
410980|
410981|
410982|
410983|
411008|
411009|
411010|
411011|
411012|
411013|
411014|
411015|
411040|
411041|
411042|
411043|
411044|
411045|
411046|
411047|
411072|
411073|
411074|
411075|
411076|
411077|
411078|
411079|
411104|
411105|
411106|
411107|
411108|
411109|
411110|
411111|
411136|
411137|
411138|
411139|
411140|
411141|
411142|
411143|
411168|
411169|
411170|
411171|
411172|
411173|
411174|
411175|
411200|
411201|
411202|
411203|
411204|
411205|
411206|
411207|
411232|
411233|
411234|
411235|
411236|
411237|
411238|
411239|
411264|
411265|
411266|
411267|
411268|
411269|
411270|
411271|
411296|
411297|
411298|
411299|
411300|
411301|
411302|
411303|
411328|
411329|
411330|
411331|
411332|
411333|
411334|
411335|
411360|
411361|
411362|
411363|
411364|
411365|
411366|
411367|
411392|
411393|
411394|
411395|
411396|
411397|
411398|
411399|
411424|
411425|
411426|
411427|
411428|
411429|
411430|
411431|
411456|
411457|
411458|
411459|
411460|
411461|
411462|
411463|
411488|
411489|
411490|
411491|
411492|
411493|
411494|
411495|
411520|
411521|
411522|
411523|
411524|
411525|
411526|
411527|
411552|
411553|
411554|
411555|
411556|
411557|
411558|
411559|
411584|
411585|
411586|
411587|
411588|
411589|
411590|
411591|
411616|
411617|
411618|
411619|
411620|
411621|
411622|
411623|
411648|
411649|
411650|
411651|
411652|
411653|
411654|
411655|
411680|
411681|
411682|
411683|
411684|
411685|
411686|
411687|
411712|
411713|
411714|
411715|
411716|
411717|
411718|
411719|
411744|
411745|
411746|
411747|
411748|
411749|
411750|
411751|
411776|
411777|
411778|
411779|
411780|
411781|
411782|
411783|
411808|
411809|
411810|
411811|
411812|
411813|
411814|
411815|
411840|
411841|
411842|
411843|
411844|
411845|
411846|
411847|
411872|
411873|
411874|
411875|
411876|
411877|
411878|
411879|
411904|
411905|
411906|
411907|
411908|
411909|
411910|
411911|
411936|
411937|
411938|
411939|
411940|
411941|
411942|
411943|
411968|
411969|
411970|
411971|
411972|
411973|
411974|
411975|
412000|
412001|
412002|
412003|
412004|
412005|
412006|
412007|
412032|
412033|
412034|
412035|
412036|
412037|
412038|
412039|
412064|
412065|
412066|
412067|
412068|
412069|
412070|
412071|
412096|
412097|
412098|
412099|
412100|
412101|
412102|
412103|
412128|
412129|
412130|
412131|
412132|
412133|
412134|
412135|
412160|
412161|
412162|
412163|
412164|
412165|
412166|
412167|
412192|
412193|
412194|
412195|
412196|
412197|
412198|
412199|
412224|
412225|
412226|
412227|
412228|
412229|
412230|
412231|
412256|
412257|
412258|
412259|
412260|
412261|
412262|
412263|
412288|
412289|
412290|
412291|
412292|
412293|
412294|
412295|
412320|
412321|
412322|
412323|
412324|
412325|
412326|
412327|
412352|
412353|
412354|
412355|
412356|
412357|
412358|
412359|
412384|
412385|
412386|
412387|
412388|
412389|
412390|
412391|
412416|
412417|
412418|
412419|
412420|
412421|
412422|
412423|
412448|
412449|
412450|
412451|
412452|
412453|
412454|
412455|
412480|
412481|
412482|
412483|
412484|
412485|
412486|
412487|
412512|
412513|
412514|
412515|
412516|
412517|
412518|
412519|
412544|
412545|
412546|
412547|
412548|
412549|
412550|
412551|
412576|
412577|
412578|
412579|
412580|
412581|
412582|
412583|
412608|
412609|
412610|
412611|
412612|
412613|
412614|
412615|
412640|
412641|
412642|
412643|
412644|
412645|
412646|
412647|
412672|
412673|
412674|
412675|
412676|
412677|
412678|
412679|
412704|
412705|
412706|
412707|
412708|
412709|
412710|
412711|
412736|
412737|
412738|
412739|
412740|
412741|
412742|
412743|
412768|
412769|
412770|
412771|
412772|
412773|
412774|
412775|
412800|
412801|
412802|
412803|
412804|
412805|
412806|
412807|
412832|
412833|
412834|
412835|
412836|
412837|
412838|
412839|
412864|
412865|
412866|
412867|
412868|
412869|
412870|
412871|
412896|
412897|
412898|
412899|
412900|
412901|
412902|
412903|
412928|
412929|
412930|
412931|
412932|
412933|
412934|
412935|
412960|
412961|
412962|
412963|
412964|
412965|
412966|
412967|
412992|
412993|
412994|
412995|
412996|
412997|
412998|
412999|
413024|
413025|
413026|
413027|
413028|
413029|
413030|
413031|
413056|
413057|
413058|
413059|
413060|
413061|
413062|
413063|
413088|
413089|
413090|
413091|
413092|
413093|
413094|
413095|
413120|
413121|
413122|
413123|
413124|
413125|
413126|
413127|
413152|
413153|
413154|
413155|
413156|
413157|
413158|
413159|
413184|
413185|
413186|
413187|
413188|
413189|
413190|
413191|
413216|
413217|
413218|
413219|
413220|
413221|
413222|
413223|
413248|
413249|
413250|
413251|
413252|
413253|
413254|
413255|
413280|
413281|
413282|
413283|
413284|
413285|
413286|
413287|
413312|
413313|
413314|
413315|
413316|
413317|
413318|
413319|
413344|
413345|
413346|
413347|
413348|
413349|
413350|
413351|
413376|
413377|
413378|
413379|
413380|
413381|
413382|
413383|
413408|
413409|
413410|
413411|
413412|
413413|
413414|
413415|
413440|
413441|
413442|
413443|
413444|
413445|
413446|
413447|
413472|
413473|
413474|
413475|
413476|
413477|
413478|
413479|
413504|
413505|
413506|
413507|
413508|
413509|
413510|
413511|
413536|
413537|
413538|
413539|
413540|
413541|
413542|
413543|
413568|
413569|
413570|
413571|
413572|
413573|
413574|
413575|
413600|
413601|
413602|
413603|
413604|
413605|
413606|
413607|
413632|
413633|
413634|
413635|
413636|
413637|
413638|
413639|
413664|
413665|
413666|
413667|
413668|
413669|
413670|
413671|
413696|
413697|
413698|
413699|
413700|
413701|
413702|
413703|
413728|
413729|
413730|
413731|
413732|
413733|
413734|
413735|
413760|
413761|
413762|
413763|
413764|
413765|
413766|
413767|
413792|
413793|
413794|
413795|
413796|
413797|
413798|
413799|
413824|
413825|
413826|
413827|
413828|
413829|
413830|
413831|
413856|
413857|
413858|
413859|
413860|
413861|
413862|
413863|
413888|
413889|
413890|
413891|
413892|
413893|
413894|
413895|
413920|
413921|
413922|
413923|
413924|
413925|
413926|
413927|
413952|
413953|
413954|
413955|
413956|
413957|
413958|
413959|
413984|
413985|
413986|
413987|
413988|
