2021989|
2021990|
2021991|
2022016|
2022017|
2022018|
2022019|
2022020|
2022021|
2022022|
2022023|
2022048|
2022049|
2022050|
2022051|
2022052|
2022053|
2022054|
2022055|
2022080|
2022081|
2022082|
2022083|
2022084|
2022085|
2022086|
2022087|
2022112|
2022113|
2022114|
2022115|
2022116|
2022117|
2022118|
2022119|
2022144|
2022145|
2022146|
2022147|
2022148|
2022149|
2022150|
2022151|
2022176|
2022177|
2022178|
2022179|
2022180|
2022181|
2022182|
2022183|
2022208|
2022209|
2022210|
2022211|
2022212|
2022213|
2022214|
2022215|
2022240|
2022241|
2022242|
2022243|
2022244|
2022245|
2022246|
2022247|
2022272|
2022273|
2022274|
2022275|
2022276|
2022277|
2022278|
2022279|
2022304|
2022305|
2022306|
2022307|
2022308|
2022309|
2022310|
2022311|
2022336|
2022337|
2022338|
2022339|
2022340|
2022341|
2022342|
2022343|
2022368|
2022369|
2022370|
2022371|
2022372|
2022373|
2022374|
2022375|
2022400|
2022401|
2022402|
2022403|
2022404|
2022405|
2022406|
2022407|
2022432|
2022433|
2022434|
2022435|
2022436|
2022437|
2022438|
2022439|
2022464|
2022465|
2022466|
2022467|
2022468|
2022469|
2022470|
2022471|
2022496|
2022497|
2022498|
2022499|
2022500|
2022501|
2022502|
2022503|
2022528|
2022529|
2022530|
2022531|
2022532|
2022533|
2022534|
2022535|
2022560|
2022561|
2022562|
2022563|
2022564|
2022565|
2022566|
2022567|
2022592|
2022593|
2022594|
2022595|
2022596|
2022597|
2022598|
2022599|
2022624|
2022625|
2022626|
2022627|
2022628|
2022629|
2022630|
2022631|
2022656|
2022657|
2022658|
2022659|
2022660|
2022661|
2022662|
2022663|
2022688|
2022689|
2022690|
2022691|
2022692|
2022693|
2022694|
2022695|
2022720|
2022721|
2022722|
2022723|
2022724|
2022725|
2022726|
2022727|
2022752|
2022753|
2022754|
2022755|
2022756|
2022757|
2022758|
2022759|
2022784|
2022785|
2022786|
2022787|
2022788|
2022789|
2022790|
2022791|
2022816|
2022817|
2022818|
2022819|
2022820|
2022821|
2022822|
2022823|
2022848|
2022849|
2022850|
2022851|
2022852|
2022853|
2022854|
2022855|
2022880|
2022881|
2022882|
2022883|
2022884|
2022885|
2022886|
2022887|
2022912|
2022913|
2022914|
2022915|
2022916|
2022917|
2022918|
2022919|
2022944|
2022945|
2022946|
2022947|
2022948|
2022949|
2022950|
2022951|
2022976|
2022977|
2022978|
2022979|
2022980|
2022981|
2022982|
2022983|
2023008|
2023009|
2023010|
2023011|
2023012|
2023013|
2023014|
2023015|
2023040|
2023041|
2023042|
2023043|
2023044|
2023045|
2023046|
2023047|
2023072|
2023073|
2023074|
2023075|
2023076|
2023077|
2023078|
2023079|
2023104|
2023105|
2023106|
2023107|
2023108|
2023109|
2023110|
2023111|
2023136|
2023137|
2023138|
2023139|
2023140|
2023141|
2023142|
2023143|
2023168|
2023169|
2023170|
2023171|
2023172|
2023173|
2023174|
2023175|
2023200|
2023201|
2023202|
2023203|
2023204|
2023205|
2023206|
2023207|
2023232|
2023233|
2023234|
2023235|
2023236|
2023237|
2023238|
2023239|
2023264|
2023265|
2023266|
2023267|
2023268|
2023269|
2023270|
2023271|
2023296|
2023297|
2023298|
2023299|
2023300|
2023301|
2023302|
2023303|
2023328|
2023329|
2023330|
2023331|
2023332|
2023333|
2023334|
2023335|
2023360|
2023361|
2023362|
2023363|
2023364|
2023365|
2023366|
2023367|
2023392|
2023393|
2023394|
2023395|
2023396|
2023397|
2023398|
2023399|
2023424|
2023425|
2023426|
2023427|
2023428|
2023429|
2023430|
2023431|
2023456|
2023457|
2023458|
2023459|
2023460|
2023461|
2023462|
2023463|
2023488|
2023489|
2023490|
2023491|
2023492|
2023493|
2023494|
2023495|
2023520|
2023521|
2023522|
2023523|
2023524|
2023525|
2023526|
2023527|
2023552|
2023553|
2023554|
2023555|
2023556|
2023557|
2023558|
2023559|
2023584|
2023585|
2023586|
2023587|
2023588|
2023589|
2023590|
2023591|
2023616|
2023617|
2023618|
2023619|
2023620|
2023621|
2023622|
2023623|
2023648|
2023649|
2023650|
2023651|
2023652|
2023653|
2023654|
2023655|
2023680|
2023681|
2023682|
2023683|
2023684|
2023685|
2023686|
2023687|
2023712|
2023713|
2023714|
2023715|
2023716|
2023717|
2023718|
2023719|
2023744|
2023745|
2023746|
2023747|
2023748|
2023749|
2023750|
2023751|
2023776|
2023777|
2023778|
2023779|
2023780|
2023781|
2023782|
2023783|
2023808|
2023809|
2023810|
2023811|
2023812|
2023813|
2023814|
2023815|
2023840|
2023841|
2023842|
2023843|
2023844|
2023845|
2023846|
2023847|
2023872|
2023873|
2023874|
2023875|
2023876|
2023877|
2023878|
2023879|
2023904|
2023905|
2023906|
2023907|
2023908|
2023909|
2023910|
2023911|
2023936|
2023937|
2023938|
2023939|
2023940|
2023941|
2023942|
2023943|
2023968|
2023969|
2023970|
2023971|
2023972|
2023973|
2023974|
2023975|
2024000|
2024001|
2024002|
2024003|
2024004|
2024005|
2024006|
2024007|
2024032|
2024033|
2024034|
2024035|
2024036|
2024037|
2024038|
2024039|
2024064|
2024065|
2024066|
2024067|
2024068|
2024069|
2024070|
2024071|
2024096|
2024097|
2024098|
2024099|
2024100|
2024101|
2024102|
2024103|
2024128|
2024129|
2024130|
2024131|
2024132|
2024133|
2024134|
2024135|
2024160|
2024161|
2024162|
2024163|
2024164|
2024165|
2024166|
2024167|
2024192|
2024193|
2024194|
2024195|
2024196|
2024197|
2024198|
2024199|
2024224|
2024225|
2024226|
2024227|
2024228|
2024229|
2024230|
2024231|
2024256|
2024257|
2024258|
2024259|
2024260|
2024261|
2024262|
2024263|
2024288|
2024289|
2024290|
2024291|
2024292|
2024293|
2024294|
2024295|
2024320|
2024321|
2024322|
2024323|
2024324|
2024325|
2024326|
2024327|
2024352|
2024353|
2024354|
2024355|
2024356|
2024357|
2024358|
2024359|
2024384|
2024385|
2024386|
2024387|
2024388|
2024389|
2024390|
2024391|
2024416|
2024417|
2024418|
2024419|
2024420|
2024421|
2024422|
2024423|
2024448|
2024449|
2024450|
2024451|
2024452|
2024453|
2024454|
2024455|
2024480|
2024481|
2024482|
2024483|
2024484|
2024485|
2024486|
2024487|
2024512|
2024513|
2024514|
2024515|
2024516|
2024517|
2024518|
2024519|
2024544|
2024545|
2024546|
2024547|
2024548|
2024549|
2024550|
2024551|
2024576|
2024577|
2024578|
2024579|
2024580|
2024581|
2024582|
2024583|
2024608|
2024609|
2024610|
2024611|
2024612|
2024613|
2024614|
2024615|
2024640|
2024641|
2024642|
2024643|
2024644|
2024645|
2024646|
2024647|
2024672|
2024673|
2024674|
2024675|
2024676|
2024677|
2024678|
2024679|
2024704|
2024705|
2024706|
2024707|
2024708|
2024709|
2024710|
2024711|
2024736|
2024737|
2024738|
2024739|
2024740|
2024741|
2024742|
2024743|
2024768|
2024769|
2024770|
2024771|
2024772|
2024773|
2024774|
2024775|
2024800|
2024801|
2024802|
2024803|
2024804|
2024805|
2024806|
2024807|
2024832|
2024833|
2024834|
2024835|
2024836|
2024837|
2024838|
2024839|
2024864|
2024865|
2024866|
2024867|
2024868|
2024869|
2024870|
2024871|
2024896|
2024897|
2024898|
2024899|
2024900|
2024901|
2024902|
2024903|
2024928|
2024929|
2024930|
2024931|
2024932|
2024933|
2024934|
2024935|
2024960|
2024961|
2024962|
2024963|
2024964|
2024965|
2024966|
2024967|
2024992|
2024993|
2024994|
2024995|
2024996|
2024997|
2024998|
2024999|
2025024|
2025025|
2025026|
2025027|
2025028|
2025029|
2025030|
2025031|
2025056|
2025057|
2025058|
2025059|
2025060|
2025061|
2025062|
2025063|
2025088|
2025089|
2025090|
2025091|
2025092|
2025093|
2025094|
2025095|
2025120|
2025121|
2025122|
2025123|
2025124|
2025125|
2025126|
2025127|
2025152|
2025153|
2025154|
2025155|
2025156|
2025157|
2025158|
2025159|
2025184|
2025185|
2025186|
2025187|
2025188|
2025189|
2025190|
2025191|
2025216|
2025217|
2025218|
2025219|
2025220|
2025221|
2025222|
2025223|
2025248|
2025249|
2025250|
2025251|
2025252|
2025253|
2025254|
2025255|
2025280|
2025281|
2025282|
2025283|
2025284|
2025285|
2025286|
2025287|
2025312|
2025313|
2025314|
2025315|
2025316|
2025317|
2025318|
2025319|
2025344|
2025345|
2025346|
2025347|
2025348|
2025349|
2025350|
2025351|
2025376|
2025377|
2025378|
2025379|
2025380|
2025381|
2025382|
2025383|
2025408|
2025409|
2025410|
2025411|
2025412|
2025413|
2025414|
2025415|
2025440|
2025441|
2025442|
2025443|
2025444|
2025445|
2025446|
2025447|
2025472|
2025473|
2025474|
2025475|
2025476|
2025477|
2025478|
2025479|
2025504|
2025505|
2025506|
2025507|
2025508|
2025509|
2025510|
2025511|
2025536|
2025537|
2025538|
2025539|
2025540|
2025541|
2025542|
2025543|
2025568|
2025569|
2025570|
2025571|
2025572|
2025573|
2025574|
2025575|
2025600|
2025601|
2025602|
2025603|
2025604|
2025605|
2025606|
2025607|
2025632|
2025633|
2025634|
2025635|
2025636|
2025637|
2025638|
2025639|
2025664|
2025665|
2025666|
2025667|
2025668|
2025669|
2025670|
2025671|
2025696|
2025697|
2025698|
2025699|
2025700|
2025701|
2025702|
2025703|
2025728|
2025729|
2025730|
2025731|
2025732|
2025733|
2025734|
2025735|
2025760|
2025761|
2025762|
2025763|
2025764|
2025765|
2025766|
2025767|
2025792|
2025793|
2025794|
2025795|
2025796|
2025797|
2025798|
2025799|
2025824|
2025825|
2025826|
2025827|
2025828|
2025829|
2025830|
2025831|
2025856|
2025857|
2025858|
2025859|
2025860|
2025861|
2025862|
2025863|
2025888|
2025889|
2025890|
2025891|
2025892|
2025893|
2025894|
2025895|
2025920|
2025921|
2025922|
2025923|
2025924|
2025925|
2025926|
2025927|
2025952|
2025953|
2025954|
2025955|
2025956|
2025957|
2025958|
2025959|
2025984|
2025985|
2025986|
2025987|
2025988|
2025989|
2025990|
2025991|
2026016|
2026017|
2026018|
2026019|
2026020|
2026021|
2026022|
2026023|
2026048|
2026049|
2026050|
2026051|
2026052|
2026053|
2026054|
2026055|
2026080|
2026081|
2026082|
2026083|
2026084|
2026085|
2026086|
2026087|
2026112|
2026113|
2026114|
2026115|
2026116|
2026117|
2026118|
2026119|
2026144|
2026145|
2026146|
2026147|
2026148|
2026149|
2026150|
2026151|
2026176|
2026177|
2026178|
2026179|
2026180|
2026181|
2026182|
2026183|
2026208|
2026209|
2026210|
2026211|
2026212|
2026213|
2026214|
2026215|
2026240|
2026241|
2026242|
2026243|
2026244|
2026245|
2026246|
2026247|
2026272|
2026273|
2026274|
2026275|
2026276|
2026277|
2026278|
2026279|
2026304|
2026305|
2026306|
2026307|
2026308|
2026309|
2026310|
2026311|
2026336|
2026337|
2026338|
2026339|
2026340|
2026341|
2026342|
2026343|
2026368|
2026369|
2026370|
2026371|
2026372|
2026373|
2026374|
2026375|
2026400|
2026401|
2026402|
2026403|
2026404|
2026405|
2026406|
2026407|
2026432|
2026433|
2026434|
2026435|
2026436|
2026437|
2026438|
2026439|
2026464|
2026465|
2026466|
2026467|
2026468|
2026469|
2026470|
2026471|
2026496|
2026497|
2026498|
2026499|
2026500|
2026501|
2026502|
2026503|
2026528|
2026529|
2026530|
2026531|
2026532|
2026533|
2026534|
2026535|
2026560|
2026561|
2026562|
2026563|
2026564|
2026565|
2026566|
2026567|
2026592|
2026593|
2026594|
2026595|
2026596|
2026597|
2026598|
2026599|
2026624|
2026625|
2026626|
2026627|
2026628|
2026629|
2026630|
2026631|
2026656|
2026657|
2026658|
2026659|
2026660|
2026661|
2026662|
2026663|
2026688|
2026689|
2026690|
2026691|
2026692|
2026693|
2026694|
2026695|
2026720|
2026721|
2026722|
2026723|
2026724|
2026725|
2026726|
2026727|
2026752|
2026753|
2026754|
2026755|
2026756|
2026757|
2026758|
2026759|
2026784|
2026785|
2026786|
2026787|
2026788|
2026789|
2026790|
2026791|
2026816|
2026817|
2026818|
2026819|
2026820|
2026821|
2026822|
2026823|
2026848|
2026849|
2026850|
2026851|
2026852|
2026853|
2026854|
2026855|
2026880|
2026881|
2026882|
2026883|
2026884|
2026885|
2026886|
2026887|
2026912|
2026913|
2026914|
2026915|
2026916|
2026917|
2026918|
2026919|
2026944|
2026945|
2026946|
2026947|
2026948|
2026949|
2026950|
2026951|
2026976|
2026977|
2026978|
2026979|
2026980|
2026981|
2026982|
2026983|
2027008|
2027009|
2027010|
2027011|
2027012|
2027013|
2027014|
2027015|
2027040|
2027041|
2027042|
2027043|
2027044|
2027045|
2027046|
2027047|
2027072|
2027073|
2027074|
2027075|
2027076|
2027077|
2027078|
2027079|
2027104|
2027105|
2027106|
2027107|
2027108|
2027109|
2027110|
2027111|
2027136|
2027137|
2027138|
2027139|
2027140|
2027141|
2027142|
2027143|
2027168|
2027169|
2027170|
2027171|
2027172|
2027173|
2027174|
2027175|
2027200|
2027201|
2027202|
2027203|
2027204|
2027205|
2027206|
2027207|
2027232|
2027233|
2027234|
2027235|
2027236|
2027237|
2027238|
2027239|
2027264|
2027265|
2027266|
2027267|
2027268|
2027269|
2027270|
2027271|
2027296|
2027297|
2027298|
2027299|
2027300|
2027301|
2027302|
2027303|
2027328|
2027329|
2027330|
2027331|
2027332|
2027333|
2027334|
2027335|
2027360|
2027361|
2027362|
2027363|
2027364|
2027365|
2027366|
2027367|
2027392|
2027393|
2027394|
2027395|
2027396|
2027397|
2027398|
2027399|
2027424|
2027425|
2027426|
2027427|
2027428|
2027429|
2027430|
2027431|
2027456|
2027457|
2027458|
2027459|
2027460|
2027461|
2027462|
2027463|
2027488|
2027489|
2027490|
2027491|
2027492|
2027493|
2027494|
2027495|
2027520|
2027521|
2027522|
2027523|
2027524|
2027525|
2027526|
2027527|
2027552|
2027553|
2027554|
2027555|
2027556|
2027557|
2027558|
2027559|
2027584|
2027585|
2027586|
2027587|
2027588|
2027589|
2027590|
2027591|
2027616|
2027617|
2027618|
2027619|
2027620|
2027621|
2027622|
2027623|
2027648|
2027649|
2027650|
2027651|
2027652|
2027653|
2027654|
2027655|
2027680|
2027681|
2027682|
2027683|
2027684|
2027685|
2027686|
2027687|
2027712|
2027713|
2027714|
2027715|
2027716|
2027717|
2027718|
2027719|
2027744|
2027745|
2027746|
2027747|
2027748|
2027749|
2027750|
2027751|
2027776|
2027777|
2027778|
2027779|
2027780|
2027781|
2027782|
2027783|
2027808|
2027809|
2027810|
2027811|
2027812|
2027813|
2027814|
2027815|
2027840|
2027841|
2027842|
2027843|
2027844|
2027845|
2027846|
2027847|
2027872|
2027873|
2027874|
2027875|
2027876|
2027877|
2027878|
2027879|
2027904|
2027905|
2027906|
2027907|
2027908|
2027909|
2027910|
2027911|
2027936|
2027937|
2027938|
2027939|
2027940|
2027941|
2027942|
2027943|
2027968|
2027969|
2027970|
2027971|
2027972|
2027973|
2027974|
2027975|
2028000|
