2633989|
2633990|
2633991|
2634016|
2634017|
2634018|
2634019|
2634020|
2634021|
2634022|
2634023|
2634048|
2634049|
2634050|
2634051|
2634052|
2634053|
2634054|
2634055|
2634080|
2634081|
2634082|
2634083|
2634084|
2634085|
2634086|
2634087|
2634112|
2634113|
2634114|
2634115|
2634116|
2634117|
2634118|
2634119|
2634144|
2634145|
2634146|
2634147|
2634148|
2634149|
2634150|
2634151|
2634176|
2634177|
2634178|
2634179|
2634180|
2634181|
2634182|
2634183|
2634208|
2634209|
2634210|
2634211|
2634212|
2634213|
2634214|
2634215|
2634240|
2634241|
2634242|
2634243|
2634244|
2634245|
2634246|
2634247|
2634272|
2634273|
2634274|
2634275|
2634276|
2634277|
2634278|
2634279|
2634304|
2634305|
2634306|
2634307|
2634308|
2634309|
2634310|
2634311|
2634336|
2634337|
2634338|
2634339|
2634340|
2634341|
2634342|
2634343|
2634368|
2634369|
2634370|
2634371|
2634372|
2634373|
2634374|
2634375|
2634400|
2634401|
2634402|
2634403|
2634404|
2634405|
2634406|
2634407|
2634432|
2634433|
2634434|
2634435|
2634436|
2634437|
2634438|
2634439|
2634464|
2634465|
2634466|
2634467|
2634468|
2634469|
2634470|
2634471|
2634496|
2634497|
2634498|
2634499|
2634500|
2634501|
2634502|
2634503|
2634528|
2634529|
2634530|
2634531|
2634532|
2634533|
2634534|
2634535|
2634560|
2634561|
2634562|
2634563|
2634564|
2634565|
2634566|
2634567|
2634592|
2634593|
2634594|
2634595|
2634596|
2634597|
2634598|
2634599|
2634624|
2634625|
2634626|
2634627|
2634628|
2634629|
2634630|
2634631|
2634656|
2634657|
2634658|
2634659|
2634660|
2634661|
2634662|
2634663|
2634688|
2634689|
2634690|
2634691|
2634692|
2634693|
2634694|
2634695|
2634720|
2634721|
2634722|
2634723|
2634724|
2634725|
2634726|
2634727|
2634752|
2634753|
2634754|
2634755|
2634756|
2634757|
2634758|
2634759|
2634784|
2634785|
2634786|
2634787|
2634788|
2634789|
2634790|
2634791|
2634816|
2634817|
2634818|
2634819|
2634820|
2634821|
2634822|
2634823|
2634848|
2634849|
2634850|
2634851|
2634852|
2634853|
2634854|
2634855|
2634880|
2634881|
2634882|
2634883|
2634884|
2634885|
2634886|
2634887|
2634912|
2634913|
2634914|
2634915|
2634916|
2634917|
2634918|
2634919|
2634944|
2634945|
2634946|
2634947|
2634948|
2634949|
2634950|
2634951|
2634976|
2634977|
2634978|
2634979|
2634980|
2634981|
2634982|
2634983|
2635008|
2635009|
2635010|
2635011|
2635012|
2635013|
2635014|
2635015|
2635040|
2635041|
2635042|
2635043|
2635044|
2635045|
2635046|
2635047|
2635072|
2635073|
2635074|
2635075|
2635076|
2635077|
2635078|
2635079|
2635104|
2635105|
2635106|
2635107|
2635108|
2635109|
2635110|
2635111|
2635136|
2635137|
2635138|
2635139|
2635140|
2635141|
2635142|
2635143|
2635168|
2635169|
2635170|
2635171|
2635172|
2635173|
2635174|
2635175|
2635200|
2635201|
2635202|
2635203|
2635204|
2635205|
2635206|
2635207|
2635232|
2635233|
2635234|
2635235|
2635236|
2635237|
2635238|
2635239|
2635264|
2635265|
2635266|
2635267|
2635268|
2635269|
2635270|
2635271|
2635296|
2635297|
2635298|
2635299|
2635300|
2635301|
2635302|
2635303|
2635328|
2635329|
2635330|
2635331|
2635332|
2635333|
2635334|
2635335|
2635360|
2635361|
2635362|
2635363|
2635364|
2635365|
2635366|
2635367|
2635392|
2635393|
2635394|
2635395|
2635396|
2635397|
2635398|
2635399|
2635424|
2635425|
2635426|
2635427|
2635428|
2635429|
2635430|
2635431|
2635456|
2635457|
2635458|
2635459|
2635460|
2635461|
2635462|
2635463|
2635488|
2635489|
2635490|
2635491|
2635492|
2635493|
2635494|
2635495|
2635520|
2635521|
2635522|
2635523|
2635524|
2635525|
2635526|
2635527|
2635552|
2635553|
2635554|
2635555|
2635556|
2635557|
2635558|
2635559|
2635584|
2635585|
2635586|
2635587|
2635588|
2635589|
2635590|
2635591|
2635616|
2635617|
2635618|
2635619|
2635620|
2635621|
2635622|
2635623|
2635648|
2635649|
2635650|
2635651|
2635652|
2635653|
2635654|
2635655|
2635680|
2635681|
2635682|
2635683|
2635684|
2635685|
2635686|
2635687|
2635712|
2635713|
2635714|
2635715|
2635716|
2635717|
2635718|
2635719|
2635744|
2635745|
2635746|
2635747|
2635748|
2635749|
2635750|
2635751|
2635776|
2635777|
2635778|
2635779|
2635780|
2635781|
2635782|
2635783|
2635808|
2635809|
2635810|
2635811|
2635812|
2635813|
2635814|
2635815|
2635840|
2635841|
2635842|
2635843|
2635844|
2635845|
2635846|
2635847|
2635872|
2635873|
2635874|
2635875|
2635876|
2635877|
2635878|
2635879|
2635904|
2635905|
2635906|
2635907|
2635908|
2635909|
2635910|
2635911|
2635936|
2635937|
2635938|
2635939|
2635940|
2635941|
2635942|
2635943|
2635968|
2635969|
2635970|
2635971|
2635972|
2635973|
2635974|
2635975|
2636000|
2636001|
2636002|
2636003|
2636004|
2636005|
2636006|
2636007|
2636032|
2636033|
2636034|
2636035|
2636036|
2636037|
2636038|
2636039|
2636064|
2636065|
2636066|
2636067|
2636068|
2636069|
2636070|
2636071|
2636096|
2636097|
2636098|
2636099|
2636100|
2636101|
2636102|
2636103|
2636128|
2636129|
2636130|
2636131|
2636132|
2636133|
2636134|
2636135|
2636160|
2636161|
2636162|
2636163|
2636164|
2636165|
2636166|
2636167|
2636192|
2636193|
2636194|
2636195|
2636196|
2636197|
2636198|
2636199|
2636224|
2636225|
2636226|
2636227|
2636228|
2636229|
2636230|
2636231|
2636256|
2636257|
2636258|
2636259|
2636260|
2636261|
2636262|
2636263|
2636288|
2636289|
2636290|
2636291|
2636292|
2636293|
2636294|
2636295|
2636320|
2636321|
2636322|
2636323|
2636324|
2636325|
2636326|
2636327|
2636352|
2636353|
2636354|
2636355|
2636356|
2636357|
2636358|
2636359|
2636384|
2636385|
2636386|
2636387|
2636388|
2636389|
2636390|
2636391|
2636416|
2636417|
2636418|
2636419|
2636420|
2636421|
2636422|
2636423|
2636448|
2636449|
2636450|
2636451|
2636452|
2636453|
2636454|
2636455|
2636480|
2636481|
2636482|
2636483|
2636484|
2636485|
2636486|
2636487|
2636512|
2636513|
2636514|
2636515|
2636516|
2636517|
2636518|
2636519|
2636544|
2636545|
2636546|
2636547|
2636548|
2636549|
2636550|
2636551|
2636576|
2636577|
2636578|
2636579|
2636580|
2636581|
2636582|
2636583|
2636608|
2636609|
2636610|
2636611|
2636612|
2636613|
2636614|
2636615|
2636640|
2636641|
2636642|
2636643|
2636644|
2636645|
2636646|
2636647|
2636672|
2636673|
2636674|
2636675|
2636676|
2636677|
2636678|
2636679|
2636704|
2636705|
2636706|
2636707|
2636708|
2636709|
2636710|
2636711|
2636736|
2636737|
2636738|
2636739|
2636740|
2636741|
2636742|
2636743|
2636768|
2636769|
2636770|
2636771|
2636772|
2636773|
2636774|
2636775|
2636800|
2636801|
2636802|
2636803|
2636804|
2636805|
2636806|
2636807|
2636832|
2636833|
2636834|
2636835|
2636836|
2636837|
2636838|
2636839|
2636864|
2636865|
2636866|
2636867|
2636868|
2636869|
2636870|
2636871|
2636896|
2636897|
2636898|
2636899|
2636900|
2636901|
2636902|
2636903|
2636928|
2636929|
2636930|
2636931|
2636932|
2636933|
2636934|
2636935|
2636960|
2636961|
2636962|
2636963|
2636964|
2636965|
2636966|
2636967|
2636992|
2636993|
2636994|
2636995|
2636996|
2636997|
2636998|
2636999|
2637024|
2637025|
2637026|
2637027|
2637028|
2637029|
2637030|
2637031|
2637056|
2637057|
2637058|
2637059|
2637060|
2637061|
2637062|
2637063|
2637088|
2637089|
2637090|
2637091|
2637092|
2637093|
2637094|
2637095|
2637120|
2637121|
2637122|
2637123|
2637124|
2637125|
2637126|
2637127|
2637152|
2637153|
2637154|
2637155|
2637156|
2637157|
2637158|
2637159|
2637184|
2637185|
2637186|
2637187|
2637188|
2637189|
2637190|
2637191|
2637216|
2637217|
2637218|
2637219|
2637220|
2637221|
2637222|
2637223|
2637248|
2637249|
2637250|
2637251|
2637252|
2637253|
2637254|
2637255|
2637280|
2637281|
2637282|
2637283|
2637284|
2637285|
2637286|
2637287|
2637312|
2637313|
2637314|
2637315|
2637316|
2637317|
2637318|
2637319|
2637344|
2637345|
2637346|
2637347|
2637348|
2637349|
2637350|
2637351|
2637376|
2637377|
2637378|
2637379|
2637380|
2637381|
2637382|
2637383|
2637408|
2637409|
2637410|
2637411|
2637412|
2637413|
2637414|
2637415|
2637440|
2637441|
2637442|
2637443|
2637444|
2637445|
2637446|
2637447|
2637472|
2637473|
2637474|
2637475|
2637476|
2637477|
2637478|
2637479|
2637504|
2637505|
2637506|
2637507|
2637508|
2637509|
2637510|
2637511|
2637536|
2637537|
2637538|
2637539|
2637540|
2637541|
2637542|
2637543|
2637568|
2637569|
2637570|
2637571|
2637572|
2637573|
2637574|
2637575|
2637600|
2637601|
2637602|
2637603|
2637604|
2637605|
2637606|
2637607|
2637632|
2637633|
2637634|
2637635|
2637636|
2637637|
2637638|
2637639|
2637664|
2637665|
2637666|
2637667|
2637668|
2637669|
2637670|
2637671|
2637696|
2637697|
2637698|
2637699|
2637700|
2637701|
2637702|
2637703|
2637728|
2637729|
2637730|
2637731|
2637732|
2637733|
2637734|
2637735|
2637760|
2637761|
2637762|
2637763|
2637764|
2637765|
2637766|
2637767|
2637792|
2637793|
2637794|
2637795|
2637796|
2637797|
2637798|
2637799|
2637824|
2637825|
2637826|
2637827|
2637828|
2637829|
2637830|
2637831|
2637856|
2637857|
2637858|
2637859|
2637860|
2637861|
2637862|
2637863|
2637888|
2637889|
2637890|
2637891|
2637892|
2637893|
2637894|
2637895|
2637920|
2637921|
2637922|
2637923|
2637924|
2637925|
2637926|
2637927|
2637952|
2637953|
2637954|
2637955|
2637956|
2637957|
2637958|
2637959|
2637984|
2637985|
2637986|
2637987|
2637988|
2637989|
2637990|
2637991|
2638016|
2638017|
2638018|
2638019|
2638020|
2638021|
2638022|
2638023|
2638048|
2638049|
2638050|
2638051|
2638052|
2638053|
2638054|
2638055|
2638080|
2638081|
2638082|
2638083|
2638084|
2638085|
2638086|
2638087|
2638112|
2638113|
2638114|
2638115|
2638116|
2638117|
2638118|
2638119|
2638144|
2638145|
2638146|
2638147|
2638148|
2638149|
2638150|
2638151|
2638176|
2638177|
2638178|
2638179|
2638180|
2638181|
2638182|
2638183|
2638208|
2638209|
2638210|
2638211|
2638212|
2638213|
2638214|
2638215|
2638240|
2638241|
2638242|
2638243|
2638244|
2638245|
2638246|
2638247|
2638272|
2638273|
2638274|
2638275|
2638276|
2638277|
2638278|
2638279|
2638304|
2638305|
2638306|
2638307|
2638308|
2638309|
2638310|
2638311|
2638336|
2638337|
2638338|
2638339|
2638340|
2638341|
2638342|
2638343|
2638368|
2638369|
2638370|
2638371|
2638372|
2638373|
2638374|
2638375|
2638400|
2638401|
2638402|
2638403|
2638404|
2638405|
2638406|
2638407|
2638432|
2638433|
2638434|
2638435|
2638436|
2638437|
2638438|
2638439|
2638464|
2638465|
2638466|
2638467|
2638468|
2638469|
2638470|
2638471|
2638496|
2638497|
2638498|
2638499|
2638500|
2638501|
2638502|
2638503|
2638528|
2638529|
2638530|
2638531|
2638532|
2638533|
2638534|
2638535|
2638560|
2638561|
2638562|
2638563|
2638564|
2638565|
2638566|
2638567|
2638592|
2638593|
2638594|
2638595|
2638596|
2638597|
2638598|
2638599|
2638624|
2638625|
2638626|
2638627|
2638628|
2638629|
2638630|
2638631|
2638656|
2638657|
2638658|
2638659|
2638660|
2638661|
2638662|
2638663|
2638688|
2638689|
2638690|
2638691|
2638692|
2638693|
2638694|
2638695|
2638720|
2638721|
2638722|
2638723|
2638724|
2638725|
2638726|
2638727|
2638752|
2638753|
2638754|
2638755|
2638756|
2638757|
2638758|
2638759|
2638784|
2638785|
2638786|
2638787|
2638788|
2638789|
2638790|
2638791|
2638816|
2638817|
2638818|
2638819|
2638820|
2638821|
2638822|
2638823|
2638848|
2638849|
2638850|
2638851|
2638852|
2638853|
2638854|
2638855|
2638880|
2638881|
2638882|
2638883|
2638884|
2638885|
2638886|
2638887|
2638912|
2638913|
2638914|
2638915|
2638916|
2638917|
2638918|
2638919|
2638944|
2638945|
2638946|
2638947|
2638948|
2638949|
2638950|
2638951|
2638976|
2638977|
2638978|
2638979|
2638980|
2638981|
2638982|
2638983|
2639008|
2639009|
2639010|
2639011|
2639012|
2639013|
2639014|
2639015|
2639040|
2639041|
2639042|
2639043|
2639044|
2639045|
2639046|
2639047|
2639072|
2639073|
2639074|
2639075|
2639076|
2639077|
2639078|
2639079|
2639104|
2639105|
2639106|
2639107|
2639108|
2639109|
2639110|
2639111|
2639136|
2639137|
2639138|
2639139|
2639140|
2639141|
2639142|
2639143|
2639168|
2639169|
2639170|
2639171|
2639172|
2639173|
2639174|
2639175|
2639200|
2639201|
2639202|
2639203|
2639204|
2639205|
2639206|
2639207|
2639232|
2639233|
2639234|
2639235|
2639236|
2639237|
2639238|
2639239|
2639264|
2639265|
2639266|
2639267|
2639268|
2639269|
2639270|
2639271|
2639296|
2639297|
2639298|
2639299|
2639300|
2639301|
2639302|
2639303|
2639328|
2639329|
2639330|
2639331|
2639332|
2639333|
2639334|
2639335|
2639360|
2639361|
2639362|
2639363|
2639364|
2639365|
2639366|
2639367|
2639392|
2639393|
2639394|
2639395|
2639396|
2639397|
2639398|
2639399|
2639424|
2639425|
2639426|
2639427|
2639428|
2639429|
2639430|
2639431|
2639456|
2639457|
2639458|
2639459|
2639460|
2639461|
2639462|
2639463|
2639488|
2639489|
2639490|
2639491|
2639492|
2639493|
2639494|
2639495|
2639520|
2639521|
2639522|
2639523|
2639524|
2639525|
2639526|
2639527|
2639552|
2639553|
2639554|
2639555|
2639556|
2639557|
2639558|
2639559|
2639584|
2639585|
2639586|
2639587|
2639588|
2639589|
2639590|
2639591|
2639616|
2639617|
2639618|
2639619|
2639620|
2639621|
2639622|
2639623|
2639648|
2639649|
2639650|
2639651|
2639652|
2639653|
2639654|
2639655|
2639680|
2639681|
2639682|
2639683|
2639684|
2639685|
2639686|
2639687|
2639712|
2639713|
2639714|
2639715|
2639716|
2639717|
2639718|
2639719|
2639744|
2639745|
2639746|
2639747|
2639748|
2639749|
2639750|
2639751|
2639776|
2639777|
2639778|
2639779|
2639780|
2639781|
2639782|
2639783|
2639808|
2639809|
2639810|
2639811|
2639812|
2639813|
2639814|
2639815|
2639840|
2639841|
2639842|
2639843|
2639844|
2639845|
2639846|
2639847|
2639872|
2639873|
2639874|
2639875|
2639876|
2639877|
2639878|
2639879|
2639904|
2639905|
2639906|
2639907|
2639908|
2639909|
2639910|
2639911|
2639936|
2639937|
2639938|
2639939|
2639940|
2639941|
2639942|
2639943|
2639968|
2639969|
2639970|
2639971|
2639972|
2639973|
2639974|
2639975|
2640000|
