641989|
641990|
641991|
642016|
642017|
642018|
642019|
642020|
642021|
642022|
642023|
642048|
642049|
642050|
642051|
642052|
642053|
642054|
642055|
642080|
642081|
642082|
642083|
642084|
642085|
642086|
642087|
642112|
642113|
642114|
642115|
642116|
642117|
642118|
642119|
642144|
642145|
642146|
642147|
642148|
642149|
642150|
642151|
642176|
642177|
642178|
642179|
642180|
642181|
642182|
642183|
642208|
642209|
642210|
642211|
642212|
642213|
642214|
642215|
642240|
642241|
642242|
642243|
642244|
642245|
642246|
642247|
642272|
642273|
642274|
642275|
642276|
642277|
642278|
642279|
642304|
642305|
642306|
642307|
642308|
642309|
642310|
642311|
642336|
642337|
642338|
642339|
642340|
642341|
642342|
642343|
642368|
642369|
642370|
642371|
642372|
642373|
642374|
642375|
642400|
642401|
642402|
642403|
642404|
642405|
642406|
642407|
642432|
642433|
642434|
642435|
642436|
642437|
642438|
642439|
642464|
642465|
642466|
642467|
642468|
642469|
642470|
642471|
642496|
642497|
642498|
642499|
642500|
642501|
642502|
642503|
642528|
642529|
642530|
642531|
642532|
642533|
642534|
642535|
642560|
642561|
642562|
642563|
642564|
642565|
642566|
642567|
642592|
642593|
642594|
642595|
642596|
642597|
642598|
642599|
642624|
642625|
642626|
642627|
642628|
642629|
642630|
642631|
642656|
642657|
642658|
642659|
642660|
642661|
642662|
642663|
642688|
642689|
642690|
642691|
642692|
642693|
642694|
642695|
642720|
642721|
642722|
642723|
642724|
642725|
642726|
642727|
642752|
642753|
642754|
642755|
642756|
642757|
642758|
642759|
642784|
642785|
642786|
642787|
642788|
642789|
642790|
642791|
642816|
642817|
642818|
642819|
642820|
642821|
642822|
642823|
642848|
642849|
642850|
642851|
642852|
642853|
642854|
642855|
642880|
642881|
642882|
642883|
642884|
642885|
642886|
642887|
642912|
642913|
642914|
642915|
642916|
642917|
642918|
642919|
642944|
642945|
642946|
642947|
642948|
642949|
642950|
642951|
642976|
642977|
642978|
642979|
642980|
642981|
642982|
642983|
643008|
643009|
643010|
643011|
643012|
643013|
643014|
643015|
643040|
643041|
643042|
643043|
643044|
643045|
643046|
643047|
643072|
643073|
643074|
643075|
643076|
643077|
643078|
643079|
643104|
643105|
643106|
643107|
643108|
643109|
643110|
643111|
643136|
643137|
643138|
643139|
643140|
643141|
643142|
643143|
643168|
643169|
643170|
643171|
643172|
643173|
643174|
643175|
643200|
643201|
643202|
643203|
643204|
643205|
643206|
643207|
643232|
643233|
643234|
643235|
643236|
643237|
643238|
643239|
643264|
643265|
643266|
643267|
643268|
643269|
643270|
643271|
643296|
643297|
643298|
643299|
643300|
643301|
643302|
643303|
643328|
643329|
643330|
643331|
643332|
643333|
643334|
643335|
643360|
643361|
643362|
643363|
643364|
643365|
643366|
643367|
643392|
643393|
643394|
643395|
643396|
643397|
643398|
643399|
643424|
643425|
643426|
643427|
643428|
643429|
643430|
643431|
643456|
643457|
643458|
643459|
643460|
643461|
643462|
643463|
643488|
643489|
643490|
643491|
643492|
643493|
643494|
643495|
643520|
643521|
643522|
643523|
643524|
643525|
643526|
643527|
643552|
643553|
643554|
643555|
643556|
643557|
643558|
643559|
643584|
643585|
643586|
643587|
643588|
643589|
643590|
643591|
643616|
643617|
643618|
643619|
643620|
643621|
643622|
643623|
643648|
643649|
643650|
643651|
643652|
643653|
643654|
643655|
643680|
643681|
643682|
643683|
643684|
643685|
643686|
643687|
643712|
643713|
643714|
643715|
643716|
643717|
643718|
643719|
643744|
643745|
643746|
643747|
643748|
643749|
643750|
643751|
643776|
643777|
643778|
643779|
643780|
643781|
643782|
643783|
643808|
643809|
643810|
643811|
643812|
643813|
643814|
643815|
643840|
643841|
643842|
643843|
643844|
643845|
643846|
643847|
643872|
643873|
643874|
643875|
643876|
643877|
643878|
643879|
643904|
643905|
643906|
643907|
643908|
643909|
643910|
643911|
643936|
643937|
643938|
643939|
643940|
643941|
643942|
643943|
643968|
643969|
643970|
643971|
643972|
643973|
643974|
643975|
644000|
644001|
644002|
644003|
644004|
644005|
644006|
644007|
644032|
644033|
644034|
644035|
644036|
644037|
644038|
644039|
644064|
644065|
644066|
644067|
644068|
644069|
644070|
644071|
644096|
644097|
644098|
644099|
644100|
644101|
644102|
644103|
644128|
644129|
644130|
644131|
644132|
644133|
644134|
644135|
644160|
644161|
644162|
644163|
644164|
644165|
644166|
644167|
644192|
644193|
644194|
644195|
644196|
644197|
644198|
644199|
644224|
644225|
644226|
644227|
644228|
644229|
644230|
644231|
644256|
644257|
644258|
644259|
644260|
644261|
644262|
644263|
644288|
644289|
644290|
644291|
644292|
644293|
644294|
644295|
644320|
644321|
644322|
644323|
644324|
644325|
644326|
644327|
644352|
644353|
644354|
644355|
644356|
644357|
644358|
644359|
644384|
644385|
644386|
644387|
644388|
644389|
644390|
644391|
644416|
644417|
644418|
644419|
644420|
644421|
644422|
644423|
644448|
644449|
644450|
644451|
644452|
644453|
644454|
644455|
644480|
644481|
644482|
644483|
644484|
644485|
644486|
644487|
644512|
644513|
644514|
644515|
644516|
644517|
644518|
644519|
644544|
644545|
644546|
644547|
644548|
644549|
644550|
644551|
644576|
644577|
644578|
644579|
644580|
644581|
644582|
644583|
644608|
644609|
644610|
644611|
644612|
644613|
644614|
644615|
644640|
644641|
644642|
644643|
644644|
644645|
644646|
644647|
644672|
644673|
644674|
644675|
644676|
644677|
644678|
644679|
644704|
644705|
644706|
644707|
644708|
644709|
644710|
644711|
644736|
644737|
644738|
644739|
644740|
644741|
644742|
644743|
644768|
644769|
644770|
644771|
644772|
644773|
644774|
644775|
644800|
644801|
644802|
644803|
644804|
644805|
644806|
644807|
644832|
644833|
644834|
644835|
644836|
644837|
644838|
644839|
644864|
644865|
644866|
644867|
644868|
644869|
644870|
644871|
644896|
644897|
644898|
644899|
644900|
644901|
644902|
644903|
644928|
644929|
644930|
644931|
644932|
644933|
644934|
644935|
644960|
644961|
644962|
644963|
644964|
644965|
644966|
644967|
644992|
644993|
644994|
644995|
644996|
644997|
644998|
644999|
645024|
645025|
645026|
645027|
645028|
645029|
645030|
645031|
645056|
645057|
645058|
645059|
645060|
645061|
645062|
645063|
645088|
645089|
645090|
645091|
645092|
645093|
645094|
645095|
645120|
645121|
645122|
645123|
645124|
645125|
645126|
645127|
645152|
645153|
645154|
645155|
645156|
645157|
645158|
645159|
645184|
645185|
645186|
645187|
645188|
645189|
645190|
645191|
645216|
645217|
645218|
645219|
645220|
645221|
645222|
645223|
645248|
645249|
645250|
645251|
645252|
645253|
645254|
645255|
645280|
645281|
645282|
645283|
645284|
645285|
645286|
645287|
645312|
645313|
645314|
645315|
645316|
645317|
645318|
645319|
645344|
645345|
645346|
645347|
645348|
645349|
645350|
645351|
645376|
645377|
645378|
645379|
645380|
645381|
645382|
645383|
645408|
645409|
645410|
645411|
645412|
645413|
645414|
645415|
645440|
645441|
645442|
645443|
645444|
645445|
645446|
645447|
645472|
645473|
645474|
645475|
645476|
645477|
645478|
645479|
645504|
645505|
645506|
645507|
645508|
645509|
645510|
645511|
645536|
645537|
645538|
645539|
645540|
645541|
645542|
645543|
645568|
645569|
645570|
645571|
645572|
645573|
645574|
645575|
645600|
645601|
645602|
645603|
645604|
645605|
645606|
645607|
645632|
645633|
645634|
645635|
645636|
645637|
645638|
645639|
645664|
645665|
645666|
645667|
645668|
645669|
645670|
645671|
645696|
645697|
645698|
645699|
645700|
645701|
645702|
645703|
645728|
645729|
645730|
645731|
645732|
645733|
645734|
645735|
645760|
645761|
645762|
645763|
645764|
645765|
645766|
645767|
645792|
645793|
645794|
645795|
645796|
645797|
645798|
645799|
645824|
645825|
645826|
645827|
645828|
645829|
645830|
645831|
645856|
645857|
645858|
645859|
645860|
645861|
645862|
645863|
645888|
645889|
645890|
645891|
645892|
645893|
645894|
645895|
645920|
645921|
645922|
645923|
645924|
645925|
645926|
645927|
645952|
645953|
645954|
645955|
645956|
645957|
645958|
645959|
645984|
645985|
645986|
645987|
645988|
645989|
645990|
645991|
646016|
646017|
646018|
646019|
646020|
646021|
646022|
646023|
646048|
646049|
646050|
646051|
646052|
646053|
646054|
646055|
646080|
646081|
646082|
646083|
646084|
646085|
646086|
646087|
646112|
646113|
646114|
646115|
646116|
646117|
646118|
646119|
646144|
646145|
646146|
646147|
646148|
646149|
646150|
646151|
646176|
646177|
646178|
646179|
646180|
646181|
646182|
646183|
646208|
646209|
646210|
646211|
646212|
646213|
646214|
646215|
646240|
646241|
646242|
646243|
646244|
646245|
646246|
646247|
646272|
646273|
646274|
646275|
646276|
646277|
646278|
646279|
646304|
646305|
646306|
646307|
646308|
646309|
646310|
646311|
646336|
646337|
646338|
646339|
646340|
646341|
646342|
646343|
646368|
646369|
646370|
646371|
646372|
646373|
646374|
646375|
646400|
646401|
646402|
646403|
646404|
646405|
646406|
646407|
646432|
646433|
646434|
646435|
646436|
646437|
646438|
646439|
646464|
646465|
646466|
646467|
646468|
646469|
646470|
646471|
646496|
646497|
646498|
646499|
646500|
646501|
646502|
646503|
646528|
646529|
646530|
646531|
646532|
646533|
646534|
646535|
646560|
646561|
646562|
646563|
646564|
646565|
646566|
646567|
646592|
646593|
646594|
646595|
646596|
646597|
646598|
646599|
646624|
646625|
646626|
646627|
646628|
646629|
646630|
646631|
646656|
646657|
646658|
646659|
646660|
646661|
646662|
646663|
646688|
646689|
646690|
646691|
646692|
646693|
646694|
646695|
646720|
646721|
646722|
646723|
646724|
646725|
646726|
646727|
646752|
646753|
646754|
646755|
646756|
646757|
646758|
646759|
646784|
646785|
646786|
646787|
646788|
646789|
646790|
646791|
646816|
646817|
646818|
646819|
646820|
646821|
646822|
646823|
646848|
646849|
646850|
646851|
646852|
646853|
646854|
646855|
646880|
646881|
646882|
646883|
646884|
646885|
646886|
646887|
646912|
646913|
646914|
646915|
646916|
646917|
646918|
646919|
646944|
646945|
646946|
646947|
646948|
646949|
646950|
646951|
646976|
646977|
646978|
646979|
646980|
646981|
646982|
646983|
647008|
647009|
647010|
647011|
647012|
647013|
647014|
647015|
647040|
647041|
647042|
647043|
647044|
647045|
647046|
647047|
647072|
647073|
647074|
647075|
647076|
647077|
647078|
647079|
647104|
647105|
647106|
647107|
647108|
647109|
647110|
647111|
647136|
647137|
647138|
647139|
647140|
647141|
647142|
647143|
647168|
647169|
647170|
647171|
647172|
647173|
647174|
647175|
647200|
647201|
647202|
647203|
647204|
647205|
647206|
647207|
647232|
647233|
647234|
647235|
647236|
647237|
647238|
647239|
647264|
647265|
647266|
647267|
647268|
647269|
647270|
647271|
647296|
647297|
647298|
647299|
647300|
647301|
647302|
647303|
647328|
647329|
647330|
647331|
647332|
647333|
647334|
647335|
647360|
647361|
647362|
647363|
647364|
647365|
647366|
647367|
647392|
647393|
647394|
647395|
647396|
647397|
647398|
647399|
647424|
647425|
647426|
647427|
647428|
647429|
647430|
647431|
647456|
647457|
647458|
647459|
647460|
647461|
647462|
647463|
647488|
647489|
647490|
647491|
647492|
647493|
647494|
647495|
647520|
647521|
647522|
647523|
647524|
647525|
647526|
647527|
647552|
647553|
647554|
647555|
647556|
647557|
647558|
647559|
647584|
647585|
647586|
647587|
647588|
647589|
647590|
647591|
647616|
647617|
647618|
647619|
647620|
647621|
647622|
647623|
647648|
647649|
647650|
647651|
647652|
647653|
647654|
647655|
647680|
647681|
647682|
647683|
647684|
647685|
647686|
647687|
647712|
647713|
647714|
647715|
647716|
647717|
647718|
647719|
647744|
647745|
647746|
647747|
647748|
647749|
647750|
647751|
647776|
647777|
647778|
647779|
647780|
647781|
647782|
647783|
647808|
647809|
647810|
647811|
647812|
647813|
647814|
647815|
647840|
647841|
647842|
647843|
647844|
647845|
647846|
647847|
647872|
647873|
647874|
647875|
647876|
647877|
647878|
647879|
647904|
647905|
647906|
647907|
647908|
647909|
647910|
647911|
647936|
647937|
647938|
647939|
647940|
647941|
647942|
647943|
647968|
647969|
647970|
647971|
647972|
647973|
647974|
647975|
648000|
