756001|
756002|
756003|
756004|
756005|
756006|
756007|
756032|
756033|
756034|
756035|
756036|
756037|
756038|
756039|
756064|
756065|
756066|
756067|
756068|
756069|
756070|
756071|
756096|
756097|
756098|
756099|
756100|
756101|
756102|
756103|
756128|
756129|
756130|
756131|
756132|
756133|
756134|
756135|
756160|
756161|
756162|
756163|
756164|
756165|
756166|
756167|
756192|
756193|
756194|
756195|
756196|
756197|
756198|
756199|
756224|
756225|
756226|
756227|
756228|
756229|
756230|
756231|
756256|
756257|
756258|
756259|
756260|
756261|
756262|
756263|
756288|
756289|
756290|
756291|
756292|
756293|
756294|
756295|
756320|
756321|
756322|
756323|
756324|
756325|
756326|
756327|
756352|
756353|
756354|
756355|
756356|
756357|
756358|
756359|
756384|
756385|
756386|
756387|
756388|
756389|
756390|
756391|
756416|
756417|
756418|
756419|
756420|
756421|
756422|
756423|
756448|
756449|
756450|
756451|
756452|
756453|
756454|
756455|
756480|
756481|
756482|
756483|
756484|
756485|
756486|
756487|
756512|
756513|
756514|
756515|
756516|
756517|
756518|
756519|
756544|
756545|
756546|
756547|
756548|
756549|
756550|
756551|
756576|
756577|
756578|
756579|
756580|
756581|
756582|
756583|
756608|
756609|
756610|
756611|
756612|
756613|
756614|
756615|
756640|
756641|
756642|
756643|
756644|
756645|
756646|
756647|
756672|
756673|
756674|
756675|
756676|
756677|
756678|
756679|
756704|
756705|
756706|
756707|
756708|
756709|
756710|
756711|
756736|
756737|
756738|
756739|
756740|
756741|
756742|
756743|
756768|
756769|
756770|
756771|
756772|
756773|
756774|
756775|
756800|
756801|
756802|
756803|
756804|
756805|
756806|
756807|
756832|
756833|
756834|
756835|
756836|
756837|
756838|
756839|
756864|
756865|
756866|
756867|
756868|
756869|
756870|
756871|
756896|
756897|
756898|
756899|
756900|
756901|
756902|
756903|
756928|
756929|
756930|
756931|
756932|
756933|
756934|
756935|
756960|
756961|
756962|
756963|
756964|
756965|
756966|
756967|
756992|
756993|
756994|
756995|
756996|
756997|
756998|
756999|
757024|
757025|
757026|
757027|
757028|
757029|
757030|
757031|
757056|
757057|
757058|
757059|
757060|
757061|
757062|
757063|
757088|
757089|
757090|
757091|
757092|
757093|
757094|
757095|
757120|
757121|
757122|
757123|
757124|
757125|
757126|
757127|
757152|
757153|
757154|
757155|
757156|
757157|
757158|
757159|
757184|
757185|
757186|
757187|
757188|
757189|
757190|
757191|
757216|
757217|
757218|
757219|
757220|
757221|
757222|
757223|
757248|
757249|
757250|
757251|
757252|
757253|
757254|
757255|
757280|
757281|
757282|
757283|
757284|
757285|
757286|
757287|
757312|
757313|
757314|
757315|
757316|
757317|
757318|
757319|
757344|
757345|
757346|
757347|
757348|
757349|
757350|
757351|
757376|
757377|
757378|
757379|
757380|
757381|
757382|
757383|
757408|
757409|
757410|
757411|
757412|
757413|
757414|
757415|
757440|
757441|
757442|
757443|
757444|
757445|
757446|
757447|
757472|
757473|
757474|
757475|
757476|
757477|
757478|
757479|
757504|
757505|
757506|
757507|
757508|
757509|
757510|
757511|
757536|
757537|
757538|
757539|
757540|
757541|
757542|
757543|
757568|
757569|
757570|
757571|
757572|
757573|
757574|
757575|
757600|
757601|
757602|
757603|
757604|
757605|
757606|
757607|
757632|
757633|
757634|
757635|
757636|
757637|
757638|
757639|
757664|
757665|
757666|
757667|
757668|
757669|
757670|
757671|
757696|
757697|
757698|
757699|
757700|
757701|
757702|
757703|
757728|
757729|
757730|
757731|
757732|
757733|
757734|
757735|
757760|
757761|
757762|
757763|
757764|
757765|
757766|
757767|
757792|
757793|
757794|
757795|
757796|
757797|
757798|
757799|
757824|
757825|
757826|
757827|
757828|
757829|
757830|
757831|
757856|
757857|
757858|
757859|
757860|
757861|
757862|
757863|
757888|
757889|
757890|
757891|
757892|
757893|
757894|
757895|
757920|
757921|
757922|
757923|
757924|
757925|
757926|
757927|
757952|
757953|
757954|
757955|
757956|
757957|
757958|
757959|
757984|
757985|
757986|
757987|
757988|
757989|
757990|
757991|
758016|
758017|
758018|
758019|
758020|
758021|
758022|
758023|
758048|
758049|
758050|
758051|
758052|
758053|
758054|
758055|
758080|
758081|
758082|
758083|
758084|
758085|
758086|
758087|
758112|
758113|
758114|
758115|
758116|
758117|
758118|
758119|
758144|
758145|
758146|
758147|
758148|
758149|
758150|
758151|
758176|
758177|
758178|
758179|
758180|
758181|
758182|
758183|
758208|
758209|
758210|
758211|
758212|
758213|
758214|
758215|
758240|
758241|
758242|
758243|
758244|
758245|
758246|
758247|
758272|
758273|
758274|
758275|
758276|
758277|
758278|
758279|
758304|
758305|
758306|
758307|
758308|
758309|
758310|
758311|
758336|
758337|
758338|
758339|
758340|
758341|
758342|
758343|
758368|
758369|
758370|
758371|
758372|
758373|
758374|
758375|
758400|
758401|
758402|
758403|
758404|
758405|
758406|
758407|
758432|
758433|
758434|
758435|
758436|
758437|
758438|
758439|
758464|
758465|
758466|
758467|
758468|
758469|
758470|
758471|
758496|
758497|
758498|
758499|
758500|
758501|
758502|
758503|
758528|
758529|
758530|
758531|
758532|
758533|
758534|
758535|
758560|
758561|
758562|
758563|
758564|
758565|
758566|
758567|
758592|
758593|
758594|
758595|
758596|
758597|
758598|
758599|
758624|
758625|
758626|
758627|
758628|
758629|
758630|
758631|
758656|
758657|
758658|
758659|
758660|
758661|
758662|
758663|
758688|
758689|
758690|
758691|
758692|
758693|
758694|
758695|
758720|
758721|
758722|
758723|
758724|
758725|
758726|
758727|
758752|
758753|
758754|
758755|
758756|
758757|
758758|
758759|
758784|
758785|
758786|
758787|
758788|
758789|
758790|
758791|
758816|
758817|
758818|
758819|
758820|
758821|
758822|
758823|
758848|
758849|
758850|
758851|
758852|
758853|
758854|
758855|
758880|
758881|
758882|
758883|
758884|
758885|
758886|
758887|
758912|
758913|
758914|
758915|
758916|
758917|
758918|
758919|
758944|
758945|
758946|
758947|
758948|
758949|
758950|
758951|
758976|
758977|
758978|
758979|
758980|
758981|
758982|
758983|
759008|
759009|
759010|
759011|
759012|
759013|
759014|
759015|
759040|
759041|
759042|
759043|
759044|
759045|
759046|
759047|
759072|
759073|
759074|
759075|
759076|
759077|
759078|
759079|
759104|
759105|
759106|
759107|
759108|
759109|
759110|
759111|
759136|
759137|
759138|
759139|
759140|
759141|
759142|
759143|
759168|
759169|
759170|
759171|
759172|
759173|
759174|
759175|
759200|
759201|
759202|
759203|
759204|
759205|
759206|
759207|
759232|
759233|
759234|
759235|
759236|
759237|
759238|
759239|
759264|
759265|
759266|
759267|
759268|
759269|
759270|
759271|
759296|
759297|
759298|
759299|
759300|
759301|
759302|
759303|
759328|
759329|
759330|
759331|
759332|
759333|
759334|
759335|
759360|
759361|
759362|
759363|
759364|
759365|
759366|
759367|
759392|
759393|
759394|
759395|
759396|
759397|
759398|
759399|
759424|
759425|
759426|
759427|
759428|
759429|
759430|
759431|
759456|
759457|
759458|
759459|
759460|
759461|
759462|
759463|
759488|
759489|
759490|
759491|
759492|
759493|
759494|
759495|
759520|
759521|
759522|
759523|
759524|
759525|
759526|
759527|
759552|
759553|
759554|
759555|
759556|
759557|
759558|
759559|
759584|
759585|
759586|
759587|
759588|
759589|
759590|
759591|
759616|
759617|
759618|
759619|
759620|
759621|
759622|
759623|
759648|
759649|
759650|
759651|
759652|
759653|
759654|
759655|
759680|
759681|
759682|
759683|
759684|
759685|
759686|
759687|
759712|
759713|
759714|
759715|
759716|
759717|
759718|
759719|
759744|
759745|
759746|
759747|
759748|
759749|
759750|
759751|
759776|
759777|
759778|
759779|
759780|
759781|
759782|
759783|
759808|
759809|
759810|
759811|
759812|
759813|
759814|
759815|
759840|
759841|
759842|
759843|
759844|
759845|
759846|
759847|
759872|
759873|
759874|
759875|
759876|
759877|
759878|
759879|
759904|
759905|
759906|
759907|
759908|
759909|
759910|
759911|
759936|
759937|
759938|
759939|
759940|
759941|
759942|
759943|
759968|
759969|
759970|
759971|
759972|
759973|
759974|
759975|
760000|
760001|
760002|
760003|
760004|
760005|
760006|
760007|
760032|
760033|
760034|
760035|
760036|
760037|
760038|
760039|
760064|
760065|
760066|
760067|
760068|
760069|
760070|
760071|
760096|
760097|
760098|
760099|
760100|
760101|
760102|
760103|
760128|
760129|
760130|
760131|
760132|
760133|
760134|
760135|
760160|
760161|
760162|
760163|
760164|
760165|
760166|
760167|
760192|
760193|
760194|
760195|
760196|
760197|
760198|
760199|
760224|
760225|
760226|
760227|
760228|
760229|
760230|
760231|
760256|
760257|
760258|
760259|
760260|
760261|
760262|
760263|
760288|
760289|
760290|
760291|
760292|
760293|
760294|
760295|
760320|
760321|
760322|
760323|
760324|
760325|
760326|
760327|
760352|
760353|
760354|
760355|
760356|
760357|
760358|
760359|
760384|
760385|
760386|
760387|
760388|
760389|
760390|
760391|
760416|
760417|
760418|
760419|
760420|
760421|
760422|
760423|
760448|
760449|
760450|
760451|
760452|
760453|
760454|
760455|
760480|
760481|
760482|
760483|
760484|
760485|
760486|
760487|
760512|
760513|
760514|
760515|
760516|
760517|
760518|
760519|
760544|
760545|
760546|
760547|
760548|
760549|
760550|
760551|
760576|
760577|
760578|
760579|
760580|
760581|
760582|
760583|
760608|
760609|
760610|
760611|
760612|
760613|
760614|
760615|
760640|
760641|
760642|
760643|
760644|
760645|
760646|
760647|
760672|
760673|
760674|
760675|
760676|
760677|
760678|
760679|
760704|
760705|
760706|
760707|
760708|
760709|
760710|
760711|
760736|
760737|
760738|
760739|
760740|
760741|
760742|
760743|
760768|
760769|
760770|
760771|
760772|
760773|
760774|
760775|
760800|
760801|
760802|
760803|
760804|
760805|
760806|
760807|
760832|
760833|
760834|
760835|
760836|
760837|
760838|
760839|
760864|
760865|
760866|
760867|
760868|
760869|
760870|
760871|
760896|
760897|
760898|
760899|
760900|
760901|
760902|
760903|
760928|
760929|
760930|
760931|
760932|
760933|
760934|
760935|
760960|
760961|
760962|
760963|
760964|
760965|
760966|
760967|
760992|
760993|
760994|
760995|
760996|
760997|
760998|
760999|
761024|
761025|
761026|
761027|
761028|
761029|
761030|
761031|
761056|
761057|
761058|
761059|
761060|
761061|
761062|
761063|
761088|
761089|
761090|
761091|
761092|
761093|
761094|
761095|
761120|
761121|
761122|
761123|
761124|
761125|
761126|
761127|
761152|
761153|
761154|
761155|
761156|
761157|
761158|
761159|
761184|
761185|
761186|
761187|
761188|
761189|
761190|
761191|
761216|
761217|
761218|
761219|
761220|
761221|
761222|
761223|
761248|
761249|
761250|
761251|
761252|
761253|
761254|
761255|
761280|
761281|
761282|
761283|
761284|
761285|
761286|
761287|
761312|
761313|
761314|
761315|
761316|
761317|
761318|
761319|
761344|
761345|
761346|
761347|
761348|
761349|
761350|
761351|
761376|
761377|
761378|
761379|
761380|
761381|
761382|
761383|
761408|
761409|
761410|
761411|
761412|
761413|
761414|
761415|
761440|
761441|
761442|
761443|
761444|
761445|
761446|
761447|
761472|
761473|
761474|
761475|
761476|
761477|
761478|
761479|
761504|
761505|
761506|
761507|
761508|
761509|
761510|
761511|
761536|
761537|
761538|
761539|
761540|
761541|
761542|
761543|
761568|
761569|
761570|
761571|
761572|
761573|
761574|
761575|
761600|
761601|
761602|
761603|
761604|
761605|
761606|
761607|
761632|
761633|
761634|
761635|
761636|
761637|
761638|
761639|
761664|
761665|
761666|
761667|
761668|
761669|
761670|
761671|
761696|
761697|
761698|
761699|
761700|
761701|
761702|
761703|
761728|
761729|
761730|
761731|
761732|
761733|
761734|
761735|
761760|
761761|
761762|
761763|
761764|
761765|
761766|
761767|
761792|
761793|
761794|
761795|
761796|
761797|
761798|
761799|
761824|
761825|
761826|
761827|
761828|
761829|
761830|
761831|
761856|
761857|
761858|
761859|
761860|
761861|
761862|
761863|
761888|
761889|
761890|
761891|
761892|
761893|
761894|
761895|
761920|
761921|
761922|
761923|
761924|
761925|
761926|
761927|
761952|
761953|
761954|
761955|
761956|
761957|
761958|
761959|
761984|
761985|
761986|
761987|
761988|
