2417989|
2417990|
2417991|
2418016|
2418017|
2418018|
2418019|
2418020|
2418021|
2418022|
2418023|
2418048|
2418049|
2418050|
2418051|
2418052|
2418053|
2418054|
2418055|
2418080|
2418081|
2418082|
2418083|
2418084|
2418085|
2418086|
2418087|
2418112|
2418113|
2418114|
2418115|
2418116|
2418117|
2418118|
2418119|
2418144|
2418145|
2418146|
2418147|
2418148|
2418149|
2418150|
2418151|
2418176|
2418177|
2418178|
2418179|
2418180|
2418181|
2418182|
2418183|
2418208|
2418209|
2418210|
2418211|
2418212|
2418213|
2418214|
2418215|
2418240|
2418241|
2418242|
2418243|
2418244|
2418245|
2418246|
2418247|
2418272|
2418273|
2418274|
2418275|
2418276|
2418277|
2418278|
2418279|
2418304|
2418305|
2418306|
2418307|
2418308|
2418309|
2418310|
2418311|
2418336|
2418337|
2418338|
2418339|
2418340|
2418341|
2418342|
2418343|
2418368|
2418369|
2418370|
2418371|
2418372|
2418373|
2418374|
2418375|
2418400|
2418401|
2418402|
2418403|
2418404|
2418405|
2418406|
2418407|
2418432|
2418433|
2418434|
2418435|
2418436|
2418437|
2418438|
2418439|
2418464|
2418465|
2418466|
2418467|
2418468|
2418469|
2418470|
2418471|
2418496|
2418497|
2418498|
2418499|
2418500|
2418501|
2418502|
2418503|
2418528|
2418529|
2418530|
2418531|
2418532|
2418533|
2418534|
2418535|
2418560|
2418561|
2418562|
2418563|
2418564|
2418565|
2418566|
2418567|
2418592|
2418593|
2418594|
2418595|
2418596|
2418597|
2418598|
2418599|
2418624|
2418625|
2418626|
2418627|
2418628|
2418629|
2418630|
2418631|
2418656|
2418657|
2418658|
2418659|
2418660|
2418661|
2418662|
2418663|
2418688|
2418689|
2418690|
2418691|
2418692|
2418693|
2418694|
2418695|
2418720|
2418721|
2418722|
2418723|
2418724|
2418725|
2418726|
2418727|
2418752|
2418753|
2418754|
2418755|
2418756|
2418757|
2418758|
2418759|
2418784|
2418785|
2418786|
2418787|
2418788|
2418789|
2418790|
2418791|
2418816|
2418817|
2418818|
2418819|
2418820|
2418821|
2418822|
2418823|
2418848|
2418849|
2418850|
2418851|
2418852|
2418853|
2418854|
2418855|
2418880|
2418881|
2418882|
2418883|
2418884|
2418885|
2418886|
2418887|
2418912|
2418913|
2418914|
2418915|
2418916|
2418917|
2418918|
2418919|
2418944|
2418945|
2418946|
2418947|
2418948|
2418949|
2418950|
2418951|
2418976|
2418977|
2418978|
2418979|
2418980|
2418981|
2418982|
2418983|
2419008|
2419009|
2419010|
2419011|
2419012|
2419013|
2419014|
2419015|
2419040|
2419041|
2419042|
2419043|
2419044|
2419045|
2419046|
2419047|
2419072|
2419073|
2419074|
2419075|
2419076|
2419077|
2419078|
2419079|
2419104|
2419105|
2419106|
2419107|
2419108|
2419109|
2419110|
2419111|
2419136|
2419137|
2419138|
2419139|
2419140|
2419141|
2419142|
2419143|
2419168|
2419169|
2419170|
2419171|
2419172|
2419173|
2419174|
2419175|
2419200|
2419201|
2419202|
2419203|
2419204|
2419205|
2419206|
2419207|
2419232|
2419233|
2419234|
2419235|
2419236|
2419237|
2419238|
2419239|
2419264|
2419265|
2419266|
2419267|
2419268|
2419269|
2419270|
2419271|
2419296|
2419297|
2419298|
2419299|
2419300|
2419301|
2419302|
2419303|
2419328|
2419329|
2419330|
2419331|
2419332|
2419333|
2419334|
2419335|
2419360|
2419361|
2419362|
2419363|
2419364|
2419365|
2419366|
2419367|
2419392|
2419393|
2419394|
2419395|
2419396|
2419397|
2419398|
2419399|
2419424|
2419425|
2419426|
2419427|
2419428|
2419429|
2419430|
2419431|
2419456|
2419457|
2419458|
2419459|
2419460|
2419461|
2419462|
2419463|
2419488|
2419489|
2419490|
2419491|
2419492|
2419493|
2419494|
2419495|
2419520|
2419521|
2419522|
2419523|
2419524|
2419525|
2419526|
2419527|
2419552|
2419553|
2419554|
2419555|
2419556|
2419557|
2419558|
2419559|
2419584|
2419585|
2419586|
2419587|
2419588|
2419589|
2419590|
2419591|
2419616|
2419617|
2419618|
2419619|
2419620|
2419621|
2419622|
2419623|
2419648|
2419649|
2419650|
2419651|
2419652|
2419653|
2419654|
2419655|
2419680|
2419681|
2419682|
2419683|
2419684|
2419685|
2419686|
2419687|
2419712|
2419713|
2419714|
2419715|
2419716|
2419717|
2419718|
2419719|
2419744|
2419745|
2419746|
2419747|
2419748|
2419749|
2419750|
2419751|
2419776|
2419777|
2419778|
2419779|
2419780|
2419781|
2419782|
2419783|
2419808|
2419809|
2419810|
2419811|
2419812|
2419813|
2419814|
2419815|
2419840|
2419841|
2419842|
2419843|
2419844|
2419845|
2419846|
2419847|
2419872|
2419873|
2419874|
2419875|
2419876|
2419877|
2419878|
2419879|
2419904|
2419905|
2419906|
2419907|
2419908|
2419909|
2419910|
2419911|
2419936|
2419937|
2419938|
2419939|
2419940|
2419941|
2419942|
2419943|
2419968|
2419969|
2419970|
2419971|
2419972|
2419973|
2419974|
2419975|
2420000|
2420001|
2420002|
2420003|
2420004|
2420005|
2420006|
2420007|
2420032|
2420033|
2420034|
2420035|
2420036|
2420037|
2420038|
2420039|
2420064|
2420065|
2420066|
2420067|
2420068|
2420069|
2420070|
2420071|
2420096|
2420097|
2420098|
2420099|
2420100|
2420101|
2420102|
2420103|
2420128|
2420129|
2420130|
2420131|
2420132|
2420133|
2420134|
2420135|
2420160|
2420161|
2420162|
2420163|
2420164|
2420165|
2420166|
2420167|
2420192|
2420193|
2420194|
2420195|
2420196|
2420197|
2420198|
2420199|
2420224|
2420225|
2420226|
2420227|
2420228|
2420229|
2420230|
2420231|
2420256|
2420257|
2420258|
2420259|
2420260|
2420261|
2420262|
2420263|
2420288|
2420289|
2420290|
2420291|
2420292|
2420293|
2420294|
2420295|
2420320|
2420321|
2420322|
2420323|
2420324|
2420325|
2420326|
2420327|
2420352|
2420353|
2420354|
2420355|
2420356|
2420357|
2420358|
2420359|
2420384|
2420385|
2420386|
2420387|
2420388|
2420389|
2420390|
2420391|
2420416|
2420417|
2420418|
2420419|
2420420|
2420421|
2420422|
2420423|
2420448|
2420449|
2420450|
2420451|
2420452|
2420453|
2420454|
2420455|
2420480|
2420481|
2420482|
2420483|
2420484|
2420485|
2420486|
2420487|
2420512|
2420513|
2420514|
2420515|
2420516|
2420517|
2420518|
2420519|
2420544|
2420545|
2420546|
2420547|
2420548|
2420549|
2420550|
2420551|
2420576|
2420577|
2420578|
2420579|
2420580|
2420581|
2420582|
2420583|
2420608|
2420609|
2420610|
2420611|
2420612|
2420613|
2420614|
2420615|
2420640|
2420641|
2420642|
2420643|
2420644|
2420645|
2420646|
2420647|
2420672|
2420673|
2420674|
2420675|
2420676|
2420677|
2420678|
2420679|
2420704|
2420705|
2420706|
2420707|
2420708|
2420709|
2420710|
2420711|
2420736|
2420737|
2420738|
2420739|
2420740|
2420741|
2420742|
2420743|
2420768|
2420769|
2420770|
2420771|
2420772|
2420773|
2420774|
2420775|
2420800|
2420801|
2420802|
2420803|
2420804|
2420805|
2420806|
2420807|
2420832|
2420833|
2420834|
2420835|
2420836|
2420837|
2420838|
2420839|
2420864|
2420865|
2420866|
2420867|
2420868|
2420869|
2420870|
2420871|
2420896|
2420897|
2420898|
2420899|
2420900|
2420901|
2420902|
2420903|
2420928|
2420929|
2420930|
2420931|
2420932|
2420933|
2420934|
2420935|
2420960|
2420961|
2420962|
2420963|
2420964|
2420965|
2420966|
2420967|
2420992|
2420993|
2420994|
2420995|
2420996|
2420997|
2420998|
2420999|
2421024|
2421025|
2421026|
2421027|
2421028|
2421029|
2421030|
2421031|
2421056|
2421057|
2421058|
2421059|
2421060|
2421061|
2421062|
2421063|
2421088|
2421089|
2421090|
2421091|
2421092|
2421093|
2421094|
2421095|
2421120|
2421121|
2421122|
2421123|
2421124|
2421125|
2421126|
2421127|
2421152|
2421153|
2421154|
2421155|
2421156|
2421157|
2421158|
2421159|
2421184|
2421185|
2421186|
2421187|
2421188|
2421189|
2421190|
2421191|
2421216|
2421217|
2421218|
2421219|
2421220|
2421221|
2421222|
2421223|
2421248|
2421249|
2421250|
2421251|
2421252|
2421253|
2421254|
2421255|
2421280|
2421281|
2421282|
2421283|
2421284|
2421285|
2421286|
2421287|
2421312|
2421313|
2421314|
2421315|
2421316|
2421317|
2421318|
2421319|
2421344|
2421345|
2421346|
2421347|
2421348|
2421349|
2421350|
2421351|
2421376|
2421377|
2421378|
2421379|
2421380|
2421381|
2421382|
2421383|
2421408|
2421409|
2421410|
2421411|
2421412|
2421413|
2421414|
2421415|
2421440|
2421441|
2421442|
2421443|
2421444|
2421445|
2421446|
2421447|
2421472|
2421473|
2421474|
2421475|
2421476|
2421477|
2421478|
2421479|
2421504|
2421505|
2421506|
2421507|
2421508|
2421509|
2421510|
2421511|
2421536|
2421537|
2421538|
2421539|
2421540|
2421541|
2421542|
2421543|
2421568|
2421569|
2421570|
2421571|
2421572|
2421573|
2421574|
2421575|
2421600|
2421601|
2421602|
2421603|
2421604|
2421605|
2421606|
2421607|
2421632|
2421633|
2421634|
2421635|
2421636|
2421637|
2421638|
2421639|
2421664|
2421665|
2421666|
2421667|
2421668|
2421669|
2421670|
2421671|
2421696|
2421697|
2421698|
2421699|
2421700|
2421701|
2421702|
2421703|
2421728|
2421729|
2421730|
2421731|
2421732|
2421733|
2421734|
2421735|
2421760|
2421761|
2421762|
2421763|
2421764|
2421765|
2421766|
2421767|
2421792|
2421793|
2421794|
2421795|
2421796|
2421797|
2421798|
2421799|
2421824|
2421825|
2421826|
2421827|
2421828|
2421829|
2421830|
2421831|
2421856|
2421857|
2421858|
2421859|
2421860|
2421861|
2421862|
2421863|
2421888|
2421889|
2421890|
2421891|
2421892|
2421893|
2421894|
2421895|
2421920|
2421921|
2421922|
2421923|
2421924|
2421925|
2421926|
2421927|
2421952|
2421953|
2421954|
2421955|
2421956|
2421957|
2421958|
2421959|
2421984|
2421985|
2421986|
2421987|
2421988|
2421989|
2421990|
2421991|
2422016|
2422017|
2422018|
2422019|
2422020|
2422021|
2422022|
2422023|
2422048|
2422049|
2422050|
2422051|
2422052|
2422053|
2422054|
2422055|
2422080|
2422081|
2422082|
2422083|
2422084|
2422085|
2422086|
2422087|
2422112|
2422113|
2422114|
2422115|
2422116|
2422117|
2422118|
2422119|
2422144|
2422145|
2422146|
2422147|
2422148|
2422149|
2422150|
2422151|
2422176|
2422177|
2422178|
2422179|
2422180|
2422181|
2422182|
2422183|
2422208|
2422209|
2422210|
2422211|
2422212|
2422213|
2422214|
2422215|
2422240|
2422241|
2422242|
2422243|
2422244|
2422245|
2422246|
2422247|
2422272|
2422273|
2422274|
2422275|
2422276|
2422277|
2422278|
2422279|
2422304|
2422305|
2422306|
2422307|
2422308|
2422309|
2422310|
2422311|
2422336|
2422337|
2422338|
2422339|
2422340|
2422341|
2422342|
2422343|
2422368|
2422369|
2422370|
2422371|
2422372|
2422373|
2422374|
2422375|
2422400|
2422401|
2422402|
2422403|
2422404|
2422405|
2422406|
2422407|
2422432|
2422433|
2422434|
2422435|
2422436|
2422437|
2422438|
2422439|
2422464|
2422465|
2422466|
2422467|
2422468|
2422469|
2422470|
2422471|
2422496|
2422497|
2422498|
2422499|
2422500|
2422501|
2422502|
2422503|
2422528|
2422529|
2422530|
2422531|
2422532|
2422533|
2422534|
2422535|
2422560|
2422561|
2422562|
2422563|
2422564|
2422565|
2422566|
2422567|
2422592|
2422593|
2422594|
2422595|
2422596|
2422597|
2422598|
2422599|
2422624|
2422625|
2422626|
2422627|
2422628|
2422629|
2422630|
2422631|
2422656|
2422657|
2422658|
2422659|
2422660|
2422661|
2422662|
2422663|
2422688|
2422689|
2422690|
2422691|
2422692|
2422693|
2422694|
2422695|
2422720|
2422721|
2422722|
2422723|
2422724|
2422725|
2422726|
2422727|
2422752|
2422753|
2422754|
2422755|
2422756|
2422757|
2422758|
2422759|
2422784|
2422785|
2422786|
2422787|
2422788|
2422789|
2422790|
2422791|
2422816|
2422817|
2422818|
2422819|
2422820|
2422821|
2422822|
2422823|
2422848|
2422849|
2422850|
2422851|
2422852|
2422853|
2422854|
2422855|
2422880|
2422881|
2422882|
2422883|
2422884|
2422885|
2422886|
2422887|
2422912|
2422913|
2422914|
2422915|
2422916|
2422917|
2422918|
2422919|
2422944|
2422945|
2422946|
2422947|
2422948|
2422949|
2422950|
2422951|
2422976|
2422977|
2422978|
2422979|
2422980|
2422981|
2422982|
2422983|
2423008|
2423009|
2423010|
2423011|
2423012|
2423013|
2423014|
2423015|
2423040|
2423041|
2423042|
2423043|
2423044|
2423045|
2423046|
2423047|
2423072|
2423073|
2423074|
2423075|
2423076|
2423077|
2423078|
2423079|
2423104|
2423105|
2423106|
2423107|
2423108|
2423109|
2423110|
2423111|
2423136|
2423137|
2423138|
2423139|
2423140|
2423141|
2423142|
2423143|
2423168|
2423169|
2423170|
2423171|
2423172|
2423173|
2423174|
2423175|
2423200|
2423201|
2423202|
2423203|
2423204|
2423205|
2423206|
2423207|
2423232|
2423233|
2423234|
2423235|
2423236|
2423237|
2423238|
2423239|
2423264|
2423265|
2423266|
2423267|
2423268|
2423269|
2423270|
2423271|
2423296|
2423297|
2423298|
2423299|
2423300|
2423301|
2423302|
2423303|
2423328|
2423329|
2423330|
2423331|
2423332|
2423333|
2423334|
2423335|
2423360|
2423361|
2423362|
2423363|
2423364|
2423365|
2423366|
2423367|
2423392|
2423393|
2423394|
2423395|
2423396|
2423397|
2423398|
2423399|
2423424|
2423425|
2423426|
2423427|
2423428|
2423429|
2423430|
2423431|
2423456|
2423457|
2423458|
2423459|
2423460|
2423461|
2423462|
2423463|
2423488|
2423489|
2423490|
2423491|
2423492|
2423493|
2423494|
2423495|
2423520|
2423521|
2423522|
2423523|
2423524|
2423525|
2423526|
2423527|
2423552|
2423553|
2423554|
2423555|
2423556|
2423557|
2423558|
2423559|
2423584|
2423585|
2423586|
2423587|
2423588|
2423589|
2423590|
2423591|
2423616|
2423617|
2423618|
2423619|
2423620|
2423621|
2423622|
2423623|
2423648|
2423649|
2423650|
2423651|
2423652|
2423653|
2423654|
2423655|
2423680|
2423681|
2423682|
2423683|
2423684|
2423685|
2423686|
2423687|
2423712|
2423713|
2423714|
2423715|
2423716|
2423717|
2423718|
2423719|
2423744|
2423745|
2423746|
2423747|
2423748|
2423749|
2423750|
2423751|
2423776|
2423777|
2423778|
2423779|
2423780|
2423781|
2423782|
2423783|
2423808|
2423809|
2423810|
2423811|
2423812|
2423813|
2423814|
2423815|
2423840|
2423841|
2423842|
2423843|
2423844|
2423845|
2423846|
2423847|
2423872|
2423873|
2423874|
2423875|
2423876|
2423877|
2423878|
2423879|
2423904|
2423905|
2423906|
2423907|
2423908|
2423909|
2423910|
2423911|
2423936|
2423937|
2423938|
2423939|
2423940|
2423941|
2423942|
2423943|
2423968|
2423969|
2423970|
2423971|
2423972|
2423973|
2423974|
2423975|
2424000|
