2825989|
2825990|
2825991|
2826016|
2826017|
2826018|
2826019|
2826020|
2826021|
2826022|
2826023|
2826048|
2826049|
2826050|
2826051|
2826052|
2826053|
2826054|
2826055|
2826080|
2826081|
2826082|
2826083|
2826084|
2826085|
2826086|
2826087|
2826112|
2826113|
2826114|
2826115|
2826116|
2826117|
2826118|
2826119|
2826144|
2826145|
2826146|
2826147|
2826148|
2826149|
2826150|
2826151|
2826176|
2826177|
2826178|
2826179|
2826180|
2826181|
2826182|
2826183|
2826208|
2826209|
2826210|
2826211|
2826212|
2826213|
2826214|
2826215|
2826240|
2826241|
2826242|
2826243|
2826244|
2826245|
2826246|
2826247|
2826272|
2826273|
2826274|
2826275|
2826276|
2826277|
2826278|
2826279|
2826304|
2826305|
2826306|
2826307|
2826308|
2826309|
2826310|
2826311|
2826336|
2826337|
2826338|
2826339|
2826340|
2826341|
2826342|
2826343|
2826368|
2826369|
2826370|
2826371|
2826372|
2826373|
2826374|
2826375|
2826400|
2826401|
2826402|
2826403|
2826404|
2826405|
2826406|
2826407|
2826432|
2826433|
2826434|
2826435|
2826436|
2826437|
2826438|
2826439|
2826464|
2826465|
2826466|
2826467|
2826468|
2826469|
2826470|
2826471|
2826496|
2826497|
2826498|
2826499|
2826500|
2826501|
2826502|
2826503|
2826528|
2826529|
2826530|
2826531|
2826532|
2826533|
2826534|
2826535|
2826560|
2826561|
2826562|
2826563|
2826564|
2826565|
2826566|
2826567|
2826592|
2826593|
2826594|
2826595|
2826596|
2826597|
2826598|
2826599|
2826624|
2826625|
2826626|
2826627|
2826628|
2826629|
2826630|
2826631|
2826656|
2826657|
2826658|
2826659|
2826660|
2826661|
2826662|
2826663|
2826688|
2826689|
2826690|
2826691|
2826692|
2826693|
2826694|
2826695|
2826720|
2826721|
2826722|
2826723|
2826724|
2826725|
2826726|
2826727|
2826752|
2826753|
2826754|
2826755|
2826756|
2826757|
2826758|
2826759|
2826784|
2826785|
2826786|
2826787|
2826788|
2826789|
2826790|
2826791|
2826816|
2826817|
2826818|
2826819|
2826820|
2826821|
2826822|
2826823|
2826848|
2826849|
2826850|
2826851|
2826852|
2826853|
2826854|
2826855|
2826880|
2826881|
2826882|
2826883|
2826884|
2826885|
2826886|
2826887|
2826912|
2826913|
2826914|
2826915|
2826916|
2826917|
2826918|
2826919|
2826944|
2826945|
2826946|
2826947|
2826948|
2826949|
2826950|
2826951|
2826976|
2826977|
2826978|
2826979|
2826980|
2826981|
2826982|
2826983|
2827008|
2827009|
2827010|
2827011|
2827012|
2827013|
2827014|
2827015|
2827040|
2827041|
2827042|
2827043|
2827044|
2827045|
2827046|
2827047|
2827072|
2827073|
2827074|
2827075|
2827076|
2827077|
2827078|
2827079|
2827104|
2827105|
2827106|
2827107|
2827108|
2827109|
2827110|
2827111|
2827136|
2827137|
2827138|
2827139|
2827140|
2827141|
2827142|
2827143|
2827168|
2827169|
2827170|
2827171|
2827172|
2827173|
2827174|
2827175|
2827200|
2827201|
2827202|
2827203|
2827204|
2827205|
2827206|
2827207|
2827232|
2827233|
2827234|
2827235|
2827236|
2827237|
2827238|
2827239|
2827264|
2827265|
2827266|
2827267|
2827268|
2827269|
2827270|
2827271|
2827296|
2827297|
2827298|
2827299|
2827300|
2827301|
2827302|
2827303|
2827328|
2827329|
2827330|
2827331|
2827332|
2827333|
2827334|
2827335|
2827360|
2827361|
2827362|
2827363|
2827364|
2827365|
2827366|
2827367|
2827392|
2827393|
2827394|
2827395|
2827396|
2827397|
2827398|
2827399|
2827424|
2827425|
2827426|
2827427|
2827428|
2827429|
2827430|
2827431|
2827456|
2827457|
2827458|
2827459|
2827460|
2827461|
2827462|
2827463|
2827488|
2827489|
2827490|
2827491|
2827492|
2827493|
2827494|
2827495|
2827520|
2827521|
2827522|
2827523|
2827524|
2827525|
2827526|
2827527|
2827552|
2827553|
2827554|
2827555|
2827556|
2827557|
2827558|
2827559|
2827584|
2827585|
2827586|
2827587|
2827588|
2827589|
2827590|
2827591|
2827616|
2827617|
2827618|
2827619|
2827620|
2827621|
2827622|
2827623|
2827648|
2827649|
2827650|
2827651|
2827652|
2827653|
2827654|
2827655|
2827680|
2827681|
2827682|
2827683|
2827684|
2827685|
2827686|
2827687|
2827712|
2827713|
2827714|
2827715|
2827716|
2827717|
2827718|
2827719|
2827744|
2827745|
2827746|
2827747|
2827748|
2827749|
2827750|
2827751|
2827776|
2827777|
2827778|
2827779|
2827780|
2827781|
2827782|
2827783|
2827808|
2827809|
2827810|
2827811|
2827812|
2827813|
2827814|
2827815|
2827840|
2827841|
2827842|
2827843|
2827844|
2827845|
2827846|
2827847|
2827872|
2827873|
2827874|
2827875|
2827876|
2827877|
2827878|
2827879|
2827904|
2827905|
2827906|
2827907|
2827908|
2827909|
2827910|
2827911|
2827936|
2827937|
2827938|
2827939|
2827940|
2827941|
2827942|
2827943|
2827968|
2827969|
2827970|
2827971|
2827972|
2827973|
2827974|
2827975|
2828000|
2828001|
2828002|
2828003|
2828004|
2828005|
2828006|
2828007|
2828032|
2828033|
2828034|
2828035|
2828036|
2828037|
2828038|
2828039|
2828064|
2828065|
2828066|
2828067|
2828068|
2828069|
2828070|
2828071|
2828096|
2828097|
2828098|
2828099|
2828100|
2828101|
2828102|
2828103|
2828128|
2828129|
2828130|
2828131|
2828132|
2828133|
2828134|
2828135|
2828160|
2828161|
2828162|
2828163|
2828164|
2828165|
2828166|
2828167|
2828192|
2828193|
2828194|
2828195|
2828196|
2828197|
2828198|
2828199|
2828224|
2828225|
2828226|
2828227|
2828228|
2828229|
2828230|
2828231|
2828256|
2828257|
2828258|
2828259|
2828260|
2828261|
2828262|
2828263|
2828288|
2828289|
2828290|
2828291|
2828292|
2828293|
2828294|
2828295|
2828320|
2828321|
2828322|
2828323|
2828324|
2828325|
2828326|
2828327|
2828352|
2828353|
2828354|
2828355|
2828356|
2828357|
2828358|
2828359|
2828384|
2828385|
2828386|
2828387|
2828388|
2828389|
2828390|
2828391|
2828416|
2828417|
2828418|
2828419|
2828420|
2828421|
2828422|
2828423|
2828448|
2828449|
2828450|
2828451|
2828452|
2828453|
2828454|
2828455|
2828480|
2828481|
2828482|
2828483|
2828484|
2828485|
2828486|
2828487|
2828512|
2828513|
2828514|
2828515|
2828516|
2828517|
2828518|
2828519|
2828544|
2828545|
2828546|
2828547|
2828548|
2828549|
2828550|
2828551|
2828576|
2828577|
2828578|
2828579|
2828580|
2828581|
2828582|
2828583|
2828608|
2828609|
2828610|
2828611|
2828612|
2828613|
2828614|
2828615|
2828640|
2828641|
2828642|
2828643|
2828644|
2828645|
2828646|
2828647|
2828672|
2828673|
2828674|
2828675|
2828676|
2828677|
2828678|
2828679|
2828704|
2828705|
2828706|
2828707|
2828708|
2828709|
2828710|
2828711|
2828736|
2828737|
2828738|
2828739|
2828740|
2828741|
2828742|
2828743|
2828768|
2828769|
2828770|
2828771|
2828772|
2828773|
2828774|
2828775|
2828800|
2828801|
2828802|
2828803|
2828804|
2828805|
2828806|
2828807|
2828832|
2828833|
2828834|
2828835|
2828836|
2828837|
2828838|
2828839|
2828864|
2828865|
2828866|
2828867|
2828868|
2828869|
2828870|
2828871|
2828896|
2828897|
2828898|
2828899|
2828900|
2828901|
2828902|
2828903|
2828928|
2828929|
2828930|
2828931|
2828932|
2828933|
2828934|
2828935|
2828960|
2828961|
2828962|
2828963|
2828964|
2828965|
2828966|
2828967|
2828992|
2828993|
2828994|
2828995|
2828996|
2828997|
2828998|
2828999|
2829024|
2829025|
2829026|
2829027|
2829028|
2829029|
2829030|
2829031|
2829056|
2829057|
2829058|
2829059|
2829060|
2829061|
2829062|
2829063|
2829088|
2829089|
2829090|
2829091|
2829092|
2829093|
2829094|
2829095|
2829120|
2829121|
2829122|
2829123|
2829124|
2829125|
2829126|
2829127|
2829152|
2829153|
2829154|
2829155|
2829156|
2829157|
2829158|
2829159|
2829184|
2829185|
2829186|
2829187|
2829188|
2829189|
2829190|
2829191|
2829216|
2829217|
2829218|
2829219|
2829220|
2829221|
2829222|
2829223|
2829248|
2829249|
2829250|
2829251|
2829252|
2829253|
2829254|
2829255|
2829280|
2829281|
2829282|
2829283|
2829284|
2829285|
2829286|
2829287|
2829312|
2829313|
2829314|
2829315|
2829316|
2829317|
2829318|
2829319|
2829344|
2829345|
2829346|
2829347|
2829348|
2829349|
2829350|
2829351|
2829376|
2829377|
2829378|
2829379|
2829380|
2829381|
2829382|
2829383|
2829408|
2829409|
2829410|
2829411|
2829412|
2829413|
2829414|
2829415|
2829440|
2829441|
2829442|
2829443|
2829444|
2829445|
2829446|
2829447|
2829472|
2829473|
2829474|
2829475|
2829476|
2829477|
2829478|
2829479|
2829504|
2829505|
2829506|
2829507|
2829508|
2829509|
2829510|
2829511|
2829536|
2829537|
2829538|
2829539|
2829540|
2829541|
2829542|
2829543|
2829568|
2829569|
2829570|
2829571|
2829572|
2829573|
2829574|
2829575|
2829600|
2829601|
2829602|
2829603|
2829604|
2829605|
2829606|
2829607|
2829632|
2829633|
2829634|
2829635|
2829636|
2829637|
2829638|
2829639|
2829664|
2829665|
2829666|
2829667|
2829668|
2829669|
2829670|
2829671|
2829696|
2829697|
2829698|
2829699|
2829700|
2829701|
2829702|
2829703|
2829728|
2829729|
2829730|
2829731|
2829732|
2829733|
2829734|
2829735|
2829760|
2829761|
2829762|
2829763|
2829764|
2829765|
2829766|
2829767|
2829792|
2829793|
2829794|
2829795|
2829796|
2829797|
2829798|
2829799|
2829824|
2829825|
2829826|
2829827|
2829828|
2829829|
2829830|
2829831|
2829856|
2829857|
2829858|
2829859|
2829860|
2829861|
2829862|
2829863|
2829888|
2829889|
2829890|
2829891|
2829892|
2829893|
2829894|
2829895|
2829920|
2829921|
2829922|
2829923|
2829924|
2829925|
2829926|
2829927|
2829952|
2829953|
2829954|
2829955|
2829956|
2829957|
2829958|
2829959|
2829984|
2829985|
2829986|
2829987|
2829988|
2829989|
2829990|
2829991|
2830016|
2830017|
2830018|
2830019|
2830020|
2830021|
2830022|
2830023|
2830048|
2830049|
2830050|
2830051|
2830052|
2830053|
2830054|
2830055|
2830080|
2830081|
2830082|
2830083|
2830084|
2830085|
2830086|
2830087|
2830112|
2830113|
2830114|
2830115|
2830116|
2830117|
2830118|
2830119|
2830144|
2830145|
2830146|
2830147|
2830148|
2830149|
2830150|
2830151|
2830176|
2830177|
2830178|
2830179|
2830180|
2830181|
2830182|
2830183|
2830208|
2830209|
2830210|
2830211|
2830212|
2830213|
2830214|
2830215|
2830240|
2830241|
2830242|
2830243|
2830244|
2830245|
2830246|
2830247|
2830272|
2830273|
2830274|
2830275|
2830276|
2830277|
2830278|
2830279|
2830304|
2830305|
2830306|
2830307|
2830308|
2830309|
2830310|
2830311|
2830336|
2830337|
2830338|
2830339|
2830340|
2830341|
2830342|
2830343|
2830368|
2830369|
2830370|
2830371|
2830372|
2830373|
2830374|
2830375|
2830400|
2830401|
2830402|
2830403|
2830404|
2830405|
2830406|
2830407|
2830432|
2830433|
2830434|
2830435|
2830436|
2830437|
2830438|
2830439|
2830464|
2830465|
2830466|
2830467|
2830468|
2830469|
2830470|
2830471|
2830496|
2830497|
2830498|
2830499|
2830500|
2830501|
2830502|
2830503|
2830528|
2830529|
2830530|
2830531|
2830532|
2830533|
2830534|
2830535|
2830560|
2830561|
2830562|
2830563|
2830564|
2830565|
2830566|
2830567|
2830592|
2830593|
2830594|
2830595|
2830596|
2830597|
2830598|
2830599|
2830624|
2830625|
2830626|
2830627|
2830628|
2830629|
2830630|
2830631|
2830656|
2830657|
2830658|
2830659|
2830660|
2830661|
2830662|
2830663|
2830688|
2830689|
2830690|
2830691|
2830692|
2830693|
2830694|
2830695|
2830720|
2830721|
2830722|
2830723|
2830724|
2830725|
2830726|
2830727|
2830752|
2830753|
2830754|
2830755|
2830756|
2830757|
2830758|
2830759|
2830784|
2830785|
2830786|
2830787|
2830788|
2830789|
2830790|
2830791|
2830816|
2830817|
2830818|
2830819|
2830820|
2830821|
2830822|
2830823|
2830848|
2830849|
2830850|
2830851|
2830852|
2830853|
2830854|
2830855|
2830880|
2830881|
2830882|
2830883|
2830884|
2830885|
2830886|
2830887|
2830912|
2830913|
2830914|
2830915|
2830916|
2830917|
2830918|
2830919|
2830944|
2830945|
2830946|
2830947|
2830948|
2830949|
2830950|
2830951|
2830976|
2830977|
2830978|
2830979|
2830980|
2830981|
2830982|
2830983|
2831008|
2831009|
2831010|
2831011|
2831012|
2831013|
2831014|
2831015|
2831040|
2831041|
2831042|
2831043|
2831044|
2831045|
2831046|
2831047|
2831072|
2831073|
2831074|
2831075|
2831076|
2831077|
2831078|
2831079|
2831104|
2831105|
2831106|
2831107|
2831108|
2831109|
2831110|
2831111|
2831136|
2831137|
2831138|
2831139|
2831140|
2831141|
2831142|
2831143|
2831168|
2831169|
2831170|
2831171|
2831172|
2831173|
2831174|
2831175|
2831200|
2831201|
2831202|
2831203|
2831204|
2831205|
2831206|
2831207|
2831232|
2831233|
2831234|
2831235|
2831236|
2831237|
2831238|
2831239|
2831264|
2831265|
2831266|
2831267|
2831268|
2831269|
2831270|
2831271|
2831296|
2831297|
2831298|
2831299|
2831300|
2831301|
2831302|
2831303|
2831328|
2831329|
2831330|
2831331|
2831332|
2831333|
2831334|
2831335|
2831360|
2831361|
2831362|
2831363|
2831364|
2831365|
2831366|
2831367|
2831392|
2831393|
2831394|
2831395|
2831396|
2831397|
2831398|
2831399|
2831424|
2831425|
2831426|
2831427|
2831428|
2831429|
2831430|
2831431|
2831456|
2831457|
2831458|
2831459|
2831460|
2831461|
2831462|
2831463|
2831488|
2831489|
2831490|
2831491|
2831492|
2831493|
2831494|
2831495|
2831520|
2831521|
2831522|
2831523|
2831524|
2831525|
2831526|
2831527|
2831552|
2831553|
2831554|
2831555|
2831556|
2831557|
2831558|
2831559|
2831584|
2831585|
2831586|
2831587|
2831588|
2831589|
2831590|
2831591|
2831616|
2831617|
2831618|
2831619|
2831620|
2831621|
2831622|
2831623|
2831648|
2831649|
2831650|
2831651|
2831652|
2831653|
2831654|
2831655|
2831680|
2831681|
2831682|
2831683|
2831684|
2831685|
2831686|
2831687|
2831712|
2831713|
2831714|
2831715|
2831716|
2831717|
2831718|
2831719|
2831744|
2831745|
2831746|
2831747|
2831748|
2831749|
2831750|
2831751|
2831776|
2831777|
2831778|
2831779|
2831780|
2831781|
2831782|
2831783|
2831808|
2831809|
2831810|
2831811|
2831812|
2831813|
2831814|
2831815|
2831840|
2831841|
2831842|
2831843|
2831844|
2831845|
2831846|
2831847|
2831872|
2831873|
2831874|
2831875|
2831876|
2831877|
2831878|
2831879|
2831904|
2831905|
2831906|
2831907|
2831908|
2831909|
2831910|
2831911|
2831936|
2831937|
2831938|
2831939|
2831940|
2831941|
2831942|
2831943|
2831968|
2831969|
2831970|
2831971|
2831972|
2831973|
2831974|
2831975|
2832000|
