2076001|
2076002|
2076003|
2076004|
2076005|
2076006|
2076007|
2076032|
2076033|
2076034|
2076035|
2076036|
2076037|
2076038|
2076039|
2076064|
2076065|
2076066|
2076067|
2076068|
2076069|
2076070|
2076071|
2076096|
2076097|
2076098|
2076099|
2076100|
2076101|
2076102|
2076103|
2076128|
2076129|
2076130|
2076131|
2076132|
2076133|
2076134|
2076135|
2076160|
2076161|
2076162|
2076163|
2076164|
2076165|
2076166|
2076167|
2076192|
2076193|
2076194|
2076195|
2076196|
2076197|
2076198|
2076199|
2076224|
2076225|
2076226|
2076227|
2076228|
2076229|
2076230|
2076231|
2076256|
2076257|
2076258|
2076259|
2076260|
2076261|
2076262|
2076263|
2076288|
2076289|
2076290|
2076291|
2076292|
2076293|
2076294|
2076295|
2076320|
2076321|
2076322|
2076323|
2076324|
2076325|
2076326|
2076327|
2076352|
2076353|
2076354|
2076355|
2076356|
2076357|
2076358|
2076359|
2076384|
2076385|
2076386|
2076387|
2076388|
2076389|
2076390|
2076391|
2076416|
2076417|
2076418|
2076419|
2076420|
2076421|
2076422|
2076423|
2076448|
2076449|
2076450|
2076451|
2076452|
2076453|
2076454|
2076455|
2076480|
2076481|
2076482|
2076483|
2076484|
2076485|
2076486|
2076487|
2076512|
2076513|
2076514|
2076515|
2076516|
2076517|
2076518|
2076519|
2076544|
2076545|
2076546|
2076547|
2076548|
2076549|
2076550|
2076551|
2076576|
2076577|
2076578|
2076579|
2076580|
2076581|
2076582|
2076583|
2076608|
2076609|
2076610|
2076611|
2076612|
2076613|
2076614|
2076615|
2076640|
2076641|
2076642|
2076643|
2076644|
2076645|
2076646|
2076647|
2076672|
2076673|
2076674|
2076675|
2076676|
2076677|
2076678|
2076679|
2076704|
2076705|
2076706|
2076707|
2076708|
2076709|
2076710|
2076711|
2076736|
2076737|
2076738|
2076739|
2076740|
2076741|
2076742|
2076743|
2076768|
2076769|
2076770|
2076771|
2076772|
2076773|
2076774|
2076775|
2076800|
2076801|
2076802|
2076803|
2076804|
2076805|
2076806|
2076807|
2076832|
2076833|
2076834|
2076835|
2076836|
2076837|
2076838|
2076839|
2076864|
2076865|
2076866|
2076867|
2076868|
2076869|
2076870|
2076871|
2076896|
2076897|
2076898|
2076899|
2076900|
2076901|
2076902|
2076903|
2076928|
2076929|
2076930|
2076931|
2076932|
2076933|
2076934|
2076935|
2076960|
2076961|
2076962|
2076963|
2076964|
2076965|
2076966|
2076967|
2076992|
2076993|
2076994|
2076995|
2076996|
2076997|
2076998|
2076999|
2077024|
2077025|
2077026|
2077027|
2077028|
2077029|
2077030|
2077031|
2077056|
2077057|
2077058|
2077059|
2077060|
2077061|
2077062|
2077063|
2077088|
2077089|
2077090|
2077091|
2077092|
2077093|
2077094|
2077095|
2077120|
2077121|
2077122|
2077123|
2077124|
2077125|
2077126|
2077127|
2077152|
2077153|
2077154|
2077155|
2077156|
2077157|
2077158|
2077159|
2077184|
2077185|
2077186|
2077187|
2077188|
2077189|
2077190|
2077191|
2077216|
2077217|
2077218|
2077219|
2077220|
2077221|
2077222|
2077223|
2077248|
2077249|
2077250|
2077251|
2077252|
2077253|
2077254|
2077255|
2077280|
2077281|
2077282|
2077283|
2077284|
2077285|
2077286|
2077287|
2077312|
2077313|
2077314|
2077315|
2077316|
2077317|
2077318|
2077319|
2077344|
2077345|
2077346|
2077347|
2077348|
2077349|
2077350|
2077351|
2077376|
2077377|
2077378|
2077379|
2077380|
2077381|
2077382|
2077383|
2077408|
2077409|
2077410|
2077411|
2077412|
2077413|
2077414|
2077415|
2077440|
2077441|
2077442|
2077443|
2077444|
2077445|
2077446|
2077447|
2077472|
2077473|
2077474|
2077475|
2077476|
2077477|
2077478|
2077479|
2077504|
2077505|
2077506|
2077507|
2077508|
2077509|
2077510|
2077511|
2077536|
2077537|
2077538|
2077539|
2077540|
2077541|
2077542|
2077543|
2077568|
2077569|
2077570|
2077571|
2077572|
2077573|
2077574|
2077575|
2077600|
2077601|
2077602|
2077603|
2077604|
2077605|
2077606|
2077607|
2077632|
2077633|
2077634|
2077635|
2077636|
2077637|
2077638|
2077639|
2077664|
2077665|
2077666|
2077667|
2077668|
2077669|
2077670|
2077671|
2077696|
2077697|
2077698|
2077699|
2077700|
2077701|
2077702|
2077703|
2077728|
2077729|
2077730|
2077731|
2077732|
2077733|
2077734|
2077735|
2077760|
2077761|
2077762|
2077763|
2077764|
2077765|
2077766|
2077767|
2077792|
2077793|
2077794|
2077795|
2077796|
2077797|
2077798|
2077799|
2077824|
2077825|
2077826|
2077827|
2077828|
2077829|
2077830|
2077831|
2077856|
2077857|
2077858|
2077859|
2077860|
2077861|
2077862|
2077863|
2077888|
2077889|
2077890|
2077891|
2077892|
2077893|
2077894|
2077895|
2077920|
2077921|
2077922|
2077923|
2077924|
2077925|
2077926|
2077927|
2077952|
2077953|
2077954|
2077955|
2077956|
2077957|
2077958|
2077959|
2077984|
2077985|
2077986|
2077987|
2077988|
2077989|
2077990|
2077991|
2078016|
2078017|
2078018|
2078019|
2078020|
2078021|
2078022|
2078023|
2078048|
2078049|
2078050|
2078051|
2078052|
2078053|
2078054|
2078055|
2078080|
2078081|
2078082|
2078083|
2078084|
2078085|
2078086|
2078087|
2078112|
2078113|
2078114|
2078115|
2078116|
2078117|
2078118|
2078119|
2078144|
2078145|
2078146|
2078147|
2078148|
2078149|
2078150|
2078151|
2078176|
2078177|
2078178|
2078179|
2078180|
2078181|
2078182|
2078183|
2078208|
2078209|
2078210|
2078211|
2078212|
2078213|
2078214|
2078215|
2078240|
2078241|
2078242|
2078243|
2078244|
2078245|
2078246|
2078247|
2078272|
2078273|
2078274|
2078275|
2078276|
2078277|
2078278|
2078279|
2078304|
2078305|
2078306|
2078307|
2078308|
2078309|
2078310|
2078311|
2078336|
2078337|
2078338|
2078339|
2078340|
2078341|
2078342|
2078343|
2078368|
2078369|
2078370|
2078371|
2078372|
2078373|
2078374|
2078375|
2078400|
2078401|
2078402|
2078403|
2078404|
2078405|
2078406|
2078407|
2078432|
2078433|
2078434|
2078435|
2078436|
2078437|
2078438|
2078439|
2078464|
2078465|
2078466|
2078467|
2078468|
2078469|
2078470|
2078471|
2078496|
2078497|
2078498|
2078499|
2078500|
2078501|
2078502|
2078503|
2078528|
2078529|
2078530|
2078531|
2078532|
2078533|
2078534|
2078535|
2078560|
2078561|
2078562|
2078563|
2078564|
2078565|
2078566|
2078567|
2078592|
2078593|
2078594|
2078595|
2078596|
2078597|
2078598|
2078599|
2078624|
2078625|
2078626|
2078627|
2078628|
2078629|
2078630|
2078631|
2078656|
2078657|
2078658|
2078659|
2078660|
2078661|
2078662|
2078663|
2078688|
2078689|
2078690|
2078691|
2078692|
2078693|
2078694|
2078695|
2078720|
2078721|
2078722|
2078723|
2078724|
2078725|
2078726|
2078727|
2078752|
2078753|
2078754|
2078755|
2078756|
2078757|
2078758|
2078759|
2078784|
2078785|
2078786|
2078787|
2078788|
2078789|
2078790|
2078791|
2078816|
2078817|
2078818|
2078819|
2078820|
2078821|
2078822|
2078823|
2078848|
2078849|
2078850|
2078851|
2078852|
2078853|
2078854|
2078855|
2078880|
2078881|
2078882|
2078883|
2078884|
2078885|
2078886|
2078887|
2078912|
2078913|
2078914|
2078915|
2078916|
2078917|
2078918|
2078919|
2078944|
2078945|
2078946|
2078947|
2078948|
2078949|
2078950|
2078951|
2078976|
2078977|
2078978|
2078979|
2078980|
2078981|
2078982|
2078983|
2079008|
2079009|
2079010|
2079011|
2079012|
2079013|
2079014|
2079015|
2079040|
2079041|
2079042|
2079043|
2079044|
2079045|
2079046|
2079047|
2079072|
2079073|
2079074|
2079075|
2079076|
2079077|
2079078|
2079079|
2079104|
2079105|
2079106|
2079107|
2079108|
2079109|
2079110|
2079111|
2079136|
2079137|
2079138|
2079139|
2079140|
2079141|
2079142|
2079143|
2079168|
2079169|
2079170|
2079171|
2079172|
2079173|
2079174|
2079175|
2079200|
2079201|
2079202|
2079203|
2079204|
2079205|
2079206|
2079207|
2079232|
2079233|
2079234|
2079235|
2079236|
2079237|
2079238|
2079239|
2079264|
2079265|
2079266|
2079267|
2079268|
2079269|
2079270|
2079271|
2079296|
2079297|
2079298|
2079299|
2079300|
2079301|
2079302|
2079303|
2079328|
2079329|
2079330|
2079331|
2079332|
2079333|
2079334|
2079335|
2079360|
2079361|
2079362|
2079363|
2079364|
2079365|
2079366|
2079367|
2079392|
2079393|
2079394|
2079395|
2079396|
2079397|
2079398|
2079399|
2079424|
2079425|
2079426|
2079427|
2079428|
2079429|
2079430|
2079431|
2079456|
2079457|
2079458|
2079459|
2079460|
2079461|
2079462|
2079463|
2079488|
2079489|
2079490|
2079491|
2079492|
2079493|
2079494|
2079495|
2079520|
2079521|
2079522|
2079523|
2079524|
2079525|
2079526|
2079527|
2079552|
2079553|
2079554|
2079555|
2079556|
2079557|
2079558|
2079559|
2079584|
2079585|
2079586|
2079587|
2079588|
2079589|
2079590|
2079591|
2079616|
2079617|
2079618|
2079619|
2079620|
2079621|
2079622|
2079623|
2079648|
2079649|
2079650|
2079651|
2079652|
2079653|
2079654|
2079655|
2079680|
2079681|
2079682|
2079683|
2079684|
2079685|
2079686|
2079687|
2079712|
2079713|
2079714|
2079715|
2079716|
2079717|
2079718|
2079719|
2079744|
2079745|
2079746|
2079747|
2079748|
2079749|
2079750|
2079751|
2079776|
2079777|
2079778|
2079779|
2079780|
2079781|
2079782|
2079783|
2079808|
2079809|
2079810|
2079811|
2079812|
2079813|
2079814|
2079815|
2079840|
2079841|
2079842|
2079843|
2079844|
2079845|
2079846|
2079847|
2079872|
2079873|
2079874|
2079875|
2079876|
2079877|
2079878|
2079879|
2079904|
2079905|
2079906|
2079907|
2079908|
2079909|
2079910|
2079911|
2079936|
2079937|
2079938|
2079939|
2079940|
2079941|
2079942|
2079943|
2079968|
2079969|
2079970|
2079971|
2079972|
2079973|
2079974|
2079975|
2080000|
2080001|
2080002|
2080003|
2080004|
2080005|
2080006|
2080007|
2080032|
2080033|
2080034|
2080035|
2080036|
2080037|
2080038|
2080039|
2080064|
2080065|
2080066|
2080067|
2080068|
2080069|
2080070|
2080071|
2080096|
2080097|
2080098|
2080099|
2080100|
2080101|
2080102|
2080103|
2080128|
2080129|
2080130|
2080131|
2080132|
2080133|
2080134|
2080135|
2080160|
2080161|
2080162|
2080163|
2080164|
2080165|
2080166|
2080167|
2080192|
2080193|
2080194|
2080195|
2080196|
2080197|
2080198|
2080199|
2080224|
2080225|
2080226|
2080227|
2080228|
2080229|
2080230|
2080231|
2080256|
2080257|
2080258|
2080259|
2080260|
2080261|
2080262|
2080263|
2080288|
2080289|
2080290|
2080291|
2080292|
2080293|
2080294|
2080295|
2080320|
2080321|
2080322|
2080323|
2080324|
2080325|
2080326|
2080327|
2080352|
2080353|
2080354|
2080355|
2080356|
2080357|
2080358|
2080359|
2080384|
2080385|
2080386|
2080387|
2080388|
2080389|
2080390|
2080391|
2080416|
2080417|
2080418|
2080419|
2080420|
2080421|
2080422|
2080423|
2080448|
2080449|
2080450|
2080451|
2080452|
2080453|
2080454|
2080455|
2080480|
2080481|
2080482|
2080483|
2080484|
2080485|
2080486|
2080487|
2080512|
2080513|
2080514|
2080515|
2080516|
2080517|
2080518|
2080519|
2080544|
2080545|
2080546|
2080547|
2080548|
2080549|
2080550|
2080551|
2080576|
2080577|
2080578|
2080579|
2080580|
2080581|
2080582|
2080583|
2080608|
2080609|
2080610|
2080611|
2080612|
2080613|
2080614|
2080615|
2080640|
2080641|
2080642|
2080643|
2080644|
2080645|
2080646|
2080647|
2080672|
2080673|
2080674|
2080675|
2080676|
2080677|
2080678|
2080679|
2080704|
2080705|
2080706|
2080707|
2080708|
2080709|
2080710|
2080711|
2080736|
2080737|
2080738|
2080739|
2080740|
2080741|
2080742|
2080743|
2080768|
2080769|
2080770|
2080771|
2080772|
2080773|
2080774|
2080775|
2080800|
2080801|
2080802|
2080803|
2080804|
2080805|
2080806|
2080807|
2080832|
2080833|
2080834|
2080835|
2080836|
2080837|
2080838|
2080839|
2080864|
2080865|
2080866|
2080867|
2080868|
2080869|
2080870|
2080871|
2080896|
2080897|
2080898|
2080899|
2080900|
2080901|
2080902|
2080903|
2080928|
2080929|
2080930|
2080931|
2080932|
2080933|
2080934|
2080935|
2080960|
2080961|
2080962|
2080963|
2080964|
2080965|
2080966|
2080967|
2080992|
2080993|
2080994|
2080995|
2080996|
2080997|
2080998|
2080999|
2081024|
2081025|
2081026|
2081027|
2081028|
2081029|
2081030|
2081031|
2081056|
2081057|
2081058|
2081059|
2081060|
2081061|
2081062|
2081063|
2081088|
2081089|
2081090|
2081091|
2081092|
2081093|
2081094|
2081095|
2081120|
2081121|
2081122|
2081123|
2081124|
2081125|
2081126|
2081127|
2081152|
2081153|
2081154|
2081155|
2081156|
2081157|
2081158|
2081159|
2081184|
2081185|
2081186|
2081187|
2081188|
2081189|
2081190|
2081191|
2081216|
2081217|
2081218|
2081219|
2081220|
2081221|
2081222|
2081223|
2081248|
2081249|
2081250|
2081251|
2081252|
2081253|
2081254|
2081255|
2081280|
2081281|
2081282|
2081283|
2081284|
2081285|
2081286|
2081287|
2081312|
2081313|
2081314|
2081315|
2081316|
2081317|
2081318|
2081319|
2081344|
2081345|
2081346|
2081347|
2081348|
2081349|
2081350|
2081351|
2081376|
2081377|
2081378|
2081379|
2081380|
2081381|
2081382|
2081383|
2081408|
2081409|
2081410|
2081411|
2081412|
2081413|
2081414|
2081415|
2081440|
2081441|
2081442|
2081443|
2081444|
2081445|
2081446|
2081447|
2081472|
2081473|
2081474|
2081475|
2081476|
2081477|
2081478|
2081479|
2081504|
2081505|
2081506|
2081507|
2081508|
2081509|
2081510|
2081511|
2081536|
2081537|
2081538|
2081539|
2081540|
2081541|
2081542|
2081543|
2081568|
2081569|
2081570|
2081571|
2081572|
2081573|
2081574|
2081575|
2081600|
2081601|
2081602|
2081603|
2081604|
2081605|
2081606|
2081607|
2081632|
2081633|
2081634|
2081635|
2081636|
2081637|
2081638|
2081639|
2081664|
2081665|
2081666|
2081667|
2081668|
2081669|
2081670|
2081671|
2081696|
2081697|
2081698|
2081699|
2081700|
2081701|
2081702|
2081703|
2081728|
2081729|
2081730|
2081731|
2081732|
2081733|
2081734|
2081735|
2081760|
2081761|
2081762|
2081763|
2081764|
2081765|
2081766|
2081767|
2081792|
2081793|
2081794|
2081795|
2081796|
2081797|
2081798|
2081799|
2081824|
2081825|
2081826|
2081827|
2081828|
2081829|
2081830|
2081831|
2081856|
2081857|
2081858|
2081859|
2081860|
2081861|
2081862|
2081863|
2081888|
2081889|
2081890|
2081891|
2081892|
2081893|
2081894|
2081895|
2081920|
2081921|
2081922|
2081923|
2081924|
2081925|
2081926|
2081927|
2081952|
2081953|
2081954|
2081955|
2081956|
2081957|
2081958|
2081959|
2081984|
2081985|
2081986|
2081987|
2081988|
