144001|
144002|
144003|
144004|
144005|
144006|
144007|
144032|
144033|
144034|
144035|
144036|
144037|
144038|
144039|
144064|
144065|
144066|
144067|
144068|
144069|
144070|
144071|
144096|
144097|
144098|
144099|
144100|
144101|
144102|
144103|
144128|
144129|
144130|
144131|
144132|
144133|
144134|
144135|
144160|
144161|
144162|
144163|
144164|
144165|
144166|
144167|
144192|
144193|
144194|
144195|
144196|
144197|
144198|
144199|
144224|
144225|
144226|
144227|
144228|
144229|
144230|
144231|
144256|
144257|
144258|
144259|
144260|
144261|
144262|
144263|
144288|
144289|
144290|
144291|
144292|
144293|
144294|
144295|
144320|
144321|
144322|
144323|
144324|
144325|
144326|
144327|
144352|
144353|
144354|
144355|
144356|
144357|
144358|
144359|
144384|
144385|
144386|
144387|
144388|
144389|
144390|
144391|
144416|
144417|
144418|
144419|
144420|
144421|
144422|
144423|
144448|
144449|
144450|
144451|
144452|
144453|
144454|
144455|
144480|
144481|
144482|
144483|
144484|
144485|
144486|
144487|
144512|
144513|
144514|
144515|
144516|
144517|
144518|
144519|
144544|
144545|
144546|
144547|
144548|
144549|
144550|
144551|
144576|
144577|
144578|
144579|
144580|
144581|
144582|
144583|
144608|
144609|
144610|
144611|
144612|
144613|
144614|
144615|
144640|
144641|
144642|
144643|
144644|
144645|
144646|
144647|
144672|
144673|
144674|
144675|
144676|
144677|
144678|
144679|
144704|
144705|
144706|
144707|
144708|
144709|
144710|
144711|
144736|
144737|
144738|
144739|
144740|
144741|
144742|
144743|
144768|
144769|
144770|
144771|
144772|
144773|
144774|
144775|
144800|
144801|
144802|
144803|
144804|
144805|
144806|
144807|
144832|
144833|
144834|
144835|
144836|
144837|
144838|
144839|
144864|
144865|
144866|
144867|
144868|
144869|
144870|
144871|
144896|
144897|
144898|
144899|
144900|
144901|
144902|
144903|
144928|
144929|
144930|
144931|
144932|
144933|
144934|
144935|
144960|
144961|
144962|
144963|
144964|
144965|
144966|
144967|
144992|
144993|
144994|
144995|
144996|
144997|
144998|
144999|
145024|
145025|
145026|
145027|
145028|
145029|
145030|
145031|
145056|
145057|
145058|
145059|
145060|
145061|
145062|
145063|
145088|
145089|
145090|
145091|
145092|
145093|
145094|
145095|
145120|
145121|
145122|
145123|
145124|
145125|
145126|
145127|
145152|
145153|
145154|
145155|
145156|
145157|
145158|
145159|
145184|
145185|
145186|
145187|
145188|
145189|
145190|
145191|
145216|
145217|
145218|
145219|
145220|
145221|
145222|
145223|
145248|
145249|
145250|
145251|
145252|
145253|
145254|
145255|
145280|
145281|
145282|
145283|
145284|
145285|
145286|
145287|
145312|
145313|
145314|
145315|
145316|
145317|
145318|
145319|
145344|
145345|
145346|
145347|
145348|
145349|
145350|
145351|
145376|
145377|
145378|
145379|
145380|
145381|
145382|
145383|
145408|
145409|
145410|
145411|
145412|
145413|
145414|
145415|
145440|
145441|
145442|
145443|
145444|
145445|
145446|
145447|
145472|
145473|
145474|
145475|
145476|
145477|
145478|
145479|
145504|
145505|
145506|
145507|
145508|
145509|
145510|
145511|
145536|
145537|
145538|
145539|
145540|
145541|
145542|
145543|
145568|
145569|
145570|
145571|
145572|
145573|
145574|
145575|
145600|
145601|
145602|
145603|
145604|
145605|
145606|
145607|
145632|
145633|
145634|
145635|
145636|
145637|
145638|
145639|
145664|
145665|
145666|
145667|
145668|
145669|
145670|
145671|
145696|
145697|
145698|
145699|
145700|
145701|
145702|
145703|
145728|
145729|
145730|
145731|
145732|
145733|
145734|
145735|
145760|
145761|
145762|
145763|
145764|
145765|
145766|
145767|
145792|
145793|
145794|
145795|
145796|
145797|
145798|
145799|
145824|
145825|
145826|
145827|
145828|
145829|
145830|
145831|
145856|
145857|
145858|
145859|
145860|
145861|
145862|
145863|
145888|
145889|
145890|
145891|
145892|
145893|
145894|
145895|
145920|
145921|
145922|
145923|
145924|
145925|
145926|
145927|
145952|
145953|
145954|
145955|
145956|
145957|
145958|
145959|
145984|
145985|
145986|
145987|
145988|
145989|
145990|
145991|
146016|
146017|
146018|
146019|
146020|
146021|
146022|
146023|
146048|
146049|
146050|
146051|
146052|
146053|
146054|
146055|
146080|
146081|
146082|
146083|
146084|
146085|
146086|
146087|
146112|
146113|
146114|
146115|
146116|
146117|
146118|
146119|
146144|
146145|
146146|
146147|
146148|
146149|
146150|
146151|
146176|
146177|
146178|
146179|
146180|
146181|
146182|
146183|
146208|
146209|
146210|
146211|
146212|
146213|
146214|
146215|
146240|
146241|
146242|
146243|
146244|
146245|
146246|
146247|
146272|
146273|
146274|
146275|
146276|
146277|
146278|
146279|
146304|
146305|
146306|
146307|
146308|
146309|
146310|
146311|
146336|
146337|
146338|
146339|
146340|
146341|
146342|
146343|
146368|
146369|
146370|
146371|
146372|
146373|
146374|
146375|
146400|
146401|
146402|
146403|
146404|
146405|
146406|
146407|
146432|
146433|
146434|
146435|
146436|
146437|
146438|
146439|
146464|
146465|
146466|
146467|
146468|
146469|
146470|
146471|
146496|
146497|
146498|
146499|
146500|
146501|
146502|
146503|
146528|
146529|
146530|
146531|
146532|
146533|
146534|
146535|
146560|
146561|
146562|
146563|
146564|
146565|
146566|
146567|
146592|
146593|
146594|
146595|
146596|
146597|
146598|
146599|
146624|
146625|
146626|
146627|
146628|
146629|
146630|
146631|
146656|
146657|
146658|
146659|
146660|
146661|
146662|
146663|
146688|
146689|
146690|
146691|
146692|
146693|
146694|
146695|
146720|
146721|
146722|
146723|
146724|
146725|
146726|
146727|
146752|
146753|
146754|
146755|
146756|
146757|
146758|
146759|
146784|
146785|
146786|
146787|
146788|
146789|
146790|
146791|
146816|
146817|
146818|
146819|
146820|
146821|
146822|
146823|
146848|
146849|
146850|
146851|
146852|
146853|
146854|
146855|
146880|
146881|
146882|
146883|
146884|
146885|
146886|
146887|
146912|
146913|
146914|
146915|
146916|
146917|
146918|
146919|
146944|
146945|
146946|
146947|
146948|
146949|
146950|
146951|
146976|
146977|
146978|
146979|
146980|
146981|
146982|
146983|
147008|
147009|
147010|
147011|
147012|
147013|
147014|
147015|
147040|
147041|
147042|
147043|
147044|
147045|
147046|
147047|
147072|
147073|
147074|
147075|
147076|
147077|
147078|
147079|
147104|
147105|
147106|
147107|
147108|
147109|
147110|
147111|
147136|
147137|
147138|
147139|
147140|
147141|
147142|
147143|
147168|
147169|
147170|
147171|
147172|
147173|
147174|
147175|
147200|
147201|
147202|
147203|
147204|
147205|
147206|
147207|
147232|
147233|
147234|
147235|
147236|
147237|
147238|
147239|
147264|
147265|
147266|
147267|
147268|
147269|
147270|
147271|
147296|
147297|
147298|
147299|
147300|
147301|
147302|
147303|
147328|
147329|
147330|
147331|
147332|
147333|
147334|
147335|
147360|
147361|
147362|
147363|
147364|
147365|
147366|
147367|
147392|
147393|
147394|
147395|
147396|
147397|
147398|
147399|
147424|
147425|
147426|
147427|
147428|
147429|
147430|
147431|
147456|
147457|
147458|
147459|
147460|
147461|
147462|
147463|
147488|
147489|
147490|
147491|
147492|
147493|
147494|
147495|
147520|
147521|
147522|
147523|
147524|
147525|
147526|
147527|
147552|
147553|
147554|
147555|
147556|
147557|
147558|
147559|
147584|
147585|
147586|
147587|
147588|
147589|
147590|
147591|
147616|
147617|
147618|
147619|
147620|
147621|
147622|
147623|
147648|
147649|
147650|
147651|
147652|
147653|
147654|
147655|
147680|
147681|
147682|
147683|
147684|
147685|
147686|
147687|
147712|
147713|
147714|
147715|
147716|
147717|
147718|
147719|
147744|
147745|
147746|
147747|
147748|
147749|
147750|
147751|
147776|
147777|
147778|
147779|
147780|
147781|
147782|
147783|
147808|
147809|
147810|
147811|
147812|
147813|
147814|
147815|
147840|
147841|
147842|
147843|
147844|
147845|
147846|
147847|
147872|
147873|
147874|
147875|
147876|
147877|
147878|
147879|
147904|
147905|
147906|
147907|
147908|
147909|
147910|
147911|
147936|
147937|
147938|
147939|
147940|
147941|
147942|
147943|
147968|
147969|
147970|
147971|
147972|
147973|
147974|
147975|
148000|
148001|
148002|
148003|
148004|
148005|
148006|
148007|
148032|
148033|
148034|
148035|
148036|
148037|
148038|
148039|
148064|
148065|
148066|
148067|
148068|
148069|
148070|
148071|
148096|
148097|
148098|
148099|
148100|
148101|
148102|
148103|
148128|
148129|
148130|
148131|
148132|
148133|
148134|
148135|
148160|
148161|
148162|
148163|
148164|
148165|
148166|
148167|
148192|
148193|
148194|
148195|
148196|
148197|
148198|
148199|
148224|
148225|
148226|
148227|
148228|
148229|
148230|
148231|
148256|
148257|
148258|
148259|
148260|
148261|
148262|
148263|
148288|
148289|
148290|
148291|
148292|
148293|
148294|
148295|
148320|
148321|
148322|
148323|
148324|
148325|
148326|
148327|
148352|
148353|
148354|
148355|
148356|
148357|
148358|
148359|
148384|
148385|
148386|
148387|
148388|
148389|
148390|
148391|
148416|
148417|
148418|
148419|
148420|
148421|
148422|
148423|
148448|
148449|
148450|
148451|
148452|
148453|
148454|
148455|
148480|
148481|
148482|
148483|
148484|
148485|
148486|
148487|
148512|
148513|
148514|
148515|
148516|
148517|
148518|
148519|
148544|
148545|
148546|
148547|
148548|
148549|
148550|
148551|
148576|
148577|
148578|
148579|
148580|
148581|
148582|
148583|
148608|
148609|
148610|
148611|
148612|
148613|
148614|
148615|
148640|
148641|
148642|
148643|
148644|
148645|
148646|
148647|
148672|
148673|
148674|
148675|
148676|
148677|
148678|
148679|
148704|
148705|
148706|
148707|
148708|
148709|
148710|
148711|
148736|
148737|
148738|
148739|
148740|
148741|
148742|
148743|
148768|
148769|
148770|
148771|
148772|
148773|
148774|
148775|
148800|
148801|
148802|
148803|
148804|
148805|
148806|
148807|
148832|
148833|
148834|
148835|
148836|
148837|
148838|
148839|
148864|
148865|
148866|
148867|
148868|
148869|
148870|
148871|
148896|
148897|
148898|
148899|
148900|
148901|
148902|
148903|
148928|
148929|
148930|
148931|
148932|
148933|
148934|
148935|
148960|
148961|
148962|
148963|
148964|
148965|
148966|
148967|
148992|
148993|
148994|
148995|
148996|
148997|
148998|
148999|
149024|
149025|
149026|
149027|
149028|
149029|
149030|
149031|
149056|
149057|
149058|
149059|
149060|
149061|
149062|
149063|
149088|
149089|
149090|
149091|
149092|
149093|
149094|
149095|
149120|
149121|
149122|
149123|
149124|
149125|
149126|
149127|
149152|
149153|
149154|
149155|
149156|
149157|
149158|
149159|
149184|
149185|
149186|
149187|
149188|
149189|
149190|
149191|
149216|
149217|
149218|
149219|
149220|
149221|
149222|
149223|
149248|
149249|
149250|
149251|
149252|
149253|
149254|
149255|
149280|
149281|
149282|
149283|
149284|
149285|
149286|
149287|
149312|
149313|
149314|
149315|
149316|
149317|
149318|
149319|
149344|
149345|
149346|
149347|
149348|
149349|
149350|
149351|
149376|
149377|
149378|
149379|
149380|
149381|
149382|
149383|
149408|
149409|
149410|
149411|
149412|
149413|
149414|
149415|
149440|
149441|
149442|
149443|
149444|
149445|
149446|
149447|
149472|
149473|
149474|
149475|
149476|
149477|
149478|
149479|
149504|
149505|
149506|
149507|
149508|
149509|
149510|
149511|
149536|
149537|
149538|
149539|
149540|
149541|
149542|
149543|
149568|
149569|
149570|
149571|
149572|
149573|
149574|
149575|
149600|
149601|
149602|
149603|
149604|
149605|
149606|
149607|
149632|
149633|
149634|
149635|
149636|
149637|
149638|
149639|
149664|
149665|
149666|
149667|
149668|
149669|
149670|
149671|
149696|
149697|
149698|
149699|
149700|
149701|
149702|
149703|
149728|
149729|
149730|
149731|
149732|
149733|
149734|
149735|
149760|
149761|
149762|
149763|
149764|
149765|
149766|
149767|
149792|
149793|
149794|
149795|
149796|
149797|
149798|
149799|
149824|
149825|
149826|
149827|
149828|
149829|
149830|
149831|
149856|
149857|
149858|
149859|
149860|
149861|
149862|
149863|
149888|
149889|
149890|
149891|
149892|
149893|
149894|
149895|
149920|
149921|
149922|
149923|
149924|
149925|
149926|
149927|
149952|
149953|
149954|
149955|
149956|
149957|
149958|
149959|
149984|
149985|
149986|
149987|
149988|
