2448001|
2448002|
2448003|
2448004|
2448005|
2448006|
2448007|
2448032|
2448033|
2448034|
2448035|
2448036|
2448037|
2448038|
2448039|
2448064|
2448065|
2448066|
2448067|
2448068|
2448069|
2448070|
2448071|
2448096|
2448097|
2448098|
2448099|
2448100|
2448101|
2448102|
2448103|
2448128|
2448129|
2448130|
2448131|
2448132|
2448133|
2448134|
2448135|
2448160|
2448161|
2448162|
2448163|
2448164|
2448165|
2448166|
2448167|
2448192|
2448193|
2448194|
2448195|
2448196|
2448197|
2448198|
2448199|
2448224|
2448225|
2448226|
2448227|
2448228|
2448229|
2448230|
2448231|
2448256|
2448257|
2448258|
2448259|
2448260|
2448261|
2448262|
2448263|
2448288|
2448289|
2448290|
2448291|
2448292|
2448293|
2448294|
2448295|
2448320|
2448321|
2448322|
2448323|
2448324|
2448325|
2448326|
2448327|
2448352|
2448353|
2448354|
2448355|
2448356|
2448357|
2448358|
2448359|
2448384|
2448385|
2448386|
2448387|
2448388|
2448389|
2448390|
2448391|
2448416|
2448417|
2448418|
2448419|
2448420|
2448421|
2448422|
2448423|
2448448|
2448449|
2448450|
2448451|
2448452|
2448453|
2448454|
2448455|
2448480|
2448481|
2448482|
2448483|
2448484|
2448485|
2448486|
2448487|
2448512|
2448513|
2448514|
2448515|
2448516|
2448517|
2448518|
2448519|
2448544|
2448545|
2448546|
2448547|
2448548|
2448549|
2448550|
2448551|
2448576|
2448577|
2448578|
2448579|
2448580|
2448581|
2448582|
2448583|
2448608|
2448609|
2448610|
2448611|
2448612|
2448613|
2448614|
2448615|
2448640|
2448641|
2448642|
2448643|
2448644|
2448645|
2448646|
2448647|
2448672|
2448673|
2448674|
2448675|
2448676|
2448677|
2448678|
2448679|
2448704|
2448705|
2448706|
2448707|
2448708|
2448709|
2448710|
2448711|
2448736|
2448737|
2448738|
2448739|
2448740|
2448741|
2448742|
2448743|
2448768|
2448769|
2448770|
2448771|
2448772|
2448773|
2448774|
2448775|
2448800|
2448801|
2448802|
2448803|
2448804|
2448805|
2448806|
2448807|
2448832|
2448833|
2448834|
2448835|
2448836|
2448837|
2448838|
2448839|
2448864|
2448865|
2448866|
2448867|
2448868|
2448869|
2448870|
2448871|
2448896|
2448897|
2448898|
2448899|
2448900|
2448901|
2448902|
2448903|
2448928|
2448929|
2448930|
2448931|
2448932|
2448933|
2448934|
2448935|
2448960|
2448961|
2448962|
2448963|
2448964|
2448965|
2448966|
2448967|
2448992|
2448993|
2448994|
2448995|
2448996|
2448997|
2448998|
2448999|
2449024|
2449025|
2449026|
2449027|
2449028|
2449029|
2449030|
2449031|
2449056|
2449057|
2449058|
2449059|
2449060|
2449061|
2449062|
2449063|
2449088|
2449089|
2449090|
2449091|
2449092|
2449093|
2449094|
2449095|
2449120|
2449121|
2449122|
2449123|
2449124|
2449125|
2449126|
2449127|
2449152|
2449153|
2449154|
2449155|
2449156|
2449157|
2449158|
2449159|
2449184|
2449185|
2449186|
2449187|
2449188|
2449189|
2449190|
2449191|
2449216|
2449217|
2449218|
2449219|
2449220|
2449221|
2449222|
2449223|
2449248|
2449249|
2449250|
2449251|
2449252|
2449253|
2449254|
2449255|
2449280|
2449281|
2449282|
2449283|
2449284|
2449285|
2449286|
2449287|
2449312|
2449313|
2449314|
2449315|
2449316|
2449317|
2449318|
2449319|
2449344|
2449345|
2449346|
2449347|
2449348|
2449349|
2449350|
2449351|
2449376|
2449377|
2449378|
2449379|
2449380|
2449381|
2449382|
2449383|
2449408|
2449409|
2449410|
2449411|
2449412|
2449413|
2449414|
2449415|
2449440|
2449441|
2449442|
2449443|
2449444|
2449445|
2449446|
2449447|
2449472|
2449473|
2449474|
2449475|
2449476|
2449477|
2449478|
2449479|
2449504|
2449505|
2449506|
2449507|
2449508|
2449509|
2449510|
2449511|
2449536|
2449537|
2449538|
2449539|
2449540|
2449541|
2449542|
2449543|
2449568|
2449569|
2449570|
2449571|
2449572|
2449573|
2449574|
2449575|
2449600|
2449601|
2449602|
2449603|
2449604|
2449605|
2449606|
2449607|
2449632|
2449633|
2449634|
2449635|
2449636|
2449637|
2449638|
2449639|
2449664|
2449665|
2449666|
2449667|
2449668|
2449669|
2449670|
2449671|
2449696|
2449697|
2449698|
2449699|
2449700|
2449701|
2449702|
2449703|
2449728|
2449729|
2449730|
2449731|
2449732|
2449733|
2449734|
2449735|
2449760|
2449761|
2449762|
2449763|
2449764|
2449765|
2449766|
2449767|
2449792|
2449793|
2449794|
2449795|
2449796|
2449797|
2449798|
2449799|
2449824|
2449825|
2449826|
2449827|
2449828|
2449829|
2449830|
2449831|
2449856|
2449857|
2449858|
2449859|
2449860|
2449861|
2449862|
2449863|
2449888|
2449889|
2449890|
2449891|
2449892|
2449893|
2449894|
2449895|
2449920|
2449921|
2449922|
2449923|
2449924|
2449925|
2449926|
2449927|
2449952|
2449953|
2449954|
2449955|
2449956|
2449957|
2449958|
2449959|
2449984|
2449985|
2449986|
2449987|
2449988|
2449989|
2449990|
2449991|
2450016|
2450017|
2450018|
2450019|
2450020|
2450021|
2450022|
2450023|
2450048|
2450049|
2450050|
2450051|
2450052|
2450053|
2450054|
2450055|
2450080|
2450081|
2450082|
2450083|
2450084|
2450085|
2450086|
2450087|
2450112|
2450113|
2450114|
2450115|
2450116|
2450117|
2450118|
2450119|
2450144|
2450145|
2450146|
2450147|
2450148|
2450149|
2450150|
2450151|
2450176|
2450177|
2450178|
2450179|
2450180|
2450181|
2450182|
2450183|
2450208|
2450209|
2450210|
2450211|
2450212|
2450213|
2450214|
2450215|
2450240|
2450241|
2450242|
2450243|
2450244|
2450245|
2450246|
2450247|
2450272|
2450273|
2450274|
2450275|
2450276|
2450277|
2450278|
2450279|
2450304|
2450305|
2450306|
2450307|
2450308|
2450309|
2450310|
2450311|
2450336|
2450337|
2450338|
2450339|
2450340|
2450341|
2450342|
2450343|
2450368|
2450369|
2450370|
2450371|
2450372|
2450373|
2450374|
2450375|
2450400|
2450401|
2450402|
2450403|
2450404|
2450405|
2450406|
2450407|
2450432|
2450433|
2450434|
2450435|
2450436|
2450437|
2450438|
2450439|
2450464|
2450465|
2450466|
2450467|
2450468|
2450469|
2450470|
2450471|
2450496|
2450497|
2450498|
2450499|
2450500|
2450501|
2450502|
2450503|
2450528|
2450529|
2450530|
2450531|
2450532|
2450533|
2450534|
2450535|
2450560|
2450561|
2450562|
2450563|
2450564|
2450565|
2450566|
2450567|
2450592|
2450593|
2450594|
2450595|
2450596|
2450597|
2450598|
2450599|
2450624|
2450625|
2450626|
2450627|
2450628|
2450629|
2450630|
2450631|
2450656|
2450657|
2450658|
2450659|
2450660|
2450661|
2450662|
2450663|
2450688|
2450689|
2450690|
2450691|
2450692|
2450693|
2450694|
2450695|
2450720|
2450721|
2450722|
2450723|
2450724|
2450725|
2450726|
2450727|
2450752|
2450753|
2450754|
2450755|
2450756|
2450757|
2450758|
2450759|
2450784|
2450785|
2450786|
2450787|
2450788|
2450789|
2450790|
2450791|
2450816|
2450817|
2450818|
2450819|
2450820|
2450821|
2450822|
2450823|
2450848|
2450849|
2450850|
2450851|
2450852|
2450853|
2450854|
2450855|
2450880|
2450881|
2450882|
2450883|
2450884|
2450885|
2450886|
2450887|
2450912|
2450913|
2450914|
2450915|
2450916|
2450917|
2450918|
2450919|
2450944|
2450945|
2450946|
2450947|
2450948|
2450949|
2450950|
2450951|
2450976|
2450977|
2450978|
2450979|
2450980|
2450981|
2450982|
2450983|
2451008|
2451009|
2451010|
2451011|
2451012|
2451013|
2451014|
2451015|
2451040|
2451041|
2451042|
2451043|
2451044|
2451045|
2451046|
2451047|
2451072|
2451073|
2451074|
2451075|
2451076|
2451077|
2451078|
2451079|
2451104|
2451105|
2451106|
2451107|
2451108|
2451109|
2451110|
2451111|
2451136|
2451137|
2451138|
2451139|
2451140|
2451141|
2451142|
2451143|
2451168|
2451169|
2451170|
2451171|
2451172|
2451173|
2451174|
2451175|
2451200|
2451201|
2451202|
2451203|
2451204|
2451205|
2451206|
2451207|
2451232|
2451233|
2451234|
2451235|
2451236|
2451237|
2451238|
2451239|
2451264|
2451265|
2451266|
2451267|
2451268|
2451269|
2451270|
2451271|
2451296|
2451297|
2451298|
2451299|
2451300|
2451301|
2451302|
2451303|
2451328|
2451329|
2451330|
2451331|
2451332|
2451333|
2451334|
2451335|
2451360|
2451361|
2451362|
2451363|
2451364|
2451365|
2451366|
2451367|
2451392|
2451393|
2451394|
2451395|
2451396|
2451397|
2451398|
2451399|
2451424|
2451425|
2451426|
2451427|
2451428|
2451429|
2451430|
2451431|
2451456|
2451457|
2451458|
2451459|
2451460|
2451461|
2451462|
2451463|
2451488|
2451489|
2451490|
2451491|
2451492|
2451493|
2451494|
2451495|
2451520|
2451521|
2451522|
2451523|
2451524|
2451525|
2451526|
2451527|
2451552|
2451553|
2451554|
2451555|
2451556|
2451557|
2451558|
2451559|
2451584|
2451585|
2451586|
2451587|
2451588|
2451589|
2451590|
2451591|
2451616|
2451617|
2451618|
2451619|
2451620|
2451621|
2451622|
2451623|
2451648|
2451649|
2451650|
2451651|
2451652|
2451653|
2451654|
2451655|
2451680|
2451681|
2451682|
2451683|
2451684|
2451685|
2451686|
2451687|
2451712|
2451713|
2451714|
2451715|
2451716|
2451717|
2451718|
2451719|
2451744|
2451745|
2451746|
2451747|
2451748|
2451749|
2451750|
2451751|
2451776|
2451777|
2451778|
2451779|
2451780|
2451781|
2451782|
2451783|
2451808|
2451809|
2451810|
2451811|
2451812|
2451813|
2451814|
2451815|
2451840|
2451841|
2451842|
2451843|
2451844|
2451845|
2451846|
2451847|
2451872|
2451873|
2451874|
2451875|
2451876|
2451877|
2451878|
2451879|
2451904|
2451905|
2451906|
2451907|
2451908|
2451909|
2451910|
2451911|
2451936|
2451937|
2451938|
2451939|
2451940|
2451941|
2451942|
2451943|
2451968|
2451969|
2451970|
2451971|
2451972|
2451973|
2451974|
2451975|
2452000|
2452001|
2452002|
2452003|
2452004|
2452005|
2452006|
2452007|
2452032|
2452033|
2452034|
2452035|
2452036|
2452037|
2452038|
2452039|
2452064|
2452065|
2452066|
2452067|
2452068|
2452069|
2452070|
2452071|
2452096|
2452097|
2452098|
2452099|
2452100|
2452101|
2452102|
2452103|
2452128|
2452129|
2452130|
2452131|
2452132|
2452133|
2452134|
2452135|
2452160|
2452161|
2452162|
2452163|
2452164|
2452165|
2452166|
2452167|
2452192|
2452193|
2452194|
2452195|
2452196|
2452197|
2452198|
2452199|
2452224|
2452225|
2452226|
2452227|
2452228|
2452229|
2452230|
2452231|
2452256|
2452257|
2452258|
2452259|
2452260|
2452261|
2452262|
2452263|
2452288|
2452289|
2452290|
2452291|
2452292|
2452293|
2452294|
2452295|
2452320|
2452321|
2452322|
2452323|
2452324|
2452325|
2452326|
2452327|
2452352|
2452353|
2452354|
2452355|
2452356|
2452357|
2452358|
2452359|
2452384|
2452385|
2452386|
2452387|
2452388|
2452389|
2452390|
2452391|
2452416|
2452417|
2452418|
2452419|
2452420|
2452421|
2452422|
2452423|
2452448|
2452449|
2452450|
2452451|
2452452|
2452453|
2452454|
2452455|
2452480|
2452481|
2452482|
2452483|
2452484|
2452485|
2452486|
2452487|
2452512|
2452513|
2452514|
2452515|
2452516|
2452517|
2452518|
2452519|
2452544|
2452545|
2452546|
2452547|
2452548|
2452549|
2452550|
2452551|
2452576|
2452577|
2452578|
2452579|
2452580|
2452581|
2452582|
2452583|
2452608|
2452609|
2452610|
2452611|
2452612|
2452613|
2452614|
2452615|
2452640|
2452641|
2452642|
2452643|
2452644|
2452645|
2452646|
2452647|
2452672|
2452673|
2452674|
2452675|
2452676|
2452677|
2452678|
2452679|
2452704|
2452705|
2452706|
2452707|
2452708|
2452709|
2452710|
2452711|
2452736|
2452737|
2452738|
2452739|
2452740|
2452741|
2452742|
2452743|
2452768|
2452769|
2452770|
2452771|
2452772|
2452773|
2452774|
2452775|
2452800|
2452801|
2452802|
2452803|
2452804|
2452805|
2452806|
2452807|
2452832|
2452833|
2452834|
2452835|
2452836|
2452837|
2452838|
2452839|
2452864|
2452865|
2452866|
2452867|
2452868|
2452869|
2452870|
2452871|
2452896|
2452897|
2452898|
2452899|
2452900|
2452901|
2452902|
2452903|
2452928|
2452929|
2452930|
2452931|
2452932|
2452933|
2452934|
2452935|
2452960|
2452961|
2452962|
2452963|
2452964|
2452965|
2452966|
2452967|
2452992|
2452993|
2452994|
2452995|
2452996|
2452997|
2452998|
2452999|
2453024|
2453025|
2453026|
2453027|
2453028|
2453029|
2453030|
2453031|
2453056|
2453057|
2453058|
2453059|
2453060|
2453061|
2453062|
2453063|
2453088|
2453089|
2453090|
2453091|
2453092|
2453093|
2453094|
2453095|
2453120|
2453121|
2453122|
2453123|
2453124|
2453125|
2453126|
2453127|
2453152|
2453153|
2453154|
2453155|
2453156|
2453157|
2453158|
2453159|
2453184|
2453185|
2453186|
2453187|
2453188|
2453189|
2453190|
2453191|
2453216|
2453217|
2453218|
2453219|
2453220|
2453221|
2453222|
2453223|
2453248|
2453249|
2453250|
2453251|
2453252|
2453253|
2453254|
2453255|
2453280|
2453281|
2453282|
2453283|
2453284|
2453285|
2453286|
2453287|
2453312|
2453313|
2453314|
2453315|
2453316|
2453317|
2453318|
2453319|
2453344|
2453345|
2453346|
2453347|
2453348|
2453349|
2453350|
2453351|
2453376|
2453377|
2453378|
2453379|
2453380|
2453381|
2453382|
2453383|
2453408|
2453409|
2453410|
2453411|
2453412|
2453413|
2453414|
2453415|
2453440|
2453441|
2453442|
2453443|
2453444|
2453445|
2453446|
2453447|
2453472|
2453473|
2453474|
2453475|
2453476|
2453477|
2453478|
2453479|
2453504|
2453505|
2453506|
2453507|
2453508|
2453509|
2453510|
2453511|
2453536|
2453537|
2453538|
2453539|
2453540|
2453541|
2453542|
2453543|
2453568|
2453569|
2453570|
2453571|
2453572|
2453573|
2453574|
2453575|
2453600|
2453601|
2453602|
2453603|
2453604|
2453605|
2453606|
2453607|
2453632|
2453633|
2453634|
2453635|
2453636|
2453637|
2453638|
2453639|
2453664|
2453665|
2453666|
2453667|
2453668|
2453669|
2453670|
2453671|
2453696|
2453697|
2453698|
2453699|
2453700|
2453701|
2453702|
2453703|
2453728|
2453729|
2453730|
2453731|
2453732|
2453733|
2453734|
2453735|
2453760|
2453761|
2453762|
2453763|
2453764|
2453765|
2453766|
2453767|
2453792|
2453793|
2453794|
2453795|
2453796|
2453797|
2453798|
2453799|
2453824|
2453825|
2453826|
2453827|
2453828|
2453829|
2453830|
2453831|
2453856|
2453857|
2453858|
2453859|
2453860|
2453861|
2453862|
2453863|
2453888|
2453889|
2453890|
2453891|
2453892|
2453893|
2453894|
2453895|
2453920|
2453921|
2453922|
2453923|
2453924|
2453925|
2453926|
2453927|
2453952|
2453953|
2453954|
2453955|
2453956|
2453957|
2453958|
2453959|
2453984|
2453985|
2453986|
2453987|
2453988|
