1860001|
1860002|
1860003|
1860004|
1860005|
1860006|
1860007|
1860032|
1860033|
1860034|
1860035|
1860036|
1860037|
1860038|
1860039|
1860064|
1860065|
1860066|
1860067|
1860068|
1860069|
1860070|
1860071|
1860096|
1860097|
1860098|
1860099|
1860100|
1860101|
1860102|
1860103|
1860128|
1860129|
1860130|
1860131|
1860132|
1860133|
1860134|
1860135|
1860160|
1860161|
1860162|
1860163|
1860164|
1860165|
1860166|
1860167|
1860192|
1860193|
1860194|
1860195|
1860196|
1860197|
1860198|
1860199|
1860224|
1860225|
1860226|
1860227|
1860228|
1860229|
1860230|
1860231|
1860256|
1860257|
1860258|
1860259|
1860260|
1860261|
1860262|
1860263|
1860288|
1860289|
1860290|
1860291|
1860292|
1860293|
1860294|
1860295|
1860320|
1860321|
1860322|
1860323|
1860324|
1860325|
1860326|
1860327|
1860352|
1860353|
1860354|
1860355|
1860356|
1860357|
1860358|
1860359|
1860384|
1860385|
1860386|
1860387|
1860388|
1860389|
1860390|
1860391|
1860416|
1860417|
1860418|
1860419|
1860420|
1860421|
1860422|
1860423|
1860448|
1860449|
1860450|
1860451|
1860452|
1860453|
1860454|
1860455|
1860480|
1860481|
1860482|
1860483|
1860484|
1860485|
1860486|
1860487|
1860512|
1860513|
1860514|
1860515|
1860516|
1860517|
1860518|
1860519|
1860544|
1860545|
1860546|
1860547|
1860548|
1860549|
1860550|
1860551|
1860576|
1860577|
1860578|
1860579|
1860580|
1860581|
1860582|
1860583|
1860608|
1860609|
1860610|
1860611|
1860612|
1860613|
1860614|
1860615|
1860640|
1860641|
1860642|
1860643|
1860644|
1860645|
1860646|
1860647|
1860672|
1860673|
1860674|
1860675|
1860676|
1860677|
1860678|
1860679|
1860704|
1860705|
1860706|
1860707|
1860708|
1860709|
1860710|
1860711|
1860736|
1860737|
1860738|
1860739|
1860740|
1860741|
1860742|
1860743|
1860768|
1860769|
1860770|
1860771|
1860772|
1860773|
1860774|
1860775|
1860800|
1860801|
1860802|
1860803|
1860804|
1860805|
1860806|
1860807|
1860832|
1860833|
1860834|
1860835|
1860836|
1860837|
1860838|
1860839|
1860864|
1860865|
1860866|
1860867|
1860868|
1860869|
1860870|
1860871|
1860896|
1860897|
1860898|
1860899|
1860900|
1860901|
1860902|
1860903|
1860928|
1860929|
1860930|
1860931|
1860932|
1860933|
1860934|
1860935|
1860960|
1860961|
1860962|
1860963|
1860964|
1860965|
1860966|
1860967|
1860992|
1860993|
1860994|
1860995|
1860996|
1860997|
1860998|
1860999|
1861024|
1861025|
1861026|
1861027|
1861028|
1861029|
1861030|
1861031|
1861056|
1861057|
1861058|
1861059|
1861060|
1861061|
1861062|
1861063|
1861088|
1861089|
1861090|
1861091|
1861092|
1861093|
1861094|
1861095|
1861120|
1861121|
1861122|
1861123|
1861124|
1861125|
1861126|
1861127|
1861152|
1861153|
1861154|
1861155|
1861156|
1861157|
1861158|
1861159|
1861184|
1861185|
1861186|
1861187|
1861188|
1861189|
1861190|
1861191|
1861216|
1861217|
1861218|
1861219|
1861220|
1861221|
1861222|
1861223|
1861248|
1861249|
1861250|
1861251|
1861252|
1861253|
1861254|
1861255|
1861280|
1861281|
1861282|
1861283|
1861284|
1861285|
1861286|
1861287|
1861312|
1861313|
1861314|
1861315|
1861316|
1861317|
1861318|
1861319|
1861344|
1861345|
1861346|
1861347|
1861348|
1861349|
1861350|
1861351|
1861376|
1861377|
1861378|
1861379|
1861380|
1861381|
1861382|
1861383|
1861408|
1861409|
1861410|
1861411|
1861412|
1861413|
1861414|
1861415|
1861440|
1861441|
1861442|
1861443|
1861444|
1861445|
1861446|
1861447|
1861472|
1861473|
1861474|
1861475|
1861476|
1861477|
1861478|
1861479|
1861504|
1861505|
1861506|
1861507|
1861508|
1861509|
1861510|
1861511|
1861536|
1861537|
1861538|
1861539|
1861540|
1861541|
1861542|
1861543|
1861568|
1861569|
1861570|
1861571|
1861572|
1861573|
1861574|
1861575|
1861600|
1861601|
1861602|
1861603|
1861604|
1861605|
1861606|
1861607|
1861632|
1861633|
1861634|
1861635|
1861636|
1861637|
1861638|
1861639|
1861664|
1861665|
1861666|
1861667|
1861668|
1861669|
1861670|
1861671|
1861696|
1861697|
1861698|
1861699|
1861700|
1861701|
1861702|
1861703|
1861728|
1861729|
1861730|
1861731|
1861732|
1861733|
1861734|
1861735|
1861760|
1861761|
1861762|
1861763|
1861764|
1861765|
1861766|
1861767|
1861792|
1861793|
1861794|
1861795|
1861796|
1861797|
1861798|
1861799|
1861824|
1861825|
1861826|
1861827|
1861828|
1861829|
1861830|
1861831|
1861856|
1861857|
1861858|
1861859|
1861860|
1861861|
1861862|
1861863|
1861888|
1861889|
1861890|
1861891|
1861892|
1861893|
1861894|
1861895|
1861920|
1861921|
1861922|
1861923|
1861924|
1861925|
1861926|
1861927|
1861952|
1861953|
1861954|
1861955|
1861956|
1861957|
1861958|
1861959|
1861984|
1861985|
1861986|
1861987|
1861988|
1861989|
1861990|
1861991|
1862016|
1862017|
1862018|
1862019|
1862020|
1862021|
1862022|
1862023|
1862048|
1862049|
1862050|
1862051|
1862052|
1862053|
1862054|
1862055|
1862080|
1862081|
1862082|
1862083|
1862084|
1862085|
1862086|
1862087|
1862112|
1862113|
1862114|
1862115|
1862116|
1862117|
1862118|
1862119|
1862144|
1862145|
1862146|
1862147|
1862148|
1862149|
1862150|
1862151|
1862176|
1862177|
1862178|
1862179|
1862180|
1862181|
1862182|
1862183|
1862208|
1862209|
1862210|
1862211|
1862212|
1862213|
1862214|
1862215|
1862240|
1862241|
1862242|
1862243|
1862244|
1862245|
1862246|
1862247|
1862272|
1862273|
1862274|
1862275|
1862276|
1862277|
1862278|
1862279|
1862304|
1862305|
1862306|
1862307|
1862308|
1862309|
1862310|
1862311|
1862336|
1862337|
1862338|
1862339|
1862340|
1862341|
1862342|
1862343|
1862368|
1862369|
1862370|
1862371|
1862372|
1862373|
1862374|
1862375|
1862400|
1862401|
1862402|
1862403|
1862404|
1862405|
1862406|
1862407|
1862432|
1862433|
1862434|
1862435|
1862436|
1862437|
1862438|
1862439|
1862464|
1862465|
1862466|
1862467|
1862468|
1862469|
1862470|
1862471|
1862496|
1862497|
1862498|
1862499|
1862500|
1862501|
1862502|
1862503|
1862528|
1862529|
1862530|
1862531|
1862532|
1862533|
1862534|
1862535|
1862560|
1862561|
1862562|
1862563|
1862564|
1862565|
1862566|
1862567|
1862592|
1862593|
1862594|
1862595|
1862596|
1862597|
1862598|
1862599|
1862624|
1862625|
1862626|
1862627|
1862628|
1862629|
1862630|
1862631|
1862656|
1862657|
1862658|
1862659|
1862660|
1862661|
1862662|
1862663|
1862688|
1862689|
1862690|
1862691|
1862692|
1862693|
1862694|
1862695|
1862720|
1862721|
1862722|
1862723|
1862724|
1862725|
1862726|
1862727|
1862752|
1862753|
1862754|
1862755|
1862756|
1862757|
1862758|
1862759|
1862784|
1862785|
1862786|
1862787|
1862788|
1862789|
1862790|
1862791|
1862816|
1862817|
1862818|
1862819|
1862820|
1862821|
1862822|
1862823|
1862848|
1862849|
1862850|
1862851|
1862852|
1862853|
1862854|
1862855|
1862880|
1862881|
1862882|
1862883|
1862884|
1862885|
1862886|
1862887|
1862912|
1862913|
1862914|
1862915|
1862916|
1862917|
1862918|
1862919|
1862944|
1862945|
1862946|
1862947|
1862948|
1862949|
1862950|
1862951|
1862976|
1862977|
1862978|
1862979|
1862980|
1862981|
1862982|
1862983|
1863008|
1863009|
1863010|
1863011|
1863012|
1863013|
1863014|
1863015|
1863040|
1863041|
1863042|
1863043|
1863044|
1863045|
1863046|
1863047|
1863072|
1863073|
1863074|
1863075|
1863076|
1863077|
1863078|
1863079|
1863104|
1863105|
1863106|
1863107|
1863108|
1863109|
1863110|
1863111|
1863136|
1863137|
1863138|
1863139|
1863140|
1863141|
1863142|
1863143|
1863168|
1863169|
1863170|
1863171|
1863172|
1863173|
1863174|
1863175|
1863200|
1863201|
1863202|
1863203|
1863204|
1863205|
1863206|
1863207|
1863232|
1863233|
1863234|
1863235|
1863236|
1863237|
1863238|
1863239|
1863264|
1863265|
1863266|
1863267|
1863268|
1863269|
1863270|
1863271|
1863296|
1863297|
1863298|
1863299|
1863300|
1863301|
1863302|
1863303|
1863328|
1863329|
1863330|
1863331|
1863332|
1863333|
1863334|
1863335|
1863360|
1863361|
1863362|
1863363|
1863364|
1863365|
1863366|
1863367|
1863392|
1863393|
1863394|
1863395|
1863396|
1863397|
1863398|
1863399|
1863424|
1863425|
1863426|
1863427|
1863428|
1863429|
1863430|
1863431|
1863456|
1863457|
1863458|
1863459|
1863460|
1863461|
1863462|
1863463|
1863488|
1863489|
1863490|
1863491|
1863492|
1863493|
1863494|
1863495|
1863520|
1863521|
1863522|
1863523|
1863524|
1863525|
1863526|
1863527|
1863552|
1863553|
1863554|
1863555|
1863556|
1863557|
1863558|
1863559|
1863584|
1863585|
1863586|
1863587|
1863588|
1863589|
1863590|
1863591|
1863616|
1863617|
1863618|
1863619|
1863620|
1863621|
1863622|
1863623|
1863648|
1863649|
1863650|
1863651|
1863652|
1863653|
1863654|
1863655|
1863680|
1863681|
1863682|
1863683|
1863684|
1863685|
1863686|
1863687|
1863712|
1863713|
1863714|
1863715|
1863716|
1863717|
1863718|
1863719|
1863744|
1863745|
1863746|
1863747|
1863748|
1863749|
1863750|
1863751|
1863776|
1863777|
1863778|
1863779|
1863780|
1863781|
1863782|
1863783|
1863808|
1863809|
1863810|
1863811|
1863812|
1863813|
1863814|
1863815|
1863840|
1863841|
1863842|
1863843|
1863844|
1863845|
1863846|
1863847|
1863872|
1863873|
1863874|
1863875|
1863876|
1863877|
1863878|
1863879|
1863904|
1863905|
1863906|
1863907|
1863908|
1863909|
1863910|
1863911|
1863936|
1863937|
1863938|
1863939|
1863940|
1863941|
1863942|
1863943|
1863968|
1863969|
1863970|
1863971|
1863972|
1863973|
1863974|
1863975|
1864000|
1864001|
1864002|
1864003|
1864004|
1864005|
1864006|
1864007|
1864032|
1864033|
1864034|
1864035|
1864036|
1864037|
1864038|
1864039|
1864064|
1864065|
1864066|
1864067|
1864068|
1864069|
1864070|
1864071|
1864096|
1864097|
1864098|
1864099|
1864100|
1864101|
1864102|
1864103|
1864128|
1864129|
1864130|
1864131|
1864132|
1864133|
1864134|
1864135|
1864160|
1864161|
1864162|
1864163|
1864164|
1864165|
1864166|
1864167|
1864192|
1864193|
1864194|
1864195|
1864196|
1864197|
1864198|
1864199|
1864224|
1864225|
1864226|
1864227|
1864228|
1864229|
1864230|
1864231|
1864256|
1864257|
1864258|
1864259|
1864260|
1864261|
1864262|
1864263|
1864288|
1864289|
1864290|
1864291|
1864292|
1864293|
1864294|
1864295|
1864320|
1864321|
1864322|
1864323|
1864324|
1864325|
1864326|
1864327|
1864352|
1864353|
1864354|
1864355|
1864356|
1864357|
1864358|
1864359|
1864384|
1864385|
1864386|
1864387|
1864388|
1864389|
1864390|
1864391|
1864416|
1864417|
1864418|
1864419|
1864420|
1864421|
1864422|
1864423|
1864448|
1864449|
1864450|
1864451|
1864452|
1864453|
1864454|
1864455|
1864480|
1864481|
1864482|
1864483|
1864484|
1864485|
1864486|
1864487|
1864512|
1864513|
1864514|
1864515|
1864516|
1864517|
1864518|
1864519|
1864544|
1864545|
1864546|
1864547|
1864548|
1864549|
1864550|
1864551|
1864576|
1864577|
1864578|
1864579|
1864580|
1864581|
1864582|
1864583|
1864608|
1864609|
1864610|
1864611|
1864612|
1864613|
1864614|
1864615|
1864640|
1864641|
1864642|
1864643|
1864644|
1864645|
1864646|
1864647|
1864672|
1864673|
1864674|
1864675|
1864676|
1864677|
1864678|
1864679|
1864704|
1864705|
1864706|
1864707|
1864708|
1864709|
1864710|
1864711|
1864736|
1864737|
1864738|
1864739|
1864740|
1864741|
1864742|
1864743|
1864768|
1864769|
1864770|
1864771|
1864772|
1864773|
1864774|
1864775|
1864800|
1864801|
1864802|
1864803|
1864804|
1864805|
1864806|
1864807|
1864832|
1864833|
1864834|
1864835|
1864836|
1864837|
1864838|
1864839|
1864864|
1864865|
1864866|
1864867|
1864868|
1864869|
1864870|
1864871|
1864896|
1864897|
1864898|
1864899|
1864900|
1864901|
1864902|
1864903|
1864928|
1864929|
1864930|
1864931|
1864932|
1864933|
1864934|
1864935|
1864960|
1864961|
1864962|
1864963|
1864964|
1864965|
1864966|
1864967|
1864992|
1864993|
1864994|
1864995|
1864996|
1864997|
1864998|
1864999|
1865024|
1865025|
1865026|
1865027|
1865028|
1865029|
1865030|
1865031|
1865056|
1865057|
1865058|
1865059|
1865060|
1865061|
1865062|
1865063|
1865088|
1865089|
1865090|
1865091|
1865092|
1865093|
1865094|
1865095|
1865120|
1865121|
1865122|
1865123|
1865124|
1865125|
1865126|
1865127|
1865152|
1865153|
1865154|
1865155|
1865156|
1865157|
1865158|
1865159|
1865184|
1865185|
1865186|
1865187|
1865188|
1865189|
1865190|
1865191|
1865216|
1865217|
1865218|
1865219|
1865220|
1865221|
1865222|
1865223|
1865248|
1865249|
1865250|
1865251|
1865252|
1865253|
1865254|
1865255|
1865280|
1865281|
1865282|
1865283|
1865284|
1865285|
1865286|
1865287|
1865312|
1865313|
1865314|
1865315|
1865316|
1865317|
1865318|
1865319|
1865344|
1865345|
1865346|
1865347|
1865348|
1865349|
1865350|
1865351|
1865376|
1865377|
1865378|
1865379|
1865380|
1865381|
1865382|
1865383|
1865408|
1865409|
1865410|
1865411|
1865412|
1865413|
1865414|
1865415|
1865440|
1865441|
1865442|
1865443|
1865444|
1865445|
1865446|
1865447|
1865472|
1865473|
1865474|
1865475|
1865476|
1865477|
1865478|
1865479|
1865504|
1865505|
1865506|
1865507|
1865508|
1865509|
1865510|
1865511|
1865536|
1865537|
1865538|
1865539|
1865540|
1865541|
1865542|
1865543|
1865568|
1865569|
1865570|
1865571|
1865572|
1865573|
1865574|
1865575|
1865600|
1865601|
1865602|
1865603|
1865604|
1865605|
1865606|
1865607|
1865632|
1865633|
1865634|
1865635|
1865636|
1865637|
1865638|
1865639|
1865664|
1865665|
1865666|
1865667|
1865668|
1865669|
1865670|
1865671|
1865696|
1865697|
1865698|
1865699|
1865700|
1865701|
1865702|
1865703|
1865728|
1865729|
1865730|
1865731|
1865732|
1865733|
1865734|
1865735|
1865760|
1865761|
1865762|
1865763|
1865764|
1865765|
1865766|
1865767|
1865792|
1865793|
1865794|
1865795|
1865796|
1865797|
1865798|
1865799|
1865824|
1865825|
1865826|
1865827|
1865828|
1865829|
1865830|
1865831|
1865856|
1865857|
1865858|
1865859|
1865860|
1865861|
1865862|
1865863|
1865888|
1865889|
1865890|
1865891|
1865892|
1865893|
1865894|
1865895|
1865920|
1865921|
1865922|
1865923|
1865924|
1865925|
1865926|
1865927|
1865952|
1865953|
1865954|
1865955|
1865956|
1865957|
1865958|
1865959|
1865984|
1865985|
1865986|
1865987|
1865988|
