2873989|
2873990|
2873991|
2874016|
2874017|
2874018|
2874019|
2874020|
2874021|
2874022|
2874023|
2874048|
2874049|
2874050|
2874051|
2874052|
2874053|
2874054|
2874055|
2874080|
2874081|
2874082|
2874083|
2874084|
2874085|
2874086|
2874087|
2874112|
2874113|
2874114|
2874115|
2874116|
2874117|
2874118|
2874119|
2874144|
2874145|
2874146|
2874147|
2874148|
2874149|
2874150|
2874151|
2874176|
2874177|
2874178|
2874179|
2874180|
2874181|
2874182|
2874183|
2874208|
2874209|
2874210|
2874211|
2874212|
2874213|
2874214|
2874215|
2874240|
2874241|
2874242|
2874243|
2874244|
2874245|
2874246|
2874247|
2874272|
2874273|
2874274|
2874275|
2874276|
2874277|
2874278|
2874279|
2874304|
2874305|
2874306|
2874307|
2874308|
2874309|
2874310|
2874311|
2874336|
2874337|
2874338|
2874339|
2874340|
2874341|
2874342|
2874343|
2874368|
2874369|
2874370|
2874371|
2874372|
2874373|
2874374|
2874375|
2874400|
2874401|
2874402|
2874403|
2874404|
2874405|
2874406|
2874407|
2874432|
2874433|
2874434|
2874435|
2874436|
2874437|
2874438|
2874439|
2874464|
2874465|
2874466|
2874467|
2874468|
2874469|
2874470|
2874471|
2874496|
2874497|
2874498|
2874499|
2874500|
2874501|
2874502|
2874503|
2874528|
2874529|
2874530|
2874531|
2874532|
2874533|
2874534|
2874535|
2874560|
2874561|
2874562|
2874563|
2874564|
2874565|
2874566|
2874567|
2874592|
2874593|
2874594|
2874595|
2874596|
2874597|
2874598|
2874599|
2874624|
2874625|
2874626|
2874627|
2874628|
2874629|
2874630|
2874631|
2874656|
2874657|
2874658|
2874659|
2874660|
2874661|
2874662|
2874663|
2874688|
2874689|
2874690|
2874691|
2874692|
2874693|
2874694|
2874695|
2874720|
2874721|
2874722|
2874723|
2874724|
2874725|
2874726|
2874727|
2874752|
2874753|
2874754|
2874755|
2874756|
2874757|
2874758|
2874759|
2874784|
2874785|
2874786|
2874787|
2874788|
2874789|
2874790|
2874791|
2874816|
2874817|
2874818|
2874819|
2874820|
2874821|
2874822|
2874823|
2874848|
2874849|
2874850|
2874851|
2874852|
2874853|
2874854|
2874855|
2874880|
2874881|
2874882|
2874883|
2874884|
2874885|
2874886|
2874887|
2874912|
2874913|
2874914|
2874915|
2874916|
2874917|
2874918|
2874919|
2874944|
2874945|
2874946|
2874947|
2874948|
2874949|
2874950|
2874951|
2874976|
2874977|
2874978|
2874979|
2874980|
2874981|
2874982|
2874983|
2875008|
2875009|
2875010|
2875011|
2875012|
2875013|
2875014|
2875015|
2875040|
2875041|
2875042|
2875043|
2875044|
2875045|
2875046|
2875047|
2875072|
2875073|
2875074|
2875075|
2875076|
2875077|
2875078|
2875079|
2875104|
2875105|
2875106|
2875107|
2875108|
2875109|
2875110|
2875111|
2875136|
2875137|
2875138|
2875139|
2875140|
2875141|
2875142|
2875143|
2875168|
2875169|
2875170|
2875171|
2875172|
2875173|
2875174|
2875175|
2875200|
2875201|
2875202|
2875203|
2875204|
2875205|
2875206|
2875207|
2875232|
2875233|
2875234|
2875235|
2875236|
2875237|
2875238|
2875239|
2875264|
2875265|
2875266|
2875267|
2875268|
2875269|
2875270|
2875271|
2875296|
2875297|
2875298|
2875299|
2875300|
2875301|
2875302|
2875303|
2875328|
2875329|
2875330|
2875331|
2875332|
2875333|
2875334|
2875335|
2875360|
2875361|
2875362|
2875363|
2875364|
2875365|
2875366|
2875367|
2875392|
2875393|
2875394|
2875395|
2875396|
2875397|
2875398|
2875399|
2875424|
2875425|
2875426|
2875427|
2875428|
2875429|
2875430|
2875431|
2875456|
2875457|
2875458|
2875459|
2875460|
2875461|
2875462|
2875463|
2875488|
2875489|
2875490|
2875491|
2875492|
2875493|
2875494|
2875495|
2875520|
2875521|
2875522|
2875523|
2875524|
2875525|
2875526|
2875527|
2875552|
2875553|
2875554|
2875555|
2875556|
2875557|
2875558|
2875559|
2875584|
2875585|
2875586|
2875587|
2875588|
2875589|
2875590|
2875591|
2875616|
2875617|
2875618|
2875619|
2875620|
2875621|
2875622|
2875623|
2875648|
2875649|
2875650|
2875651|
2875652|
2875653|
2875654|
2875655|
2875680|
2875681|
2875682|
2875683|
2875684|
2875685|
2875686|
2875687|
2875712|
2875713|
2875714|
2875715|
2875716|
2875717|
2875718|
2875719|
2875744|
2875745|
2875746|
2875747|
2875748|
2875749|
2875750|
2875751|
2875776|
2875777|
2875778|
2875779|
2875780|
2875781|
2875782|
2875783|
2875808|
2875809|
2875810|
2875811|
2875812|
2875813|
2875814|
2875815|
2875840|
2875841|
2875842|
2875843|
2875844|
2875845|
2875846|
2875847|
2875872|
2875873|
2875874|
2875875|
2875876|
2875877|
2875878|
2875879|
2875904|
2875905|
2875906|
2875907|
2875908|
2875909|
2875910|
2875911|
2875936|
2875937|
2875938|
2875939|
2875940|
2875941|
2875942|
2875943|
2875968|
2875969|
2875970|
2875971|
2875972|
2875973|
2875974|
2875975|
2876000|
2876001|
2876002|
2876003|
2876004|
2876005|
2876006|
2876007|
2876032|
2876033|
2876034|
2876035|
2876036|
2876037|
2876038|
2876039|
2876064|
2876065|
2876066|
2876067|
2876068|
2876069|
2876070|
2876071|
2876096|
2876097|
2876098|
2876099|
2876100|
2876101|
2876102|
2876103|
2876128|
2876129|
2876130|
2876131|
2876132|
2876133|
2876134|
2876135|
2876160|
2876161|
2876162|
2876163|
2876164|
2876165|
2876166|
2876167|
2876192|
2876193|
2876194|
2876195|
2876196|
2876197|
2876198|
2876199|
2876224|
2876225|
2876226|
2876227|
2876228|
2876229|
2876230|
2876231|
2876256|
2876257|
2876258|
2876259|
2876260|
2876261|
2876262|
2876263|
2876288|
2876289|
2876290|
2876291|
2876292|
2876293|
2876294|
2876295|
2876320|
2876321|
2876322|
2876323|
2876324|
2876325|
2876326|
2876327|
2876352|
2876353|
2876354|
2876355|
2876356|
2876357|
2876358|
2876359|
2876384|
2876385|
2876386|
2876387|
2876388|
2876389|
2876390|
2876391|
2876416|
2876417|
2876418|
2876419|
2876420|
2876421|
2876422|
2876423|
2876448|
2876449|
2876450|
2876451|
2876452|
2876453|
2876454|
2876455|
2876480|
2876481|
2876482|
2876483|
2876484|
2876485|
2876486|
2876487|
2876512|
2876513|
2876514|
2876515|
2876516|
2876517|
2876518|
2876519|
2876544|
2876545|
2876546|
2876547|
2876548|
2876549|
2876550|
2876551|
2876576|
2876577|
2876578|
2876579|
2876580|
2876581|
2876582|
2876583|
2876608|
2876609|
2876610|
2876611|
2876612|
2876613|
2876614|
2876615|
2876640|
2876641|
2876642|
2876643|
2876644|
2876645|
2876646|
2876647|
2876672|
2876673|
2876674|
2876675|
2876676|
2876677|
2876678|
2876679|
2876704|
2876705|
2876706|
2876707|
2876708|
2876709|
2876710|
2876711|
2876736|
2876737|
2876738|
2876739|
2876740|
2876741|
2876742|
2876743|
2876768|
2876769|
2876770|
2876771|
2876772|
2876773|
2876774|
2876775|
2876800|
2876801|
2876802|
2876803|
2876804|
2876805|
2876806|
2876807|
2876832|
2876833|
2876834|
2876835|
2876836|
2876837|
2876838|
2876839|
2876864|
2876865|
2876866|
2876867|
2876868|
2876869|
2876870|
2876871|
2876896|
2876897|
2876898|
2876899|
2876900|
2876901|
2876902|
2876903|
2876928|
2876929|
2876930|
2876931|
2876932|
2876933|
2876934|
2876935|
2876960|
2876961|
2876962|
2876963|
2876964|
2876965|
2876966|
2876967|
2876992|
2876993|
2876994|
2876995|
2876996|
2876997|
2876998|
2876999|
2877024|
2877025|
2877026|
2877027|
2877028|
2877029|
2877030|
2877031|
2877056|
2877057|
2877058|
2877059|
2877060|
2877061|
2877062|
2877063|
2877088|
2877089|
2877090|
2877091|
2877092|
2877093|
2877094|
2877095|
2877120|
2877121|
2877122|
2877123|
2877124|
2877125|
2877126|
2877127|
2877152|
2877153|
2877154|
2877155|
2877156|
2877157|
2877158|
2877159|
2877184|
2877185|
2877186|
2877187|
2877188|
2877189|
2877190|
2877191|
2877216|
2877217|
2877218|
2877219|
2877220|
2877221|
2877222|
2877223|
2877248|
2877249|
2877250|
2877251|
2877252|
2877253|
2877254|
2877255|
2877280|
2877281|
2877282|
2877283|
2877284|
2877285|
2877286|
2877287|
2877312|
2877313|
2877314|
2877315|
2877316|
2877317|
2877318|
2877319|
2877344|
2877345|
2877346|
2877347|
2877348|
2877349|
2877350|
2877351|
2877376|
2877377|
2877378|
2877379|
2877380|
2877381|
2877382|
2877383|
2877408|
2877409|
2877410|
2877411|
2877412|
2877413|
2877414|
2877415|
2877440|
2877441|
2877442|
2877443|
2877444|
2877445|
2877446|
2877447|
2877472|
2877473|
2877474|
2877475|
2877476|
2877477|
2877478|
2877479|
2877504|
2877505|
2877506|
2877507|
2877508|
2877509|
2877510|
2877511|
2877536|
2877537|
2877538|
2877539|
2877540|
2877541|
2877542|
2877543|
2877568|
2877569|
2877570|
2877571|
2877572|
2877573|
2877574|
2877575|
2877600|
2877601|
2877602|
2877603|
2877604|
2877605|
2877606|
2877607|
2877632|
2877633|
2877634|
2877635|
2877636|
2877637|
2877638|
2877639|
2877664|
2877665|
2877666|
2877667|
2877668|
2877669|
2877670|
2877671|
2877696|
2877697|
2877698|
2877699|
2877700|
2877701|
2877702|
2877703|
2877728|
2877729|
2877730|
2877731|
2877732|
2877733|
2877734|
2877735|
2877760|
2877761|
2877762|
2877763|
2877764|
2877765|
2877766|
2877767|
2877792|
2877793|
2877794|
2877795|
2877796|
2877797|
2877798|
2877799|
2877824|
2877825|
2877826|
2877827|
2877828|
2877829|
2877830|
2877831|
2877856|
2877857|
2877858|
2877859|
2877860|
2877861|
2877862|
2877863|
2877888|
2877889|
2877890|
2877891|
2877892|
2877893|
2877894|
2877895|
2877920|
2877921|
2877922|
2877923|
2877924|
2877925|
2877926|
2877927|
2877952|
2877953|
2877954|
2877955|
2877956|
2877957|
2877958|
2877959|
2877984|
2877985|
2877986|
2877987|
2877988|
2877989|
2877990|
2877991|
2878016|
2878017|
2878018|
2878019|
2878020|
2878021|
2878022|
2878023|
2878048|
2878049|
2878050|
2878051|
2878052|
2878053|
2878054|
2878055|
2878080|
2878081|
2878082|
2878083|
2878084|
2878085|
2878086|
2878087|
2878112|
2878113|
2878114|
2878115|
2878116|
2878117|
2878118|
2878119|
2878144|
2878145|
2878146|
2878147|
2878148|
2878149|
2878150|
2878151|
2878176|
2878177|
2878178|
2878179|
2878180|
2878181|
2878182|
2878183|
2878208|
2878209|
2878210|
2878211|
2878212|
2878213|
2878214|
2878215|
2878240|
2878241|
2878242|
2878243|
2878244|
2878245|
2878246|
2878247|
2878272|
2878273|
2878274|
2878275|
2878276|
2878277|
2878278|
2878279|
2878304|
2878305|
2878306|
2878307|
2878308|
2878309|
2878310|
2878311|
2878336|
2878337|
2878338|
2878339|
2878340|
2878341|
2878342|
2878343|
2878368|
2878369|
2878370|
2878371|
2878372|
2878373|
2878374|
2878375|
2878400|
2878401|
2878402|
2878403|
2878404|
2878405|
2878406|
2878407|
2878432|
2878433|
2878434|
2878435|
2878436|
2878437|
2878438|
2878439|
2878464|
2878465|
2878466|
2878467|
2878468|
2878469|
2878470|
2878471|
2878496|
2878497|
2878498|
2878499|
2878500|
2878501|
2878502|
2878503|
2878528|
2878529|
2878530|
2878531|
2878532|
2878533|
2878534|
2878535|
2878560|
2878561|
2878562|
2878563|
2878564|
2878565|
2878566|
2878567|
2878592|
2878593|
2878594|
2878595|
2878596|
2878597|
2878598|
2878599|
2878624|
2878625|
2878626|
2878627|
2878628|
2878629|
2878630|
2878631|
2878656|
2878657|
2878658|
2878659|
2878660|
2878661|
2878662|
2878663|
2878688|
2878689|
2878690|
2878691|
2878692|
2878693|
2878694|
2878695|
2878720|
2878721|
2878722|
2878723|
2878724|
2878725|
2878726|
2878727|
2878752|
2878753|
2878754|
2878755|
2878756|
2878757|
2878758|
2878759|
2878784|
2878785|
2878786|
2878787|
2878788|
2878789|
2878790|
2878791|
2878816|
2878817|
2878818|
2878819|
2878820|
2878821|
2878822|
2878823|
2878848|
2878849|
2878850|
2878851|
2878852|
2878853|
2878854|
2878855|
2878880|
2878881|
2878882|
2878883|
2878884|
2878885|
2878886|
2878887|
2878912|
2878913|
2878914|
2878915|
2878916|
2878917|
2878918|
2878919|
2878944|
2878945|
2878946|
2878947|
2878948|
2878949|
2878950|
2878951|
2878976|
2878977|
2878978|
2878979|
2878980|
2878981|
2878982|
2878983|
2879008|
2879009|
2879010|
2879011|
2879012|
2879013|
2879014|
2879015|
2879040|
2879041|
2879042|
2879043|
2879044|
2879045|
2879046|
2879047|
2879072|
2879073|
2879074|
2879075|
2879076|
2879077|
2879078|
2879079|
2879104|
2879105|
2879106|
2879107|
2879108|
2879109|
2879110|
2879111|
2879136|
2879137|
2879138|
2879139|
2879140|
2879141|
2879142|
2879143|
2879168|
2879169|
2879170|
2879171|
2879172|
2879173|
2879174|
2879175|
2879200|
2879201|
2879202|
2879203|
2879204|
2879205|
2879206|
2879207|
2879232|
2879233|
2879234|
2879235|
2879236|
2879237|
2879238|
2879239|
2879264|
2879265|
2879266|
2879267|
2879268|
2879269|
2879270|
2879271|
2879296|
2879297|
2879298|
2879299|
2879300|
2879301|
2879302|
2879303|
2879328|
2879329|
2879330|
2879331|
2879332|
2879333|
2879334|
2879335|
2879360|
2879361|
2879362|
2879363|
2879364|
2879365|
2879366|
2879367|
2879392|
2879393|
2879394|
2879395|
2879396|
2879397|
2879398|
2879399|
2879424|
2879425|
2879426|
2879427|
2879428|
2879429|
2879430|
2879431|
2879456|
2879457|
2879458|
2879459|
2879460|
2879461|
2879462|
2879463|
2879488|
2879489|
2879490|
2879491|
2879492|
2879493|
2879494|
2879495|
2879520|
2879521|
2879522|
2879523|
2879524|
2879525|
2879526|
2879527|
2879552|
2879553|
2879554|
2879555|
2879556|
2879557|
2879558|
2879559|
2879584|
2879585|
2879586|
2879587|
2879588|
2879589|
2879590|
2879591|
2879616|
2879617|
2879618|
2879619|
2879620|
2879621|
2879622|
2879623|
2879648|
2879649|
2879650|
2879651|
2879652|
2879653|
2879654|
2879655|
2879680|
2879681|
2879682|
2879683|
2879684|
2879685|
2879686|
2879687|
2879712|
2879713|
2879714|
2879715|
2879716|
2879717|
2879718|
2879719|
2879744|
2879745|
2879746|
2879747|
2879748|
2879749|
2879750|
2879751|
2879776|
2879777|
2879778|
2879779|
2879780|
2879781|
2879782|
2879783|
2879808|
2879809|
2879810|
2879811|
2879812|
2879813|
2879814|
2879815|
2879840|
2879841|
2879842|
2879843|
2879844|
2879845|
2879846|
2879847|
2879872|
2879873|
2879874|
2879875|
2879876|
2879877|
2879878|
2879879|
2879904|
2879905|
2879906|
2879907|
2879908|
2879909|
2879910|
2879911|
2879936|
2879937|
2879938|
2879939|
2879940|
2879941|
2879942|
2879943|
2879968|
2879969|
2879970|
2879971|
2879972|
2879973|
2879974|
2879975|
2880000|
