1764001|
1764002|
1764003|
1764004|
1764005|
1764006|
1764007|
1764032|
1764033|
1764034|
1764035|
1764036|
1764037|
1764038|
1764039|
1764064|
1764065|
1764066|
1764067|
1764068|
1764069|
1764070|
1764071|
1764096|
1764097|
1764098|
1764099|
1764100|
1764101|
1764102|
1764103|
1764128|
1764129|
1764130|
1764131|
1764132|
1764133|
1764134|
1764135|
1764160|
1764161|
1764162|
1764163|
1764164|
1764165|
1764166|
1764167|
1764192|
1764193|
1764194|
1764195|
1764196|
1764197|
1764198|
1764199|
1764224|
1764225|
1764226|
1764227|
1764228|
1764229|
1764230|
1764231|
1764256|
1764257|
1764258|
1764259|
1764260|
1764261|
1764262|
1764263|
1764288|
1764289|
1764290|
1764291|
1764292|
1764293|
1764294|
1764295|
1764320|
1764321|
1764322|
1764323|
1764324|
1764325|
1764326|
1764327|
1764352|
1764353|
1764354|
1764355|
1764356|
1764357|
1764358|
1764359|
1764384|
1764385|
1764386|
1764387|
1764388|
1764389|
1764390|
1764391|
1764416|
1764417|
1764418|
1764419|
1764420|
1764421|
1764422|
1764423|
1764448|
1764449|
1764450|
1764451|
1764452|
1764453|
1764454|
1764455|
1764480|
1764481|
1764482|
1764483|
1764484|
1764485|
1764486|
1764487|
1764512|
1764513|
1764514|
1764515|
1764516|
1764517|
1764518|
1764519|
1764544|
1764545|
1764546|
1764547|
1764548|
1764549|
1764550|
1764551|
1764576|
1764577|
1764578|
1764579|
1764580|
1764581|
1764582|
1764583|
1764608|
1764609|
1764610|
1764611|
1764612|
1764613|
1764614|
1764615|
1764640|
1764641|
1764642|
1764643|
1764644|
1764645|
1764646|
1764647|
1764672|
1764673|
1764674|
1764675|
1764676|
1764677|
1764678|
1764679|
1764704|
1764705|
1764706|
1764707|
1764708|
1764709|
1764710|
1764711|
1764736|
1764737|
1764738|
1764739|
1764740|
1764741|
1764742|
1764743|
1764768|
1764769|
1764770|
1764771|
1764772|
1764773|
1764774|
1764775|
1764800|
1764801|
1764802|
1764803|
1764804|
1764805|
1764806|
1764807|
1764832|
1764833|
1764834|
1764835|
1764836|
1764837|
1764838|
1764839|
1764864|
1764865|
1764866|
1764867|
1764868|
1764869|
1764870|
1764871|
1764896|
1764897|
1764898|
1764899|
1764900|
1764901|
1764902|
1764903|
1764928|
1764929|
1764930|
1764931|
1764932|
1764933|
1764934|
1764935|
1764960|
1764961|
1764962|
1764963|
1764964|
1764965|
1764966|
1764967|
1764992|
1764993|
1764994|
1764995|
1764996|
1764997|
1764998|
1764999|
1765024|
1765025|
1765026|
1765027|
1765028|
1765029|
1765030|
1765031|
1765056|
1765057|
1765058|
1765059|
1765060|
1765061|
1765062|
1765063|
1765088|
1765089|
1765090|
1765091|
1765092|
1765093|
1765094|
1765095|
1765120|
1765121|
1765122|
1765123|
1765124|
1765125|
1765126|
1765127|
1765152|
1765153|
1765154|
1765155|
1765156|
1765157|
1765158|
1765159|
1765184|
1765185|
1765186|
1765187|
1765188|
1765189|
1765190|
1765191|
1765216|
1765217|
1765218|
1765219|
1765220|
1765221|
1765222|
1765223|
1765248|
1765249|
1765250|
1765251|
1765252|
1765253|
1765254|
1765255|
1765280|
1765281|
1765282|
1765283|
1765284|
1765285|
1765286|
1765287|
1765312|
1765313|
1765314|
1765315|
1765316|
1765317|
1765318|
1765319|
1765344|
1765345|
1765346|
1765347|
1765348|
1765349|
1765350|
1765351|
1765376|
1765377|
1765378|
1765379|
1765380|
1765381|
1765382|
1765383|
1765408|
1765409|
1765410|
1765411|
1765412|
1765413|
1765414|
1765415|
1765440|
1765441|
1765442|
1765443|
1765444|
1765445|
1765446|
1765447|
1765472|
1765473|
1765474|
1765475|
1765476|
1765477|
1765478|
1765479|
1765504|
1765505|
1765506|
1765507|
1765508|
1765509|
1765510|
1765511|
1765536|
1765537|
1765538|
1765539|
1765540|
1765541|
1765542|
1765543|
1765568|
1765569|
1765570|
1765571|
1765572|
1765573|
1765574|
1765575|
1765600|
1765601|
1765602|
1765603|
1765604|
1765605|
1765606|
1765607|
1765632|
1765633|
1765634|
1765635|
1765636|
1765637|
1765638|
1765639|
1765664|
1765665|
1765666|
1765667|
1765668|
1765669|
1765670|
1765671|
1765696|
1765697|
1765698|
1765699|
1765700|
1765701|
1765702|
1765703|
1765728|
1765729|
1765730|
1765731|
1765732|
1765733|
1765734|
1765735|
1765760|
1765761|
1765762|
1765763|
1765764|
1765765|
1765766|
1765767|
1765792|
1765793|
1765794|
1765795|
1765796|
1765797|
1765798|
1765799|
1765824|
1765825|
1765826|
1765827|
1765828|
1765829|
1765830|
1765831|
1765856|
1765857|
1765858|
1765859|
1765860|
1765861|
1765862|
1765863|
1765888|
1765889|
1765890|
1765891|
1765892|
1765893|
1765894|
1765895|
1765920|
1765921|
1765922|
1765923|
1765924|
1765925|
1765926|
1765927|
1765952|
1765953|
1765954|
1765955|
1765956|
1765957|
1765958|
1765959|
1765984|
1765985|
1765986|
1765987|
1765988|
1765989|
1765990|
1765991|
1766016|
1766017|
1766018|
1766019|
1766020|
1766021|
1766022|
1766023|
1766048|
1766049|
1766050|
1766051|
1766052|
1766053|
1766054|
1766055|
1766080|
1766081|
1766082|
1766083|
1766084|
1766085|
1766086|
1766087|
1766112|
1766113|
1766114|
1766115|
1766116|
1766117|
1766118|
1766119|
1766144|
1766145|
1766146|
1766147|
1766148|
1766149|
1766150|
1766151|
1766176|
1766177|
1766178|
1766179|
1766180|
1766181|
1766182|
1766183|
1766208|
1766209|
1766210|
1766211|
1766212|
1766213|
1766214|
1766215|
1766240|
1766241|
1766242|
1766243|
1766244|
1766245|
1766246|
1766247|
1766272|
1766273|
1766274|
1766275|
1766276|
1766277|
1766278|
1766279|
1766304|
1766305|
1766306|
1766307|
1766308|
1766309|
1766310|
1766311|
1766336|
1766337|
1766338|
1766339|
1766340|
1766341|
1766342|
1766343|
1766368|
1766369|
1766370|
1766371|
1766372|
1766373|
1766374|
1766375|
1766400|
1766401|
1766402|
1766403|
1766404|
1766405|
1766406|
1766407|
1766432|
1766433|
1766434|
1766435|
1766436|
1766437|
1766438|
1766439|
1766464|
1766465|
1766466|
1766467|
1766468|
1766469|
1766470|
1766471|
1766496|
1766497|
1766498|
1766499|
1766500|
1766501|
1766502|
1766503|
1766528|
1766529|
1766530|
1766531|
1766532|
1766533|
1766534|
1766535|
1766560|
1766561|
1766562|
1766563|
1766564|
1766565|
1766566|
1766567|
1766592|
1766593|
1766594|
1766595|
1766596|
1766597|
1766598|
1766599|
1766624|
1766625|
1766626|
1766627|
1766628|
1766629|
1766630|
1766631|
1766656|
1766657|
1766658|
1766659|
1766660|
1766661|
1766662|
1766663|
1766688|
1766689|
1766690|
1766691|
1766692|
1766693|
1766694|
1766695|
1766720|
1766721|
1766722|
1766723|
1766724|
1766725|
1766726|
1766727|
1766752|
1766753|
1766754|
1766755|
1766756|
1766757|
1766758|
1766759|
1766784|
1766785|
1766786|
1766787|
1766788|
1766789|
1766790|
1766791|
1766816|
1766817|
1766818|
1766819|
1766820|
1766821|
1766822|
1766823|
1766848|
1766849|
1766850|
1766851|
1766852|
1766853|
1766854|
1766855|
1766880|
1766881|
1766882|
1766883|
1766884|
1766885|
1766886|
1766887|
1766912|
1766913|
1766914|
1766915|
1766916|
1766917|
1766918|
1766919|
1766944|
1766945|
1766946|
1766947|
1766948|
1766949|
1766950|
1766951|
1766976|
1766977|
1766978|
1766979|
1766980|
1766981|
1766982|
1766983|
1767008|
1767009|
1767010|
1767011|
1767012|
1767013|
1767014|
1767015|
1767040|
1767041|
1767042|
1767043|
1767044|
1767045|
1767046|
1767047|
1767072|
1767073|
1767074|
1767075|
1767076|
1767077|
1767078|
1767079|
1767104|
1767105|
1767106|
1767107|
1767108|
1767109|
1767110|
1767111|
1767136|
1767137|
1767138|
1767139|
1767140|
1767141|
1767142|
1767143|
1767168|
1767169|
1767170|
1767171|
1767172|
1767173|
1767174|
1767175|
1767200|
1767201|
1767202|
1767203|
1767204|
1767205|
1767206|
1767207|
1767232|
1767233|
1767234|
1767235|
1767236|
1767237|
1767238|
1767239|
1767264|
1767265|
1767266|
1767267|
1767268|
1767269|
1767270|
1767271|
1767296|
1767297|
1767298|
1767299|
1767300|
1767301|
1767302|
1767303|
1767328|
1767329|
1767330|
1767331|
1767332|
1767333|
1767334|
1767335|
1767360|
1767361|
1767362|
1767363|
1767364|
1767365|
1767366|
1767367|
1767392|
1767393|
1767394|
1767395|
1767396|
1767397|
1767398|
1767399|
1767424|
1767425|
1767426|
1767427|
1767428|
1767429|
1767430|
1767431|
1767456|
1767457|
1767458|
1767459|
1767460|
1767461|
1767462|
1767463|
1767488|
1767489|
1767490|
1767491|
1767492|
1767493|
1767494|
1767495|
1767520|
1767521|
1767522|
1767523|
1767524|
1767525|
1767526|
1767527|
1767552|
1767553|
1767554|
1767555|
1767556|
1767557|
1767558|
1767559|
1767584|
1767585|
1767586|
1767587|
1767588|
1767589|
1767590|
1767591|
1767616|
1767617|
1767618|
1767619|
1767620|
1767621|
1767622|
1767623|
1767648|
1767649|
1767650|
1767651|
1767652|
1767653|
1767654|
1767655|
1767680|
1767681|
1767682|
1767683|
1767684|
1767685|
1767686|
1767687|
1767712|
1767713|
1767714|
1767715|
1767716|
1767717|
1767718|
1767719|
1767744|
1767745|
1767746|
1767747|
1767748|
1767749|
1767750|
1767751|
1767776|
1767777|
1767778|
1767779|
1767780|
1767781|
1767782|
1767783|
1767808|
1767809|
1767810|
1767811|
1767812|
1767813|
1767814|
1767815|
1767840|
1767841|
1767842|
1767843|
1767844|
1767845|
1767846|
1767847|
1767872|
1767873|
1767874|
1767875|
1767876|
1767877|
1767878|
1767879|
1767904|
1767905|
1767906|
1767907|
1767908|
1767909|
1767910|
1767911|
1767936|
1767937|
1767938|
1767939|
1767940|
1767941|
1767942|
1767943|
1767968|
1767969|
1767970|
1767971|
1767972|
1767973|
1767974|
1767975|
1768000|
1768001|
1768002|
1768003|
1768004|
1768005|
1768006|
1768007|
1768032|
1768033|
1768034|
1768035|
1768036|
1768037|
1768038|
1768039|
1768064|
1768065|
1768066|
1768067|
1768068|
1768069|
1768070|
1768071|
1768096|
1768097|
1768098|
1768099|
1768100|
1768101|
1768102|
1768103|
1768128|
1768129|
1768130|
1768131|
1768132|
1768133|
1768134|
1768135|
1768160|
1768161|
1768162|
1768163|
1768164|
1768165|
1768166|
1768167|
1768192|
1768193|
1768194|
1768195|
1768196|
1768197|
1768198|
1768199|
1768224|
1768225|
1768226|
1768227|
1768228|
1768229|
1768230|
1768231|
1768256|
1768257|
1768258|
1768259|
1768260|
1768261|
1768262|
1768263|
1768288|
1768289|
1768290|
1768291|
1768292|
1768293|
1768294|
1768295|
1768320|
1768321|
1768322|
1768323|
1768324|
1768325|
1768326|
1768327|
1768352|
1768353|
1768354|
1768355|
1768356|
1768357|
1768358|
1768359|
1768384|
1768385|
1768386|
1768387|
1768388|
1768389|
1768390|
1768391|
1768416|
1768417|
1768418|
1768419|
1768420|
1768421|
1768422|
1768423|
1768448|
1768449|
1768450|
1768451|
1768452|
1768453|
1768454|
1768455|
1768480|
1768481|
1768482|
1768483|
1768484|
1768485|
1768486|
1768487|
1768512|
1768513|
1768514|
1768515|
1768516|
1768517|
1768518|
1768519|
1768544|
1768545|
1768546|
1768547|
1768548|
1768549|
1768550|
1768551|
1768576|
1768577|
1768578|
1768579|
1768580|
1768581|
1768582|
1768583|
1768608|
1768609|
1768610|
1768611|
1768612|
1768613|
1768614|
1768615|
1768640|
1768641|
1768642|
1768643|
1768644|
1768645|
1768646|
1768647|
1768672|
1768673|
1768674|
1768675|
1768676|
1768677|
1768678|
1768679|
1768704|
1768705|
1768706|
1768707|
1768708|
1768709|
1768710|
1768711|
1768736|
1768737|
1768738|
1768739|
1768740|
1768741|
1768742|
1768743|
1768768|
1768769|
1768770|
1768771|
1768772|
1768773|
1768774|
1768775|
1768800|
1768801|
1768802|
1768803|
1768804|
1768805|
1768806|
1768807|
1768832|
1768833|
1768834|
1768835|
1768836|
1768837|
1768838|
1768839|
1768864|
1768865|
1768866|
1768867|
1768868|
1768869|
1768870|
1768871|
1768896|
1768897|
1768898|
1768899|
1768900|
1768901|
1768902|
1768903|
1768928|
1768929|
1768930|
1768931|
1768932|
1768933|
1768934|
1768935|
1768960|
1768961|
1768962|
1768963|
1768964|
1768965|
1768966|
1768967|
1768992|
1768993|
1768994|
1768995|
1768996|
1768997|
1768998|
1768999|
1769024|
1769025|
1769026|
1769027|
1769028|
1769029|
1769030|
1769031|
1769056|
1769057|
1769058|
1769059|
1769060|
1769061|
1769062|
1769063|
1769088|
1769089|
1769090|
1769091|
1769092|
1769093|
1769094|
1769095|
1769120|
1769121|
1769122|
1769123|
1769124|
1769125|
1769126|
1769127|
1769152|
1769153|
1769154|
1769155|
1769156|
1769157|
1769158|
1769159|
1769184|
1769185|
1769186|
1769187|
1769188|
1769189|
1769190|
1769191|
1769216|
1769217|
1769218|
1769219|
1769220|
1769221|
1769222|
1769223|
1769248|
1769249|
1769250|
1769251|
1769252|
1769253|
1769254|
1769255|
1769280|
1769281|
1769282|
1769283|
1769284|
1769285|
1769286|
1769287|
1769312|
1769313|
1769314|
1769315|
1769316|
1769317|
1769318|
1769319|
1769344|
1769345|
1769346|
1769347|
1769348|
1769349|
1769350|
1769351|
1769376|
1769377|
1769378|
1769379|
1769380|
1769381|
1769382|
1769383|
1769408|
1769409|
1769410|
1769411|
1769412|
1769413|
1769414|
1769415|
1769440|
1769441|
1769442|
1769443|
1769444|
1769445|
1769446|
1769447|
1769472|
1769473|
1769474|
1769475|
1769476|
1769477|
1769478|
1769479|
1769504|
1769505|
1769506|
1769507|
1769508|
1769509|
1769510|
1769511|
1769536|
1769537|
1769538|
1769539|
1769540|
1769541|
1769542|
1769543|
1769568|
1769569|
1769570|
1769571|
1769572|
1769573|
1769574|
1769575|
1769600|
1769601|
1769602|
1769603|
1769604|
1769605|
1769606|
1769607|
1769632|
1769633|
1769634|
1769635|
1769636|
1769637|
1769638|
1769639|
1769664|
1769665|
1769666|
1769667|
1769668|
1769669|
1769670|
1769671|
1769696|
1769697|
1769698|
1769699|
1769700|
1769701|
1769702|
1769703|
1769728|
1769729|
1769730|
1769731|
1769732|
1769733|
1769734|
1769735|
1769760|
1769761|
1769762|
1769763|
1769764|
1769765|
1769766|
1769767|
1769792|
1769793|
1769794|
1769795|
1769796|
1769797|
1769798|
1769799|
1769824|
1769825|
1769826|
1769827|
1769828|
1769829|
1769830|
1769831|
1769856|
1769857|
1769858|
1769859|
1769860|
1769861|
1769862|
1769863|
1769888|
1769889|
1769890|
1769891|
1769892|
1769893|
1769894|
1769895|
1769920|
1769921|
1769922|
1769923|
1769924|
1769925|
1769926|
1769927|
1769952|
1769953|
1769954|
1769955|
1769956|
1769957|
1769958|
1769959|
1769984|
1769985|
1769986|
1769987|
1769988|
