2285989|
2285990|
2285991|
2286016|
2286017|
2286018|
2286019|
2286020|
2286021|
2286022|
2286023|
2286048|
2286049|
2286050|
2286051|
2286052|
2286053|
2286054|
2286055|
2286080|
2286081|
2286082|
2286083|
2286084|
2286085|
2286086|
2286087|
2286112|
2286113|
2286114|
2286115|
2286116|
2286117|
2286118|
2286119|
2286144|
2286145|
2286146|
2286147|
2286148|
2286149|
2286150|
2286151|
2286176|
2286177|
2286178|
2286179|
2286180|
2286181|
2286182|
2286183|
2286208|
2286209|
2286210|
2286211|
2286212|
2286213|
2286214|
2286215|
2286240|
2286241|
2286242|
2286243|
2286244|
2286245|
2286246|
2286247|
2286272|
2286273|
2286274|
2286275|
2286276|
2286277|
2286278|
2286279|
2286304|
2286305|
2286306|
2286307|
2286308|
2286309|
2286310|
2286311|
2286336|
2286337|
2286338|
2286339|
2286340|
2286341|
2286342|
2286343|
2286368|
2286369|
2286370|
2286371|
2286372|
2286373|
2286374|
2286375|
2286400|
2286401|
2286402|
2286403|
2286404|
2286405|
2286406|
2286407|
2286432|
2286433|
2286434|
2286435|
2286436|
2286437|
2286438|
2286439|
2286464|
2286465|
2286466|
2286467|
2286468|
2286469|
2286470|
2286471|
2286496|
2286497|
2286498|
2286499|
2286500|
2286501|
2286502|
2286503|
2286528|
2286529|
2286530|
2286531|
2286532|
2286533|
2286534|
2286535|
2286560|
2286561|
2286562|
2286563|
2286564|
2286565|
2286566|
2286567|
2286592|
2286593|
2286594|
2286595|
2286596|
2286597|
2286598|
2286599|
2286624|
2286625|
2286626|
2286627|
2286628|
2286629|
2286630|
2286631|
2286656|
2286657|
2286658|
2286659|
2286660|
2286661|
2286662|
2286663|
2286688|
2286689|
2286690|
2286691|
2286692|
2286693|
2286694|
2286695|
2286720|
2286721|
2286722|
2286723|
2286724|
2286725|
2286726|
2286727|
2286752|
2286753|
2286754|
2286755|
2286756|
2286757|
2286758|
2286759|
2286784|
2286785|
2286786|
2286787|
2286788|
2286789|
2286790|
2286791|
2286816|
2286817|
2286818|
2286819|
2286820|
2286821|
2286822|
2286823|
2286848|
2286849|
2286850|
2286851|
2286852|
2286853|
2286854|
2286855|
2286880|
2286881|
2286882|
2286883|
2286884|
2286885|
2286886|
2286887|
2286912|
2286913|
2286914|
2286915|
2286916|
2286917|
2286918|
2286919|
2286944|
2286945|
2286946|
2286947|
2286948|
2286949|
2286950|
2286951|
2286976|
2286977|
2286978|
2286979|
2286980|
2286981|
2286982|
2286983|
2287008|
2287009|
2287010|
2287011|
2287012|
2287013|
2287014|
2287015|
2287040|
2287041|
2287042|
2287043|
2287044|
2287045|
2287046|
2287047|
2287072|
2287073|
2287074|
2287075|
2287076|
2287077|
2287078|
2287079|
2287104|
2287105|
2287106|
2287107|
2287108|
2287109|
2287110|
2287111|
2287136|
2287137|
2287138|
2287139|
2287140|
2287141|
2287142|
2287143|
2287168|
2287169|
2287170|
2287171|
2287172|
2287173|
2287174|
2287175|
2287200|
2287201|
2287202|
2287203|
2287204|
2287205|
2287206|
2287207|
2287232|
2287233|
2287234|
2287235|
2287236|
2287237|
2287238|
2287239|
2287264|
2287265|
2287266|
2287267|
2287268|
2287269|
2287270|
2287271|
2287296|
2287297|
2287298|
2287299|
2287300|
2287301|
2287302|
2287303|
2287328|
2287329|
2287330|
2287331|
2287332|
2287333|
2287334|
2287335|
2287360|
2287361|
2287362|
2287363|
2287364|
2287365|
2287366|
2287367|
2287392|
2287393|
2287394|
2287395|
2287396|
2287397|
2287398|
2287399|
2287424|
2287425|
2287426|
2287427|
2287428|
2287429|
2287430|
2287431|
2287456|
2287457|
2287458|
2287459|
2287460|
2287461|
2287462|
2287463|
2287488|
2287489|
2287490|
2287491|
2287492|
2287493|
2287494|
2287495|
2287520|
2287521|
2287522|
2287523|
2287524|
2287525|
2287526|
2287527|
2287552|
2287553|
2287554|
2287555|
2287556|
2287557|
2287558|
2287559|
2287584|
2287585|
2287586|
2287587|
2287588|
2287589|
2287590|
2287591|
2287616|
2287617|
2287618|
2287619|
2287620|
2287621|
2287622|
2287623|
2287648|
2287649|
2287650|
2287651|
2287652|
2287653|
2287654|
2287655|
2287680|
2287681|
2287682|
2287683|
2287684|
2287685|
2287686|
2287687|
2287712|
2287713|
2287714|
2287715|
2287716|
2287717|
2287718|
2287719|
2287744|
2287745|
2287746|
2287747|
2287748|
2287749|
2287750|
2287751|
2287776|
2287777|
2287778|
2287779|
2287780|
2287781|
2287782|
2287783|
2287808|
2287809|
2287810|
2287811|
2287812|
2287813|
2287814|
2287815|
2287840|
2287841|
2287842|
2287843|
2287844|
2287845|
2287846|
2287847|
2287872|
2287873|
2287874|
2287875|
2287876|
2287877|
2287878|
2287879|
2287904|
2287905|
2287906|
2287907|
2287908|
2287909|
2287910|
2287911|
2287936|
2287937|
2287938|
2287939|
2287940|
2287941|
2287942|
2287943|
2287968|
2287969|
2287970|
2287971|
2287972|
2287973|
2287974|
2287975|
2288000|
2288001|
2288002|
2288003|
2288004|
2288005|
2288006|
2288007|
2288032|
2288033|
2288034|
2288035|
2288036|
2288037|
2288038|
2288039|
2288064|
2288065|
2288066|
2288067|
2288068|
2288069|
2288070|
2288071|
2288096|
2288097|
2288098|
2288099|
2288100|
2288101|
2288102|
2288103|
2288128|
2288129|
2288130|
2288131|
2288132|
2288133|
2288134|
2288135|
2288160|
2288161|
2288162|
2288163|
2288164|
2288165|
2288166|
2288167|
2288192|
2288193|
2288194|
2288195|
2288196|
2288197|
2288198|
2288199|
2288224|
2288225|
2288226|
2288227|
2288228|
2288229|
2288230|
2288231|
2288256|
2288257|
2288258|
2288259|
2288260|
2288261|
2288262|
2288263|
2288288|
2288289|
2288290|
2288291|
2288292|
2288293|
2288294|
2288295|
2288320|
2288321|
2288322|
2288323|
2288324|
2288325|
2288326|
2288327|
2288352|
2288353|
2288354|
2288355|
2288356|
2288357|
2288358|
2288359|
2288384|
2288385|
2288386|
2288387|
2288388|
2288389|
2288390|
2288391|
2288416|
2288417|
2288418|
2288419|
2288420|
2288421|
2288422|
2288423|
2288448|
2288449|
2288450|
2288451|
2288452|
2288453|
2288454|
2288455|
2288480|
2288481|
2288482|
2288483|
2288484|
2288485|
2288486|
2288487|
2288512|
2288513|
2288514|
2288515|
2288516|
2288517|
2288518|
2288519|
2288544|
2288545|
2288546|
2288547|
2288548|
2288549|
2288550|
2288551|
2288576|
2288577|
2288578|
2288579|
2288580|
2288581|
2288582|
2288583|
2288608|
2288609|
2288610|
2288611|
2288612|
2288613|
2288614|
2288615|
2288640|
2288641|
2288642|
2288643|
2288644|
2288645|
2288646|
2288647|
2288672|
2288673|
2288674|
2288675|
2288676|
2288677|
2288678|
2288679|
2288704|
2288705|
2288706|
2288707|
2288708|
2288709|
2288710|
2288711|
2288736|
2288737|
2288738|
2288739|
2288740|
2288741|
2288742|
2288743|
2288768|
2288769|
2288770|
2288771|
2288772|
2288773|
2288774|
2288775|
2288800|
2288801|
2288802|
2288803|
2288804|
2288805|
2288806|
2288807|
2288832|
2288833|
2288834|
2288835|
2288836|
2288837|
2288838|
2288839|
2288864|
2288865|
2288866|
2288867|
2288868|
2288869|
2288870|
2288871|
2288896|
2288897|
2288898|
2288899|
2288900|
2288901|
2288902|
2288903|
2288928|
2288929|
2288930|
2288931|
2288932|
2288933|
2288934|
2288935|
2288960|
2288961|
2288962|
2288963|
2288964|
2288965|
2288966|
2288967|
2288992|
2288993|
2288994|
2288995|
2288996|
2288997|
2288998|
2288999|
2289024|
2289025|
2289026|
2289027|
2289028|
2289029|
2289030|
2289031|
2289056|
2289057|
2289058|
2289059|
2289060|
2289061|
2289062|
2289063|
2289088|
2289089|
2289090|
2289091|
2289092|
2289093|
2289094|
2289095|
2289120|
2289121|
2289122|
2289123|
2289124|
2289125|
2289126|
2289127|
2289152|
2289153|
2289154|
2289155|
2289156|
2289157|
2289158|
2289159|
2289184|
2289185|
2289186|
2289187|
2289188|
2289189|
2289190|
2289191|
2289216|
2289217|
2289218|
2289219|
2289220|
2289221|
2289222|
2289223|
2289248|
2289249|
2289250|
2289251|
2289252|
2289253|
2289254|
2289255|
2289280|
2289281|
2289282|
2289283|
2289284|
2289285|
2289286|
2289287|
2289312|
2289313|
2289314|
2289315|
2289316|
2289317|
2289318|
2289319|
2289344|
2289345|
2289346|
2289347|
2289348|
2289349|
2289350|
2289351|
2289376|
2289377|
2289378|
2289379|
2289380|
2289381|
2289382|
2289383|
2289408|
2289409|
2289410|
2289411|
2289412|
2289413|
2289414|
2289415|
2289440|
2289441|
2289442|
2289443|
2289444|
2289445|
2289446|
2289447|
2289472|
2289473|
2289474|
2289475|
2289476|
2289477|
2289478|
2289479|
2289504|
2289505|
2289506|
2289507|
2289508|
2289509|
2289510|
2289511|
2289536|
2289537|
2289538|
2289539|
2289540|
2289541|
2289542|
2289543|
2289568|
2289569|
2289570|
2289571|
2289572|
2289573|
2289574|
2289575|
2289600|
2289601|
2289602|
2289603|
2289604|
2289605|
2289606|
2289607|
2289632|
2289633|
2289634|
2289635|
2289636|
2289637|
2289638|
2289639|
2289664|
2289665|
2289666|
2289667|
2289668|
2289669|
2289670|
2289671|
2289696|
2289697|
2289698|
2289699|
2289700|
2289701|
2289702|
2289703|
2289728|
2289729|
2289730|
2289731|
2289732|
2289733|
2289734|
2289735|
2289760|
2289761|
2289762|
2289763|
2289764|
2289765|
2289766|
2289767|
2289792|
2289793|
2289794|
2289795|
2289796|
2289797|
2289798|
2289799|
2289824|
2289825|
2289826|
2289827|
2289828|
2289829|
2289830|
2289831|
2289856|
2289857|
2289858|
2289859|
2289860|
2289861|
2289862|
2289863|
2289888|
2289889|
2289890|
2289891|
2289892|
2289893|
2289894|
2289895|
2289920|
2289921|
2289922|
2289923|
2289924|
2289925|
2289926|
2289927|
2289952|
2289953|
2289954|
2289955|
2289956|
2289957|
2289958|
2289959|
2289984|
2289985|
2289986|
2289987|
2289988|
2289989|
2289990|
2289991|
2290016|
2290017|
2290018|
2290019|
2290020|
2290021|
2290022|
2290023|
2290048|
2290049|
2290050|
2290051|
2290052|
2290053|
2290054|
2290055|
2290080|
2290081|
2290082|
2290083|
2290084|
2290085|
2290086|
2290087|
2290112|
2290113|
2290114|
2290115|
2290116|
2290117|
2290118|
2290119|
2290144|
2290145|
2290146|
2290147|
2290148|
2290149|
2290150|
2290151|
2290176|
2290177|
2290178|
2290179|
2290180|
2290181|
2290182|
2290183|
2290208|
2290209|
2290210|
2290211|
2290212|
2290213|
2290214|
2290215|
2290240|
2290241|
2290242|
2290243|
2290244|
2290245|
2290246|
2290247|
2290272|
2290273|
2290274|
2290275|
2290276|
2290277|
2290278|
2290279|
2290304|
2290305|
2290306|
2290307|
2290308|
2290309|
2290310|
2290311|
2290336|
2290337|
2290338|
2290339|
2290340|
2290341|
2290342|
2290343|
2290368|
2290369|
2290370|
2290371|
2290372|
2290373|
2290374|
2290375|
2290400|
2290401|
2290402|
2290403|
2290404|
2290405|
2290406|
2290407|
2290432|
2290433|
2290434|
2290435|
2290436|
2290437|
2290438|
2290439|
2290464|
2290465|
2290466|
2290467|
2290468|
2290469|
2290470|
2290471|
2290496|
2290497|
2290498|
2290499|
2290500|
2290501|
2290502|
2290503|
2290528|
2290529|
2290530|
2290531|
2290532|
2290533|
2290534|
2290535|
2290560|
2290561|
2290562|
2290563|
2290564|
2290565|
2290566|
2290567|
2290592|
2290593|
2290594|
2290595|
2290596|
2290597|
2290598|
2290599|
2290624|
2290625|
2290626|
2290627|
2290628|
2290629|
2290630|
2290631|
2290656|
2290657|
2290658|
2290659|
2290660|
2290661|
2290662|
2290663|
2290688|
2290689|
2290690|
2290691|
2290692|
2290693|
2290694|
2290695|
2290720|
2290721|
2290722|
2290723|
2290724|
2290725|
2290726|
2290727|
2290752|
2290753|
2290754|
2290755|
2290756|
2290757|
2290758|
2290759|
2290784|
2290785|
2290786|
2290787|
2290788|
2290789|
2290790|
2290791|
2290816|
2290817|
2290818|
2290819|
2290820|
2290821|
2290822|
2290823|
2290848|
2290849|
2290850|
2290851|
2290852|
2290853|
2290854|
2290855|
2290880|
2290881|
2290882|
2290883|
2290884|
2290885|
2290886|
2290887|
2290912|
2290913|
2290914|
2290915|
2290916|
2290917|
2290918|
2290919|
2290944|
2290945|
2290946|
2290947|
2290948|
2290949|
2290950|
2290951|
2290976|
2290977|
2290978|
2290979|
2290980|
2290981|
2290982|
2290983|
2291008|
2291009|
2291010|
2291011|
2291012|
2291013|
2291014|
2291015|
2291040|
2291041|
2291042|
2291043|
2291044|
2291045|
2291046|
2291047|
2291072|
2291073|
2291074|
2291075|
2291076|
2291077|
2291078|
2291079|
2291104|
2291105|
2291106|
2291107|
2291108|
2291109|
2291110|
2291111|
2291136|
2291137|
2291138|
2291139|
2291140|
2291141|
2291142|
2291143|
2291168|
2291169|
2291170|
2291171|
2291172|
2291173|
2291174|
2291175|
2291200|
2291201|
2291202|
2291203|
2291204|
2291205|
2291206|
2291207|
2291232|
2291233|
2291234|
2291235|
2291236|
2291237|
2291238|
2291239|
2291264|
2291265|
2291266|
2291267|
2291268|
2291269|
2291270|
2291271|
2291296|
2291297|
2291298|
2291299|
2291300|
2291301|
2291302|
2291303|
2291328|
2291329|
2291330|
2291331|
2291332|
2291333|
2291334|
2291335|
2291360|
2291361|
2291362|
2291363|
2291364|
2291365|
2291366|
2291367|
2291392|
2291393|
2291394|
2291395|
2291396|
2291397|
2291398|
2291399|
2291424|
2291425|
2291426|
2291427|
2291428|
2291429|
2291430|
2291431|
2291456|
2291457|
2291458|
2291459|
2291460|
2291461|
2291462|
2291463|
2291488|
2291489|
2291490|
2291491|
2291492|
2291493|
2291494|
2291495|
2291520|
2291521|
2291522|
2291523|
2291524|
2291525|
2291526|
2291527|
2291552|
2291553|
2291554|
2291555|
2291556|
2291557|
2291558|
2291559|
2291584|
2291585|
2291586|
2291587|
2291588|
2291589|
2291590|
2291591|
2291616|
2291617|
2291618|
2291619|
2291620|
2291621|
2291622|
2291623|
2291648|
2291649|
2291650|
2291651|
2291652|
2291653|
2291654|
2291655|
2291680|
2291681|
2291682|
2291683|
2291684|
2291685|
2291686|
2291687|
2291712|
2291713|
2291714|
2291715|
2291716|
2291717|
2291718|
2291719|
2291744|
2291745|
2291746|
2291747|
2291748|
2291749|
2291750|
2291751|
2291776|
2291777|
2291778|
2291779|
2291780|
2291781|
2291782|
2291783|
2291808|
2291809|
2291810|
2291811|
2291812|
2291813|
2291814|
2291815|
2291840|
2291841|
2291842|
2291843|
2291844|
2291845|
2291846|
2291847|
2291872|
2291873|
2291874|
2291875|
2291876|
2291877|
2291878|
2291879|
2291904|
2291905|
2291906|
2291907|
2291908|
2291909|
2291910|
2291911|
2291936|
2291937|
2291938|
2291939|
2291940|
2291941|
2291942|
2291943|
2291968|
2291969|
2291970|
2291971|
2291972|
2291973|
2291974|
2291975|
2292000|
