2153989|
2153990|
2153991|
2154016|
2154017|
2154018|
2154019|
2154020|
2154021|
2154022|
2154023|
2154048|
2154049|
2154050|
2154051|
2154052|
2154053|
2154054|
2154055|
2154080|
2154081|
2154082|
2154083|
2154084|
2154085|
2154086|
2154087|
2154112|
2154113|
2154114|
2154115|
2154116|
2154117|
2154118|
2154119|
2154144|
2154145|
2154146|
2154147|
2154148|
2154149|
2154150|
2154151|
2154176|
2154177|
2154178|
2154179|
2154180|
2154181|
2154182|
2154183|
2154208|
2154209|
2154210|
2154211|
2154212|
2154213|
2154214|
2154215|
2154240|
2154241|
2154242|
2154243|
2154244|
2154245|
2154246|
2154247|
2154272|
2154273|
2154274|
2154275|
2154276|
2154277|
2154278|
2154279|
2154304|
2154305|
2154306|
2154307|
2154308|
2154309|
2154310|
2154311|
2154336|
2154337|
2154338|
2154339|
2154340|
2154341|
2154342|
2154343|
2154368|
2154369|
2154370|
2154371|
2154372|
2154373|
2154374|
2154375|
2154400|
2154401|
2154402|
2154403|
2154404|
2154405|
2154406|
2154407|
2154432|
2154433|
2154434|
2154435|
2154436|
2154437|
2154438|
2154439|
2154464|
2154465|
2154466|
2154467|
2154468|
2154469|
2154470|
2154471|
2154496|
2154497|
2154498|
2154499|
2154500|
2154501|
2154502|
2154503|
2154528|
2154529|
2154530|
2154531|
2154532|
2154533|
2154534|
2154535|
2154560|
2154561|
2154562|
2154563|
2154564|
2154565|
2154566|
2154567|
2154592|
2154593|
2154594|
2154595|
2154596|
2154597|
2154598|
2154599|
2154624|
2154625|
2154626|
2154627|
2154628|
2154629|
2154630|
2154631|
2154656|
2154657|
2154658|
2154659|
2154660|
2154661|
2154662|
2154663|
2154688|
2154689|
2154690|
2154691|
2154692|
2154693|
2154694|
2154695|
2154720|
2154721|
2154722|
2154723|
2154724|
2154725|
2154726|
2154727|
2154752|
2154753|
2154754|
2154755|
2154756|
2154757|
2154758|
2154759|
2154784|
2154785|
2154786|
2154787|
2154788|
2154789|
2154790|
2154791|
2154816|
2154817|
2154818|
2154819|
2154820|
2154821|
2154822|
2154823|
2154848|
2154849|
2154850|
2154851|
2154852|
2154853|
2154854|
2154855|
2154880|
2154881|
2154882|
2154883|
2154884|
2154885|
2154886|
2154887|
2154912|
2154913|
2154914|
2154915|
2154916|
2154917|
2154918|
2154919|
2154944|
2154945|
2154946|
2154947|
2154948|
2154949|
2154950|
2154951|
2154976|
2154977|
2154978|
2154979|
2154980|
2154981|
2154982|
2154983|
2155008|
2155009|
2155010|
2155011|
2155012|
2155013|
2155014|
2155015|
2155040|
2155041|
2155042|
2155043|
2155044|
2155045|
2155046|
2155047|
2155072|
2155073|
2155074|
2155075|
2155076|
2155077|
2155078|
2155079|
2155104|
2155105|
2155106|
2155107|
2155108|
2155109|
2155110|
2155111|
2155136|
2155137|
2155138|
2155139|
2155140|
2155141|
2155142|
2155143|
2155168|
2155169|
2155170|
2155171|
2155172|
2155173|
2155174|
2155175|
2155200|
2155201|
2155202|
2155203|
2155204|
2155205|
2155206|
2155207|
2155232|
2155233|
2155234|
2155235|
2155236|
2155237|
2155238|
2155239|
2155264|
2155265|
2155266|
2155267|
2155268|
2155269|
2155270|
2155271|
2155296|
2155297|
2155298|
2155299|
2155300|
2155301|
2155302|
2155303|
2155328|
2155329|
2155330|
2155331|
2155332|
2155333|
2155334|
2155335|
2155360|
2155361|
2155362|
2155363|
2155364|
2155365|
2155366|
2155367|
2155392|
2155393|
2155394|
2155395|
2155396|
2155397|
2155398|
2155399|
2155424|
2155425|
2155426|
2155427|
2155428|
2155429|
2155430|
2155431|
2155456|
2155457|
2155458|
2155459|
2155460|
2155461|
2155462|
2155463|
2155488|
2155489|
2155490|
2155491|
2155492|
2155493|
2155494|
2155495|
2155520|
2155521|
2155522|
2155523|
2155524|
2155525|
2155526|
2155527|
2155552|
2155553|
2155554|
2155555|
2155556|
2155557|
2155558|
2155559|
2155584|
2155585|
2155586|
2155587|
2155588|
2155589|
2155590|
2155591|
2155616|
2155617|
2155618|
2155619|
2155620|
2155621|
2155622|
2155623|
2155648|
2155649|
2155650|
2155651|
2155652|
2155653|
2155654|
2155655|
2155680|
2155681|
2155682|
2155683|
2155684|
2155685|
2155686|
2155687|
2155712|
2155713|
2155714|
2155715|
2155716|
2155717|
2155718|
2155719|
2155744|
2155745|
2155746|
2155747|
2155748|
2155749|
2155750|
2155751|
2155776|
2155777|
2155778|
2155779|
2155780|
2155781|
2155782|
2155783|
2155808|
2155809|
2155810|
2155811|
2155812|
2155813|
2155814|
2155815|
2155840|
2155841|
2155842|
2155843|
2155844|
2155845|
2155846|
2155847|
2155872|
2155873|
2155874|
2155875|
2155876|
2155877|
2155878|
2155879|
2155904|
2155905|
2155906|
2155907|
2155908|
2155909|
2155910|
2155911|
2155936|
2155937|
2155938|
2155939|
2155940|
2155941|
2155942|
2155943|
2155968|
2155969|
2155970|
2155971|
2155972|
2155973|
2155974|
2155975|
2156000|
2156001|
2156002|
2156003|
2156004|
2156005|
2156006|
2156007|
2156032|
2156033|
2156034|
2156035|
2156036|
2156037|
2156038|
2156039|
2156064|
2156065|
2156066|
2156067|
2156068|
2156069|
2156070|
2156071|
2156096|
2156097|
2156098|
2156099|
2156100|
2156101|
2156102|
2156103|
2156128|
2156129|
2156130|
2156131|
2156132|
2156133|
2156134|
2156135|
2156160|
2156161|
2156162|
2156163|
2156164|
2156165|
2156166|
2156167|
2156192|
2156193|
2156194|
2156195|
2156196|
2156197|
2156198|
2156199|
2156224|
2156225|
2156226|
2156227|
2156228|
2156229|
2156230|
2156231|
2156256|
2156257|
2156258|
2156259|
2156260|
2156261|
2156262|
2156263|
2156288|
2156289|
2156290|
2156291|
2156292|
2156293|
2156294|
2156295|
2156320|
2156321|
2156322|
2156323|
2156324|
2156325|
2156326|
2156327|
2156352|
2156353|
2156354|
2156355|
2156356|
2156357|
2156358|
2156359|
2156384|
2156385|
2156386|
2156387|
2156388|
2156389|
2156390|
2156391|
2156416|
2156417|
2156418|
2156419|
2156420|
2156421|
2156422|
2156423|
2156448|
2156449|
2156450|
2156451|
2156452|
2156453|
2156454|
2156455|
2156480|
2156481|
2156482|
2156483|
2156484|
2156485|
2156486|
2156487|
2156512|
2156513|
2156514|
2156515|
2156516|
2156517|
2156518|
2156519|
2156544|
2156545|
2156546|
2156547|
2156548|
2156549|
2156550|
2156551|
2156576|
2156577|
2156578|
2156579|
2156580|
2156581|
2156582|
2156583|
2156608|
2156609|
2156610|
2156611|
2156612|
2156613|
2156614|
2156615|
2156640|
2156641|
2156642|
2156643|
2156644|
2156645|
2156646|
2156647|
2156672|
2156673|
2156674|
2156675|
2156676|
2156677|
2156678|
2156679|
2156704|
2156705|
2156706|
2156707|
2156708|
2156709|
2156710|
2156711|
2156736|
2156737|
2156738|
2156739|
2156740|
2156741|
2156742|
2156743|
2156768|
2156769|
2156770|
2156771|
2156772|
2156773|
2156774|
2156775|
2156800|
2156801|
2156802|
2156803|
2156804|
2156805|
2156806|
2156807|
2156832|
2156833|
2156834|
2156835|
2156836|
2156837|
2156838|
2156839|
2156864|
2156865|
2156866|
2156867|
2156868|
2156869|
2156870|
2156871|
2156896|
2156897|
2156898|
2156899|
2156900|
2156901|
2156902|
2156903|
2156928|
2156929|
2156930|
2156931|
2156932|
2156933|
2156934|
2156935|
2156960|
2156961|
2156962|
2156963|
2156964|
2156965|
2156966|
2156967|
2156992|
2156993|
2156994|
2156995|
2156996|
2156997|
2156998|
2156999|
2157024|
2157025|
2157026|
2157027|
2157028|
2157029|
2157030|
2157031|
2157056|
2157057|
2157058|
2157059|
2157060|
2157061|
2157062|
2157063|
2157088|
2157089|
2157090|
2157091|
2157092|
2157093|
2157094|
2157095|
2157120|
2157121|
2157122|
2157123|
2157124|
2157125|
2157126|
2157127|
2157152|
2157153|
2157154|
2157155|
2157156|
2157157|
2157158|
2157159|
2157184|
2157185|
2157186|
2157187|
2157188|
2157189|
2157190|
2157191|
2157216|
2157217|
2157218|
2157219|
2157220|
2157221|
2157222|
2157223|
2157248|
2157249|
2157250|
2157251|
2157252|
2157253|
2157254|
2157255|
2157280|
2157281|
2157282|
2157283|
2157284|
2157285|
2157286|
2157287|
2157312|
2157313|
2157314|
2157315|
2157316|
2157317|
2157318|
2157319|
2157344|
2157345|
2157346|
2157347|
2157348|
2157349|
2157350|
2157351|
2157376|
2157377|
2157378|
2157379|
2157380|
2157381|
2157382|
2157383|
2157408|
2157409|
2157410|
2157411|
2157412|
2157413|
2157414|
2157415|
2157440|
2157441|
2157442|
2157443|
2157444|
2157445|
2157446|
2157447|
2157472|
2157473|
2157474|
2157475|
2157476|
2157477|
2157478|
2157479|
2157504|
2157505|
2157506|
2157507|
2157508|
2157509|
2157510|
2157511|
2157536|
2157537|
2157538|
2157539|
2157540|
2157541|
2157542|
2157543|
2157568|
2157569|
2157570|
2157571|
2157572|
2157573|
2157574|
2157575|
2157600|
2157601|
2157602|
2157603|
2157604|
2157605|
2157606|
2157607|
2157632|
2157633|
2157634|
2157635|
2157636|
2157637|
2157638|
2157639|
2157664|
2157665|
2157666|
2157667|
2157668|
2157669|
2157670|
2157671|
2157696|
2157697|
2157698|
2157699|
2157700|
2157701|
2157702|
2157703|
2157728|
2157729|
2157730|
2157731|
2157732|
2157733|
2157734|
2157735|
2157760|
2157761|
2157762|
2157763|
2157764|
2157765|
2157766|
2157767|
2157792|
2157793|
2157794|
2157795|
2157796|
2157797|
2157798|
2157799|
2157824|
2157825|
2157826|
2157827|
2157828|
2157829|
2157830|
2157831|
2157856|
2157857|
2157858|
2157859|
2157860|
2157861|
2157862|
2157863|
2157888|
2157889|
2157890|
2157891|
2157892|
2157893|
2157894|
2157895|
2157920|
2157921|
2157922|
2157923|
2157924|
2157925|
2157926|
2157927|
2157952|
2157953|
2157954|
2157955|
2157956|
2157957|
2157958|
2157959|
2157984|
2157985|
2157986|
2157987|
2157988|
2157989|
2157990|
2157991|
2158016|
2158017|
2158018|
2158019|
2158020|
2158021|
2158022|
2158023|
2158048|
2158049|
2158050|
2158051|
2158052|
2158053|
2158054|
2158055|
2158080|
2158081|
2158082|
2158083|
2158084|
2158085|
2158086|
2158087|
2158112|
2158113|
2158114|
2158115|
2158116|
2158117|
2158118|
2158119|
2158144|
2158145|
2158146|
2158147|
2158148|
2158149|
2158150|
2158151|
2158176|
2158177|
2158178|
2158179|
2158180|
2158181|
2158182|
2158183|
2158208|
2158209|
2158210|
2158211|
2158212|
2158213|
2158214|
2158215|
2158240|
2158241|
2158242|
2158243|
2158244|
2158245|
2158246|
2158247|
2158272|
2158273|
2158274|
2158275|
2158276|
2158277|
2158278|
2158279|
2158304|
2158305|
2158306|
2158307|
2158308|
2158309|
2158310|
2158311|
2158336|
2158337|
2158338|
2158339|
2158340|
2158341|
2158342|
2158343|
2158368|
2158369|
2158370|
2158371|
2158372|
2158373|
2158374|
2158375|
2158400|
2158401|
2158402|
2158403|
2158404|
2158405|
2158406|
2158407|
2158432|
2158433|
2158434|
2158435|
2158436|
2158437|
2158438|
2158439|
2158464|
2158465|
2158466|
2158467|
2158468|
2158469|
2158470|
2158471|
2158496|
2158497|
2158498|
2158499|
2158500|
2158501|
2158502|
2158503|
2158528|
2158529|
2158530|
2158531|
2158532|
2158533|
2158534|
2158535|
2158560|
2158561|
2158562|
2158563|
2158564|
2158565|
2158566|
2158567|
2158592|
2158593|
2158594|
2158595|
2158596|
2158597|
2158598|
2158599|
2158624|
2158625|
2158626|
2158627|
2158628|
2158629|
2158630|
2158631|
2158656|
2158657|
2158658|
2158659|
2158660|
2158661|
2158662|
2158663|
2158688|
2158689|
2158690|
2158691|
2158692|
2158693|
2158694|
2158695|
2158720|
2158721|
2158722|
2158723|
2158724|
2158725|
2158726|
2158727|
2158752|
2158753|
2158754|
2158755|
2158756|
2158757|
2158758|
2158759|
2158784|
2158785|
2158786|
2158787|
2158788|
2158789|
2158790|
2158791|
2158816|
2158817|
2158818|
2158819|
2158820|
2158821|
2158822|
2158823|
2158848|
2158849|
2158850|
2158851|
2158852|
2158853|
2158854|
2158855|
2158880|
2158881|
2158882|
2158883|
2158884|
2158885|
2158886|
2158887|
2158912|
2158913|
2158914|
2158915|
2158916|
2158917|
2158918|
2158919|
2158944|
2158945|
2158946|
2158947|
2158948|
2158949|
2158950|
2158951|
2158976|
2158977|
2158978|
2158979|
2158980|
2158981|
2158982|
2158983|
2159008|
2159009|
2159010|
2159011|
2159012|
2159013|
2159014|
2159015|
2159040|
2159041|
2159042|
2159043|
2159044|
2159045|
2159046|
2159047|
2159072|
2159073|
2159074|
2159075|
2159076|
2159077|
2159078|
2159079|
2159104|
2159105|
2159106|
2159107|
2159108|
2159109|
2159110|
2159111|
2159136|
2159137|
2159138|
2159139|
2159140|
2159141|
2159142|
2159143|
2159168|
2159169|
2159170|
2159171|
2159172|
2159173|
2159174|
2159175|
2159200|
2159201|
2159202|
2159203|
2159204|
2159205|
2159206|
2159207|
2159232|
2159233|
2159234|
2159235|
2159236|
2159237|
2159238|
2159239|
2159264|
2159265|
2159266|
2159267|
2159268|
2159269|
2159270|
2159271|
2159296|
2159297|
2159298|
2159299|
2159300|
2159301|
2159302|
2159303|
2159328|
2159329|
2159330|
2159331|
2159332|
2159333|
2159334|
2159335|
2159360|
2159361|
2159362|
2159363|
2159364|
2159365|
2159366|
2159367|
2159392|
2159393|
2159394|
2159395|
2159396|
2159397|
2159398|
2159399|
2159424|
2159425|
2159426|
2159427|
2159428|
2159429|
2159430|
2159431|
2159456|
2159457|
2159458|
2159459|
2159460|
2159461|
2159462|
2159463|
2159488|
2159489|
2159490|
2159491|
2159492|
2159493|
2159494|
2159495|
2159520|
2159521|
2159522|
2159523|
2159524|
2159525|
2159526|
2159527|
2159552|
2159553|
2159554|
2159555|
2159556|
2159557|
2159558|
2159559|
2159584|
2159585|
2159586|
2159587|
2159588|
2159589|
2159590|
2159591|
2159616|
2159617|
2159618|
2159619|
2159620|
2159621|
2159622|
2159623|
2159648|
2159649|
2159650|
2159651|
2159652|
2159653|
2159654|
2159655|
2159680|
2159681|
2159682|
2159683|
2159684|
2159685|
2159686|
2159687|
2159712|
2159713|
2159714|
2159715|
2159716|
2159717|
2159718|
2159719|
2159744|
2159745|
2159746|
2159747|
2159748|
2159749|
2159750|
2159751|
2159776|
2159777|
2159778|
2159779|
2159780|
2159781|
2159782|
2159783|
2159808|
2159809|
2159810|
2159811|
2159812|
2159813|
2159814|
2159815|
2159840|
2159841|
2159842|
2159843|
2159844|
2159845|
2159846|
2159847|
2159872|
2159873|
2159874|
2159875|
2159876|
2159877|
2159878|
2159879|
2159904|
2159905|
2159906|
2159907|
2159908|
2159909|
2159910|
2159911|
2159936|
2159937|
2159938|
2159939|
2159940|
2159941|
2159942|
2159943|
2159968|
2159969|
2159970|
2159971|
2159972|
2159973|
2159974|
2159975|
2160000|
