845989|
845990|
845991|
846016|
846017|
846018|
846019|
846020|
846021|
846022|
846023|
846048|
846049|
846050|
846051|
846052|
846053|
846054|
846055|
846080|
846081|
846082|
846083|
846084|
846085|
846086|
846087|
846112|
846113|
846114|
846115|
846116|
846117|
846118|
846119|
846144|
846145|
846146|
846147|
846148|
846149|
846150|
846151|
846176|
846177|
846178|
846179|
846180|
846181|
846182|
846183|
846208|
846209|
846210|
846211|
846212|
846213|
846214|
846215|
846240|
846241|
846242|
846243|
846244|
846245|
846246|
846247|
846272|
846273|
846274|
846275|
846276|
846277|
846278|
846279|
846304|
846305|
846306|
846307|
846308|
846309|
846310|
846311|
846336|
846337|
846338|
846339|
846340|
846341|
846342|
846343|
846368|
846369|
846370|
846371|
846372|
846373|
846374|
846375|
846400|
846401|
846402|
846403|
846404|
846405|
846406|
846407|
846432|
846433|
846434|
846435|
846436|
846437|
846438|
846439|
846464|
846465|
846466|
846467|
846468|
846469|
846470|
846471|
846496|
846497|
846498|
846499|
846500|
846501|
846502|
846503|
846528|
846529|
846530|
846531|
846532|
846533|
846534|
846535|
846560|
846561|
846562|
846563|
846564|
846565|
846566|
846567|
846592|
846593|
846594|
846595|
846596|
846597|
846598|
846599|
846624|
846625|
846626|
846627|
846628|
846629|
846630|
846631|
846656|
846657|
846658|
846659|
846660|
846661|
846662|
846663|
846688|
846689|
846690|
846691|
846692|
846693|
846694|
846695|
846720|
846721|
846722|
846723|
846724|
846725|
846726|
846727|
846752|
846753|
846754|
846755|
846756|
846757|
846758|
846759|
846784|
846785|
846786|
846787|
846788|
846789|
846790|
846791|
846816|
846817|
846818|
846819|
846820|
846821|
846822|
846823|
846848|
846849|
846850|
846851|
846852|
846853|
846854|
846855|
846880|
846881|
846882|
846883|
846884|
846885|
846886|
846887|
846912|
846913|
846914|
846915|
846916|
846917|
846918|
846919|
846944|
846945|
846946|
846947|
846948|
846949|
846950|
846951|
846976|
846977|
846978|
846979|
846980|
846981|
846982|
846983|
847008|
847009|
847010|
847011|
847012|
847013|
847014|
847015|
847040|
847041|
847042|
847043|
847044|
847045|
847046|
847047|
847072|
847073|
847074|
847075|
847076|
847077|
847078|
847079|
847104|
847105|
847106|
847107|
847108|
847109|
847110|
847111|
847136|
847137|
847138|
847139|
847140|
847141|
847142|
847143|
847168|
847169|
847170|
847171|
847172|
847173|
847174|
847175|
847200|
847201|
847202|
847203|
847204|
847205|
847206|
847207|
847232|
847233|
847234|
847235|
847236|
847237|
847238|
847239|
847264|
847265|
847266|
847267|
847268|
847269|
847270|
847271|
847296|
847297|
847298|
847299|
847300|
847301|
847302|
847303|
847328|
847329|
847330|
847331|
847332|
847333|
847334|
847335|
847360|
847361|
847362|
847363|
847364|
847365|
847366|
847367|
847392|
847393|
847394|
847395|
847396|
847397|
847398|
847399|
847424|
847425|
847426|
847427|
847428|
847429|
847430|
847431|
847456|
847457|
847458|
847459|
847460|
847461|
847462|
847463|
847488|
847489|
847490|
847491|
847492|
847493|
847494|
847495|
847520|
847521|
847522|
847523|
847524|
847525|
847526|
847527|
847552|
847553|
847554|
847555|
847556|
847557|
847558|
847559|
847584|
847585|
847586|
847587|
847588|
847589|
847590|
847591|
847616|
847617|
847618|
847619|
847620|
847621|
847622|
847623|
847648|
847649|
847650|
847651|
847652|
847653|
847654|
847655|
847680|
847681|
847682|
847683|
847684|
847685|
847686|
847687|
847712|
847713|
847714|
847715|
847716|
847717|
847718|
847719|
847744|
847745|
847746|
847747|
847748|
847749|
847750|
847751|
847776|
847777|
847778|
847779|
847780|
847781|
847782|
847783|
847808|
847809|
847810|
847811|
847812|
847813|
847814|
847815|
847840|
847841|
847842|
847843|
847844|
847845|
847846|
847847|
847872|
847873|
847874|
847875|
847876|
847877|
847878|
847879|
847904|
847905|
847906|
847907|
847908|
847909|
847910|
847911|
847936|
847937|
847938|
847939|
847940|
847941|
847942|
847943|
847968|
847969|
847970|
847971|
847972|
847973|
847974|
847975|
848000|
848001|
848002|
848003|
848004|
848005|
848006|
848007|
848032|
848033|
848034|
848035|
848036|
848037|
848038|
848039|
848064|
848065|
848066|
848067|
848068|
848069|
848070|
848071|
848096|
848097|
848098|
848099|
848100|
848101|
848102|
848103|
848128|
848129|
848130|
848131|
848132|
848133|
848134|
848135|
848160|
848161|
848162|
848163|
848164|
848165|
848166|
848167|
848192|
848193|
848194|
848195|
848196|
848197|
848198|
848199|
848224|
848225|
848226|
848227|
848228|
848229|
848230|
848231|
848256|
848257|
848258|
848259|
848260|
848261|
848262|
848263|
848288|
848289|
848290|
848291|
848292|
848293|
848294|
848295|
848320|
848321|
848322|
848323|
848324|
848325|
848326|
848327|
848352|
848353|
848354|
848355|
848356|
848357|
848358|
848359|
848384|
848385|
848386|
848387|
848388|
848389|
848390|
848391|
848416|
848417|
848418|
848419|
848420|
848421|
848422|
848423|
848448|
848449|
848450|
848451|
848452|
848453|
848454|
848455|
848480|
848481|
848482|
848483|
848484|
848485|
848486|
848487|
848512|
848513|
848514|
848515|
848516|
848517|
848518|
848519|
848544|
848545|
848546|
848547|
848548|
848549|
848550|
848551|
848576|
848577|
848578|
848579|
848580|
848581|
848582|
848583|
848608|
848609|
848610|
848611|
848612|
848613|
848614|
848615|
848640|
848641|
848642|
848643|
848644|
848645|
848646|
848647|
848672|
848673|
848674|
848675|
848676|
848677|
848678|
848679|
848704|
848705|
848706|
848707|
848708|
848709|
848710|
848711|
848736|
848737|
848738|
848739|
848740|
848741|
848742|
848743|
848768|
848769|
848770|
848771|
848772|
848773|
848774|
848775|
848800|
848801|
848802|
848803|
848804|
848805|
848806|
848807|
848832|
848833|
848834|
848835|
848836|
848837|
848838|
848839|
848864|
848865|
848866|
848867|
848868|
848869|
848870|
848871|
848896|
848897|
848898|
848899|
848900|
848901|
848902|
848903|
848928|
848929|
848930|
848931|
848932|
848933|
848934|
848935|
848960|
848961|
848962|
848963|
848964|
848965|
848966|
848967|
848992|
848993|
848994|
848995|
848996|
848997|
848998|
848999|
849024|
849025|
849026|
849027|
849028|
849029|
849030|
849031|
849056|
849057|
849058|
849059|
849060|
849061|
849062|
849063|
849088|
849089|
849090|
849091|
849092|
849093|
849094|
849095|
849120|
849121|
849122|
849123|
849124|
849125|
849126|
849127|
849152|
849153|
849154|
849155|
849156|
849157|
849158|
849159|
849184|
849185|
849186|
849187|
849188|
849189|
849190|
849191|
849216|
849217|
849218|
849219|
849220|
849221|
849222|
849223|
849248|
849249|
849250|
849251|
849252|
849253|
849254|
849255|
849280|
849281|
849282|
849283|
849284|
849285|
849286|
849287|
849312|
849313|
849314|
849315|
849316|
849317|
849318|
849319|
849344|
849345|
849346|
849347|
849348|
849349|
849350|
849351|
849376|
849377|
849378|
849379|
849380|
849381|
849382|
849383|
849408|
849409|
849410|
849411|
849412|
849413|
849414|
849415|
849440|
849441|
849442|
849443|
849444|
849445|
849446|
849447|
849472|
849473|
849474|
849475|
849476|
849477|
849478|
849479|
849504|
849505|
849506|
849507|
849508|
849509|
849510|
849511|
849536|
849537|
849538|
849539|
849540|
849541|
849542|
849543|
849568|
849569|
849570|
849571|
849572|
849573|
849574|
849575|
849600|
849601|
849602|
849603|
849604|
849605|
849606|
849607|
849632|
849633|
849634|
849635|
849636|
849637|
849638|
849639|
849664|
849665|
849666|
849667|
849668|
849669|
849670|
849671|
849696|
849697|
849698|
849699|
849700|
849701|
849702|
849703|
849728|
849729|
849730|
849731|
849732|
849733|
849734|
849735|
849760|
849761|
849762|
849763|
849764|
849765|
849766|
849767|
849792|
849793|
849794|
849795|
849796|
849797|
849798|
849799|
849824|
849825|
849826|
849827|
849828|
849829|
849830|
849831|
849856|
849857|
849858|
849859|
849860|
849861|
849862|
849863|
849888|
849889|
849890|
849891|
849892|
849893|
849894|
849895|
849920|
849921|
849922|
849923|
849924|
849925|
849926|
849927|
849952|
849953|
849954|
849955|
849956|
849957|
849958|
849959|
849984|
849985|
849986|
849987|
849988|
849989|
849990|
849991|
850016|
850017|
850018|
850019|
850020|
850021|
850022|
850023|
850048|
850049|
850050|
850051|
850052|
850053|
850054|
850055|
850080|
850081|
850082|
850083|
850084|
850085|
850086|
850087|
850112|
850113|
850114|
850115|
850116|
850117|
850118|
850119|
850144|
850145|
850146|
850147|
850148|
850149|
850150|
850151|
850176|
850177|
850178|
850179|
850180|
850181|
850182|
850183|
850208|
850209|
850210|
850211|
850212|
850213|
850214|
850215|
850240|
850241|
850242|
850243|
850244|
850245|
850246|
850247|
850272|
850273|
850274|
850275|
850276|
850277|
850278|
850279|
850304|
850305|
850306|
850307|
850308|
850309|
850310|
850311|
850336|
850337|
850338|
850339|
850340|
850341|
850342|
850343|
850368|
850369|
850370|
850371|
850372|
850373|
850374|
850375|
850400|
850401|
850402|
850403|
850404|
850405|
850406|
850407|
850432|
850433|
850434|
850435|
850436|
850437|
850438|
850439|
850464|
850465|
850466|
850467|
850468|
850469|
850470|
850471|
850496|
850497|
850498|
850499|
850500|
850501|
850502|
850503|
850528|
850529|
850530|
850531|
850532|
850533|
850534|
850535|
850560|
850561|
850562|
850563|
850564|
850565|
850566|
850567|
850592|
850593|
850594|
850595|
850596|
850597|
850598|
850599|
850624|
850625|
850626|
850627|
850628|
850629|
850630|
850631|
850656|
850657|
850658|
850659|
850660|
850661|
850662|
850663|
850688|
850689|
850690|
850691|
850692|
850693|
850694|
850695|
850720|
850721|
850722|
850723|
850724|
850725|
850726|
850727|
850752|
850753|
850754|
850755|
850756|
850757|
850758|
850759|
850784|
850785|
850786|
850787|
850788|
850789|
850790|
850791|
850816|
850817|
850818|
850819|
850820|
850821|
850822|
850823|
850848|
850849|
850850|
850851|
850852|
850853|
850854|
850855|
850880|
850881|
850882|
850883|
850884|
850885|
850886|
850887|
850912|
850913|
850914|
850915|
850916|
850917|
850918|
850919|
850944|
850945|
850946|
850947|
850948|
850949|
850950|
850951|
850976|
850977|
850978|
850979|
850980|
850981|
850982|
850983|
851008|
851009|
851010|
851011|
851012|
851013|
851014|
851015|
851040|
851041|
851042|
851043|
851044|
851045|
851046|
851047|
851072|
851073|
851074|
851075|
851076|
851077|
851078|
851079|
851104|
851105|
851106|
851107|
851108|
851109|
851110|
851111|
851136|
851137|
851138|
851139|
851140|
851141|
851142|
851143|
851168|
851169|
851170|
851171|
851172|
851173|
851174|
851175|
851200|
851201|
851202|
851203|
851204|
851205|
851206|
851207|
851232|
851233|
851234|
851235|
851236|
851237|
851238|
851239|
851264|
851265|
851266|
851267|
851268|
851269|
851270|
851271|
851296|
851297|
851298|
851299|
851300|
851301|
851302|
851303|
851328|
851329|
851330|
851331|
851332|
851333|
851334|
851335|
851360|
851361|
851362|
851363|
851364|
851365|
851366|
851367|
851392|
851393|
851394|
851395|
851396|
851397|
851398|
851399|
851424|
851425|
851426|
851427|
851428|
851429|
851430|
851431|
851456|
851457|
851458|
851459|
851460|
851461|
851462|
851463|
851488|
851489|
851490|
851491|
851492|
851493|
851494|
851495|
851520|
851521|
851522|
851523|
851524|
851525|
851526|
851527|
851552|
851553|
851554|
851555|
851556|
851557|
851558|
851559|
851584|
851585|
851586|
851587|
851588|
851589|
851590|
851591|
851616|
851617|
851618|
851619|
851620|
851621|
851622|
851623|
851648|
851649|
851650|
851651|
851652|
851653|
851654|
851655|
851680|
851681|
851682|
851683|
851684|
851685|
851686|
851687|
851712|
851713|
851714|
851715|
851716|
851717|
851718|
851719|
851744|
851745|
851746|
851747|
851748|
851749|
851750|
851751|
851776|
851777|
851778|
851779|
851780|
851781|
851782|
851783|
851808|
851809|
851810|
851811|
851812|
851813|
851814|
851815|
851840|
851841|
851842|
851843|
851844|
851845|
851846|
851847|
851872|
851873|
851874|
851875|
851876|
851877|
851878|
851879|
851904|
851905|
851906|
851907|
851908|
851909|
851910|
851911|
851936|
851937|
851938|
851939|
851940|
851941|
851942|
851943|
851968|
851969|
851970|
851971|
851972|
851973|
851974|
851975|
852000|
