1241989|
1241990|
1241991|
1242016|
1242017|
1242018|
1242019|
1242020|
1242021|
1242022|
1242023|
1242048|
1242049|
1242050|
1242051|
1242052|
1242053|
1242054|
1242055|
1242080|
1242081|
1242082|
1242083|
1242084|
1242085|
1242086|
1242087|
1242112|
1242113|
1242114|
1242115|
1242116|
1242117|
1242118|
1242119|
1242144|
1242145|
1242146|
1242147|
1242148|
1242149|
1242150|
1242151|
1242176|
1242177|
1242178|
1242179|
1242180|
1242181|
1242182|
1242183|
1242208|
1242209|
1242210|
1242211|
1242212|
1242213|
1242214|
1242215|
1242240|
1242241|
1242242|
1242243|
1242244|
1242245|
1242246|
1242247|
1242272|
1242273|
1242274|
1242275|
1242276|
1242277|
1242278|
1242279|
1242304|
1242305|
1242306|
1242307|
1242308|
1242309|
1242310|
1242311|
1242336|
1242337|
1242338|
1242339|
1242340|
1242341|
1242342|
1242343|
1242368|
1242369|
1242370|
1242371|
1242372|
1242373|
1242374|
1242375|
1242400|
1242401|
1242402|
1242403|
1242404|
1242405|
1242406|
1242407|
1242432|
1242433|
1242434|
1242435|
1242436|
1242437|
1242438|
1242439|
1242464|
1242465|
1242466|
1242467|
1242468|
1242469|
1242470|
1242471|
1242496|
1242497|
1242498|
1242499|
1242500|
1242501|
1242502|
1242503|
1242528|
1242529|
1242530|
1242531|
1242532|
1242533|
1242534|
1242535|
1242560|
1242561|
1242562|
1242563|
1242564|
1242565|
1242566|
1242567|
1242592|
1242593|
1242594|
1242595|
1242596|
1242597|
1242598|
1242599|
1242624|
1242625|
1242626|
1242627|
1242628|
1242629|
1242630|
1242631|
1242656|
1242657|
1242658|
1242659|
1242660|
1242661|
1242662|
1242663|
1242688|
1242689|
1242690|
1242691|
1242692|
1242693|
1242694|
1242695|
1242720|
1242721|
1242722|
1242723|
1242724|
1242725|
1242726|
1242727|
1242752|
1242753|
1242754|
1242755|
1242756|
1242757|
1242758|
1242759|
1242784|
1242785|
1242786|
1242787|
1242788|
1242789|
1242790|
1242791|
1242816|
1242817|
1242818|
1242819|
1242820|
1242821|
1242822|
1242823|
1242848|
1242849|
1242850|
1242851|
1242852|
1242853|
1242854|
1242855|
1242880|
1242881|
1242882|
1242883|
1242884|
1242885|
1242886|
1242887|
1242912|
1242913|
1242914|
1242915|
1242916|
1242917|
1242918|
1242919|
1242944|
1242945|
1242946|
1242947|
1242948|
1242949|
1242950|
1242951|
1242976|
1242977|
1242978|
1242979|
1242980|
1242981|
1242982|
1242983|
1243008|
1243009|
1243010|
1243011|
1243012|
1243013|
1243014|
1243015|
1243040|
1243041|
1243042|
1243043|
1243044|
1243045|
1243046|
1243047|
1243072|
1243073|
1243074|
1243075|
1243076|
1243077|
1243078|
1243079|
1243104|
1243105|
1243106|
1243107|
1243108|
1243109|
1243110|
1243111|
1243136|
1243137|
1243138|
1243139|
1243140|
1243141|
1243142|
1243143|
1243168|
1243169|
1243170|
1243171|
1243172|
1243173|
1243174|
1243175|
1243200|
1243201|
1243202|
1243203|
1243204|
1243205|
1243206|
1243207|
1243232|
1243233|
1243234|
1243235|
1243236|
1243237|
1243238|
1243239|
1243264|
1243265|
1243266|
1243267|
1243268|
1243269|
1243270|
1243271|
1243296|
1243297|
1243298|
1243299|
1243300|
1243301|
1243302|
1243303|
1243328|
1243329|
1243330|
1243331|
1243332|
1243333|
1243334|
1243335|
1243360|
1243361|
1243362|
1243363|
1243364|
1243365|
1243366|
1243367|
1243392|
1243393|
1243394|
1243395|
1243396|
1243397|
1243398|
1243399|
1243424|
1243425|
1243426|
1243427|
1243428|
1243429|
1243430|
1243431|
1243456|
1243457|
1243458|
1243459|
1243460|
1243461|
1243462|
1243463|
1243488|
1243489|
1243490|
1243491|
1243492|
1243493|
1243494|
1243495|
1243520|
1243521|
1243522|
1243523|
1243524|
1243525|
1243526|
1243527|
1243552|
1243553|
1243554|
1243555|
1243556|
1243557|
1243558|
1243559|
1243584|
1243585|
1243586|
1243587|
1243588|
1243589|
1243590|
1243591|
1243616|
1243617|
1243618|
1243619|
1243620|
1243621|
1243622|
1243623|
1243648|
1243649|
1243650|
1243651|
1243652|
1243653|
1243654|
1243655|
1243680|
1243681|
1243682|
1243683|
1243684|
1243685|
1243686|
1243687|
1243712|
1243713|
1243714|
1243715|
1243716|
1243717|
1243718|
1243719|
1243744|
1243745|
1243746|
1243747|
1243748|
1243749|
1243750|
1243751|
1243776|
1243777|
1243778|
1243779|
1243780|
1243781|
1243782|
1243783|
1243808|
1243809|
1243810|
1243811|
1243812|
1243813|
1243814|
1243815|
1243840|
1243841|
1243842|
1243843|
1243844|
1243845|
1243846|
1243847|
1243872|
1243873|
1243874|
1243875|
1243876|
1243877|
1243878|
1243879|
1243904|
1243905|
1243906|
1243907|
1243908|
1243909|
1243910|
1243911|
1243936|
1243937|
1243938|
1243939|
1243940|
1243941|
1243942|
1243943|
1243968|
1243969|
1243970|
1243971|
1243972|
1243973|
1243974|
1243975|
1244000|
1244001|
1244002|
1244003|
1244004|
1244005|
1244006|
1244007|
1244032|
1244033|
1244034|
1244035|
1244036|
1244037|
1244038|
1244039|
1244064|
1244065|
1244066|
1244067|
1244068|
1244069|
1244070|
1244071|
1244096|
1244097|
1244098|
1244099|
1244100|
1244101|
1244102|
1244103|
1244128|
1244129|
1244130|
1244131|
1244132|
1244133|
1244134|
1244135|
1244160|
1244161|
1244162|
1244163|
1244164|
1244165|
1244166|
1244167|
1244192|
1244193|
1244194|
1244195|
1244196|
1244197|
1244198|
1244199|
1244224|
1244225|
1244226|
1244227|
1244228|
1244229|
1244230|
1244231|
1244256|
1244257|
1244258|
1244259|
1244260|
1244261|
1244262|
1244263|
1244288|
1244289|
1244290|
1244291|
1244292|
1244293|
1244294|
1244295|
1244320|
1244321|
1244322|
1244323|
1244324|
1244325|
1244326|
1244327|
1244352|
1244353|
1244354|
1244355|
1244356|
1244357|
1244358|
1244359|
1244384|
1244385|
1244386|
1244387|
1244388|
1244389|
1244390|
1244391|
1244416|
1244417|
1244418|
1244419|
1244420|
1244421|
1244422|
1244423|
1244448|
1244449|
1244450|
1244451|
1244452|
1244453|
1244454|
1244455|
1244480|
1244481|
1244482|
1244483|
1244484|
1244485|
1244486|
1244487|
1244512|
1244513|
1244514|
1244515|
1244516|
1244517|
1244518|
1244519|
1244544|
1244545|
1244546|
1244547|
1244548|
1244549|
1244550|
1244551|
1244576|
1244577|
1244578|
1244579|
1244580|
1244581|
1244582|
1244583|
1244608|
1244609|
1244610|
1244611|
1244612|
1244613|
1244614|
1244615|
1244640|
1244641|
1244642|
1244643|
1244644|
1244645|
1244646|
1244647|
1244672|
1244673|
1244674|
1244675|
1244676|
1244677|
1244678|
1244679|
1244704|
1244705|
1244706|
1244707|
1244708|
1244709|
1244710|
1244711|
1244736|
1244737|
1244738|
1244739|
1244740|
1244741|
1244742|
1244743|
1244768|
1244769|
1244770|
1244771|
1244772|
1244773|
1244774|
1244775|
1244800|
1244801|
1244802|
1244803|
1244804|
1244805|
1244806|
1244807|
1244832|
1244833|
1244834|
1244835|
1244836|
1244837|
1244838|
1244839|
1244864|
1244865|
1244866|
1244867|
1244868|
1244869|
1244870|
1244871|
1244896|
1244897|
1244898|
1244899|
1244900|
1244901|
1244902|
1244903|
1244928|
1244929|
1244930|
1244931|
1244932|
1244933|
1244934|
1244935|
1244960|
1244961|
1244962|
1244963|
1244964|
1244965|
1244966|
1244967|
1244992|
1244993|
1244994|
1244995|
1244996|
1244997|
1244998|
1244999|
1245024|
1245025|
1245026|
1245027|
1245028|
1245029|
1245030|
1245031|
1245056|
1245057|
1245058|
1245059|
1245060|
1245061|
1245062|
1245063|
1245088|
1245089|
1245090|
1245091|
1245092|
1245093|
1245094|
1245095|
1245120|
1245121|
1245122|
1245123|
1245124|
1245125|
1245126|
1245127|
1245152|
1245153|
1245154|
1245155|
1245156|
1245157|
1245158|
1245159|
1245184|
1245185|
1245186|
1245187|
1245188|
1245189|
1245190|
1245191|
1245216|
1245217|
1245218|
1245219|
1245220|
1245221|
1245222|
1245223|
1245248|
1245249|
1245250|
1245251|
1245252|
1245253|
1245254|
1245255|
1245280|
1245281|
1245282|
1245283|
1245284|
1245285|
1245286|
1245287|
1245312|
1245313|
1245314|
1245315|
1245316|
1245317|
1245318|
1245319|
1245344|
1245345|
1245346|
1245347|
1245348|
1245349|
1245350|
1245351|
1245376|
1245377|
1245378|
1245379|
1245380|
1245381|
1245382|
1245383|
1245408|
1245409|
1245410|
1245411|
1245412|
1245413|
1245414|
1245415|
1245440|
1245441|
1245442|
1245443|
1245444|
1245445|
1245446|
1245447|
1245472|
1245473|
1245474|
1245475|
1245476|
1245477|
1245478|
1245479|
1245504|
1245505|
1245506|
1245507|
1245508|
1245509|
1245510|
1245511|
1245536|
1245537|
1245538|
1245539|
1245540|
1245541|
1245542|
1245543|
1245568|
1245569|
1245570|
1245571|
1245572|
1245573|
1245574|
1245575|
1245600|
1245601|
1245602|
1245603|
1245604|
1245605|
1245606|
1245607|
1245632|
1245633|
1245634|
1245635|
1245636|
1245637|
1245638|
1245639|
1245664|
1245665|
1245666|
1245667|
1245668|
1245669|
1245670|
1245671|
1245696|
1245697|
1245698|
1245699|
1245700|
1245701|
1245702|
1245703|
1245728|
1245729|
1245730|
1245731|
1245732|
1245733|
1245734|
1245735|
1245760|
1245761|
1245762|
1245763|
1245764|
1245765|
1245766|
1245767|
1245792|
1245793|
1245794|
1245795|
1245796|
1245797|
1245798|
1245799|
1245824|
1245825|
1245826|
1245827|
1245828|
1245829|
1245830|
1245831|
1245856|
1245857|
1245858|
1245859|
1245860|
1245861|
1245862|
1245863|
1245888|
1245889|
1245890|
1245891|
1245892|
1245893|
1245894|
1245895|
1245920|
1245921|
1245922|
1245923|
1245924|
1245925|
1245926|
1245927|
1245952|
1245953|
1245954|
1245955|
1245956|
1245957|
1245958|
1245959|
1245984|
1245985|
1245986|
1245987|
1245988|
1245989|
1245990|
1245991|
1246016|
1246017|
1246018|
1246019|
1246020|
1246021|
1246022|
1246023|
1246048|
1246049|
1246050|
1246051|
1246052|
1246053|
1246054|
1246055|
1246080|
1246081|
1246082|
1246083|
1246084|
1246085|
1246086|
1246087|
1246112|
1246113|
1246114|
1246115|
1246116|
1246117|
1246118|
1246119|
1246144|
1246145|
1246146|
1246147|
1246148|
1246149|
1246150|
1246151|
1246176|
1246177|
1246178|
1246179|
1246180|
1246181|
1246182|
1246183|
1246208|
1246209|
1246210|
1246211|
1246212|
1246213|
1246214|
1246215|
1246240|
1246241|
1246242|
1246243|
1246244|
1246245|
1246246|
1246247|
1246272|
1246273|
1246274|
1246275|
1246276|
1246277|
1246278|
1246279|
1246304|
1246305|
1246306|
1246307|
1246308|
1246309|
1246310|
1246311|
1246336|
1246337|
1246338|
1246339|
1246340|
1246341|
1246342|
1246343|
1246368|
1246369|
1246370|
1246371|
1246372|
1246373|
1246374|
1246375|
1246400|
1246401|
1246402|
1246403|
1246404|
1246405|
1246406|
1246407|
1246432|
1246433|
1246434|
1246435|
1246436|
1246437|
1246438|
1246439|
1246464|
1246465|
1246466|
1246467|
1246468|
1246469|
1246470|
1246471|
1246496|
1246497|
1246498|
1246499|
1246500|
1246501|
1246502|
1246503|
1246528|
1246529|
1246530|
1246531|
1246532|
1246533|
1246534|
1246535|
1246560|
1246561|
1246562|
1246563|
1246564|
1246565|
1246566|
1246567|
1246592|
1246593|
1246594|
1246595|
1246596|
1246597|
1246598|
1246599|
1246624|
1246625|
1246626|
1246627|
1246628|
1246629|
1246630|
1246631|
1246656|
1246657|
1246658|
1246659|
1246660|
1246661|
1246662|
1246663|
1246688|
1246689|
1246690|
1246691|
1246692|
1246693|
1246694|
1246695|
1246720|
1246721|
1246722|
1246723|
1246724|
1246725|
1246726|
1246727|
1246752|
1246753|
1246754|
1246755|
1246756|
1246757|
1246758|
1246759|
1246784|
1246785|
1246786|
1246787|
1246788|
1246789|
1246790|
1246791|
1246816|
1246817|
1246818|
1246819|
1246820|
1246821|
1246822|
1246823|
1246848|
1246849|
1246850|
1246851|
1246852|
1246853|
1246854|
1246855|
1246880|
1246881|
1246882|
1246883|
1246884|
1246885|
1246886|
1246887|
1246912|
1246913|
1246914|
1246915|
1246916|
1246917|
1246918|
1246919|
1246944|
1246945|
1246946|
1246947|
1246948|
1246949|
1246950|
1246951|
1246976|
1246977|
1246978|
1246979|
1246980|
1246981|
1246982|
1246983|
1247008|
1247009|
1247010|
1247011|
1247012|
1247013|
1247014|
1247015|
1247040|
1247041|
1247042|
1247043|
1247044|
1247045|
1247046|
1247047|
1247072|
1247073|
1247074|
1247075|
1247076|
1247077|
1247078|
1247079|
1247104|
1247105|
1247106|
1247107|
1247108|
1247109|
1247110|
1247111|
1247136|
1247137|
1247138|
1247139|
1247140|
1247141|
1247142|
1247143|
1247168|
1247169|
1247170|
1247171|
1247172|
1247173|
1247174|
1247175|
1247200|
1247201|
1247202|
1247203|
1247204|
1247205|
1247206|
1247207|
1247232|
1247233|
1247234|
1247235|
1247236|
1247237|
1247238|
1247239|
1247264|
1247265|
1247266|
1247267|
1247268|
1247269|
1247270|
1247271|
1247296|
1247297|
1247298|
1247299|
1247300|
1247301|
1247302|
1247303|
1247328|
1247329|
1247330|
1247331|
1247332|
1247333|
1247334|
1247335|
1247360|
1247361|
1247362|
1247363|
1247364|
1247365|
1247366|
1247367|
1247392|
1247393|
1247394|
1247395|
1247396|
1247397|
1247398|
1247399|
1247424|
1247425|
1247426|
1247427|
1247428|
1247429|
1247430|
1247431|
1247456|
1247457|
1247458|
1247459|
1247460|
1247461|
1247462|
1247463|
1247488|
1247489|
1247490|
1247491|
1247492|
1247493|
1247494|
1247495|
1247520|
1247521|
1247522|
1247523|
1247524|
1247525|
1247526|
1247527|
1247552|
1247553|
1247554|
1247555|
1247556|
1247557|
1247558|
1247559|
1247584|
1247585|
1247586|
1247587|
1247588|
1247589|
1247590|
1247591|
1247616|
1247617|
1247618|
1247619|
1247620|
1247621|
1247622|
1247623|
1247648|
1247649|
1247650|
1247651|
1247652|
1247653|
1247654|
1247655|
1247680|
1247681|
1247682|
1247683|
1247684|
1247685|
1247686|
1247687|
1247712|
1247713|
1247714|
1247715|
1247716|
1247717|
1247718|
1247719|
1247744|
1247745|
1247746|
1247747|
1247748|
1247749|
1247750|
1247751|
1247776|
1247777|
1247778|
1247779|
1247780|
1247781|
1247782|
1247783|
1247808|
1247809|
1247810|
1247811|
1247812|
1247813|
1247814|
1247815|
1247840|
1247841|
1247842|
1247843|
1247844|
1247845|
1247846|
1247847|
1247872|
1247873|
1247874|
1247875|
1247876|
1247877|
1247878|
1247879|
1247904|
1247905|
1247906|
1247907|
1247908|
1247909|
1247910|
1247911|
1247936|
1247937|
1247938|
1247939|
1247940|
1247941|
1247942|
1247943|
1247968|
1247969|
1247970|
1247971|
1247972|
1247973|
1247974|
1247975|
1248000|
