96001|
96002|
96003|
96004|
96005|
96006|
96007|
96032|
96033|
96034|
96035|
96036|
96037|
96038|
96039|
96064|
96065|
96066|
96067|
96068|
96069|
96070|
96071|
96096|
96097|
96098|
96099|
96100|
96101|
96102|
96103|
96128|
96129|
96130|
96131|
96132|
96133|
96134|
96135|
96160|
96161|
96162|
96163|
96164|
96165|
96166|
96167|
96192|
96193|
96194|
96195|
96196|
96197|
96198|
96199|
96224|
96225|
96226|
96227|
96228|
96229|
96230|
96231|
96256|
96257|
96258|
96259|
96260|
96261|
96262|
96263|
96288|
96289|
96290|
96291|
96292|
96293|
96294|
96295|
96320|
96321|
96322|
96323|
96324|
96325|
96326|
96327|
96352|
96353|
96354|
96355|
96356|
96357|
96358|
96359|
96384|
96385|
96386|
96387|
96388|
96389|
96390|
96391|
96416|
96417|
96418|
96419|
96420|
96421|
96422|
96423|
96448|
96449|
96450|
96451|
96452|
96453|
96454|
96455|
96480|
96481|
96482|
96483|
96484|
96485|
96486|
96487|
96512|
96513|
96514|
96515|
96516|
96517|
96518|
96519|
96544|
96545|
96546|
96547|
96548|
96549|
96550|
96551|
96576|
96577|
96578|
96579|
96580|
96581|
96582|
96583|
96608|
96609|
96610|
96611|
96612|
96613|
96614|
96615|
96640|
96641|
96642|
96643|
96644|
96645|
96646|
96647|
96672|
96673|
96674|
96675|
96676|
96677|
96678|
96679|
96704|
96705|
96706|
96707|
96708|
96709|
96710|
96711|
96736|
96737|
96738|
96739|
96740|
96741|
96742|
96743|
96768|
96769|
96770|
96771|
96772|
96773|
96774|
96775|
96800|
96801|
96802|
96803|
96804|
96805|
96806|
96807|
96832|
96833|
96834|
96835|
96836|
96837|
96838|
96839|
96864|
96865|
96866|
96867|
96868|
96869|
96870|
96871|
96896|
96897|
96898|
96899|
96900|
96901|
96902|
96903|
96928|
96929|
96930|
96931|
96932|
96933|
96934|
96935|
96960|
96961|
96962|
96963|
96964|
96965|
96966|
96967|
96992|
96993|
96994|
96995|
96996|
96997|
96998|
96999|
97024|
97025|
97026|
97027|
97028|
97029|
97030|
97031|
97056|
97057|
97058|
97059|
97060|
97061|
97062|
97063|
97088|
97089|
97090|
97091|
97092|
97093|
97094|
97095|
97120|
97121|
97122|
97123|
97124|
97125|
97126|
97127|
97152|
97153|
97154|
97155|
97156|
97157|
97158|
97159|
97184|
97185|
97186|
97187|
97188|
97189|
97190|
97191|
97216|
97217|
97218|
97219|
97220|
97221|
97222|
97223|
97248|
97249|
97250|
97251|
97252|
97253|
97254|
97255|
97280|
97281|
97282|
97283|
97284|
97285|
97286|
97287|
97312|
97313|
97314|
97315|
97316|
97317|
97318|
97319|
97344|
97345|
97346|
97347|
97348|
97349|
97350|
97351|
97376|
97377|
97378|
97379|
97380|
97381|
97382|
97383|
97408|
97409|
97410|
97411|
97412|
97413|
97414|
97415|
97440|
97441|
97442|
97443|
97444|
97445|
97446|
97447|
97472|
97473|
97474|
97475|
97476|
97477|
97478|
97479|
97504|
97505|
97506|
97507|
97508|
97509|
97510|
97511|
97536|
97537|
97538|
97539|
97540|
97541|
97542|
97543|
97568|
97569|
97570|
97571|
97572|
97573|
97574|
97575|
97600|
97601|
97602|
97603|
97604|
97605|
97606|
97607|
97632|
97633|
97634|
97635|
97636|
97637|
97638|
97639|
97664|
97665|
97666|
97667|
97668|
97669|
97670|
97671|
97696|
97697|
97698|
97699|
97700|
97701|
97702|
97703|
97728|
97729|
97730|
97731|
97732|
97733|
97734|
97735|
97760|
97761|
97762|
97763|
97764|
97765|
97766|
97767|
97792|
97793|
97794|
97795|
97796|
97797|
97798|
97799|
97824|
97825|
97826|
97827|
97828|
97829|
97830|
97831|
97856|
97857|
97858|
97859|
97860|
97861|
97862|
97863|
97888|
97889|
97890|
97891|
97892|
97893|
97894|
97895|
97920|
97921|
97922|
97923|
97924|
97925|
97926|
97927|
97952|
97953|
97954|
97955|
97956|
97957|
97958|
97959|
97984|
97985|
97986|
97987|
97988|
97989|
97990|
97991|
98016|
98017|
98018|
98019|
98020|
98021|
98022|
98023|
98048|
98049|
98050|
98051|
98052|
98053|
98054|
98055|
98080|
98081|
98082|
98083|
98084|
98085|
98086|
98087|
98112|
98113|
98114|
98115|
98116|
98117|
98118|
98119|
98144|
98145|
98146|
98147|
98148|
98149|
98150|
98151|
98176|
98177|
98178|
98179|
98180|
98181|
98182|
98183|
98208|
98209|
98210|
98211|
98212|
98213|
98214|
98215|
98240|
98241|
98242|
98243|
98244|
98245|
98246|
98247|
98272|
98273|
98274|
98275|
98276|
98277|
98278|
98279|
98304|
98305|
98306|
98307|
98308|
98309|
98310|
98311|
98336|
98337|
98338|
98339|
98340|
98341|
98342|
98343|
98368|
98369|
98370|
98371|
98372|
98373|
98374|
98375|
98400|
98401|
98402|
98403|
98404|
98405|
98406|
98407|
98432|
98433|
98434|
98435|
98436|
98437|
98438|
98439|
98464|
98465|
98466|
98467|
98468|
98469|
98470|
98471|
98496|
98497|
98498|
98499|
98500|
98501|
98502|
98503|
98528|
98529|
98530|
98531|
98532|
98533|
98534|
98535|
98560|
98561|
98562|
98563|
98564|
98565|
98566|
98567|
98592|
98593|
98594|
98595|
98596|
98597|
98598|
98599|
98624|
98625|
98626|
98627|
98628|
98629|
98630|
98631|
98656|
98657|
98658|
98659|
98660|
98661|
98662|
98663|
98688|
98689|
98690|
98691|
98692|
98693|
98694|
98695|
98720|
98721|
98722|
98723|
98724|
98725|
98726|
98727|
98752|
98753|
98754|
98755|
98756|
98757|
98758|
98759|
98784|
98785|
98786|
98787|
98788|
98789|
98790|
98791|
98816|
98817|
98818|
98819|
98820|
98821|
98822|
98823|
98848|
98849|
98850|
98851|
98852|
98853|
98854|
98855|
98880|
98881|
98882|
98883|
98884|
98885|
98886|
98887|
98912|
98913|
98914|
98915|
98916|
98917|
98918|
98919|
98944|
98945|
98946|
98947|
98948|
98949|
98950|
98951|
98976|
98977|
98978|
98979|
98980|
98981|
98982|
98983|
99008|
99009|
99010|
99011|
99012|
99013|
99014|
99015|
99040|
99041|
99042|
99043|
99044|
99045|
99046|
99047|
99072|
99073|
99074|
99075|
99076|
99077|
99078|
99079|
99104|
99105|
99106|
99107|
99108|
99109|
99110|
99111|
99136|
99137|
99138|
99139|
99140|
99141|
99142|
99143|
99168|
99169|
99170|
99171|
99172|
99173|
99174|
99175|
99200|
99201|
99202|
99203|
99204|
99205|
99206|
99207|
99232|
99233|
99234|
99235|
99236|
99237|
99238|
99239|
99264|
99265|
99266|
99267|
99268|
99269|
99270|
99271|
99296|
99297|
99298|
99299|
99300|
99301|
99302|
99303|
99328|
99329|
99330|
99331|
99332|
99333|
99334|
99335|
99360|
99361|
99362|
99363|
99364|
99365|
99366|
99367|
99392|
99393|
99394|
99395|
99396|
99397|
99398|
99399|
99424|
99425|
99426|
99427|
99428|
99429|
99430|
99431|
99456|
99457|
99458|
99459|
99460|
99461|
99462|
99463|
99488|
99489|
99490|
99491|
99492|
99493|
99494|
99495|
99520|
99521|
99522|
99523|
99524|
99525|
99526|
99527|
99552|
99553|
99554|
99555|
99556|
99557|
99558|
99559|
99584|
99585|
99586|
99587|
99588|
99589|
99590|
99591|
99616|
99617|
99618|
99619|
99620|
99621|
99622|
99623|
99648|
99649|
99650|
99651|
99652|
99653|
99654|
99655|
99680|
99681|
99682|
99683|
99684|
99685|
99686|
99687|
99712|
99713|
99714|
99715|
99716|
99717|
99718|
99719|
99744|
99745|
99746|
99747|
99748|
99749|
99750|
99751|
99776|
99777|
99778|
99779|
99780|
99781|
99782|
99783|
99808|
99809|
99810|
99811|
99812|
99813|
99814|
99815|
99840|
99841|
99842|
99843|
99844|
99845|
99846|
99847|
99872|
99873|
99874|
99875|
99876|
99877|
99878|
99879|
99904|
99905|
99906|
99907|
99908|
99909|
99910|
99911|
99936|
99937|
99938|
99939|
99940|
99941|
99942|
99943|
99968|
99969|
99970|
99971|
99972|
99973|
99974|
99975|
100000|
100001|
100002|
100003|
100004|
100005|
100006|
100007|
100032|
100033|
100034|
100035|
100036|
100037|
100038|
100039|
100064|
100065|
100066|
100067|
100068|
100069|
100070|
100071|
100096|
100097|
100098|
100099|
100100|
100101|
100102|
100103|
100128|
100129|
100130|
100131|
100132|
100133|
100134|
100135|
100160|
100161|
100162|
100163|
100164|
100165|
100166|
100167|
100192|
100193|
100194|
100195|
100196|
100197|
100198|
100199|
100224|
100225|
100226|
100227|
100228|
100229|
100230|
100231|
100256|
100257|
100258|
100259|
100260|
100261|
100262|
100263|
100288|
100289|
100290|
100291|
100292|
100293|
100294|
100295|
100320|
100321|
100322|
100323|
100324|
100325|
100326|
100327|
100352|
100353|
100354|
100355|
100356|
100357|
100358|
100359|
100384|
100385|
100386|
100387|
100388|
100389|
100390|
100391|
100416|
100417|
100418|
100419|
100420|
100421|
100422|
100423|
100448|
100449|
100450|
100451|
100452|
100453|
100454|
100455|
100480|
100481|
100482|
100483|
100484|
100485|
100486|
100487|
100512|
100513|
100514|
100515|
100516|
100517|
100518|
100519|
100544|
100545|
100546|
100547|
100548|
100549|
100550|
100551|
100576|
100577|
100578|
100579|
100580|
100581|
100582|
100583|
100608|
100609|
100610|
100611|
100612|
100613|
100614|
100615|
100640|
100641|
100642|
100643|
100644|
100645|
100646|
100647|
100672|
100673|
100674|
100675|
100676|
100677|
100678|
100679|
100704|
100705|
100706|
100707|
100708|
100709|
100710|
100711|
100736|
100737|
100738|
100739|
100740|
100741|
100742|
100743|
100768|
100769|
100770|
100771|
100772|
100773|
100774|
100775|
100800|
100801|
100802|
100803|
100804|
100805|
100806|
100807|
100832|
100833|
100834|
100835|
100836|
100837|
100838|
100839|
100864|
100865|
100866|
100867|
100868|
100869|
100870|
100871|
100896|
100897|
100898|
100899|
100900|
100901|
100902|
100903|
100928|
100929|
100930|
100931|
100932|
100933|
100934|
100935|
100960|
100961|
100962|
100963|
100964|
100965|
100966|
100967|
100992|
100993|
100994|
100995|
100996|
100997|
100998|
100999|
101024|
101025|
101026|
101027|
101028|
101029|
101030|
101031|
101056|
101057|
101058|
101059|
101060|
101061|
101062|
101063|
101088|
101089|
101090|
101091|
101092|
101093|
101094|
101095|
101120|
101121|
101122|
101123|
101124|
101125|
101126|
101127|
101152|
101153|
101154|
101155|
101156|
101157|
101158|
101159|
101184|
101185|
101186|
101187|
101188|
101189|
101190|
101191|
101216|
101217|
101218|
101219|
101220|
101221|
101222|
101223|
101248|
101249|
101250|
101251|
101252|
101253|
101254|
101255|
101280|
101281|
101282|
101283|
101284|
101285|
101286|
101287|
101312|
101313|
101314|
101315|
101316|
101317|
101318|
101319|
101344|
101345|
101346|
101347|
101348|
101349|
101350|
101351|
101376|
101377|
101378|
101379|
101380|
101381|
101382|
101383|
101408|
101409|
101410|
101411|
101412|
101413|
101414|
101415|
101440|
101441|
101442|
101443|
101444|
101445|
101446|
101447|
101472|
101473|
101474|
101475|
101476|
101477|
101478|
101479|
101504|
101505|
101506|
101507|
101508|
101509|
101510|
101511|
101536|
101537|
101538|
101539|
101540|
101541|
101542|
101543|
101568|
101569|
101570|
101571|
101572|
101573|
101574|
101575|
101600|
101601|
101602|
101603|
101604|
101605|
101606|
101607|
101632|
101633|
101634|
101635|
101636|
101637|
101638|
101639|
101664|
101665|
101666|
101667|
101668|
101669|
101670|
101671|
101696|
101697|
101698|
101699|
101700|
101701|
101702|
101703|
101728|
101729|
101730|
101731|
101732|
101733|
101734|
101735|
101760|
101761|
101762|
101763|
101764|
101765|
101766|
101767|
101792|
101793|
101794|
101795|
101796|
101797|
101798|
101799|
101824|
101825|
101826|
101827|
101828|
101829|
101830|
101831|
101856|
101857|
101858|
101859|
101860|
101861|
101862|
101863|
101888|
101889|
101890|
101891|
101892|
101893|
101894|
101895|
101920|
101921|
101922|
101923|
101924|
101925|
101926|
101927|
101952|
101953|
101954|
101955|
101956|
101957|
101958|
101959|
101984|
101985|
101986|
101987|
101988|
