1428001|
1428002|
1428003|
1428004|
1428005|
1428006|
1428007|
1428032|
1428033|
1428034|
1428035|
1428036|
1428037|
1428038|
1428039|
1428064|
1428065|
1428066|
1428067|
1428068|
1428069|
1428070|
1428071|
1428096|
1428097|
1428098|
1428099|
1428100|
1428101|
1428102|
1428103|
1428128|
1428129|
1428130|
1428131|
1428132|
1428133|
1428134|
1428135|
1428160|
1428161|
1428162|
1428163|
1428164|
1428165|
1428166|
1428167|
1428192|
1428193|
1428194|
1428195|
1428196|
1428197|
1428198|
1428199|
1428224|
1428225|
1428226|
1428227|
1428228|
1428229|
1428230|
1428231|
1428256|
1428257|
1428258|
1428259|
1428260|
1428261|
1428262|
1428263|
1428288|
1428289|
1428290|
1428291|
1428292|
1428293|
1428294|
1428295|
1428320|
1428321|
1428322|
1428323|
1428324|
1428325|
1428326|
1428327|
1428352|
1428353|
1428354|
1428355|
1428356|
1428357|
1428358|
1428359|
1428384|
1428385|
1428386|
1428387|
1428388|
1428389|
1428390|
1428391|
1428416|
1428417|
1428418|
1428419|
1428420|
1428421|
1428422|
1428423|
1428448|
1428449|
1428450|
1428451|
1428452|
1428453|
1428454|
1428455|
1428480|
1428481|
1428482|
1428483|
1428484|
1428485|
1428486|
1428487|
1428512|
1428513|
1428514|
1428515|
1428516|
1428517|
1428518|
1428519|
1428544|
1428545|
1428546|
1428547|
1428548|
1428549|
1428550|
1428551|
1428576|
1428577|
1428578|
1428579|
1428580|
1428581|
1428582|
1428583|
1428608|
1428609|
1428610|
1428611|
1428612|
1428613|
1428614|
1428615|
1428640|
1428641|
1428642|
1428643|
1428644|
1428645|
1428646|
1428647|
1428672|
1428673|
1428674|
1428675|
1428676|
1428677|
1428678|
1428679|
1428704|
1428705|
1428706|
1428707|
1428708|
1428709|
1428710|
1428711|
1428736|
1428737|
1428738|
1428739|
1428740|
1428741|
1428742|
1428743|
1428768|
1428769|
1428770|
1428771|
1428772|
1428773|
1428774|
1428775|
1428800|
1428801|
1428802|
1428803|
1428804|
1428805|
1428806|
1428807|
1428832|
1428833|
1428834|
1428835|
1428836|
1428837|
1428838|
1428839|
1428864|
1428865|
1428866|
1428867|
1428868|
1428869|
1428870|
1428871|
1428896|
1428897|
1428898|
1428899|
1428900|
1428901|
1428902|
1428903|
1428928|
1428929|
1428930|
1428931|
1428932|
1428933|
1428934|
1428935|
1428960|
1428961|
1428962|
1428963|
1428964|
1428965|
1428966|
1428967|
1428992|
1428993|
1428994|
1428995|
1428996|
1428997|
1428998|
1428999|
1429024|
1429025|
1429026|
1429027|
1429028|
1429029|
1429030|
1429031|
1429056|
1429057|
1429058|
1429059|
1429060|
1429061|
1429062|
1429063|
1429088|
1429089|
1429090|
1429091|
1429092|
1429093|
1429094|
1429095|
1429120|
1429121|
1429122|
1429123|
1429124|
1429125|
1429126|
1429127|
1429152|
1429153|
1429154|
1429155|
1429156|
1429157|
1429158|
1429159|
1429184|
1429185|
1429186|
1429187|
1429188|
1429189|
1429190|
1429191|
1429216|
1429217|
1429218|
1429219|
1429220|
1429221|
1429222|
1429223|
1429248|
1429249|
1429250|
1429251|
1429252|
1429253|
1429254|
1429255|
1429280|
1429281|
1429282|
1429283|
1429284|
1429285|
1429286|
1429287|
1429312|
1429313|
1429314|
1429315|
1429316|
1429317|
1429318|
1429319|
1429344|
1429345|
1429346|
1429347|
1429348|
1429349|
1429350|
1429351|
1429376|
1429377|
1429378|
1429379|
1429380|
1429381|
1429382|
1429383|
1429408|
1429409|
1429410|
1429411|
1429412|
1429413|
1429414|
1429415|
1429440|
1429441|
1429442|
1429443|
1429444|
1429445|
1429446|
1429447|
1429472|
1429473|
1429474|
1429475|
1429476|
1429477|
1429478|
1429479|
1429504|
1429505|
1429506|
1429507|
1429508|
1429509|
1429510|
1429511|
1429536|
1429537|
1429538|
1429539|
1429540|
1429541|
1429542|
1429543|
1429568|
1429569|
1429570|
1429571|
1429572|
1429573|
1429574|
1429575|
1429600|
1429601|
1429602|
1429603|
1429604|
1429605|
1429606|
1429607|
1429632|
1429633|
1429634|
1429635|
1429636|
1429637|
1429638|
1429639|
1429664|
1429665|
1429666|
1429667|
1429668|
1429669|
1429670|
1429671|
1429696|
1429697|
1429698|
1429699|
1429700|
1429701|
1429702|
1429703|
1429728|
1429729|
1429730|
1429731|
1429732|
1429733|
1429734|
1429735|
1429760|
1429761|
1429762|
1429763|
1429764|
1429765|
1429766|
1429767|
1429792|
1429793|
1429794|
1429795|
1429796|
1429797|
1429798|
1429799|
1429824|
1429825|
1429826|
1429827|
1429828|
1429829|
1429830|
1429831|
1429856|
1429857|
1429858|
1429859|
1429860|
1429861|
1429862|
1429863|
1429888|
1429889|
1429890|
1429891|
1429892|
1429893|
1429894|
1429895|
1429920|
1429921|
1429922|
1429923|
1429924|
1429925|
1429926|
1429927|
1429952|
1429953|
1429954|
1429955|
1429956|
1429957|
1429958|
1429959|
1429984|
1429985|
1429986|
1429987|
1429988|
1429989|
1429990|
1429991|
1430016|
1430017|
1430018|
1430019|
1430020|
1430021|
1430022|
1430023|
1430048|
1430049|
1430050|
1430051|
1430052|
1430053|
1430054|
1430055|
1430080|
1430081|
1430082|
1430083|
1430084|
1430085|
1430086|
1430087|
1430112|
1430113|
1430114|
1430115|
1430116|
1430117|
1430118|
1430119|
1430144|
1430145|
1430146|
1430147|
1430148|
1430149|
1430150|
1430151|
1430176|
1430177|
1430178|
1430179|
1430180|
1430181|
1430182|
1430183|
1430208|
1430209|
1430210|
1430211|
1430212|
1430213|
1430214|
1430215|
1430240|
1430241|
1430242|
1430243|
1430244|
1430245|
1430246|
1430247|
1430272|
1430273|
1430274|
1430275|
1430276|
1430277|
1430278|
1430279|
1430304|
1430305|
1430306|
1430307|
1430308|
1430309|
1430310|
1430311|
1430336|
1430337|
1430338|
1430339|
1430340|
1430341|
1430342|
1430343|
1430368|
1430369|
1430370|
1430371|
1430372|
1430373|
1430374|
1430375|
1430400|
1430401|
1430402|
1430403|
1430404|
1430405|
1430406|
1430407|
1430432|
1430433|
1430434|
1430435|
1430436|
1430437|
1430438|
1430439|
1430464|
1430465|
1430466|
1430467|
1430468|
1430469|
1430470|
1430471|
1430496|
1430497|
1430498|
1430499|
1430500|
1430501|
1430502|
1430503|
1430528|
1430529|
1430530|
1430531|
1430532|
1430533|
1430534|
1430535|
1430560|
1430561|
1430562|
1430563|
1430564|
1430565|
1430566|
1430567|
1430592|
1430593|
1430594|
1430595|
1430596|
1430597|
1430598|
1430599|
1430624|
1430625|
1430626|
1430627|
1430628|
1430629|
1430630|
1430631|
1430656|
1430657|
1430658|
1430659|
1430660|
1430661|
1430662|
1430663|
1430688|
1430689|
1430690|
1430691|
1430692|
1430693|
1430694|
1430695|
1430720|
1430721|
1430722|
1430723|
1430724|
1430725|
1430726|
1430727|
1430752|
1430753|
1430754|
1430755|
1430756|
1430757|
1430758|
1430759|
1430784|
1430785|
1430786|
1430787|
1430788|
1430789|
1430790|
1430791|
1430816|
1430817|
1430818|
1430819|
1430820|
1430821|
1430822|
1430823|
1430848|
1430849|
1430850|
1430851|
1430852|
1430853|
1430854|
1430855|
1430880|
1430881|
1430882|
1430883|
1430884|
1430885|
1430886|
1430887|
1430912|
1430913|
1430914|
1430915|
1430916|
1430917|
1430918|
1430919|
1430944|
1430945|
1430946|
1430947|
1430948|
1430949|
1430950|
1430951|
1430976|
1430977|
1430978|
1430979|
1430980|
1430981|
1430982|
1430983|
1431008|
1431009|
1431010|
1431011|
1431012|
1431013|
1431014|
1431015|
1431040|
1431041|
1431042|
1431043|
1431044|
1431045|
1431046|
1431047|
1431072|
1431073|
1431074|
1431075|
1431076|
1431077|
1431078|
1431079|
1431104|
1431105|
1431106|
1431107|
1431108|
1431109|
1431110|
1431111|
1431136|
1431137|
1431138|
1431139|
1431140|
1431141|
1431142|
1431143|
1431168|
1431169|
1431170|
1431171|
1431172|
1431173|
1431174|
1431175|
1431200|
1431201|
1431202|
1431203|
1431204|
1431205|
1431206|
1431207|
1431232|
1431233|
1431234|
1431235|
1431236|
1431237|
1431238|
1431239|
1431264|
1431265|
1431266|
1431267|
1431268|
1431269|
1431270|
1431271|
1431296|
1431297|
1431298|
1431299|
1431300|
1431301|
1431302|
1431303|
1431328|
1431329|
1431330|
1431331|
1431332|
1431333|
1431334|
1431335|
1431360|
1431361|
1431362|
1431363|
1431364|
1431365|
1431366|
1431367|
1431392|
1431393|
1431394|
1431395|
1431396|
1431397|
1431398|
1431399|
1431424|
1431425|
1431426|
1431427|
1431428|
1431429|
1431430|
1431431|
1431456|
1431457|
1431458|
1431459|
1431460|
1431461|
1431462|
1431463|
1431488|
1431489|
1431490|
1431491|
1431492|
1431493|
1431494|
1431495|
1431520|
1431521|
1431522|
1431523|
1431524|
1431525|
1431526|
1431527|
1431552|
1431553|
1431554|
1431555|
1431556|
1431557|
1431558|
1431559|
1431584|
1431585|
1431586|
1431587|
1431588|
1431589|
1431590|
1431591|
1431616|
1431617|
1431618|
1431619|
1431620|
1431621|
1431622|
1431623|
1431648|
1431649|
1431650|
1431651|
1431652|
1431653|
1431654|
1431655|
1431680|
1431681|
1431682|
1431683|
1431684|
1431685|
1431686|
1431687|
1431712|
1431713|
1431714|
1431715|
1431716|
1431717|
1431718|
1431719|
1431744|
1431745|
1431746|
1431747|
1431748|
1431749|
1431750|
1431751|
1431776|
1431777|
1431778|
1431779|
1431780|
1431781|
1431782|
1431783|
1431808|
1431809|
1431810|
1431811|
1431812|
1431813|
1431814|
1431815|
1431840|
1431841|
1431842|
1431843|
1431844|
1431845|
1431846|
1431847|
1431872|
1431873|
1431874|
1431875|
1431876|
1431877|
1431878|
1431879|
1431904|
1431905|
1431906|
1431907|
1431908|
1431909|
1431910|
1431911|
1431936|
1431937|
1431938|
1431939|
1431940|
1431941|
1431942|
1431943|
1431968|
1431969|
1431970|
1431971|
1431972|
1431973|
1431974|
1431975|
1432000|
1432001|
1432002|
1432003|
1432004|
1432005|
1432006|
1432007|
1432032|
1432033|
1432034|
1432035|
1432036|
1432037|
1432038|
1432039|
1432064|
1432065|
1432066|
1432067|
1432068|
1432069|
1432070|
1432071|
1432096|
1432097|
1432098|
1432099|
1432100|
1432101|
1432102|
1432103|
1432128|
1432129|
1432130|
1432131|
1432132|
1432133|
1432134|
1432135|
1432160|
1432161|
1432162|
1432163|
1432164|
1432165|
1432166|
1432167|
1432192|
1432193|
1432194|
1432195|
1432196|
1432197|
1432198|
1432199|
1432224|
1432225|
1432226|
1432227|
1432228|
1432229|
1432230|
1432231|
1432256|
1432257|
1432258|
1432259|
1432260|
1432261|
1432262|
1432263|
1432288|
1432289|
1432290|
1432291|
1432292|
1432293|
1432294|
1432295|
1432320|
1432321|
1432322|
1432323|
1432324|
1432325|
1432326|
1432327|
1432352|
1432353|
1432354|
1432355|
1432356|
1432357|
1432358|
1432359|
1432384|
1432385|
1432386|
1432387|
1432388|
1432389|
1432390|
1432391|
1432416|
1432417|
1432418|
1432419|
1432420|
1432421|
1432422|
1432423|
1432448|
1432449|
1432450|
1432451|
1432452|
1432453|
1432454|
1432455|
1432480|
1432481|
1432482|
1432483|
1432484|
1432485|
1432486|
1432487|
1432512|
1432513|
1432514|
1432515|
1432516|
1432517|
1432518|
1432519|
1432544|
1432545|
1432546|
1432547|
1432548|
1432549|
1432550|
1432551|
1432576|
1432577|
1432578|
1432579|
1432580|
1432581|
1432582|
1432583|
1432608|
1432609|
1432610|
1432611|
1432612|
1432613|
1432614|
1432615|
1432640|
1432641|
1432642|
1432643|
1432644|
1432645|
1432646|
1432647|
1432672|
1432673|
1432674|
1432675|
1432676|
1432677|
1432678|
1432679|
1432704|
1432705|
1432706|
1432707|
1432708|
1432709|
1432710|
1432711|
1432736|
1432737|
1432738|
1432739|
1432740|
1432741|
1432742|
1432743|
1432768|
1432769|
1432770|
1432771|
1432772|
1432773|
1432774|
1432775|
1432800|
1432801|
1432802|
1432803|
1432804|
1432805|
1432806|
1432807|
1432832|
1432833|
1432834|
1432835|
1432836|
1432837|
1432838|
1432839|
1432864|
1432865|
1432866|
1432867|
1432868|
1432869|
1432870|
1432871|
1432896|
1432897|
1432898|
1432899|
1432900|
1432901|
1432902|
1432903|
1432928|
1432929|
1432930|
1432931|
1432932|
1432933|
1432934|
1432935|
1432960|
1432961|
1432962|
1432963|
1432964|
1432965|
1432966|
1432967|
1432992|
1432993|
1432994|
1432995|
1432996|
1432997|
1432998|
1432999|
1433024|
1433025|
1433026|
1433027|
1433028|
1433029|
1433030|
1433031|
1433056|
1433057|
1433058|
1433059|
1433060|
1433061|
1433062|
1433063|
1433088|
1433089|
1433090|
1433091|
1433092|
1433093|
1433094|
1433095|
1433120|
1433121|
1433122|
1433123|
1433124|
1433125|
1433126|
1433127|
1433152|
1433153|
1433154|
1433155|
1433156|
1433157|
1433158|
1433159|
1433184|
1433185|
1433186|
1433187|
1433188|
1433189|
1433190|
1433191|
1433216|
1433217|
1433218|
1433219|
1433220|
1433221|
1433222|
1433223|
1433248|
1433249|
1433250|
1433251|
1433252|
1433253|
1433254|
1433255|
1433280|
1433281|
1433282|
1433283|
1433284|
1433285|
1433286|
1433287|
1433312|
1433313|
1433314|
1433315|
1433316|
1433317|
1433318|
1433319|
1433344|
1433345|
1433346|
1433347|
1433348|
1433349|
1433350|
1433351|
1433376|
1433377|
1433378|
1433379|
1433380|
1433381|
1433382|
1433383|
1433408|
1433409|
1433410|
1433411|
1433412|
1433413|
1433414|
1433415|
1433440|
1433441|
1433442|
1433443|
1433444|
1433445|
1433446|
1433447|
1433472|
1433473|
1433474|
1433475|
1433476|
1433477|
1433478|
1433479|
1433504|
1433505|
1433506|
1433507|
1433508|
1433509|
1433510|
1433511|
1433536|
1433537|
1433538|
1433539|
1433540|
1433541|
1433542|
1433543|
1433568|
1433569|
1433570|
1433571|
1433572|
1433573|
1433574|
1433575|
1433600|
1433601|
1433602|
1433603|
1433604|
1433605|
1433606|
1433607|
1433632|
1433633|
1433634|
1433635|
1433636|
1433637|
1433638|
1433639|
1433664|
1433665|
1433666|
1433667|
1433668|
1433669|
1433670|
1433671|
1433696|
1433697|
1433698|
1433699|
1433700|
1433701|
1433702|
1433703|
1433728|
1433729|
1433730|
1433731|
1433732|
1433733|
1433734|
1433735|
1433760|
1433761|
1433762|
1433763|
1433764|
1433765|
1433766|
1433767|
1433792|
1433793|
1433794|
1433795|
1433796|
1433797|
1433798|
1433799|
1433824|
1433825|
1433826|
1433827|
1433828|
1433829|
1433830|
1433831|
1433856|
1433857|
1433858|
1433859|
1433860|
1433861|
1433862|
1433863|
1433888|
1433889|
1433890|
1433891|
1433892|
1433893|
1433894|
1433895|
1433920|
1433921|
1433922|
1433923|
1433924|
1433925|
1433926|
1433927|
1433952|
1433953|
1433954|
1433955|
1433956|
1433957|
1433958|
1433959|
1433984|
1433985|
1433986|
1433987|
1433988|
