1740001|
1740002|
1740003|
1740004|
1740005|
1740006|
1740007|
1740032|
1740033|
1740034|
1740035|
1740036|
1740037|
1740038|
1740039|
1740064|
1740065|
1740066|
1740067|
1740068|
1740069|
1740070|
1740071|
1740096|
1740097|
1740098|
1740099|
1740100|
1740101|
1740102|
1740103|
1740128|
1740129|
1740130|
1740131|
1740132|
1740133|
1740134|
1740135|
1740160|
1740161|
1740162|
1740163|
1740164|
1740165|
1740166|
1740167|
1740192|
1740193|
1740194|
1740195|
1740196|
1740197|
1740198|
1740199|
1740224|
1740225|
1740226|
1740227|
1740228|
1740229|
1740230|
1740231|
1740256|
1740257|
1740258|
1740259|
1740260|
1740261|
1740262|
1740263|
1740288|
1740289|
1740290|
1740291|
1740292|
1740293|
1740294|
1740295|
1740320|
1740321|
1740322|
1740323|
1740324|
1740325|
1740326|
1740327|
1740352|
1740353|
1740354|
1740355|
1740356|
1740357|
1740358|
1740359|
1740384|
1740385|
1740386|
1740387|
1740388|
1740389|
1740390|
1740391|
1740416|
1740417|
1740418|
1740419|
1740420|
1740421|
1740422|
1740423|
1740448|
1740449|
1740450|
1740451|
1740452|
1740453|
1740454|
1740455|
1740480|
1740481|
1740482|
1740483|
1740484|
1740485|
1740486|
1740487|
1740512|
1740513|
1740514|
1740515|
1740516|
1740517|
1740518|
1740519|
1740544|
1740545|
1740546|
1740547|
1740548|
1740549|
1740550|
1740551|
1740576|
1740577|
1740578|
1740579|
1740580|
1740581|
1740582|
1740583|
1740608|
1740609|
1740610|
1740611|
1740612|
1740613|
1740614|
1740615|
1740640|
1740641|
1740642|
1740643|
1740644|
1740645|
1740646|
1740647|
1740672|
1740673|
1740674|
1740675|
1740676|
1740677|
1740678|
1740679|
1740704|
1740705|
1740706|
1740707|
1740708|
1740709|
1740710|
1740711|
1740736|
1740737|
1740738|
1740739|
1740740|
1740741|
1740742|
1740743|
1740768|
1740769|
1740770|
1740771|
1740772|
1740773|
1740774|
1740775|
1740800|
1740801|
1740802|
1740803|
1740804|
1740805|
1740806|
1740807|
1740832|
1740833|
1740834|
1740835|
1740836|
1740837|
1740838|
1740839|
1740864|
1740865|
1740866|
1740867|
1740868|
1740869|
1740870|
1740871|
1740896|
1740897|
1740898|
1740899|
1740900|
1740901|
1740902|
1740903|
1740928|
1740929|
1740930|
1740931|
1740932|
1740933|
1740934|
1740935|
1740960|
1740961|
1740962|
1740963|
1740964|
1740965|
1740966|
1740967|
1740992|
1740993|
1740994|
1740995|
1740996|
1740997|
1740998|
1740999|
1741024|
1741025|
1741026|
1741027|
1741028|
1741029|
1741030|
1741031|
1741056|
1741057|
1741058|
1741059|
1741060|
1741061|
1741062|
1741063|
1741088|
1741089|
1741090|
1741091|
1741092|
1741093|
1741094|
1741095|
1741120|
1741121|
1741122|
1741123|
1741124|
1741125|
1741126|
1741127|
1741152|
1741153|
1741154|
1741155|
1741156|
1741157|
1741158|
1741159|
1741184|
1741185|
1741186|
1741187|
1741188|
1741189|
1741190|
1741191|
1741216|
1741217|
1741218|
1741219|
1741220|
1741221|
1741222|
1741223|
1741248|
1741249|
1741250|
1741251|
1741252|
1741253|
1741254|
1741255|
1741280|
1741281|
1741282|
1741283|
1741284|
1741285|
1741286|
1741287|
1741312|
1741313|
1741314|
1741315|
1741316|
1741317|
1741318|
1741319|
1741344|
1741345|
1741346|
1741347|
1741348|
1741349|
1741350|
1741351|
1741376|
1741377|
1741378|
1741379|
1741380|
1741381|
1741382|
1741383|
1741408|
1741409|
1741410|
1741411|
1741412|
1741413|
1741414|
1741415|
1741440|
1741441|
1741442|
1741443|
1741444|
1741445|
1741446|
1741447|
1741472|
1741473|
1741474|
1741475|
1741476|
1741477|
1741478|
1741479|
1741504|
1741505|
1741506|
1741507|
1741508|
1741509|
1741510|
1741511|
1741536|
1741537|
1741538|
1741539|
1741540|
1741541|
1741542|
1741543|
1741568|
1741569|
1741570|
1741571|
1741572|
1741573|
1741574|
1741575|
1741600|
1741601|
1741602|
1741603|
1741604|
1741605|
1741606|
1741607|
1741632|
1741633|
1741634|
1741635|
1741636|
1741637|
1741638|
1741639|
1741664|
1741665|
1741666|
1741667|
1741668|
1741669|
1741670|
1741671|
1741696|
1741697|
1741698|
1741699|
1741700|
1741701|
1741702|
1741703|
1741728|
1741729|
1741730|
1741731|
1741732|
1741733|
1741734|
1741735|
1741760|
1741761|
1741762|
1741763|
1741764|
1741765|
1741766|
1741767|
1741792|
1741793|
1741794|
1741795|
1741796|
1741797|
1741798|
1741799|
1741824|
1741825|
1741826|
1741827|
1741828|
1741829|
1741830|
1741831|
1741856|
1741857|
1741858|
1741859|
1741860|
1741861|
1741862|
1741863|
1741888|
1741889|
1741890|
1741891|
1741892|
1741893|
1741894|
1741895|
1741920|
1741921|
1741922|
1741923|
1741924|
1741925|
1741926|
1741927|
1741952|
1741953|
1741954|
1741955|
1741956|
1741957|
1741958|
1741959|
1741984|
1741985|
1741986|
1741987|
1741988|
1741989|
1741990|
1741991|
1742016|
1742017|
1742018|
1742019|
1742020|
1742021|
1742022|
1742023|
1742048|
1742049|
1742050|
1742051|
1742052|
1742053|
1742054|
1742055|
1742080|
1742081|
1742082|
1742083|
1742084|
1742085|
1742086|
1742087|
1742112|
1742113|
1742114|
1742115|
1742116|
1742117|
1742118|
1742119|
1742144|
1742145|
1742146|
1742147|
1742148|
1742149|
1742150|
1742151|
1742176|
1742177|
1742178|
1742179|
1742180|
1742181|
1742182|
1742183|
1742208|
1742209|
1742210|
1742211|
1742212|
1742213|
1742214|
1742215|
1742240|
1742241|
1742242|
1742243|
1742244|
1742245|
1742246|
1742247|
1742272|
1742273|
1742274|
1742275|
1742276|
1742277|
1742278|
1742279|
1742304|
1742305|
1742306|
1742307|
1742308|
1742309|
1742310|
1742311|
1742336|
1742337|
1742338|
1742339|
1742340|
1742341|
1742342|
1742343|
1742368|
1742369|
1742370|
1742371|
1742372|
1742373|
1742374|
1742375|
1742400|
1742401|
1742402|
1742403|
1742404|
1742405|
1742406|
1742407|
1742432|
1742433|
1742434|
1742435|
1742436|
1742437|
1742438|
1742439|
1742464|
1742465|
1742466|
1742467|
1742468|
1742469|
1742470|
1742471|
1742496|
1742497|
1742498|
1742499|
1742500|
1742501|
1742502|
1742503|
1742528|
1742529|
1742530|
1742531|
1742532|
1742533|
1742534|
1742535|
1742560|
1742561|
1742562|
1742563|
1742564|
1742565|
1742566|
1742567|
1742592|
1742593|
1742594|
1742595|
1742596|
1742597|
1742598|
1742599|
1742624|
1742625|
1742626|
1742627|
1742628|
1742629|
1742630|
1742631|
1742656|
1742657|
1742658|
1742659|
1742660|
1742661|
1742662|
1742663|
1742688|
1742689|
1742690|
1742691|
1742692|
1742693|
1742694|
1742695|
1742720|
1742721|
1742722|
1742723|
1742724|
1742725|
1742726|
1742727|
1742752|
1742753|
1742754|
1742755|
1742756|
1742757|
1742758|
1742759|
1742784|
1742785|
1742786|
1742787|
1742788|
1742789|
1742790|
1742791|
1742816|
1742817|
1742818|
1742819|
1742820|
1742821|
1742822|
1742823|
1742848|
1742849|
1742850|
1742851|
1742852|
1742853|
1742854|
1742855|
1742880|
1742881|
1742882|
1742883|
1742884|
1742885|
1742886|
1742887|
1742912|
1742913|
1742914|
1742915|
1742916|
1742917|
1742918|
1742919|
1742944|
1742945|
1742946|
1742947|
1742948|
1742949|
1742950|
1742951|
1742976|
1742977|
1742978|
1742979|
1742980|
1742981|
1742982|
1742983|
1743008|
1743009|
1743010|
1743011|
1743012|
1743013|
1743014|
1743015|
1743040|
1743041|
1743042|
1743043|
1743044|
1743045|
1743046|
1743047|
1743072|
1743073|
1743074|
1743075|
1743076|
1743077|
1743078|
1743079|
1743104|
1743105|
1743106|
1743107|
1743108|
1743109|
1743110|
1743111|
1743136|
1743137|
1743138|
1743139|
1743140|
1743141|
1743142|
1743143|
1743168|
1743169|
1743170|
1743171|
1743172|
1743173|
1743174|
1743175|
1743200|
1743201|
1743202|
1743203|
1743204|
1743205|
1743206|
1743207|
1743232|
1743233|
1743234|
1743235|
1743236|
1743237|
1743238|
1743239|
1743264|
1743265|
1743266|
1743267|
1743268|
1743269|
1743270|
1743271|
1743296|
1743297|
1743298|
1743299|
1743300|
1743301|
1743302|
1743303|
1743328|
1743329|
1743330|
1743331|
1743332|
1743333|
1743334|
1743335|
1743360|
1743361|
1743362|
1743363|
1743364|
1743365|
1743366|
1743367|
1743392|
1743393|
1743394|
1743395|
1743396|
1743397|
1743398|
1743399|
1743424|
1743425|
1743426|
1743427|
1743428|
1743429|
1743430|
1743431|
1743456|
1743457|
1743458|
1743459|
1743460|
1743461|
1743462|
1743463|
1743488|
1743489|
1743490|
1743491|
1743492|
1743493|
1743494|
1743495|
1743520|
1743521|
1743522|
1743523|
1743524|
1743525|
1743526|
1743527|
1743552|
1743553|
1743554|
1743555|
1743556|
1743557|
1743558|
1743559|
1743584|
1743585|
1743586|
1743587|
1743588|
1743589|
1743590|
1743591|
1743616|
1743617|
1743618|
1743619|
1743620|
1743621|
1743622|
1743623|
1743648|
1743649|
1743650|
1743651|
1743652|
1743653|
1743654|
1743655|
1743680|
1743681|
1743682|
1743683|
1743684|
1743685|
1743686|
1743687|
1743712|
1743713|
1743714|
1743715|
1743716|
1743717|
1743718|
1743719|
1743744|
1743745|
1743746|
1743747|
1743748|
1743749|
1743750|
1743751|
1743776|
1743777|
1743778|
1743779|
1743780|
1743781|
1743782|
1743783|
1743808|
1743809|
1743810|
1743811|
1743812|
1743813|
1743814|
1743815|
1743840|
1743841|
1743842|
1743843|
1743844|
1743845|
1743846|
1743847|
1743872|
1743873|
1743874|
1743875|
1743876|
1743877|
1743878|
1743879|
1743904|
1743905|
1743906|
1743907|
1743908|
1743909|
1743910|
1743911|
1743936|
1743937|
1743938|
1743939|
1743940|
1743941|
1743942|
1743943|
1743968|
1743969|
1743970|
1743971|
1743972|
1743973|
1743974|
1743975|
1744000|
1744001|
1744002|
1744003|
1744004|
1744005|
1744006|
1744007|
1744032|
1744033|
1744034|
1744035|
1744036|
1744037|
1744038|
1744039|
1744064|
1744065|
1744066|
1744067|
1744068|
1744069|
1744070|
1744071|
1744096|
1744097|
1744098|
1744099|
1744100|
1744101|
1744102|
1744103|
1744128|
1744129|
1744130|
1744131|
1744132|
1744133|
1744134|
1744135|
1744160|
1744161|
1744162|
1744163|
1744164|
1744165|
1744166|
1744167|
1744192|
1744193|
1744194|
1744195|
1744196|
1744197|
1744198|
1744199|
1744224|
1744225|
1744226|
1744227|
1744228|
1744229|
1744230|
1744231|
1744256|
1744257|
1744258|
1744259|
1744260|
1744261|
1744262|
1744263|
1744288|
1744289|
1744290|
1744291|
1744292|
1744293|
1744294|
1744295|
1744320|
1744321|
1744322|
1744323|
1744324|
1744325|
1744326|
1744327|
1744352|
1744353|
1744354|
1744355|
1744356|
1744357|
1744358|
1744359|
1744384|
1744385|
1744386|
1744387|
1744388|
1744389|
1744390|
1744391|
1744416|
1744417|
1744418|
1744419|
1744420|
1744421|
1744422|
1744423|
1744448|
1744449|
1744450|
1744451|
1744452|
1744453|
1744454|
1744455|
1744480|
1744481|
1744482|
1744483|
1744484|
1744485|
1744486|
1744487|
1744512|
1744513|
1744514|
1744515|
1744516|
1744517|
1744518|
1744519|
1744544|
1744545|
1744546|
1744547|
1744548|
1744549|
1744550|
1744551|
1744576|
1744577|
1744578|
1744579|
1744580|
1744581|
1744582|
1744583|
1744608|
1744609|
1744610|
1744611|
1744612|
1744613|
1744614|
1744615|
1744640|
1744641|
1744642|
1744643|
1744644|
1744645|
1744646|
1744647|
1744672|
1744673|
1744674|
1744675|
1744676|
1744677|
1744678|
1744679|
1744704|
1744705|
1744706|
1744707|
1744708|
1744709|
1744710|
1744711|
1744736|
1744737|
1744738|
1744739|
1744740|
1744741|
1744742|
1744743|
1744768|
1744769|
1744770|
1744771|
1744772|
1744773|
1744774|
1744775|
1744800|
1744801|
1744802|
1744803|
1744804|
1744805|
1744806|
1744807|
1744832|
1744833|
1744834|
1744835|
1744836|
1744837|
1744838|
1744839|
1744864|
1744865|
1744866|
1744867|
1744868|
1744869|
1744870|
1744871|
1744896|
1744897|
1744898|
1744899|
1744900|
1744901|
1744902|
1744903|
1744928|
1744929|
1744930|
1744931|
1744932|
1744933|
1744934|
1744935|
1744960|
1744961|
1744962|
1744963|
1744964|
1744965|
1744966|
1744967|
1744992|
1744993|
1744994|
1744995|
1744996|
1744997|
1744998|
1744999|
1745024|
1745025|
1745026|
1745027|
1745028|
1745029|
1745030|
1745031|
1745056|
1745057|
1745058|
1745059|
1745060|
1745061|
1745062|
1745063|
1745088|
1745089|
1745090|
1745091|
1745092|
1745093|
1745094|
1745095|
1745120|
1745121|
1745122|
1745123|
1745124|
1745125|
1745126|
1745127|
1745152|
1745153|
1745154|
1745155|
1745156|
1745157|
1745158|
1745159|
1745184|
1745185|
1745186|
1745187|
1745188|
1745189|
1745190|
1745191|
1745216|
1745217|
1745218|
1745219|
1745220|
1745221|
1745222|
1745223|
1745248|
1745249|
1745250|
1745251|
1745252|
1745253|
1745254|
1745255|
1745280|
1745281|
1745282|
1745283|
1745284|
1745285|
1745286|
1745287|
1745312|
1745313|
1745314|
1745315|
1745316|
1745317|
1745318|
1745319|
1745344|
1745345|
1745346|
1745347|
1745348|
1745349|
1745350|
1745351|
1745376|
1745377|
1745378|
1745379|
1745380|
1745381|
1745382|
1745383|
1745408|
1745409|
1745410|
1745411|
1745412|
1745413|
1745414|
1745415|
1745440|
1745441|
1745442|
1745443|
1745444|
1745445|
1745446|
1745447|
1745472|
1745473|
1745474|
1745475|
1745476|
1745477|
1745478|
1745479|
1745504|
1745505|
1745506|
1745507|
1745508|
1745509|
1745510|
1745511|
1745536|
1745537|
1745538|
1745539|
1745540|
1745541|
1745542|
1745543|
1745568|
1745569|
1745570|
1745571|
1745572|
1745573|
1745574|
1745575|
1745600|
1745601|
1745602|
1745603|
1745604|
1745605|
1745606|
1745607|
1745632|
1745633|
1745634|
1745635|
1745636|
1745637|
1745638|
1745639|
1745664|
1745665|
1745666|
1745667|
1745668|
1745669|
1745670|
1745671|
1745696|
1745697|
1745698|
1745699|
1745700|
1745701|
1745702|
1745703|
1745728|
1745729|
1745730|
1745731|
1745732|
1745733|
1745734|
1745735|
1745760|
1745761|
1745762|
1745763|
1745764|
1745765|
1745766|
1745767|
1745792|
1745793|
1745794|
1745795|
1745796|
1745797|
1745798|
1745799|
1745824|
1745825|
1745826|
1745827|
1745828|
1745829|
1745830|
1745831|
1745856|
1745857|
1745858|
1745859|
1745860|
1745861|
1745862|
1745863|
1745888|
1745889|
1745890|
1745891|
1745892|
1745893|
1745894|
1745895|
1745920|
1745921|
1745922|
1745923|
1745924|
1745925|
1745926|
1745927|
1745952|
1745953|
1745954|
1745955|
1745956|
1745957|
1745958|
1745959|
1745984|
1745985|
1745986|
1745987|
1745988|
