516001|
516002|
516003|
516004|
516005|
516006|
516007|
516032|
516033|
516034|
516035|
516036|
516037|
516038|
516039|
516064|
516065|
516066|
516067|
516068|
516069|
516070|
516071|
516096|
516097|
516098|
516099|
516100|
516101|
516102|
516103|
516128|
516129|
516130|
516131|
516132|
516133|
516134|
516135|
516160|
516161|
516162|
516163|
516164|
516165|
516166|
516167|
516192|
516193|
516194|
516195|
516196|
516197|
516198|
516199|
516224|
516225|
516226|
516227|
516228|
516229|
516230|
516231|
516256|
516257|
516258|
516259|
516260|
516261|
516262|
516263|
516288|
516289|
516290|
516291|
516292|
516293|
516294|
516295|
516320|
516321|
516322|
516323|
516324|
516325|
516326|
516327|
516352|
516353|
516354|
516355|
516356|
516357|
516358|
516359|
516384|
516385|
516386|
516387|
516388|
516389|
516390|
516391|
516416|
516417|
516418|
516419|
516420|
516421|
516422|
516423|
516448|
516449|
516450|
516451|
516452|
516453|
516454|
516455|
516480|
516481|
516482|
516483|
516484|
516485|
516486|
516487|
516512|
516513|
516514|
516515|
516516|
516517|
516518|
516519|
516544|
516545|
516546|
516547|
516548|
516549|
516550|
516551|
516576|
516577|
516578|
516579|
516580|
516581|
516582|
516583|
516608|
516609|
516610|
516611|
516612|
516613|
516614|
516615|
516640|
516641|
516642|
516643|
516644|
516645|
516646|
516647|
516672|
516673|
516674|
516675|
516676|
516677|
516678|
516679|
516704|
516705|
516706|
516707|
516708|
516709|
516710|
516711|
516736|
516737|
516738|
516739|
516740|
516741|
516742|
516743|
516768|
516769|
516770|
516771|
516772|
516773|
516774|
516775|
516800|
516801|
516802|
516803|
516804|
516805|
516806|
516807|
516832|
516833|
516834|
516835|
516836|
516837|
516838|
516839|
516864|
516865|
516866|
516867|
516868|
516869|
516870|
516871|
516896|
516897|
516898|
516899|
516900|
516901|
516902|
516903|
516928|
516929|
516930|
516931|
516932|
516933|
516934|
516935|
516960|
516961|
516962|
516963|
516964|
516965|
516966|
516967|
516992|
516993|
516994|
516995|
516996|
516997|
516998|
516999|
517024|
517025|
517026|
517027|
517028|
517029|
517030|
517031|
517056|
517057|
517058|
517059|
517060|
517061|
517062|
517063|
517088|
517089|
517090|
517091|
517092|
517093|
517094|
517095|
517120|
517121|
517122|
517123|
517124|
517125|
517126|
517127|
517152|
517153|
517154|
517155|
517156|
517157|
517158|
517159|
517184|
517185|
517186|
517187|
517188|
517189|
517190|
517191|
517216|
517217|
517218|
517219|
517220|
517221|
517222|
517223|
517248|
517249|
517250|
517251|
517252|
517253|
517254|
517255|
517280|
517281|
517282|
517283|
517284|
517285|
517286|
517287|
517312|
517313|
517314|
517315|
517316|
517317|
517318|
517319|
517344|
517345|
517346|
517347|
517348|
517349|
517350|
517351|
517376|
517377|
517378|
517379|
517380|
517381|
517382|
517383|
517408|
517409|
517410|
517411|
517412|
517413|
517414|
517415|
517440|
517441|
517442|
517443|
517444|
517445|
517446|
517447|
517472|
517473|
517474|
517475|
517476|
517477|
517478|
517479|
517504|
517505|
517506|
517507|
517508|
517509|
517510|
517511|
517536|
517537|
517538|
517539|
517540|
517541|
517542|
517543|
517568|
517569|
517570|
517571|
517572|
517573|
517574|
517575|
517600|
517601|
517602|
517603|
517604|
517605|
517606|
517607|
517632|
517633|
517634|
517635|
517636|
517637|
517638|
517639|
517664|
517665|
517666|
517667|
517668|
517669|
517670|
517671|
517696|
517697|
517698|
517699|
517700|
517701|
517702|
517703|
517728|
517729|
517730|
517731|
517732|
517733|
517734|
517735|
517760|
517761|
517762|
517763|
517764|
517765|
517766|
517767|
517792|
517793|
517794|
517795|
517796|
517797|
517798|
517799|
517824|
517825|
517826|
517827|
517828|
517829|
517830|
517831|
517856|
517857|
517858|
517859|
517860|
517861|
517862|
517863|
517888|
517889|
517890|
517891|
517892|
517893|
517894|
517895|
517920|
517921|
517922|
517923|
517924|
517925|
517926|
517927|
517952|
517953|
517954|
517955|
517956|
517957|
517958|
517959|
517984|
517985|
517986|
517987|
517988|
517989|
517990|
517991|
518016|
518017|
518018|
518019|
518020|
518021|
518022|
518023|
518048|
518049|
518050|
518051|
518052|
518053|
518054|
518055|
518080|
518081|
518082|
518083|
518084|
518085|
518086|
518087|
518112|
518113|
518114|
518115|
518116|
518117|
518118|
518119|
518144|
518145|
518146|
518147|
518148|
518149|
518150|
518151|
518176|
518177|
518178|
518179|
518180|
518181|
518182|
518183|
518208|
518209|
518210|
518211|
518212|
518213|
518214|
518215|
518240|
518241|
518242|
518243|
518244|
518245|
518246|
518247|
518272|
518273|
518274|
518275|
518276|
518277|
518278|
518279|
518304|
518305|
518306|
518307|
518308|
518309|
518310|
518311|
518336|
518337|
518338|
518339|
518340|
518341|
518342|
518343|
518368|
518369|
518370|
518371|
518372|
518373|
518374|
518375|
518400|
518401|
518402|
518403|
518404|
518405|
518406|
518407|
518432|
518433|
518434|
518435|
518436|
518437|
518438|
518439|
518464|
518465|
518466|
518467|
518468|
518469|
518470|
518471|
518496|
518497|
518498|
518499|
518500|
518501|
518502|
518503|
518528|
518529|
518530|
518531|
518532|
518533|
518534|
518535|
518560|
518561|
518562|
518563|
518564|
518565|
518566|
518567|
518592|
518593|
518594|
518595|
518596|
518597|
518598|
518599|
518624|
518625|
518626|
518627|
518628|
518629|
518630|
518631|
518656|
518657|
518658|
518659|
518660|
518661|
518662|
518663|
518688|
518689|
518690|
518691|
518692|
518693|
518694|
518695|
518720|
518721|
518722|
518723|
518724|
518725|
518726|
518727|
518752|
518753|
518754|
518755|
518756|
518757|
518758|
518759|
518784|
518785|
518786|
518787|
518788|
518789|
518790|
518791|
518816|
518817|
518818|
518819|
518820|
518821|
518822|
518823|
518848|
518849|
518850|
518851|
518852|
518853|
518854|
518855|
518880|
518881|
518882|
518883|
518884|
518885|
518886|
518887|
518912|
518913|
518914|
518915|
518916|
518917|
518918|
518919|
518944|
518945|
518946|
518947|
518948|
518949|
518950|
518951|
518976|
518977|
518978|
518979|
518980|
518981|
518982|
518983|
519008|
519009|
519010|
519011|
519012|
519013|
519014|
519015|
519040|
519041|
519042|
519043|
519044|
519045|
519046|
519047|
519072|
519073|
519074|
519075|
519076|
519077|
519078|
519079|
519104|
519105|
519106|
519107|
519108|
519109|
519110|
519111|
519136|
519137|
519138|
519139|
519140|
519141|
519142|
519143|
519168|
519169|
519170|
519171|
519172|
519173|
519174|
519175|
519200|
519201|
519202|
519203|
519204|
519205|
519206|
519207|
519232|
519233|
519234|
519235|
519236|
519237|
519238|
519239|
519264|
519265|
519266|
519267|
519268|
519269|
519270|
519271|
519296|
519297|
519298|
519299|
519300|
519301|
519302|
519303|
519328|
519329|
519330|
519331|
519332|
519333|
519334|
519335|
519360|
519361|
519362|
519363|
519364|
519365|
519366|
519367|
519392|
519393|
519394|
519395|
519396|
519397|
519398|
519399|
519424|
519425|
519426|
519427|
519428|
519429|
519430|
519431|
519456|
519457|
519458|
519459|
519460|
519461|
519462|
519463|
519488|
519489|
519490|
519491|
519492|
519493|
519494|
519495|
519520|
519521|
519522|
519523|
519524|
519525|
519526|
519527|
519552|
519553|
519554|
519555|
519556|
519557|
519558|
519559|
519584|
519585|
519586|
519587|
519588|
519589|
519590|
519591|
519616|
519617|
519618|
519619|
519620|
519621|
519622|
519623|
519648|
519649|
519650|
519651|
519652|
519653|
519654|
519655|
519680|
519681|
519682|
519683|
519684|
519685|
519686|
519687|
519712|
519713|
519714|
519715|
519716|
519717|
519718|
519719|
519744|
519745|
519746|
519747|
519748|
519749|
519750|
519751|
519776|
519777|
519778|
519779|
519780|
519781|
519782|
519783|
519808|
519809|
519810|
519811|
519812|
519813|
519814|
519815|
519840|
519841|
519842|
519843|
519844|
519845|
519846|
519847|
519872|
519873|
519874|
519875|
519876|
519877|
519878|
519879|
519904|
519905|
519906|
519907|
519908|
519909|
519910|
519911|
519936|
519937|
519938|
519939|
519940|
519941|
519942|
519943|
519968|
519969|
519970|
519971|
519972|
519973|
519974|
519975|
520000|
520001|
520002|
520003|
520004|
520005|
520006|
520007|
520032|
520033|
520034|
520035|
520036|
520037|
520038|
520039|
520064|
520065|
520066|
520067|
520068|
520069|
520070|
520071|
520096|
520097|
520098|
520099|
520100|
520101|
520102|
520103|
520128|
520129|
520130|
520131|
520132|
520133|
520134|
520135|
520160|
520161|
520162|
520163|
520164|
520165|
520166|
520167|
520192|
520193|
520194|
520195|
520196|
520197|
520198|
520199|
520224|
520225|
520226|
520227|
520228|
520229|
520230|
520231|
520256|
520257|
520258|
520259|
520260|
520261|
520262|
520263|
520288|
520289|
520290|
520291|
520292|
520293|
520294|
520295|
520320|
520321|
520322|
520323|
520324|
520325|
520326|
520327|
520352|
520353|
520354|
520355|
520356|
520357|
520358|
520359|
520384|
520385|
520386|
520387|
520388|
520389|
520390|
520391|
520416|
520417|
520418|
520419|
520420|
520421|
520422|
520423|
520448|
520449|
520450|
520451|
520452|
520453|
520454|
520455|
520480|
520481|
520482|
520483|
520484|
520485|
520486|
520487|
520512|
520513|
520514|
520515|
520516|
520517|
520518|
520519|
520544|
520545|
520546|
520547|
520548|
520549|
520550|
520551|
520576|
520577|
520578|
520579|
520580|
520581|
520582|
520583|
520608|
520609|
520610|
520611|
520612|
520613|
520614|
520615|
520640|
520641|
520642|
520643|
520644|
520645|
520646|
520647|
520672|
520673|
520674|
520675|
520676|
520677|
520678|
520679|
520704|
520705|
520706|
520707|
520708|
520709|
520710|
520711|
520736|
520737|
520738|
520739|
520740|
520741|
520742|
520743|
520768|
520769|
520770|
520771|
520772|
520773|
520774|
520775|
520800|
520801|
520802|
520803|
520804|
520805|
520806|
520807|
520832|
520833|
520834|
520835|
520836|
520837|
520838|
520839|
520864|
520865|
520866|
520867|
520868|
520869|
520870|
520871|
520896|
520897|
520898|
520899|
520900|
520901|
520902|
520903|
520928|
520929|
520930|
520931|
520932|
520933|
520934|
520935|
520960|
520961|
520962|
520963|
520964|
520965|
520966|
520967|
520992|
520993|
520994|
520995|
520996|
520997|
520998|
520999|
521024|
521025|
521026|
521027|
521028|
521029|
521030|
521031|
521056|
521057|
521058|
521059|
521060|
521061|
521062|
521063|
521088|
521089|
521090|
521091|
521092|
521093|
521094|
521095|
521120|
521121|
521122|
521123|
521124|
521125|
521126|
521127|
521152|
521153|
521154|
521155|
521156|
521157|
521158|
521159|
521184|
521185|
521186|
521187|
521188|
521189|
521190|
521191|
521216|
521217|
521218|
521219|
521220|
521221|
521222|
521223|
521248|
521249|
521250|
521251|
521252|
521253|
521254|
521255|
521280|
521281|
521282|
521283|
521284|
521285|
521286|
521287|
521312|
521313|
521314|
521315|
521316|
521317|
521318|
521319|
521344|
521345|
521346|
521347|
521348|
521349|
521350|
521351|
521376|
521377|
521378|
521379|
521380|
521381|
521382|
521383|
521408|
521409|
521410|
521411|
521412|
521413|
521414|
521415|
521440|
521441|
521442|
521443|
521444|
521445|
521446|
521447|
521472|
521473|
521474|
521475|
521476|
521477|
521478|
521479|
521504|
521505|
521506|
521507|
521508|
521509|
521510|
521511|
521536|
521537|
521538|
521539|
521540|
521541|
521542|
521543|
521568|
521569|
521570|
521571|
521572|
521573|
521574|
521575|
521600|
521601|
521602|
521603|
521604|
521605|
521606|
521607|
521632|
521633|
521634|
521635|
521636|
521637|
521638|
521639|
521664|
521665|
521666|
521667|
521668|
521669|
521670|
521671|
521696|
521697|
521698|
521699|
521700|
521701|
521702|
521703|
521728|
521729|
521730|
521731|
521732|
521733|
521734|
521735|
521760|
521761|
521762|
521763|
521764|
521765|
521766|
521767|
521792|
521793|
521794|
521795|
521796|
521797|
521798|
521799|
521824|
521825|
521826|
521827|
521828|
521829|
521830|
521831|
521856|
521857|
521858|
521859|
521860|
521861|
521862|
521863|
521888|
521889|
521890|
521891|
521892|
521893|
521894|
521895|
521920|
521921|
521922|
521923|
521924|
521925|
521926|
521927|
521952|
521953|
521954|
521955|
521956|
521957|
521958|
521959|
521984|
521985|
521986|
521987|
521988|
