689989|
689990|
689991|
690016|
690017|
690018|
690019|
690020|
690021|
690022|
690023|
690048|
690049|
690050|
690051|
690052|
690053|
690054|
690055|
690080|
690081|
690082|
690083|
690084|
690085|
690086|
690087|
690112|
690113|
690114|
690115|
690116|
690117|
690118|
690119|
690144|
690145|
690146|
690147|
690148|
690149|
690150|
690151|
690176|
690177|
690178|
690179|
690180|
690181|
690182|
690183|
690208|
690209|
690210|
690211|
690212|
690213|
690214|
690215|
690240|
690241|
690242|
690243|
690244|
690245|
690246|
690247|
690272|
690273|
690274|
690275|
690276|
690277|
690278|
690279|
690304|
690305|
690306|
690307|
690308|
690309|
690310|
690311|
690336|
690337|
690338|
690339|
690340|
690341|
690342|
690343|
690368|
690369|
690370|
690371|
690372|
690373|
690374|
690375|
690400|
690401|
690402|
690403|
690404|
690405|
690406|
690407|
690432|
690433|
690434|
690435|
690436|
690437|
690438|
690439|
690464|
690465|
690466|
690467|
690468|
690469|
690470|
690471|
690496|
690497|
690498|
690499|
690500|
690501|
690502|
690503|
690528|
690529|
690530|
690531|
690532|
690533|
690534|
690535|
690560|
690561|
690562|
690563|
690564|
690565|
690566|
690567|
690592|
690593|
690594|
690595|
690596|
690597|
690598|
690599|
690624|
690625|
690626|
690627|
690628|
690629|
690630|
690631|
690656|
690657|
690658|
690659|
690660|
690661|
690662|
690663|
690688|
690689|
690690|
690691|
690692|
690693|
690694|
690695|
690720|
690721|
690722|
690723|
690724|
690725|
690726|
690727|
690752|
690753|
690754|
690755|
690756|
690757|
690758|
690759|
690784|
690785|
690786|
690787|
690788|
690789|
690790|
690791|
690816|
690817|
690818|
690819|
690820|
690821|
690822|
690823|
690848|
690849|
690850|
690851|
690852|
690853|
690854|
690855|
690880|
690881|
690882|
690883|
690884|
690885|
690886|
690887|
690912|
690913|
690914|
690915|
690916|
690917|
690918|
690919|
690944|
690945|
690946|
690947|
690948|
690949|
690950|
690951|
690976|
690977|
690978|
690979|
690980|
690981|
690982|
690983|
691008|
691009|
691010|
691011|
691012|
691013|
691014|
691015|
691040|
691041|
691042|
691043|
691044|
691045|
691046|
691047|
691072|
691073|
691074|
691075|
691076|
691077|
691078|
691079|
691104|
691105|
691106|
691107|
691108|
691109|
691110|
691111|
691136|
691137|
691138|
691139|
691140|
691141|
691142|
691143|
691168|
691169|
691170|
691171|
691172|
691173|
691174|
691175|
691200|
691201|
691202|
691203|
691204|
691205|
691206|
691207|
691232|
691233|
691234|
691235|
691236|
691237|
691238|
691239|
691264|
691265|
691266|
691267|
691268|
691269|
691270|
691271|
691296|
691297|
691298|
691299|
691300|
691301|
691302|
691303|
691328|
691329|
691330|
691331|
691332|
691333|
691334|
691335|
691360|
691361|
691362|
691363|
691364|
691365|
691366|
691367|
691392|
691393|
691394|
691395|
691396|
691397|
691398|
691399|
691424|
691425|
691426|
691427|
691428|
691429|
691430|
691431|
691456|
691457|
691458|
691459|
691460|
691461|
691462|
691463|
691488|
691489|
691490|
691491|
691492|
691493|
691494|
691495|
691520|
691521|
691522|
691523|
691524|
691525|
691526|
691527|
691552|
691553|
691554|
691555|
691556|
691557|
691558|
691559|
691584|
691585|
691586|
691587|
691588|
691589|
691590|
691591|
691616|
691617|
691618|
691619|
691620|
691621|
691622|
691623|
691648|
691649|
691650|
691651|
691652|
691653|
691654|
691655|
691680|
691681|
691682|
691683|
691684|
691685|
691686|
691687|
691712|
691713|
691714|
691715|
691716|
691717|
691718|
691719|
691744|
691745|
691746|
691747|
691748|
691749|
691750|
691751|
691776|
691777|
691778|
691779|
691780|
691781|
691782|
691783|
691808|
691809|
691810|
691811|
691812|
691813|
691814|
691815|
691840|
691841|
691842|
691843|
691844|
691845|
691846|
691847|
691872|
691873|
691874|
691875|
691876|
691877|
691878|
691879|
691904|
691905|
691906|
691907|
691908|
691909|
691910|
691911|
691936|
691937|
691938|
691939|
691940|
691941|
691942|
691943|
691968|
691969|
691970|
691971|
691972|
691973|
691974|
691975|
692000|
692001|
692002|
692003|
692004|
692005|
692006|
692007|
692032|
692033|
692034|
692035|
692036|
692037|
692038|
692039|
692064|
692065|
692066|
692067|
692068|
692069|
692070|
692071|
692096|
692097|
692098|
692099|
692100|
692101|
692102|
692103|
692128|
692129|
692130|
692131|
692132|
692133|
692134|
692135|
692160|
692161|
692162|
692163|
692164|
692165|
692166|
692167|
692192|
692193|
692194|
692195|
692196|
692197|
692198|
692199|
692224|
692225|
692226|
692227|
692228|
692229|
692230|
692231|
692256|
692257|
692258|
692259|
692260|
692261|
692262|
692263|
692288|
692289|
692290|
692291|
692292|
692293|
692294|
692295|
692320|
692321|
692322|
692323|
692324|
692325|
692326|
692327|
692352|
692353|
692354|
692355|
692356|
692357|
692358|
692359|
692384|
692385|
692386|
692387|
692388|
692389|
692390|
692391|
692416|
692417|
692418|
692419|
692420|
692421|
692422|
692423|
692448|
692449|
692450|
692451|
692452|
692453|
692454|
692455|
692480|
692481|
692482|
692483|
692484|
692485|
692486|
692487|
692512|
692513|
692514|
692515|
692516|
692517|
692518|
692519|
692544|
692545|
692546|
692547|
692548|
692549|
692550|
692551|
692576|
692577|
692578|
692579|
692580|
692581|
692582|
692583|
692608|
692609|
692610|
692611|
692612|
692613|
692614|
692615|
692640|
692641|
692642|
692643|
692644|
692645|
692646|
692647|
692672|
692673|
692674|
692675|
692676|
692677|
692678|
692679|
692704|
692705|
692706|
692707|
692708|
692709|
692710|
692711|
692736|
692737|
692738|
692739|
692740|
692741|
692742|
692743|
692768|
692769|
692770|
692771|
692772|
692773|
692774|
692775|
692800|
692801|
692802|
692803|
692804|
692805|
692806|
692807|
692832|
692833|
692834|
692835|
692836|
692837|
692838|
692839|
692864|
692865|
692866|
692867|
692868|
692869|
692870|
692871|
692896|
692897|
692898|
692899|
692900|
692901|
692902|
692903|
692928|
692929|
692930|
692931|
692932|
692933|
692934|
692935|
692960|
692961|
692962|
692963|
692964|
692965|
692966|
692967|
692992|
692993|
692994|
692995|
692996|
692997|
692998|
692999|
693024|
693025|
693026|
693027|
693028|
693029|
693030|
693031|
693056|
693057|
693058|
693059|
693060|
693061|
693062|
693063|
693088|
693089|
693090|
693091|
693092|
693093|
693094|
693095|
693120|
693121|
693122|
693123|
693124|
693125|
693126|
693127|
693152|
693153|
693154|
693155|
693156|
693157|
693158|
693159|
693184|
693185|
693186|
693187|
693188|
693189|
693190|
693191|
693216|
693217|
693218|
693219|
693220|
693221|
693222|
693223|
693248|
693249|
693250|
693251|
693252|
693253|
693254|
693255|
693280|
693281|
693282|
693283|
693284|
693285|
693286|
693287|
693312|
693313|
693314|
693315|
693316|
693317|
693318|
693319|
693344|
693345|
693346|
693347|
693348|
693349|
693350|
693351|
693376|
693377|
693378|
693379|
693380|
693381|
693382|
693383|
693408|
693409|
693410|
693411|
693412|
693413|
693414|
693415|
693440|
693441|
693442|
693443|
693444|
693445|
693446|
693447|
693472|
693473|
693474|
693475|
693476|
693477|
693478|
693479|
693504|
693505|
693506|
693507|
693508|
693509|
693510|
693511|
693536|
693537|
693538|
693539|
693540|
693541|
693542|
693543|
693568|
693569|
693570|
693571|
693572|
693573|
693574|
693575|
693600|
693601|
693602|
693603|
693604|
693605|
693606|
693607|
693632|
693633|
693634|
693635|
693636|
693637|
693638|
693639|
693664|
693665|
693666|
693667|
693668|
693669|
693670|
693671|
693696|
693697|
693698|
693699|
693700|
693701|
693702|
693703|
693728|
693729|
693730|
693731|
693732|
693733|
693734|
693735|
693760|
693761|
693762|
693763|
693764|
693765|
693766|
693767|
693792|
693793|
693794|
693795|
693796|
693797|
693798|
693799|
693824|
693825|
693826|
693827|
693828|
693829|
693830|
693831|
693856|
693857|
693858|
693859|
693860|
693861|
693862|
693863|
693888|
693889|
693890|
693891|
693892|
693893|
693894|
693895|
693920|
693921|
693922|
693923|
693924|
693925|
693926|
693927|
693952|
693953|
693954|
693955|
693956|
693957|
693958|
693959|
693984|
693985|
693986|
693987|
693988|
693989|
693990|
693991|
694016|
694017|
694018|
694019|
694020|
694021|
694022|
694023|
694048|
694049|
694050|
694051|
694052|
694053|
694054|
694055|
694080|
694081|
694082|
694083|
694084|
694085|
694086|
694087|
694112|
694113|
694114|
694115|
694116|
694117|
694118|
694119|
694144|
694145|
694146|
694147|
694148|
694149|
694150|
694151|
694176|
694177|
694178|
694179|
694180|
694181|
694182|
694183|
694208|
694209|
694210|
694211|
694212|
694213|
694214|
694215|
694240|
694241|
694242|
694243|
694244|
694245|
694246|
694247|
694272|
694273|
694274|
694275|
694276|
694277|
694278|
694279|
694304|
694305|
694306|
694307|
694308|
694309|
694310|
694311|
694336|
694337|
694338|
694339|
694340|
694341|
694342|
694343|
694368|
694369|
694370|
694371|
694372|
694373|
694374|
694375|
694400|
694401|
694402|
694403|
694404|
694405|
694406|
694407|
694432|
694433|
694434|
694435|
694436|
694437|
694438|
694439|
694464|
694465|
694466|
694467|
694468|
694469|
694470|
694471|
694496|
694497|
694498|
694499|
694500|
694501|
694502|
694503|
694528|
694529|
694530|
694531|
694532|
694533|
694534|
694535|
694560|
694561|
694562|
694563|
694564|
694565|
694566|
694567|
694592|
694593|
694594|
694595|
694596|
694597|
694598|
694599|
694624|
694625|
694626|
694627|
694628|
694629|
694630|
694631|
694656|
694657|
694658|
694659|
694660|
694661|
694662|
694663|
694688|
694689|
694690|
694691|
694692|
694693|
694694|
694695|
694720|
694721|
694722|
694723|
694724|
694725|
694726|
694727|
694752|
694753|
694754|
694755|
694756|
694757|
694758|
694759|
694784|
694785|
694786|
694787|
694788|
694789|
694790|
694791|
694816|
694817|
694818|
694819|
694820|
694821|
694822|
694823|
694848|
694849|
694850|
694851|
694852|
694853|
694854|
694855|
694880|
694881|
694882|
694883|
694884|
694885|
694886|
694887|
694912|
694913|
694914|
694915|
694916|
694917|
694918|
694919|
694944|
694945|
694946|
694947|
694948|
694949|
694950|
694951|
694976|
694977|
694978|
694979|
694980|
694981|
694982|
694983|
695008|
695009|
695010|
695011|
695012|
695013|
695014|
695015|
695040|
695041|
695042|
695043|
695044|
695045|
695046|
695047|
695072|
695073|
695074|
695075|
695076|
695077|
695078|
695079|
695104|
695105|
695106|
695107|
695108|
695109|
695110|
695111|
695136|
695137|
695138|
695139|
695140|
695141|
695142|
695143|
695168|
695169|
695170|
695171|
695172|
695173|
695174|
695175|
695200|
695201|
695202|
695203|
695204|
695205|
695206|
695207|
695232|
695233|
695234|
695235|
695236|
695237|
695238|
695239|
695264|
695265|
695266|
695267|
695268|
695269|
695270|
695271|
695296|
695297|
695298|
695299|
695300|
695301|
695302|
695303|
695328|
695329|
695330|
695331|
695332|
695333|
695334|
695335|
695360|
695361|
695362|
695363|
695364|
695365|
695366|
695367|
695392|
695393|
695394|
695395|
695396|
695397|
695398|
695399|
695424|
695425|
695426|
695427|
695428|
695429|
695430|
695431|
695456|
695457|
695458|
695459|
695460|
695461|
695462|
695463|
695488|
695489|
695490|
695491|
695492|
695493|
695494|
695495|
695520|
695521|
695522|
695523|
695524|
695525|
695526|
695527|
695552|
695553|
695554|
695555|
695556|
695557|
695558|
695559|
695584|
695585|
695586|
695587|
695588|
695589|
695590|
695591|
695616|
695617|
695618|
695619|
695620|
695621|
695622|
695623|
695648|
695649|
695650|
695651|
695652|
695653|
695654|
695655|
695680|
695681|
695682|
695683|
695684|
695685|
695686|
695687|
695712|
695713|
695714|
695715|
695716|
695717|
695718|
695719|
695744|
695745|
695746|
695747|
695748|
695749|
695750|
695751|
695776|
695777|
695778|
695779|
695780|
695781|
695782|
695783|
695808|
695809|
695810|
695811|
695812|
695813|
695814|
695815|
695840|
695841|
695842|
695843|
695844|
695845|
695846|
695847|
695872|
695873|
695874|
695875|
695876|
695877|
695878|
695879|
695904|
695905|
695906|
695907|
695908|
695909|
695910|
695911|
695936|
695937|
695938|
695939|
695940|
695941|
695942|
695943|
695968|
695969|
695970|
695971|
695972|
695973|
695974|
695975|
696000|
