893989|
893990|
893991|
894016|
894017|
894018|
894019|
894020|
894021|
894022|
894023|
894048|
894049|
894050|
894051|
894052|
894053|
894054|
894055|
894080|
894081|
894082|
894083|
894084|
894085|
894086|
894087|
894112|
894113|
894114|
894115|
894116|
894117|
894118|
894119|
894144|
894145|
894146|
894147|
894148|
894149|
894150|
894151|
894176|
894177|
894178|
894179|
894180|
894181|
894182|
894183|
894208|
894209|
894210|
894211|
894212|
894213|
894214|
894215|
894240|
894241|
894242|
894243|
894244|
894245|
894246|
894247|
894272|
894273|
894274|
894275|
894276|
894277|
894278|
894279|
894304|
894305|
894306|
894307|
894308|
894309|
894310|
894311|
894336|
894337|
894338|
894339|
894340|
894341|
894342|
894343|
894368|
894369|
894370|
894371|
894372|
894373|
894374|
894375|
894400|
894401|
894402|
894403|
894404|
894405|
894406|
894407|
894432|
894433|
894434|
894435|
894436|
894437|
894438|
894439|
894464|
894465|
894466|
894467|
894468|
894469|
894470|
894471|
894496|
894497|
894498|
894499|
894500|
894501|
894502|
894503|
894528|
894529|
894530|
894531|
894532|
894533|
894534|
894535|
894560|
894561|
894562|
894563|
894564|
894565|
894566|
894567|
894592|
894593|
894594|
894595|
894596|
894597|
894598|
894599|
894624|
894625|
894626|
894627|
894628|
894629|
894630|
894631|
894656|
894657|
894658|
894659|
894660|
894661|
894662|
894663|
894688|
894689|
894690|
894691|
894692|
894693|
894694|
894695|
894720|
894721|
894722|
894723|
894724|
894725|
894726|
894727|
894752|
894753|
894754|
894755|
894756|
894757|
894758|
894759|
894784|
894785|
894786|
894787|
894788|
894789|
894790|
894791|
894816|
894817|
894818|
894819|
894820|
894821|
894822|
894823|
894848|
894849|
894850|
894851|
894852|
894853|
894854|
894855|
894880|
894881|
894882|
894883|
894884|
894885|
894886|
894887|
894912|
894913|
894914|
894915|
894916|
894917|
894918|
894919|
894944|
894945|
894946|
894947|
894948|
894949|
894950|
894951|
894976|
894977|
894978|
894979|
894980|
894981|
894982|
894983|
895008|
895009|
895010|
895011|
895012|
895013|
895014|
895015|
895040|
895041|
895042|
895043|
895044|
895045|
895046|
895047|
895072|
895073|
895074|
895075|
895076|
895077|
895078|
895079|
895104|
895105|
895106|
895107|
895108|
895109|
895110|
895111|
895136|
895137|
895138|
895139|
895140|
895141|
895142|
895143|
895168|
895169|
895170|
895171|
895172|
895173|
895174|
895175|
895200|
895201|
895202|
895203|
895204|
895205|
895206|
895207|
895232|
895233|
895234|
895235|
895236|
895237|
895238|
895239|
895264|
895265|
895266|
895267|
895268|
895269|
895270|
895271|
895296|
895297|
895298|
895299|
895300|
895301|
895302|
895303|
895328|
895329|
895330|
895331|
895332|
895333|
895334|
895335|
895360|
895361|
895362|
895363|
895364|
895365|
895366|
895367|
895392|
895393|
895394|
895395|
895396|
895397|
895398|
895399|
895424|
895425|
895426|
895427|
895428|
895429|
895430|
895431|
895456|
895457|
895458|
895459|
895460|
895461|
895462|
895463|
895488|
895489|
895490|
895491|
895492|
895493|
895494|
895495|
895520|
895521|
895522|
895523|
895524|
895525|
895526|
895527|
895552|
895553|
895554|
895555|
895556|
895557|
895558|
895559|
895584|
895585|
895586|
895587|
895588|
895589|
895590|
895591|
895616|
895617|
895618|
895619|
895620|
895621|
895622|
895623|
895648|
895649|
895650|
895651|
895652|
895653|
895654|
895655|
895680|
895681|
895682|
895683|
895684|
895685|
895686|
895687|
895712|
895713|
895714|
895715|
895716|
895717|
895718|
895719|
895744|
895745|
895746|
895747|
895748|
895749|
895750|
895751|
895776|
895777|
895778|
895779|
895780|
895781|
895782|
895783|
895808|
895809|
895810|
895811|
895812|
895813|
895814|
895815|
895840|
895841|
895842|
895843|
895844|
895845|
895846|
895847|
895872|
895873|
895874|
895875|
895876|
895877|
895878|
895879|
895904|
895905|
895906|
895907|
895908|
895909|
895910|
895911|
895936|
895937|
895938|
895939|
895940|
895941|
895942|
895943|
895968|
895969|
895970|
895971|
895972|
895973|
895974|
895975|
896000|
896001|
896002|
896003|
896004|
896005|
896006|
896007|
896032|
896033|
896034|
896035|
896036|
896037|
896038|
896039|
896064|
896065|
896066|
896067|
896068|
896069|
896070|
896071|
896096|
896097|
896098|
896099|
896100|
896101|
896102|
896103|
896128|
896129|
896130|
896131|
896132|
896133|
896134|
896135|
896160|
896161|
896162|
896163|
896164|
896165|
896166|
896167|
896192|
896193|
896194|
896195|
896196|
896197|
896198|
896199|
896224|
896225|
896226|
896227|
896228|
896229|
896230|
896231|
896256|
896257|
896258|
896259|
896260|
896261|
896262|
896263|
896288|
896289|
896290|
896291|
896292|
896293|
896294|
896295|
896320|
896321|
896322|
896323|
896324|
896325|
896326|
896327|
896352|
896353|
896354|
896355|
896356|
896357|
896358|
896359|
896384|
896385|
896386|
896387|
896388|
896389|
896390|
896391|
896416|
896417|
896418|
896419|
896420|
896421|
896422|
896423|
896448|
896449|
896450|
896451|
896452|
896453|
896454|
896455|
896480|
896481|
896482|
896483|
896484|
896485|
896486|
896487|
896512|
896513|
896514|
896515|
896516|
896517|
896518|
896519|
896544|
896545|
896546|
896547|
896548|
896549|
896550|
896551|
896576|
896577|
896578|
896579|
896580|
896581|
896582|
896583|
896608|
896609|
896610|
896611|
896612|
896613|
896614|
896615|
896640|
896641|
896642|
896643|
896644|
896645|
896646|
896647|
896672|
896673|
896674|
896675|
896676|
896677|
896678|
896679|
896704|
896705|
896706|
896707|
896708|
896709|
896710|
896711|
896736|
896737|
896738|
896739|
896740|
896741|
896742|
896743|
896768|
896769|
896770|
896771|
896772|
896773|
896774|
896775|
896800|
896801|
896802|
896803|
896804|
896805|
896806|
896807|
896832|
896833|
896834|
896835|
896836|
896837|
896838|
896839|
896864|
896865|
896866|
896867|
896868|
896869|
896870|
896871|
896896|
896897|
896898|
896899|
896900|
896901|
896902|
896903|
896928|
896929|
896930|
896931|
896932|
896933|
896934|
896935|
896960|
896961|
896962|
896963|
896964|
896965|
896966|
896967|
896992|
896993|
896994|
896995|
896996|
896997|
896998|
896999|
897024|
897025|
897026|
897027|
897028|
897029|
897030|
897031|
897056|
897057|
897058|
897059|
897060|
897061|
897062|
897063|
897088|
897089|
897090|
897091|
897092|
897093|
897094|
897095|
897120|
897121|
897122|
897123|
897124|
897125|
897126|
897127|
897152|
897153|
897154|
897155|
897156|
897157|
897158|
897159|
897184|
897185|
897186|
897187|
897188|
897189|
897190|
897191|
897216|
897217|
897218|
897219|
897220|
897221|
897222|
897223|
897248|
897249|
897250|
897251|
897252|
897253|
897254|
897255|
897280|
897281|
897282|
897283|
897284|
897285|
897286|
897287|
897312|
897313|
897314|
897315|
897316|
897317|
897318|
897319|
897344|
897345|
897346|
897347|
897348|
897349|
897350|
897351|
897376|
897377|
897378|
897379|
897380|
897381|
897382|
897383|
897408|
897409|
897410|
897411|
897412|
897413|
897414|
897415|
897440|
897441|
897442|
897443|
897444|
897445|
897446|
897447|
897472|
897473|
897474|
897475|
897476|
897477|
897478|
897479|
897504|
897505|
897506|
897507|
897508|
897509|
897510|
897511|
897536|
897537|
897538|
897539|
897540|
897541|
897542|
897543|
897568|
897569|
897570|
897571|
897572|
897573|
897574|
897575|
897600|
897601|
897602|
897603|
897604|
897605|
897606|
897607|
897632|
897633|
897634|
897635|
897636|
897637|
897638|
897639|
897664|
897665|
897666|
897667|
897668|
897669|
897670|
897671|
897696|
897697|
897698|
897699|
897700|
897701|
897702|
897703|
897728|
897729|
897730|
897731|
897732|
897733|
897734|
897735|
897760|
897761|
897762|
897763|
897764|
897765|
897766|
897767|
897792|
897793|
897794|
897795|
897796|
897797|
897798|
897799|
897824|
897825|
897826|
897827|
897828|
897829|
897830|
897831|
897856|
897857|
897858|
897859|
897860|
897861|
897862|
897863|
897888|
897889|
897890|
897891|
897892|
897893|
897894|
897895|
897920|
897921|
897922|
897923|
897924|
897925|
897926|
897927|
897952|
897953|
897954|
897955|
897956|
897957|
897958|
897959|
897984|
897985|
897986|
897987|
897988|
897989|
897990|
897991|
898016|
898017|
898018|
898019|
898020|
898021|
898022|
898023|
898048|
898049|
898050|
898051|
898052|
898053|
898054|
898055|
898080|
898081|
898082|
898083|
898084|
898085|
898086|
898087|
898112|
898113|
898114|
898115|
898116|
898117|
898118|
898119|
898144|
898145|
898146|
898147|
898148|
898149|
898150|
898151|
898176|
898177|
898178|
898179|
898180|
898181|
898182|
898183|
898208|
898209|
898210|
898211|
898212|
898213|
898214|
898215|
898240|
898241|
898242|
898243|
898244|
898245|
898246|
898247|
898272|
898273|
898274|
898275|
898276|
898277|
898278|
898279|
898304|
898305|
898306|
898307|
898308|
898309|
898310|
898311|
898336|
898337|
898338|
898339|
898340|
898341|
898342|
898343|
898368|
898369|
898370|
898371|
898372|
898373|
898374|
898375|
898400|
898401|
898402|
898403|
898404|
898405|
898406|
898407|
898432|
898433|
898434|
898435|
898436|
898437|
898438|
898439|
898464|
898465|
898466|
898467|
898468|
898469|
898470|
898471|
898496|
898497|
898498|
898499|
898500|
898501|
898502|
898503|
898528|
898529|
898530|
898531|
898532|
898533|
898534|
898535|
898560|
898561|
898562|
898563|
898564|
898565|
898566|
898567|
898592|
898593|
898594|
898595|
898596|
898597|
898598|
898599|
898624|
898625|
898626|
898627|
898628|
898629|
898630|
898631|
898656|
898657|
898658|
898659|
898660|
898661|
898662|
898663|
898688|
898689|
898690|
898691|
898692|
898693|
898694|
898695|
898720|
898721|
898722|
898723|
898724|
898725|
898726|
898727|
898752|
898753|
898754|
898755|
898756|
898757|
898758|
898759|
898784|
898785|
898786|
898787|
898788|
898789|
898790|
898791|
898816|
898817|
898818|
898819|
898820|
898821|
898822|
898823|
898848|
898849|
898850|
898851|
898852|
898853|
898854|
898855|
898880|
898881|
898882|
898883|
898884|
898885|
898886|
898887|
898912|
898913|
898914|
898915|
898916|
898917|
898918|
898919|
898944|
898945|
898946|
898947|
898948|
898949|
898950|
898951|
898976|
898977|
898978|
898979|
898980|
898981|
898982|
898983|
899008|
899009|
899010|
899011|
899012|
899013|
899014|
899015|
899040|
899041|
899042|
899043|
899044|
899045|
899046|
899047|
899072|
899073|
899074|
899075|
899076|
899077|
899078|
899079|
899104|
899105|
899106|
899107|
899108|
899109|
899110|
899111|
899136|
899137|
899138|
899139|
899140|
899141|
899142|
899143|
899168|
899169|
899170|
899171|
899172|
899173|
899174|
899175|
899200|
899201|
899202|
899203|
899204|
899205|
899206|
899207|
899232|
899233|
899234|
899235|
899236|
899237|
899238|
899239|
899264|
899265|
899266|
899267|
899268|
899269|
899270|
899271|
899296|
899297|
899298|
899299|
899300|
899301|
899302|
899303|
899328|
899329|
899330|
899331|
899332|
899333|
899334|
899335|
899360|
899361|
899362|
899363|
899364|
899365|
899366|
899367|
899392|
899393|
899394|
899395|
899396|
899397|
899398|
899399|
899424|
899425|
899426|
899427|
899428|
899429|
899430|
899431|
899456|
899457|
899458|
899459|
899460|
899461|
899462|
899463|
899488|
899489|
899490|
899491|
899492|
899493|
899494|
899495|
899520|
899521|
899522|
899523|
899524|
899525|
899526|
899527|
899552|
899553|
899554|
899555|
899556|
899557|
899558|
899559|
899584|
899585|
899586|
899587|
899588|
899589|
899590|
899591|
899616|
899617|
899618|
899619|
899620|
899621|
899622|
899623|
899648|
899649|
899650|
899651|
899652|
899653|
899654|
899655|
899680|
899681|
899682|
899683|
899684|
899685|
899686|
899687|
899712|
899713|
899714|
899715|
899716|
899717|
899718|
899719|
899744|
899745|
899746|
899747|
899748|
899749|
899750|
899751|
899776|
899777|
899778|
899779|
899780|
899781|
899782|
899783|
899808|
899809|
899810|
899811|
899812|
899813|
899814|
899815|
899840|
899841|
899842|
899843|
899844|
899845|
899846|
899847|
899872|
899873|
899874|
899875|
899876|
899877|
899878|
899879|
899904|
899905|
899906|
899907|
899908|
899909|
899910|
899911|
899936|
899937|
899938|
899939|
899940|
899941|
899942|
899943|
899968|
899969|
899970|
899971|
899972|
899973|
899974|
899975|
900000|
