864001|
864002|
864003|
864004|
864005|
864006|
864007|
864032|
864033|
864034|
864035|
864036|
864037|
864038|
864039|
864064|
864065|
864066|
864067|
864068|
864069|
864070|
864071|
864096|
864097|
864098|
864099|
864100|
864101|
864102|
864103|
864128|
864129|
864130|
864131|
864132|
864133|
864134|
864135|
864160|
864161|
864162|
864163|
864164|
864165|
864166|
864167|
864192|
864193|
864194|
864195|
864196|
864197|
864198|
864199|
864224|
864225|
864226|
864227|
864228|
864229|
864230|
864231|
864256|
864257|
864258|
864259|
864260|
864261|
864262|
864263|
864288|
864289|
864290|
864291|
864292|
864293|
864294|
864295|
864320|
864321|
864322|
864323|
864324|
864325|
864326|
864327|
864352|
864353|
864354|
864355|
864356|
864357|
864358|
864359|
864384|
864385|
864386|
864387|
864388|
864389|
864390|
864391|
864416|
864417|
864418|
864419|
864420|
864421|
864422|
864423|
864448|
864449|
864450|
864451|
864452|
864453|
864454|
864455|
864480|
864481|
864482|
864483|
864484|
864485|
864486|
864487|
864512|
864513|
864514|
864515|
864516|
864517|
864518|
864519|
864544|
864545|
864546|
864547|
864548|
864549|
864550|
864551|
864576|
864577|
864578|
864579|
864580|
864581|
864582|
864583|
864608|
864609|
864610|
864611|
864612|
864613|
864614|
864615|
864640|
864641|
864642|
864643|
864644|
864645|
864646|
864647|
864672|
864673|
864674|
864675|
864676|
864677|
864678|
864679|
864704|
864705|
864706|
864707|
864708|
864709|
864710|
864711|
864736|
864737|
864738|
864739|
864740|
864741|
864742|
864743|
864768|
864769|
864770|
864771|
864772|
864773|
864774|
864775|
864800|
864801|
864802|
864803|
864804|
864805|
864806|
864807|
864832|
864833|
864834|
864835|
864836|
864837|
864838|
864839|
864864|
864865|
864866|
864867|
864868|
864869|
864870|
864871|
864896|
864897|
864898|
864899|
864900|
864901|
864902|
864903|
864928|
864929|
864930|
864931|
864932|
864933|
864934|
864935|
864960|
864961|
864962|
864963|
864964|
864965|
864966|
864967|
864992|
864993|
864994|
864995|
864996|
864997|
864998|
864999|
865024|
865025|
865026|
865027|
865028|
865029|
865030|
865031|
865056|
865057|
865058|
865059|
865060|
865061|
865062|
865063|
865088|
865089|
865090|
865091|
865092|
865093|
865094|
865095|
865120|
865121|
865122|
865123|
865124|
865125|
865126|
865127|
865152|
865153|
865154|
865155|
865156|
865157|
865158|
865159|
865184|
865185|
865186|
865187|
865188|
865189|
865190|
865191|
865216|
865217|
865218|
865219|
865220|
865221|
865222|
865223|
865248|
865249|
865250|
865251|
865252|
865253|
865254|
865255|
865280|
865281|
865282|
865283|
865284|
865285|
865286|
865287|
865312|
865313|
865314|
865315|
865316|
865317|
865318|
865319|
865344|
865345|
865346|
865347|
865348|
865349|
865350|
865351|
865376|
865377|
865378|
865379|
865380|
865381|
865382|
865383|
865408|
865409|
865410|
865411|
865412|
865413|
865414|
865415|
865440|
865441|
865442|
865443|
865444|
865445|
865446|
865447|
865472|
865473|
865474|
865475|
865476|
865477|
865478|
865479|
865504|
865505|
865506|
865507|
865508|
865509|
865510|
865511|
865536|
865537|
865538|
865539|
865540|
865541|
865542|
865543|
865568|
865569|
865570|
865571|
865572|
865573|
865574|
865575|
865600|
865601|
865602|
865603|
865604|
865605|
865606|
865607|
865632|
865633|
865634|
865635|
865636|
865637|
865638|
865639|
865664|
865665|
865666|
865667|
865668|
865669|
865670|
865671|
865696|
865697|
865698|
865699|
865700|
865701|
865702|
865703|
865728|
865729|
865730|
865731|
865732|
865733|
865734|
865735|
865760|
865761|
865762|
865763|
865764|
865765|
865766|
865767|
865792|
865793|
865794|
865795|
865796|
865797|
865798|
865799|
865824|
865825|
865826|
865827|
865828|
865829|
865830|
865831|
865856|
865857|
865858|
865859|
865860|
865861|
865862|
865863|
865888|
865889|
865890|
865891|
865892|
865893|
865894|
865895|
865920|
865921|
865922|
865923|
865924|
865925|
865926|
865927|
865952|
865953|
865954|
865955|
865956|
865957|
865958|
865959|
865984|
865985|
865986|
865987|
865988|
865989|
865990|
865991|
866016|
866017|
866018|
866019|
866020|
866021|
866022|
866023|
866048|
866049|
866050|
866051|
866052|
866053|
866054|
866055|
866080|
866081|
866082|
866083|
866084|
866085|
866086|
866087|
866112|
866113|
866114|
866115|
866116|
866117|
866118|
866119|
866144|
866145|
866146|
866147|
866148|
866149|
866150|
866151|
866176|
866177|
866178|
866179|
866180|
866181|
866182|
866183|
866208|
866209|
866210|
866211|
866212|
866213|
866214|
866215|
866240|
866241|
866242|
866243|
866244|
866245|
866246|
866247|
866272|
866273|
866274|
866275|
866276|
866277|
866278|
866279|
866304|
866305|
866306|
866307|
866308|
866309|
866310|
866311|
866336|
866337|
866338|
866339|
866340|
866341|
866342|
866343|
866368|
866369|
866370|
866371|
866372|
866373|
866374|
866375|
866400|
866401|
866402|
866403|
866404|
866405|
866406|
866407|
866432|
866433|
866434|
866435|
866436|
866437|
866438|
866439|
866464|
866465|
866466|
866467|
866468|
866469|
866470|
866471|
866496|
866497|
866498|
866499|
866500|
866501|
866502|
866503|
866528|
866529|
866530|
866531|
866532|
866533|
866534|
866535|
866560|
866561|
866562|
866563|
866564|
866565|
866566|
866567|
866592|
866593|
866594|
866595|
866596|
866597|
866598|
866599|
866624|
866625|
866626|
866627|
866628|
866629|
866630|
866631|
866656|
866657|
866658|
866659|
866660|
866661|
866662|
866663|
866688|
866689|
866690|
866691|
866692|
866693|
866694|
866695|
866720|
866721|
866722|
866723|
866724|
866725|
866726|
866727|
866752|
866753|
866754|
866755|
866756|
866757|
866758|
866759|
866784|
866785|
866786|
866787|
866788|
866789|
866790|
866791|
866816|
866817|
866818|
866819|
866820|
866821|
866822|
866823|
866848|
866849|
866850|
866851|
866852|
866853|
866854|
866855|
866880|
866881|
866882|
866883|
866884|
866885|
866886|
866887|
866912|
866913|
866914|
866915|
866916|
866917|
866918|
866919|
866944|
866945|
866946|
866947|
866948|
866949|
866950|
866951|
866976|
866977|
866978|
866979|
866980|
866981|
866982|
866983|
867008|
867009|
867010|
867011|
867012|
867013|
867014|
867015|
867040|
867041|
867042|
867043|
867044|
867045|
867046|
867047|
867072|
867073|
867074|
867075|
867076|
867077|
867078|
867079|
867104|
867105|
867106|
867107|
867108|
867109|
867110|
867111|
867136|
867137|
867138|
867139|
867140|
867141|
867142|
867143|
867168|
867169|
867170|
867171|
867172|
867173|
867174|
867175|
867200|
867201|
867202|
867203|
867204|
867205|
867206|
867207|
867232|
867233|
867234|
867235|
867236|
867237|
867238|
867239|
867264|
867265|
867266|
867267|
867268|
867269|
867270|
867271|
867296|
867297|
867298|
867299|
867300|
867301|
867302|
867303|
867328|
867329|
867330|
867331|
867332|
867333|
867334|
867335|
867360|
867361|
867362|
867363|
867364|
867365|
867366|
867367|
867392|
867393|
867394|
867395|
867396|
867397|
867398|
867399|
867424|
867425|
867426|
867427|
867428|
867429|
867430|
867431|
867456|
867457|
867458|
867459|
867460|
867461|
867462|
867463|
867488|
867489|
867490|
867491|
867492|
867493|
867494|
867495|
867520|
867521|
867522|
867523|
867524|
867525|
867526|
867527|
867552|
867553|
867554|
867555|
867556|
867557|
867558|
867559|
867584|
867585|
867586|
867587|
867588|
867589|
867590|
867591|
867616|
867617|
867618|
867619|
867620|
867621|
867622|
867623|
867648|
867649|
867650|
867651|
867652|
867653|
867654|
867655|
867680|
867681|
867682|
867683|
867684|
867685|
867686|
867687|
867712|
867713|
867714|
867715|
867716|
867717|
867718|
867719|
867744|
867745|
867746|
867747|
867748|
867749|
867750|
867751|
867776|
867777|
867778|
867779|
867780|
867781|
867782|
867783|
867808|
867809|
867810|
867811|
867812|
867813|
867814|
867815|
867840|
867841|
867842|
867843|
867844|
867845|
867846|
867847|
867872|
867873|
867874|
867875|
867876|
867877|
867878|
867879|
867904|
867905|
867906|
867907|
867908|
867909|
867910|
867911|
867936|
867937|
867938|
867939|
867940|
867941|
867942|
867943|
867968|
867969|
867970|
867971|
867972|
867973|
867974|
867975|
868000|
868001|
868002|
868003|
868004|
868005|
868006|
868007|
868032|
868033|
868034|
868035|
868036|
868037|
868038|
868039|
868064|
868065|
868066|
868067|
868068|
868069|
868070|
868071|
868096|
868097|
868098|
868099|
868100|
868101|
868102|
868103|
868128|
868129|
868130|
868131|
868132|
868133|
868134|
868135|
868160|
868161|
868162|
868163|
868164|
868165|
868166|
868167|
868192|
868193|
868194|
868195|
868196|
868197|
868198|
868199|
868224|
868225|
868226|
868227|
868228|
868229|
868230|
868231|
868256|
868257|
868258|
868259|
868260|
868261|
868262|
868263|
868288|
868289|
868290|
868291|
868292|
868293|
868294|
868295|
868320|
868321|
868322|
868323|
868324|
868325|
868326|
868327|
868352|
868353|
868354|
868355|
868356|
868357|
868358|
868359|
868384|
868385|
868386|
868387|
868388|
868389|
868390|
868391|
868416|
868417|
868418|
868419|
868420|
868421|
868422|
868423|
868448|
868449|
868450|
868451|
868452|
868453|
868454|
868455|
868480|
868481|
868482|
868483|
868484|
868485|
868486|
868487|
868512|
868513|
868514|
868515|
868516|
868517|
868518|
868519|
868544|
868545|
868546|
868547|
868548|
868549|
868550|
868551|
868576|
868577|
868578|
868579|
868580|
868581|
868582|
868583|
868608|
868609|
868610|
868611|
868612|
868613|
868614|
868615|
868640|
868641|
868642|
868643|
868644|
868645|
868646|
868647|
868672|
868673|
868674|
868675|
868676|
868677|
868678|
868679|
868704|
868705|
868706|
868707|
868708|
868709|
868710|
868711|
868736|
868737|
868738|
868739|
868740|
868741|
868742|
868743|
868768|
868769|
868770|
868771|
868772|
868773|
868774|
868775|
868800|
868801|
868802|
868803|
868804|
868805|
868806|
868807|
868832|
868833|
868834|
868835|
868836|
868837|
868838|
868839|
868864|
868865|
868866|
868867|
868868|
868869|
868870|
868871|
868896|
868897|
868898|
868899|
868900|
868901|
868902|
868903|
868928|
868929|
868930|
868931|
868932|
868933|
868934|
868935|
868960|
868961|
868962|
868963|
868964|
868965|
868966|
868967|
868992|
868993|
868994|
868995|
868996|
868997|
868998|
868999|
869024|
869025|
869026|
869027|
869028|
869029|
869030|
869031|
869056|
869057|
869058|
869059|
869060|
869061|
869062|
869063|
869088|
869089|
869090|
869091|
869092|
869093|
869094|
869095|
869120|
869121|
869122|
869123|
869124|
869125|
869126|
869127|
869152|
869153|
869154|
869155|
869156|
869157|
869158|
869159|
869184|
869185|
869186|
869187|
869188|
869189|
869190|
869191|
869216|
869217|
869218|
869219|
869220|
869221|
869222|
869223|
869248|
869249|
869250|
869251|
869252|
869253|
869254|
869255|
869280|
869281|
869282|
869283|
869284|
869285|
869286|
869287|
869312|
869313|
869314|
869315|
869316|
869317|
869318|
869319|
869344|
869345|
869346|
869347|
869348|
869349|
869350|
869351|
869376|
869377|
869378|
869379|
869380|
869381|
869382|
869383|
869408|
869409|
869410|
869411|
869412|
869413|
869414|
869415|
869440|
869441|
869442|
869443|
869444|
869445|
869446|
869447|
869472|
869473|
869474|
869475|
869476|
869477|
869478|
869479|
869504|
869505|
869506|
869507|
869508|
869509|
869510|
869511|
869536|
869537|
869538|
869539|
869540|
869541|
869542|
869543|
869568|
869569|
869570|
869571|
869572|
869573|
869574|
869575|
869600|
869601|
869602|
869603|
869604|
869605|
869606|
869607|
869632|
869633|
869634|
869635|
869636|
869637|
869638|
869639|
869664|
869665|
869666|
869667|
869668|
869669|
869670|
869671|
869696|
869697|
869698|
869699|
869700|
869701|
869702|
869703|
869728|
869729|
869730|
869731|
869732|
869733|
869734|
869735|
869760|
869761|
869762|
869763|
869764|
869765|
869766|
869767|
869792|
869793|
869794|
869795|
869796|
869797|
869798|
869799|
869824|
869825|
869826|
869827|
869828|
869829|
869830|
869831|
869856|
869857|
869858|
869859|
869860|
869861|
869862|
869863|
869888|
869889|
869890|
869891|
869892|
869893|
869894|
869895|
869920|
869921|
869922|
869923|
869924|
869925|
869926|
869927|
869952|
869953|
869954|
869955|
869956|
869957|
869958|
869959|
869984|
869985|
869986|
869987|
869988|
