564001|
564002|
564003|
564004|
564005|
564006|
564007|
564032|
564033|
564034|
564035|
564036|
564037|
564038|
564039|
564064|
564065|
564066|
564067|
564068|
564069|
564070|
564071|
564096|
564097|
564098|
564099|
564100|
564101|
564102|
564103|
564128|
564129|
564130|
564131|
564132|
564133|
564134|
564135|
564160|
564161|
564162|
564163|
564164|
564165|
564166|
564167|
564192|
564193|
564194|
564195|
564196|
564197|
564198|
564199|
564224|
564225|
564226|
564227|
564228|
564229|
564230|
564231|
564256|
564257|
564258|
564259|
564260|
564261|
564262|
564263|
564288|
564289|
564290|
564291|
564292|
564293|
564294|
564295|
564320|
564321|
564322|
564323|
564324|
564325|
564326|
564327|
564352|
564353|
564354|
564355|
564356|
564357|
564358|
564359|
564384|
564385|
564386|
564387|
564388|
564389|
564390|
564391|
564416|
564417|
564418|
564419|
564420|
564421|
564422|
564423|
564448|
564449|
564450|
564451|
564452|
564453|
564454|
564455|
564480|
564481|
564482|
564483|
564484|
564485|
564486|
564487|
564512|
564513|
564514|
564515|
564516|
564517|
564518|
564519|
564544|
564545|
564546|
564547|
564548|
564549|
564550|
564551|
564576|
564577|
564578|
564579|
564580|
564581|
564582|
564583|
564608|
564609|
564610|
564611|
564612|
564613|
564614|
564615|
564640|
564641|
564642|
564643|
564644|
564645|
564646|
564647|
564672|
564673|
564674|
564675|
564676|
564677|
564678|
564679|
564704|
564705|
564706|
564707|
564708|
564709|
564710|
564711|
564736|
564737|
564738|
564739|
564740|
564741|
564742|
564743|
564768|
564769|
564770|
564771|
564772|
564773|
564774|
564775|
564800|
564801|
564802|
564803|
564804|
564805|
564806|
564807|
564832|
564833|
564834|
564835|
564836|
564837|
564838|
564839|
564864|
564865|
564866|
564867|
564868|
564869|
564870|
564871|
564896|
564897|
564898|
564899|
564900|
564901|
564902|
564903|
564928|
564929|
564930|
564931|
564932|
564933|
564934|
564935|
564960|
564961|
564962|
564963|
564964|
564965|
564966|
564967|
564992|
564993|
564994|
564995|
564996|
564997|
564998|
564999|
565024|
565025|
565026|
565027|
565028|
565029|
565030|
565031|
565056|
565057|
565058|
565059|
565060|
565061|
565062|
565063|
565088|
565089|
565090|
565091|
565092|
565093|
565094|
565095|
565120|
565121|
565122|
565123|
565124|
565125|
565126|
565127|
565152|
565153|
565154|
565155|
565156|
565157|
565158|
565159|
565184|
565185|
565186|
565187|
565188|
565189|
565190|
565191|
565216|
565217|
565218|
565219|
565220|
565221|
565222|
565223|
565248|
565249|
565250|
565251|
565252|
565253|
565254|
565255|
565280|
565281|
565282|
565283|
565284|
565285|
565286|
565287|
565312|
565313|
565314|
565315|
565316|
565317|
565318|
565319|
565344|
565345|
565346|
565347|
565348|
565349|
565350|
565351|
565376|
565377|
565378|
565379|
565380|
565381|
565382|
565383|
565408|
565409|
565410|
565411|
565412|
565413|
565414|
565415|
565440|
565441|
565442|
565443|
565444|
565445|
565446|
565447|
565472|
565473|
565474|
565475|
565476|
565477|
565478|
565479|
565504|
565505|
565506|
565507|
565508|
565509|
565510|
565511|
565536|
565537|
565538|
565539|
565540|
565541|
565542|
565543|
565568|
565569|
565570|
565571|
565572|
565573|
565574|
565575|
565600|
565601|
565602|
565603|
565604|
565605|
565606|
565607|
565632|
565633|
565634|
565635|
565636|
565637|
565638|
565639|
565664|
565665|
565666|
565667|
565668|
565669|
565670|
565671|
565696|
565697|
565698|
565699|
565700|
565701|
565702|
565703|
565728|
565729|
565730|
565731|
565732|
565733|
565734|
565735|
565760|
565761|
565762|
565763|
565764|
565765|
565766|
565767|
565792|
565793|
565794|
565795|
565796|
565797|
565798|
565799|
565824|
565825|
565826|
565827|
565828|
565829|
565830|
565831|
565856|
565857|
565858|
565859|
565860|
565861|
565862|
565863|
565888|
565889|
565890|
565891|
565892|
565893|
565894|
565895|
565920|
565921|
565922|
565923|
565924|
565925|
565926|
565927|
565952|
565953|
565954|
565955|
565956|
565957|
565958|
565959|
565984|
565985|
565986|
565987|
565988|
565989|
565990|
565991|
566016|
566017|
566018|
566019|
566020|
566021|
566022|
566023|
566048|
566049|
566050|
566051|
566052|
566053|
566054|
566055|
566080|
566081|
566082|
566083|
566084|
566085|
566086|
566087|
566112|
566113|
566114|
566115|
566116|
566117|
566118|
566119|
566144|
566145|
566146|
566147|
566148|
566149|
566150|
566151|
566176|
566177|
566178|
566179|
566180|
566181|
566182|
566183|
566208|
566209|
566210|
566211|
566212|
566213|
566214|
566215|
566240|
566241|
566242|
566243|
566244|
566245|
566246|
566247|
566272|
566273|
566274|
566275|
566276|
566277|
566278|
566279|
566304|
566305|
566306|
566307|
566308|
566309|
566310|
566311|
566336|
566337|
566338|
566339|
566340|
566341|
566342|
566343|
566368|
566369|
566370|
566371|
566372|
566373|
566374|
566375|
566400|
566401|
566402|
566403|
566404|
566405|
566406|
566407|
566432|
566433|
566434|
566435|
566436|
566437|
566438|
566439|
566464|
566465|
566466|
566467|
566468|
566469|
566470|
566471|
566496|
566497|
566498|
566499|
566500|
566501|
566502|
566503|
566528|
566529|
566530|
566531|
566532|
566533|
566534|
566535|
566560|
566561|
566562|
566563|
566564|
566565|
566566|
566567|
566592|
566593|
566594|
566595|
566596|
566597|
566598|
566599|
566624|
566625|
566626|
566627|
566628|
566629|
566630|
566631|
566656|
566657|
566658|
566659|
566660|
566661|
566662|
566663|
566688|
566689|
566690|
566691|
566692|
566693|
566694|
566695|
566720|
566721|
566722|
566723|
566724|
566725|
566726|
566727|
566752|
566753|
566754|
566755|
566756|
566757|
566758|
566759|
566784|
566785|
566786|
566787|
566788|
566789|
566790|
566791|
566816|
566817|
566818|
566819|
566820|
566821|
566822|
566823|
566848|
566849|
566850|
566851|
566852|
566853|
566854|
566855|
566880|
566881|
566882|
566883|
566884|
566885|
566886|
566887|
566912|
566913|
566914|
566915|
566916|
566917|
566918|
566919|
566944|
566945|
566946|
566947|
566948|
566949|
566950|
566951|
566976|
566977|
566978|
566979|
566980|
566981|
566982|
566983|
567008|
567009|
567010|
567011|
567012|
567013|
567014|
567015|
567040|
567041|
567042|
567043|
567044|
567045|
567046|
567047|
567072|
567073|
567074|
567075|
567076|
567077|
567078|
567079|
567104|
567105|
567106|
567107|
567108|
567109|
567110|
567111|
567136|
567137|
567138|
567139|
567140|
567141|
567142|
567143|
567168|
567169|
567170|
567171|
567172|
567173|
567174|
567175|
567200|
567201|
567202|
567203|
567204|
567205|
567206|
567207|
567232|
567233|
567234|
567235|
567236|
567237|
567238|
567239|
567264|
567265|
567266|
567267|
567268|
567269|
567270|
567271|
567296|
567297|
567298|
567299|
567300|
567301|
567302|
567303|
567328|
567329|
567330|
567331|
567332|
567333|
567334|
567335|
567360|
567361|
567362|
567363|
567364|
567365|
567366|
567367|
567392|
567393|
567394|
567395|
567396|
567397|
567398|
567399|
567424|
567425|
567426|
567427|
567428|
567429|
567430|
567431|
567456|
567457|
567458|
567459|
567460|
567461|
567462|
567463|
567488|
567489|
567490|
567491|
567492|
567493|
567494|
567495|
567520|
567521|
567522|
567523|
567524|
567525|
567526|
567527|
567552|
567553|
567554|
567555|
567556|
567557|
567558|
567559|
567584|
567585|
567586|
567587|
567588|
567589|
567590|
567591|
567616|
567617|
567618|
567619|
567620|
567621|
567622|
567623|
567648|
567649|
567650|
567651|
567652|
567653|
567654|
567655|
567680|
567681|
567682|
567683|
567684|
567685|
567686|
567687|
567712|
567713|
567714|
567715|
567716|
567717|
567718|
567719|
567744|
567745|
567746|
567747|
567748|
567749|
567750|
567751|
567776|
567777|
567778|
567779|
567780|
567781|
567782|
567783|
567808|
567809|
567810|
567811|
567812|
567813|
567814|
567815|
567840|
567841|
567842|
567843|
567844|
567845|
567846|
567847|
567872|
567873|
567874|
567875|
567876|
567877|
567878|
567879|
567904|
567905|
567906|
567907|
567908|
567909|
567910|
567911|
567936|
567937|
567938|
567939|
567940|
567941|
567942|
567943|
567968|
567969|
567970|
567971|
567972|
567973|
567974|
567975|
568000|
568001|
568002|
568003|
568004|
568005|
568006|
568007|
568032|
568033|
568034|
568035|
568036|
568037|
568038|
568039|
568064|
568065|
568066|
568067|
568068|
568069|
568070|
568071|
568096|
568097|
568098|
568099|
568100|
568101|
568102|
568103|
568128|
568129|
568130|
568131|
568132|
568133|
568134|
568135|
568160|
568161|
568162|
568163|
568164|
568165|
568166|
568167|
568192|
568193|
568194|
568195|
568196|
568197|
568198|
568199|
568224|
568225|
568226|
568227|
568228|
568229|
568230|
568231|
568256|
568257|
568258|
568259|
568260|
568261|
568262|
568263|
568288|
568289|
568290|
568291|
568292|
568293|
568294|
568295|
568320|
568321|
568322|
568323|
568324|
568325|
568326|
568327|
568352|
568353|
568354|
568355|
568356|
568357|
568358|
568359|
568384|
568385|
568386|
568387|
568388|
568389|
568390|
568391|
568416|
568417|
568418|
568419|
568420|
568421|
568422|
568423|
568448|
568449|
568450|
568451|
568452|
568453|
568454|
568455|
568480|
568481|
568482|
568483|
568484|
568485|
568486|
568487|
568512|
568513|
568514|
568515|
568516|
568517|
568518|
568519|
568544|
568545|
568546|
568547|
568548|
568549|
568550|
568551|
568576|
568577|
568578|
568579|
568580|
568581|
568582|
568583|
568608|
568609|
568610|
568611|
568612|
568613|
568614|
568615|
568640|
568641|
568642|
568643|
568644|
568645|
568646|
568647|
568672|
568673|
568674|
568675|
568676|
568677|
568678|
568679|
568704|
568705|
568706|
568707|
568708|
568709|
568710|
568711|
568736|
568737|
568738|
568739|
568740|
568741|
568742|
568743|
568768|
568769|
568770|
568771|
568772|
568773|
568774|
568775|
568800|
568801|
568802|
568803|
568804|
568805|
568806|
568807|
568832|
568833|
568834|
568835|
568836|
568837|
568838|
568839|
568864|
568865|
568866|
568867|
568868|
568869|
568870|
568871|
568896|
568897|
568898|
568899|
568900|
568901|
568902|
568903|
568928|
568929|
568930|
568931|
568932|
568933|
568934|
568935|
568960|
568961|
568962|
568963|
568964|
568965|
568966|
568967|
568992|
568993|
568994|
568995|
568996|
568997|
568998|
568999|
569024|
569025|
569026|
569027|
569028|
569029|
569030|
569031|
569056|
569057|
569058|
569059|
569060|
569061|
569062|
569063|
569088|
569089|
569090|
569091|
569092|
569093|
569094|
569095|
569120|
569121|
569122|
569123|
569124|
569125|
569126|
569127|
569152|
569153|
569154|
569155|
569156|
569157|
569158|
569159|
569184|
569185|
569186|
569187|
569188|
569189|
569190|
569191|
569216|
569217|
569218|
569219|
569220|
569221|
569222|
569223|
569248|
569249|
569250|
569251|
569252|
569253|
569254|
569255|
569280|
569281|
569282|
569283|
569284|
569285|
569286|
569287|
569312|
569313|
569314|
569315|
569316|
569317|
569318|
569319|
569344|
569345|
569346|
569347|
569348|
569349|
569350|
569351|
569376|
569377|
569378|
569379|
569380|
569381|
569382|
569383|
569408|
569409|
569410|
569411|
569412|
569413|
569414|
569415|
569440|
569441|
569442|
569443|
569444|
569445|
569446|
569447|
569472|
569473|
569474|
569475|
569476|
569477|
569478|
569479|
569504|
569505|
569506|
569507|
569508|
569509|
569510|
569511|
569536|
569537|
569538|
569539|
569540|
569541|
569542|
569543|
569568|
569569|
569570|
569571|
569572|
569573|
569574|
569575|
569600|
569601|
569602|
569603|
569604|
569605|
569606|
569607|
569632|
569633|
569634|
569635|
569636|
569637|
569638|
569639|
569664|
569665|
569666|
569667|
569668|
569669|
569670|
569671|
569696|
569697|
569698|
569699|
569700|
569701|
569702|
569703|
569728|
569729|
569730|
569731|
569732|
569733|
569734|
569735|
569760|
569761|
569762|
569763|
569764|
569765|
569766|
569767|
569792|
569793|
569794|
569795|
569796|
569797|
569798|
569799|
569824|
569825|
569826|
569827|
569828|
569829|
569830|
569831|
569856|
569857|
569858|
569859|
569860|
569861|
569862|
569863|
569888|
569889|
569890|
569891|
569892|
569893|
569894|
569895|
569920|
569921|
569922|
569923|
569924|
569925|
569926|
569927|
569952|
569953|
569954|
569955|
569956|
569957|
569958|
569959|
569984|
569985|
569986|
569987|
569988|
