1380001|
1380002|
1380003|
1380004|
1380005|
1380006|
1380007|
1380032|
1380033|
1380034|
1380035|
1380036|
1380037|
1380038|
1380039|
1380064|
1380065|
1380066|
1380067|
1380068|
1380069|
1380070|
1380071|
1380096|
1380097|
1380098|
1380099|
1380100|
1380101|
1380102|
1380103|
1380128|
1380129|
1380130|
1380131|
1380132|
1380133|
1380134|
1380135|
1380160|
1380161|
1380162|
1380163|
1380164|
1380165|
1380166|
1380167|
1380192|
1380193|
1380194|
1380195|
1380196|
1380197|
1380198|
1380199|
1380224|
1380225|
1380226|
1380227|
1380228|
1380229|
1380230|
1380231|
1380256|
1380257|
1380258|
1380259|
1380260|
1380261|
1380262|
1380263|
1380288|
1380289|
1380290|
1380291|
1380292|
1380293|
1380294|
1380295|
1380320|
1380321|
1380322|
1380323|
1380324|
1380325|
1380326|
1380327|
1380352|
1380353|
1380354|
1380355|
1380356|
1380357|
1380358|
1380359|
1380384|
1380385|
1380386|
1380387|
1380388|
1380389|
1380390|
1380391|
1380416|
1380417|
1380418|
1380419|
1380420|
1380421|
1380422|
1380423|
1380448|
1380449|
1380450|
1380451|
1380452|
1380453|
1380454|
1380455|
1380480|
1380481|
1380482|
1380483|
1380484|
1380485|
1380486|
1380487|
1380512|
1380513|
1380514|
1380515|
1380516|
1380517|
1380518|
1380519|
1380544|
1380545|
1380546|
1380547|
1380548|
1380549|
1380550|
1380551|
1380576|
1380577|
1380578|
1380579|
1380580|
1380581|
1380582|
1380583|
1380608|
1380609|
1380610|
1380611|
1380612|
1380613|
1380614|
1380615|
1380640|
1380641|
1380642|
1380643|
1380644|
1380645|
1380646|
1380647|
1380672|
1380673|
1380674|
1380675|
1380676|
1380677|
1380678|
1380679|
1380704|
1380705|
1380706|
1380707|
1380708|
1380709|
1380710|
1380711|
1380736|
1380737|
1380738|
1380739|
1380740|
1380741|
1380742|
1380743|
1380768|
1380769|
1380770|
1380771|
1380772|
1380773|
1380774|
1380775|
1380800|
1380801|
1380802|
1380803|
1380804|
1380805|
1380806|
1380807|
1380832|
1380833|
1380834|
1380835|
1380836|
1380837|
1380838|
1380839|
1380864|
1380865|
1380866|
1380867|
1380868|
1380869|
1380870|
1380871|
1380896|
1380897|
1380898|
1380899|
1380900|
1380901|
1380902|
1380903|
1380928|
1380929|
1380930|
1380931|
1380932|
1380933|
1380934|
1380935|
1380960|
1380961|
1380962|
1380963|
1380964|
1380965|
1380966|
1380967|
1380992|
1380993|
1380994|
1380995|
1380996|
1380997|
1380998|
1380999|
1381024|
1381025|
1381026|
1381027|
1381028|
1381029|
1381030|
1381031|
1381056|
1381057|
1381058|
1381059|
1381060|
1381061|
1381062|
1381063|
1381088|
1381089|
1381090|
1381091|
1381092|
1381093|
1381094|
1381095|
1381120|
1381121|
1381122|
1381123|
1381124|
1381125|
1381126|
1381127|
1381152|
1381153|
1381154|
1381155|
1381156|
1381157|
1381158|
1381159|
1381184|
1381185|
1381186|
1381187|
1381188|
1381189|
1381190|
1381191|
1381216|
1381217|
1381218|
1381219|
1381220|
1381221|
1381222|
1381223|
1381248|
1381249|
1381250|
1381251|
1381252|
1381253|
1381254|
1381255|
1381280|
1381281|
1381282|
1381283|
1381284|
1381285|
1381286|
1381287|
1381312|
1381313|
1381314|
1381315|
1381316|
1381317|
1381318|
1381319|
1381344|
1381345|
1381346|
1381347|
1381348|
1381349|
1381350|
1381351|
1381376|
1381377|
1381378|
1381379|
1381380|
1381381|
1381382|
1381383|
1381408|
1381409|
1381410|
1381411|
1381412|
1381413|
1381414|
1381415|
1381440|
1381441|
1381442|
1381443|
1381444|
1381445|
1381446|
1381447|
1381472|
1381473|
1381474|
1381475|
1381476|
1381477|
1381478|
1381479|
1381504|
1381505|
1381506|
1381507|
1381508|
1381509|
1381510|
1381511|
1381536|
1381537|
1381538|
1381539|
1381540|
1381541|
1381542|
1381543|
1381568|
1381569|
1381570|
1381571|
1381572|
1381573|
1381574|
1381575|
1381600|
1381601|
1381602|
1381603|
1381604|
1381605|
1381606|
1381607|
1381632|
1381633|
1381634|
1381635|
1381636|
1381637|
1381638|
1381639|
1381664|
1381665|
1381666|
1381667|
1381668|
1381669|
1381670|
1381671|
1381696|
1381697|
1381698|
1381699|
1381700|
1381701|
1381702|
1381703|
1381728|
1381729|
1381730|
1381731|
1381732|
1381733|
1381734|
1381735|
1381760|
1381761|
1381762|
1381763|
1381764|
1381765|
1381766|
1381767|
1381792|
1381793|
1381794|
1381795|
1381796|
1381797|
1381798|
1381799|
1381824|
1381825|
1381826|
1381827|
1381828|
1381829|
1381830|
1381831|
1381856|
1381857|
1381858|
1381859|
1381860|
1381861|
1381862|
1381863|
1381888|
1381889|
1381890|
1381891|
1381892|
1381893|
1381894|
1381895|
1381920|
1381921|
1381922|
1381923|
1381924|
1381925|
1381926|
1381927|
1381952|
1381953|
1381954|
1381955|
1381956|
1381957|
1381958|
1381959|
1381984|
1381985|
1381986|
1381987|
1381988|
1381989|
1381990|
1381991|
1382016|
1382017|
1382018|
1382019|
1382020|
1382021|
1382022|
1382023|
1382048|
1382049|
1382050|
1382051|
1382052|
1382053|
1382054|
1382055|
1382080|
1382081|
1382082|
1382083|
1382084|
1382085|
1382086|
1382087|
1382112|
1382113|
1382114|
1382115|
1382116|
1382117|
1382118|
1382119|
1382144|
1382145|
1382146|
1382147|
1382148|
1382149|
1382150|
1382151|
1382176|
1382177|
1382178|
1382179|
1382180|
1382181|
1382182|
1382183|
1382208|
1382209|
1382210|
1382211|
1382212|
1382213|
1382214|
1382215|
1382240|
1382241|
1382242|
1382243|
1382244|
1382245|
1382246|
1382247|
1382272|
1382273|
1382274|
1382275|
1382276|
1382277|
1382278|
1382279|
1382304|
1382305|
1382306|
1382307|
1382308|
1382309|
1382310|
1382311|
1382336|
1382337|
1382338|
1382339|
1382340|
1382341|
1382342|
1382343|
1382368|
1382369|
1382370|
1382371|
1382372|
1382373|
1382374|
1382375|
1382400|
1382401|
1382402|
1382403|
1382404|
1382405|
1382406|
1382407|
1382432|
1382433|
1382434|
1382435|
1382436|
1382437|
1382438|
1382439|
1382464|
1382465|
1382466|
1382467|
1382468|
1382469|
1382470|
1382471|
1382496|
1382497|
1382498|
1382499|
1382500|
1382501|
1382502|
1382503|
1382528|
1382529|
1382530|
1382531|
1382532|
1382533|
1382534|
1382535|
1382560|
1382561|
1382562|
1382563|
1382564|
1382565|
1382566|
1382567|
1382592|
1382593|
1382594|
1382595|
1382596|
1382597|
1382598|
1382599|
1382624|
1382625|
1382626|
1382627|
1382628|
1382629|
1382630|
1382631|
1382656|
1382657|
1382658|
1382659|
1382660|
1382661|
1382662|
1382663|
1382688|
1382689|
1382690|
1382691|
1382692|
1382693|
1382694|
1382695|
1382720|
1382721|
1382722|
1382723|
1382724|
1382725|
1382726|
1382727|
1382752|
1382753|
1382754|
1382755|
1382756|
1382757|
1382758|
1382759|
1382784|
1382785|
1382786|
1382787|
1382788|
1382789|
1382790|
1382791|
1382816|
1382817|
1382818|
1382819|
1382820|
1382821|
1382822|
1382823|
1382848|
1382849|
1382850|
1382851|
1382852|
1382853|
1382854|
1382855|
1382880|
1382881|
1382882|
1382883|
1382884|
1382885|
1382886|
1382887|
1382912|
1382913|
1382914|
1382915|
1382916|
1382917|
1382918|
1382919|
1382944|
1382945|
1382946|
1382947|
1382948|
1382949|
1382950|
1382951|
1382976|
1382977|
1382978|
1382979|
1382980|
1382981|
1382982|
1382983|
1383008|
1383009|
1383010|
1383011|
1383012|
1383013|
1383014|
1383015|
1383040|
1383041|
1383042|
1383043|
1383044|
1383045|
1383046|
1383047|
1383072|
1383073|
1383074|
1383075|
1383076|
1383077|
1383078|
1383079|
1383104|
1383105|
1383106|
1383107|
1383108|
1383109|
1383110|
1383111|
1383136|
1383137|
1383138|
1383139|
1383140|
1383141|
1383142|
1383143|
1383168|
1383169|
1383170|
1383171|
1383172|
1383173|
1383174|
1383175|
1383200|
1383201|
1383202|
1383203|
1383204|
1383205|
1383206|
1383207|
1383232|
1383233|
1383234|
1383235|
1383236|
1383237|
1383238|
1383239|
1383264|
1383265|
1383266|
1383267|
1383268|
1383269|
1383270|
1383271|
1383296|
1383297|
1383298|
1383299|
1383300|
1383301|
1383302|
1383303|
1383328|
1383329|
1383330|
1383331|
1383332|
1383333|
1383334|
1383335|
1383360|
1383361|
1383362|
1383363|
1383364|
1383365|
1383366|
1383367|
1383392|
1383393|
1383394|
1383395|
1383396|
1383397|
1383398|
1383399|
1383424|
1383425|
1383426|
1383427|
1383428|
1383429|
1383430|
1383431|
1383456|
1383457|
1383458|
1383459|
1383460|
1383461|
1383462|
1383463|
1383488|
1383489|
1383490|
1383491|
1383492|
1383493|
1383494|
1383495|
1383520|
1383521|
1383522|
1383523|
1383524|
1383525|
1383526|
1383527|
1383552|
1383553|
1383554|
1383555|
1383556|
1383557|
1383558|
1383559|
1383584|
1383585|
1383586|
1383587|
1383588|
1383589|
1383590|
1383591|
1383616|
1383617|
1383618|
1383619|
1383620|
1383621|
1383622|
1383623|
1383648|
1383649|
1383650|
1383651|
1383652|
1383653|
1383654|
1383655|
1383680|
1383681|
1383682|
1383683|
1383684|
1383685|
1383686|
1383687|
1383712|
1383713|
1383714|
1383715|
1383716|
1383717|
1383718|
1383719|
1383744|
1383745|
1383746|
1383747|
1383748|
1383749|
1383750|
1383751|
1383776|
1383777|
1383778|
1383779|
1383780|
1383781|
1383782|
1383783|
1383808|
1383809|
1383810|
1383811|
1383812|
1383813|
1383814|
1383815|
1383840|
1383841|
1383842|
1383843|
1383844|
1383845|
1383846|
1383847|
1383872|
1383873|
1383874|
1383875|
1383876|
1383877|
1383878|
1383879|
1383904|
1383905|
1383906|
1383907|
1383908|
1383909|
1383910|
1383911|
1383936|
1383937|
1383938|
1383939|
1383940|
1383941|
1383942|
1383943|
1383968|
1383969|
1383970|
1383971|
1383972|
1383973|
1383974|
1383975|
1384000|
1384001|
1384002|
1384003|
1384004|
1384005|
1384006|
1384007|
1384032|
1384033|
1384034|
1384035|
1384036|
1384037|
1384038|
1384039|
1384064|
1384065|
1384066|
1384067|
1384068|
1384069|
1384070|
1384071|
1384096|
1384097|
1384098|
1384099|
1384100|
1384101|
1384102|
1384103|
1384128|
1384129|
1384130|
1384131|
1384132|
1384133|
1384134|
1384135|
1384160|
1384161|
1384162|
1384163|
1384164|
1384165|
1384166|
1384167|
1384192|
1384193|
1384194|
1384195|
1384196|
1384197|
1384198|
1384199|
1384224|
1384225|
1384226|
1384227|
1384228|
1384229|
1384230|
1384231|
1384256|
1384257|
1384258|
1384259|
1384260|
1384261|
1384262|
1384263|
1384288|
1384289|
1384290|
1384291|
1384292|
1384293|
1384294|
1384295|
1384320|
1384321|
1384322|
1384323|
1384324|
1384325|
1384326|
1384327|
1384352|
1384353|
1384354|
1384355|
1384356|
1384357|
1384358|
1384359|
1384384|
1384385|
1384386|
1384387|
1384388|
1384389|
1384390|
1384391|
1384416|
1384417|
1384418|
1384419|
1384420|
1384421|
1384422|
1384423|
1384448|
1384449|
1384450|
1384451|
1384452|
1384453|
1384454|
1384455|
1384480|
1384481|
1384482|
1384483|
1384484|
1384485|
1384486|
1384487|
1384512|
1384513|
1384514|
1384515|
1384516|
1384517|
1384518|
1384519|
1384544|
1384545|
1384546|
1384547|
1384548|
1384549|
1384550|
1384551|
1384576|
1384577|
1384578|
1384579|
1384580|
1384581|
1384582|
1384583|
1384608|
1384609|
1384610|
1384611|
1384612|
1384613|
1384614|
1384615|
1384640|
1384641|
1384642|
1384643|
1384644|
1384645|
1384646|
1384647|
1384672|
1384673|
1384674|
1384675|
1384676|
1384677|
1384678|
1384679|
1384704|
1384705|
1384706|
1384707|
1384708|
1384709|
1384710|
1384711|
1384736|
1384737|
1384738|
1384739|
1384740|
1384741|
1384742|
1384743|
1384768|
1384769|
1384770|
1384771|
1384772|
1384773|
1384774|
1384775|
1384800|
1384801|
1384802|
1384803|
1384804|
1384805|
1384806|
1384807|
1384832|
1384833|
1384834|
1384835|
1384836|
1384837|
1384838|
1384839|
1384864|
1384865|
1384866|
1384867|
1384868|
1384869|
1384870|
1384871|
1384896|
1384897|
1384898|
1384899|
1384900|
1384901|
1384902|
1384903|
1384928|
1384929|
1384930|
1384931|
1384932|
1384933|
1384934|
1384935|
1384960|
1384961|
1384962|
1384963|
1384964|
1384965|
1384966|
1384967|
1384992|
1384993|
1384994|
1384995|
1384996|
1384997|
1384998|
1384999|
1385024|
1385025|
1385026|
1385027|
1385028|
1385029|
1385030|
1385031|
1385056|
1385057|
1385058|
1385059|
1385060|
1385061|
1385062|
1385063|
1385088|
1385089|
1385090|
1385091|
1385092|
1385093|
1385094|
1385095|
1385120|
1385121|
1385122|
1385123|
1385124|
1385125|
1385126|
1385127|
1385152|
1385153|
1385154|
1385155|
1385156|
1385157|
1385158|
1385159|
1385184|
1385185|
1385186|
1385187|
1385188|
1385189|
1385190|
1385191|
1385216|
1385217|
1385218|
1385219|
1385220|
1385221|
1385222|
1385223|
1385248|
1385249|
1385250|
1385251|
1385252|
1385253|
1385254|
1385255|
1385280|
1385281|
1385282|
1385283|
1385284|
1385285|
1385286|
1385287|
1385312|
1385313|
1385314|
1385315|
1385316|
1385317|
1385318|
1385319|
1385344|
1385345|
1385346|
1385347|
1385348|
1385349|
1385350|
1385351|
1385376|
1385377|
1385378|
1385379|
1385380|
1385381|
1385382|
1385383|
1385408|
1385409|
1385410|
1385411|
1385412|
1385413|
1385414|
1385415|
1385440|
1385441|
1385442|
1385443|
1385444|
1385445|
1385446|
1385447|
1385472|
1385473|
1385474|
1385475|
1385476|
1385477|
1385478|
1385479|
1385504|
1385505|
1385506|
1385507|
1385508|
1385509|
1385510|
1385511|
1385536|
1385537|
1385538|
1385539|
1385540|
1385541|
1385542|
1385543|
1385568|
1385569|
1385570|
1385571|
1385572|
1385573|
1385574|
1385575|
1385600|
1385601|
1385602|
1385603|
1385604|
1385605|
1385606|
1385607|
1385632|
1385633|
1385634|
1385635|
1385636|
1385637|
1385638|
1385639|
1385664|
1385665|
1385666|
1385667|
1385668|
1385669|
1385670|
1385671|
1385696|
1385697|
1385698|
1385699|
1385700|
1385701|
1385702|
1385703|
1385728|
1385729|
1385730|
1385731|
1385732|
1385733|
1385734|
1385735|
1385760|
1385761|
1385762|
1385763|
1385764|
1385765|
1385766|
1385767|
1385792|
1385793|
1385794|
1385795|
1385796|
1385797|
1385798|
1385799|
1385824|
1385825|
1385826|
1385827|
1385828|
1385829|
1385830|
1385831|
1385856|
1385857|
1385858|
1385859|
1385860|
1385861|
1385862|
1385863|
1385888|
1385889|
1385890|
1385891|
1385892|
1385893|
1385894|
1385895|
1385920|
1385921|
1385922|
1385923|
1385924|
1385925|
1385926|
1385927|
1385952|
1385953|
1385954|
1385955|
1385956|
1385957|
1385958|
1385959|
1385984|
1385985|
1385986|
1385987|
1385988|
