1284001|
1284002|
1284003|
1284004|
1284005|
1284006|
1284007|
1284032|
1284033|
1284034|
1284035|
1284036|
1284037|
1284038|
1284039|
1284064|
1284065|
1284066|
1284067|
1284068|
1284069|
1284070|
1284071|
1284096|
1284097|
1284098|
1284099|
1284100|
1284101|
1284102|
1284103|
1284128|
1284129|
1284130|
1284131|
1284132|
1284133|
1284134|
1284135|
1284160|
1284161|
1284162|
1284163|
1284164|
1284165|
1284166|
1284167|
1284192|
1284193|
1284194|
1284195|
1284196|
1284197|
1284198|
1284199|
1284224|
1284225|
1284226|
1284227|
1284228|
1284229|
1284230|
1284231|
1284256|
1284257|
1284258|
1284259|
1284260|
1284261|
1284262|
1284263|
1284288|
1284289|
1284290|
1284291|
1284292|
1284293|
1284294|
1284295|
1284320|
1284321|
1284322|
1284323|
1284324|
1284325|
1284326|
1284327|
1284352|
1284353|
1284354|
1284355|
1284356|
1284357|
1284358|
1284359|
1284384|
1284385|
1284386|
1284387|
1284388|
1284389|
1284390|
1284391|
1284416|
1284417|
1284418|
1284419|
1284420|
1284421|
1284422|
1284423|
1284448|
1284449|
1284450|
1284451|
1284452|
1284453|
1284454|
1284455|
1284480|
1284481|
1284482|
1284483|
1284484|
1284485|
1284486|
1284487|
1284512|
1284513|
1284514|
1284515|
1284516|
1284517|
1284518|
1284519|
1284544|
1284545|
1284546|
1284547|
1284548|
1284549|
1284550|
1284551|
1284576|
1284577|
1284578|
1284579|
1284580|
1284581|
1284582|
1284583|
1284608|
1284609|
1284610|
1284611|
1284612|
1284613|
1284614|
1284615|
1284640|
1284641|
1284642|
1284643|
1284644|
1284645|
1284646|
1284647|
1284672|
1284673|
1284674|
1284675|
1284676|
1284677|
1284678|
1284679|
1284704|
1284705|
1284706|
1284707|
1284708|
1284709|
1284710|
1284711|
1284736|
1284737|
1284738|
1284739|
1284740|
1284741|
1284742|
1284743|
1284768|
1284769|
1284770|
1284771|
1284772|
1284773|
1284774|
1284775|
1284800|
1284801|
1284802|
1284803|
1284804|
1284805|
1284806|
1284807|
1284832|
1284833|
1284834|
1284835|
1284836|
1284837|
1284838|
1284839|
1284864|
1284865|
1284866|
1284867|
1284868|
1284869|
1284870|
1284871|
1284896|
1284897|
1284898|
1284899|
1284900|
1284901|
1284902|
1284903|
1284928|
1284929|
1284930|
1284931|
1284932|
1284933|
1284934|
1284935|
1284960|
1284961|
1284962|
1284963|
1284964|
1284965|
1284966|
1284967|
1284992|
1284993|
1284994|
1284995|
1284996|
1284997|
1284998|
1284999|
1285024|
1285025|
1285026|
1285027|
1285028|
1285029|
1285030|
1285031|
1285056|
1285057|
1285058|
1285059|
1285060|
1285061|
1285062|
1285063|
1285088|
1285089|
1285090|
1285091|
1285092|
1285093|
1285094|
1285095|
1285120|
1285121|
1285122|
1285123|
1285124|
1285125|
1285126|
1285127|
1285152|
1285153|
1285154|
1285155|
1285156|
1285157|
1285158|
1285159|
1285184|
1285185|
1285186|
1285187|
1285188|
1285189|
1285190|
1285191|
1285216|
1285217|
1285218|
1285219|
1285220|
1285221|
1285222|
1285223|
1285248|
1285249|
1285250|
1285251|
1285252|
1285253|
1285254|
1285255|
1285280|
1285281|
1285282|
1285283|
1285284|
1285285|
1285286|
1285287|
1285312|
1285313|
1285314|
1285315|
1285316|
1285317|
1285318|
1285319|
1285344|
1285345|
1285346|
1285347|
1285348|
1285349|
1285350|
1285351|
1285376|
1285377|
1285378|
1285379|
1285380|
1285381|
1285382|
1285383|
1285408|
1285409|
1285410|
1285411|
1285412|
1285413|
1285414|
1285415|
1285440|
1285441|
1285442|
1285443|
1285444|
1285445|
1285446|
1285447|
1285472|
1285473|
1285474|
1285475|
1285476|
1285477|
1285478|
1285479|
1285504|
1285505|
1285506|
1285507|
1285508|
1285509|
1285510|
1285511|
1285536|
1285537|
1285538|
1285539|
1285540|
1285541|
1285542|
1285543|
1285568|
1285569|
1285570|
1285571|
1285572|
1285573|
1285574|
1285575|
1285600|
1285601|
1285602|
1285603|
1285604|
1285605|
1285606|
1285607|
1285632|
1285633|
1285634|
1285635|
1285636|
1285637|
1285638|
1285639|
1285664|
1285665|
1285666|
1285667|
1285668|
1285669|
1285670|
1285671|
1285696|
1285697|
1285698|
1285699|
1285700|
1285701|
1285702|
1285703|
1285728|
1285729|
1285730|
1285731|
1285732|
1285733|
1285734|
1285735|
1285760|
1285761|
1285762|
1285763|
1285764|
1285765|
1285766|
1285767|
1285792|
1285793|
1285794|
1285795|
1285796|
1285797|
1285798|
1285799|
1285824|
1285825|
1285826|
1285827|
1285828|
1285829|
1285830|
1285831|
1285856|
1285857|
1285858|
1285859|
1285860|
1285861|
1285862|
1285863|
1285888|
1285889|
1285890|
1285891|
1285892|
1285893|
1285894|
1285895|
1285920|
1285921|
1285922|
1285923|
1285924|
1285925|
1285926|
1285927|
1285952|
1285953|
1285954|
1285955|
1285956|
1285957|
1285958|
1285959|
1285984|
1285985|
1285986|
1285987|
1285988|
1285989|
1285990|
1285991|
1286016|
1286017|
1286018|
1286019|
1286020|
1286021|
1286022|
1286023|
1286048|
1286049|
1286050|
1286051|
1286052|
1286053|
1286054|
1286055|
1286080|
1286081|
1286082|
1286083|
1286084|
1286085|
1286086|
1286087|
1286112|
1286113|
1286114|
1286115|
1286116|
1286117|
1286118|
1286119|
1286144|
1286145|
1286146|
1286147|
1286148|
1286149|
1286150|
1286151|
1286176|
1286177|
1286178|
1286179|
1286180|
1286181|
1286182|
1286183|
1286208|
1286209|
1286210|
1286211|
1286212|
1286213|
1286214|
1286215|
1286240|
1286241|
1286242|
1286243|
1286244|
1286245|
1286246|
1286247|
1286272|
1286273|
1286274|
1286275|
1286276|
1286277|
1286278|
1286279|
1286304|
1286305|
1286306|
1286307|
1286308|
1286309|
1286310|
1286311|
1286336|
1286337|
1286338|
1286339|
1286340|
1286341|
1286342|
1286343|
1286368|
1286369|
1286370|
1286371|
1286372|
1286373|
1286374|
1286375|
1286400|
1286401|
1286402|
1286403|
1286404|
1286405|
1286406|
1286407|
1286432|
1286433|
1286434|
1286435|
1286436|
1286437|
1286438|
1286439|
1286464|
1286465|
1286466|
1286467|
1286468|
1286469|
1286470|
1286471|
1286496|
1286497|
1286498|
1286499|
1286500|
1286501|
1286502|
1286503|
1286528|
1286529|
1286530|
1286531|
1286532|
1286533|
1286534|
1286535|
1286560|
1286561|
1286562|
1286563|
1286564|
1286565|
1286566|
1286567|
1286592|
1286593|
1286594|
1286595|
1286596|
1286597|
1286598|
1286599|
1286624|
1286625|
1286626|
1286627|
1286628|
1286629|
1286630|
1286631|
1286656|
1286657|
1286658|
1286659|
1286660|
1286661|
1286662|
1286663|
1286688|
1286689|
1286690|
1286691|
1286692|
1286693|
1286694|
1286695|
1286720|
1286721|
1286722|
1286723|
1286724|
1286725|
1286726|
1286727|
1286752|
1286753|
1286754|
1286755|
1286756|
1286757|
1286758|
1286759|
1286784|
1286785|
1286786|
1286787|
1286788|
1286789|
1286790|
1286791|
1286816|
1286817|
1286818|
1286819|
1286820|
1286821|
1286822|
1286823|
1286848|
1286849|
1286850|
1286851|
1286852|
1286853|
1286854|
1286855|
1286880|
1286881|
1286882|
1286883|
1286884|
1286885|
1286886|
1286887|
1286912|
1286913|
1286914|
1286915|
1286916|
1286917|
1286918|
1286919|
1286944|
1286945|
1286946|
1286947|
1286948|
1286949|
1286950|
1286951|
1286976|
1286977|
1286978|
1286979|
1286980|
1286981|
1286982|
1286983|
1287008|
1287009|
1287010|
1287011|
1287012|
1287013|
1287014|
1287015|
1287040|
1287041|
1287042|
1287043|
1287044|
1287045|
1287046|
1287047|
1287072|
1287073|
1287074|
1287075|
1287076|
1287077|
1287078|
1287079|
1287104|
1287105|
1287106|
1287107|
1287108|
1287109|
1287110|
1287111|
1287136|
1287137|
1287138|
1287139|
1287140|
1287141|
1287142|
1287143|
1287168|
1287169|
1287170|
1287171|
1287172|
1287173|
1287174|
1287175|
1287200|
1287201|
1287202|
1287203|
1287204|
1287205|
1287206|
1287207|
1287232|
1287233|
1287234|
1287235|
1287236|
1287237|
1287238|
1287239|
1287264|
1287265|
1287266|
1287267|
1287268|
1287269|
1287270|
1287271|
1287296|
1287297|
1287298|
1287299|
1287300|
1287301|
1287302|
1287303|
1287328|
1287329|
1287330|
1287331|
1287332|
1287333|
1287334|
1287335|
1287360|
1287361|
1287362|
1287363|
1287364|
1287365|
1287366|
1287367|
1287392|
1287393|
1287394|
1287395|
1287396|
1287397|
1287398|
1287399|
1287424|
1287425|
1287426|
1287427|
1287428|
1287429|
1287430|
1287431|
1287456|
1287457|
1287458|
1287459|
1287460|
1287461|
1287462|
1287463|
1287488|
1287489|
1287490|
1287491|
1287492|
1287493|
1287494|
1287495|
1287520|
1287521|
1287522|
1287523|
1287524|
1287525|
1287526|
1287527|
1287552|
1287553|
1287554|
1287555|
1287556|
1287557|
1287558|
1287559|
1287584|
1287585|
1287586|
1287587|
1287588|
1287589|
1287590|
1287591|
1287616|
1287617|
1287618|
1287619|
1287620|
1287621|
1287622|
1287623|
1287648|
1287649|
1287650|
1287651|
1287652|
1287653|
1287654|
1287655|
1287680|
1287681|
1287682|
1287683|
1287684|
1287685|
1287686|
1287687|
1287712|
1287713|
1287714|
1287715|
1287716|
1287717|
1287718|
1287719|
1287744|
1287745|
1287746|
1287747|
1287748|
1287749|
1287750|
1287751|
1287776|
1287777|
1287778|
1287779|
1287780|
1287781|
1287782|
1287783|
1287808|
1287809|
1287810|
1287811|
1287812|
1287813|
1287814|
1287815|
1287840|
1287841|
1287842|
1287843|
1287844|
1287845|
1287846|
1287847|
1287872|
1287873|
1287874|
1287875|
1287876|
1287877|
1287878|
1287879|
1287904|
1287905|
1287906|
1287907|
1287908|
1287909|
1287910|
1287911|
1287936|
1287937|
1287938|
1287939|
1287940|
1287941|
1287942|
1287943|
1287968|
1287969|
1287970|
1287971|
1287972|
1287973|
1287974|
1287975|
1288000|
1288001|
1288002|
1288003|
1288004|
1288005|
1288006|
1288007|
1288032|
1288033|
1288034|
1288035|
1288036|
1288037|
1288038|
1288039|
1288064|
1288065|
1288066|
1288067|
1288068|
1288069|
1288070|
1288071|
1288096|
1288097|
1288098|
1288099|
1288100|
1288101|
1288102|
1288103|
1288128|
1288129|
1288130|
1288131|
1288132|
1288133|
1288134|
1288135|
1288160|
1288161|
1288162|
1288163|
1288164|
1288165|
1288166|
1288167|
1288192|
1288193|
1288194|
1288195|
1288196|
1288197|
1288198|
1288199|
1288224|
1288225|
1288226|
1288227|
1288228|
1288229|
1288230|
1288231|
1288256|
1288257|
1288258|
1288259|
1288260|
1288261|
1288262|
1288263|
1288288|
1288289|
1288290|
1288291|
1288292|
1288293|
1288294|
1288295|
1288320|
1288321|
1288322|
1288323|
1288324|
1288325|
1288326|
1288327|
1288352|
1288353|
1288354|
1288355|
1288356|
1288357|
1288358|
1288359|
1288384|
1288385|
1288386|
1288387|
1288388|
1288389|
1288390|
1288391|
1288416|
1288417|
1288418|
1288419|
1288420|
1288421|
1288422|
1288423|
1288448|
1288449|
1288450|
1288451|
1288452|
1288453|
1288454|
1288455|
1288480|
1288481|
1288482|
1288483|
1288484|
1288485|
1288486|
1288487|
1288512|
1288513|
1288514|
1288515|
1288516|
1288517|
1288518|
1288519|
1288544|
1288545|
1288546|
1288547|
1288548|
1288549|
1288550|
1288551|
1288576|
1288577|
1288578|
1288579|
1288580|
1288581|
1288582|
1288583|
1288608|
1288609|
1288610|
1288611|
1288612|
1288613|
1288614|
1288615|
1288640|
1288641|
1288642|
1288643|
1288644|
1288645|
1288646|
1288647|
1288672|
1288673|
1288674|
1288675|
1288676|
1288677|
1288678|
1288679|
1288704|
1288705|
1288706|
1288707|
1288708|
1288709|
1288710|
1288711|
1288736|
1288737|
1288738|
1288739|
1288740|
1288741|
1288742|
1288743|
1288768|
1288769|
1288770|
1288771|
1288772|
1288773|
1288774|
1288775|
1288800|
1288801|
1288802|
1288803|
1288804|
1288805|
1288806|
1288807|
1288832|
1288833|
1288834|
1288835|
1288836|
1288837|
1288838|
1288839|
1288864|
1288865|
1288866|
1288867|
1288868|
1288869|
1288870|
1288871|
1288896|
1288897|
1288898|
1288899|
1288900|
1288901|
1288902|
1288903|
1288928|
1288929|
1288930|
1288931|
1288932|
1288933|
1288934|
1288935|
1288960|
1288961|
1288962|
1288963|
1288964|
1288965|
1288966|
1288967|
1288992|
1288993|
1288994|
1288995|
1288996|
1288997|
1288998|
1288999|
1289024|
1289025|
1289026|
1289027|
1289028|
1289029|
1289030|
1289031|
1289056|
1289057|
1289058|
1289059|
1289060|
1289061|
1289062|
1289063|
1289088|
1289089|
1289090|
1289091|
1289092|
1289093|
1289094|
1289095|
1289120|
1289121|
1289122|
1289123|
1289124|
1289125|
1289126|
1289127|
1289152|
1289153|
1289154|
1289155|
1289156|
1289157|
1289158|
1289159|
1289184|
1289185|
1289186|
1289187|
1289188|
1289189|
1289190|
1289191|
1289216|
1289217|
1289218|
1289219|
1289220|
1289221|
1289222|
1289223|
1289248|
1289249|
1289250|
1289251|
1289252|
1289253|
1289254|
1289255|
1289280|
1289281|
1289282|
1289283|
1289284|
1289285|
1289286|
1289287|
1289312|
1289313|
1289314|
1289315|
1289316|
1289317|
1289318|
1289319|
1289344|
1289345|
1289346|
1289347|
1289348|
1289349|
1289350|
1289351|
1289376|
1289377|
1289378|
1289379|
1289380|
1289381|
1289382|
1289383|
1289408|
1289409|
1289410|
1289411|
1289412|
1289413|
1289414|
1289415|
1289440|
1289441|
1289442|
1289443|
1289444|
1289445|
1289446|
1289447|
1289472|
1289473|
1289474|
1289475|
1289476|
1289477|
1289478|
1289479|
1289504|
1289505|
1289506|
1289507|
1289508|
1289509|
1289510|
1289511|
1289536|
1289537|
1289538|
1289539|
1289540|
1289541|
1289542|
1289543|
1289568|
1289569|
1289570|
1289571|
1289572|
1289573|
1289574|
1289575|
1289600|
1289601|
1289602|
1289603|
1289604|
1289605|
1289606|
1289607|
1289632|
1289633|
1289634|
1289635|
1289636|
1289637|
1289638|
1289639|
1289664|
1289665|
1289666|
1289667|
1289668|
1289669|
1289670|
1289671|
1289696|
1289697|
1289698|
1289699|
1289700|
1289701|
1289702|
1289703|
1289728|
1289729|
1289730|
1289731|
1289732|
1289733|
1289734|
1289735|
1289760|
1289761|
1289762|
1289763|
1289764|
1289765|
1289766|
1289767|
1289792|
1289793|
1289794|
1289795|
1289796|
1289797|
1289798|
1289799|
1289824|
1289825|
1289826|
1289827|
1289828|
1289829|
1289830|
1289831|
1289856|
1289857|
1289858|
1289859|
1289860|
1289861|
1289862|
1289863|
1289888|
1289889|
1289890|
1289891|
1289892|
1289893|
1289894|
1289895|
1289920|
1289921|
1289922|
1289923|
1289924|
1289925|
1289926|
1289927|
1289952|
1289953|
1289954|
1289955|
1289956|
1289957|
1289958|
1289959|
1289984|
1289985|
1289986|
1289987|
1289988|
