2837989|
2837990|
2837991|
2838016|
2838017|
2838018|
2838019|
2838020|
2838021|
2838022|
2838023|
2838048|
2838049|
2838050|
2838051|
2838052|
2838053|
2838054|
2838055|
2838080|
2838081|
2838082|
2838083|
2838084|
2838085|
2838086|
2838087|
2838112|
2838113|
2838114|
2838115|
2838116|
2838117|
2838118|
2838119|
2838144|
2838145|
2838146|
2838147|
2838148|
2838149|
2838150|
2838151|
2838176|
2838177|
2838178|
2838179|
2838180|
2838181|
2838182|
2838183|
2838208|
2838209|
2838210|
2838211|
2838212|
2838213|
2838214|
2838215|
2838240|
2838241|
2838242|
2838243|
2838244|
2838245|
2838246|
2838247|
2838272|
2838273|
2838274|
2838275|
2838276|
2838277|
2838278|
2838279|
2838304|
2838305|
2838306|
2838307|
2838308|
2838309|
2838310|
2838311|
2838336|
2838337|
2838338|
2838339|
2838340|
2838341|
2838342|
2838343|
2838368|
2838369|
2838370|
2838371|
2838372|
2838373|
2838374|
2838375|
2838400|
2838401|
2838402|
2838403|
2838404|
2838405|
2838406|
2838407|
2838432|
2838433|
2838434|
2838435|
2838436|
2838437|
2838438|
2838439|
2838464|
2838465|
2838466|
2838467|
2838468|
2838469|
2838470|
2838471|
2838496|
2838497|
2838498|
2838499|
2838500|
2838501|
2838502|
2838503|
2838528|
2838529|
2838530|
2838531|
2838532|
2838533|
2838534|
2838535|
2838560|
2838561|
2838562|
2838563|
2838564|
2838565|
2838566|
2838567|
2838592|
2838593|
2838594|
2838595|
2838596|
2838597|
2838598|
2838599|
2838624|
2838625|
2838626|
2838627|
2838628|
2838629|
2838630|
2838631|
2838656|
2838657|
2838658|
2838659|
2838660|
2838661|
2838662|
2838663|
2838688|
2838689|
2838690|
2838691|
2838692|
2838693|
2838694|
2838695|
2838720|
2838721|
2838722|
2838723|
2838724|
2838725|
2838726|
2838727|
2838752|
2838753|
2838754|
2838755|
2838756|
2838757|
2838758|
2838759|
2838784|
2838785|
2838786|
2838787|
2838788|
2838789|
2838790|
2838791|
2838816|
2838817|
2838818|
2838819|
2838820|
2838821|
2838822|
2838823|
2838848|
2838849|
2838850|
2838851|
2838852|
2838853|
2838854|
2838855|
2838880|
2838881|
2838882|
2838883|
2838884|
2838885|
2838886|
2838887|
2838912|
2838913|
2838914|
2838915|
2838916|
2838917|
2838918|
2838919|
2838944|
2838945|
2838946|
2838947|
2838948|
2838949|
2838950|
2838951|
2838976|
2838977|
2838978|
2838979|
2838980|
2838981|
2838982|
2838983|
2839008|
2839009|
2839010|
2839011|
2839012|
2839013|
2839014|
2839015|
2839040|
2839041|
2839042|
2839043|
2839044|
2839045|
2839046|
2839047|
2839072|
2839073|
2839074|
2839075|
2839076|
2839077|
2839078|
2839079|
2839104|
2839105|
2839106|
2839107|
2839108|
2839109|
2839110|
2839111|
2839136|
2839137|
2839138|
2839139|
2839140|
2839141|
2839142|
2839143|
2839168|
2839169|
2839170|
2839171|
2839172|
2839173|
2839174|
2839175|
2839200|
2839201|
2839202|
2839203|
2839204|
2839205|
2839206|
2839207|
2839232|
2839233|
2839234|
2839235|
2839236|
2839237|
2839238|
2839239|
2839264|
2839265|
2839266|
2839267|
2839268|
2839269|
2839270|
2839271|
2839296|
2839297|
2839298|
2839299|
2839300|
2839301|
2839302|
2839303|
2839328|
2839329|
2839330|
2839331|
2839332|
2839333|
2839334|
2839335|
2839360|
2839361|
2839362|
2839363|
2839364|
2839365|
2839366|
2839367|
2839392|
2839393|
2839394|
2839395|
2839396|
2839397|
2839398|
2839399|
2839424|
2839425|
2839426|
2839427|
2839428|
2839429|
2839430|
2839431|
2839456|
2839457|
2839458|
2839459|
2839460|
2839461|
2839462|
2839463|
2839488|
2839489|
2839490|
2839491|
2839492|
2839493|
2839494|
2839495|
2839520|
2839521|
2839522|
2839523|
2839524|
2839525|
2839526|
2839527|
2839552|
2839553|
2839554|
2839555|
2839556|
2839557|
2839558|
2839559|
2839584|
2839585|
2839586|
2839587|
2839588|
2839589|
2839590|
2839591|
2839616|
2839617|
2839618|
2839619|
2839620|
2839621|
2839622|
2839623|
2839648|
2839649|
2839650|
2839651|
2839652|
2839653|
2839654|
2839655|
2839680|
2839681|
2839682|
2839683|
2839684|
2839685|
2839686|
2839687|
2839712|
2839713|
2839714|
2839715|
2839716|
2839717|
2839718|
2839719|
2839744|
2839745|
2839746|
2839747|
2839748|
2839749|
2839750|
2839751|
2839776|
2839777|
2839778|
2839779|
2839780|
2839781|
2839782|
2839783|
2839808|
2839809|
2839810|
2839811|
2839812|
2839813|
2839814|
2839815|
2839840|
2839841|
2839842|
2839843|
2839844|
2839845|
2839846|
2839847|
2839872|
2839873|
2839874|
2839875|
2839876|
2839877|
2839878|
2839879|
2839904|
2839905|
2839906|
2839907|
2839908|
2839909|
2839910|
2839911|
2839936|
2839937|
2839938|
2839939|
2839940|
2839941|
2839942|
2839943|
2839968|
2839969|
2839970|
2839971|
2839972|
2839973|
2839974|
2839975|
2840000|
2840001|
2840002|
2840003|
2840004|
2840005|
2840006|
2840007|
2840032|
2840033|
2840034|
2840035|
2840036|
2840037|
2840038|
2840039|
2840064|
2840065|
2840066|
2840067|
2840068|
2840069|
2840070|
2840071|
2840096|
2840097|
2840098|
2840099|
2840100|
2840101|
2840102|
2840103|
2840128|
2840129|
2840130|
2840131|
2840132|
2840133|
2840134|
2840135|
2840160|
2840161|
2840162|
2840163|
2840164|
2840165|
2840166|
2840167|
2840192|
2840193|
2840194|
2840195|
2840196|
2840197|
2840198|
2840199|
2840224|
2840225|
2840226|
2840227|
2840228|
2840229|
2840230|
2840231|
2840256|
2840257|
2840258|
2840259|
2840260|
2840261|
2840262|
2840263|
2840288|
2840289|
2840290|
2840291|
2840292|
2840293|
2840294|
2840295|
2840320|
2840321|
2840322|
2840323|
2840324|
2840325|
2840326|
2840327|
2840352|
2840353|
2840354|
2840355|
2840356|
2840357|
2840358|
2840359|
2840384|
2840385|
2840386|
2840387|
2840388|
2840389|
2840390|
2840391|
2840416|
2840417|
2840418|
2840419|
2840420|
2840421|
2840422|
2840423|
2840448|
2840449|
2840450|
2840451|
2840452|
2840453|
2840454|
2840455|
2840480|
2840481|
2840482|
2840483|
2840484|
2840485|
2840486|
2840487|
2840512|
2840513|
2840514|
2840515|
2840516|
2840517|
2840518|
2840519|
2840544|
2840545|
2840546|
2840547|
2840548|
2840549|
2840550|
2840551|
2840576|
2840577|
2840578|
2840579|
2840580|
2840581|
2840582|
2840583|
2840608|
2840609|
2840610|
2840611|
2840612|
2840613|
2840614|
2840615|
2840640|
2840641|
2840642|
2840643|
2840644|
2840645|
2840646|
2840647|
2840672|
2840673|
2840674|
2840675|
2840676|
2840677|
2840678|
2840679|
2840704|
2840705|
2840706|
2840707|
2840708|
2840709|
2840710|
2840711|
2840736|
2840737|
2840738|
2840739|
2840740|
2840741|
2840742|
2840743|
2840768|
2840769|
2840770|
2840771|
2840772|
2840773|
2840774|
2840775|
2840800|
2840801|
2840802|
2840803|
2840804|
2840805|
2840806|
2840807|
2840832|
2840833|
2840834|
2840835|
2840836|
2840837|
2840838|
2840839|
2840864|
2840865|
2840866|
2840867|
2840868|
2840869|
2840870|
2840871|
2840896|
2840897|
2840898|
2840899|
2840900|
2840901|
2840902|
2840903|
2840928|
2840929|
2840930|
2840931|
2840932|
2840933|
2840934|
2840935|
2840960|
2840961|
2840962|
2840963|
2840964|
2840965|
2840966|
2840967|
2840992|
2840993|
2840994|
2840995|
2840996|
2840997|
2840998|
2840999|
2841024|
2841025|
2841026|
2841027|
2841028|
2841029|
2841030|
2841031|
2841056|
2841057|
2841058|
2841059|
2841060|
2841061|
2841062|
2841063|
2841088|
2841089|
2841090|
2841091|
2841092|
2841093|
2841094|
2841095|
2841120|
2841121|
2841122|
2841123|
2841124|
2841125|
2841126|
2841127|
2841152|
2841153|
2841154|
2841155|
2841156|
2841157|
2841158|
2841159|
2841184|
2841185|
2841186|
2841187|
2841188|
2841189|
2841190|
2841191|
2841216|
2841217|
2841218|
2841219|
2841220|
2841221|
2841222|
2841223|
2841248|
2841249|
2841250|
2841251|
2841252|
2841253|
2841254|
2841255|
2841280|
2841281|
2841282|
2841283|
2841284|
2841285|
2841286|
2841287|
2841312|
2841313|
2841314|
2841315|
2841316|
2841317|
2841318|
2841319|
2841344|
2841345|
2841346|
2841347|
2841348|
2841349|
2841350|
2841351|
2841376|
2841377|
2841378|
2841379|
2841380|
2841381|
2841382|
2841383|
2841408|
2841409|
2841410|
2841411|
2841412|
2841413|
2841414|
2841415|
2841440|
2841441|
2841442|
2841443|
2841444|
2841445|
2841446|
2841447|
2841472|
2841473|
2841474|
2841475|
2841476|
2841477|
2841478|
2841479|
2841504|
2841505|
2841506|
2841507|
2841508|
2841509|
2841510|
2841511|
2841536|
2841537|
2841538|
2841539|
2841540|
2841541|
2841542|
2841543|
2841568|
2841569|
2841570|
2841571|
2841572|
2841573|
2841574|
2841575|
2841600|
2841601|
2841602|
2841603|
2841604|
2841605|
2841606|
2841607|
2841632|
2841633|
2841634|
2841635|
2841636|
2841637|
2841638|
2841639|
2841664|
2841665|
2841666|
2841667|
2841668|
2841669|
2841670|
2841671|
2841696|
2841697|
2841698|
2841699|
2841700|
2841701|
2841702|
2841703|
2841728|
2841729|
2841730|
2841731|
2841732|
2841733|
2841734|
2841735|
2841760|
2841761|
2841762|
2841763|
2841764|
2841765|
2841766|
2841767|
2841792|
2841793|
2841794|
2841795|
2841796|
2841797|
2841798|
2841799|
2841824|
2841825|
2841826|
2841827|
2841828|
2841829|
2841830|
2841831|
2841856|
2841857|
2841858|
2841859|
2841860|
2841861|
2841862|
2841863|
2841888|
2841889|
2841890|
2841891|
2841892|
2841893|
2841894|
2841895|
2841920|
2841921|
2841922|
2841923|
2841924|
2841925|
2841926|
2841927|
2841952|
2841953|
2841954|
2841955|
2841956|
2841957|
2841958|
2841959|
2841984|
2841985|
2841986|
2841987|
2841988|
2841989|
2841990|
2841991|
2842016|
2842017|
2842018|
2842019|
2842020|
2842021|
2842022|
2842023|
2842048|
2842049|
2842050|
2842051|
2842052|
2842053|
2842054|
2842055|
2842080|
2842081|
2842082|
2842083|
2842084|
2842085|
2842086|
2842087|
2842112|
2842113|
2842114|
2842115|
2842116|
2842117|
2842118|
2842119|
2842144|
2842145|
2842146|
2842147|
2842148|
2842149|
2842150|
2842151|
2842176|
2842177|
2842178|
2842179|
2842180|
2842181|
2842182|
2842183|
2842208|
2842209|
2842210|
2842211|
2842212|
2842213|
2842214|
2842215|
2842240|
2842241|
2842242|
2842243|
2842244|
2842245|
2842246|
2842247|
2842272|
2842273|
2842274|
2842275|
2842276|
2842277|
2842278|
2842279|
2842304|
2842305|
2842306|
2842307|
2842308|
2842309|
2842310|
2842311|
2842336|
2842337|
2842338|
2842339|
2842340|
2842341|
2842342|
2842343|
2842368|
2842369|
2842370|
2842371|
2842372|
2842373|
2842374|
2842375|
2842400|
2842401|
2842402|
2842403|
2842404|
2842405|
2842406|
2842407|
2842432|
2842433|
2842434|
2842435|
2842436|
2842437|
2842438|
2842439|
2842464|
2842465|
2842466|
2842467|
2842468|
2842469|
2842470|
2842471|
2842496|
2842497|
2842498|
2842499|
2842500|
2842501|
2842502|
2842503|
2842528|
2842529|
2842530|
2842531|
2842532|
2842533|
2842534|
2842535|
2842560|
2842561|
2842562|
2842563|
2842564|
2842565|
2842566|
2842567|
2842592|
2842593|
2842594|
2842595|
2842596|
2842597|
2842598|
2842599|
2842624|
2842625|
2842626|
2842627|
2842628|
2842629|
2842630|
2842631|
2842656|
2842657|
2842658|
2842659|
2842660|
2842661|
2842662|
2842663|
2842688|
2842689|
2842690|
2842691|
2842692|
2842693|
2842694|
2842695|
2842720|
2842721|
2842722|
2842723|
2842724|
2842725|
2842726|
2842727|
2842752|
2842753|
2842754|
2842755|
2842756|
2842757|
2842758|
2842759|
2842784|
2842785|
2842786|
2842787|
2842788|
2842789|
2842790|
2842791|
2842816|
2842817|
2842818|
2842819|
2842820|
2842821|
2842822|
2842823|
2842848|
2842849|
2842850|
2842851|
2842852|
2842853|
2842854|
2842855|
2842880|
2842881|
2842882|
2842883|
2842884|
2842885|
2842886|
2842887|
2842912|
2842913|
2842914|
2842915|
2842916|
2842917|
2842918|
2842919|
2842944|
2842945|
2842946|
2842947|
2842948|
2842949|
2842950|
2842951|
2842976|
2842977|
2842978|
2842979|
2842980|
2842981|
2842982|
2842983|
2843008|
2843009|
2843010|
2843011|
2843012|
2843013|
2843014|
2843015|
2843040|
2843041|
2843042|
2843043|
2843044|
2843045|
2843046|
2843047|
2843072|
2843073|
2843074|
2843075|
2843076|
2843077|
2843078|
2843079|
2843104|
2843105|
2843106|
2843107|
2843108|
2843109|
2843110|
2843111|
2843136|
2843137|
2843138|
2843139|
2843140|
2843141|
2843142|
2843143|
2843168|
2843169|
2843170|
2843171|
2843172|
2843173|
2843174|
2843175|
2843200|
2843201|
2843202|
2843203|
2843204|
2843205|
2843206|
2843207|
2843232|
2843233|
2843234|
2843235|
2843236|
2843237|
2843238|
2843239|
2843264|
2843265|
2843266|
2843267|
2843268|
2843269|
2843270|
2843271|
2843296|
2843297|
2843298|
2843299|
2843300|
2843301|
2843302|
2843303|
2843328|
2843329|
2843330|
2843331|
2843332|
2843333|
2843334|
2843335|
2843360|
2843361|
2843362|
2843363|
2843364|
2843365|
2843366|
2843367|
2843392|
2843393|
2843394|
2843395|
2843396|
2843397|
2843398|
2843399|
2843424|
2843425|
2843426|
2843427|
2843428|
2843429|
2843430|
2843431|
2843456|
2843457|
2843458|
2843459|
2843460|
2843461|
2843462|
2843463|
2843488|
2843489|
2843490|
2843491|
2843492|
2843493|
2843494|
2843495|
2843520|
2843521|
2843522|
2843523|
2843524|
2843525|
2843526|
2843527|
2843552|
2843553|
2843554|
2843555|
2843556|
2843557|
2843558|
2843559|
2843584|
2843585|
2843586|
2843587|
2843588|
2843589|
2843590|
2843591|
2843616|
2843617|
2843618|
2843619|
2843620|
2843621|
2843622|
2843623|
2843648|
2843649|
2843650|
2843651|
2843652|
2843653|
2843654|
2843655|
2843680|
2843681|
2843682|
2843683|
2843684|
2843685|
2843686|
2843687|
2843712|
2843713|
2843714|
2843715|
2843716|
2843717|
2843718|
2843719|
2843744|
2843745|
2843746|
2843747|
2843748|
2843749|
2843750|
2843751|
2843776|
2843777|
2843778|
2843779|
2843780|
2843781|
2843782|
2843783|
2843808|
2843809|
2843810|
2843811|
2843812|
2843813|
2843814|
2843815|
2843840|
2843841|
2843842|
2843843|
2843844|
2843845|
2843846|
2843847|
2843872|
2843873|
2843874|
2843875|
2843876|
2843877|
2843878|
2843879|
2843904|
2843905|
2843906|
2843907|
2843908|
2843909|
2843910|
2843911|
2843936|
2843937|
2843938|
2843939|
2843940|
2843941|
2843942|
2843943|
2843968|
2843969|
2843970|
2843971|
2843972|
2843973|
2843974|
2843975|
2844000|
