2172001|
2172002|
2172003|
2172004|
2172005|
2172006|
2172007|
2172032|
2172033|
2172034|
2172035|
2172036|
2172037|
2172038|
2172039|
2172064|
2172065|
2172066|
2172067|
2172068|
2172069|
2172070|
2172071|
2172096|
2172097|
2172098|
2172099|
2172100|
2172101|
2172102|
2172103|
2172128|
2172129|
2172130|
2172131|
2172132|
2172133|
2172134|
2172135|
2172160|
2172161|
2172162|
2172163|
2172164|
2172165|
2172166|
2172167|
2172192|
2172193|
2172194|
2172195|
2172196|
2172197|
2172198|
2172199|
2172224|
2172225|
2172226|
2172227|
2172228|
2172229|
2172230|
2172231|
2172256|
2172257|
2172258|
2172259|
2172260|
2172261|
2172262|
2172263|
2172288|
2172289|
2172290|
2172291|
2172292|
2172293|
2172294|
2172295|
2172320|
2172321|
2172322|
2172323|
2172324|
2172325|
2172326|
2172327|
2172352|
2172353|
2172354|
2172355|
2172356|
2172357|
2172358|
2172359|
2172384|
2172385|
2172386|
2172387|
2172388|
2172389|
2172390|
2172391|
2172416|
2172417|
2172418|
2172419|
2172420|
2172421|
2172422|
2172423|
2172448|
2172449|
2172450|
2172451|
2172452|
2172453|
2172454|
2172455|
2172480|
2172481|
2172482|
2172483|
2172484|
2172485|
2172486|
2172487|
2172512|
2172513|
2172514|
2172515|
2172516|
2172517|
2172518|
2172519|
2172544|
2172545|
2172546|
2172547|
2172548|
2172549|
2172550|
2172551|
2172576|
2172577|
2172578|
2172579|
2172580|
2172581|
2172582|
2172583|
2172608|
2172609|
2172610|
2172611|
2172612|
2172613|
2172614|
2172615|
2172640|
2172641|
2172642|
2172643|
2172644|
2172645|
2172646|
2172647|
2172672|
2172673|
2172674|
2172675|
2172676|
2172677|
2172678|
2172679|
2172704|
2172705|
2172706|
2172707|
2172708|
2172709|
2172710|
2172711|
2172736|
2172737|
2172738|
2172739|
2172740|
2172741|
2172742|
2172743|
2172768|
2172769|
2172770|
2172771|
2172772|
2172773|
2172774|
2172775|
2172800|
2172801|
2172802|
2172803|
2172804|
2172805|
2172806|
2172807|
2172832|
2172833|
2172834|
2172835|
2172836|
2172837|
2172838|
2172839|
2172864|
2172865|
2172866|
2172867|
2172868|
2172869|
2172870|
2172871|
2172896|
2172897|
2172898|
2172899|
2172900|
2172901|
2172902|
2172903|
2172928|
2172929|
2172930|
2172931|
2172932|
2172933|
2172934|
2172935|
2172960|
2172961|
2172962|
2172963|
2172964|
2172965|
2172966|
2172967|
2172992|
2172993|
2172994|
2172995|
2172996|
2172997|
2172998|
2172999|
2173024|
2173025|
2173026|
2173027|
2173028|
2173029|
2173030|
2173031|
2173056|
2173057|
2173058|
2173059|
2173060|
2173061|
2173062|
2173063|
2173088|
2173089|
2173090|
2173091|
2173092|
2173093|
2173094|
2173095|
2173120|
2173121|
2173122|
2173123|
2173124|
2173125|
2173126|
2173127|
2173152|
2173153|
2173154|
2173155|
2173156|
2173157|
2173158|
2173159|
2173184|
2173185|
2173186|
2173187|
2173188|
2173189|
2173190|
2173191|
2173216|
2173217|
2173218|
2173219|
2173220|
2173221|
2173222|
2173223|
2173248|
2173249|
2173250|
2173251|
2173252|
2173253|
2173254|
2173255|
2173280|
2173281|
2173282|
2173283|
2173284|
2173285|
2173286|
2173287|
2173312|
2173313|
2173314|
2173315|
2173316|
2173317|
2173318|
2173319|
2173344|
2173345|
2173346|
2173347|
2173348|
2173349|
2173350|
2173351|
2173376|
2173377|
2173378|
2173379|
2173380|
2173381|
2173382|
2173383|
2173408|
2173409|
2173410|
2173411|
2173412|
2173413|
2173414|
2173415|
2173440|
2173441|
2173442|
2173443|
2173444|
2173445|
2173446|
2173447|
2173472|
2173473|
2173474|
2173475|
2173476|
2173477|
2173478|
2173479|
2173504|
2173505|
2173506|
2173507|
2173508|
2173509|
2173510|
2173511|
2173536|
2173537|
2173538|
2173539|
2173540|
2173541|
2173542|
2173543|
2173568|
2173569|
2173570|
2173571|
2173572|
2173573|
2173574|
2173575|
2173600|
2173601|
2173602|
2173603|
2173604|
2173605|
2173606|
2173607|
2173632|
2173633|
2173634|
2173635|
2173636|
2173637|
2173638|
2173639|
2173664|
2173665|
2173666|
2173667|
2173668|
2173669|
2173670|
2173671|
2173696|
2173697|
2173698|
2173699|
2173700|
2173701|
2173702|
2173703|
2173728|
2173729|
2173730|
2173731|
2173732|
2173733|
2173734|
2173735|
2173760|
2173761|
2173762|
2173763|
2173764|
2173765|
2173766|
2173767|
2173792|
2173793|
2173794|
2173795|
2173796|
2173797|
2173798|
2173799|
2173824|
2173825|
2173826|
2173827|
2173828|
2173829|
2173830|
2173831|
2173856|
2173857|
2173858|
2173859|
2173860|
2173861|
2173862|
2173863|
2173888|
2173889|
2173890|
2173891|
2173892|
2173893|
2173894|
2173895|
2173920|
2173921|
2173922|
2173923|
2173924|
2173925|
2173926|
2173927|
2173952|
2173953|
2173954|
2173955|
2173956|
2173957|
2173958|
2173959|
2173984|
2173985|
2173986|
2173987|
2173988|
2173989|
2173990|
2173991|
2174016|
2174017|
2174018|
2174019|
2174020|
2174021|
2174022|
2174023|
2174048|
2174049|
2174050|
2174051|
2174052|
2174053|
2174054|
2174055|
2174080|
2174081|
2174082|
2174083|
2174084|
2174085|
2174086|
2174087|
2174112|
2174113|
2174114|
2174115|
2174116|
2174117|
2174118|
2174119|
2174144|
2174145|
2174146|
2174147|
2174148|
2174149|
2174150|
2174151|
2174176|
2174177|
2174178|
2174179|
2174180|
2174181|
2174182|
2174183|
2174208|
2174209|
2174210|
2174211|
2174212|
2174213|
2174214|
2174215|
2174240|
2174241|
2174242|
2174243|
2174244|
2174245|
2174246|
2174247|
2174272|
2174273|
2174274|
2174275|
2174276|
2174277|
2174278|
2174279|
2174304|
2174305|
2174306|
2174307|
2174308|
2174309|
2174310|
2174311|
2174336|
2174337|
2174338|
2174339|
2174340|
2174341|
2174342|
2174343|
2174368|
2174369|
2174370|
2174371|
2174372|
2174373|
2174374|
2174375|
2174400|
2174401|
2174402|
2174403|
2174404|
2174405|
2174406|
2174407|
2174432|
2174433|
2174434|
2174435|
2174436|
2174437|
2174438|
2174439|
2174464|
2174465|
2174466|
2174467|
2174468|
2174469|
2174470|
2174471|
2174496|
2174497|
2174498|
2174499|
2174500|
2174501|
2174502|
2174503|
2174528|
2174529|
2174530|
2174531|
2174532|
2174533|
2174534|
2174535|
2174560|
2174561|
2174562|
2174563|
2174564|
2174565|
2174566|
2174567|
2174592|
2174593|
2174594|
2174595|
2174596|
2174597|
2174598|
2174599|
2174624|
2174625|
2174626|
2174627|
2174628|
2174629|
2174630|
2174631|
2174656|
2174657|
2174658|
2174659|
2174660|
2174661|
2174662|
2174663|
2174688|
2174689|
2174690|
2174691|
2174692|
2174693|
2174694|
2174695|
2174720|
2174721|
2174722|
2174723|
2174724|
2174725|
2174726|
2174727|
2174752|
2174753|
2174754|
2174755|
2174756|
2174757|
2174758|
2174759|
2174784|
2174785|
2174786|
2174787|
2174788|
2174789|
2174790|
2174791|
2174816|
2174817|
2174818|
2174819|
2174820|
2174821|
2174822|
2174823|
2174848|
2174849|
2174850|
2174851|
2174852|
2174853|
2174854|
2174855|
2174880|
2174881|
2174882|
2174883|
2174884|
2174885|
2174886|
2174887|
2174912|
2174913|
2174914|
2174915|
2174916|
2174917|
2174918|
2174919|
2174944|
2174945|
2174946|
2174947|
2174948|
2174949|
2174950|
2174951|
2174976|
2174977|
2174978|
2174979|
2174980|
2174981|
2174982|
2174983|
2175008|
2175009|
2175010|
2175011|
2175012|
2175013|
2175014|
2175015|
2175040|
2175041|
2175042|
2175043|
2175044|
2175045|
2175046|
2175047|
2175072|
2175073|
2175074|
2175075|
2175076|
2175077|
2175078|
2175079|
2175104|
2175105|
2175106|
2175107|
2175108|
2175109|
2175110|
2175111|
2175136|
2175137|
2175138|
2175139|
2175140|
2175141|
2175142|
2175143|
2175168|
2175169|
2175170|
2175171|
2175172|
2175173|
2175174|
2175175|
2175200|
2175201|
2175202|
2175203|
2175204|
2175205|
2175206|
2175207|
2175232|
2175233|
2175234|
2175235|
2175236|
2175237|
2175238|
2175239|
2175264|
2175265|
2175266|
2175267|
2175268|
2175269|
2175270|
2175271|
2175296|
2175297|
2175298|
2175299|
2175300|
2175301|
2175302|
2175303|
2175328|
2175329|
2175330|
2175331|
2175332|
2175333|
2175334|
2175335|
2175360|
2175361|
2175362|
2175363|
2175364|
2175365|
2175366|
2175367|
2175392|
2175393|
2175394|
2175395|
2175396|
2175397|
2175398|
2175399|
2175424|
2175425|
2175426|
2175427|
2175428|
2175429|
2175430|
2175431|
2175456|
2175457|
2175458|
2175459|
2175460|
2175461|
2175462|
2175463|
2175488|
2175489|
2175490|
2175491|
2175492|
2175493|
2175494|
2175495|
2175520|
2175521|
2175522|
2175523|
2175524|
2175525|
2175526|
2175527|
2175552|
2175553|
2175554|
2175555|
2175556|
2175557|
2175558|
2175559|
2175584|
2175585|
2175586|
2175587|
2175588|
2175589|
2175590|
2175591|
2175616|
2175617|
2175618|
2175619|
2175620|
2175621|
2175622|
2175623|
2175648|
2175649|
2175650|
2175651|
2175652|
2175653|
2175654|
2175655|
2175680|
2175681|
2175682|
2175683|
2175684|
2175685|
2175686|
2175687|
2175712|
2175713|
2175714|
2175715|
2175716|
2175717|
2175718|
2175719|
2175744|
2175745|
2175746|
2175747|
2175748|
2175749|
2175750|
2175751|
2175776|
2175777|
2175778|
2175779|
2175780|
2175781|
2175782|
2175783|
2175808|
2175809|
2175810|
2175811|
2175812|
2175813|
2175814|
2175815|
2175840|
2175841|
2175842|
2175843|
2175844|
2175845|
2175846|
2175847|
2175872|
2175873|
2175874|
2175875|
2175876|
2175877|
2175878|
2175879|
2175904|
2175905|
2175906|
2175907|
2175908|
2175909|
2175910|
2175911|
2175936|
2175937|
2175938|
2175939|
2175940|
2175941|
2175942|
2175943|
2175968|
2175969|
2175970|
2175971|
2175972|
2175973|
2175974|
2175975|
2176000|
2176001|
2176002|
2176003|
2176004|
2176005|
2176006|
2176007|
2176032|
2176033|
2176034|
2176035|
2176036|
2176037|
2176038|
2176039|
2176064|
2176065|
2176066|
2176067|
2176068|
2176069|
2176070|
2176071|
2176096|
2176097|
2176098|
2176099|
2176100|
2176101|
2176102|
2176103|
2176128|
2176129|
2176130|
2176131|
2176132|
2176133|
2176134|
2176135|
2176160|
2176161|
2176162|
2176163|
2176164|
2176165|
2176166|
2176167|
2176192|
2176193|
2176194|
2176195|
2176196|
2176197|
2176198|
2176199|
2176224|
2176225|
2176226|
2176227|
2176228|
2176229|
2176230|
2176231|
2176256|
2176257|
2176258|
2176259|
2176260|
2176261|
2176262|
2176263|
2176288|
2176289|
2176290|
2176291|
2176292|
2176293|
2176294|
2176295|
2176320|
2176321|
2176322|
2176323|
2176324|
2176325|
2176326|
2176327|
2176352|
2176353|
2176354|
2176355|
2176356|
2176357|
2176358|
2176359|
2176384|
2176385|
2176386|
2176387|
2176388|
2176389|
2176390|
2176391|
2176416|
2176417|
2176418|
2176419|
2176420|
2176421|
2176422|
2176423|
2176448|
2176449|
2176450|
2176451|
2176452|
2176453|
2176454|
2176455|
2176480|
2176481|
2176482|
2176483|
2176484|
2176485|
2176486|
2176487|
2176512|
2176513|
2176514|
2176515|
2176516|
2176517|
2176518|
2176519|
2176544|
2176545|
2176546|
2176547|
2176548|
2176549|
2176550|
2176551|
2176576|
2176577|
2176578|
2176579|
2176580|
2176581|
2176582|
2176583|
2176608|
2176609|
2176610|
2176611|
2176612|
2176613|
2176614|
2176615|
2176640|
2176641|
2176642|
2176643|
2176644|
2176645|
2176646|
2176647|
2176672|
2176673|
2176674|
2176675|
2176676|
2176677|
2176678|
2176679|
2176704|
2176705|
2176706|
2176707|
2176708|
2176709|
2176710|
2176711|
2176736|
2176737|
2176738|
2176739|
2176740|
2176741|
2176742|
2176743|
2176768|
2176769|
2176770|
2176771|
2176772|
2176773|
2176774|
2176775|
2176800|
2176801|
2176802|
2176803|
2176804|
2176805|
2176806|
2176807|
2176832|
2176833|
2176834|
2176835|
2176836|
2176837|
2176838|
2176839|
2176864|
2176865|
2176866|
2176867|
2176868|
2176869|
2176870|
2176871|
2176896|
2176897|
2176898|
2176899|
2176900|
2176901|
2176902|
2176903|
2176928|
2176929|
2176930|
2176931|
2176932|
2176933|
2176934|
2176935|
2176960|
2176961|
2176962|
2176963|
2176964|
2176965|
2176966|
2176967|
2176992|
2176993|
2176994|
2176995|
2176996|
2176997|
2176998|
2176999|
2177024|
2177025|
2177026|
2177027|
2177028|
2177029|
2177030|
2177031|
2177056|
2177057|
2177058|
2177059|
2177060|
2177061|
2177062|
2177063|
2177088|
2177089|
2177090|
2177091|
2177092|
2177093|
2177094|
2177095|
2177120|
2177121|
2177122|
2177123|
2177124|
2177125|
2177126|
2177127|
2177152|
2177153|
2177154|
2177155|
2177156|
2177157|
2177158|
2177159|
2177184|
2177185|
2177186|
2177187|
2177188|
2177189|
2177190|
2177191|
2177216|
2177217|
2177218|
2177219|
2177220|
2177221|
2177222|
2177223|
2177248|
2177249|
2177250|
2177251|
2177252|
2177253|
2177254|
2177255|
2177280|
2177281|
2177282|
2177283|
2177284|
2177285|
2177286|
2177287|
2177312|
2177313|
2177314|
2177315|
2177316|
2177317|
2177318|
2177319|
2177344|
2177345|
2177346|
2177347|
2177348|
2177349|
2177350|
2177351|
2177376|
2177377|
2177378|
2177379|
2177380|
2177381|
2177382|
2177383|
2177408|
2177409|
2177410|
2177411|
2177412|
2177413|
2177414|
2177415|
2177440|
2177441|
2177442|
2177443|
2177444|
2177445|
2177446|
2177447|
2177472|
2177473|
2177474|
2177475|
2177476|
2177477|
2177478|
2177479|
2177504|
2177505|
2177506|
2177507|
2177508|
2177509|
2177510|
2177511|
2177536|
2177537|
2177538|
2177539|
2177540|
2177541|
2177542|
2177543|
2177568|
2177569|
2177570|
2177571|
2177572|
2177573|
2177574|
2177575|
2177600|
2177601|
2177602|
2177603|
2177604|
2177605|
2177606|
2177607|
2177632|
2177633|
2177634|
2177635|
2177636|
2177637|
2177638|
2177639|
2177664|
2177665|
2177666|
2177667|
2177668|
2177669|
2177670|
2177671|
2177696|
2177697|
2177698|
2177699|
2177700|
2177701|
2177702|
2177703|
2177728|
2177729|
2177730|
2177731|
2177732|
2177733|
2177734|
2177735|
2177760|
2177761|
2177762|
2177763|
2177764|
2177765|
2177766|
2177767|
2177792|
2177793|
2177794|
2177795|
2177796|
2177797|
2177798|
2177799|
2177824|
2177825|
2177826|
2177827|
2177828|
2177829|
2177830|
2177831|
2177856|
2177857|
2177858|
2177859|
2177860|
2177861|
2177862|
2177863|
2177888|
2177889|
2177890|
2177891|
2177892|
2177893|
2177894|
2177895|
2177920|
2177921|
2177922|
2177923|
2177924|
2177925|
2177926|
2177927|
2177952|
2177953|
2177954|
2177955|
2177956|
2177957|
2177958|
2177959|
2177984|
2177985|
2177986|
2177987|
2177988|
