1332001|
1332002|
1332003|
1332004|
1332005|
1332006|
1332007|
1332032|
1332033|
1332034|
1332035|
1332036|
1332037|
1332038|
1332039|
1332064|
1332065|
1332066|
1332067|
1332068|
1332069|
1332070|
1332071|
1332096|
1332097|
1332098|
1332099|
1332100|
1332101|
1332102|
1332103|
1332128|
1332129|
1332130|
1332131|
1332132|
1332133|
1332134|
1332135|
1332160|
1332161|
1332162|
1332163|
1332164|
1332165|
1332166|
1332167|
1332192|
1332193|
1332194|
1332195|
1332196|
1332197|
1332198|
1332199|
1332224|
1332225|
1332226|
1332227|
1332228|
1332229|
1332230|
1332231|
1332256|
1332257|
1332258|
1332259|
1332260|
1332261|
1332262|
1332263|
1332288|
1332289|
1332290|
1332291|
1332292|
1332293|
1332294|
1332295|
1332320|
1332321|
1332322|
1332323|
1332324|
1332325|
1332326|
1332327|
1332352|
1332353|
1332354|
1332355|
1332356|
1332357|
1332358|
1332359|
1332384|
1332385|
1332386|
1332387|
1332388|
1332389|
1332390|
1332391|
1332416|
1332417|
1332418|
1332419|
1332420|
1332421|
1332422|
1332423|
1332448|
1332449|
1332450|
1332451|
1332452|
1332453|
1332454|
1332455|
1332480|
1332481|
1332482|
1332483|
1332484|
1332485|
1332486|
1332487|
1332512|
1332513|
1332514|
1332515|
1332516|
1332517|
1332518|
1332519|
1332544|
1332545|
1332546|
1332547|
1332548|
1332549|
1332550|
1332551|
1332576|
1332577|
1332578|
1332579|
1332580|
1332581|
1332582|
1332583|
1332608|
1332609|
1332610|
1332611|
1332612|
1332613|
1332614|
1332615|
1332640|
1332641|
1332642|
1332643|
1332644|
1332645|
1332646|
1332647|
1332672|
1332673|
1332674|
1332675|
1332676|
1332677|
1332678|
1332679|
1332704|
1332705|
1332706|
1332707|
1332708|
1332709|
1332710|
1332711|
1332736|
1332737|
1332738|
1332739|
1332740|
1332741|
1332742|
1332743|
1332768|
1332769|
1332770|
1332771|
1332772|
1332773|
1332774|
1332775|
1332800|
1332801|
1332802|
1332803|
1332804|
1332805|
1332806|
1332807|
1332832|
1332833|
1332834|
1332835|
1332836|
1332837|
1332838|
1332839|
1332864|
1332865|
1332866|
1332867|
1332868|
1332869|
1332870|
1332871|
1332896|
1332897|
1332898|
1332899|
1332900|
1332901|
1332902|
1332903|
1332928|
1332929|
1332930|
1332931|
1332932|
1332933|
1332934|
1332935|
1332960|
1332961|
1332962|
1332963|
1332964|
1332965|
1332966|
1332967|
1332992|
1332993|
1332994|
1332995|
1332996|
1332997|
1332998|
1332999|
1333024|
1333025|
1333026|
1333027|
1333028|
1333029|
1333030|
1333031|
1333056|
1333057|
1333058|
1333059|
1333060|
1333061|
1333062|
1333063|
1333088|
1333089|
1333090|
1333091|
1333092|
1333093|
1333094|
1333095|
1333120|
1333121|
1333122|
1333123|
1333124|
1333125|
1333126|
1333127|
1333152|
1333153|
1333154|
1333155|
1333156|
1333157|
1333158|
1333159|
1333184|
1333185|
1333186|
1333187|
1333188|
1333189|
1333190|
1333191|
1333216|
1333217|
1333218|
1333219|
1333220|
1333221|
1333222|
1333223|
1333248|
1333249|
1333250|
1333251|
1333252|
1333253|
1333254|
1333255|
1333280|
1333281|
1333282|
1333283|
1333284|
1333285|
1333286|
1333287|
1333312|
1333313|
1333314|
1333315|
1333316|
1333317|
1333318|
1333319|
1333344|
1333345|
1333346|
1333347|
1333348|
1333349|
1333350|
1333351|
1333376|
1333377|
1333378|
1333379|
1333380|
1333381|
1333382|
1333383|
1333408|
1333409|
1333410|
1333411|
1333412|
1333413|
1333414|
1333415|
1333440|
1333441|
1333442|
1333443|
1333444|
1333445|
1333446|
1333447|
1333472|
1333473|
1333474|
1333475|
1333476|
1333477|
1333478|
1333479|
1333504|
1333505|
1333506|
1333507|
1333508|
1333509|
1333510|
1333511|
1333536|
1333537|
1333538|
1333539|
1333540|
1333541|
1333542|
1333543|
1333568|
1333569|
1333570|
1333571|
1333572|
1333573|
1333574|
1333575|
1333600|
1333601|
1333602|
1333603|
1333604|
1333605|
1333606|
1333607|
1333632|
1333633|
1333634|
1333635|
1333636|
1333637|
1333638|
1333639|
1333664|
1333665|
1333666|
1333667|
1333668|
1333669|
1333670|
1333671|
1333696|
1333697|
1333698|
1333699|
1333700|
1333701|
1333702|
1333703|
1333728|
1333729|
1333730|
1333731|
1333732|
1333733|
1333734|
1333735|
1333760|
1333761|
1333762|
1333763|
1333764|
1333765|
1333766|
1333767|
1333792|
1333793|
1333794|
1333795|
1333796|
1333797|
1333798|
1333799|
1333824|
1333825|
1333826|
1333827|
1333828|
1333829|
1333830|
1333831|
1333856|
1333857|
1333858|
1333859|
1333860|
1333861|
1333862|
1333863|
1333888|
1333889|
1333890|
1333891|
1333892|
1333893|
1333894|
1333895|
1333920|
1333921|
1333922|
1333923|
1333924|
1333925|
1333926|
1333927|
1333952|
1333953|
1333954|
1333955|
1333956|
1333957|
1333958|
1333959|
1333984|
1333985|
1333986|
1333987|
1333988|
1333989|
1333990|
1333991|
1334016|
1334017|
1334018|
1334019|
1334020|
1334021|
1334022|
1334023|
1334048|
1334049|
1334050|
1334051|
1334052|
1334053|
1334054|
1334055|
1334080|
1334081|
1334082|
1334083|
1334084|
1334085|
1334086|
1334087|
1334112|
1334113|
1334114|
1334115|
1334116|
1334117|
1334118|
1334119|
1334144|
1334145|
1334146|
1334147|
1334148|
1334149|
1334150|
1334151|
1334176|
1334177|
1334178|
1334179|
1334180|
1334181|
1334182|
1334183|
1334208|
1334209|
1334210|
1334211|
1334212|
1334213|
1334214|
1334215|
1334240|
1334241|
1334242|
1334243|
1334244|
1334245|
1334246|
1334247|
1334272|
1334273|
1334274|
1334275|
1334276|
1334277|
1334278|
1334279|
1334304|
1334305|
1334306|
1334307|
1334308|
1334309|
1334310|
1334311|
1334336|
1334337|
1334338|
1334339|
1334340|
1334341|
1334342|
1334343|
1334368|
1334369|
1334370|
1334371|
1334372|
1334373|
1334374|
1334375|
1334400|
1334401|
1334402|
1334403|
1334404|
1334405|
1334406|
1334407|
1334432|
1334433|
1334434|
1334435|
1334436|
1334437|
1334438|
1334439|
1334464|
1334465|
1334466|
1334467|
1334468|
1334469|
1334470|
1334471|
1334496|
1334497|
1334498|
1334499|
1334500|
1334501|
1334502|
1334503|
1334528|
1334529|
1334530|
1334531|
1334532|
1334533|
1334534|
1334535|
1334560|
1334561|
1334562|
1334563|
1334564|
1334565|
1334566|
1334567|
1334592|
1334593|
1334594|
1334595|
1334596|
1334597|
1334598|
1334599|
1334624|
1334625|
1334626|
1334627|
1334628|
1334629|
1334630|
1334631|
1334656|
1334657|
1334658|
1334659|
1334660|
1334661|
1334662|
1334663|
1334688|
1334689|
1334690|
1334691|
1334692|
1334693|
1334694|
1334695|
1334720|
1334721|
1334722|
1334723|
1334724|
1334725|
1334726|
1334727|
1334752|
1334753|
1334754|
1334755|
1334756|
1334757|
1334758|
1334759|
1334784|
1334785|
1334786|
1334787|
1334788|
1334789|
1334790|
1334791|
1334816|
1334817|
1334818|
1334819|
1334820|
1334821|
1334822|
1334823|
1334848|
1334849|
1334850|
1334851|
1334852|
1334853|
1334854|
1334855|
1334880|
1334881|
1334882|
1334883|
1334884|
1334885|
1334886|
1334887|
1334912|
1334913|
1334914|
1334915|
1334916|
1334917|
1334918|
1334919|
1334944|
1334945|
1334946|
1334947|
1334948|
1334949|
1334950|
1334951|
1334976|
1334977|
1334978|
1334979|
1334980|
1334981|
1334982|
1334983|
1335008|
1335009|
1335010|
1335011|
1335012|
1335013|
1335014|
1335015|
1335040|
1335041|
1335042|
1335043|
1335044|
1335045|
1335046|
1335047|
1335072|
1335073|
1335074|
1335075|
1335076|
1335077|
1335078|
1335079|
1335104|
1335105|
1335106|
1335107|
1335108|
1335109|
1335110|
1335111|
1335136|
1335137|
1335138|
1335139|
1335140|
1335141|
1335142|
1335143|
1335168|
1335169|
1335170|
1335171|
1335172|
1335173|
1335174|
1335175|
1335200|
1335201|
1335202|
1335203|
1335204|
1335205|
1335206|
1335207|
1335232|
1335233|
1335234|
1335235|
1335236|
1335237|
1335238|
1335239|
1335264|
1335265|
1335266|
1335267|
1335268|
1335269|
1335270|
1335271|
1335296|
1335297|
1335298|
1335299|
1335300|
1335301|
1335302|
1335303|
1335328|
1335329|
1335330|
1335331|
1335332|
1335333|
1335334|
1335335|
1335360|
1335361|
1335362|
1335363|
1335364|
1335365|
1335366|
1335367|
1335392|
1335393|
1335394|
1335395|
1335396|
1335397|
1335398|
1335399|
1335424|
1335425|
1335426|
1335427|
1335428|
1335429|
1335430|
1335431|
1335456|
1335457|
1335458|
1335459|
1335460|
1335461|
1335462|
1335463|
1335488|
1335489|
1335490|
1335491|
1335492|
1335493|
1335494|
1335495|
1335520|
1335521|
1335522|
1335523|
1335524|
1335525|
1335526|
1335527|
1335552|
1335553|
1335554|
1335555|
1335556|
1335557|
1335558|
1335559|
1335584|
1335585|
1335586|
1335587|
1335588|
1335589|
1335590|
1335591|
1335616|
1335617|
1335618|
1335619|
1335620|
1335621|
1335622|
1335623|
1335648|
1335649|
1335650|
1335651|
1335652|
1335653|
1335654|
1335655|
1335680|
1335681|
1335682|
1335683|
1335684|
1335685|
1335686|
1335687|
1335712|
1335713|
1335714|
1335715|
1335716|
1335717|
1335718|
1335719|
1335744|
1335745|
1335746|
1335747|
1335748|
1335749|
1335750|
1335751|
1335776|
1335777|
1335778|
1335779|
1335780|
1335781|
1335782|
1335783|
1335808|
1335809|
1335810|
1335811|
1335812|
1335813|
1335814|
1335815|
1335840|
1335841|
1335842|
1335843|
1335844|
1335845|
1335846|
1335847|
1335872|
1335873|
1335874|
1335875|
1335876|
1335877|
1335878|
1335879|
1335904|
1335905|
1335906|
1335907|
1335908|
1335909|
1335910|
1335911|
1335936|
1335937|
1335938|
1335939|
1335940|
1335941|
1335942|
1335943|
1335968|
1335969|
1335970|
1335971|
1335972|
1335973|
1335974|
1335975|
1336000|
1336001|
1336002|
1336003|
1336004|
1336005|
1336006|
1336007|
1336032|
1336033|
1336034|
1336035|
1336036|
1336037|
1336038|
1336039|
1336064|
1336065|
1336066|
1336067|
1336068|
1336069|
1336070|
1336071|
1336096|
1336097|
1336098|
1336099|
1336100|
1336101|
1336102|
1336103|
1336128|
1336129|
1336130|
1336131|
1336132|
1336133|
1336134|
1336135|
1336160|
1336161|
1336162|
1336163|
1336164|
1336165|
1336166|
1336167|
1336192|
1336193|
1336194|
1336195|
1336196|
1336197|
1336198|
1336199|
1336224|
1336225|
1336226|
1336227|
1336228|
1336229|
1336230|
1336231|
1336256|
1336257|
1336258|
1336259|
1336260|
1336261|
1336262|
1336263|
1336288|
1336289|
1336290|
1336291|
1336292|
1336293|
1336294|
1336295|
1336320|
1336321|
1336322|
1336323|
1336324|
1336325|
1336326|
1336327|
1336352|
1336353|
1336354|
1336355|
1336356|
1336357|
1336358|
1336359|
1336384|
1336385|
1336386|
1336387|
1336388|
1336389|
1336390|
1336391|
1336416|
1336417|
1336418|
1336419|
1336420|
1336421|
1336422|
1336423|
1336448|
1336449|
1336450|
1336451|
1336452|
1336453|
1336454|
1336455|
1336480|
1336481|
1336482|
1336483|
1336484|
1336485|
1336486|
1336487|
1336512|
1336513|
1336514|
1336515|
1336516|
1336517|
1336518|
1336519|
1336544|
1336545|
1336546|
1336547|
1336548|
1336549|
1336550|
1336551|
1336576|
1336577|
1336578|
1336579|
1336580|
1336581|
1336582|
1336583|
1336608|
1336609|
1336610|
1336611|
1336612|
1336613|
1336614|
1336615|
1336640|
1336641|
1336642|
1336643|
1336644|
1336645|
1336646|
1336647|
1336672|
1336673|
1336674|
1336675|
1336676|
1336677|
1336678|
1336679|
1336704|
1336705|
1336706|
1336707|
1336708|
1336709|
1336710|
1336711|
1336736|
1336737|
1336738|
1336739|
1336740|
1336741|
1336742|
1336743|
1336768|
1336769|
1336770|
1336771|
1336772|
1336773|
1336774|
1336775|
1336800|
1336801|
1336802|
1336803|
1336804|
1336805|
1336806|
1336807|
1336832|
1336833|
1336834|
1336835|
1336836|
1336837|
1336838|
1336839|
1336864|
1336865|
1336866|
1336867|
1336868|
1336869|
1336870|
1336871|
1336896|
1336897|
1336898|
1336899|
1336900|
1336901|
1336902|
1336903|
1336928|
1336929|
1336930|
1336931|
1336932|
1336933|
1336934|
1336935|
1336960|
1336961|
1336962|
1336963|
1336964|
1336965|
1336966|
1336967|
1336992|
1336993|
1336994|
1336995|
1336996|
1336997|
1336998|
1336999|
1337024|
1337025|
1337026|
1337027|
1337028|
1337029|
1337030|
1337031|
1337056|
1337057|
1337058|
1337059|
1337060|
1337061|
1337062|
1337063|
1337088|
1337089|
1337090|
1337091|
1337092|
1337093|
1337094|
1337095|
1337120|
1337121|
1337122|
1337123|
1337124|
1337125|
1337126|
1337127|
1337152|
1337153|
1337154|
1337155|
1337156|
1337157|
1337158|
1337159|
1337184|
1337185|
1337186|
1337187|
1337188|
1337189|
1337190|
1337191|
1337216|
1337217|
1337218|
1337219|
1337220|
1337221|
1337222|
1337223|
1337248|
1337249|
1337250|
1337251|
1337252|
1337253|
1337254|
1337255|
1337280|
1337281|
1337282|
1337283|
1337284|
1337285|
1337286|
1337287|
1337312|
1337313|
1337314|
1337315|
1337316|
1337317|
1337318|
1337319|
1337344|
1337345|
1337346|
1337347|
1337348|
1337349|
1337350|
1337351|
1337376|
1337377|
1337378|
1337379|
1337380|
1337381|
1337382|
1337383|
1337408|
1337409|
1337410|
1337411|
1337412|
1337413|
1337414|
1337415|
1337440|
1337441|
1337442|
1337443|
1337444|
1337445|
1337446|
1337447|
1337472|
1337473|
1337474|
1337475|
1337476|
1337477|
1337478|
1337479|
1337504|
1337505|
1337506|
1337507|
1337508|
1337509|
1337510|
1337511|
1337536|
1337537|
1337538|
1337539|
1337540|
1337541|
1337542|
1337543|
1337568|
1337569|
1337570|
1337571|
1337572|
1337573|
1337574|
1337575|
1337600|
1337601|
1337602|
1337603|
1337604|
1337605|
1337606|
1337607|
1337632|
1337633|
1337634|
1337635|
1337636|
1337637|
1337638|
1337639|
1337664|
1337665|
1337666|
1337667|
1337668|
1337669|
1337670|
1337671|
1337696|
1337697|
1337698|
1337699|
1337700|
1337701|
1337702|
1337703|
1337728|
1337729|
1337730|
1337731|
1337732|
1337733|
1337734|
1337735|
1337760|
1337761|
1337762|
1337763|
1337764|
1337765|
1337766|
1337767|
1337792|
1337793|
1337794|
1337795|
1337796|
1337797|
1337798|
1337799|
1337824|
1337825|
1337826|
1337827|
1337828|
1337829|
1337830|
1337831|
1337856|
1337857|
1337858|
1337859|
1337860|
1337861|
1337862|
1337863|
1337888|
1337889|
1337890|
1337891|
1337892|
1337893|
1337894|
1337895|
1337920|
1337921|
1337922|
1337923|
1337924|
1337925|
1337926|
1337927|
1337952|
1337953|
1337954|
1337955|
1337956|
1337957|
1337958|
1337959|
1337984|
1337985|
1337986|
1337987|
1337988|
