2645989|
2645990|
2645991|
2646016|
2646017|
2646018|
2646019|
2646020|
2646021|
2646022|
2646023|
2646048|
2646049|
2646050|
2646051|
2646052|
2646053|
2646054|
2646055|
2646080|
2646081|
2646082|
2646083|
2646084|
2646085|
2646086|
2646087|
2646112|
2646113|
2646114|
2646115|
2646116|
2646117|
2646118|
2646119|
2646144|
2646145|
2646146|
2646147|
2646148|
2646149|
2646150|
2646151|
2646176|
2646177|
2646178|
2646179|
2646180|
2646181|
2646182|
2646183|
2646208|
2646209|
2646210|
2646211|
2646212|
2646213|
2646214|
2646215|
2646240|
2646241|
2646242|
2646243|
2646244|
2646245|
2646246|
2646247|
2646272|
2646273|
2646274|
2646275|
2646276|
2646277|
2646278|
2646279|
2646304|
2646305|
2646306|
2646307|
2646308|
2646309|
2646310|
2646311|
2646336|
2646337|
2646338|
2646339|
2646340|
2646341|
2646342|
2646343|
2646368|
2646369|
2646370|
2646371|
2646372|
2646373|
2646374|
2646375|
2646400|
2646401|
2646402|
2646403|
2646404|
2646405|
2646406|
2646407|
2646432|
2646433|
2646434|
2646435|
2646436|
2646437|
2646438|
2646439|
2646464|
2646465|
2646466|
2646467|
2646468|
2646469|
2646470|
2646471|
2646496|
2646497|
2646498|
2646499|
2646500|
2646501|
2646502|
2646503|
2646528|
2646529|
2646530|
2646531|
2646532|
2646533|
2646534|
2646535|
2646560|
2646561|
2646562|
2646563|
2646564|
2646565|
2646566|
2646567|
2646592|
2646593|
2646594|
2646595|
2646596|
2646597|
2646598|
2646599|
2646624|
2646625|
2646626|
2646627|
2646628|
2646629|
2646630|
2646631|
2646656|
2646657|
2646658|
2646659|
2646660|
2646661|
2646662|
2646663|
2646688|
2646689|
2646690|
2646691|
2646692|
2646693|
2646694|
2646695|
2646720|
2646721|
2646722|
2646723|
2646724|
2646725|
2646726|
2646727|
2646752|
2646753|
2646754|
2646755|
2646756|
2646757|
2646758|
2646759|
2646784|
2646785|
2646786|
2646787|
2646788|
2646789|
2646790|
2646791|
2646816|
2646817|
2646818|
2646819|
2646820|
2646821|
2646822|
2646823|
2646848|
2646849|
2646850|
2646851|
2646852|
2646853|
2646854|
2646855|
2646880|
2646881|
2646882|
2646883|
2646884|
2646885|
2646886|
2646887|
2646912|
2646913|
2646914|
2646915|
2646916|
2646917|
2646918|
2646919|
2646944|
2646945|
2646946|
2646947|
2646948|
2646949|
2646950|
2646951|
2646976|
2646977|
2646978|
2646979|
2646980|
2646981|
2646982|
2646983|
2647008|
2647009|
2647010|
2647011|
2647012|
2647013|
2647014|
2647015|
2647040|
2647041|
2647042|
2647043|
2647044|
2647045|
2647046|
2647047|
2647072|
2647073|
2647074|
2647075|
2647076|
2647077|
2647078|
2647079|
2647104|
2647105|
2647106|
2647107|
2647108|
2647109|
2647110|
2647111|
2647136|
2647137|
2647138|
2647139|
2647140|
2647141|
2647142|
2647143|
2647168|
2647169|
2647170|
2647171|
2647172|
2647173|
2647174|
2647175|
2647200|
2647201|
2647202|
2647203|
2647204|
2647205|
2647206|
2647207|
2647232|
2647233|
2647234|
2647235|
2647236|
2647237|
2647238|
2647239|
2647264|
2647265|
2647266|
2647267|
2647268|
2647269|
2647270|
2647271|
2647296|
2647297|
2647298|
2647299|
2647300|
2647301|
2647302|
2647303|
2647328|
2647329|
2647330|
2647331|
2647332|
2647333|
2647334|
2647335|
2647360|
2647361|
2647362|
2647363|
2647364|
2647365|
2647366|
2647367|
2647392|
2647393|
2647394|
2647395|
2647396|
2647397|
2647398|
2647399|
2647424|
2647425|
2647426|
2647427|
2647428|
2647429|
2647430|
2647431|
2647456|
2647457|
2647458|
2647459|
2647460|
2647461|
2647462|
2647463|
2647488|
2647489|
2647490|
2647491|
2647492|
2647493|
2647494|
2647495|
2647520|
2647521|
2647522|
2647523|
2647524|
2647525|
2647526|
2647527|
2647552|
2647553|
2647554|
2647555|
2647556|
2647557|
2647558|
2647559|
2647584|
2647585|
2647586|
2647587|
2647588|
2647589|
2647590|
2647591|
2647616|
2647617|
2647618|
2647619|
2647620|
2647621|
2647622|
2647623|
2647648|
2647649|
2647650|
2647651|
2647652|
2647653|
2647654|
2647655|
2647680|
2647681|
2647682|
2647683|
2647684|
2647685|
2647686|
2647687|
2647712|
2647713|
2647714|
2647715|
2647716|
2647717|
2647718|
2647719|
2647744|
2647745|
2647746|
2647747|
2647748|
2647749|
2647750|
2647751|
2647776|
2647777|
2647778|
2647779|
2647780|
2647781|
2647782|
2647783|
2647808|
2647809|
2647810|
2647811|
2647812|
2647813|
2647814|
2647815|
2647840|
2647841|
2647842|
2647843|
2647844|
2647845|
2647846|
2647847|
2647872|
2647873|
2647874|
2647875|
2647876|
2647877|
2647878|
2647879|
2647904|
2647905|
2647906|
2647907|
2647908|
2647909|
2647910|
2647911|
2647936|
2647937|
2647938|
2647939|
2647940|
2647941|
2647942|
2647943|
2647968|
2647969|
2647970|
2647971|
2647972|
2647973|
2647974|
2647975|
2648000|
2648001|
2648002|
2648003|
2648004|
2648005|
2648006|
2648007|
2648032|
2648033|
2648034|
2648035|
2648036|
2648037|
2648038|
2648039|
2648064|
2648065|
2648066|
2648067|
2648068|
2648069|
2648070|
2648071|
2648096|
2648097|
2648098|
2648099|
2648100|
2648101|
2648102|
2648103|
2648128|
2648129|
2648130|
2648131|
2648132|
2648133|
2648134|
2648135|
2648160|
2648161|
2648162|
2648163|
2648164|
2648165|
2648166|
2648167|
2648192|
2648193|
2648194|
2648195|
2648196|
2648197|
2648198|
2648199|
2648224|
2648225|
2648226|
2648227|
2648228|
2648229|
2648230|
2648231|
2648256|
2648257|
2648258|
2648259|
2648260|
2648261|
2648262|
2648263|
2648288|
2648289|
2648290|
2648291|
2648292|
2648293|
2648294|
2648295|
2648320|
2648321|
2648322|
2648323|
2648324|
2648325|
2648326|
2648327|
2648352|
2648353|
2648354|
2648355|
2648356|
2648357|
2648358|
2648359|
2648384|
2648385|
2648386|
2648387|
2648388|
2648389|
2648390|
2648391|
2648416|
2648417|
2648418|
2648419|
2648420|
2648421|
2648422|
2648423|
2648448|
2648449|
2648450|
2648451|
2648452|
2648453|
2648454|
2648455|
2648480|
2648481|
2648482|
2648483|
2648484|
2648485|
2648486|
2648487|
2648512|
2648513|
2648514|
2648515|
2648516|
2648517|
2648518|
2648519|
2648544|
2648545|
2648546|
2648547|
2648548|
2648549|
2648550|
2648551|
2648576|
2648577|
2648578|
2648579|
2648580|
2648581|
2648582|
2648583|
2648608|
2648609|
2648610|
2648611|
2648612|
2648613|
2648614|
2648615|
2648640|
2648641|
2648642|
2648643|
2648644|
2648645|
2648646|
2648647|
2648672|
2648673|
2648674|
2648675|
2648676|
2648677|
2648678|
2648679|
2648704|
2648705|
2648706|
2648707|
2648708|
2648709|
2648710|
2648711|
2648736|
2648737|
2648738|
2648739|
2648740|
2648741|
2648742|
2648743|
2648768|
2648769|
2648770|
2648771|
2648772|
2648773|
2648774|
2648775|
2648800|
2648801|
2648802|
2648803|
2648804|
2648805|
2648806|
2648807|
2648832|
2648833|
2648834|
2648835|
2648836|
2648837|
2648838|
2648839|
2648864|
2648865|
2648866|
2648867|
2648868|
2648869|
2648870|
2648871|
2648896|
2648897|
2648898|
2648899|
2648900|
2648901|
2648902|
2648903|
2648928|
2648929|
2648930|
2648931|
2648932|
2648933|
2648934|
2648935|
2648960|
2648961|
2648962|
2648963|
2648964|
2648965|
2648966|
2648967|
2648992|
2648993|
2648994|
2648995|
2648996|
2648997|
2648998|
2648999|
2649024|
2649025|
2649026|
2649027|
2649028|
2649029|
2649030|
2649031|
2649056|
2649057|
2649058|
2649059|
2649060|
2649061|
2649062|
2649063|
2649088|
2649089|
2649090|
2649091|
2649092|
2649093|
2649094|
2649095|
2649120|
2649121|
2649122|
2649123|
2649124|
2649125|
2649126|
2649127|
2649152|
2649153|
2649154|
2649155|
2649156|
2649157|
2649158|
2649159|
2649184|
2649185|
2649186|
2649187|
2649188|
2649189|
2649190|
2649191|
2649216|
2649217|
2649218|
2649219|
2649220|
2649221|
2649222|
2649223|
2649248|
2649249|
2649250|
2649251|
2649252|
2649253|
2649254|
2649255|
2649280|
2649281|
2649282|
2649283|
2649284|
2649285|
2649286|
2649287|
2649312|
2649313|
2649314|
2649315|
2649316|
2649317|
2649318|
2649319|
2649344|
2649345|
2649346|
2649347|
2649348|
2649349|
2649350|
2649351|
2649376|
2649377|
2649378|
2649379|
2649380|
2649381|
2649382|
2649383|
2649408|
2649409|
2649410|
2649411|
2649412|
2649413|
2649414|
2649415|
2649440|
2649441|
2649442|
2649443|
2649444|
2649445|
2649446|
2649447|
2649472|
2649473|
2649474|
2649475|
2649476|
2649477|
2649478|
2649479|
2649504|
2649505|
2649506|
2649507|
2649508|
2649509|
2649510|
2649511|
2649536|
2649537|
2649538|
2649539|
2649540|
2649541|
2649542|
2649543|
2649568|
2649569|
2649570|
2649571|
2649572|
2649573|
2649574|
2649575|
2649600|
2649601|
2649602|
2649603|
2649604|
2649605|
2649606|
2649607|
2649632|
2649633|
2649634|
2649635|
2649636|
2649637|
2649638|
2649639|
2649664|
2649665|
2649666|
2649667|
2649668|
2649669|
2649670|
2649671|
2649696|
2649697|
2649698|
2649699|
2649700|
2649701|
2649702|
2649703|
2649728|
2649729|
2649730|
2649731|
2649732|
2649733|
2649734|
2649735|
2649760|
2649761|
2649762|
2649763|
2649764|
2649765|
2649766|
2649767|
2649792|
2649793|
2649794|
2649795|
2649796|
2649797|
2649798|
2649799|
2649824|
2649825|
2649826|
2649827|
2649828|
2649829|
2649830|
2649831|
2649856|
2649857|
2649858|
2649859|
2649860|
2649861|
2649862|
2649863|
2649888|
2649889|
2649890|
2649891|
2649892|
2649893|
2649894|
2649895|
2649920|
2649921|
2649922|
2649923|
2649924|
2649925|
2649926|
2649927|
2649952|
2649953|
2649954|
2649955|
2649956|
2649957|
2649958|
2649959|
2649984|
2649985|
2649986|
2649987|
2649988|
2649989|
2649990|
2649991|
2650016|
2650017|
2650018|
2650019|
2650020|
2650021|
2650022|
2650023|
2650048|
2650049|
2650050|
2650051|
2650052|
2650053|
2650054|
2650055|
2650080|
2650081|
2650082|
2650083|
2650084|
2650085|
2650086|
2650087|
2650112|
2650113|
2650114|
2650115|
2650116|
2650117|
2650118|
2650119|
2650144|
2650145|
2650146|
2650147|
2650148|
2650149|
2650150|
2650151|
2650176|
2650177|
2650178|
2650179|
2650180|
2650181|
2650182|
2650183|
2650208|
2650209|
2650210|
2650211|
2650212|
2650213|
2650214|
2650215|
2650240|
2650241|
2650242|
2650243|
2650244|
2650245|
2650246|
2650247|
2650272|
2650273|
2650274|
2650275|
2650276|
2650277|
2650278|
2650279|
2650304|
2650305|
2650306|
2650307|
2650308|
2650309|
2650310|
2650311|
2650336|
2650337|
2650338|
2650339|
2650340|
2650341|
2650342|
2650343|
2650368|
2650369|
2650370|
2650371|
2650372|
2650373|
2650374|
2650375|
2650400|
2650401|
2650402|
2650403|
2650404|
2650405|
2650406|
2650407|
2650432|
2650433|
2650434|
2650435|
2650436|
2650437|
2650438|
2650439|
2650464|
2650465|
2650466|
2650467|
2650468|
2650469|
2650470|
2650471|
2650496|
2650497|
2650498|
2650499|
2650500|
2650501|
2650502|
2650503|
2650528|
2650529|
2650530|
2650531|
2650532|
2650533|
2650534|
2650535|
2650560|
2650561|
2650562|
2650563|
2650564|
2650565|
2650566|
2650567|
2650592|
2650593|
2650594|
2650595|
2650596|
2650597|
2650598|
2650599|
2650624|
2650625|
2650626|
2650627|
2650628|
2650629|
2650630|
2650631|
2650656|
2650657|
2650658|
2650659|
2650660|
2650661|
2650662|
2650663|
2650688|
2650689|
2650690|
2650691|
2650692|
2650693|
2650694|
2650695|
2650720|
2650721|
2650722|
2650723|
2650724|
2650725|
2650726|
2650727|
2650752|
2650753|
2650754|
2650755|
2650756|
2650757|
2650758|
2650759|
2650784|
2650785|
2650786|
2650787|
2650788|
2650789|
2650790|
2650791|
2650816|
2650817|
2650818|
2650819|
2650820|
2650821|
2650822|
2650823|
2650848|
2650849|
2650850|
2650851|
2650852|
2650853|
2650854|
2650855|
2650880|
2650881|
2650882|
2650883|
2650884|
2650885|
2650886|
2650887|
2650912|
2650913|
2650914|
2650915|
2650916|
2650917|
2650918|
2650919|
2650944|
2650945|
2650946|
2650947|
2650948|
2650949|
2650950|
2650951|
2650976|
2650977|
2650978|
2650979|
2650980|
2650981|
2650982|
2650983|
2651008|
2651009|
2651010|
2651011|
2651012|
2651013|
2651014|
2651015|
2651040|
2651041|
2651042|
2651043|
2651044|
2651045|
2651046|
2651047|
2651072|
2651073|
2651074|
2651075|
2651076|
2651077|
2651078|
2651079|
2651104|
2651105|
2651106|
2651107|
2651108|
2651109|
2651110|
2651111|
2651136|
2651137|
2651138|
2651139|
2651140|
2651141|
2651142|
2651143|
2651168|
2651169|
2651170|
2651171|
2651172|
2651173|
2651174|
2651175|
2651200|
2651201|
2651202|
2651203|
2651204|
2651205|
2651206|
2651207|
2651232|
2651233|
2651234|
2651235|
2651236|
2651237|
2651238|
2651239|
2651264|
2651265|
2651266|
2651267|
2651268|
2651269|
2651270|
2651271|
2651296|
2651297|
2651298|
2651299|
2651300|
2651301|
2651302|
2651303|
2651328|
2651329|
2651330|
2651331|
2651332|
2651333|
2651334|
2651335|
2651360|
2651361|
2651362|
2651363|
2651364|
2651365|
2651366|
2651367|
2651392|
2651393|
2651394|
2651395|
2651396|
2651397|
2651398|
2651399|
2651424|
2651425|
2651426|
2651427|
2651428|
2651429|
2651430|
2651431|
2651456|
2651457|
2651458|
2651459|
2651460|
2651461|
2651462|
2651463|
2651488|
2651489|
2651490|
2651491|
2651492|
2651493|
2651494|
2651495|
2651520|
2651521|
2651522|
2651523|
2651524|
2651525|
2651526|
2651527|
2651552|
2651553|
2651554|
2651555|
2651556|
2651557|
2651558|
2651559|
2651584|
2651585|
2651586|
2651587|
2651588|
2651589|
2651590|
2651591|
2651616|
2651617|
2651618|
2651619|
2651620|
2651621|
2651622|
2651623|
2651648|
2651649|
2651650|
2651651|
2651652|
2651653|
2651654|
2651655|
2651680|
2651681|
2651682|
2651683|
2651684|
2651685|
2651686|
2651687|
2651712|
2651713|
2651714|
2651715|
2651716|
2651717|
2651718|
2651719|
2651744|
2651745|
2651746|
2651747|
2651748|
2651749|
2651750|
2651751|
2651776|
2651777|
2651778|
2651779|
2651780|
2651781|
2651782|
2651783|
2651808|
2651809|
2651810|
2651811|
2651812|
2651813|
2651814|
2651815|
2651840|
2651841|
2651842|
2651843|
2651844|
2651845|
2651846|
2651847|
2651872|
2651873|
2651874|
2651875|
2651876|
2651877|
2651878|
2651879|
2651904|
2651905|
2651906|
2651907|
2651908|
2651909|
2651910|
2651911|
2651936|
2651937|
2651938|
2651939|
2651940|
2651941|
2651942|
2651943|
2651968|
2651969|
2651970|
2651971|
2651972|
2651973|
2651974|
2651975|
2652000|
