1613989|
1613990|
1613991|
1614016|
1614017|
1614018|
1614019|
1614020|
1614021|
1614022|
1614023|
1614048|
1614049|
1614050|
1614051|
1614052|
1614053|
1614054|
1614055|
1614080|
1614081|
1614082|
1614083|
1614084|
1614085|
1614086|
1614087|
1614112|
1614113|
1614114|
1614115|
1614116|
1614117|
1614118|
1614119|
1614144|
1614145|
1614146|
1614147|
1614148|
1614149|
1614150|
1614151|
1614176|
1614177|
1614178|
1614179|
1614180|
1614181|
1614182|
1614183|
1614208|
1614209|
1614210|
1614211|
1614212|
1614213|
1614214|
1614215|
1614240|
1614241|
1614242|
1614243|
1614244|
1614245|
1614246|
1614247|
1614272|
1614273|
1614274|
1614275|
1614276|
1614277|
1614278|
1614279|
1614304|
1614305|
1614306|
1614307|
1614308|
1614309|
1614310|
1614311|
1614336|
1614337|
1614338|
1614339|
1614340|
1614341|
1614342|
1614343|
1614368|
1614369|
1614370|
1614371|
1614372|
1614373|
1614374|
1614375|
1614400|
1614401|
1614402|
1614403|
1614404|
1614405|
1614406|
1614407|
1614432|
1614433|
1614434|
1614435|
1614436|
1614437|
1614438|
1614439|
1614464|
1614465|
1614466|
1614467|
1614468|
1614469|
1614470|
1614471|
1614496|
1614497|
1614498|
1614499|
1614500|
1614501|
1614502|
1614503|
1614528|
1614529|
1614530|
1614531|
1614532|
1614533|
1614534|
1614535|
1614560|
1614561|
1614562|
1614563|
1614564|
1614565|
1614566|
1614567|
1614592|
1614593|
1614594|
1614595|
1614596|
1614597|
1614598|
1614599|
1614624|
1614625|
1614626|
1614627|
1614628|
1614629|
1614630|
1614631|
1614656|
1614657|
1614658|
1614659|
1614660|
1614661|
1614662|
1614663|
1614688|
1614689|
1614690|
1614691|
1614692|
1614693|
1614694|
1614695|
1614720|
1614721|
1614722|
1614723|
1614724|
1614725|
1614726|
1614727|
1614752|
1614753|
1614754|
1614755|
1614756|
1614757|
1614758|
1614759|
1614784|
1614785|
1614786|
1614787|
1614788|
1614789|
1614790|
1614791|
1614816|
1614817|
1614818|
1614819|
1614820|
1614821|
1614822|
1614823|
1614848|
1614849|
1614850|
1614851|
1614852|
1614853|
1614854|
1614855|
1614880|
1614881|
1614882|
1614883|
1614884|
1614885|
1614886|
1614887|
1614912|
1614913|
1614914|
1614915|
1614916|
1614917|
1614918|
1614919|
1614944|
1614945|
1614946|
1614947|
1614948|
1614949|
1614950|
1614951|
1614976|
1614977|
1614978|
1614979|
1614980|
1614981|
1614982|
1614983|
1615008|
1615009|
1615010|
1615011|
1615012|
1615013|
1615014|
1615015|
1615040|
1615041|
1615042|
1615043|
1615044|
1615045|
1615046|
1615047|
1615072|
1615073|
1615074|
1615075|
1615076|
1615077|
1615078|
1615079|
1615104|
1615105|
1615106|
1615107|
1615108|
1615109|
1615110|
1615111|
1615136|
1615137|
1615138|
1615139|
1615140|
1615141|
1615142|
1615143|
1615168|
1615169|
1615170|
1615171|
1615172|
1615173|
1615174|
1615175|
1615200|
1615201|
1615202|
1615203|
1615204|
1615205|
1615206|
1615207|
1615232|
1615233|
1615234|
1615235|
1615236|
1615237|
1615238|
1615239|
1615264|
1615265|
1615266|
1615267|
1615268|
1615269|
1615270|
1615271|
1615296|
1615297|
1615298|
1615299|
1615300|
1615301|
1615302|
1615303|
1615328|
1615329|
1615330|
1615331|
1615332|
1615333|
1615334|
1615335|
1615360|
1615361|
1615362|
1615363|
1615364|
1615365|
1615366|
1615367|
1615392|
1615393|
1615394|
1615395|
1615396|
1615397|
1615398|
1615399|
1615424|
1615425|
1615426|
1615427|
1615428|
1615429|
1615430|
1615431|
1615456|
1615457|
1615458|
1615459|
1615460|
1615461|
1615462|
1615463|
1615488|
1615489|
1615490|
1615491|
1615492|
1615493|
1615494|
1615495|
1615520|
1615521|
1615522|
1615523|
1615524|
1615525|
1615526|
1615527|
1615552|
1615553|
1615554|
1615555|
1615556|
1615557|
1615558|
1615559|
1615584|
1615585|
1615586|
1615587|
1615588|
1615589|
1615590|
1615591|
1615616|
1615617|
1615618|
1615619|
1615620|
1615621|
1615622|
1615623|
1615648|
1615649|
1615650|
1615651|
1615652|
1615653|
1615654|
1615655|
1615680|
1615681|
1615682|
1615683|
1615684|
1615685|
1615686|
1615687|
1615712|
1615713|
1615714|
1615715|
1615716|
1615717|
1615718|
1615719|
1615744|
1615745|
1615746|
1615747|
1615748|
1615749|
1615750|
1615751|
1615776|
1615777|
1615778|
1615779|
1615780|
1615781|
1615782|
1615783|
1615808|
1615809|
1615810|
1615811|
1615812|
1615813|
1615814|
1615815|
1615840|
1615841|
1615842|
1615843|
1615844|
1615845|
1615846|
1615847|
1615872|
1615873|
1615874|
1615875|
1615876|
1615877|
1615878|
1615879|
1615904|
1615905|
1615906|
1615907|
1615908|
1615909|
1615910|
1615911|
1615936|
1615937|
1615938|
1615939|
1615940|
1615941|
1615942|
1615943|
1615968|
1615969|
1615970|
1615971|
1615972|
1615973|
1615974|
1615975|
1616000|
1616001|
1616002|
1616003|
1616004|
1616005|
1616006|
1616007|
1616032|
1616033|
1616034|
1616035|
1616036|
1616037|
1616038|
1616039|
1616064|
1616065|
1616066|
1616067|
1616068|
1616069|
1616070|
1616071|
1616096|
1616097|
1616098|
1616099|
1616100|
1616101|
1616102|
1616103|
1616128|
1616129|
1616130|
1616131|
1616132|
1616133|
1616134|
1616135|
1616160|
1616161|
1616162|
1616163|
1616164|
1616165|
1616166|
1616167|
1616192|
1616193|
1616194|
1616195|
1616196|
1616197|
1616198|
1616199|
1616224|
1616225|
1616226|
1616227|
1616228|
1616229|
1616230|
1616231|
1616256|
1616257|
1616258|
1616259|
1616260|
1616261|
1616262|
1616263|
1616288|
1616289|
1616290|
1616291|
1616292|
1616293|
1616294|
1616295|
1616320|
1616321|
1616322|
1616323|
1616324|
1616325|
1616326|
1616327|
1616352|
1616353|
1616354|
1616355|
1616356|
1616357|
1616358|
1616359|
1616384|
1616385|
1616386|
1616387|
1616388|
1616389|
1616390|
1616391|
1616416|
1616417|
1616418|
1616419|
1616420|
1616421|
1616422|
1616423|
1616448|
1616449|
1616450|
1616451|
1616452|
1616453|
1616454|
1616455|
1616480|
1616481|
1616482|
1616483|
1616484|
1616485|
1616486|
1616487|
1616512|
1616513|
1616514|
1616515|
1616516|
1616517|
1616518|
1616519|
1616544|
1616545|
1616546|
1616547|
1616548|
1616549|
1616550|
1616551|
1616576|
1616577|
1616578|
1616579|
1616580|
1616581|
1616582|
1616583|
1616608|
1616609|
1616610|
1616611|
1616612|
1616613|
1616614|
1616615|
1616640|
1616641|
1616642|
1616643|
1616644|
1616645|
1616646|
1616647|
1616672|
1616673|
1616674|
1616675|
1616676|
1616677|
1616678|
1616679|
1616704|
1616705|
1616706|
1616707|
1616708|
1616709|
1616710|
1616711|
1616736|
1616737|
1616738|
1616739|
1616740|
1616741|
1616742|
1616743|
1616768|
1616769|
1616770|
1616771|
1616772|
1616773|
1616774|
1616775|
1616800|
1616801|
1616802|
1616803|
1616804|
1616805|
1616806|
1616807|
1616832|
1616833|
1616834|
1616835|
1616836|
1616837|
1616838|
1616839|
1616864|
1616865|
1616866|
1616867|
1616868|
1616869|
1616870|
1616871|
1616896|
1616897|
1616898|
1616899|
1616900|
1616901|
1616902|
1616903|
1616928|
1616929|
1616930|
1616931|
1616932|
1616933|
1616934|
1616935|
1616960|
1616961|
1616962|
1616963|
1616964|
1616965|
1616966|
1616967|
1616992|
1616993|
1616994|
1616995|
1616996|
1616997|
1616998|
1616999|
1617024|
1617025|
1617026|
1617027|
1617028|
1617029|
1617030|
1617031|
1617056|
1617057|
1617058|
1617059|
1617060|
1617061|
1617062|
1617063|
1617088|
1617089|
1617090|
1617091|
1617092|
1617093|
1617094|
1617095|
1617120|
1617121|
1617122|
1617123|
1617124|
1617125|
1617126|
1617127|
1617152|
1617153|
1617154|
1617155|
1617156|
1617157|
1617158|
1617159|
1617184|
1617185|
1617186|
1617187|
1617188|
1617189|
1617190|
1617191|
1617216|
1617217|
1617218|
1617219|
1617220|
1617221|
1617222|
1617223|
1617248|
1617249|
1617250|
1617251|
1617252|
1617253|
1617254|
1617255|
1617280|
1617281|
1617282|
1617283|
1617284|
1617285|
1617286|
1617287|
1617312|
1617313|
1617314|
1617315|
1617316|
1617317|
1617318|
1617319|
1617344|
1617345|
1617346|
1617347|
1617348|
1617349|
1617350|
1617351|
1617376|
1617377|
1617378|
1617379|
1617380|
1617381|
1617382|
1617383|
1617408|
1617409|
1617410|
1617411|
1617412|
1617413|
1617414|
1617415|
1617440|
1617441|
1617442|
1617443|
1617444|
1617445|
1617446|
1617447|
1617472|
1617473|
1617474|
1617475|
1617476|
1617477|
1617478|
1617479|
1617504|
1617505|
1617506|
1617507|
1617508|
1617509|
1617510|
1617511|
1617536|
1617537|
1617538|
1617539|
1617540|
1617541|
1617542|
1617543|
1617568|
1617569|
1617570|
1617571|
1617572|
1617573|
1617574|
1617575|
1617600|
1617601|
1617602|
1617603|
1617604|
1617605|
1617606|
1617607|
1617632|
1617633|
1617634|
1617635|
1617636|
1617637|
1617638|
1617639|
1617664|
1617665|
1617666|
1617667|
1617668|
1617669|
1617670|
1617671|
1617696|
1617697|
1617698|
1617699|
1617700|
1617701|
1617702|
1617703|
1617728|
1617729|
1617730|
1617731|
1617732|
1617733|
1617734|
1617735|
1617760|
1617761|
1617762|
1617763|
1617764|
1617765|
1617766|
1617767|
1617792|
1617793|
1617794|
1617795|
1617796|
1617797|
1617798|
1617799|
1617824|
1617825|
1617826|
1617827|
1617828|
1617829|
1617830|
1617831|
1617856|
1617857|
1617858|
1617859|
1617860|
1617861|
1617862|
1617863|
1617888|
1617889|
1617890|
1617891|
1617892|
1617893|
1617894|
1617895|
1617920|
1617921|
1617922|
1617923|
1617924|
1617925|
1617926|
1617927|
1617952|
1617953|
1617954|
1617955|
1617956|
1617957|
1617958|
1617959|
1617984|
1617985|
1617986|
1617987|
1617988|
1617989|
1617990|
1617991|
1618016|
1618017|
1618018|
1618019|
1618020|
1618021|
1618022|
1618023|
1618048|
1618049|
1618050|
1618051|
1618052|
1618053|
1618054|
1618055|
1618080|
1618081|
1618082|
1618083|
1618084|
1618085|
1618086|
1618087|
1618112|
1618113|
1618114|
1618115|
1618116|
1618117|
1618118|
1618119|
1618144|
1618145|
1618146|
1618147|
1618148|
1618149|
1618150|
1618151|
1618176|
1618177|
1618178|
1618179|
1618180|
1618181|
1618182|
1618183|
1618208|
1618209|
1618210|
1618211|
1618212|
1618213|
1618214|
1618215|
1618240|
1618241|
1618242|
1618243|
1618244|
1618245|
1618246|
1618247|
1618272|
1618273|
1618274|
1618275|
1618276|
1618277|
1618278|
1618279|
1618304|
1618305|
1618306|
1618307|
1618308|
1618309|
1618310|
1618311|
1618336|
1618337|
1618338|
1618339|
1618340|
1618341|
1618342|
1618343|
1618368|
1618369|
1618370|
1618371|
1618372|
1618373|
1618374|
1618375|
1618400|
1618401|
1618402|
1618403|
1618404|
1618405|
1618406|
1618407|
1618432|
1618433|
1618434|
1618435|
1618436|
1618437|
1618438|
1618439|
1618464|
1618465|
1618466|
1618467|
1618468|
1618469|
1618470|
1618471|
1618496|
1618497|
1618498|
1618499|
1618500|
1618501|
1618502|
1618503|
1618528|
1618529|
1618530|
1618531|
1618532|
1618533|
1618534|
1618535|
1618560|
1618561|
1618562|
1618563|
1618564|
1618565|
1618566|
1618567|
1618592|
1618593|
1618594|
1618595|
1618596|
1618597|
1618598|
1618599|
1618624|
1618625|
1618626|
1618627|
1618628|
1618629|
1618630|
1618631|
1618656|
1618657|
1618658|
1618659|
1618660|
1618661|
1618662|
1618663|
1618688|
1618689|
1618690|
1618691|
1618692|
1618693|
1618694|
1618695|
1618720|
1618721|
1618722|
1618723|
1618724|
1618725|
1618726|
1618727|
1618752|
1618753|
1618754|
1618755|
1618756|
1618757|
1618758|
1618759|
1618784|
1618785|
1618786|
1618787|
1618788|
1618789|
1618790|
1618791|
1618816|
1618817|
1618818|
1618819|
1618820|
1618821|
1618822|
1618823|
1618848|
1618849|
1618850|
1618851|
1618852|
1618853|
1618854|
1618855|
1618880|
1618881|
1618882|
1618883|
1618884|
1618885|
1618886|
1618887|
1618912|
1618913|
1618914|
1618915|
1618916|
1618917|
1618918|
1618919|
1618944|
1618945|
1618946|
1618947|
1618948|
1618949|
1618950|
1618951|
1618976|
1618977|
1618978|
1618979|
1618980|
1618981|
1618982|
1618983|
1619008|
1619009|
1619010|
1619011|
1619012|
1619013|
1619014|
1619015|
1619040|
1619041|
1619042|
1619043|
1619044|
1619045|
1619046|
1619047|
1619072|
1619073|
1619074|
1619075|
1619076|
1619077|
1619078|
1619079|
1619104|
1619105|
1619106|
1619107|
1619108|
1619109|
1619110|
1619111|
1619136|
1619137|
1619138|
1619139|
1619140|
1619141|
1619142|
1619143|
1619168|
1619169|
1619170|
1619171|
1619172|
1619173|
1619174|
1619175|
1619200|
1619201|
1619202|
1619203|
1619204|
1619205|
1619206|
1619207|
1619232|
1619233|
1619234|
1619235|
1619236|
1619237|
1619238|
1619239|
1619264|
1619265|
1619266|
1619267|
1619268|
1619269|
1619270|
1619271|
1619296|
1619297|
1619298|
1619299|
1619300|
1619301|
1619302|
1619303|
1619328|
1619329|
1619330|
1619331|
1619332|
1619333|
1619334|
1619335|
1619360|
1619361|
1619362|
1619363|
1619364|
1619365|
1619366|
1619367|
1619392|
1619393|
1619394|
1619395|
1619396|
1619397|
1619398|
1619399|
1619424|
1619425|
1619426|
1619427|
1619428|
1619429|
1619430|
1619431|
1619456|
1619457|
1619458|
1619459|
1619460|
1619461|
1619462|
1619463|
1619488|
1619489|
1619490|
1619491|
1619492|
1619493|
1619494|
1619495|
1619520|
1619521|
1619522|
1619523|
1619524|
1619525|
1619526|
1619527|
1619552|
1619553|
1619554|
1619555|
1619556|
1619557|
1619558|
1619559|
1619584|
1619585|
1619586|
1619587|
1619588|
1619589|
1619590|
1619591|
1619616|
1619617|
1619618|
1619619|
1619620|
1619621|
1619622|
1619623|
1619648|
1619649|
1619650|
1619651|
1619652|
1619653|
1619654|
1619655|
1619680|
1619681|
1619682|
1619683|
1619684|
1619685|
1619686|
1619687|
1619712|
1619713|
1619714|
1619715|
1619716|
1619717|
1619718|
1619719|
1619744|
1619745|
1619746|
1619747|
1619748|
1619749|
1619750|
1619751|
1619776|
1619777|
1619778|
1619779|
1619780|
1619781|
1619782|
1619783|
1619808|
1619809|
1619810|
1619811|
1619812|
1619813|
1619814|
1619815|
1619840|
1619841|
1619842|
1619843|
1619844|
1619845|
1619846|
1619847|
1619872|
1619873|
1619874|
1619875|
1619876|
1619877|
1619878|
1619879|
1619904|
1619905|
1619906|
1619907|
1619908|
1619909|
1619910|
1619911|
1619936|
1619937|
1619938|
1619939|
1619940|
1619941|
1619942|
1619943|
1619968|
1619969|
1619970|
1619971|
1619972|
1619973|
1619974|
1619975|
1620000|
