2592001|
2592002|
2592003|
2592004|
2592005|
2592006|
2592007|
2592032|
2592033|
2592034|
2592035|
2592036|
2592037|
2592038|
2592039|
2592064|
2592065|
2592066|
2592067|
2592068|
2592069|
2592070|
2592071|
2592096|
2592097|
2592098|
2592099|
2592100|
2592101|
2592102|
2592103|
2592128|
2592129|
2592130|
2592131|
2592132|
2592133|
2592134|
2592135|
2592160|
2592161|
2592162|
2592163|
2592164|
2592165|
2592166|
2592167|
2592192|
2592193|
2592194|
2592195|
2592196|
2592197|
2592198|
2592199|
2592224|
2592225|
2592226|
2592227|
2592228|
2592229|
2592230|
2592231|
2592256|
2592257|
2592258|
2592259|
2592260|
2592261|
2592262|
2592263|
2592288|
2592289|
2592290|
2592291|
2592292|
2592293|
2592294|
2592295|
2592320|
2592321|
2592322|
2592323|
2592324|
2592325|
2592326|
2592327|
2592352|
2592353|
2592354|
2592355|
2592356|
2592357|
2592358|
2592359|
2592384|
2592385|
2592386|
2592387|
2592388|
2592389|
2592390|
2592391|
2592416|
2592417|
2592418|
2592419|
2592420|
2592421|
2592422|
2592423|
2592448|
2592449|
2592450|
2592451|
2592452|
2592453|
2592454|
2592455|
2592480|
2592481|
2592482|
2592483|
2592484|
2592485|
2592486|
2592487|
2592512|
2592513|
2592514|
2592515|
2592516|
2592517|
2592518|
2592519|
2592544|
2592545|
2592546|
2592547|
2592548|
2592549|
2592550|
2592551|
2592576|
2592577|
2592578|
2592579|
2592580|
2592581|
2592582|
2592583|
2592608|
2592609|
2592610|
2592611|
2592612|
2592613|
2592614|
2592615|
2592640|
2592641|
2592642|
2592643|
2592644|
2592645|
2592646|
2592647|
2592672|
2592673|
2592674|
2592675|
2592676|
2592677|
2592678|
2592679|
2592704|
2592705|
2592706|
2592707|
2592708|
2592709|
2592710|
2592711|
2592736|
2592737|
2592738|
2592739|
2592740|
2592741|
2592742|
2592743|
2592768|
2592769|
2592770|
2592771|
2592772|
2592773|
2592774|
2592775|
2592800|
2592801|
2592802|
2592803|
2592804|
2592805|
2592806|
2592807|
2592832|
2592833|
2592834|
2592835|
2592836|
2592837|
2592838|
2592839|
2592864|
2592865|
2592866|
2592867|
2592868|
2592869|
2592870|
2592871|
2592896|
2592897|
2592898|
2592899|
2592900|
2592901|
2592902|
2592903|
2592928|
2592929|
2592930|
2592931|
2592932|
2592933|
2592934|
2592935|
2592960|
2592961|
2592962|
2592963|
2592964|
2592965|
2592966|
2592967|
2592992|
2592993|
2592994|
2592995|
2592996|
2592997|
2592998|
2592999|
2593024|
2593025|
2593026|
2593027|
2593028|
2593029|
2593030|
2593031|
2593056|
2593057|
2593058|
2593059|
2593060|
2593061|
2593062|
2593063|
2593088|
2593089|
2593090|
2593091|
2593092|
2593093|
2593094|
2593095|
2593120|
2593121|
2593122|
2593123|
2593124|
2593125|
2593126|
2593127|
2593152|
2593153|
2593154|
2593155|
2593156|
2593157|
2593158|
2593159|
2593184|
2593185|
2593186|
2593187|
2593188|
2593189|
2593190|
2593191|
2593216|
2593217|
2593218|
2593219|
2593220|
2593221|
2593222|
2593223|
2593248|
2593249|
2593250|
2593251|
2593252|
2593253|
2593254|
2593255|
2593280|
2593281|
2593282|
2593283|
2593284|
2593285|
2593286|
2593287|
2593312|
2593313|
2593314|
2593315|
2593316|
2593317|
2593318|
2593319|
2593344|
2593345|
2593346|
2593347|
2593348|
2593349|
2593350|
2593351|
2593376|
2593377|
2593378|
2593379|
2593380|
2593381|
2593382|
2593383|
2593408|
2593409|
2593410|
2593411|
2593412|
2593413|
2593414|
2593415|
2593440|
2593441|
2593442|
2593443|
2593444|
2593445|
2593446|
2593447|
2593472|
2593473|
2593474|
2593475|
2593476|
2593477|
2593478|
2593479|
2593504|
2593505|
2593506|
2593507|
2593508|
2593509|
2593510|
2593511|
2593536|
2593537|
2593538|
2593539|
2593540|
2593541|
2593542|
2593543|
2593568|
2593569|
2593570|
2593571|
2593572|
2593573|
2593574|
2593575|
2593600|
2593601|
2593602|
2593603|
2593604|
2593605|
2593606|
2593607|
2593632|
2593633|
2593634|
2593635|
2593636|
2593637|
2593638|
2593639|
2593664|
2593665|
2593666|
2593667|
2593668|
2593669|
2593670|
2593671|
2593696|
2593697|
2593698|
2593699|
2593700|
2593701|
2593702|
2593703|
2593728|
2593729|
2593730|
2593731|
2593732|
2593733|
2593734|
2593735|
2593760|
2593761|
2593762|
2593763|
2593764|
2593765|
2593766|
2593767|
2593792|
2593793|
2593794|
2593795|
2593796|
2593797|
2593798|
2593799|
2593824|
2593825|
2593826|
2593827|
2593828|
2593829|
2593830|
2593831|
2593856|
2593857|
2593858|
2593859|
2593860|
2593861|
2593862|
2593863|
2593888|
2593889|
2593890|
2593891|
2593892|
2593893|
2593894|
2593895|
2593920|
2593921|
2593922|
2593923|
2593924|
2593925|
2593926|
2593927|
2593952|
2593953|
2593954|
2593955|
2593956|
2593957|
2593958|
2593959|
2593984|
2593985|
2593986|
2593987|
2593988|
2593989|
2593990|
2593991|
2594016|
2594017|
2594018|
2594019|
2594020|
2594021|
2594022|
2594023|
2594048|
2594049|
2594050|
2594051|
2594052|
2594053|
2594054|
2594055|
2594080|
2594081|
2594082|
2594083|
2594084|
2594085|
2594086|
2594087|
2594112|
2594113|
2594114|
2594115|
2594116|
2594117|
2594118|
2594119|
2594144|
2594145|
2594146|
2594147|
2594148|
2594149|
2594150|
2594151|
2594176|
2594177|
2594178|
2594179|
2594180|
2594181|
2594182|
2594183|
2594208|
2594209|
2594210|
2594211|
2594212|
2594213|
2594214|
2594215|
2594240|
2594241|
2594242|
2594243|
2594244|
2594245|
2594246|
2594247|
2594272|
2594273|
2594274|
2594275|
2594276|
2594277|
2594278|
2594279|
2594304|
2594305|
2594306|
2594307|
2594308|
2594309|
2594310|
2594311|
2594336|
2594337|
2594338|
2594339|
2594340|
2594341|
2594342|
2594343|
2594368|
2594369|
2594370|
2594371|
2594372|
2594373|
2594374|
2594375|
2594400|
2594401|
2594402|
2594403|
2594404|
2594405|
2594406|
2594407|
2594432|
2594433|
2594434|
2594435|
2594436|
2594437|
2594438|
2594439|
2594464|
2594465|
2594466|
2594467|
2594468|
2594469|
2594470|
2594471|
2594496|
2594497|
2594498|
2594499|
2594500|
2594501|
2594502|
2594503|
2594528|
2594529|
2594530|
2594531|
2594532|
2594533|
2594534|
2594535|
2594560|
2594561|
2594562|
2594563|
2594564|
2594565|
2594566|
2594567|
2594592|
2594593|
2594594|
2594595|
2594596|
2594597|
2594598|
2594599|
2594624|
2594625|
2594626|
2594627|
2594628|
2594629|
2594630|
2594631|
2594656|
2594657|
2594658|
2594659|
2594660|
2594661|
2594662|
2594663|
2594688|
2594689|
2594690|
2594691|
2594692|
2594693|
2594694|
2594695|
2594720|
2594721|
2594722|
2594723|
2594724|
2594725|
2594726|
2594727|
2594752|
2594753|
2594754|
2594755|
2594756|
2594757|
2594758|
2594759|
2594784|
2594785|
2594786|
2594787|
2594788|
2594789|
2594790|
2594791|
2594816|
2594817|
2594818|
2594819|
2594820|
2594821|
2594822|
2594823|
2594848|
2594849|
2594850|
2594851|
2594852|
2594853|
2594854|
2594855|
2594880|
2594881|
2594882|
2594883|
2594884|
2594885|
2594886|
2594887|
2594912|
2594913|
2594914|
2594915|
2594916|
2594917|
2594918|
2594919|
2594944|
2594945|
2594946|
2594947|
2594948|
2594949|
2594950|
2594951|
2594976|
2594977|
2594978|
2594979|
2594980|
2594981|
2594982|
2594983|
2595008|
2595009|
2595010|
2595011|
2595012|
2595013|
2595014|
2595015|
2595040|
2595041|
2595042|
2595043|
2595044|
2595045|
2595046|
2595047|
2595072|
2595073|
2595074|
2595075|
2595076|
2595077|
2595078|
2595079|
2595104|
2595105|
2595106|
2595107|
2595108|
2595109|
2595110|
2595111|
2595136|
2595137|
2595138|
2595139|
2595140|
2595141|
2595142|
2595143|
2595168|
2595169|
2595170|
2595171|
2595172|
2595173|
2595174|
2595175|
2595200|
2595201|
2595202|
2595203|
2595204|
2595205|
2595206|
2595207|
2595232|
2595233|
2595234|
2595235|
2595236|
2595237|
2595238|
2595239|
2595264|
2595265|
2595266|
2595267|
2595268|
2595269|
2595270|
2595271|
2595296|
2595297|
2595298|
2595299|
2595300|
2595301|
2595302|
2595303|
2595328|
2595329|
2595330|
2595331|
2595332|
2595333|
2595334|
2595335|
2595360|
2595361|
2595362|
2595363|
2595364|
2595365|
2595366|
2595367|
2595392|
2595393|
2595394|
2595395|
2595396|
2595397|
2595398|
2595399|
2595424|
2595425|
2595426|
2595427|
2595428|
2595429|
2595430|
2595431|
2595456|
2595457|
2595458|
2595459|
2595460|
2595461|
2595462|
2595463|
2595488|
2595489|
2595490|
2595491|
2595492|
2595493|
2595494|
2595495|
2595520|
2595521|
2595522|
2595523|
2595524|
2595525|
2595526|
2595527|
2595552|
2595553|
2595554|
2595555|
2595556|
2595557|
2595558|
2595559|
2595584|
2595585|
2595586|
2595587|
2595588|
2595589|
2595590|
2595591|
2595616|
2595617|
2595618|
2595619|
2595620|
2595621|
2595622|
2595623|
2595648|
2595649|
2595650|
2595651|
2595652|
2595653|
2595654|
2595655|
2595680|
2595681|
2595682|
2595683|
2595684|
2595685|
2595686|
2595687|
2595712|
2595713|
2595714|
2595715|
2595716|
2595717|
2595718|
2595719|
2595744|
2595745|
2595746|
2595747|
2595748|
2595749|
2595750|
2595751|
2595776|
2595777|
2595778|
2595779|
2595780|
2595781|
2595782|
2595783|
2595808|
2595809|
2595810|
2595811|
2595812|
2595813|
2595814|
2595815|
2595840|
2595841|
2595842|
2595843|
2595844|
2595845|
2595846|
2595847|
2595872|
2595873|
2595874|
2595875|
2595876|
2595877|
2595878|
2595879|
2595904|
2595905|
2595906|
2595907|
2595908|
2595909|
2595910|
2595911|
2595936|
2595937|
2595938|
2595939|
2595940|
2595941|
2595942|
2595943|
2595968|
2595969|
2595970|
2595971|
2595972|
2595973|
2595974|
2595975|
2596000|
2596001|
2596002|
2596003|
2596004|
2596005|
2596006|
2596007|
2596032|
2596033|
2596034|
2596035|
2596036|
2596037|
2596038|
2596039|
2596064|
2596065|
2596066|
2596067|
2596068|
2596069|
2596070|
2596071|
2596096|
2596097|
2596098|
2596099|
2596100|
2596101|
2596102|
2596103|
2596128|
2596129|
2596130|
2596131|
2596132|
2596133|
2596134|
2596135|
2596160|
2596161|
2596162|
2596163|
2596164|
2596165|
2596166|
2596167|
2596192|
2596193|
2596194|
2596195|
2596196|
2596197|
2596198|
2596199|
2596224|
2596225|
2596226|
2596227|
2596228|
2596229|
2596230|
2596231|
2596256|
2596257|
2596258|
2596259|
2596260|
2596261|
2596262|
2596263|
2596288|
2596289|
2596290|
2596291|
2596292|
2596293|
2596294|
2596295|
2596320|
2596321|
2596322|
2596323|
2596324|
2596325|
2596326|
2596327|
2596352|
2596353|
2596354|
2596355|
2596356|
2596357|
2596358|
2596359|
2596384|
2596385|
2596386|
2596387|
2596388|
2596389|
2596390|
2596391|
2596416|
2596417|
2596418|
2596419|
2596420|
2596421|
2596422|
2596423|
2596448|
2596449|
2596450|
2596451|
2596452|
2596453|
2596454|
2596455|
2596480|
2596481|
2596482|
2596483|
2596484|
2596485|
2596486|
2596487|
2596512|
2596513|
2596514|
2596515|
2596516|
2596517|
2596518|
2596519|
2596544|
2596545|
2596546|
2596547|
2596548|
2596549|
2596550|
2596551|
2596576|
2596577|
2596578|
2596579|
2596580|
2596581|
2596582|
2596583|
2596608|
2596609|
2596610|
2596611|
2596612|
2596613|
2596614|
2596615|
2596640|
2596641|
2596642|
2596643|
2596644|
2596645|
2596646|
2596647|
2596672|
2596673|
2596674|
2596675|
2596676|
2596677|
2596678|
2596679|
2596704|
2596705|
2596706|
2596707|
2596708|
2596709|
2596710|
2596711|
2596736|
2596737|
2596738|
2596739|
2596740|
2596741|
2596742|
2596743|
2596768|
2596769|
2596770|
2596771|
2596772|
2596773|
2596774|
2596775|
2596800|
2596801|
2596802|
2596803|
2596804|
2596805|
2596806|
2596807|
2596832|
2596833|
2596834|
2596835|
2596836|
2596837|
2596838|
2596839|
2596864|
2596865|
2596866|
2596867|
2596868|
2596869|
2596870|
2596871|
2596896|
2596897|
2596898|
2596899|
2596900|
2596901|
2596902|
2596903|
2596928|
2596929|
2596930|
2596931|
2596932|
2596933|
2596934|
2596935|
2596960|
2596961|
2596962|
2596963|
2596964|
2596965|
2596966|
2596967|
2596992|
2596993|
2596994|
2596995|
2596996|
2596997|
2596998|
2596999|
2597024|
2597025|
2597026|
2597027|
2597028|
2597029|
2597030|
2597031|
2597056|
2597057|
2597058|
2597059|
2597060|
2597061|
2597062|
2597063|
2597088|
2597089|
2597090|
2597091|
2597092|
2597093|
2597094|
2597095|
2597120|
2597121|
2597122|
2597123|
2597124|
2597125|
2597126|
2597127|
2597152|
2597153|
2597154|
2597155|
2597156|
2597157|
2597158|
2597159|
2597184|
2597185|
2597186|
2597187|
2597188|
2597189|
2597190|
2597191|
2597216|
2597217|
2597218|
2597219|
2597220|
2597221|
2597222|
2597223|
2597248|
2597249|
2597250|
2597251|
2597252|
2597253|
2597254|
2597255|
2597280|
2597281|
2597282|
2597283|
2597284|
2597285|
2597286|
2597287|
2597312|
2597313|
2597314|
2597315|
2597316|
2597317|
2597318|
2597319|
2597344|
2597345|
2597346|
2597347|
2597348|
2597349|
2597350|
2597351|
2597376|
2597377|
2597378|
2597379|
2597380|
2597381|
2597382|
2597383|
2597408|
2597409|
2597410|
2597411|
2597412|
2597413|
2597414|
2597415|
2597440|
2597441|
2597442|
2597443|
2597444|
2597445|
2597446|
2597447|
2597472|
2597473|
2597474|
2597475|
2597476|
2597477|
2597478|
2597479|
2597504|
2597505|
2597506|
2597507|
2597508|
2597509|
2597510|
2597511|
2597536|
2597537|
2597538|
2597539|
2597540|
2597541|
2597542|
2597543|
2597568|
2597569|
2597570|
2597571|
2597572|
2597573|
2597574|
2597575|
2597600|
2597601|
2597602|
2597603|
2597604|
2597605|
2597606|
2597607|
2597632|
2597633|
2597634|
2597635|
2597636|
2597637|
2597638|
2597639|
2597664|
2597665|
2597666|
2597667|
2597668|
2597669|
2597670|
2597671|
2597696|
2597697|
2597698|
2597699|
2597700|
2597701|
2597702|
2597703|
2597728|
2597729|
2597730|
2597731|
2597732|
2597733|
2597734|
2597735|
2597760|
2597761|
2597762|
2597763|
2597764|
2597765|
2597766|
2597767|
2597792|
2597793|
2597794|
2597795|
2597796|
2597797|
2597798|
2597799|
2597824|
2597825|
2597826|
2597827|
2597828|
2597829|
2597830|
2597831|
2597856|
2597857|
2597858|
2597859|
2597860|
2597861|
2597862|
2597863|
2597888|
2597889|
2597890|
2597891|
2597892|
2597893|
2597894|
2597895|
2597920|
2597921|
2597922|
2597923|
2597924|
2597925|
2597926|
2597927|
2597952|
2597953|
2597954|
2597955|
2597956|
2597957|
2597958|
2597959|
2597984|
2597985|
2597986|
2597987|
2597988|
