948001|
948002|
948003|
948004|
948005|
948006|
948007|
948032|
948033|
948034|
948035|
948036|
948037|
948038|
948039|
948064|
948065|
948066|
948067|
948068|
948069|
948070|
948071|
948096|
948097|
948098|
948099|
948100|
948101|
948102|
948103|
948128|
948129|
948130|
948131|
948132|
948133|
948134|
948135|
948160|
948161|
948162|
948163|
948164|
948165|
948166|
948167|
948192|
948193|
948194|
948195|
948196|
948197|
948198|
948199|
948224|
948225|
948226|
948227|
948228|
948229|
948230|
948231|
948256|
948257|
948258|
948259|
948260|
948261|
948262|
948263|
948288|
948289|
948290|
948291|
948292|
948293|
948294|
948295|
948320|
948321|
948322|
948323|
948324|
948325|
948326|
948327|
948352|
948353|
948354|
948355|
948356|
948357|
948358|
948359|
948384|
948385|
948386|
948387|
948388|
948389|
948390|
948391|
948416|
948417|
948418|
948419|
948420|
948421|
948422|
948423|
948448|
948449|
948450|
948451|
948452|
948453|
948454|
948455|
948480|
948481|
948482|
948483|
948484|
948485|
948486|
948487|
948512|
948513|
948514|
948515|
948516|
948517|
948518|
948519|
948544|
948545|
948546|
948547|
948548|
948549|
948550|
948551|
948576|
948577|
948578|
948579|
948580|
948581|
948582|
948583|
948608|
948609|
948610|
948611|
948612|
948613|
948614|
948615|
948640|
948641|
948642|
948643|
948644|
948645|
948646|
948647|
948672|
948673|
948674|
948675|
948676|
948677|
948678|
948679|
948704|
948705|
948706|
948707|
948708|
948709|
948710|
948711|
948736|
948737|
948738|
948739|
948740|
948741|
948742|
948743|
948768|
948769|
948770|
948771|
948772|
948773|
948774|
948775|
948800|
948801|
948802|
948803|
948804|
948805|
948806|
948807|
948832|
948833|
948834|
948835|
948836|
948837|
948838|
948839|
948864|
948865|
948866|
948867|
948868|
948869|
948870|
948871|
948896|
948897|
948898|
948899|
948900|
948901|
948902|
948903|
948928|
948929|
948930|
948931|
948932|
948933|
948934|
948935|
948960|
948961|
948962|
948963|
948964|
948965|
948966|
948967|
948992|
948993|
948994|
948995|
948996|
948997|
948998|
948999|
949024|
949025|
949026|
949027|
949028|
949029|
949030|
949031|
949056|
949057|
949058|
949059|
949060|
949061|
949062|
949063|
949088|
949089|
949090|
949091|
949092|
949093|
949094|
949095|
949120|
949121|
949122|
949123|
949124|
949125|
949126|
949127|
949152|
949153|
949154|
949155|
949156|
949157|
949158|
949159|
949184|
949185|
949186|
949187|
949188|
949189|
949190|
949191|
949216|
949217|
949218|
949219|
949220|
949221|
949222|
949223|
949248|
949249|
949250|
949251|
949252|
949253|
949254|
949255|
949280|
949281|
949282|
949283|
949284|
949285|
949286|
949287|
949312|
949313|
949314|
949315|
949316|
949317|
949318|
949319|
949344|
949345|
949346|
949347|
949348|
949349|
949350|
949351|
949376|
949377|
949378|
949379|
949380|
949381|
949382|
949383|
949408|
949409|
949410|
949411|
949412|
949413|
949414|
949415|
949440|
949441|
949442|
949443|
949444|
949445|
949446|
949447|
949472|
949473|
949474|
949475|
949476|
949477|
949478|
949479|
949504|
949505|
949506|
949507|
949508|
949509|
949510|
949511|
949536|
949537|
949538|
949539|
949540|
949541|
949542|
949543|
949568|
949569|
949570|
949571|
949572|
949573|
949574|
949575|
949600|
949601|
949602|
949603|
949604|
949605|
949606|
949607|
949632|
949633|
949634|
949635|
949636|
949637|
949638|
949639|
949664|
949665|
949666|
949667|
949668|
949669|
949670|
949671|
949696|
949697|
949698|
949699|
949700|
949701|
949702|
949703|
949728|
949729|
949730|
949731|
949732|
949733|
949734|
949735|
949760|
949761|
949762|
949763|
949764|
949765|
949766|
949767|
949792|
949793|
949794|
949795|
949796|
949797|
949798|
949799|
949824|
949825|
949826|
949827|
949828|
949829|
949830|
949831|
949856|
949857|
949858|
949859|
949860|
949861|
949862|
949863|
949888|
949889|
949890|
949891|
949892|
949893|
949894|
949895|
949920|
949921|
949922|
949923|
949924|
949925|
949926|
949927|
949952|
949953|
949954|
949955|
949956|
949957|
949958|
949959|
949984|
949985|
949986|
949987|
949988|
949989|
949990|
949991|
950016|
950017|
950018|
950019|
950020|
950021|
950022|
950023|
950048|
950049|
950050|
950051|
950052|
950053|
950054|
950055|
950080|
950081|
950082|
950083|
950084|
950085|
950086|
950087|
950112|
950113|
950114|
950115|
950116|
950117|
950118|
950119|
950144|
950145|
950146|
950147|
950148|
950149|
950150|
950151|
950176|
950177|
950178|
950179|
950180|
950181|
950182|
950183|
950208|
950209|
950210|
950211|
950212|
950213|
950214|
950215|
950240|
950241|
950242|
950243|
950244|
950245|
950246|
950247|
950272|
950273|
950274|
950275|
950276|
950277|
950278|
950279|
950304|
950305|
950306|
950307|
950308|
950309|
950310|
950311|
950336|
950337|
950338|
950339|
950340|
950341|
950342|
950343|
950368|
950369|
950370|
950371|
950372|
950373|
950374|
950375|
950400|
950401|
950402|
950403|
950404|
950405|
950406|
950407|
950432|
950433|
950434|
950435|
950436|
950437|
950438|
950439|
950464|
950465|
950466|
950467|
950468|
950469|
950470|
950471|
950496|
950497|
950498|
950499|
950500|
950501|
950502|
950503|
950528|
950529|
950530|
950531|
950532|
950533|
950534|
950535|
950560|
950561|
950562|
950563|
950564|
950565|
950566|
950567|
950592|
950593|
950594|
950595|
950596|
950597|
950598|
950599|
950624|
950625|
950626|
950627|
950628|
950629|
950630|
950631|
950656|
950657|
950658|
950659|
950660|
950661|
950662|
950663|
950688|
950689|
950690|
950691|
950692|
950693|
950694|
950695|
950720|
950721|
950722|
950723|
950724|
950725|
950726|
950727|
950752|
950753|
950754|
950755|
950756|
950757|
950758|
950759|
950784|
950785|
950786|
950787|
950788|
950789|
950790|
950791|
950816|
950817|
950818|
950819|
950820|
950821|
950822|
950823|
950848|
950849|
950850|
950851|
950852|
950853|
950854|
950855|
950880|
950881|
950882|
950883|
950884|
950885|
950886|
950887|
950912|
950913|
950914|
950915|
950916|
950917|
950918|
950919|
950944|
950945|
950946|
950947|
950948|
950949|
950950|
950951|
950976|
950977|
950978|
950979|
950980|
950981|
950982|
950983|
951008|
951009|
951010|
951011|
951012|
951013|
951014|
951015|
951040|
951041|
951042|
951043|
951044|
951045|
951046|
951047|
951072|
951073|
951074|
951075|
951076|
951077|
951078|
951079|
951104|
951105|
951106|
951107|
951108|
951109|
951110|
951111|
951136|
951137|
951138|
951139|
951140|
951141|
951142|
951143|
951168|
951169|
951170|
951171|
951172|
951173|
951174|
951175|
951200|
951201|
951202|
951203|
951204|
951205|
951206|
951207|
951232|
951233|
951234|
951235|
951236|
951237|
951238|
951239|
951264|
951265|
951266|
951267|
951268|
951269|
951270|
951271|
951296|
951297|
951298|
951299|
951300|
951301|
951302|
951303|
951328|
951329|
951330|
951331|
951332|
951333|
951334|
951335|
951360|
951361|
951362|
951363|
951364|
951365|
951366|
951367|
951392|
951393|
951394|
951395|
951396|
951397|
951398|
951399|
951424|
951425|
951426|
951427|
951428|
951429|
951430|
951431|
951456|
951457|
951458|
951459|
951460|
951461|
951462|
951463|
951488|
951489|
951490|
951491|
951492|
951493|
951494|
951495|
951520|
951521|
951522|
951523|
951524|
951525|
951526|
951527|
951552|
951553|
951554|
951555|
951556|
951557|
951558|
951559|
951584|
951585|
951586|
951587|
951588|
951589|
951590|
951591|
951616|
951617|
951618|
951619|
951620|
951621|
951622|
951623|
951648|
951649|
951650|
951651|
951652|
951653|
951654|
951655|
951680|
951681|
951682|
951683|
951684|
951685|
951686|
951687|
951712|
951713|
951714|
951715|
951716|
951717|
951718|
951719|
951744|
951745|
951746|
951747|
951748|
951749|
951750|
951751|
951776|
951777|
951778|
951779|
951780|
951781|
951782|
951783|
951808|
951809|
951810|
951811|
951812|
951813|
951814|
951815|
951840|
951841|
951842|
951843|
951844|
951845|
951846|
951847|
951872|
951873|
951874|
951875|
951876|
951877|
951878|
951879|
951904|
951905|
951906|
951907|
951908|
951909|
951910|
951911|
951936|
951937|
951938|
951939|
951940|
951941|
951942|
951943|
951968|
951969|
951970|
951971|
951972|
951973|
951974|
951975|
952000|
952001|
952002|
952003|
952004|
952005|
952006|
952007|
952032|
952033|
952034|
952035|
952036|
952037|
952038|
952039|
952064|
952065|
952066|
952067|
952068|
952069|
952070|
952071|
952096|
952097|
952098|
952099|
952100|
952101|
952102|
952103|
952128|
952129|
952130|
952131|
952132|
952133|
952134|
952135|
952160|
952161|
952162|
952163|
952164|
952165|
952166|
952167|
952192|
952193|
952194|
952195|
952196|
952197|
952198|
952199|
952224|
952225|
952226|
952227|
952228|
952229|
952230|
952231|
952256|
952257|
952258|
952259|
952260|
952261|
952262|
952263|
952288|
952289|
952290|
952291|
952292|
952293|
952294|
952295|
952320|
952321|
952322|
952323|
952324|
952325|
952326|
952327|
952352|
952353|
952354|
952355|
952356|
952357|
952358|
952359|
952384|
952385|
952386|
952387|
952388|
952389|
952390|
952391|
952416|
952417|
952418|
952419|
952420|
952421|
952422|
952423|
952448|
952449|
952450|
952451|
952452|
952453|
952454|
952455|
952480|
952481|
952482|
952483|
952484|
952485|
952486|
952487|
952512|
952513|
952514|
952515|
952516|
952517|
952518|
952519|
952544|
952545|
952546|
952547|
952548|
952549|
952550|
952551|
952576|
952577|
952578|
952579|
952580|
952581|
952582|
952583|
952608|
952609|
952610|
952611|
952612|
952613|
952614|
952615|
952640|
952641|
952642|
952643|
952644|
952645|
952646|
952647|
952672|
952673|
952674|
952675|
952676|
952677|
952678|
952679|
952704|
952705|
952706|
952707|
952708|
952709|
952710|
952711|
952736|
952737|
952738|
952739|
952740|
952741|
952742|
952743|
952768|
952769|
952770|
952771|
952772|
952773|
952774|
952775|
952800|
952801|
952802|
952803|
952804|
952805|
952806|
952807|
952832|
952833|
952834|
952835|
952836|
952837|
952838|
952839|
952864|
952865|
952866|
952867|
952868|
952869|
952870|
952871|
952896|
952897|
952898|
952899|
952900|
952901|
952902|
952903|
952928|
952929|
952930|
952931|
952932|
952933|
952934|
952935|
952960|
952961|
952962|
952963|
952964|
952965|
952966|
952967|
952992|
952993|
952994|
952995|
952996|
952997|
952998|
952999|
953024|
953025|
953026|
953027|
953028|
953029|
953030|
953031|
953056|
953057|
953058|
953059|
953060|
953061|
953062|
953063|
953088|
953089|
953090|
953091|
953092|
953093|
953094|
953095|
953120|
953121|
953122|
953123|
953124|
953125|
953126|
953127|
953152|
953153|
953154|
953155|
953156|
953157|
953158|
953159|
953184|
953185|
953186|
953187|
953188|
953189|
953190|
953191|
953216|
953217|
953218|
953219|
953220|
953221|
953222|
953223|
953248|
953249|
953250|
953251|
953252|
953253|
953254|
953255|
953280|
953281|
953282|
953283|
953284|
953285|
953286|
953287|
953312|
953313|
953314|
953315|
953316|
953317|
953318|
953319|
953344|
953345|
953346|
953347|
953348|
953349|
953350|
953351|
953376|
953377|
953378|
953379|
953380|
953381|
953382|
953383|
953408|
953409|
953410|
953411|
953412|
953413|
953414|
953415|
953440|
953441|
953442|
953443|
953444|
953445|
953446|
953447|
953472|
953473|
953474|
953475|
953476|
953477|
953478|
953479|
953504|
953505|
953506|
953507|
953508|
953509|
953510|
953511|
953536|
953537|
953538|
953539|
953540|
953541|
953542|
953543|
953568|
953569|
953570|
953571|
953572|
953573|
953574|
953575|
953600|
953601|
953602|
953603|
953604|
953605|
953606|
953607|
953632|
953633|
953634|
953635|
953636|
953637|
953638|
953639|
953664|
953665|
953666|
953667|
953668|
953669|
953670|
953671|
953696|
953697|
953698|
953699|
953700|
953701|
953702|
953703|
953728|
953729|
953730|
953731|
953732|
953733|
953734|
953735|
953760|
953761|
953762|
953763|
953764|
953765|
953766|
953767|
953792|
953793|
953794|
953795|
953796|
953797|
953798|
953799|
953824|
953825|
953826|
953827|
953828|
953829|
953830|
953831|
953856|
953857|
953858|
953859|
953860|
953861|
953862|
953863|
953888|
953889|
953890|
953891|
953892|
953893|
953894|
953895|
953920|
953921|
953922|
953923|
953924|
953925|
953926|
953927|
953952|
953953|
953954|
953955|
953956|
953957|
953958|
953959|
953984|
953985|
953986|
953987|
953988|
