2232001|
2232002|
2232003|
2232004|
2232005|
2232006|
2232007|
2232032|
2232033|
2232034|
2232035|
2232036|
2232037|
2232038|
2232039|
2232064|
2232065|
2232066|
2232067|
2232068|
2232069|
2232070|
2232071|
2232096|
2232097|
2232098|
2232099|
2232100|
2232101|
2232102|
2232103|
2232128|
2232129|
2232130|
2232131|
2232132|
2232133|
2232134|
2232135|
2232160|
2232161|
2232162|
2232163|
2232164|
2232165|
2232166|
2232167|
2232192|
2232193|
2232194|
2232195|
2232196|
2232197|
2232198|
2232199|
2232224|
2232225|
2232226|
2232227|
2232228|
2232229|
2232230|
2232231|
2232256|
2232257|
2232258|
2232259|
2232260|
2232261|
2232262|
2232263|
2232288|
2232289|
2232290|
2232291|
2232292|
2232293|
2232294|
2232295|
2232320|
2232321|
2232322|
2232323|
2232324|
2232325|
2232326|
2232327|
2232352|
2232353|
2232354|
2232355|
2232356|
2232357|
2232358|
2232359|
2232384|
2232385|
2232386|
2232387|
2232388|
2232389|
2232390|
2232391|
2232416|
2232417|
2232418|
2232419|
2232420|
2232421|
2232422|
2232423|
2232448|
2232449|
2232450|
2232451|
2232452|
2232453|
2232454|
2232455|
2232480|
2232481|
2232482|
2232483|
2232484|
2232485|
2232486|
2232487|
2232512|
2232513|
2232514|
2232515|
2232516|
2232517|
2232518|
2232519|
2232544|
2232545|
2232546|
2232547|
2232548|
2232549|
2232550|
2232551|
2232576|
2232577|
2232578|
2232579|
2232580|
2232581|
2232582|
2232583|
2232608|
2232609|
2232610|
2232611|
2232612|
2232613|
2232614|
2232615|
2232640|
2232641|
2232642|
2232643|
2232644|
2232645|
2232646|
2232647|
2232672|
2232673|
2232674|
2232675|
2232676|
2232677|
2232678|
2232679|
2232704|
2232705|
2232706|
2232707|
2232708|
2232709|
2232710|
2232711|
2232736|
2232737|
2232738|
2232739|
2232740|
2232741|
2232742|
2232743|
2232768|
2232769|
2232770|
2232771|
2232772|
2232773|
2232774|
2232775|
2232800|
2232801|
2232802|
2232803|
2232804|
2232805|
2232806|
2232807|
2232832|
2232833|
2232834|
2232835|
2232836|
2232837|
2232838|
2232839|
2232864|
2232865|
2232866|
2232867|
2232868|
2232869|
2232870|
2232871|
2232896|
2232897|
2232898|
2232899|
2232900|
2232901|
2232902|
2232903|
2232928|
2232929|
2232930|
2232931|
2232932|
2232933|
2232934|
2232935|
2232960|
2232961|
2232962|
2232963|
2232964|
2232965|
2232966|
2232967|
2232992|
2232993|
2232994|
2232995|
2232996|
2232997|
2232998|
2232999|
2233024|
2233025|
2233026|
2233027|
2233028|
2233029|
2233030|
2233031|
2233056|
2233057|
2233058|
2233059|
2233060|
2233061|
2233062|
2233063|
2233088|
2233089|
2233090|
2233091|
2233092|
2233093|
2233094|
2233095|
2233120|
2233121|
2233122|
2233123|
2233124|
2233125|
2233126|
2233127|
2233152|
2233153|
2233154|
2233155|
2233156|
2233157|
2233158|
2233159|
2233184|
2233185|
2233186|
2233187|
2233188|
2233189|
2233190|
2233191|
2233216|
2233217|
2233218|
2233219|
2233220|
2233221|
2233222|
2233223|
2233248|
2233249|
2233250|
2233251|
2233252|
2233253|
2233254|
2233255|
2233280|
2233281|
2233282|
2233283|
2233284|
2233285|
2233286|
2233287|
2233312|
2233313|
2233314|
2233315|
2233316|
2233317|
2233318|
2233319|
2233344|
2233345|
2233346|
2233347|
2233348|
2233349|
2233350|
2233351|
2233376|
2233377|
2233378|
2233379|
2233380|
2233381|
2233382|
2233383|
2233408|
2233409|
2233410|
2233411|
2233412|
2233413|
2233414|
2233415|
2233440|
2233441|
2233442|
2233443|
2233444|
2233445|
2233446|
2233447|
2233472|
2233473|
2233474|
2233475|
2233476|
2233477|
2233478|
2233479|
2233504|
2233505|
2233506|
2233507|
2233508|
2233509|
2233510|
2233511|
2233536|
2233537|
2233538|
2233539|
2233540|
2233541|
2233542|
2233543|
2233568|
2233569|
2233570|
2233571|
2233572|
2233573|
2233574|
2233575|
2233600|
2233601|
2233602|
2233603|
2233604|
2233605|
2233606|
2233607|
2233632|
2233633|
2233634|
2233635|
2233636|
2233637|
2233638|
2233639|
2233664|
2233665|
2233666|
2233667|
2233668|
2233669|
2233670|
2233671|
2233696|
2233697|
2233698|
2233699|
2233700|
2233701|
2233702|
2233703|
2233728|
2233729|
2233730|
2233731|
2233732|
2233733|
2233734|
2233735|
2233760|
2233761|
2233762|
2233763|
2233764|
2233765|
2233766|
2233767|
2233792|
2233793|
2233794|
2233795|
2233796|
2233797|
2233798|
2233799|
2233824|
2233825|
2233826|
2233827|
2233828|
2233829|
2233830|
2233831|
2233856|
2233857|
2233858|
2233859|
2233860|
2233861|
2233862|
2233863|
2233888|
2233889|
2233890|
2233891|
2233892|
2233893|
2233894|
2233895|
2233920|
2233921|
2233922|
2233923|
2233924|
2233925|
2233926|
2233927|
2233952|
2233953|
2233954|
2233955|
2233956|
2233957|
2233958|
2233959|
2233984|
2233985|
2233986|
2233987|
2233988|
2233989|
2233990|
2233991|
2234016|
2234017|
2234018|
2234019|
2234020|
2234021|
2234022|
2234023|
2234048|
2234049|
2234050|
2234051|
2234052|
2234053|
2234054|
2234055|
2234080|
2234081|
2234082|
2234083|
2234084|
2234085|
2234086|
2234087|
2234112|
2234113|
2234114|
2234115|
2234116|
2234117|
2234118|
2234119|
2234144|
2234145|
2234146|
2234147|
2234148|
2234149|
2234150|
2234151|
2234176|
2234177|
2234178|
2234179|
2234180|
2234181|
2234182|
2234183|
2234208|
2234209|
2234210|
2234211|
2234212|
2234213|
2234214|
2234215|
2234240|
2234241|
2234242|
2234243|
2234244|
2234245|
2234246|
2234247|
2234272|
2234273|
2234274|
2234275|
2234276|
2234277|
2234278|
2234279|
2234304|
2234305|
2234306|
2234307|
2234308|
2234309|
2234310|
2234311|
2234336|
2234337|
2234338|
2234339|
2234340|
2234341|
2234342|
2234343|
2234368|
2234369|
2234370|
2234371|
2234372|
2234373|
2234374|
2234375|
2234400|
2234401|
2234402|
2234403|
2234404|
2234405|
2234406|
2234407|
2234432|
2234433|
2234434|
2234435|
2234436|
2234437|
2234438|
2234439|
2234464|
2234465|
2234466|
2234467|
2234468|
2234469|
2234470|
2234471|
2234496|
2234497|
2234498|
2234499|
2234500|
2234501|
2234502|
2234503|
2234528|
2234529|
2234530|
2234531|
2234532|
2234533|
2234534|
2234535|
2234560|
2234561|
2234562|
2234563|
2234564|
2234565|
2234566|
2234567|
2234592|
2234593|
2234594|
2234595|
2234596|
2234597|
2234598|
2234599|
2234624|
2234625|
2234626|
2234627|
2234628|
2234629|
2234630|
2234631|
2234656|
2234657|
2234658|
2234659|
2234660|
2234661|
2234662|
2234663|
2234688|
2234689|
2234690|
2234691|
2234692|
2234693|
2234694|
2234695|
2234720|
2234721|
2234722|
2234723|
2234724|
2234725|
2234726|
2234727|
2234752|
2234753|
2234754|
2234755|
2234756|
2234757|
2234758|
2234759|
2234784|
2234785|
2234786|
2234787|
2234788|
2234789|
2234790|
2234791|
2234816|
2234817|
2234818|
2234819|
2234820|
2234821|
2234822|
2234823|
2234848|
2234849|
2234850|
2234851|
2234852|
2234853|
2234854|
2234855|
2234880|
2234881|
2234882|
2234883|
2234884|
2234885|
2234886|
2234887|
2234912|
2234913|
2234914|
2234915|
2234916|
2234917|
2234918|
2234919|
2234944|
2234945|
2234946|
2234947|
2234948|
2234949|
2234950|
2234951|
2234976|
2234977|
2234978|
2234979|
2234980|
2234981|
2234982|
2234983|
2235008|
2235009|
2235010|
2235011|
2235012|
2235013|
2235014|
2235015|
2235040|
2235041|
2235042|
2235043|
2235044|
2235045|
2235046|
2235047|
2235072|
2235073|
2235074|
2235075|
2235076|
2235077|
2235078|
2235079|
2235104|
2235105|
2235106|
2235107|
2235108|
2235109|
2235110|
2235111|
2235136|
2235137|
2235138|
2235139|
2235140|
2235141|
2235142|
2235143|
2235168|
2235169|
2235170|
2235171|
2235172|
2235173|
2235174|
2235175|
2235200|
2235201|
2235202|
2235203|
2235204|
2235205|
2235206|
2235207|
2235232|
2235233|
2235234|
2235235|
2235236|
2235237|
2235238|
2235239|
2235264|
2235265|
2235266|
2235267|
2235268|
2235269|
2235270|
2235271|
2235296|
2235297|
2235298|
2235299|
2235300|
2235301|
2235302|
2235303|
2235328|
2235329|
2235330|
2235331|
2235332|
2235333|
2235334|
2235335|
2235360|
2235361|
2235362|
2235363|
2235364|
2235365|
2235366|
2235367|
2235392|
2235393|
2235394|
2235395|
2235396|
2235397|
2235398|
2235399|
2235424|
2235425|
2235426|
2235427|
2235428|
2235429|
2235430|
2235431|
2235456|
2235457|
2235458|
2235459|
2235460|
2235461|
2235462|
2235463|
2235488|
2235489|
2235490|
2235491|
2235492|
2235493|
2235494|
2235495|
2235520|
2235521|
2235522|
2235523|
2235524|
2235525|
2235526|
2235527|
2235552|
2235553|
2235554|
2235555|
2235556|
2235557|
2235558|
2235559|
2235584|
2235585|
2235586|
2235587|
2235588|
2235589|
2235590|
2235591|
2235616|
2235617|
2235618|
2235619|
2235620|
2235621|
2235622|
2235623|
2235648|
2235649|
2235650|
2235651|
2235652|
2235653|
2235654|
2235655|
2235680|
2235681|
2235682|
2235683|
2235684|
2235685|
2235686|
2235687|
2235712|
2235713|
2235714|
2235715|
2235716|
2235717|
2235718|
2235719|
2235744|
2235745|
2235746|
2235747|
2235748|
2235749|
2235750|
2235751|
2235776|
2235777|
2235778|
2235779|
2235780|
2235781|
2235782|
2235783|
2235808|
2235809|
2235810|
2235811|
2235812|
2235813|
2235814|
2235815|
2235840|
2235841|
2235842|
2235843|
2235844|
2235845|
2235846|
2235847|
2235872|
2235873|
2235874|
2235875|
2235876|
2235877|
2235878|
2235879|
2235904|
2235905|
2235906|
2235907|
2235908|
2235909|
2235910|
2235911|
2235936|
2235937|
2235938|
2235939|
2235940|
2235941|
2235942|
2235943|
2235968|
2235969|
2235970|
2235971|
2235972|
2235973|
2235974|
2235975|
2236000|
2236001|
2236002|
2236003|
2236004|
2236005|
2236006|
2236007|
2236032|
2236033|
2236034|
2236035|
2236036|
2236037|
2236038|
2236039|
2236064|
2236065|
2236066|
2236067|
2236068|
2236069|
2236070|
2236071|
2236096|
2236097|
2236098|
2236099|
2236100|
2236101|
2236102|
2236103|
2236128|
2236129|
2236130|
2236131|
2236132|
2236133|
2236134|
2236135|
2236160|
2236161|
2236162|
2236163|
2236164|
2236165|
2236166|
2236167|
2236192|
2236193|
2236194|
2236195|
2236196|
2236197|
2236198|
2236199|
2236224|
2236225|
2236226|
2236227|
2236228|
2236229|
2236230|
2236231|
2236256|
2236257|
2236258|
2236259|
2236260|
2236261|
2236262|
2236263|
2236288|
2236289|
2236290|
2236291|
2236292|
2236293|
2236294|
2236295|
2236320|
2236321|
2236322|
2236323|
2236324|
2236325|
2236326|
2236327|
2236352|
2236353|
2236354|
2236355|
2236356|
2236357|
2236358|
2236359|
2236384|
2236385|
2236386|
2236387|
2236388|
2236389|
2236390|
2236391|
2236416|
2236417|
2236418|
2236419|
2236420|
2236421|
2236422|
2236423|
2236448|
2236449|
2236450|
2236451|
2236452|
2236453|
2236454|
2236455|
2236480|
2236481|
2236482|
2236483|
2236484|
2236485|
2236486|
2236487|
2236512|
2236513|
2236514|
2236515|
2236516|
2236517|
2236518|
2236519|
2236544|
2236545|
2236546|
2236547|
2236548|
2236549|
2236550|
2236551|
2236576|
2236577|
2236578|
2236579|
2236580|
2236581|
2236582|
2236583|
2236608|
2236609|
2236610|
2236611|
2236612|
2236613|
2236614|
2236615|
2236640|
2236641|
2236642|
2236643|
2236644|
2236645|
2236646|
2236647|
2236672|
2236673|
2236674|
2236675|
2236676|
2236677|
2236678|
2236679|
2236704|
2236705|
2236706|
2236707|
2236708|
2236709|
2236710|
2236711|
2236736|
2236737|
2236738|
2236739|
2236740|
2236741|
2236742|
2236743|
2236768|
2236769|
2236770|
2236771|
2236772|
2236773|
2236774|
2236775|
2236800|
2236801|
2236802|
2236803|
2236804|
2236805|
2236806|
2236807|
2236832|
2236833|
2236834|
2236835|
2236836|
2236837|
2236838|
2236839|
2236864|
2236865|
2236866|
2236867|
2236868|
2236869|
2236870|
2236871|
2236896|
2236897|
2236898|
2236899|
2236900|
2236901|
2236902|
2236903|
2236928|
2236929|
2236930|
2236931|
2236932|
2236933|
2236934|
2236935|
2236960|
2236961|
2236962|
2236963|
2236964|
2236965|
2236966|
2236967|
2236992|
2236993|
2236994|
2236995|
2236996|
2236997|
2236998|
2236999|
2237024|
2237025|
2237026|
2237027|
2237028|
2237029|
2237030|
2237031|
2237056|
2237057|
2237058|
2237059|
2237060|
2237061|
2237062|
2237063|
2237088|
2237089|
2237090|
2237091|
2237092|
2237093|
2237094|
2237095|
2237120|
2237121|
2237122|
2237123|
2237124|
2237125|
2237126|
2237127|
2237152|
2237153|
2237154|
2237155|
2237156|
2237157|
2237158|
2237159|
2237184|
2237185|
2237186|
2237187|
2237188|
2237189|
2237190|
2237191|
2237216|
2237217|
2237218|
2237219|
2237220|
2237221|
2237222|
2237223|
2237248|
2237249|
2237250|
2237251|
2237252|
2237253|
2237254|
2237255|
2237280|
2237281|
2237282|
2237283|
2237284|
2237285|
2237286|
2237287|
2237312|
2237313|
2237314|
2237315|
2237316|
2237317|
2237318|
2237319|
2237344|
2237345|
2237346|
2237347|
2237348|
2237349|
2237350|
2237351|
2237376|
2237377|
2237378|
2237379|
2237380|
2237381|
2237382|
2237383|
2237408|
2237409|
2237410|
2237411|
2237412|
2237413|
2237414|
2237415|
2237440|
2237441|
2237442|
2237443|
2237444|
2237445|
2237446|
2237447|
2237472|
2237473|
2237474|
2237475|
2237476|
2237477|
2237478|
2237479|
2237504|
2237505|
2237506|
2237507|
2237508|
2237509|
2237510|
2237511|
2237536|
2237537|
2237538|
2237539|
2237540|
2237541|
2237542|
2237543|
2237568|
2237569|
2237570|
2237571|
2237572|
2237573|
2237574|
2237575|
2237600|
2237601|
2237602|
2237603|
2237604|
2237605|
2237606|
2237607|
2237632|
2237633|
2237634|
2237635|
2237636|
2237637|
2237638|
2237639|
2237664|
2237665|
2237666|
2237667|
2237668|
2237669|
2237670|
2237671|
2237696|
2237697|
2237698|
2237699|
2237700|
2237701|
2237702|
2237703|
2237728|
2237729|
2237730|
2237731|
2237732|
2237733|
2237734|
2237735|
2237760|
2237761|
2237762|
2237763|
2237764|
2237765|
2237766|
2237767|
2237792|
2237793|
2237794|
2237795|
2237796|
2237797|
2237798|
2237799|
2237824|
2237825|
2237826|
2237827|
2237828|
2237829|
2237830|
2237831|
2237856|
2237857|
2237858|
2237859|
2237860|
2237861|
2237862|
2237863|
2237888|
2237889|
2237890|
2237891|
2237892|
2237893|
2237894|
2237895|
2237920|
2237921|
2237922|
2237923|
2237924|
2237925|
2237926|
2237927|
2237952|
2237953|
2237954|
2237955|
2237956|
2237957|
2237958|
2237959|
2237984|
2237985|
2237986|
2237987|
2237988|
