581989|
581990|
581991|
582016|
582017|
582018|
582019|
582020|
582021|
582022|
582023|
582048|
582049|
582050|
582051|
582052|
582053|
582054|
582055|
582080|
582081|
582082|
582083|
582084|
582085|
582086|
582087|
582112|
582113|
582114|
582115|
582116|
582117|
582118|
582119|
582144|
582145|
582146|
582147|
582148|
582149|
582150|
582151|
582176|
582177|
582178|
582179|
582180|
582181|
582182|
582183|
582208|
582209|
582210|
582211|
582212|
582213|
582214|
582215|
582240|
582241|
582242|
582243|
582244|
582245|
582246|
582247|
582272|
582273|
582274|
582275|
582276|
582277|
582278|
582279|
582304|
582305|
582306|
582307|
582308|
582309|
582310|
582311|
582336|
582337|
582338|
582339|
582340|
582341|
582342|
582343|
582368|
582369|
582370|
582371|
582372|
582373|
582374|
582375|
582400|
582401|
582402|
582403|
582404|
582405|
582406|
582407|
582432|
582433|
582434|
582435|
582436|
582437|
582438|
582439|
582464|
582465|
582466|
582467|
582468|
582469|
582470|
582471|
582496|
582497|
582498|
582499|
582500|
582501|
582502|
582503|
582528|
582529|
582530|
582531|
582532|
582533|
582534|
582535|
582560|
582561|
582562|
582563|
582564|
582565|
582566|
582567|
582592|
582593|
582594|
582595|
582596|
582597|
582598|
582599|
582624|
582625|
582626|
582627|
582628|
582629|
582630|
582631|
582656|
582657|
582658|
582659|
582660|
582661|
582662|
582663|
582688|
582689|
582690|
582691|
582692|
582693|
582694|
582695|
582720|
582721|
582722|
582723|
582724|
582725|
582726|
582727|
582752|
582753|
582754|
582755|
582756|
582757|
582758|
582759|
582784|
582785|
582786|
582787|
582788|
582789|
582790|
582791|
582816|
582817|
582818|
582819|
582820|
582821|
582822|
582823|
582848|
582849|
582850|
582851|
582852|
582853|
582854|
582855|
582880|
582881|
582882|
582883|
582884|
582885|
582886|
582887|
582912|
582913|
582914|
582915|
582916|
582917|
582918|
582919|
582944|
582945|
582946|
582947|
582948|
582949|
582950|
582951|
582976|
582977|
582978|
582979|
582980|
582981|
582982|
582983|
583008|
583009|
583010|
583011|
583012|
583013|
583014|
583015|
583040|
583041|
583042|
583043|
583044|
583045|
583046|
583047|
583072|
583073|
583074|
583075|
583076|
583077|
583078|
583079|
583104|
583105|
583106|
583107|
583108|
583109|
583110|
583111|
583136|
583137|
583138|
583139|
583140|
583141|
583142|
583143|
583168|
583169|
583170|
583171|
583172|
583173|
583174|
583175|
583200|
583201|
583202|
583203|
583204|
583205|
583206|
583207|
583232|
583233|
583234|
583235|
583236|
583237|
583238|
583239|
583264|
583265|
583266|
583267|
583268|
583269|
583270|
583271|
583296|
583297|
583298|
583299|
583300|
583301|
583302|
583303|
583328|
583329|
583330|
583331|
583332|
583333|
583334|
583335|
583360|
583361|
583362|
583363|
583364|
583365|
583366|
583367|
583392|
583393|
583394|
583395|
583396|
583397|
583398|
583399|
583424|
583425|
583426|
583427|
583428|
583429|
583430|
583431|
583456|
583457|
583458|
583459|
583460|
583461|
583462|
583463|
583488|
583489|
583490|
583491|
583492|
583493|
583494|
583495|
583520|
583521|
583522|
583523|
583524|
583525|
583526|
583527|
583552|
583553|
583554|
583555|
583556|
583557|
583558|
583559|
583584|
583585|
583586|
583587|
583588|
583589|
583590|
583591|
583616|
583617|
583618|
583619|
583620|
583621|
583622|
583623|
583648|
583649|
583650|
583651|
583652|
583653|
583654|
583655|
583680|
583681|
583682|
583683|
583684|
583685|
583686|
583687|
583712|
583713|
583714|
583715|
583716|
583717|
583718|
583719|
583744|
583745|
583746|
583747|
583748|
583749|
583750|
583751|
583776|
583777|
583778|
583779|
583780|
583781|
583782|
583783|
583808|
583809|
583810|
583811|
583812|
583813|
583814|
583815|
583840|
583841|
583842|
583843|
583844|
583845|
583846|
583847|
583872|
583873|
583874|
583875|
583876|
583877|
583878|
583879|
583904|
583905|
583906|
583907|
583908|
583909|
583910|
583911|
583936|
583937|
583938|
583939|
583940|
583941|
583942|
583943|
583968|
583969|
583970|
583971|
583972|
583973|
583974|
583975|
584000|
584001|
584002|
584003|
584004|
584005|
584006|
584007|
584032|
584033|
584034|
584035|
584036|
584037|
584038|
584039|
584064|
584065|
584066|
584067|
584068|
584069|
584070|
584071|
584096|
584097|
584098|
584099|
584100|
584101|
584102|
584103|
584128|
584129|
584130|
584131|
584132|
584133|
584134|
584135|
584160|
584161|
584162|
584163|
584164|
584165|
584166|
584167|
584192|
584193|
584194|
584195|
584196|
584197|
584198|
584199|
584224|
584225|
584226|
584227|
584228|
584229|
584230|
584231|
584256|
584257|
584258|
584259|
584260|
584261|
584262|
584263|
584288|
584289|
584290|
584291|
584292|
584293|
584294|
584295|
584320|
584321|
584322|
584323|
584324|
584325|
584326|
584327|
584352|
584353|
584354|
584355|
584356|
584357|
584358|
584359|
584384|
584385|
584386|
584387|
584388|
584389|
584390|
584391|
584416|
584417|
584418|
584419|
584420|
584421|
584422|
584423|
584448|
584449|
584450|
584451|
584452|
584453|
584454|
584455|
584480|
584481|
584482|
584483|
584484|
584485|
584486|
584487|
584512|
584513|
584514|
584515|
584516|
584517|
584518|
584519|
584544|
584545|
584546|
584547|
584548|
584549|
584550|
584551|
584576|
584577|
584578|
584579|
584580|
584581|
584582|
584583|
584608|
584609|
584610|
584611|
584612|
584613|
584614|
584615|
584640|
584641|
584642|
584643|
584644|
584645|
584646|
584647|
584672|
584673|
584674|
584675|
584676|
584677|
584678|
584679|
584704|
584705|
584706|
584707|
584708|
584709|
584710|
584711|
584736|
584737|
584738|
584739|
584740|
584741|
584742|
584743|
584768|
584769|
584770|
584771|
584772|
584773|
584774|
584775|
584800|
584801|
584802|
584803|
584804|
584805|
584806|
584807|
584832|
584833|
584834|
584835|
584836|
584837|
584838|
584839|
584864|
584865|
584866|
584867|
584868|
584869|
584870|
584871|
584896|
584897|
584898|
584899|
584900|
584901|
584902|
584903|
584928|
584929|
584930|
584931|
584932|
584933|
584934|
584935|
584960|
584961|
584962|
584963|
584964|
584965|
584966|
584967|
584992|
584993|
584994|
584995|
584996|
584997|
584998|
584999|
585024|
585025|
585026|
585027|
585028|
585029|
585030|
585031|
585056|
585057|
585058|
585059|
585060|
585061|
585062|
585063|
585088|
585089|
585090|
585091|
585092|
585093|
585094|
585095|
585120|
585121|
585122|
585123|
585124|
585125|
585126|
585127|
585152|
585153|
585154|
585155|
585156|
585157|
585158|
585159|
585184|
585185|
585186|
585187|
585188|
585189|
585190|
585191|
585216|
585217|
585218|
585219|
585220|
585221|
585222|
585223|
585248|
585249|
585250|
585251|
585252|
585253|
585254|
585255|
585280|
585281|
585282|
585283|
585284|
585285|
585286|
585287|
585312|
585313|
585314|
585315|
585316|
585317|
585318|
585319|
585344|
585345|
585346|
585347|
585348|
585349|
585350|
585351|
585376|
585377|
585378|
585379|
585380|
585381|
585382|
585383|
585408|
585409|
585410|
585411|
585412|
585413|
585414|
585415|
585440|
585441|
585442|
585443|
585444|
585445|
585446|
585447|
585472|
585473|
585474|
585475|
585476|
585477|
585478|
585479|
585504|
585505|
585506|
585507|
585508|
585509|
585510|
585511|
585536|
585537|
585538|
585539|
585540|
585541|
585542|
585543|
585568|
585569|
585570|
585571|
585572|
585573|
585574|
585575|
585600|
585601|
585602|
585603|
585604|
585605|
585606|
585607|
585632|
585633|
585634|
585635|
585636|
585637|
585638|
585639|
585664|
585665|
585666|
585667|
585668|
585669|
585670|
585671|
585696|
585697|
585698|
585699|
585700|
585701|
585702|
585703|
585728|
585729|
585730|
585731|
585732|
585733|
585734|
585735|
585760|
585761|
585762|
585763|
585764|
585765|
585766|
585767|
585792|
585793|
585794|
585795|
585796|
585797|
585798|
585799|
585824|
585825|
585826|
585827|
585828|
585829|
585830|
585831|
585856|
585857|
585858|
585859|
585860|
585861|
585862|
585863|
585888|
585889|
585890|
585891|
585892|
585893|
585894|
585895|
585920|
585921|
585922|
585923|
585924|
585925|
585926|
585927|
585952|
585953|
585954|
585955|
585956|
585957|
585958|
585959|
585984|
585985|
585986|
585987|
585988|
585989|
585990|
585991|
586016|
586017|
586018|
586019|
586020|
586021|
586022|
586023|
586048|
586049|
586050|
586051|
586052|
586053|
586054|
586055|
586080|
586081|
586082|
586083|
586084|
586085|
586086|
586087|
586112|
586113|
586114|
586115|
586116|
586117|
586118|
586119|
586144|
586145|
586146|
586147|
586148|
586149|
586150|
586151|
586176|
586177|
586178|
586179|
586180|
586181|
586182|
586183|
586208|
586209|
586210|
586211|
586212|
586213|
586214|
586215|
586240|
586241|
586242|
586243|
586244|
586245|
586246|
586247|
586272|
586273|
586274|
586275|
586276|
586277|
586278|
586279|
586304|
586305|
586306|
586307|
586308|
586309|
586310|
586311|
586336|
586337|
586338|
586339|
586340|
586341|
586342|
586343|
586368|
586369|
586370|
586371|
586372|
586373|
586374|
586375|
586400|
586401|
586402|
586403|
586404|
586405|
586406|
586407|
586432|
586433|
586434|
586435|
586436|
586437|
586438|
586439|
586464|
586465|
586466|
586467|
586468|
586469|
586470|
586471|
586496|
586497|
586498|
586499|
586500|
586501|
586502|
586503|
586528|
586529|
586530|
586531|
586532|
586533|
586534|
586535|
586560|
586561|
586562|
586563|
586564|
586565|
586566|
586567|
586592|
586593|
586594|
586595|
586596|
586597|
586598|
586599|
586624|
586625|
586626|
586627|
586628|
586629|
586630|
586631|
586656|
586657|
586658|
586659|
586660|
586661|
586662|
586663|
586688|
586689|
586690|
586691|
586692|
586693|
586694|
586695|
586720|
586721|
586722|
586723|
586724|
586725|
586726|
586727|
586752|
586753|
586754|
586755|
586756|
586757|
586758|
586759|
586784|
586785|
586786|
586787|
586788|
586789|
586790|
586791|
586816|
586817|
586818|
586819|
586820|
586821|
586822|
586823|
586848|
586849|
586850|
586851|
586852|
586853|
586854|
586855|
586880|
586881|
586882|
586883|
586884|
586885|
586886|
586887|
586912|
586913|
586914|
586915|
586916|
586917|
586918|
586919|
586944|
586945|
586946|
586947|
586948|
586949|
586950|
586951|
586976|
586977|
586978|
586979|
586980|
586981|
586982|
586983|
587008|
587009|
587010|
587011|
587012|
587013|
587014|
587015|
587040|
587041|
587042|
587043|
587044|
587045|
587046|
587047|
587072|
587073|
587074|
587075|
587076|
587077|
587078|
587079|
587104|
587105|
587106|
587107|
587108|
587109|
587110|
587111|
587136|
587137|
587138|
587139|
587140|
587141|
587142|
587143|
587168|
587169|
587170|
587171|
587172|
587173|
587174|
587175|
587200|
587201|
587202|
587203|
587204|
587205|
587206|
587207|
587232|
587233|
587234|
587235|
587236|
587237|
587238|
587239|
587264|
587265|
587266|
587267|
587268|
587269|
587270|
587271|
587296|
587297|
587298|
587299|
587300|
587301|
587302|
587303|
587328|
587329|
587330|
587331|
587332|
587333|
587334|
587335|
587360|
587361|
587362|
587363|
587364|
587365|
587366|
587367|
587392|
587393|
587394|
587395|
587396|
587397|
587398|
587399|
587424|
587425|
587426|
587427|
587428|
587429|
587430|
587431|
587456|
587457|
587458|
587459|
587460|
587461|
587462|
587463|
587488|
587489|
587490|
587491|
587492|
587493|
587494|
587495|
587520|
587521|
587522|
587523|
587524|
587525|
587526|
587527|
587552|
587553|
587554|
587555|
587556|
587557|
587558|
587559|
587584|
587585|
587586|
587587|
587588|
587589|
587590|
587591|
587616|
587617|
587618|
587619|
587620|
587621|
587622|
587623|
587648|
587649|
587650|
587651|
587652|
587653|
587654|
587655|
587680|
587681|
587682|
587683|
587684|
587685|
587686|
587687|
587712|
587713|
587714|
587715|
587716|
587717|
587718|
587719|
587744|
587745|
587746|
587747|
587748|
587749|
587750|
587751|
587776|
587777|
587778|
587779|
587780|
587781|
587782|
587783|
587808|
587809|
587810|
587811|
587812|
587813|
587814|
587815|
587840|
587841|
587842|
587843|
587844|
587845|
587846|
587847|
587872|
587873|
587874|
587875|
587876|
587877|
587878|
587879|
587904|
587905|
587906|
587907|
587908|
587909|
587910|
587911|
587936|
587937|
587938|
587939|
587940|
587941|
587942|
587943|
587968|
587969|
587970|
587971|
587972|
587973|
587974|
587975|
588000|
