2105989|
2105990|
2105991|
2106016|
2106017|
2106018|
2106019|
2106020|
2106021|
2106022|
2106023|
2106048|
2106049|
2106050|
2106051|
2106052|
2106053|
2106054|
2106055|
2106080|
2106081|
2106082|
2106083|
2106084|
2106085|
2106086|
2106087|
2106112|
2106113|
2106114|
2106115|
2106116|
2106117|
2106118|
2106119|
2106144|
2106145|
2106146|
2106147|
2106148|
2106149|
2106150|
2106151|
2106176|
2106177|
2106178|
2106179|
2106180|
2106181|
2106182|
2106183|
2106208|
2106209|
2106210|
2106211|
2106212|
2106213|
2106214|
2106215|
2106240|
2106241|
2106242|
2106243|
2106244|
2106245|
2106246|
2106247|
2106272|
2106273|
2106274|
2106275|
2106276|
2106277|
2106278|
2106279|
2106304|
2106305|
2106306|
2106307|
2106308|
2106309|
2106310|
2106311|
2106336|
2106337|
2106338|
2106339|
2106340|
2106341|
2106342|
2106343|
2106368|
2106369|
2106370|
2106371|
2106372|
2106373|
2106374|
2106375|
2106400|
2106401|
2106402|
2106403|
2106404|
2106405|
2106406|
2106407|
2106432|
2106433|
2106434|
2106435|
2106436|
2106437|
2106438|
2106439|
2106464|
2106465|
2106466|
2106467|
2106468|
2106469|
2106470|
2106471|
2106496|
2106497|
2106498|
2106499|
2106500|
2106501|
2106502|
2106503|
2106528|
2106529|
2106530|
2106531|
2106532|
2106533|
2106534|
2106535|
2106560|
2106561|
2106562|
2106563|
2106564|
2106565|
2106566|
2106567|
2106592|
2106593|
2106594|
2106595|
2106596|
2106597|
2106598|
2106599|
2106624|
2106625|
2106626|
2106627|
2106628|
2106629|
2106630|
2106631|
2106656|
2106657|
2106658|
2106659|
2106660|
2106661|
2106662|
2106663|
2106688|
2106689|
2106690|
2106691|
2106692|
2106693|
2106694|
2106695|
2106720|
2106721|
2106722|
2106723|
2106724|
2106725|
2106726|
2106727|
2106752|
2106753|
2106754|
2106755|
2106756|
2106757|
2106758|
2106759|
2106784|
2106785|
2106786|
2106787|
2106788|
2106789|
2106790|
2106791|
2106816|
2106817|
2106818|
2106819|
2106820|
2106821|
2106822|
2106823|
2106848|
2106849|
2106850|
2106851|
2106852|
2106853|
2106854|
2106855|
2106880|
2106881|
2106882|
2106883|
2106884|
2106885|
2106886|
2106887|
2106912|
2106913|
2106914|
2106915|
2106916|
2106917|
2106918|
2106919|
2106944|
2106945|
2106946|
2106947|
2106948|
2106949|
2106950|
2106951|
2106976|
2106977|
2106978|
2106979|
2106980|
2106981|
2106982|
2106983|
2107008|
2107009|
2107010|
2107011|
2107012|
2107013|
2107014|
2107015|
2107040|
2107041|
2107042|
2107043|
2107044|
2107045|
2107046|
2107047|
2107072|
2107073|
2107074|
2107075|
2107076|
2107077|
2107078|
2107079|
2107104|
2107105|
2107106|
2107107|
2107108|
2107109|
2107110|
2107111|
2107136|
2107137|
2107138|
2107139|
2107140|
2107141|
2107142|
2107143|
2107168|
2107169|
2107170|
2107171|
2107172|
2107173|
2107174|
2107175|
2107200|
2107201|
2107202|
2107203|
2107204|
2107205|
2107206|
2107207|
2107232|
2107233|
2107234|
2107235|
2107236|
2107237|
2107238|
2107239|
2107264|
2107265|
2107266|
2107267|
2107268|
2107269|
2107270|
2107271|
2107296|
2107297|
2107298|
2107299|
2107300|
2107301|
2107302|
2107303|
2107328|
2107329|
2107330|
2107331|
2107332|
2107333|
2107334|
2107335|
2107360|
2107361|
2107362|
2107363|
2107364|
2107365|
2107366|
2107367|
2107392|
2107393|
2107394|
2107395|
2107396|
2107397|
2107398|
2107399|
2107424|
2107425|
2107426|
2107427|
2107428|
2107429|
2107430|
2107431|
2107456|
2107457|
2107458|
2107459|
2107460|
2107461|
2107462|
2107463|
2107488|
2107489|
2107490|
2107491|
2107492|
2107493|
2107494|
2107495|
2107520|
2107521|
2107522|
2107523|
2107524|
2107525|
2107526|
2107527|
2107552|
2107553|
2107554|
2107555|
2107556|
2107557|
2107558|
2107559|
2107584|
2107585|
2107586|
2107587|
2107588|
2107589|
2107590|
2107591|
2107616|
2107617|
2107618|
2107619|
2107620|
2107621|
2107622|
2107623|
2107648|
2107649|
2107650|
2107651|
2107652|
2107653|
2107654|
2107655|
2107680|
2107681|
2107682|
2107683|
2107684|
2107685|
2107686|
2107687|
2107712|
2107713|
2107714|
2107715|
2107716|
2107717|
2107718|
2107719|
2107744|
2107745|
2107746|
2107747|
2107748|
2107749|
2107750|
2107751|
2107776|
2107777|
2107778|
2107779|
2107780|
2107781|
2107782|
2107783|
2107808|
2107809|
2107810|
2107811|
2107812|
2107813|
2107814|
2107815|
2107840|
2107841|
2107842|
2107843|
2107844|
2107845|
2107846|
2107847|
2107872|
2107873|
2107874|
2107875|
2107876|
2107877|
2107878|
2107879|
2107904|
2107905|
2107906|
2107907|
2107908|
2107909|
2107910|
2107911|
2107936|
2107937|
2107938|
2107939|
2107940|
2107941|
2107942|
2107943|
2107968|
2107969|
2107970|
2107971|
2107972|
2107973|
2107974|
2107975|
2108000|
2108001|
2108002|
2108003|
2108004|
2108005|
2108006|
2108007|
2108032|
2108033|
2108034|
2108035|
2108036|
2108037|
2108038|
2108039|
2108064|
2108065|
2108066|
2108067|
2108068|
2108069|
2108070|
2108071|
2108096|
2108097|
2108098|
2108099|
2108100|
2108101|
2108102|
2108103|
2108128|
2108129|
2108130|
2108131|
2108132|
2108133|
2108134|
2108135|
2108160|
2108161|
2108162|
2108163|
2108164|
2108165|
2108166|
2108167|
2108192|
2108193|
2108194|
2108195|
2108196|
2108197|
2108198|
2108199|
2108224|
2108225|
2108226|
2108227|
2108228|
2108229|
2108230|
2108231|
2108256|
2108257|
2108258|
2108259|
2108260|
2108261|
2108262|
2108263|
2108288|
2108289|
2108290|
2108291|
2108292|
2108293|
2108294|
2108295|
2108320|
2108321|
2108322|
2108323|
2108324|
2108325|
2108326|
2108327|
2108352|
2108353|
2108354|
2108355|
2108356|
2108357|
2108358|
2108359|
2108384|
2108385|
2108386|
2108387|
2108388|
2108389|
2108390|
2108391|
2108416|
2108417|
2108418|
2108419|
2108420|
2108421|
2108422|
2108423|
2108448|
2108449|
2108450|
2108451|
2108452|
2108453|
2108454|
2108455|
2108480|
2108481|
2108482|
2108483|
2108484|
2108485|
2108486|
2108487|
2108512|
2108513|
2108514|
2108515|
2108516|
2108517|
2108518|
2108519|
2108544|
2108545|
2108546|
2108547|
2108548|
2108549|
2108550|
2108551|
2108576|
2108577|
2108578|
2108579|
2108580|
2108581|
2108582|
2108583|
2108608|
2108609|
2108610|
2108611|
2108612|
2108613|
2108614|
2108615|
2108640|
2108641|
2108642|
2108643|
2108644|
2108645|
2108646|
2108647|
2108672|
2108673|
2108674|
2108675|
2108676|
2108677|
2108678|
2108679|
2108704|
2108705|
2108706|
2108707|
2108708|
2108709|
2108710|
2108711|
2108736|
2108737|
2108738|
2108739|
2108740|
2108741|
2108742|
2108743|
2108768|
2108769|
2108770|
2108771|
2108772|
2108773|
2108774|
2108775|
2108800|
2108801|
2108802|
2108803|
2108804|
2108805|
2108806|
2108807|
2108832|
2108833|
2108834|
2108835|
2108836|
2108837|
2108838|
2108839|
2108864|
2108865|
2108866|
2108867|
2108868|
2108869|
2108870|
2108871|
2108896|
2108897|
2108898|
2108899|
2108900|
2108901|
2108902|
2108903|
2108928|
2108929|
2108930|
2108931|
2108932|
2108933|
2108934|
2108935|
2108960|
2108961|
2108962|
2108963|
2108964|
2108965|
2108966|
2108967|
2108992|
2108993|
2108994|
2108995|
2108996|
2108997|
2108998|
2108999|
2109024|
2109025|
2109026|
2109027|
2109028|
2109029|
2109030|
2109031|
2109056|
2109057|
2109058|
2109059|
2109060|
2109061|
2109062|
2109063|
2109088|
2109089|
2109090|
2109091|
2109092|
2109093|
2109094|
2109095|
2109120|
2109121|
2109122|
2109123|
2109124|
2109125|
2109126|
2109127|
2109152|
2109153|
2109154|
2109155|
2109156|
2109157|
2109158|
2109159|
2109184|
2109185|
2109186|
2109187|
2109188|
2109189|
2109190|
2109191|
2109216|
2109217|
2109218|
2109219|
2109220|
2109221|
2109222|
2109223|
2109248|
2109249|
2109250|
2109251|
2109252|
2109253|
2109254|
2109255|
2109280|
2109281|
2109282|
2109283|
2109284|
2109285|
2109286|
2109287|
2109312|
2109313|
2109314|
2109315|
2109316|
2109317|
2109318|
2109319|
2109344|
2109345|
2109346|
2109347|
2109348|
2109349|
2109350|
2109351|
2109376|
2109377|
2109378|
2109379|
2109380|
2109381|
2109382|
2109383|
2109408|
2109409|
2109410|
2109411|
2109412|
2109413|
2109414|
2109415|
2109440|
2109441|
2109442|
2109443|
2109444|
2109445|
2109446|
2109447|
2109472|
2109473|
2109474|
2109475|
2109476|
2109477|
2109478|
2109479|
2109504|
2109505|
2109506|
2109507|
2109508|
2109509|
2109510|
2109511|
2109536|
2109537|
2109538|
2109539|
2109540|
2109541|
2109542|
2109543|
2109568|
2109569|
2109570|
2109571|
2109572|
2109573|
2109574|
2109575|
2109600|
2109601|
2109602|
2109603|
2109604|
2109605|
2109606|
2109607|
2109632|
2109633|
2109634|
2109635|
2109636|
2109637|
2109638|
2109639|
2109664|
2109665|
2109666|
2109667|
2109668|
2109669|
2109670|
2109671|
2109696|
2109697|
2109698|
2109699|
2109700|
2109701|
2109702|
2109703|
2109728|
2109729|
2109730|
2109731|
2109732|
2109733|
2109734|
2109735|
2109760|
2109761|
2109762|
2109763|
2109764|
2109765|
2109766|
2109767|
2109792|
2109793|
2109794|
2109795|
2109796|
2109797|
2109798|
2109799|
2109824|
2109825|
2109826|
2109827|
2109828|
2109829|
2109830|
2109831|
2109856|
2109857|
2109858|
2109859|
2109860|
2109861|
2109862|
2109863|
2109888|
2109889|
2109890|
2109891|
2109892|
2109893|
2109894|
2109895|
2109920|
2109921|
2109922|
2109923|
2109924|
2109925|
2109926|
2109927|
2109952|
2109953|
2109954|
2109955|
2109956|
2109957|
2109958|
2109959|
2109984|
2109985|
2109986|
2109987|
2109988|
2109989|
2109990|
2109991|
2110016|
2110017|
2110018|
2110019|
2110020|
2110021|
2110022|
2110023|
2110048|
2110049|
2110050|
2110051|
2110052|
2110053|
2110054|
2110055|
2110080|
2110081|
2110082|
2110083|
2110084|
2110085|
2110086|
2110087|
2110112|
2110113|
2110114|
2110115|
2110116|
2110117|
2110118|
2110119|
2110144|
2110145|
2110146|
2110147|
2110148|
2110149|
2110150|
2110151|
2110176|
2110177|
2110178|
2110179|
2110180|
2110181|
2110182|
2110183|
2110208|
2110209|
2110210|
2110211|
2110212|
2110213|
2110214|
2110215|
2110240|
2110241|
2110242|
2110243|
2110244|
2110245|
2110246|
2110247|
2110272|
2110273|
2110274|
2110275|
2110276|
2110277|
2110278|
2110279|
2110304|
2110305|
2110306|
2110307|
2110308|
2110309|
2110310|
2110311|
2110336|
2110337|
2110338|
2110339|
2110340|
2110341|
2110342|
2110343|
2110368|
2110369|
2110370|
2110371|
2110372|
2110373|
2110374|
2110375|
2110400|
2110401|
2110402|
2110403|
2110404|
2110405|
2110406|
2110407|
2110432|
2110433|
2110434|
2110435|
2110436|
2110437|
2110438|
2110439|
2110464|
2110465|
2110466|
2110467|
2110468|
2110469|
2110470|
2110471|
2110496|
2110497|
2110498|
2110499|
2110500|
2110501|
2110502|
2110503|
2110528|
2110529|
2110530|
2110531|
2110532|
2110533|
2110534|
2110535|
2110560|
2110561|
2110562|
2110563|
2110564|
2110565|
2110566|
2110567|
2110592|
2110593|
2110594|
2110595|
2110596|
2110597|
2110598|
2110599|
2110624|
2110625|
2110626|
2110627|
2110628|
2110629|
2110630|
2110631|
2110656|
2110657|
2110658|
2110659|
2110660|
2110661|
2110662|
2110663|
2110688|
2110689|
2110690|
2110691|
2110692|
2110693|
2110694|
2110695|
2110720|
2110721|
2110722|
2110723|
2110724|
2110725|
2110726|
2110727|
2110752|
2110753|
2110754|
2110755|
2110756|
2110757|
2110758|
2110759|
2110784|
2110785|
2110786|
2110787|
2110788|
2110789|
2110790|
2110791|
2110816|
2110817|
2110818|
2110819|
2110820|
2110821|
2110822|
2110823|
2110848|
2110849|
2110850|
2110851|
2110852|
2110853|
2110854|
2110855|
2110880|
2110881|
2110882|
2110883|
2110884|
2110885|
2110886|
2110887|
2110912|
2110913|
2110914|
2110915|
2110916|
2110917|
2110918|
2110919|
2110944|
2110945|
2110946|
2110947|
2110948|
2110949|
2110950|
2110951|
2110976|
2110977|
2110978|
2110979|
2110980|
2110981|
2110982|
2110983|
2111008|
2111009|
2111010|
2111011|
2111012|
2111013|
2111014|
2111015|
2111040|
2111041|
2111042|
2111043|
2111044|
2111045|
2111046|
2111047|
2111072|
2111073|
2111074|
2111075|
2111076|
2111077|
2111078|
2111079|
2111104|
2111105|
2111106|
2111107|
2111108|
2111109|
2111110|
2111111|
2111136|
2111137|
2111138|
2111139|
2111140|
2111141|
2111142|
2111143|
2111168|
2111169|
2111170|
2111171|
2111172|
2111173|
2111174|
2111175|
2111200|
2111201|
2111202|
2111203|
2111204|
2111205|
2111206|
2111207|
2111232|
2111233|
2111234|
2111235|
2111236|
2111237|
2111238|
2111239|
2111264|
2111265|
2111266|
2111267|
2111268|
2111269|
2111270|
2111271|
2111296|
2111297|
2111298|
2111299|
2111300|
2111301|
2111302|
2111303|
2111328|
2111329|
2111330|
2111331|
2111332|
2111333|
2111334|
2111335|
2111360|
2111361|
2111362|
2111363|
2111364|
2111365|
2111366|
2111367|
2111392|
2111393|
2111394|
2111395|
2111396|
2111397|
2111398|
2111399|
2111424|
2111425|
2111426|
2111427|
2111428|
2111429|
2111430|
2111431|
2111456|
2111457|
2111458|
2111459|
2111460|
2111461|
2111462|
2111463|
2111488|
2111489|
2111490|
2111491|
2111492|
2111493|
2111494|
2111495|
2111520|
2111521|
2111522|
2111523|
2111524|
2111525|
2111526|
2111527|
2111552|
2111553|
2111554|
2111555|
2111556|
2111557|
2111558|
2111559|
2111584|
2111585|
2111586|
2111587|
2111588|
2111589|
2111590|
2111591|
2111616|
2111617|
2111618|
2111619|
2111620|
2111621|
2111622|
2111623|
2111648|
2111649|
2111650|
2111651|
2111652|
2111653|
2111654|
2111655|
2111680|
2111681|
2111682|
2111683|
2111684|
2111685|
2111686|
2111687|
2111712|
2111713|
2111714|
2111715|
2111716|
2111717|
2111718|
2111719|
2111744|
2111745|
2111746|
2111747|
2111748|
2111749|
2111750|
2111751|
2111776|
2111777|
2111778|
2111779|
2111780|
2111781|
2111782|
2111783|
2111808|
2111809|
2111810|
2111811|
2111812|
2111813|
2111814|
2111815|
2111840|
2111841|
2111842|
2111843|
2111844|
2111845|
2111846|
2111847|
2111872|
2111873|
2111874|
2111875|
2111876|
2111877|
2111878|
2111879|
2111904|
2111905|
2111906|
2111907|
2111908|
2111909|
2111910|
2111911|
2111936|
2111937|
2111938|
2111939|
2111940|
2111941|
2111942|
2111943|
2111968|
2111969|
2111970|
2111971|
2111972|
2111973|
2111974|
2111975|
2112000|
