588001|
588002|
588003|
588004|
588005|
588006|
588007|
588032|
588033|
588034|
588035|
588036|
588037|
588038|
588039|
588064|
588065|
588066|
588067|
588068|
588069|
588070|
588071|
588096|
588097|
588098|
588099|
588100|
588101|
588102|
588103|
588128|
588129|
588130|
588131|
588132|
588133|
588134|
588135|
588160|
588161|
588162|
588163|
588164|
588165|
588166|
588167|
588192|
588193|
588194|
588195|
588196|
588197|
588198|
588199|
588224|
588225|
588226|
588227|
588228|
588229|
588230|
588231|
588256|
588257|
588258|
588259|
588260|
588261|
588262|
588263|
588288|
588289|
588290|
588291|
588292|
588293|
588294|
588295|
588320|
588321|
588322|
588323|
588324|
588325|
588326|
588327|
588352|
588353|
588354|
588355|
588356|
588357|
588358|
588359|
588384|
588385|
588386|
588387|
588388|
588389|
588390|
588391|
588416|
588417|
588418|
588419|
588420|
588421|
588422|
588423|
588448|
588449|
588450|
588451|
588452|
588453|
588454|
588455|
588480|
588481|
588482|
588483|
588484|
588485|
588486|
588487|
588512|
588513|
588514|
588515|
588516|
588517|
588518|
588519|
588544|
588545|
588546|
588547|
588548|
588549|
588550|
588551|
588576|
588577|
588578|
588579|
588580|
588581|
588582|
588583|
588608|
588609|
588610|
588611|
588612|
588613|
588614|
588615|
588640|
588641|
588642|
588643|
588644|
588645|
588646|
588647|
588672|
588673|
588674|
588675|
588676|
588677|
588678|
588679|
588704|
588705|
588706|
588707|
588708|
588709|
588710|
588711|
588736|
588737|
588738|
588739|
588740|
588741|
588742|
588743|
588768|
588769|
588770|
588771|
588772|
588773|
588774|
588775|
588800|
588801|
588802|
588803|
588804|
588805|
588806|
588807|
588832|
588833|
588834|
588835|
588836|
588837|
588838|
588839|
588864|
588865|
588866|
588867|
588868|
588869|
588870|
588871|
588896|
588897|
588898|
588899|
588900|
588901|
588902|
588903|
588928|
588929|
588930|
588931|
588932|
588933|
588934|
588935|
588960|
588961|
588962|
588963|
588964|
588965|
588966|
588967|
588992|
588993|
588994|
588995|
588996|
588997|
588998|
588999|
589024|
589025|
589026|
589027|
589028|
589029|
589030|
589031|
589056|
589057|
589058|
589059|
589060|
589061|
589062|
589063|
589088|
589089|
589090|
589091|
589092|
589093|
589094|
589095|
589120|
589121|
589122|
589123|
589124|
589125|
589126|
589127|
589152|
589153|
589154|
589155|
589156|
589157|
589158|
589159|
589184|
589185|
589186|
589187|
589188|
589189|
589190|
589191|
589216|
589217|
589218|
589219|
589220|
589221|
589222|
589223|
589248|
589249|
589250|
589251|
589252|
589253|
589254|
589255|
589280|
589281|
589282|
589283|
589284|
589285|
589286|
589287|
589312|
589313|
589314|
589315|
589316|
589317|
589318|
589319|
589344|
589345|
589346|
589347|
589348|
589349|
589350|
589351|
589376|
589377|
589378|
589379|
589380|
589381|
589382|
589383|
589408|
589409|
589410|
589411|
589412|
589413|
589414|
589415|
589440|
589441|
589442|
589443|
589444|
589445|
589446|
589447|
589472|
589473|
589474|
589475|
589476|
589477|
589478|
589479|
589504|
589505|
589506|
589507|
589508|
589509|
589510|
589511|
589536|
589537|
589538|
589539|
589540|
589541|
589542|
589543|
589568|
589569|
589570|
589571|
589572|
589573|
589574|
589575|
589600|
589601|
589602|
589603|
589604|
589605|
589606|
589607|
589632|
589633|
589634|
589635|
589636|
589637|
589638|
589639|
589664|
589665|
589666|
589667|
589668|
589669|
589670|
589671|
589696|
589697|
589698|
589699|
589700|
589701|
589702|
589703|
589728|
589729|
589730|
589731|
589732|
589733|
589734|
589735|
589760|
589761|
589762|
589763|
589764|
589765|
589766|
589767|
589792|
589793|
589794|
589795|
589796|
589797|
589798|
589799|
589824|
589825|
589826|
589827|
589828|
589829|
589830|
589831|
589856|
589857|
589858|
589859|
589860|
589861|
589862|
589863|
589888|
589889|
589890|
589891|
589892|
589893|
589894|
589895|
589920|
589921|
589922|
589923|
589924|
589925|
589926|
589927|
589952|
589953|
589954|
589955|
589956|
589957|
589958|
589959|
589984|
589985|
589986|
589987|
589988|
589989|
589990|
589991|
590016|
590017|
590018|
590019|
590020|
590021|
590022|
590023|
590048|
590049|
590050|
590051|
590052|
590053|
590054|
590055|
590080|
590081|
590082|
590083|
590084|
590085|
590086|
590087|
590112|
590113|
590114|
590115|
590116|
590117|
590118|
590119|
590144|
590145|
590146|
590147|
590148|
590149|
590150|
590151|
590176|
590177|
590178|
590179|
590180|
590181|
590182|
590183|
590208|
590209|
590210|
590211|
590212|
590213|
590214|
590215|
590240|
590241|
590242|
590243|
590244|
590245|
590246|
590247|
590272|
590273|
590274|
590275|
590276|
590277|
590278|
590279|
590304|
590305|
590306|
590307|
590308|
590309|
590310|
590311|
590336|
590337|
590338|
590339|
590340|
590341|
590342|
590343|
590368|
590369|
590370|
590371|
590372|
590373|
590374|
590375|
590400|
590401|
590402|
590403|
590404|
590405|
590406|
590407|
590432|
590433|
590434|
590435|
590436|
590437|
590438|
590439|
590464|
590465|
590466|
590467|
590468|
590469|
590470|
590471|
590496|
590497|
590498|
590499|
590500|
590501|
590502|
590503|
590528|
590529|
590530|
590531|
590532|
590533|
590534|
590535|
590560|
590561|
590562|
590563|
590564|
590565|
590566|
590567|
590592|
590593|
590594|
590595|
590596|
590597|
590598|
590599|
590624|
590625|
590626|
590627|
590628|
590629|
590630|
590631|
590656|
590657|
590658|
590659|
590660|
590661|
590662|
590663|
590688|
590689|
590690|
590691|
590692|
590693|
590694|
590695|
590720|
590721|
590722|
590723|
590724|
590725|
590726|
590727|
590752|
590753|
590754|
590755|
590756|
590757|
590758|
590759|
590784|
590785|
590786|
590787|
590788|
590789|
590790|
590791|
590816|
590817|
590818|
590819|
590820|
590821|
590822|
590823|
590848|
590849|
590850|
590851|
590852|
590853|
590854|
590855|
590880|
590881|
590882|
590883|
590884|
590885|
590886|
590887|
590912|
590913|
590914|
590915|
590916|
590917|
590918|
590919|
590944|
590945|
590946|
590947|
590948|
590949|
590950|
590951|
590976|
590977|
590978|
590979|
590980|
590981|
590982|
590983|
591008|
591009|
591010|
591011|
591012|
591013|
591014|
591015|
591040|
591041|
591042|
591043|
591044|
591045|
591046|
591047|
591072|
591073|
591074|
591075|
591076|
591077|
591078|
591079|
591104|
591105|
591106|
591107|
591108|
591109|
591110|
591111|
591136|
591137|
591138|
591139|
591140|
591141|
591142|
591143|
591168|
591169|
591170|
591171|
591172|
591173|
591174|
591175|
591200|
591201|
591202|
591203|
591204|
591205|
591206|
591207|
591232|
591233|
591234|
591235|
591236|
591237|
591238|
591239|
591264|
591265|
591266|
591267|
591268|
591269|
591270|
591271|
591296|
591297|
591298|
591299|
591300|
591301|
591302|
591303|
591328|
591329|
591330|
591331|
591332|
591333|
591334|
591335|
591360|
591361|
591362|
591363|
591364|
591365|
591366|
591367|
591392|
591393|
591394|
591395|
591396|
591397|
591398|
591399|
591424|
591425|
591426|
591427|
591428|
591429|
591430|
591431|
591456|
591457|
591458|
591459|
591460|
591461|
591462|
591463|
591488|
591489|
591490|
591491|
591492|
591493|
591494|
591495|
591520|
591521|
591522|
591523|
591524|
591525|
591526|
591527|
591552|
591553|
591554|
591555|
591556|
591557|
591558|
591559|
591584|
591585|
591586|
591587|
591588|
591589|
591590|
591591|
591616|
591617|
591618|
591619|
591620|
591621|
591622|
591623|
591648|
591649|
591650|
591651|
591652|
591653|
591654|
591655|
591680|
591681|
591682|
591683|
591684|
591685|
591686|
591687|
591712|
591713|
591714|
591715|
591716|
591717|
591718|
591719|
591744|
591745|
591746|
591747|
591748|
591749|
591750|
591751|
591776|
591777|
591778|
591779|
591780|
591781|
591782|
591783|
591808|
591809|
591810|
591811|
591812|
591813|
591814|
591815|
591840|
591841|
591842|
591843|
591844|
591845|
591846|
591847|
591872|
591873|
591874|
591875|
591876|
591877|
591878|
591879|
591904|
591905|
591906|
591907|
591908|
591909|
591910|
591911|
591936|
591937|
591938|
591939|
591940|
591941|
591942|
591943|
591968|
591969|
591970|
591971|
591972|
591973|
591974|
591975|
592000|
592001|
592002|
592003|
592004|
592005|
592006|
592007|
592032|
592033|
592034|
592035|
592036|
592037|
592038|
592039|
592064|
592065|
592066|
592067|
592068|
592069|
592070|
592071|
592096|
592097|
592098|
592099|
592100|
592101|
592102|
592103|
592128|
592129|
592130|
592131|
592132|
592133|
592134|
592135|
592160|
592161|
592162|
592163|
592164|
592165|
592166|
592167|
592192|
592193|
592194|
592195|
592196|
592197|
592198|
592199|
592224|
592225|
592226|
592227|
592228|
592229|
592230|
592231|
592256|
592257|
592258|
592259|
592260|
592261|
592262|
592263|
592288|
592289|
592290|
592291|
592292|
592293|
592294|
592295|
592320|
592321|
592322|
592323|
592324|
592325|
592326|
592327|
592352|
592353|
592354|
592355|
592356|
592357|
592358|
592359|
592384|
592385|
592386|
592387|
592388|
592389|
592390|
592391|
592416|
592417|
592418|
592419|
592420|
592421|
592422|
592423|
592448|
592449|
592450|
592451|
592452|
592453|
592454|
592455|
592480|
592481|
592482|
592483|
592484|
592485|
592486|
592487|
592512|
592513|
592514|
592515|
592516|
592517|
592518|
592519|
592544|
592545|
592546|
592547|
592548|
592549|
592550|
592551|
592576|
592577|
592578|
592579|
592580|
592581|
592582|
592583|
592608|
592609|
592610|
592611|
592612|
592613|
592614|
592615|
592640|
592641|
592642|
592643|
592644|
592645|
592646|
592647|
592672|
592673|
592674|
592675|
592676|
592677|
592678|
592679|
592704|
592705|
592706|
592707|
592708|
592709|
592710|
592711|
592736|
592737|
592738|
592739|
592740|
592741|
592742|
592743|
592768|
592769|
592770|
592771|
592772|
592773|
592774|
592775|
592800|
592801|
592802|
592803|
592804|
592805|
592806|
592807|
592832|
592833|
592834|
592835|
592836|
592837|
592838|
592839|
592864|
592865|
592866|
592867|
592868|
592869|
592870|
592871|
592896|
592897|
592898|
592899|
592900|
592901|
592902|
592903|
592928|
592929|
592930|
592931|
592932|
592933|
592934|
592935|
592960|
592961|
592962|
592963|
592964|
592965|
592966|
592967|
592992|
592993|
592994|
592995|
592996|
592997|
592998|
592999|
593024|
593025|
593026|
593027|
593028|
593029|
593030|
593031|
593056|
593057|
593058|
593059|
593060|
593061|
593062|
593063|
593088|
593089|
593090|
593091|
593092|
593093|
593094|
593095|
593120|
593121|
593122|
593123|
593124|
593125|
593126|
593127|
593152|
593153|
593154|
593155|
593156|
593157|
593158|
593159|
593184|
593185|
593186|
593187|
593188|
593189|
593190|
593191|
593216|
593217|
593218|
593219|
593220|
593221|
593222|
593223|
593248|
593249|
593250|
593251|
593252|
593253|
593254|
593255|
593280|
593281|
593282|
593283|
593284|
593285|
593286|
593287|
593312|
593313|
593314|
593315|
593316|
593317|
593318|
593319|
593344|
593345|
593346|
593347|
593348|
593349|
593350|
593351|
593376|
593377|
593378|
593379|
593380|
593381|
593382|
593383|
593408|
593409|
593410|
593411|
593412|
593413|
593414|
593415|
593440|
593441|
593442|
593443|
593444|
593445|
593446|
593447|
593472|
593473|
593474|
593475|
593476|
593477|
593478|
593479|
593504|
593505|
593506|
593507|
593508|
593509|
593510|
593511|
593536|
593537|
593538|
593539|
593540|
593541|
593542|
593543|
593568|
593569|
593570|
593571|
593572|
593573|
593574|
593575|
593600|
593601|
593602|
593603|
593604|
593605|
593606|
593607|
593632|
593633|
593634|
593635|
593636|
593637|
593638|
593639|
593664|
593665|
593666|
593667|
593668|
593669|
593670|
593671|
593696|
593697|
593698|
593699|
593700|
593701|
593702|
593703|
593728|
593729|
593730|
593731|
593732|
593733|
593734|
593735|
593760|
593761|
593762|
593763|
593764|
593765|
593766|
593767|
593792|
593793|
593794|
593795|
593796|
593797|
593798|
593799|
593824|
593825|
593826|
593827|
593828|
593829|
593830|
593831|
593856|
593857|
593858|
593859|
593860|
593861|
593862|
593863|
593888|
593889|
593890|
593891|
593892|
593893|
593894|
593895|
593920|
593921|
593922|
593923|
593924|
593925|
593926|
593927|
593952|
593953|
593954|
593955|
593956|
593957|
593958|
593959|
593984|
593985|
593986|
593987|
593988|
