2844001|
2844002|
2844003|
2844004|
2844005|
2844006|
2844007|
2844032|
2844033|
2844034|
2844035|
2844036|
2844037|
2844038|
2844039|
2844064|
2844065|
2844066|
2844067|
2844068|
2844069|
2844070|
2844071|
2844096|
2844097|
2844098|
2844099|
2844100|
2844101|
2844102|
2844103|
2844128|
2844129|
2844130|
2844131|
2844132|
2844133|
2844134|
2844135|
2844160|
2844161|
2844162|
2844163|
2844164|
2844165|
2844166|
2844167|
2844192|
2844193|
2844194|
2844195|
2844196|
2844197|
2844198|
2844199|
2844224|
2844225|
2844226|
2844227|
2844228|
2844229|
2844230|
2844231|
2844256|
2844257|
2844258|
2844259|
2844260|
2844261|
2844262|
2844263|
2844288|
2844289|
2844290|
2844291|
2844292|
2844293|
2844294|
2844295|
2844320|
2844321|
2844322|
2844323|
2844324|
2844325|
2844326|
2844327|
2844352|
2844353|
2844354|
2844355|
2844356|
2844357|
2844358|
2844359|
2844384|
2844385|
2844386|
2844387|
2844388|
2844389|
2844390|
2844391|
2844416|
2844417|
2844418|
2844419|
2844420|
2844421|
2844422|
2844423|
2844448|
2844449|
2844450|
2844451|
2844452|
2844453|
2844454|
2844455|
2844480|
2844481|
2844482|
2844483|
2844484|
2844485|
2844486|
2844487|
2844512|
2844513|
2844514|
2844515|
2844516|
2844517|
2844518|
2844519|
2844544|
2844545|
2844546|
2844547|
2844548|
2844549|
2844550|
2844551|
2844576|
2844577|
2844578|
2844579|
2844580|
2844581|
2844582|
2844583|
2844608|
2844609|
2844610|
2844611|
2844612|
2844613|
2844614|
2844615|
2844640|
2844641|
2844642|
2844643|
2844644|
2844645|
2844646|
2844647|
2844672|
2844673|
2844674|
2844675|
2844676|
2844677|
2844678|
2844679|
2844704|
2844705|
2844706|
2844707|
2844708|
2844709|
2844710|
2844711|
2844736|
2844737|
2844738|
2844739|
2844740|
2844741|
2844742|
2844743|
2844768|
2844769|
2844770|
2844771|
2844772|
2844773|
2844774|
2844775|
2844800|
2844801|
2844802|
2844803|
2844804|
2844805|
2844806|
2844807|
2844832|
2844833|
2844834|
2844835|
2844836|
2844837|
2844838|
2844839|
2844864|
2844865|
2844866|
2844867|
2844868|
2844869|
2844870|
2844871|
2844896|
2844897|
2844898|
2844899|
2844900|
2844901|
2844902|
2844903|
2844928|
2844929|
2844930|
2844931|
2844932|
2844933|
2844934|
2844935|
2844960|
2844961|
2844962|
2844963|
2844964|
2844965|
2844966|
2844967|
2844992|
2844993|
2844994|
2844995|
2844996|
2844997|
2844998|
2844999|
2845024|
2845025|
2845026|
2845027|
2845028|
2845029|
2845030|
2845031|
2845056|
2845057|
2845058|
2845059|
2845060|
2845061|
2845062|
2845063|
2845088|
2845089|
2845090|
2845091|
2845092|
2845093|
2845094|
2845095|
2845120|
2845121|
2845122|
2845123|
2845124|
2845125|
2845126|
2845127|
2845152|
2845153|
2845154|
2845155|
2845156|
2845157|
2845158|
2845159|
2845184|
2845185|
2845186|
2845187|
2845188|
2845189|
2845190|
2845191|
2845216|
2845217|
2845218|
2845219|
2845220|
2845221|
2845222|
2845223|
2845248|
2845249|
2845250|
2845251|
2845252|
2845253|
2845254|
2845255|
2845280|
2845281|
2845282|
2845283|
2845284|
2845285|
2845286|
2845287|
2845312|
2845313|
2845314|
2845315|
2845316|
2845317|
2845318|
2845319|
2845344|
2845345|
2845346|
2845347|
2845348|
2845349|
2845350|
2845351|
2845376|
2845377|
2845378|
2845379|
2845380|
2845381|
2845382|
2845383|
2845408|
2845409|
2845410|
2845411|
2845412|
2845413|
2845414|
2845415|
2845440|
2845441|
2845442|
2845443|
2845444|
2845445|
2845446|
2845447|
2845472|
2845473|
2845474|
2845475|
2845476|
2845477|
2845478|
2845479|
2845504|
2845505|
2845506|
2845507|
2845508|
2845509|
2845510|
2845511|
2845536|
2845537|
2845538|
2845539|
2845540|
2845541|
2845542|
2845543|
2845568|
2845569|
2845570|
2845571|
2845572|
2845573|
2845574|
2845575|
2845600|
2845601|
2845602|
2845603|
2845604|
2845605|
2845606|
2845607|
2845632|
2845633|
2845634|
2845635|
2845636|
2845637|
2845638|
2845639|
2845664|
2845665|
2845666|
2845667|
2845668|
2845669|
2845670|
2845671|
2845696|
2845697|
2845698|
2845699|
2845700|
2845701|
2845702|
2845703|
2845728|
2845729|
2845730|
2845731|
2845732|
2845733|
2845734|
2845735|
2845760|
2845761|
2845762|
2845763|
2845764|
2845765|
2845766|
2845767|
2845792|
2845793|
2845794|
2845795|
2845796|
2845797|
2845798|
2845799|
2845824|
2845825|
2845826|
2845827|
2845828|
2845829|
2845830|
2845831|
2845856|
2845857|
2845858|
2845859|
2845860|
2845861|
2845862|
2845863|
2845888|
2845889|
2845890|
2845891|
2845892|
2845893|
2845894|
2845895|
2845920|
2845921|
2845922|
2845923|
2845924|
2845925|
2845926|
2845927|
2845952|
2845953|
2845954|
2845955|
2845956|
2845957|
2845958|
2845959|
2845984|
2845985|
2845986|
2845987|
2845988|
2845989|
2845990|
2845991|
2846016|
2846017|
2846018|
2846019|
2846020|
2846021|
2846022|
2846023|
2846048|
2846049|
2846050|
2846051|
2846052|
2846053|
2846054|
2846055|
2846080|
2846081|
2846082|
2846083|
2846084|
2846085|
2846086|
2846087|
2846112|
2846113|
2846114|
2846115|
2846116|
2846117|
2846118|
2846119|
2846144|
2846145|
2846146|
2846147|
2846148|
2846149|
2846150|
2846151|
2846176|
2846177|
2846178|
2846179|
2846180|
2846181|
2846182|
2846183|
2846208|
2846209|
2846210|
2846211|
2846212|
2846213|
2846214|
2846215|
2846240|
2846241|
2846242|
2846243|
2846244|
2846245|
2846246|
2846247|
2846272|
2846273|
2846274|
2846275|
2846276|
2846277|
2846278|
2846279|
2846304|
2846305|
2846306|
2846307|
2846308|
2846309|
2846310|
2846311|
2846336|
2846337|
2846338|
2846339|
2846340|
2846341|
2846342|
2846343|
2846368|
2846369|
2846370|
2846371|
2846372|
2846373|
2846374|
2846375|
2846400|
2846401|
2846402|
2846403|
2846404|
2846405|
2846406|
2846407|
2846432|
2846433|
2846434|
2846435|
2846436|
2846437|
2846438|
2846439|
2846464|
2846465|
2846466|
2846467|
2846468|
2846469|
2846470|
2846471|
2846496|
2846497|
2846498|
2846499|
2846500|
2846501|
2846502|
2846503|
2846528|
2846529|
2846530|
2846531|
2846532|
2846533|
2846534|
2846535|
2846560|
2846561|
2846562|
2846563|
2846564|
2846565|
2846566|
2846567|
2846592|
2846593|
2846594|
2846595|
2846596|
2846597|
2846598|
2846599|
2846624|
2846625|
2846626|
2846627|
2846628|
2846629|
2846630|
2846631|
2846656|
2846657|
2846658|
2846659|
2846660|
2846661|
2846662|
2846663|
2846688|
2846689|
2846690|
2846691|
2846692|
2846693|
2846694|
2846695|
2846720|
2846721|
2846722|
2846723|
2846724|
2846725|
2846726|
2846727|
2846752|
2846753|
2846754|
2846755|
2846756|
2846757|
2846758|
2846759|
2846784|
2846785|
2846786|
2846787|
2846788|
2846789|
2846790|
2846791|
2846816|
2846817|
2846818|
2846819|
2846820|
2846821|
2846822|
2846823|
2846848|
2846849|
2846850|
2846851|
2846852|
2846853|
2846854|
2846855|
2846880|
2846881|
2846882|
2846883|
2846884|
2846885|
2846886|
2846887|
2846912|
2846913|
2846914|
2846915|
2846916|
2846917|
2846918|
2846919|
2846944|
2846945|
2846946|
2846947|
2846948|
2846949|
2846950|
2846951|
2846976|
2846977|
2846978|
2846979|
2846980|
2846981|
2846982|
2846983|
2847008|
2847009|
2847010|
2847011|
2847012|
2847013|
2847014|
2847015|
2847040|
2847041|
2847042|
2847043|
2847044|
2847045|
2847046|
2847047|
2847072|
2847073|
2847074|
2847075|
2847076|
2847077|
2847078|
2847079|
2847104|
2847105|
2847106|
2847107|
2847108|
2847109|
2847110|
2847111|
2847136|
2847137|
2847138|
2847139|
2847140|
2847141|
2847142|
2847143|
2847168|
2847169|
2847170|
2847171|
2847172|
2847173|
2847174|
2847175|
2847200|
2847201|
2847202|
2847203|
2847204|
2847205|
2847206|
2847207|
2847232|
2847233|
2847234|
2847235|
2847236|
2847237|
2847238|
2847239|
2847264|
2847265|
2847266|
2847267|
2847268|
2847269|
2847270|
2847271|
2847296|
2847297|
2847298|
2847299|
2847300|
2847301|
2847302|
2847303|
2847328|
2847329|
2847330|
2847331|
2847332|
2847333|
2847334|
2847335|
2847360|
2847361|
2847362|
2847363|
2847364|
2847365|
2847366|
2847367|
2847392|
2847393|
2847394|
2847395|
2847396|
2847397|
2847398|
2847399|
2847424|
2847425|
2847426|
2847427|
2847428|
2847429|
2847430|
2847431|
2847456|
2847457|
2847458|
2847459|
2847460|
2847461|
2847462|
2847463|
2847488|
2847489|
2847490|
2847491|
2847492|
2847493|
2847494|
2847495|
2847520|
2847521|
2847522|
2847523|
2847524|
2847525|
2847526|
2847527|
2847552|
2847553|
2847554|
2847555|
2847556|
2847557|
2847558|
2847559|
2847584|
2847585|
2847586|
2847587|
2847588|
2847589|
2847590|
2847591|
2847616|
2847617|
2847618|
2847619|
2847620|
2847621|
2847622|
2847623|
2847648|
2847649|
2847650|
2847651|
2847652|
2847653|
2847654|
2847655|
2847680|
2847681|
2847682|
2847683|
2847684|
2847685|
2847686|
2847687|
2847712|
2847713|
2847714|
2847715|
2847716|
2847717|
2847718|
2847719|
2847744|
2847745|
2847746|
2847747|
2847748|
2847749|
2847750|
2847751|
2847776|
2847777|
2847778|
2847779|
2847780|
2847781|
2847782|
2847783|
2847808|
2847809|
2847810|
2847811|
2847812|
2847813|
2847814|
2847815|
2847840|
2847841|
2847842|
2847843|
2847844|
2847845|
2847846|
2847847|
2847872|
2847873|
2847874|
2847875|
2847876|
2847877|
2847878|
2847879|
2847904|
2847905|
2847906|
2847907|
2847908|
2847909|
2847910|
2847911|
2847936|
2847937|
2847938|
2847939|
2847940|
2847941|
2847942|
2847943|
2847968|
2847969|
2847970|
2847971|
2847972|
2847973|
2847974|
2847975|
2848000|
2848001|
2848002|
2848003|
2848004|
2848005|
2848006|
2848007|
2848032|
2848033|
2848034|
2848035|
2848036|
2848037|
2848038|
2848039|
2848064|
2848065|
2848066|
2848067|
2848068|
2848069|
2848070|
2848071|
2848096|
2848097|
2848098|
2848099|
2848100|
2848101|
2848102|
2848103|
2848128|
2848129|
2848130|
2848131|
2848132|
2848133|
2848134|
2848135|
2848160|
2848161|
2848162|
2848163|
2848164|
2848165|
2848166|
2848167|
2848192|
2848193|
2848194|
2848195|
2848196|
2848197|
2848198|
2848199|
2848224|
2848225|
2848226|
2848227|
2848228|
2848229|
2848230|
2848231|
2848256|
2848257|
2848258|
2848259|
2848260|
2848261|
2848262|
2848263|
2848288|
2848289|
2848290|
2848291|
2848292|
2848293|
2848294|
2848295|
2848320|
2848321|
2848322|
2848323|
2848324|
2848325|
2848326|
2848327|
2848352|
2848353|
2848354|
2848355|
2848356|
2848357|
2848358|
2848359|
2848384|
2848385|
2848386|
2848387|
2848388|
2848389|
2848390|
2848391|
2848416|
2848417|
2848418|
2848419|
2848420|
2848421|
2848422|
2848423|
2848448|
2848449|
2848450|
2848451|
2848452|
2848453|
2848454|
2848455|
2848480|
2848481|
2848482|
2848483|
2848484|
2848485|
2848486|
2848487|
2848512|
2848513|
2848514|
2848515|
2848516|
2848517|
2848518|
2848519|
2848544|
2848545|
2848546|
2848547|
2848548|
2848549|
2848550|
2848551|
2848576|
2848577|
2848578|
2848579|
2848580|
2848581|
2848582|
2848583|
2848608|
2848609|
2848610|
2848611|
2848612|
2848613|
2848614|
2848615|
2848640|
2848641|
2848642|
2848643|
2848644|
2848645|
2848646|
2848647|
2848672|
2848673|
2848674|
2848675|
2848676|
2848677|
2848678|
2848679|
2848704|
2848705|
2848706|
2848707|
2848708|
2848709|
2848710|
2848711|
2848736|
2848737|
2848738|
2848739|
2848740|
2848741|
2848742|
2848743|
2848768|
2848769|
2848770|
2848771|
2848772|
2848773|
2848774|
2848775|
2848800|
2848801|
2848802|
2848803|
2848804|
2848805|
2848806|
2848807|
2848832|
2848833|
2848834|
2848835|
2848836|
2848837|
2848838|
2848839|
2848864|
2848865|
2848866|
2848867|
2848868|
2848869|
2848870|
2848871|
2848896|
2848897|
2848898|
2848899|
2848900|
2848901|
2848902|
2848903|
2848928|
2848929|
2848930|
2848931|
2848932|
2848933|
2848934|
2848935|
2848960|
2848961|
2848962|
2848963|
2848964|
2848965|
2848966|
2848967|
2848992|
2848993|
2848994|
2848995|
2848996|
2848997|
2848998|
2848999|
2849024|
2849025|
2849026|
2849027|
2849028|
2849029|
2849030|
2849031|
2849056|
2849057|
2849058|
2849059|
2849060|
2849061|
2849062|
2849063|
2849088|
2849089|
2849090|
2849091|
2849092|
2849093|
2849094|
2849095|
2849120|
2849121|
2849122|
2849123|
2849124|
2849125|
2849126|
2849127|
2849152|
2849153|
2849154|
2849155|
2849156|
2849157|
2849158|
2849159|
2849184|
2849185|
2849186|
2849187|
2849188|
2849189|
2849190|
2849191|
2849216|
2849217|
2849218|
2849219|
2849220|
2849221|
2849222|
2849223|
2849248|
2849249|
2849250|
2849251|
2849252|
2849253|
2849254|
2849255|
2849280|
2849281|
2849282|
2849283|
2849284|
2849285|
2849286|
2849287|
2849312|
2849313|
2849314|
2849315|
2849316|
2849317|
2849318|
2849319|
2849344|
2849345|
2849346|
2849347|
2849348|
2849349|
2849350|
2849351|
2849376|
2849377|
2849378|
2849379|
2849380|
2849381|
2849382|
2849383|
2849408|
2849409|
2849410|
2849411|
2849412|
2849413|
2849414|
2849415|
2849440|
2849441|
2849442|
2849443|
2849444|
2849445|
2849446|
2849447|
2849472|
2849473|
2849474|
2849475|
2849476|
2849477|
2849478|
2849479|
2849504|
2849505|
2849506|
2849507|
2849508|
2849509|
2849510|
2849511|
2849536|
2849537|
2849538|
2849539|
2849540|
2849541|
2849542|
2849543|
2849568|
2849569|
2849570|
2849571|
2849572|
2849573|
2849574|
2849575|
2849600|
2849601|
2849602|
2849603|
2849604|
2849605|
2849606|
2849607|
2849632|
2849633|
2849634|
2849635|
2849636|
2849637|
2849638|
2849639|
2849664|
2849665|
2849666|
2849667|
2849668|
2849669|
2849670|
2849671|
2849696|
2849697|
2849698|
2849699|
2849700|
2849701|
2849702|
2849703|
2849728|
2849729|
2849730|
2849731|
2849732|
2849733|
2849734|
2849735|
2849760|
2849761|
2849762|
2849763|
2849764|
2849765|
2849766|
2849767|
2849792|
2849793|
2849794|
2849795|
2849796|
2849797|
2849798|
2849799|
2849824|
2849825|
2849826|
2849827|
2849828|
2849829|
2849830|
2849831|
2849856|
2849857|
2849858|
2849859|
2849860|
2849861|
2849862|
2849863|
2849888|
2849889|
2849890|
2849891|
2849892|
2849893|
2849894|
2849895|
2849920|
2849921|
2849922|
2849923|
2849924|
2849925|
2849926|
2849927|
2849952|
2849953|
2849954|
2849955|
2849956|
2849957|
2849958|
2849959|
2849984|
2849985|
2849986|
2849987|
2849988|
