1656001|
1656002|
1656003|
1656004|
1656005|
1656006|
1656007|
1656032|
1656033|
1656034|
1656035|
1656036|
1656037|
1656038|
1656039|
1656064|
1656065|
1656066|
1656067|
1656068|
1656069|
1656070|
1656071|
1656096|
1656097|
1656098|
1656099|
1656100|
1656101|
1656102|
1656103|
1656128|
1656129|
1656130|
1656131|
1656132|
1656133|
1656134|
1656135|
1656160|
1656161|
1656162|
1656163|
1656164|
1656165|
1656166|
1656167|
1656192|
1656193|
1656194|
1656195|
1656196|
1656197|
1656198|
1656199|
1656224|
1656225|
1656226|
1656227|
1656228|
1656229|
1656230|
1656231|
1656256|
1656257|
1656258|
1656259|
1656260|
1656261|
1656262|
1656263|
1656288|
1656289|
1656290|
1656291|
1656292|
1656293|
1656294|
1656295|
1656320|
1656321|
1656322|
1656323|
1656324|
1656325|
1656326|
1656327|
1656352|
1656353|
1656354|
1656355|
1656356|
1656357|
1656358|
1656359|
1656384|
1656385|
1656386|
1656387|
1656388|
1656389|
1656390|
1656391|
1656416|
1656417|
1656418|
1656419|
1656420|
1656421|
1656422|
1656423|
1656448|
1656449|
1656450|
1656451|
1656452|
1656453|
1656454|
1656455|
1656480|
1656481|
1656482|
1656483|
1656484|
1656485|
1656486|
1656487|
1656512|
1656513|
1656514|
1656515|
1656516|
1656517|
1656518|
1656519|
1656544|
1656545|
1656546|
1656547|
1656548|
1656549|
1656550|
1656551|
1656576|
1656577|
1656578|
1656579|
1656580|
1656581|
1656582|
1656583|
1656608|
1656609|
1656610|
1656611|
1656612|
1656613|
1656614|
1656615|
1656640|
1656641|
1656642|
1656643|
1656644|
1656645|
1656646|
1656647|
1656672|
1656673|
1656674|
1656675|
1656676|
1656677|
1656678|
1656679|
1656704|
1656705|
1656706|
1656707|
1656708|
1656709|
1656710|
1656711|
1656736|
1656737|
1656738|
1656739|
1656740|
1656741|
1656742|
1656743|
1656768|
1656769|
1656770|
1656771|
1656772|
1656773|
1656774|
1656775|
1656800|
1656801|
1656802|
1656803|
1656804|
1656805|
1656806|
1656807|
1656832|
1656833|
1656834|
1656835|
1656836|
1656837|
1656838|
1656839|
1656864|
1656865|
1656866|
1656867|
1656868|
1656869|
1656870|
1656871|
1656896|
1656897|
1656898|
1656899|
1656900|
1656901|
1656902|
1656903|
1656928|
1656929|
1656930|
1656931|
1656932|
1656933|
1656934|
1656935|
1656960|
1656961|
1656962|
1656963|
1656964|
1656965|
1656966|
1656967|
1656992|
1656993|
1656994|
1656995|
1656996|
1656997|
1656998|
1656999|
1657024|
1657025|
1657026|
1657027|
1657028|
1657029|
1657030|
1657031|
1657056|
1657057|
1657058|
1657059|
1657060|
1657061|
1657062|
1657063|
1657088|
1657089|
1657090|
1657091|
1657092|
1657093|
1657094|
1657095|
1657120|
1657121|
1657122|
1657123|
1657124|
1657125|
1657126|
1657127|
1657152|
1657153|
1657154|
1657155|
1657156|
1657157|
1657158|
1657159|
1657184|
1657185|
1657186|
1657187|
1657188|
1657189|
1657190|
1657191|
1657216|
1657217|
1657218|
1657219|
1657220|
1657221|
1657222|
1657223|
1657248|
1657249|
1657250|
1657251|
1657252|
1657253|
1657254|
1657255|
1657280|
1657281|
1657282|
1657283|
1657284|
1657285|
1657286|
1657287|
1657312|
1657313|
1657314|
1657315|
1657316|
1657317|
1657318|
1657319|
1657344|
1657345|
1657346|
1657347|
1657348|
1657349|
1657350|
1657351|
1657376|
1657377|
1657378|
1657379|
1657380|
1657381|
1657382|
1657383|
1657408|
1657409|
1657410|
1657411|
1657412|
1657413|
1657414|
1657415|
1657440|
1657441|
1657442|
1657443|
1657444|
1657445|
1657446|
1657447|
1657472|
1657473|
1657474|
1657475|
1657476|
1657477|
1657478|
1657479|
1657504|
1657505|
1657506|
1657507|
1657508|
1657509|
1657510|
1657511|
1657536|
1657537|
1657538|
1657539|
1657540|
1657541|
1657542|
1657543|
1657568|
1657569|
1657570|
1657571|
1657572|
1657573|
1657574|
1657575|
1657600|
1657601|
1657602|
1657603|
1657604|
1657605|
1657606|
1657607|
1657632|
1657633|
1657634|
1657635|
1657636|
1657637|
1657638|
1657639|
1657664|
1657665|
1657666|
1657667|
1657668|
1657669|
1657670|
1657671|
1657696|
1657697|
1657698|
1657699|
1657700|
1657701|
1657702|
1657703|
1657728|
1657729|
1657730|
1657731|
1657732|
1657733|
1657734|
1657735|
1657760|
1657761|
1657762|
1657763|
1657764|
1657765|
1657766|
1657767|
1657792|
1657793|
1657794|
1657795|
1657796|
1657797|
1657798|
1657799|
1657824|
1657825|
1657826|
1657827|
1657828|
1657829|
1657830|
1657831|
1657856|
1657857|
1657858|
1657859|
1657860|
1657861|
1657862|
1657863|
1657888|
1657889|
1657890|
1657891|
1657892|
1657893|
1657894|
1657895|
1657920|
1657921|
1657922|
1657923|
1657924|
1657925|
1657926|
1657927|
1657952|
1657953|
1657954|
1657955|
1657956|
1657957|
1657958|
1657959|
1657984|
1657985|
1657986|
1657987|
1657988|
1657989|
1657990|
1657991|
1658016|
1658017|
1658018|
1658019|
1658020|
1658021|
1658022|
1658023|
1658048|
1658049|
1658050|
1658051|
1658052|
1658053|
1658054|
1658055|
1658080|
1658081|
1658082|
1658083|
1658084|
1658085|
1658086|
1658087|
1658112|
1658113|
1658114|
1658115|
1658116|
1658117|
1658118|
1658119|
1658144|
1658145|
1658146|
1658147|
1658148|
1658149|
1658150|
1658151|
1658176|
1658177|
1658178|
1658179|
1658180|
1658181|
1658182|
1658183|
1658208|
1658209|
1658210|
1658211|
1658212|
1658213|
1658214|
1658215|
1658240|
1658241|
1658242|
1658243|
1658244|
1658245|
1658246|
1658247|
1658272|
1658273|
1658274|
1658275|
1658276|
1658277|
1658278|
1658279|
1658304|
1658305|
1658306|
1658307|
1658308|
1658309|
1658310|
1658311|
1658336|
1658337|
1658338|
1658339|
1658340|
1658341|
1658342|
1658343|
1658368|
1658369|
1658370|
1658371|
1658372|
1658373|
1658374|
1658375|
1658400|
1658401|
1658402|
1658403|
1658404|
1658405|
1658406|
1658407|
1658432|
1658433|
1658434|
1658435|
1658436|
1658437|
1658438|
1658439|
1658464|
1658465|
1658466|
1658467|
1658468|
1658469|
1658470|
1658471|
1658496|
1658497|
1658498|
1658499|
1658500|
1658501|
1658502|
1658503|
1658528|
1658529|
1658530|
1658531|
1658532|
1658533|
1658534|
1658535|
1658560|
1658561|
1658562|
1658563|
1658564|
1658565|
1658566|
1658567|
1658592|
1658593|
1658594|
1658595|
1658596|
1658597|
1658598|
1658599|
1658624|
1658625|
1658626|
1658627|
1658628|
1658629|
1658630|
1658631|
1658656|
1658657|
1658658|
1658659|
1658660|
1658661|
1658662|
1658663|
1658688|
1658689|
1658690|
1658691|
1658692|
1658693|
1658694|
1658695|
1658720|
1658721|
1658722|
1658723|
1658724|
1658725|
1658726|
1658727|
1658752|
1658753|
1658754|
1658755|
1658756|
1658757|
1658758|
1658759|
1658784|
1658785|
1658786|
1658787|
1658788|
1658789|
1658790|
1658791|
1658816|
1658817|
1658818|
1658819|
1658820|
1658821|
1658822|
1658823|
1658848|
1658849|
1658850|
1658851|
1658852|
1658853|
1658854|
1658855|
1658880|
1658881|
1658882|
1658883|
1658884|
1658885|
1658886|
1658887|
1658912|
1658913|
1658914|
1658915|
1658916|
1658917|
1658918|
1658919|
1658944|
1658945|
1658946|
1658947|
1658948|
1658949|
1658950|
1658951|
1658976|
1658977|
1658978|
1658979|
1658980|
1658981|
1658982|
1658983|
1659008|
1659009|
1659010|
1659011|
1659012|
1659013|
1659014|
1659015|
1659040|
1659041|
1659042|
1659043|
1659044|
1659045|
1659046|
1659047|
1659072|
1659073|
1659074|
1659075|
1659076|
1659077|
1659078|
1659079|
1659104|
1659105|
1659106|
1659107|
1659108|
1659109|
1659110|
1659111|
1659136|
1659137|
1659138|
1659139|
1659140|
1659141|
1659142|
1659143|
1659168|
1659169|
1659170|
1659171|
1659172|
1659173|
1659174|
1659175|
1659200|
1659201|
1659202|
1659203|
1659204|
1659205|
1659206|
1659207|
1659232|
1659233|
1659234|
1659235|
1659236|
1659237|
1659238|
1659239|
1659264|
1659265|
1659266|
1659267|
1659268|
1659269|
1659270|
1659271|
1659296|
1659297|
1659298|
1659299|
1659300|
1659301|
1659302|
1659303|
1659328|
1659329|
1659330|
1659331|
1659332|
1659333|
1659334|
1659335|
1659360|
1659361|
1659362|
1659363|
1659364|
1659365|
1659366|
1659367|
1659392|
1659393|
1659394|
1659395|
1659396|
1659397|
1659398|
1659399|
1659424|
1659425|
1659426|
1659427|
1659428|
1659429|
1659430|
1659431|
1659456|
1659457|
1659458|
1659459|
1659460|
1659461|
1659462|
1659463|
1659488|
1659489|
1659490|
1659491|
1659492|
1659493|
1659494|
1659495|
1659520|
1659521|
1659522|
1659523|
1659524|
1659525|
1659526|
1659527|
1659552|
1659553|
1659554|
1659555|
1659556|
1659557|
1659558|
1659559|
1659584|
1659585|
1659586|
1659587|
1659588|
1659589|
1659590|
1659591|
1659616|
1659617|
1659618|
1659619|
1659620|
1659621|
1659622|
1659623|
1659648|
1659649|
1659650|
1659651|
1659652|
1659653|
1659654|
1659655|
1659680|
1659681|
1659682|
1659683|
1659684|
1659685|
1659686|
1659687|
1659712|
1659713|
1659714|
1659715|
1659716|
1659717|
1659718|
1659719|
1659744|
1659745|
1659746|
1659747|
1659748|
1659749|
1659750|
1659751|
1659776|
1659777|
1659778|
1659779|
1659780|
1659781|
1659782|
1659783|
1659808|
1659809|
1659810|
1659811|
1659812|
1659813|
1659814|
1659815|
1659840|
1659841|
1659842|
1659843|
1659844|
1659845|
1659846|
1659847|
1659872|
1659873|
1659874|
1659875|
1659876|
1659877|
1659878|
1659879|
1659904|
1659905|
1659906|
1659907|
1659908|
1659909|
1659910|
1659911|
1659936|
1659937|
1659938|
1659939|
1659940|
1659941|
1659942|
1659943|
1659968|
1659969|
1659970|
1659971|
1659972|
1659973|
1659974|
1659975|
1660000|
1660001|
1660002|
1660003|
1660004|
1660005|
1660006|
1660007|
1660032|
1660033|
1660034|
1660035|
1660036|
1660037|
1660038|
1660039|
1660064|
1660065|
1660066|
1660067|
1660068|
1660069|
1660070|
1660071|
1660096|
1660097|
1660098|
1660099|
1660100|
1660101|
1660102|
1660103|
1660128|
1660129|
1660130|
1660131|
1660132|
1660133|
1660134|
1660135|
1660160|
1660161|
1660162|
1660163|
1660164|
1660165|
1660166|
1660167|
1660192|
1660193|
1660194|
1660195|
1660196|
1660197|
1660198|
1660199|
1660224|
1660225|
1660226|
1660227|
1660228|
1660229|
1660230|
1660231|
1660256|
1660257|
1660258|
1660259|
1660260|
1660261|
1660262|
1660263|
1660288|
1660289|
1660290|
1660291|
1660292|
1660293|
1660294|
1660295|
1660320|
1660321|
1660322|
1660323|
1660324|
1660325|
1660326|
1660327|
1660352|
1660353|
1660354|
1660355|
1660356|
1660357|
1660358|
1660359|
1660384|
1660385|
1660386|
1660387|
1660388|
1660389|
1660390|
1660391|
1660416|
1660417|
1660418|
1660419|
1660420|
1660421|
1660422|
1660423|
1660448|
1660449|
1660450|
1660451|
1660452|
1660453|
1660454|
1660455|
1660480|
1660481|
1660482|
1660483|
1660484|
1660485|
1660486|
1660487|
1660512|
1660513|
1660514|
1660515|
1660516|
1660517|
1660518|
1660519|
1660544|
1660545|
1660546|
1660547|
1660548|
1660549|
1660550|
1660551|
1660576|
1660577|
1660578|
1660579|
1660580|
1660581|
1660582|
1660583|
1660608|
1660609|
1660610|
1660611|
1660612|
1660613|
1660614|
1660615|
1660640|
1660641|
1660642|
1660643|
1660644|
1660645|
1660646|
1660647|
1660672|
1660673|
1660674|
1660675|
1660676|
1660677|
1660678|
1660679|
1660704|
1660705|
1660706|
1660707|
1660708|
1660709|
1660710|
1660711|
1660736|
1660737|
1660738|
1660739|
1660740|
1660741|
1660742|
1660743|
1660768|
1660769|
1660770|
1660771|
1660772|
1660773|
1660774|
1660775|
1660800|
1660801|
1660802|
1660803|
1660804|
1660805|
1660806|
1660807|
1660832|
1660833|
1660834|
1660835|
1660836|
1660837|
1660838|
1660839|
1660864|
1660865|
1660866|
1660867|
1660868|
1660869|
1660870|
1660871|
1660896|
1660897|
1660898|
1660899|
1660900|
1660901|
1660902|
1660903|
1660928|
1660929|
1660930|
1660931|
1660932|
1660933|
1660934|
1660935|
1660960|
1660961|
1660962|
1660963|
1660964|
1660965|
1660966|
1660967|
1660992|
1660993|
1660994|
1660995|
1660996|
1660997|
1660998|
1660999|
1661024|
1661025|
1661026|
1661027|
1661028|
1661029|
1661030|
1661031|
1661056|
1661057|
1661058|
1661059|
1661060|
1661061|
1661062|
1661063|
1661088|
1661089|
1661090|
1661091|
1661092|
1661093|
1661094|
1661095|
1661120|
1661121|
1661122|
1661123|
1661124|
1661125|
1661126|
1661127|
1661152|
1661153|
1661154|
1661155|
1661156|
1661157|
1661158|
1661159|
1661184|
1661185|
1661186|
1661187|
1661188|
1661189|
1661190|
1661191|
1661216|
1661217|
1661218|
1661219|
1661220|
1661221|
1661222|
1661223|
1661248|
1661249|
1661250|
1661251|
1661252|
1661253|
1661254|
1661255|
1661280|
1661281|
1661282|
1661283|
1661284|
1661285|
1661286|
1661287|
1661312|
1661313|
1661314|
1661315|
1661316|
1661317|
1661318|
1661319|
1661344|
1661345|
1661346|
1661347|
1661348|
1661349|
1661350|
1661351|
1661376|
1661377|
1661378|
1661379|
1661380|
1661381|
1661382|
1661383|
1661408|
1661409|
1661410|
1661411|
1661412|
1661413|
1661414|
1661415|
1661440|
1661441|
1661442|
1661443|
1661444|
1661445|
1661446|
1661447|
1661472|
1661473|
1661474|
1661475|
1661476|
1661477|
1661478|
1661479|
1661504|
1661505|
1661506|
1661507|
1661508|
1661509|
1661510|
1661511|
1661536|
1661537|
1661538|
1661539|
1661540|
1661541|
1661542|
1661543|
1661568|
1661569|
1661570|
1661571|
1661572|
1661573|
1661574|
1661575|
1661600|
1661601|
1661602|
1661603|
1661604|
1661605|
1661606|
1661607|
1661632|
1661633|
1661634|
1661635|
1661636|
1661637|
1661638|
1661639|
1661664|
1661665|
1661666|
1661667|
1661668|
1661669|
1661670|
1661671|
1661696|
1661697|
1661698|
1661699|
1661700|
1661701|
1661702|
1661703|
1661728|
1661729|
1661730|
1661731|
1661732|
1661733|
1661734|
1661735|
1661760|
1661761|
1661762|
1661763|
1661764|
1661765|
1661766|
1661767|
1661792|
1661793|
1661794|
1661795|
1661796|
1661797|
1661798|
1661799|
1661824|
1661825|
1661826|
1661827|
1661828|
1661829|
1661830|
1661831|
1661856|
1661857|
1661858|
1661859|
1661860|
1661861|
1661862|
1661863|
1661888|
1661889|
1661890|
1661891|
1661892|
1661893|
1661894|
1661895|
1661920|
1661921|
1661922|
1661923|
1661924|
1661925|
1661926|
1661927|
1661952|
1661953|
1661954|
1661955|
1661956|
1661957|
1661958|
1661959|
1661984|
1661985|
1661986|
1661987|
1661988|
