2400001|
2400002|
2400003|
2400004|
2400005|
2400006|
2400007|
2400032|
2400033|
2400034|
2400035|
2400036|
2400037|
2400038|
2400039|
2400064|
2400065|
2400066|
2400067|
2400068|
2400069|
2400070|
2400071|
2400096|
2400097|
2400098|
2400099|
2400100|
2400101|
2400102|
2400103|
2400128|
2400129|
2400130|
2400131|
2400132|
2400133|
2400134|
2400135|
2400160|
2400161|
2400162|
2400163|
2400164|
2400165|
2400166|
2400167|
2400192|
2400193|
2400194|
2400195|
2400196|
2400197|
2400198|
2400199|
2400224|
2400225|
2400226|
2400227|
2400228|
2400229|
2400230|
2400231|
2400256|
2400257|
2400258|
2400259|
2400260|
2400261|
2400262|
2400263|
2400288|
2400289|
2400290|
2400291|
2400292|
2400293|
2400294|
2400295|
2400320|
2400321|
2400322|
2400323|
2400324|
2400325|
2400326|
2400327|
2400352|
2400353|
2400354|
2400355|
2400356|
2400357|
2400358|
2400359|
2400384|
2400385|
2400386|
2400387|
2400388|
2400389|
2400390|
2400391|
2400416|
2400417|
2400418|
2400419|
2400420|
2400421|
2400422|
2400423|
2400448|
2400449|
2400450|
2400451|
2400452|
2400453|
2400454|
2400455|
2400480|
2400481|
2400482|
2400483|
2400484|
2400485|
2400486|
2400487|
2400512|
2400513|
2400514|
2400515|
2400516|
2400517|
2400518|
2400519|
2400544|
2400545|
2400546|
2400547|
2400548|
2400549|
2400550|
2400551|
2400576|
2400577|
2400578|
2400579|
2400580|
2400581|
2400582|
2400583|
2400608|
2400609|
2400610|
2400611|
2400612|
2400613|
2400614|
2400615|
2400640|
2400641|
2400642|
2400643|
2400644|
2400645|
2400646|
2400647|
2400672|
2400673|
2400674|
2400675|
2400676|
2400677|
2400678|
2400679|
2400704|
2400705|
2400706|
2400707|
2400708|
2400709|
2400710|
2400711|
2400736|
2400737|
2400738|
2400739|
2400740|
2400741|
2400742|
2400743|
2400768|
2400769|
2400770|
2400771|
2400772|
2400773|
2400774|
2400775|
2400800|
2400801|
2400802|
2400803|
2400804|
2400805|
2400806|
2400807|
2400832|
2400833|
2400834|
2400835|
2400836|
2400837|
2400838|
2400839|
2400864|
2400865|
2400866|
2400867|
2400868|
2400869|
2400870|
2400871|
2400896|
2400897|
2400898|
2400899|
2400900|
2400901|
2400902|
2400903|
2400928|
2400929|
2400930|
2400931|
2400932|
2400933|
2400934|
2400935|
2400960|
2400961|
2400962|
2400963|
2400964|
2400965|
2400966|
2400967|
2400992|
2400993|
2400994|
2400995|
2400996|
2400997|
2400998|
2400999|
2401024|
2401025|
2401026|
2401027|
2401028|
2401029|
2401030|
2401031|
2401056|
2401057|
2401058|
2401059|
2401060|
2401061|
2401062|
2401063|
2401088|
2401089|
2401090|
2401091|
2401092|
2401093|
2401094|
2401095|
2401120|
2401121|
2401122|
2401123|
2401124|
2401125|
2401126|
2401127|
2401152|
2401153|
2401154|
2401155|
2401156|
2401157|
2401158|
2401159|
2401184|
2401185|
2401186|
2401187|
2401188|
2401189|
2401190|
2401191|
2401216|
2401217|
2401218|
2401219|
2401220|
2401221|
2401222|
2401223|
2401248|
2401249|
2401250|
2401251|
2401252|
2401253|
2401254|
2401255|
2401280|
2401281|
2401282|
2401283|
2401284|
2401285|
2401286|
2401287|
2401312|
2401313|
2401314|
2401315|
2401316|
2401317|
2401318|
2401319|
2401344|
2401345|
2401346|
2401347|
2401348|
2401349|
2401350|
2401351|
2401376|
2401377|
2401378|
2401379|
2401380|
2401381|
2401382|
2401383|
2401408|
2401409|
2401410|
2401411|
2401412|
2401413|
2401414|
2401415|
2401440|
2401441|
2401442|
2401443|
2401444|
2401445|
2401446|
2401447|
2401472|
2401473|
2401474|
2401475|
2401476|
2401477|
2401478|
2401479|
2401504|
2401505|
2401506|
2401507|
2401508|
2401509|
2401510|
2401511|
2401536|
2401537|
2401538|
2401539|
2401540|
2401541|
2401542|
2401543|
2401568|
2401569|
2401570|
2401571|
2401572|
2401573|
2401574|
2401575|
2401600|
2401601|
2401602|
2401603|
2401604|
2401605|
2401606|
2401607|
2401632|
2401633|
2401634|
2401635|
2401636|
2401637|
2401638|
2401639|
2401664|
2401665|
2401666|
2401667|
2401668|
2401669|
2401670|
2401671|
2401696|
2401697|
2401698|
2401699|
2401700|
2401701|
2401702|
2401703|
2401728|
2401729|
2401730|
2401731|
2401732|
2401733|
2401734|
2401735|
2401760|
2401761|
2401762|
2401763|
2401764|
2401765|
2401766|
2401767|
2401792|
2401793|
2401794|
2401795|
2401796|
2401797|
2401798|
2401799|
2401824|
2401825|
2401826|
2401827|
2401828|
2401829|
2401830|
2401831|
2401856|
2401857|
2401858|
2401859|
2401860|
2401861|
2401862|
2401863|
2401888|
2401889|
2401890|
2401891|
2401892|
2401893|
2401894|
2401895|
2401920|
2401921|
2401922|
2401923|
2401924|
2401925|
2401926|
2401927|
2401952|
2401953|
2401954|
2401955|
2401956|
2401957|
2401958|
2401959|
2401984|
2401985|
2401986|
2401987|
2401988|
2401989|
2401990|
2401991|
2402016|
2402017|
2402018|
2402019|
2402020|
2402021|
2402022|
2402023|
2402048|
2402049|
2402050|
2402051|
2402052|
2402053|
2402054|
2402055|
2402080|
2402081|
2402082|
2402083|
2402084|
2402085|
2402086|
2402087|
2402112|
2402113|
2402114|
2402115|
2402116|
2402117|
2402118|
2402119|
2402144|
2402145|
2402146|
2402147|
2402148|
2402149|
2402150|
2402151|
2402176|
2402177|
2402178|
2402179|
2402180|
2402181|
2402182|
2402183|
2402208|
2402209|
2402210|
2402211|
2402212|
2402213|
2402214|
2402215|
2402240|
2402241|
2402242|
2402243|
2402244|
2402245|
2402246|
2402247|
2402272|
2402273|
2402274|
2402275|
2402276|
2402277|
2402278|
2402279|
2402304|
2402305|
2402306|
2402307|
2402308|
2402309|
2402310|
2402311|
2402336|
2402337|
2402338|
2402339|
2402340|
2402341|
2402342|
2402343|
2402368|
2402369|
2402370|
2402371|
2402372|
2402373|
2402374|
2402375|
2402400|
2402401|
2402402|
2402403|
2402404|
2402405|
2402406|
2402407|
2402432|
2402433|
2402434|
2402435|
2402436|
2402437|
2402438|
2402439|
2402464|
2402465|
2402466|
2402467|
2402468|
2402469|
2402470|
2402471|
2402496|
2402497|
2402498|
2402499|
2402500|
2402501|
2402502|
2402503|
2402528|
2402529|
2402530|
2402531|
2402532|
2402533|
2402534|
2402535|
2402560|
2402561|
2402562|
2402563|
2402564|
2402565|
2402566|
2402567|
2402592|
2402593|
2402594|
2402595|
2402596|
2402597|
2402598|
2402599|
2402624|
2402625|
2402626|
2402627|
2402628|
2402629|
2402630|
2402631|
2402656|
2402657|
2402658|
2402659|
2402660|
2402661|
2402662|
2402663|
2402688|
2402689|
2402690|
2402691|
2402692|
2402693|
2402694|
2402695|
2402720|
2402721|
2402722|
2402723|
2402724|
2402725|
2402726|
2402727|
2402752|
2402753|
2402754|
2402755|
2402756|
2402757|
2402758|
2402759|
2402784|
2402785|
2402786|
2402787|
2402788|
2402789|
2402790|
2402791|
2402816|
2402817|
2402818|
2402819|
2402820|
2402821|
2402822|
2402823|
2402848|
2402849|
2402850|
2402851|
2402852|
2402853|
2402854|
2402855|
2402880|
2402881|
2402882|
2402883|
2402884|
2402885|
2402886|
2402887|
2402912|
2402913|
2402914|
2402915|
2402916|
2402917|
2402918|
2402919|
2402944|
2402945|
2402946|
2402947|
2402948|
2402949|
2402950|
2402951|
2402976|
2402977|
2402978|
2402979|
2402980|
2402981|
2402982|
2402983|
2403008|
2403009|
2403010|
2403011|
2403012|
2403013|
2403014|
2403015|
2403040|
2403041|
2403042|
2403043|
2403044|
2403045|
2403046|
2403047|
2403072|
2403073|
2403074|
2403075|
2403076|
2403077|
2403078|
2403079|
2403104|
2403105|
2403106|
2403107|
2403108|
2403109|
2403110|
2403111|
2403136|
2403137|
2403138|
2403139|
2403140|
2403141|
2403142|
2403143|
2403168|
2403169|
2403170|
2403171|
2403172|
2403173|
2403174|
2403175|
2403200|
2403201|
2403202|
2403203|
2403204|
2403205|
2403206|
2403207|
2403232|
2403233|
2403234|
2403235|
2403236|
2403237|
2403238|
2403239|
2403264|
2403265|
2403266|
2403267|
2403268|
2403269|
2403270|
2403271|
2403296|
2403297|
2403298|
2403299|
2403300|
2403301|
2403302|
2403303|
2403328|
2403329|
2403330|
2403331|
2403332|
2403333|
2403334|
2403335|
2403360|
2403361|
2403362|
2403363|
2403364|
2403365|
2403366|
2403367|
2403392|
2403393|
2403394|
2403395|
2403396|
2403397|
2403398|
2403399|
2403424|
2403425|
2403426|
2403427|
2403428|
2403429|
2403430|
2403431|
2403456|
2403457|
2403458|
2403459|
2403460|
2403461|
2403462|
2403463|
2403488|
2403489|
2403490|
2403491|
2403492|
2403493|
2403494|
2403495|
2403520|
2403521|
2403522|
2403523|
2403524|
2403525|
2403526|
2403527|
2403552|
2403553|
2403554|
2403555|
2403556|
2403557|
2403558|
2403559|
2403584|
2403585|
2403586|
2403587|
2403588|
2403589|
2403590|
2403591|
2403616|
2403617|
2403618|
2403619|
2403620|
2403621|
2403622|
2403623|
2403648|
2403649|
2403650|
2403651|
2403652|
2403653|
2403654|
2403655|
2403680|
2403681|
2403682|
2403683|
2403684|
2403685|
2403686|
2403687|
2403712|
2403713|
2403714|
2403715|
2403716|
2403717|
2403718|
2403719|
2403744|
2403745|
2403746|
2403747|
2403748|
2403749|
2403750|
2403751|
2403776|
2403777|
2403778|
2403779|
2403780|
2403781|
2403782|
2403783|
2403808|
2403809|
2403810|
2403811|
2403812|
2403813|
2403814|
2403815|
2403840|
2403841|
2403842|
2403843|
2403844|
2403845|
2403846|
2403847|
2403872|
2403873|
2403874|
2403875|
2403876|
2403877|
2403878|
2403879|
2403904|
2403905|
2403906|
2403907|
2403908|
2403909|
2403910|
2403911|
2403936|
2403937|
2403938|
2403939|
2403940|
2403941|
2403942|
2403943|
2403968|
2403969|
2403970|
2403971|
2403972|
2403973|
2403974|
2403975|
2404000|
2404001|
2404002|
2404003|
2404004|
2404005|
2404006|
2404007|
2404032|
2404033|
2404034|
2404035|
2404036|
2404037|
2404038|
2404039|
2404064|
2404065|
2404066|
2404067|
2404068|
2404069|
2404070|
2404071|
2404096|
2404097|
2404098|
2404099|
2404100|
2404101|
2404102|
2404103|
2404128|
2404129|
2404130|
2404131|
2404132|
2404133|
2404134|
2404135|
2404160|
2404161|
2404162|
2404163|
2404164|
2404165|
2404166|
2404167|
2404192|
2404193|
2404194|
2404195|
2404196|
2404197|
2404198|
2404199|
2404224|
2404225|
2404226|
2404227|
2404228|
2404229|
2404230|
2404231|
2404256|
2404257|
2404258|
2404259|
2404260|
2404261|
2404262|
2404263|
2404288|
2404289|
2404290|
2404291|
2404292|
2404293|
2404294|
2404295|
2404320|
2404321|
2404322|
2404323|
2404324|
2404325|
2404326|
2404327|
2404352|
2404353|
2404354|
2404355|
2404356|
2404357|
2404358|
2404359|
2404384|
2404385|
2404386|
2404387|
2404388|
2404389|
2404390|
2404391|
2404416|
2404417|
2404418|
2404419|
2404420|
2404421|
2404422|
2404423|
2404448|
2404449|
2404450|
2404451|
2404452|
2404453|
2404454|
2404455|
2404480|
2404481|
2404482|
2404483|
2404484|
2404485|
2404486|
2404487|
2404512|
2404513|
2404514|
2404515|
2404516|
2404517|
2404518|
2404519|
2404544|
2404545|
2404546|
2404547|
2404548|
2404549|
2404550|
2404551|
2404576|
2404577|
2404578|
2404579|
2404580|
2404581|
2404582|
2404583|
2404608|
2404609|
2404610|
2404611|
2404612|
2404613|
2404614|
2404615|
2404640|
2404641|
2404642|
2404643|
2404644|
2404645|
2404646|
2404647|
2404672|
2404673|
2404674|
2404675|
2404676|
2404677|
2404678|
2404679|
2404704|
2404705|
2404706|
2404707|
2404708|
2404709|
2404710|
2404711|
2404736|
2404737|
2404738|
2404739|
2404740|
2404741|
2404742|
2404743|
2404768|
2404769|
2404770|
2404771|
2404772|
2404773|
2404774|
2404775|
2404800|
2404801|
2404802|
2404803|
2404804|
2404805|
2404806|
2404807|
2404832|
2404833|
2404834|
2404835|
2404836|
2404837|
2404838|
2404839|
2404864|
2404865|
2404866|
2404867|
2404868|
2404869|
2404870|
2404871|
2404896|
2404897|
2404898|
2404899|
2404900|
2404901|
2404902|
2404903|
2404928|
2404929|
2404930|
2404931|
2404932|
2404933|
2404934|
2404935|
2404960|
2404961|
2404962|
2404963|
2404964|
2404965|
2404966|
2404967|
2404992|
2404993|
2404994|
2404995|
2404996|
2404997|
2404998|
2404999|
2405024|
2405025|
2405026|
2405027|
2405028|
2405029|
2405030|
2405031|
2405056|
2405057|
2405058|
2405059|
2405060|
2405061|
2405062|
2405063|
2405088|
2405089|
2405090|
2405091|
2405092|
2405093|
2405094|
2405095|
2405120|
2405121|
2405122|
2405123|
2405124|
2405125|
2405126|
2405127|
2405152|
2405153|
2405154|
2405155|
2405156|
2405157|
2405158|
2405159|
2405184|
2405185|
2405186|
2405187|
2405188|
2405189|
2405190|
2405191|
2405216|
2405217|
2405218|
2405219|
2405220|
2405221|
2405222|
2405223|
2405248|
2405249|
2405250|
2405251|
2405252|
2405253|
2405254|
2405255|
2405280|
2405281|
2405282|
2405283|
2405284|
2405285|
2405286|
2405287|
2405312|
2405313|
2405314|
2405315|
2405316|
2405317|
2405318|
2405319|
2405344|
2405345|
2405346|
2405347|
2405348|
2405349|
2405350|
2405351|
2405376|
2405377|
2405378|
2405379|
2405380|
2405381|
2405382|
2405383|
2405408|
2405409|
2405410|
2405411|
2405412|
2405413|
2405414|
2405415|
2405440|
2405441|
2405442|
2405443|
2405444|
2405445|
2405446|
2405447|
2405472|
2405473|
2405474|
2405475|
2405476|
2405477|
2405478|
2405479|
2405504|
2405505|
2405506|
2405507|
2405508|
2405509|
2405510|
2405511|
2405536|
2405537|
2405538|
2405539|
2405540|
2405541|
2405542|
2405543|
2405568|
2405569|
2405570|
2405571|
2405572|
2405573|
2405574|
2405575|
2405600|
2405601|
2405602|
2405603|
2405604|
2405605|
2405606|
2405607|
2405632|
2405633|
2405634|
2405635|
2405636|
2405637|
2405638|
2405639|
2405664|
2405665|
2405666|
2405667|
2405668|
2405669|
2405670|
2405671|
2405696|
2405697|
2405698|
2405699|
2405700|
2405701|
2405702|
2405703|
2405728|
2405729|
2405730|
2405731|
2405732|
2405733|
2405734|
2405735|
2405760|
2405761|
2405762|
2405763|
2405764|
2405765|
2405766|
2405767|
2405792|
2405793|
2405794|
2405795|
2405796|
2405797|
2405798|
2405799|
2405824|
2405825|
2405826|
2405827|
2405828|
2405829|
2405830|
2405831|
2405856|
2405857|
2405858|
2405859|
2405860|
2405861|
2405862|
2405863|
2405888|
2405889|
2405890|
2405891|
2405892|
2405893|
2405894|
2405895|
2405920|
2405921|
2405922|
2405923|
2405924|
2405925|
2405926|
2405927|
2405952|
2405953|
2405954|
2405955|
2405956|
2405957|
2405958|
2405959|
2405984|
2405985|
2405986|
2405987|
2405988|
