1644001|
1644002|
1644003|
1644004|
1644005|
1644006|
1644007|
1644032|
1644033|
1644034|
1644035|
1644036|
1644037|
1644038|
1644039|
1644064|
1644065|
1644066|
1644067|
1644068|
1644069|
1644070|
1644071|
1644096|
1644097|
1644098|
1644099|
1644100|
1644101|
1644102|
1644103|
1644128|
1644129|
1644130|
1644131|
1644132|
1644133|
1644134|
1644135|
1644160|
1644161|
1644162|
1644163|
1644164|
1644165|
1644166|
1644167|
1644192|
1644193|
1644194|
1644195|
1644196|
1644197|
1644198|
1644199|
1644224|
1644225|
1644226|
1644227|
1644228|
1644229|
1644230|
1644231|
1644256|
1644257|
1644258|
1644259|
1644260|
1644261|
1644262|
1644263|
1644288|
1644289|
1644290|
1644291|
1644292|
1644293|
1644294|
1644295|
1644320|
1644321|
1644322|
1644323|
1644324|
1644325|
1644326|
1644327|
1644352|
1644353|
1644354|
1644355|
1644356|
1644357|
1644358|
1644359|
1644384|
1644385|
1644386|
1644387|
1644388|
1644389|
1644390|
1644391|
1644416|
1644417|
1644418|
1644419|
1644420|
1644421|
1644422|
1644423|
1644448|
1644449|
1644450|
1644451|
1644452|
1644453|
1644454|
1644455|
1644480|
1644481|
1644482|
1644483|
1644484|
1644485|
1644486|
1644487|
1644512|
1644513|
1644514|
1644515|
1644516|
1644517|
1644518|
1644519|
1644544|
1644545|
1644546|
1644547|
1644548|
1644549|
1644550|
1644551|
1644576|
1644577|
1644578|
1644579|
1644580|
1644581|
1644582|
1644583|
1644608|
1644609|
1644610|
1644611|
1644612|
1644613|
1644614|
1644615|
1644640|
1644641|
1644642|
1644643|
1644644|
1644645|
1644646|
1644647|
1644672|
1644673|
1644674|
1644675|
1644676|
1644677|
1644678|
1644679|
1644704|
1644705|
1644706|
1644707|
1644708|
1644709|
1644710|
1644711|
1644736|
1644737|
1644738|
1644739|
1644740|
1644741|
1644742|
1644743|
1644768|
1644769|
1644770|
1644771|
1644772|
1644773|
1644774|
1644775|
1644800|
1644801|
1644802|
1644803|
1644804|
1644805|
1644806|
1644807|
1644832|
1644833|
1644834|
1644835|
1644836|
1644837|
1644838|
1644839|
1644864|
1644865|
1644866|
1644867|
1644868|
1644869|
1644870|
1644871|
1644896|
1644897|
1644898|
1644899|
1644900|
1644901|
1644902|
1644903|
1644928|
1644929|
1644930|
1644931|
1644932|
1644933|
1644934|
1644935|
1644960|
1644961|
1644962|
1644963|
1644964|
1644965|
1644966|
1644967|
1644992|
1644993|
1644994|
1644995|
1644996|
1644997|
1644998|
1644999|
1645024|
1645025|
1645026|
1645027|
1645028|
1645029|
1645030|
1645031|
1645056|
1645057|
1645058|
1645059|
1645060|
1645061|
1645062|
1645063|
1645088|
1645089|
1645090|
1645091|
1645092|
1645093|
1645094|
1645095|
1645120|
1645121|
1645122|
1645123|
1645124|
1645125|
1645126|
1645127|
1645152|
1645153|
1645154|
1645155|
1645156|
1645157|
1645158|
1645159|
1645184|
1645185|
1645186|
1645187|
1645188|
1645189|
1645190|
1645191|
1645216|
1645217|
1645218|
1645219|
1645220|
1645221|
1645222|
1645223|
1645248|
1645249|
1645250|
1645251|
1645252|
1645253|
1645254|
1645255|
1645280|
1645281|
1645282|
1645283|
1645284|
1645285|
1645286|
1645287|
1645312|
1645313|
1645314|
1645315|
1645316|
1645317|
1645318|
1645319|
1645344|
1645345|
1645346|
1645347|
1645348|
1645349|
1645350|
1645351|
1645376|
1645377|
1645378|
1645379|
1645380|
1645381|
1645382|
1645383|
1645408|
1645409|
1645410|
1645411|
1645412|
1645413|
1645414|
1645415|
1645440|
1645441|
1645442|
1645443|
1645444|
1645445|
1645446|
1645447|
1645472|
1645473|
1645474|
1645475|
1645476|
1645477|
1645478|
1645479|
1645504|
1645505|
1645506|
1645507|
1645508|
1645509|
1645510|
1645511|
1645536|
1645537|
1645538|
1645539|
1645540|
1645541|
1645542|
1645543|
1645568|
1645569|
1645570|
1645571|
1645572|
1645573|
1645574|
1645575|
1645600|
1645601|
1645602|
1645603|
1645604|
1645605|
1645606|
1645607|
1645632|
1645633|
1645634|
1645635|
1645636|
1645637|
1645638|
1645639|
1645664|
1645665|
1645666|
1645667|
1645668|
1645669|
1645670|
1645671|
1645696|
1645697|
1645698|
1645699|
1645700|
1645701|
1645702|
1645703|
1645728|
1645729|
1645730|
1645731|
1645732|
1645733|
1645734|
1645735|
1645760|
1645761|
1645762|
1645763|
1645764|
1645765|
1645766|
1645767|
1645792|
1645793|
1645794|
1645795|
1645796|
1645797|
1645798|
1645799|
1645824|
1645825|
1645826|
1645827|
1645828|
1645829|
1645830|
1645831|
1645856|
1645857|
1645858|
1645859|
1645860|
1645861|
1645862|
1645863|
1645888|
1645889|
1645890|
1645891|
1645892|
1645893|
1645894|
1645895|
1645920|
1645921|
1645922|
1645923|
1645924|
1645925|
1645926|
1645927|
1645952|
1645953|
1645954|
1645955|
1645956|
1645957|
1645958|
1645959|
1645984|
1645985|
1645986|
1645987|
1645988|
1645989|
1645990|
1645991|
1646016|
1646017|
1646018|
1646019|
1646020|
1646021|
1646022|
1646023|
1646048|
1646049|
1646050|
1646051|
1646052|
1646053|
1646054|
1646055|
1646080|
1646081|
1646082|
1646083|
1646084|
1646085|
1646086|
1646087|
1646112|
1646113|
1646114|
1646115|
1646116|
1646117|
1646118|
1646119|
1646144|
1646145|
1646146|
1646147|
1646148|
1646149|
1646150|
1646151|
1646176|
1646177|
1646178|
1646179|
1646180|
1646181|
1646182|
1646183|
1646208|
1646209|
1646210|
1646211|
1646212|
1646213|
1646214|
1646215|
1646240|
1646241|
1646242|
1646243|
1646244|
1646245|
1646246|
1646247|
1646272|
1646273|
1646274|
1646275|
1646276|
1646277|
1646278|
1646279|
1646304|
1646305|
1646306|
1646307|
1646308|
1646309|
1646310|
1646311|
1646336|
1646337|
1646338|
1646339|
1646340|
1646341|
1646342|
1646343|
1646368|
1646369|
1646370|
1646371|
1646372|
1646373|
1646374|
1646375|
1646400|
1646401|
1646402|
1646403|
1646404|
1646405|
1646406|
1646407|
1646432|
1646433|
1646434|
1646435|
1646436|
1646437|
1646438|
1646439|
1646464|
1646465|
1646466|
1646467|
1646468|
1646469|
1646470|
1646471|
1646496|
1646497|
1646498|
1646499|
1646500|
1646501|
1646502|
1646503|
1646528|
1646529|
1646530|
1646531|
1646532|
1646533|
1646534|
1646535|
1646560|
1646561|
1646562|
1646563|
1646564|
1646565|
1646566|
1646567|
1646592|
1646593|
1646594|
1646595|
1646596|
1646597|
1646598|
1646599|
1646624|
1646625|
1646626|
1646627|
1646628|
1646629|
1646630|
1646631|
1646656|
1646657|
1646658|
1646659|
1646660|
1646661|
1646662|
1646663|
1646688|
1646689|
1646690|
1646691|
1646692|
1646693|
1646694|
1646695|
1646720|
1646721|
1646722|
1646723|
1646724|
1646725|
1646726|
1646727|
1646752|
1646753|
1646754|
1646755|
1646756|
1646757|
1646758|
1646759|
1646784|
1646785|
1646786|
1646787|
1646788|
1646789|
1646790|
1646791|
1646816|
1646817|
1646818|
1646819|
1646820|
1646821|
1646822|
1646823|
1646848|
1646849|
1646850|
1646851|
1646852|
1646853|
1646854|
1646855|
1646880|
1646881|
1646882|
1646883|
1646884|
1646885|
1646886|
1646887|
1646912|
1646913|
1646914|
1646915|
1646916|
1646917|
1646918|
1646919|
1646944|
1646945|
1646946|
1646947|
1646948|
1646949|
1646950|
1646951|
1646976|
1646977|
1646978|
1646979|
1646980|
1646981|
1646982|
1646983|
1647008|
1647009|
1647010|
1647011|
1647012|
1647013|
1647014|
1647015|
1647040|
1647041|
1647042|
1647043|
1647044|
1647045|
1647046|
1647047|
1647072|
1647073|
1647074|
1647075|
1647076|
1647077|
1647078|
1647079|
1647104|
1647105|
1647106|
1647107|
1647108|
1647109|
1647110|
1647111|
1647136|
1647137|
1647138|
1647139|
1647140|
1647141|
1647142|
1647143|
1647168|
1647169|
1647170|
1647171|
1647172|
1647173|
1647174|
1647175|
1647200|
1647201|
1647202|
1647203|
1647204|
1647205|
1647206|
1647207|
1647232|
1647233|
1647234|
1647235|
1647236|
1647237|
1647238|
1647239|
1647264|
1647265|
1647266|
1647267|
1647268|
1647269|
1647270|
1647271|
1647296|
1647297|
1647298|
1647299|
1647300|
1647301|
1647302|
1647303|
1647328|
1647329|
1647330|
1647331|
1647332|
1647333|
1647334|
1647335|
1647360|
1647361|
1647362|
1647363|
1647364|
1647365|
1647366|
1647367|
1647392|
1647393|
1647394|
1647395|
1647396|
1647397|
1647398|
1647399|
1647424|
1647425|
1647426|
1647427|
1647428|
1647429|
1647430|
1647431|
1647456|
1647457|
1647458|
1647459|
1647460|
1647461|
1647462|
1647463|
1647488|
1647489|
1647490|
1647491|
1647492|
1647493|
1647494|
1647495|
1647520|
1647521|
1647522|
1647523|
1647524|
1647525|
1647526|
1647527|
1647552|
1647553|
1647554|
1647555|
1647556|
1647557|
1647558|
1647559|
1647584|
1647585|
1647586|
1647587|
1647588|
1647589|
1647590|
1647591|
1647616|
1647617|
1647618|
1647619|
1647620|
1647621|
1647622|
1647623|
1647648|
1647649|
1647650|
1647651|
1647652|
1647653|
1647654|
1647655|
1647680|
1647681|
1647682|
1647683|
1647684|
1647685|
1647686|
1647687|
1647712|
1647713|
1647714|
1647715|
1647716|
1647717|
1647718|
1647719|
1647744|
1647745|
1647746|
1647747|
1647748|
1647749|
1647750|
1647751|
1647776|
1647777|
1647778|
1647779|
1647780|
1647781|
1647782|
1647783|
1647808|
1647809|
1647810|
1647811|
1647812|
1647813|
1647814|
1647815|
1647840|
1647841|
1647842|
1647843|
1647844|
1647845|
1647846|
1647847|
1647872|
1647873|
1647874|
1647875|
1647876|
1647877|
1647878|
1647879|
1647904|
1647905|
1647906|
1647907|
1647908|
1647909|
1647910|
1647911|
1647936|
1647937|
1647938|
1647939|
1647940|
1647941|
1647942|
1647943|
1647968|
1647969|
1647970|
1647971|
1647972|
1647973|
1647974|
1647975|
1648000|
1648001|
1648002|
1648003|
1648004|
1648005|
1648006|
1648007|
1648032|
1648033|
1648034|
1648035|
1648036|
1648037|
1648038|
1648039|
1648064|
1648065|
1648066|
1648067|
1648068|
1648069|
1648070|
1648071|
1648096|
1648097|
1648098|
1648099|
1648100|
1648101|
1648102|
1648103|
1648128|
1648129|
1648130|
1648131|
1648132|
1648133|
1648134|
1648135|
1648160|
1648161|
1648162|
1648163|
1648164|
1648165|
1648166|
1648167|
1648192|
1648193|
1648194|
1648195|
1648196|
1648197|
1648198|
1648199|
1648224|
1648225|
1648226|
1648227|
1648228|
1648229|
1648230|
1648231|
1648256|
1648257|
1648258|
1648259|
1648260|
1648261|
1648262|
1648263|
1648288|
1648289|
1648290|
1648291|
1648292|
1648293|
1648294|
1648295|
1648320|
1648321|
1648322|
1648323|
1648324|
1648325|
1648326|
1648327|
1648352|
1648353|
1648354|
1648355|
1648356|
1648357|
1648358|
1648359|
1648384|
1648385|
1648386|
1648387|
1648388|
1648389|
1648390|
1648391|
1648416|
1648417|
1648418|
1648419|
1648420|
1648421|
1648422|
1648423|
1648448|
1648449|
1648450|
1648451|
1648452|
1648453|
1648454|
1648455|
1648480|
1648481|
1648482|
1648483|
1648484|
1648485|
1648486|
1648487|
1648512|
1648513|
1648514|
1648515|
1648516|
1648517|
1648518|
1648519|
1648544|
1648545|
1648546|
1648547|
1648548|
1648549|
1648550|
1648551|
1648576|
1648577|
1648578|
1648579|
1648580|
1648581|
1648582|
1648583|
1648608|
1648609|
1648610|
1648611|
1648612|
1648613|
1648614|
1648615|
1648640|
1648641|
1648642|
1648643|
1648644|
1648645|
1648646|
1648647|
1648672|
1648673|
1648674|
1648675|
1648676|
1648677|
1648678|
1648679|
1648704|
1648705|
1648706|
1648707|
1648708|
1648709|
1648710|
1648711|
1648736|
1648737|
1648738|
1648739|
1648740|
1648741|
1648742|
1648743|
1648768|
1648769|
1648770|
1648771|
1648772|
1648773|
1648774|
1648775|
1648800|
1648801|
1648802|
1648803|
1648804|
1648805|
1648806|
1648807|
1648832|
1648833|
1648834|
1648835|
1648836|
1648837|
1648838|
1648839|
1648864|
1648865|
1648866|
1648867|
1648868|
1648869|
1648870|
1648871|
1648896|
1648897|
1648898|
1648899|
1648900|
1648901|
1648902|
1648903|
1648928|
1648929|
1648930|
1648931|
1648932|
1648933|
1648934|
1648935|
1648960|
1648961|
1648962|
1648963|
1648964|
1648965|
1648966|
1648967|
1648992|
1648993|
1648994|
1648995|
1648996|
1648997|
1648998|
1648999|
1649024|
1649025|
1649026|
1649027|
1649028|
1649029|
1649030|
1649031|
1649056|
1649057|
1649058|
1649059|
1649060|
1649061|
1649062|
1649063|
1649088|
1649089|
1649090|
1649091|
1649092|
1649093|
1649094|
1649095|
1649120|
1649121|
1649122|
1649123|
1649124|
1649125|
1649126|
1649127|
1649152|
1649153|
1649154|
1649155|
1649156|
1649157|
1649158|
1649159|
1649184|
1649185|
1649186|
1649187|
1649188|
1649189|
1649190|
1649191|
1649216|
1649217|
1649218|
1649219|
1649220|
1649221|
1649222|
1649223|
1649248|
1649249|
1649250|
1649251|
1649252|
1649253|
1649254|
1649255|
1649280|
1649281|
1649282|
1649283|
1649284|
1649285|
1649286|
1649287|
1649312|
1649313|
1649314|
1649315|
1649316|
1649317|
1649318|
1649319|
1649344|
1649345|
1649346|
1649347|
1649348|
1649349|
1649350|
1649351|
1649376|
1649377|
1649378|
1649379|
1649380|
1649381|
1649382|
1649383|
1649408|
1649409|
1649410|
1649411|
1649412|
1649413|
1649414|
1649415|
1649440|
1649441|
1649442|
1649443|
1649444|
1649445|
1649446|
1649447|
1649472|
1649473|
1649474|
1649475|
1649476|
1649477|
1649478|
1649479|
1649504|
1649505|
1649506|
1649507|
1649508|
1649509|
1649510|
1649511|
1649536|
1649537|
1649538|
1649539|
1649540|
1649541|
1649542|
1649543|
1649568|
1649569|
1649570|
1649571|
1649572|
1649573|
1649574|
1649575|
1649600|
1649601|
1649602|
1649603|
1649604|
1649605|
1649606|
1649607|
1649632|
1649633|
1649634|
1649635|
1649636|
1649637|
1649638|
1649639|
1649664|
1649665|
1649666|
1649667|
1649668|
1649669|
1649670|
1649671|
1649696|
1649697|
1649698|
1649699|
1649700|
1649701|
1649702|
1649703|
1649728|
1649729|
1649730|
1649731|
1649732|
1649733|
1649734|
1649735|
1649760|
1649761|
1649762|
1649763|
1649764|
1649765|
1649766|
1649767|
1649792|
1649793|
1649794|
1649795|
1649796|
1649797|
1649798|
1649799|
1649824|
1649825|
1649826|
1649827|
1649828|
1649829|
1649830|
1649831|
1649856|
1649857|
1649858|
1649859|
1649860|
1649861|
1649862|
1649863|
1649888|
1649889|
1649890|
1649891|
1649892|
1649893|
1649894|
1649895|
1649920|
1649921|
1649922|
1649923|
1649924|
1649925|
1649926|
1649927|
1649952|
1649953|
1649954|
1649955|
1649956|
1649957|
1649958|
1649959|
1649984|
1649985|
1649986|
1649987|
1649988|
