156001|
156002|
156003|
156004|
156005|
156006|
156007|
156032|
156033|
156034|
156035|
156036|
156037|
156038|
156039|
156064|
156065|
156066|
156067|
156068|
156069|
156070|
156071|
156096|
156097|
156098|
156099|
156100|
156101|
156102|
156103|
156128|
156129|
156130|
156131|
156132|
156133|
156134|
156135|
156160|
156161|
156162|
156163|
156164|
156165|
156166|
156167|
156192|
156193|
156194|
156195|
156196|
156197|
156198|
156199|
156224|
156225|
156226|
156227|
156228|
156229|
156230|
156231|
156256|
156257|
156258|
156259|
156260|
156261|
156262|
156263|
156288|
156289|
156290|
156291|
156292|
156293|
156294|
156295|
156320|
156321|
156322|
156323|
156324|
156325|
156326|
156327|
156352|
156353|
156354|
156355|
156356|
156357|
156358|
156359|
156384|
156385|
156386|
156387|
156388|
156389|
156390|
156391|
156416|
156417|
156418|
156419|
156420|
156421|
156422|
156423|
156448|
156449|
156450|
156451|
156452|
156453|
156454|
156455|
156480|
156481|
156482|
156483|
156484|
156485|
156486|
156487|
156512|
156513|
156514|
156515|
156516|
156517|
156518|
156519|
156544|
156545|
156546|
156547|
156548|
156549|
156550|
156551|
156576|
156577|
156578|
156579|
156580|
156581|
156582|
156583|
156608|
156609|
156610|
156611|
156612|
156613|
156614|
156615|
156640|
156641|
156642|
156643|
156644|
156645|
156646|
156647|
156672|
156673|
156674|
156675|
156676|
156677|
156678|
156679|
156704|
156705|
156706|
156707|
156708|
156709|
156710|
156711|
156736|
156737|
156738|
156739|
156740|
156741|
156742|
156743|
156768|
156769|
156770|
156771|
156772|
156773|
156774|
156775|
156800|
156801|
156802|
156803|
156804|
156805|
156806|
156807|
156832|
156833|
156834|
156835|
156836|
156837|
156838|
156839|
156864|
156865|
156866|
156867|
156868|
156869|
156870|
156871|
156896|
156897|
156898|
156899|
156900|
156901|
156902|
156903|
156928|
156929|
156930|
156931|
156932|
156933|
156934|
156935|
156960|
156961|
156962|
156963|
156964|
156965|
156966|
156967|
156992|
156993|
156994|
156995|
156996|
156997|
156998|
156999|
157024|
157025|
157026|
157027|
157028|
157029|
157030|
157031|
157056|
157057|
157058|
157059|
157060|
157061|
157062|
157063|
157088|
157089|
157090|
157091|
157092|
157093|
157094|
157095|
157120|
157121|
157122|
157123|
157124|
157125|
157126|
157127|
157152|
157153|
157154|
157155|
157156|
157157|
157158|
157159|
157184|
157185|
157186|
157187|
157188|
157189|
157190|
157191|
157216|
157217|
157218|
157219|
157220|
157221|
157222|
157223|
157248|
157249|
157250|
157251|
157252|
157253|
157254|
157255|
157280|
157281|
157282|
157283|
157284|
157285|
157286|
157287|
157312|
157313|
157314|
157315|
157316|
157317|
157318|
157319|
157344|
157345|
157346|
157347|
157348|
157349|
157350|
157351|
157376|
157377|
157378|
157379|
157380|
157381|
157382|
157383|
157408|
157409|
157410|
157411|
157412|
157413|
157414|
157415|
157440|
157441|
157442|
157443|
157444|
157445|
157446|
157447|
157472|
157473|
157474|
157475|
157476|
157477|
157478|
157479|
157504|
157505|
157506|
157507|
157508|
157509|
157510|
157511|
157536|
157537|
157538|
157539|
157540|
157541|
157542|
157543|
157568|
157569|
157570|
157571|
157572|
157573|
157574|
157575|
157600|
157601|
157602|
157603|
157604|
157605|
157606|
157607|
157632|
157633|
157634|
157635|
157636|
157637|
157638|
157639|
157664|
157665|
157666|
157667|
157668|
157669|
157670|
157671|
157696|
157697|
157698|
157699|
157700|
157701|
157702|
157703|
157728|
157729|
157730|
157731|
157732|
157733|
157734|
157735|
157760|
157761|
157762|
157763|
157764|
157765|
157766|
157767|
157792|
157793|
157794|
157795|
157796|
157797|
157798|
157799|
157824|
157825|
157826|
157827|
157828|
157829|
157830|
157831|
157856|
157857|
157858|
157859|
157860|
157861|
157862|
157863|
157888|
157889|
157890|
157891|
157892|
157893|
157894|
157895|
157920|
157921|
157922|
157923|
157924|
157925|
157926|
157927|
157952|
157953|
157954|
157955|
157956|
157957|
157958|
157959|
157984|
157985|
157986|
157987|
157988|
157989|
157990|
157991|
158016|
158017|
158018|
158019|
158020|
158021|
158022|
158023|
158048|
158049|
158050|
158051|
158052|
158053|
158054|
158055|
158080|
158081|
158082|
158083|
158084|
158085|
158086|
158087|
158112|
158113|
158114|
158115|
158116|
158117|
158118|
158119|
158144|
158145|
158146|
158147|
158148|
158149|
158150|
158151|
158176|
158177|
158178|
158179|
158180|
158181|
158182|
158183|
158208|
158209|
158210|
158211|
158212|
158213|
158214|
158215|
158240|
158241|
158242|
158243|
158244|
158245|
158246|
158247|
158272|
158273|
158274|
158275|
158276|
158277|
158278|
158279|
158304|
158305|
158306|
158307|
158308|
158309|
158310|
158311|
158336|
158337|
158338|
158339|
158340|
158341|
158342|
158343|
158368|
158369|
158370|
158371|
158372|
158373|
158374|
158375|
158400|
158401|
158402|
158403|
158404|
158405|
158406|
158407|
158432|
158433|
158434|
158435|
158436|
158437|
158438|
158439|
158464|
158465|
158466|
158467|
158468|
158469|
158470|
158471|
158496|
158497|
158498|
158499|
158500|
158501|
158502|
158503|
158528|
158529|
158530|
158531|
158532|
158533|
158534|
158535|
158560|
158561|
158562|
158563|
158564|
158565|
158566|
158567|
158592|
158593|
158594|
158595|
158596|
158597|
158598|
158599|
158624|
158625|
158626|
158627|
158628|
158629|
158630|
158631|
158656|
158657|
158658|
158659|
158660|
158661|
158662|
158663|
158688|
158689|
158690|
158691|
158692|
158693|
158694|
158695|
158720|
158721|
158722|
158723|
158724|
158725|
158726|
158727|
158752|
158753|
158754|
158755|
158756|
158757|
158758|
158759|
158784|
158785|
158786|
158787|
158788|
158789|
158790|
158791|
158816|
158817|
158818|
158819|
158820|
158821|
158822|
158823|
158848|
158849|
158850|
158851|
158852|
158853|
158854|
158855|
158880|
158881|
158882|
158883|
158884|
158885|
158886|
158887|
158912|
158913|
158914|
158915|
158916|
158917|
158918|
158919|
158944|
158945|
158946|
158947|
158948|
158949|
158950|
158951|
158976|
158977|
158978|
158979|
158980|
158981|
158982|
158983|
159008|
159009|
159010|
159011|
159012|
159013|
159014|
159015|
159040|
159041|
159042|
159043|
159044|
159045|
159046|
159047|
159072|
159073|
159074|
159075|
159076|
159077|
159078|
159079|
159104|
159105|
159106|
159107|
159108|
159109|
159110|
159111|
159136|
159137|
159138|
159139|
159140|
159141|
159142|
159143|
159168|
159169|
159170|
159171|
159172|
159173|
159174|
159175|
159200|
159201|
159202|
159203|
159204|
159205|
159206|
159207|
159232|
159233|
159234|
159235|
159236|
159237|
159238|
159239|
159264|
159265|
159266|
159267|
159268|
159269|
159270|
159271|
159296|
159297|
159298|
159299|
159300|
159301|
159302|
159303|
159328|
159329|
159330|
159331|
159332|
159333|
159334|
159335|
159360|
159361|
159362|
159363|
159364|
159365|
159366|
159367|
159392|
159393|
159394|
159395|
159396|
159397|
159398|
159399|
159424|
159425|
159426|
159427|
159428|
159429|
159430|
159431|
159456|
159457|
159458|
159459|
159460|
159461|
159462|
159463|
159488|
159489|
159490|
159491|
159492|
159493|
159494|
159495|
159520|
159521|
159522|
159523|
159524|
159525|
159526|
159527|
159552|
159553|
159554|
159555|
159556|
159557|
159558|
159559|
159584|
159585|
159586|
159587|
159588|
159589|
159590|
159591|
159616|
159617|
159618|
159619|
159620|
159621|
159622|
159623|
159648|
159649|
159650|
159651|
159652|
159653|
159654|
159655|
159680|
159681|
159682|
159683|
159684|
159685|
159686|
159687|
159712|
159713|
159714|
159715|
159716|
159717|
159718|
159719|
159744|
159745|
159746|
159747|
159748|
159749|
159750|
159751|
159776|
159777|
159778|
159779|
159780|
159781|
159782|
159783|
159808|
159809|
159810|
159811|
159812|
159813|
159814|
159815|
159840|
159841|
159842|
159843|
159844|
159845|
159846|
159847|
159872|
159873|
159874|
159875|
159876|
159877|
159878|
159879|
159904|
159905|
159906|
159907|
159908|
159909|
159910|
159911|
159936|
159937|
159938|
159939|
159940|
159941|
159942|
159943|
159968|
159969|
159970|
159971|
159972|
159973|
159974|
159975|
160000|
160001|
160002|
160003|
160004|
160005|
160006|
160007|
160032|
160033|
160034|
160035|
160036|
160037|
160038|
160039|
160064|
160065|
160066|
160067|
160068|
160069|
160070|
160071|
160096|
160097|
160098|
160099|
160100|
160101|
160102|
160103|
160128|
160129|
160130|
160131|
160132|
160133|
160134|
160135|
160160|
160161|
160162|
160163|
160164|
160165|
160166|
160167|
160192|
160193|
160194|
160195|
160196|
160197|
160198|
160199|
160224|
160225|
160226|
160227|
160228|
160229|
160230|
160231|
160256|
160257|
160258|
160259|
160260|
160261|
160262|
160263|
160288|
160289|
160290|
160291|
160292|
160293|
160294|
160295|
160320|
160321|
160322|
160323|
160324|
160325|
160326|
160327|
160352|
160353|
160354|
160355|
160356|
160357|
160358|
160359|
160384|
160385|
160386|
160387|
160388|
160389|
160390|
160391|
160416|
160417|
160418|
160419|
160420|
160421|
160422|
160423|
160448|
160449|
160450|
160451|
160452|
160453|
160454|
160455|
160480|
160481|
160482|
160483|
160484|
160485|
160486|
160487|
160512|
160513|
160514|
160515|
160516|
160517|
160518|
160519|
160544|
160545|
160546|
160547|
160548|
160549|
160550|
160551|
160576|
160577|
160578|
160579|
160580|
160581|
160582|
160583|
160608|
160609|
160610|
160611|
160612|
160613|
160614|
160615|
160640|
160641|
160642|
160643|
160644|
160645|
160646|
160647|
160672|
160673|
160674|
160675|
160676|
160677|
160678|
160679|
160704|
160705|
160706|
160707|
160708|
160709|
160710|
160711|
160736|
160737|
160738|
160739|
160740|
160741|
160742|
160743|
160768|
160769|
160770|
160771|
160772|
160773|
160774|
160775|
160800|
160801|
160802|
160803|
160804|
160805|
160806|
160807|
160832|
160833|
160834|
160835|
160836|
160837|
160838|
160839|
160864|
160865|
160866|
160867|
160868|
160869|
160870|
160871|
160896|
160897|
160898|
160899|
160900|
160901|
160902|
160903|
160928|
160929|
160930|
160931|
160932|
160933|
160934|
160935|
160960|
160961|
160962|
160963|
160964|
160965|
160966|
160967|
160992|
160993|
160994|
160995|
160996|
160997|
160998|
160999|
161024|
161025|
161026|
161027|
161028|
161029|
161030|
161031|
161056|
161057|
161058|
161059|
161060|
161061|
161062|
161063|
161088|
161089|
161090|
161091|
161092|
161093|
161094|
161095|
161120|
161121|
161122|
161123|
161124|
161125|
161126|
161127|
161152|
161153|
161154|
161155|
161156|
161157|
161158|
161159|
161184|
161185|
161186|
161187|
161188|
161189|
161190|
161191|
161216|
161217|
161218|
161219|
161220|
161221|
161222|
161223|
161248|
161249|
161250|
161251|
161252|
161253|
161254|
161255|
161280|
161281|
161282|
161283|
161284|
161285|
161286|
161287|
161312|
161313|
161314|
161315|
161316|
161317|
161318|
161319|
161344|
161345|
161346|
161347|
161348|
161349|
161350|
161351|
161376|
161377|
161378|
161379|
161380|
161381|
161382|
161383|
161408|
161409|
161410|
161411|
161412|
161413|
161414|
161415|
161440|
161441|
161442|
161443|
161444|
161445|
161446|
161447|
161472|
161473|
161474|
161475|
161476|
161477|
161478|
161479|
161504|
161505|
161506|
161507|
161508|
161509|
161510|
161511|
161536|
161537|
161538|
161539|
161540|
161541|
161542|
161543|
161568|
161569|
161570|
161571|
161572|
161573|
161574|
161575|
161600|
161601|
161602|
161603|
161604|
161605|
161606|
161607|
161632|
161633|
161634|
161635|
161636|
161637|
161638|
161639|
161664|
161665|
161666|
161667|
161668|
161669|
161670|
161671|
161696|
161697|
161698|
161699|
161700|
161701|
161702|
161703|
161728|
161729|
161730|
161731|
161732|
161733|
161734|
161735|
161760|
161761|
161762|
161763|
161764|
161765|
161766|
161767|
161792|
161793|
161794|
161795|
161796|
161797|
161798|
161799|
161824|
161825|
161826|
161827|
161828|
161829|
161830|
161831|
161856|
161857|
161858|
161859|
161860|
161861|
161862|
161863|
161888|
161889|
161890|
161891|
161892|
161893|
161894|
161895|
161920|
161921|
161922|
161923|
161924|
161925|
161926|
161927|
161952|
161953|
161954|
161955|
161956|
161957|
161958|
161959|
161984|
161985|
161986|
161987|
161988|
