53989|
53990|
53991|
54016|
54017|
54018|
54019|
54020|
54021|
54022|
54023|
54048|
54049|
54050|
54051|
54052|
54053|
54054|
54055|
54080|
54081|
54082|
54083|
54084|
54085|
54086|
54087|
54112|
54113|
54114|
54115|
54116|
54117|
54118|
54119|
54144|
54145|
54146|
54147|
54148|
54149|
54150|
54151|
54176|
54177|
54178|
54179|
54180|
54181|
54182|
54183|
54208|
54209|
54210|
54211|
54212|
54213|
54214|
54215|
54240|
54241|
54242|
54243|
54244|
54245|
54246|
54247|
54272|
54273|
54274|
54275|
54276|
54277|
54278|
54279|
54304|
54305|
54306|
54307|
54308|
54309|
54310|
54311|
54336|
54337|
54338|
54339|
54340|
54341|
54342|
54343|
54368|
54369|
54370|
54371|
54372|
54373|
54374|
54375|
54400|
54401|
54402|
54403|
54404|
54405|
54406|
54407|
54432|
54433|
54434|
54435|
54436|
54437|
54438|
54439|
54464|
54465|
54466|
54467|
54468|
54469|
54470|
54471|
54496|
54497|
54498|
54499|
54500|
54501|
54502|
54503|
54528|
54529|
54530|
54531|
54532|
54533|
54534|
54535|
54560|
54561|
54562|
54563|
54564|
54565|
54566|
54567|
54592|
54593|
54594|
54595|
54596|
54597|
54598|
54599|
54624|
54625|
54626|
54627|
54628|
54629|
54630|
54631|
54656|
54657|
54658|
54659|
54660|
54661|
54662|
54663|
54688|
54689|
54690|
54691|
54692|
54693|
54694|
54695|
54720|
54721|
54722|
54723|
54724|
54725|
54726|
54727|
54752|
54753|
54754|
54755|
54756|
54757|
54758|
54759|
54784|
54785|
54786|
54787|
54788|
54789|
54790|
54791|
54816|
54817|
54818|
54819|
54820|
54821|
54822|
54823|
54848|
54849|
54850|
54851|
54852|
54853|
54854|
54855|
54880|
54881|
54882|
54883|
54884|
54885|
54886|
54887|
54912|
54913|
54914|
54915|
54916|
54917|
54918|
54919|
54944|
54945|
54946|
54947|
54948|
54949|
54950|
54951|
54976|
54977|
54978|
54979|
54980|
54981|
54982|
54983|
55008|
55009|
55010|
55011|
55012|
55013|
55014|
55015|
55040|
55041|
55042|
55043|
55044|
55045|
55046|
55047|
55072|
55073|
55074|
55075|
55076|
55077|
55078|
55079|
55104|
55105|
55106|
55107|
55108|
55109|
55110|
55111|
55136|
55137|
55138|
55139|
55140|
55141|
55142|
55143|
55168|
55169|
55170|
55171|
55172|
55173|
55174|
55175|
55200|
55201|
55202|
55203|
55204|
55205|
55206|
55207|
55232|
55233|
55234|
55235|
55236|
55237|
55238|
55239|
55264|
55265|
55266|
55267|
55268|
55269|
55270|
55271|
55296|
55297|
55298|
55299|
55300|
55301|
55302|
55303|
55328|
55329|
55330|
55331|
55332|
55333|
55334|
55335|
55360|
55361|
55362|
55363|
55364|
55365|
55366|
55367|
55392|
55393|
55394|
55395|
55396|
55397|
55398|
55399|
55424|
55425|
55426|
55427|
55428|
55429|
55430|
55431|
55456|
55457|
55458|
55459|
55460|
55461|
55462|
55463|
55488|
55489|
55490|
55491|
55492|
55493|
55494|
55495|
55520|
55521|
55522|
55523|
55524|
55525|
55526|
55527|
55552|
55553|
55554|
55555|
55556|
55557|
55558|
55559|
55584|
55585|
55586|
55587|
55588|
55589|
55590|
55591|
55616|
55617|
55618|
55619|
55620|
55621|
55622|
55623|
55648|
55649|
55650|
55651|
55652|
55653|
55654|
55655|
55680|
55681|
55682|
55683|
55684|
55685|
55686|
55687|
55712|
55713|
55714|
55715|
55716|
55717|
55718|
55719|
55744|
55745|
55746|
55747|
55748|
55749|
55750|
55751|
55776|
55777|
55778|
55779|
55780|
55781|
55782|
55783|
55808|
55809|
55810|
55811|
55812|
55813|
55814|
55815|
55840|
55841|
55842|
55843|
55844|
55845|
55846|
55847|
55872|
55873|
55874|
55875|
55876|
55877|
55878|
55879|
55904|
55905|
55906|
55907|
55908|
55909|
55910|
55911|
55936|
55937|
55938|
55939|
55940|
55941|
55942|
55943|
55968|
55969|
55970|
55971|
55972|
55973|
55974|
55975|
56000|
56001|
56002|
56003|
56004|
56005|
56006|
56007|
56032|
56033|
56034|
56035|
56036|
56037|
56038|
56039|
56064|
56065|
56066|
56067|
56068|
56069|
56070|
56071|
56096|
56097|
56098|
56099|
56100|
56101|
56102|
56103|
56128|
56129|
56130|
56131|
56132|
56133|
56134|
56135|
56160|
56161|
56162|
56163|
56164|
56165|
56166|
56167|
56192|
56193|
56194|
56195|
56196|
56197|
56198|
56199|
56224|
56225|
56226|
56227|
56228|
56229|
56230|
56231|
56256|
56257|
56258|
56259|
56260|
56261|
56262|
56263|
56288|
56289|
56290|
56291|
56292|
56293|
56294|
56295|
56320|
56321|
56322|
56323|
56324|
56325|
56326|
56327|
56352|
56353|
56354|
56355|
56356|
56357|
56358|
56359|
56384|
56385|
56386|
56387|
56388|
56389|
56390|
56391|
56416|
56417|
56418|
56419|
56420|
56421|
56422|
56423|
56448|
56449|
56450|
56451|
56452|
56453|
56454|
56455|
56480|
56481|
56482|
56483|
56484|
56485|
56486|
56487|
56512|
56513|
56514|
56515|
56516|
56517|
56518|
56519|
56544|
56545|
56546|
56547|
56548|
56549|
56550|
56551|
56576|
56577|
56578|
56579|
56580|
56581|
56582|
56583|
56608|
56609|
56610|
56611|
56612|
56613|
56614|
56615|
56640|
56641|
56642|
56643|
56644|
56645|
56646|
56647|
56672|
56673|
56674|
56675|
56676|
56677|
56678|
56679|
56704|
56705|
56706|
56707|
56708|
56709|
56710|
56711|
56736|
56737|
56738|
56739|
56740|
56741|
56742|
56743|
56768|
56769|
56770|
56771|
56772|
56773|
56774|
56775|
56800|
56801|
56802|
56803|
56804|
56805|
56806|
56807|
56832|
56833|
56834|
56835|
56836|
56837|
56838|
56839|
56864|
56865|
56866|
56867|
56868|
56869|
56870|
56871|
56896|
56897|
56898|
56899|
56900|
56901|
56902|
56903|
56928|
56929|
56930|
56931|
56932|
56933|
56934|
56935|
56960|
56961|
56962|
56963|
56964|
56965|
56966|
56967|
56992|
56993|
56994|
56995|
56996|
56997|
56998|
56999|
57024|
57025|
57026|
57027|
57028|
57029|
57030|
57031|
57056|
57057|
57058|
57059|
57060|
57061|
57062|
57063|
57088|
57089|
57090|
57091|
57092|
57093|
57094|
57095|
57120|
57121|
57122|
57123|
57124|
57125|
57126|
57127|
57152|
57153|
57154|
57155|
57156|
57157|
57158|
57159|
57184|
57185|
57186|
57187|
57188|
57189|
57190|
57191|
57216|
57217|
57218|
57219|
57220|
57221|
57222|
57223|
57248|
57249|
57250|
57251|
57252|
57253|
57254|
57255|
57280|
57281|
57282|
57283|
57284|
57285|
57286|
57287|
57312|
57313|
57314|
57315|
57316|
57317|
57318|
57319|
57344|
57345|
57346|
57347|
57348|
57349|
57350|
57351|
57376|
57377|
57378|
57379|
57380|
57381|
57382|
57383|
57408|
57409|
57410|
57411|
57412|
57413|
57414|
57415|
57440|
57441|
57442|
57443|
57444|
57445|
57446|
57447|
57472|
57473|
57474|
57475|
57476|
57477|
57478|
57479|
57504|
57505|
57506|
57507|
57508|
57509|
57510|
57511|
57536|
57537|
57538|
57539|
57540|
57541|
57542|
57543|
57568|
57569|
57570|
57571|
57572|
57573|
57574|
57575|
57600|
57601|
57602|
57603|
57604|
57605|
57606|
57607|
57632|
57633|
57634|
57635|
57636|
57637|
57638|
57639|
57664|
57665|
57666|
57667|
57668|
57669|
57670|
57671|
57696|
57697|
57698|
57699|
57700|
57701|
57702|
57703|
57728|
57729|
57730|
57731|
57732|
57733|
57734|
57735|
57760|
57761|
57762|
57763|
57764|
57765|
57766|
57767|
57792|
57793|
57794|
57795|
57796|
57797|
57798|
57799|
57824|
57825|
57826|
57827|
57828|
57829|
57830|
57831|
57856|
57857|
57858|
57859|
57860|
57861|
57862|
57863|
57888|
57889|
57890|
57891|
57892|
57893|
57894|
57895|
57920|
57921|
57922|
57923|
57924|
57925|
57926|
57927|
57952|
57953|
57954|
57955|
57956|
57957|
57958|
57959|
57984|
57985|
57986|
57987|
57988|
57989|
57990|
57991|
58016|
58017|
58018|
58019|
58020|
58021|
58022|
58023|
58048|
58049|
58050|
58051|
58052|
58053|
58054|
58055|
58080|
58081|
58082|
58083|
58084|
58085|
58086|
58087|
58112|
58113|
58114|
58115|
58116|
58117|
58118|
58119|
58144|
58145|
58146|
58147|
58148|
58149|
58150|
58151|
58176|
58177|
58178|
58179|
58180|
58181|
58182|
58183|
58208|
58209|
58210|
58211|
58212|
58213|
58214|
58215|
58240|
58241|
58242|
58243|
58244|
58245|
58246|
58247|
58272|
58273|
58274|
58275|
58276|
58277|
58278|
58279|
58304|
58305|
58306|
58307|
58308|
58309|
58310|
58311|
58336|
58337|
58338|
58339|
58340|
58341|
58342|
58343|
58368|
58369|
58370|
58371|
58372|
58373|
58374|
58375|
58400|
58401|
58402|
58403|
58404|
58405|
58406|
58407|
58432|
58433|
58434|
58435|
58436|
58437|
58438|
58439|
58464|
58465|
58466|
58467|
58468|
58469|
58470|
58471|
58496|
58497|
58498|
58499|
58500|
58501|
58502|
58503|
58528|
58529|
58530|
58531|
58532|
58533|
58534|
58535|
58560|
58561|
58562|
58563|
58564|
58565|
58566|
58567|
58592|
58593|
58594|
58595|
58596|
58597|
58598|
58599|
58624|
58625|
58626|
58627|
58628|
58629|
58630|
58631|
58656|
58657|
58658|
58659|
58660|
58661|
58662|
58663|
58688|
58689|
58690|
58691|
58692|
58693|
58694|
58695|
58720|
58721|
58722|
58723|
58724|
58725|
58726|
58727|
58752|
58753|
58754|
58755|
58756|
58757|
58758|
58759|
58784|
58785|
58786|
58787|
58788|
58789|
58790|
58791|
58816|
58817|
58818|
58819|
58820|
58821|
58822|
58823|
58848|
58849|
58850|
58851|
58852|
58853|
58854|
58855|
58880|
58881|
58882|
58883|
58884|
58885|
58886|
58887|
58912|
58913|
58914|
58915|
58916|
58917|
58918|
58919|
58944|
58945|
58946|
58947|
58948|
58949|
58950|
58951|
58976|
58977|
58978|
58979|
58980|
58981|
58982|
58983|
59008|
59009|
59010|
59011|
59012|
59013|
59014|
59015|
59040|
59041|
59042|
59043|
59044|
59045|
59046|
59047|
59072|
59073|
59074|
59075|
59076|
59077|
59078|
59079|
59104|
59105|
59106|
59107|
59108|
59109|
59110|
59111|
59136|
59137|
59138|
59139|
59140|
59141|
59142|
59143|
59168|
59169|
59170|
59171|
59172|
59173|
59174|
59175|
59200|
59201|
59202|
59203|
59204|
59205|
59206|
59207|
59232|
59233|
59234|
59235|
59236|
59237|
59238|
59239|
59264|
59265|
59266|
59267|
59268|
59269|
59270|
59271|
59296|
59297|
59298|
59299|
59300|
59301|
59302|
59303|
59328|
59329|
59330|
59331|
59332|
59333|
59334|
59335|
59360|
59361|
59362|
59363|
59364|
59365|
59366|
59367|
59392|
59393|
59394|
59395|
59396|
59397|
59398|
59399|
59424|
59425|
59426|
59427|
59428|
59429|
59430|
59431|
59456|
59457|
59458|
59459|
59460|
59461|
59462|
59463|
59488|
59489|
59490|
59491|
59492|
59493|
59494|
59495|
59520|
59521|
59522|
59523|
59524|
59525|
59526|
59527|
59552|
59553|
59554|
59555|
59556|
59557|
59558|
59559|
59584|
59585|
59586|
59587|
59588|
59589|
59590|
59591|
59616|
59617|
59618|
59619|
59620|
59621|
59622|
59623|
59648|
59649|
59650|
59651|
59652|
59653|
59654|
59655|
59680|
59681|
59682|
59683|
59684|
59685|
59686|
59687|
59712|
59713|
59714|
59715|
59716|
59717|
59718|
59719|
59744|
59745|
59746|
59747|
59748|
59749|
59750|
59751|
59776|
59777|
59778|
59779|
59780|
59781|
59782|
59783|
59808|
59809|
59810|
59811|
59812|
59813|
59814|
59815|
59840|
59841|
59842|
59843|
59844|
59845|
59846|
59847|
59872|
59873|
59874|
59875|
59876|
59877|
59878|
59879|
59904|
59905|
59906|
59907|
59908|
59909|
59910|
59911|
59936|
59937|
59938|
59939|
59940|
59941|
59942|
59943|
59968|
59969|
59970|
59971|
59972|
59973|
59974|
59975|
60000|
