1973989|
1973990|
1973991|
1974016|
1974017|
1974018|
1974019|
1974020|
1974021|
1974022|
1974023|
1974048|
1974049|
1974050|
1974051|
1974052|
1974053|
1974054|
1974055|
1974080|
1974081|
1974082|
1974083|
1974084|
1974085|
1974086|
1974087|
1974112|
1974113|
1974114|
1974115|
1974116|
1974117|
1974118|
1974119|
1974144|
1974145|
1974146|
1974147|
1974148|
1974149|
1974150|
1974151|
1974176|
1974177|
1974178|
1974179|
1974180|
1974181|
1974182|
1974183|
1974208|
1974209|
1974210|
1974211|
1974212|
1974213|
1974214|
1974215|
1974240|
1974241|
1974242|
1974243|
1974244|
1974245|
1974246|
1974247|
1974272|
1974273|
1974274|
1974275|
1974276|
1974277|
1974278|
1974279|
1974304|
1974305|
1974306|
1974307|
1974308|
1974309|
1974310|
1974311|
1974336|
1974337|
1974338|
1974339|
1974340|
1974341|
1974342|
1974343|
1974368|
1974369|
1974370|
1974371|
1974372|
1974373|
1974374|
1974375|
1974400|
1974401|
1974402|
1974403|
1974404|
1974405|
1974406|
1974407|
1974432|
1974433|
1974434|
1974435|
1974436|
1974437|
1974438|
1974439|
1974464|
1974465|
1974466|
1974467|
1974468|
1974469|
1974470|
1974471|
1974496|
1974497|
1974498|
1974499|
1974500|
1974501|
1974502|
1974503|
1974528|
1974529|
1974530|
1974531|
1974532|
1974533|
1974534|
1974535|
1974560|
1974561|
1974562|
1974563|
1974564|
1974565|
1974566|
1974567|
1974592|
1974593|
1974594|
1974595|
1974596|
1974597|
1974598|
1974599|
1974624|
1974625|
1974626|
1974627|
1974628|
1974629|
1974630|
1974631|
1974656|
1974657|
1974658|
1974659|
1974660|
1974661|
1974662|
1974663|
1974688|
1974689|
1974690|
1974691|
1974692|
1974693|
1974694|
1974695|
1974720|
1974721|
1974722|
1974723|
1974724|
1974725|
1974726|
1974727|
1974752|
1974753|
1974754|
1974755|
1974756|
1974757|
1974758|
1974759|
1974784|
1974785|
1974786|
1974787|
1974788|
1974789|
1974790|
1974791|
1974816|
1974817|
1974818|
1974819|
1974820|
1974821|
1974822|
1974823|
1974848|
1974849|
1974850|
1974851|
1974852|
1974853|
1974854|
1974855|
1974880|
1974881|
1974882|
1974883|
1974884|
1974885|
1974886|
1974887|
1974912|
1974913|
1974914|
1974915|
1974916|
1974917|
1974918|
1974919|
1974944|
1974945|
1974946|
1974947|
1974948|
1974949|
1974950|
1974951|
1974976|
1974977|
1974978|
1974979|
1974980|
1974981|
1974982|
1974983|
1975008|
1975009|
1975010|
1975011|
1975012|
1975013|
1975014|
1975015|
1975040|
1975041|
1975042|
1975043|
1975044|
1975045|
1975046|
1975047|
1975072|
1975073|
1975074|
1975075|
1975076|
1975077|
1975078|
1975079|
1975104|
1975105|
1975106|
1975107|
1975108|
1975109|
1975110|
1975111|
1975136|
1975137|
1975138|
1975139|
1975140|
1975141|
1975142|
1975143|
1975168|
1975169|
1975170|
1975171|
1975172|
1975173|
1975174|
1975175|
1975200|
1975201|
1975202|
1975203|
1975204|
1975205|
1975206|
1975207|
1975232|
1975233|
1975234|
1975235|
1975236|
1975237|
1975238|
1975239|
1975264|
1975265|
1975266|
1975267|
1975268|
1975269|
1975270|
1975271|
1975296|
1975297|
1975298|
1975299|
1975300|
1975301|
1975302|
1975303|
1975328|
1975329|
1975330|
1975331|
1975332|
1975333|
1975334|
1975335|
1975360|
1975361|
1975362|
1975363|
1975364|
1975365|
1975366|
1975367|
1975392|
1975393|
1975394|
1975395|
1975396|
1975397|
1975398|
1975399|
1975424|
1975425|
1975426|
1975427|
1975428|
1975429|
1975430|
1975431|
1975456|
1975457|
1975458|
1975459|
1975460|
1975461|
1975462|
1975463|
1975488|
1975489|
1975490|
1975491|
1975492|
1975493|
1975494|
1975495|
1975520|
1975521|
1975522|
1975523|
1975524|
1975525|
1975526|
1975527|
1975552|
1975553|
1975554|
1975555|
1975556|
1975557|
1975558|
1975559|
1975584|
1975585|
1975586|
1975587|
1975588|
1975589|
1975590|
1975591|
1975616|
1975617|
1975618|
1975619|
1975620|
1975621|
1975622|
1975623|
1975648|
1975649|
1975650|
1975651|
1975652|
1975653|
1975654|
1975655|
1975680|
1975681|
1975682|
1975683|
1975684|
1975685|
1975686|
1975687|
1975712|
1975713|
1975714|
1975715|
1975716|
1975717|
1975718|
1975719|
1975744|
1975745|
1975746|
1975747|
1975748|
1975749|
1975750|
1975751|
1975776|
1975777|
1975778|
1975779|
1975780|
1975781|
1975782|
1975783|
1975808|
1975809|
1975810|
1975811|
1975812|
1975813|
1975814|
1975815|
1975840|
1975841|
1975842|
1975843|
1975844|
1975845|
1975846|
1975847|
1975872|
1975873|
1975874|
1975875|
1975876|
1975877|
1975878|
1975879|
1975904|
1975905|
1975906|
1975907|
1975908|
1975909|
1975910|
1975911|
1975936|
1975937|
1975938|
1975939|
1975940|
1975941|
1975942|
1975943|
1975968|
1975969|
1975970|
1975971|
1975972|
1975973|
1975974|
1975975|
1976000|
1976001|
1976002|
1976003|
1976004|
1976005|
1976006|
1976007|
1976032|
1976033|
1976034|
1976035|
1976036|
1976037|
1976038|
1976039|
1976064|
1976065|
1976066|
1976067|
1976068|
1976069|
1976070|
1976071|
1976096|
1976097|
1976098|
1976099|
1976100|
1976101|
1976102|
1976103|
1976128|
1976129|
1976130|
1976131|
1976132|
1976133|
1976134|
1976135|
1976160|
1976161|
1976162|
1976163|
1976164|
1976165|
1976166|
1976167|
1976192|
1976193|
1976194|
1976195|
1976196|
1976197|
1976198|
1976199|
1976224|
1976225|
1976226|
1976227|
1976228|
1976229|
1976230|
1976231|
1976256|
1976257|
1976258|
1976259|
1976260|
1976261|
1976262|
1976263|
1976288|
1976289|
1976290|
1976291|
1976292|
1976293|
1976294|
1976295|
1976320|
1976321|
1976322|
1976323|
1976324|
1976325|
1976326|
1976327|
1976352|
1976353|
1976354|
1976355|
1976356|
1976357|
1976358|
1976359|
1976384|
1976385|
1976386|
1976387|
1976388|
1976389|
1976390|
1976391|
1976416|
1976417|
1976418|
1976419|
1976420|
1976421|
1976422|
1976423|
1976448|
1976449|
1976450|
1976451|
1976452|
1976453|
1976454|
1976455|
1976480|
1976481|
1976482|
1976483|
1976484|
1976485|
1976486|
1976487|
1976512|
1976513|
1976514|
1976515|
1976516|
1976517|
1976518|
1976519|
1976544|
1976545|
1976546|
1976547|
1976548|
1976549|
1976550|
1976551|
1976576|
1976577|
1976578|
1976579|
1976580|
1976581|
1976582|
1976583|
1976608|
1976609|
1976610|
1976611|
1976612|
1976613|
1976614|
1976615|
1976640|
1976641|
1976642|
1976643|
1976644|
1976645|
1976646|
1976647|
1976672|
1976673|
1976674|
1976675|
1976676|
1976677|
1976678|
1976679|
1976704|
1976705|
1976706|
1976707|
1976708|
1976709|
1976710|
1976711|
1976736|
1976737|
1976738|
1976739|
1976740|
1976741|
1976742|
1976743|
1976768|
1976769|
1976770|
1976771|
1976772|
1976773|
1976774|
1976775|
1976800|
1976801|
1976802|
1976803|
1976804|
1976805|
1976806|
1976807|
1976832|
1976833|
1976834|
1976835|
1976836|
1976837|
1976838|
1976839|
1976864|
1976865|
1976866|
1976867|
1976868|
1976869|
1976870|
1976871|
1976896|
1976897|
1976898|
1976899|
1976900|
1976901|
1976902|
1976903|
1976928|
1976929|
1976930|
1976931|
1976932|
1976933|
1976934|
1976935|
1976960|
1976961|
1976962|
1976963|
1976964|
1976965|
1976966|
1976967|
1976992|
1976993|
1976994|
1976995|
1976996|
1976997|
1976998|
1976999|
1977024|
1977025|
1977026|
1977027|
1977028|
1977029|
1977030|
1977031|
1977056|
1977057|
1977058|
1977059|
1977060|
1977061|
1977062|
1977063|
1977088|
1977089|
1977090|
1977091|
1977092|
1977093|
1977094|
1977095|
1977120|
1977121|
1977122|
1977123|
1977124|
1977125|
1977126|
1977127|
1977152|
1977153|
1977154|
1977155|
1977156|
1977157|
1977158|
1977159|
1977184|
1977185|
1977186|
1977187|
1977188|
1977189|
1977190|
1977191|
1977216|
1977217|
1977218|
1977219|
1977220|
1977221|
1977222|
1977223|
1977248|
1977249|
1977250|
1977251|
1977252|
1977253|
1977254|
1977255|
1977280|
1977281|
1977282|
1977283|
1977284|
1977285|
1977286|
1977287|
1977312|
1977313|
1977314|
1977315|
1977316|
1977317|
1977318|
1977319|
1977344|
1977345|
1977346|
1977347|
1977348|
1977349|
1977350|
1977351|
1977376|
1977377|
1977378|
1977379|
1977380|
1977381|
1977382|
1977383|
1977408|
1977409|
1977410|
1977411|
1977412|
1977413|
1977414|
1977415|
1977440|
1977441|
1977442|
1977443|
1977444|
1977445|
1977446|
1977447|
1977472|
1977473|
1977474|
1977475|
1977476|
1977477|
1977478|
1977479|
1977504|
1977505|
1977506|
1977507|
1977508|
1977509|
1977510|
1977511|
1977536|
1977537|
1977538|
1977539|
1977540|
1977541|
1977542|
1977543|
1977568|
1977569|
1977570|
1977571|
1977572|
1977573|
1977574|
1977575|
1977600|
1977601|
1977602|
1977603|
1977604|
1977605|
1977606|
1977607|
1977632|
1977633|
1977634|
1977635|
1977636|
1977637|
1977638|
1977639|
1977664|
1977665|
1977666|
1977667|
1977668|
1977669|
1977670|
1977671|
1977696|
1977697|
1977698|
1977699|
1977700|
1977701|
1977702|
1977703|
1977728|
1977729|
1977730|
1977731|
1977732|
1977733|
1977734|
1977735|
1977760|
1977761|
1977762|
1977763|
1977764|
1977765|
1977766|
1977767|
1977792|
1977793|
1977794|
1977795|
1977796|
1977797|
1977798|
1977799|
1977824|
1977825|
1977826|
1977827|
1977828|
1977829|
1977830|
1977831|
1977856|
1977857|
1977858|
1977859|
1977860|
1977861|
1977862|
1977863|
1977888|
1977889|
1977890|
1977891|
1977892|
1977893|
1977894|
1977895|
1977920|
1977921|
1977922|
1977923|
1977924|
1977925|
1977926|
1977927|
1977952|
1977953|
1977954|
1977955|
1977956|
1977957|
1977958|
1977959|
1977984|
1977985|
1977986|
1977987|
1977988|
1977989|
1977990|
1977991|
1978016|
1978017|
1978018|
1978019|
1978020|
1978021|
1978022|
1978023|
1978048|
1978049|
1978050|
1978051|
1978052|
1978053|
1978054|
1978055|
1978080|
1978081|
1978082|
1978083|
1978084|
1978085|
1978086|
1978087|
1978112|
1978113|
1978114|
1978115|
1978116|
1978117|
1978118|
1978119|
1978144|
1978145|
1978146|
1978147|
1978148|
1978149|
1978150|
1978151|
1978176|
1978177|
1978178|
1978179|
1978180|
1978181|
1978182|
1978183|
1978208|
1978209|
1978210|
1978211|
1978212|
1978213|
1978214|
1978215|
1978240|
1978241|
1978242|
1978243|
1978244|
1978245|
1978246|
1978247|
1978272|
1978273|
1978274|
1978275|
1978276|
1978277|
1978278|
1978279|
1978304|
1978305|
1978306|
1978307|
1978308|
1978309|
1978310|
1978311|
1978336|
1978337|
1978338|
1978339|
1978340|
1978341|
1978342|
1978343|
1978368|
1978369|
1978370|
1978371|
1978372|
1978373|
1978374|
1978375|
1978400|
1978401|
1978402|
1978403|
1978404|
1978405|
1978406|
1978407|
1978432|
1978433|
1978434|
1978435|
1978436|
1978437|
1978438|
1978439|
1978464|
1978465|
1978466|
1978467|
1978468|
1978469|
1978470|
1978471|
1978496|
1978497|
1978498|
1978499|
1978500|
1978501|
1978502|
1978503|
1978528|
1978529|
1978530|
1978531|
1978532|
1978533|
1978534|
1978535|
1978560|
1978561|
1978562|
1978563|
1978564|
1978565|
1978566|
1978567|
1978592|
1978593|
1978594|
1978595|
1978596|
1978597|
1978598|
1978599|
1978624|
1978625|
1978626|
1978627|
1978628|
1978629|
1978630|
1978631|
1978656|
1978657|
1978658|
1978659|
1978660|
1978661|
1978662|
1978663|
1978688|
1978689|
1978690|
1978691|
1978692|
1978693|
1978694|
1978695|
1978720|
1978721|
1978722|
1978723|
1978724|
1978725|
1978726|
1978727|
1978752|
1978753|
1978754|
1978755|
1978756|
1978757|
1978758|
1978759|
1978784|
1978785|
1978786|
1978787|
1978788|
1978789|
1978790|
1978791|
1978816|
1978817|
1978818|
1978819|
1978820|
1978821|
1978822|
1978823|
1978848|
1978849|
1978850|
1978851|
1978852|
1978853|
1978854|
1978855|
1978880|
1978881|
1978882|
1978883|
1978884|
1978885|
1978886|
1978887|
1978912|
1978913|
1978914|
1978915|
1978916|
1978917|
1978918|
1978919|
1978944|
1978945|
1978946|
1978947|
1978948|
1978949|
1978950|
1978951|
1978976|
1978977|
1978978|
1978979|
1978980|
1978981|
1978982|
1978983|
1979008|
1979009|
1979010|
1979011|
1979012|
1979013|
1979014|
1979015|
1979040|
1979041|
1979042|
1979043|
1979044|
1979045|
1979046|
1979047|
1979072|
1979073|
1979074|
1979075|
1979076|
1979077|
1979078|
1979079|
1979104|
1979105|
1979106|
1979107|
1979108|
1979109|
1979110|
1979111|
1979136|
1979137|
1979138|
1979139|
1979140|
1979141|
1979142|
1979143|
1979168|
1979169|
1979170|
1979171|
1979172|
1979173|
1979174|
1979175|
1979200|
1979201|
1979202|
1979203|
1979204|
1979205|
1979206|
1979207|
1979232|
1979233|
1979234|
1979235|
1979236|
1979237|
1979238|
1979239|
1979264|
1979265|
1979266|
1979267|
1979268|
1979269|
1979270|
1979271|
1979296|
1979297|
1979298|
1979299|
1979300|
1979301|
1979302|
1979303|
1979328|
1979329|
1979330|
1979331|
1979332|
1979333|
1979334|
1979335|
1979360|
1979361|
1979362|
1979363|
1979364|
1979365|
1979366|
1979367|
1979392|
1979393|
1979394|
1979395|
1979396|
1979397|
1979398|
1979399|
1979424|
1979425|
1979426|
1979427|
1979428|
1979429|
1979430|
1979431|
1979456|
1979457|
1979458|
1979459|
1979460|
1979461|
1979462|
1979463|
1979488|
1979489|
1979490|
1979491|
1979492|
1979493|
1979494|
1979495|
1979520|
1979521|
1979522|
1979523|
1979524|
1979525|
1979526|
1979527|
1979552|
1979553|
1979554|
1979555|
1979556|
1979557|
1979558|
1979559|
1979584|
1979585|
1979586|
1979587|
1979588|
1979589|
1979590|
1979591|
1979616|
1979617|
1979618|
1979619|
1979620|
1979621|
1979622|
1979623|
1979648|
1979649|
1979650|
1979651|
1979652|
1979653|
1979654|
1979655|
1979680|
1979681|
1979682|
1979683|
1979684|
1979685|
1979686|
1979687|
1979712|
1979713|
1979714|
1979715|
1979716|
1979717|
1979718|
1979719|
1979744|
1979745|
1979746|
1979747|
1979748|
1979749|
1979750|
1979751|
1979776|
1979777|
1979778|
1979779|
1979780|
1979781|
1979782|
1979783|
1979808|
1979809|
1979810|
1979811|
1979812|
1979813|
1979814|
1979815|
1979840|
1979841|
1979842|
1979843|
1979844|
1979845|
1979846|
1979847|
1979872|
1979873|
1979874|
1979875|
1979876|
1979877|
1979878|
1979879|
1979904|
1979905|
1979906|
1979907|
1979908|
1979909|
1979910|
1979911|
1979936|
1979937|
1979938|
1979939|
1979940|
1979941|
1979942|
1979943|
1979968|
1979969|
1979970|
1979971|
1979972|
1979973|
1979974|
1979975|
1980000|
