2148001|
2148002|
2148003|
2148004|
2148005|
2148006|
2148007|
2148032|
2148033|
2148034|
2148035|
2148036|
2148037|
2148038|
2148039|
2148064|
2148065|
2148066|
2148067|
2148068|
2148069|
2148070|
2148071|
2148096|
2148097|
2148098|
2148099|
2148100|
2148101|
2148102|
2148103|
2148128|
2148129|
2148130|
2148131|
2148132|
2148133|
2148134|
2148135|
2148160|
2148161|
2148162|
2148163|
2148164|
2148165|
2148166|
2148167|
2148192|
2148193|
2148194|
2148195|
2148196|
2148197|
2148198|
2148199|
2148224|
2148225|
2148226|
2148227|
2148228|
2148229|
2148230|
2148231|
2148256|
2148257|
2148258|
2148259|
2148260|
2148261|
2148262|
2148263|
2148288|
2148289|
2148290|
2148291|
2148292|
2148293|
2148294|
2148295|
2148320|
2148321|
2148322|
2148323|
2148324|
2148325|
2148326|
2148327|
2148352|
2148353|
2148354|
2148355|
2148356|
2148357|
2148358|
2148359|
2148384|
2148385|
2148386|
2148387|
2148388|
2148389|
2148390|
2148391|
2148416|
2148417|
2148418|
2148419|
2148420|
2148421|
2148422|
2148423|
2148448|
2148449|
2148450|
2148451|
2148452|
2148453|
2148454|
2148455|
2148480|
2148481|
2148482|
2148483|
2148484|
2148485|
2148486|
2148487|
2148512|
2148513|
2148514|
2148515|
2148516|
2148517|
2148518|
2148519|
2148544|
2148545|
2148546|
2148547|
2148548|
2148549|
2148550|
2148551|
2148576|
2148577|
2148578|
2148579|
2148580|
2148581|
2148582|
2148583|
2148608|
2148609|
2148610|
2148611|
2148612|
2148613|
2148614|
2148615|
2148640|
2148641|
2148642|
2148643|
2148644|
2148645|
2148646|
2148647|
2148672|
2148673|
2148674|
2148675|
2148676|
2148677|
2148678|
2148679|
2148704|
2148705|
2148706|
2148707|
2148708|
2148709|
2148710|
2148711|
2148736|
2148737|
2148738|
2148739|
2148740|
2148741|
2148742|
2148743|
2148768|
2148769|
2148770|
2148771|
2148772|
2148773|
2148774|
2148775|
2148800|
2148801|
2148802|
2148803|
2148804|
2148805|
2148806|
2148807|
2148832|
2148833|
2148834|
2148835|
2148836|
2148837|
2148838|
2148839|
2148864|
2148865|
2148866|
2148867|
2148868|
2148869|
2148870|
2148871|
2148896|
2148897|
2148898|
2148899|
2148900|
2148901|
2148902|
2148903|
2148928|
2148929|
2148930|
2148931|
2148932|
2148933|
2148934|
2148935|
2148960|
2148961|
2148962|
2148963|
2148964|
2148965|
2148966|
2148967|
2148992|
2148993|
2148994|
2148995|
2148996|
2148997|
2148998|
2148999|
2149024|
2149025|
2149026|
2149027|
2149028|
2149029|
2149030|
2149031|
2149056|
2149057|
2149058|
2149059|
2149060|
2149061|
2149062|
2149063|
2149088|
2149089|
2149090|
2149091|
2149092|
2149093|
2149094|
2149095|
2149120|
2149121|
2149122|
2149123|
2149124|
2149125|
2149126|
2149127|
2149152|
2149153|
2149154|
2149155|
2149156|
2149157|
2149158|
2149159|
2149184|
2149185|
2149186|
2149187|
2149188|
2149189|
2149190|
2149191|
2149216|
2149217|
2149218|
2149219|
2149220|
2149221|
2149222|
2149223|
2149248|
2149249|
2149250|
2149251|
2149252|
2149253|
2149254|
2149255|
2149280|
2149281|
2149282|
2149283|
2149284|
2149285|
2149286|
2149287|
2149312|
2149313|
2149314|
2149315|
2149316|
2149317|
2149318|
2149319|
2149344|
2149345|
2149346|
2149347|
2149348|
2149349|
2149350|
2149351|
2149376|
2149377|
2149378|
2149379|
2149380|
2149381|
2149382|
2149383|
2149408|
2149409|
2149410|
2149411|
2149412|
2149413|
2149414|
2149415|
2149440|
2149441|
2149442|
2149443|
2149444|
2149445|
2149446|
2149447|
2149472|
2149473|
2149474|
2149475|
2149476|
2149477|
2149478|
2149479|
2149504|
2149505|
2149506|
2149507|
2149508|
2149509|
2149510|
2149511|
2149536|
2149537|
2149538|
2149539|
2149540|
2149541|
2149542|
2149543|
2149568|
2149569|
2149570|
2149571|
2149572|
2149573|
2149574|
2149575|
2149600|
2149601|
2149602|
2149603|
2149604|
2149605|
2149606|
2149607|
2149632|
2149633|
2149634|
2149635|
2149636|
2149637|
2149638|
2149639|
2149664|
2149665|
2149666|
2149667|
2149668|
2149669|
2149670|
2149671|
2149696|
2149697|
2149698|
2149699|
2149700|
2149701|
2149702|
2149703|
2149728|
2149729|
2149730|
2149731|
2149732|
2149733|
2149734|
2149735|
2149760|
2149761|
2149762|
2149763|
2149764|
2149765|
2149766|
2149767|
2149792|
2149793|
2149794|
2149795|
2149796|
2149797|
2149798|
2149799|
2149824|
2149825|
2149826|
2149827|
2149828|
2149829|
2149830|
2149831|
2149856|
2149857|
2149858|
2149859|
2149860|
2149861|
2149862|
2149863|
2149888|
2149889|
2149890|
2149891|
2149892|
2149893|
2149894|
2149895|
2149920|
2149921|
2149922|
2149923|
2149924|
2149925|
2149926|
2149927|
2149952|
2149953|
2149954|
2149955|
2149956|
2149957|
2149958|
2149959|
2149984|
2149985|
2149986|
2149987|
2149988|
2149989|
2149990|
2149991|
2150016|
2150017|
2150018|
2150019|
2150020|
2150021|
2150022|
2150023|
2150048|
2150049|
2150050|
2150051|
2150052|
2150053|
2150054|
2150055|
2150080|
2150081|
2150082|
2150083|
2150084|
2150085|
2150086|
2150087|
2150112|
2150113|
2150114|
2150115|
2150116|
2150117|
2150118|
2150119|
2150144|
2150145|
2150146|
2150147|
2150148|
2150149|
2150150|
2150151|
2150176|
2150177|
2150178|
2150179|
2150180|
2150181|
2150182|
2150183|
2150208|
2150209|
2150210|
2150211|
2150212|
2150213|
2150214|
2150215|
2150240|
2150241|
2150242|
2150243|
2150244|
2150245|
2150246|
2150247|
2150272|
2150273|
2150274|
2150275|
2150276|
2150277|
2150278|
2150279|
2150304|
2150305|
2150306|
2150307|
2150308|
2150309|
2150310|
2150311|
2150336|
2150337|
2150338|
2150339|
2150340|
2150341|
2150342|
2150343|
2150368|
2150369|
2150370|
2150371|
2150372|
2150373|
2150374|
2150375|
2150400|
2150401|
2150402|
2150403|
2150404|
2150405|
2150406|
2150407|
2150432|
2150433|
2150434|
2150435|
2150436|
2150437|
2150438|
2150439|
2150464|
2150465|
2150466|
2150467|
2150468|
2150469|
2150470|
2150471|
2150496|
2150497|
2150498|
2150499|
2150500|
2150501|
2150502|
2150503|
2150528|
2150529|
2150530|
2150531|
2150532|
2150533|
2150534|
2150535|
2150560|
2150561|
2150562|
2150563|
2150564|
2150565|
2150566|
2150567|
2150592|
2150593|
2150594|
2150595|
2150596|
2150597|
2150598|
2150599|
2150624|
2150625|
2150626|
2150627|
2150628|
2150629|
2150630|
2150631|
2150656|
2150657|
2150658|
2150659|
2150660|
2150661|
2150662|
2150663|
2150688|
2150689|
2150690|
2150691|
2150692|
2150693|
2150694|
2150695|
2150720|
2150721|
2150722|
2150723|
2150724|
2150725|
2150726|
2150727|
2150752|
2150753|
2150754|
2150755|
2150756|
2150757|
2150758|
2150759|
2150784|
2150785|
2150786|
2150787|
2150788|
2150789|
2150790|
2150791|
2150816|
2150817|
2150818|
2150819|
2150820|
2150821|
2150822|
2150823|
2150848|
2150849|
2150850|
2150851|
2150852|
2150853|
2150854|
2150855|
2150880|
2150881|
2150882|
2150883|
2150884|
2150885|
2150886|
2150887|
2150912|
2150913|
2150914|
2150915|
2150916|
2150917|
2150918|
2150919|
2150944|
2150945|
2150946|
2150947|
2150948|
2150949|
2150950|
2150951|
2150976|
2150977|
2150978|
2150979|
2150980|
2150981|
2150982|
2150983|
2151008|
2151009|
2151010|
2151011|
2151012|
2151013|
2151014|
2151015|
2151040|
2151041|
2151042|
2151043|
2151044|
2151045|
2151046|
2151047|
2151072|
2151073|
2151074|
2151075|
2151076|
2151077|
2151078|
2151079|
2151104|
2151105|
2151106|
2151107|
2151108|
2151109|
2151110|
2151111|
2151136|
2151137|
2151138|
2151139|
2151140|
2151141|
2151142|
2151143|
2151168|
2151169|
2151170|
2151171|
2151172|
2151173|
2151174|
2151175|
2151200|
2151201|
2151202|
2151203|
2151204|
2151205|
2151206|
2151207|
2151232|
2151233|
2151234|
2151235|
2151236|
2151237|
2151238|
2151239|
2151264|
2151265|
2151266|
2151267|
2151268|
2151269|
2151270|
2151271|
2151296|
2151297|
2151298|
2151299|
2151300|
2151301|
2151302|
2151303|
2151328|
2151329|
2151330|
2151331|
2151332|
2151333|
2151334|
2151335|
2151360|
2151361|
2151362|
2151363|
2151364|
2151365|
2151366|
2151367|
2151392|
2151393|
2151394|
2151395|
2151396|
2151397|
2151398|
2151399|
2151424|
2151425|
2151426|
2151427|
2151428|
2151429|
2151430|
2151431|
2151456|
2151457|
2151458|
2151459|
2151460|
2151461|
2151462|
2151463|
2151488|
2151489|
2151490|
2151491|
2151492|
2151493|
2151494|
2151495|
2151520|
2151521|
2151522|
2151523|
2151524|
2151525|
2151526|
2151527|
2151552|
2151553|
2151554|
2151555|
2151556|
2151557|
2151558|
2151559|
2151584|
2151585|
2151586|
2151587|
2151588|
2151589|
2151590|
2151591|
2151616|
2151617|
2151618|
2151619|
2151620|
2151621|
2151622|
2151623|
2151648|
2151649|
2151650|
2151651|
2151652|
2151653|
2151654|
2151655|
2151680|
2151681|
2151682|
2151683|
2151684|
2151685|
2151686|
2151687|
2151712|
2151713|
2151714|
2151715|
2151716|
2151717|
2151718|
2151719|
2151744|
2151745|
2151746|
2151747|
2151748|
2151749|
2151750|
2151751|
2151776|
2151777|
2151778|
2151779|
2151780|
2151781|
2151782|
2151783|
2151808|
2151809|
2151810|
2151811|
2151812|
2151813|
2151814|
2151815|
2151840|
2151841|
2151842|
2151843|
2151844|
2151845|
2151846|
2151847|
2151872|
2151873|
2151874|
2151875|
2151876|
2151877|
2151878|
2151879|
2151904|
2151905|
2151906|
2151907|
2151908|
2151909|
2151910|
2151911|
2151936|
2151937|
2151938|
2151939|
2151940|
2151941|
2151942|
2151943|
2151968|
2151969|
2151970|
2151971|
2151972|
2151973|
2151974|
2151975|
2152000|
2152001|
2152002|
2152003|
2152004|
2152005|
2152006|
2152007|
2152032|
2152033|
2152034|
2152035|
2152036|
2152037|
2152038|
2152039|
2152064|
2152065|
2152066|
2152067|
2152068|
2152069|
2152070|
2152071|
2152096|
2152097|
2152098|
2152099|
2152100|
2152101|
2152102|
2152103|
2152128|
2152129|
2152130|
2152131|
2152132|
2152133|
2152134|
2152135|
2152160|
2152161|
2152162|
2152163|
2152164|
2152165|
2152166|
2152167|
2152192|
2152193|
2152194|
2152195|
2152196|
2152197|
2152198|
2152199|
2152224|
2152225|
2152226|
2152227|
2152228|
2152229|
2152230|
2152231|
2152256|
2152257|
2152258|
2152259|
2152260|
2152261|
2152262|
2152263|
2152288|
2152289|
2152290|
2152291|
2152292|
2152293|
2152294|
2152295|
2152320|
2152321|
2152322|
2152323|
2152324|
2152325|
2152326|
2152327|
2152352|
2152353|
2152354|
2152355|
2152356|
2152357|
2152358|
2152359|
2152384|
2152385|
2152386|
2152387|
2152388|
2152389|
2152390|
2152391|
2152416|
2152417|
2152418|
2152419|
2152420|
2152421|
2152422|
2152423|
2152448|
2152449|
2152450|
2152451|
2152452|
2152453|
2152454|
2152455|
2152480|
2152481|
2152482|
2152483|
2152484|
2152485|
2152486|
2152487|
2152512|
2152513|
2152514|
2152515|
2152516|
2152517|
2152518|
2152519|
2152544|
2152545|
2152546|
2152547|
2152548|
2152549|
2152550|
2152551|
2152576|
2152577|
2152578|
2152579|
2152580|
2152581|
2152582|
2152583|
2152608|
2152609|
2152610|
2152611|
2152612|
2152613|
2152614|
2152615|
2152640|
2152641|
2152642|
2152643|
2152644|
2152645|
2152646|
2152647|
2152672|
2152673|
2152674|
2152675|
2152676|
2152677|
2152678|
2152679|
2152704|
2152705|
2152706|
2152707|
2152708|
2152709|
2152710|
2152711|
2152736|
2152737|
2152738|
2152739|
2152740|
2152741|
2152742|
2152743|
2152768|
2152769|
2152770|
2152771|
2152772|
2152773|
2152774|
2152775|
2152800|
2152801|
2152802|
2152803|
2152804|
2152805|
2152806|
2152807|
2152832|
2152833|
2152834|
2152835|
2152836|
2152837|
2152838|
2152839|
2152864|
2152865|
2152866|
2152867|
2152868|
2152869|
2152870|
2152871|
2152896|
2152897|
2152898|
2152899|
2152900|
2152901|
2152902|
2152903|
2152928|
2152929|
2152930|
2152931|
2152932|
2152933|
2152934|
2152935|
2152960|
2152961|
2152962|
2152963|
2152964|
2152965|
2152966|
2152967|
2152992|
2152993|
2152994|
2152995|
2152996|
2152997|
2152998|
2152999|
2153024|
2153025|
2153026|
2153027|
2153028|
2153029|
2153030|
2153031|
2153056|
2153057|
2153058|
2153059|
2153060|
2153061|
2153062|
2153063|
2153088|
2153089|
2153090|
2153091|
2153092|
2153093|
2153094|
2153095|
2153120|
2153121|
2153122|
2153123|
2153124|
2153125|
2153126|
2153127|
2153152|
2153153|
2153154|
2153155|
2153156|
2153157|
2153158|
2153159|
2153184|
2153185|
2153186|
2153187|
2153188|
2153189|
2153190|
2153191|
2153216|
2153217|
2153218|
2153219|
2153220|
2153221|
2153222|
2153223|
2153248|
2153249|
2153250|
2153251|
2153252|
2153253|
2153254|
2153255|
2153280|
2153281|
2153282|
2153283|
2153284|
2153285|
2153286|
2153287|
2153312|
2153313|
2153314|
2153315|
2153316|
2153317|
2153318|
2153319|
2153344|
2153345|
2153346|
2153347|
2153348|
2153349|
2153350|
2153351|
2153376|
2153377|
2153378|
2153379|
2153380|
2153381|
2153382|
2153383|
2153408|
2153409|
2153410|
2153411|
2153412|
2153413|
2153414|
2153415|
2153440|
2153441|
2153442|
2153443|
2153444|
2153445|
2153446|
2153447|
2153472|
2153473|
2153474|
2153475|
2153476|
2153477|
2153478|
2153479|
2153504|
2153505|
2153506|
2153507|
2153508|
2153509|
2153510|
2153511|
2153536|
2153537|
2153538|
2153539|
2153540|
2153541|
2153542|
2153543|
2153568|
2153569|
2153570|
2153571|
2153572|
2153573|
2153574|
2153575|
2153600|
2153601|
2153602|
2153603|
2153604|
2153605|
2153606|
2153607|
2153632|
2153633|
2153634|
2153635|
2153636|
2153637|
2153638|
2153639|
2153664|
2153665|
2153666|
2153667|
2153668|
2153669|
2153670|
2153671|
2153696|
2153697|
2153698|
2153699|
2153700|
2153701|
2153702|
2153703|
2153728|
2153729|
2153730|
2153731|
2153732|
2153733|
2153734|
2153735|
2153760|
2153761|
2153762|
2153763|
2153764|
2153765|
2153766|
2153767|
2153792|
2153793|
2153794|
2153795|
2153796|
2153797|
2153798|
2153799|
2153824|
2153825|
2153826|
2153827|
2153828|
2153829|
2153830|
2153831|
2153856|
2153857|
2153858|
2153859|
2153860|
2153861|
2153862|
2153863|
2153888|
2153889|
2153890|
2153891|
2153892|
2153893|
2153894|
2153895|
2153920|
2153921|
2153922|
2153923|
2153924|
2153925|
2153926|
2153927|
2153952|
2153953|
2153954|
2153955|
2153956|
2153957|
2153958|
2153959|
2153984|
2153985|
2153986|
2153987|
2153988|
