2436001|
2436002|
2436003|
2436004|
2436005|
2436006|
2436007|
2436032|
2436033|
2436034|
2436035|
2436036|
2436037|
2436038|
2436039|
2436064|
2436065|
2436066|
2436067|
2436068|
2436069|
2436070|
2436071|
2436096|
2436097|
2436098|
2436099|
2436100|
2436101|
2436102|
2436103|
2436128|
2436129|
2436130|
2436131|
2436132|
2436133|
2436134|
2436135|
2436160|
2436161|
2436162|
2436163|
2436164|
2436165|
2436166|
2436167|
2436192|
2436193|
2436194|
2436195|
2436196|
2436197|
2436198|
2436199|
2436224|
2436225|
2436226|
2436227|
2436228|
2436229|
2436230|
2436231|
2436256|
2436257|
2436258|
2436259|
2436260|
2436261|
2436262|
2436263|
2436288|
2436289|
2436290|
2436291|
2436292|
2436293|
2436294|
2436295|
2436320|
2436321|
2436322|
2436323|
2436324|
2436325|
2436326|
2436327|
2436352|
2436353|
2436354|
2436355|
2436356|
2436357|
2436358|
2436359|
2436384|
2436385|
2436386|
2436387|
2436388|
2436389|
2436390|
2436391|
2436416|
2436417|
2436418|
2436419|
2436420|
2436421|
2436422|
2436423|
2436448|
2436449|
2436450|
2436451|
2436452|
2436453|
2436454|
2436455|
2436480|
2436481|
2436482|
2436483|
2436484|
2436485|
2436486|
2436487|
2436512|
2436513|
2436514|
2436515|
2436516|
2436517|
2436518|
2436519|
2436544|
2436545|
2436546|
2436547|
2436548|
2436549|
2436550|
2436551|
2436576|
2436577|
2436578|
2436579|
2436580|
2436581|
2436582|
2436583|
2436608|
2436609|
2436610|
2436611|
2436612|
2436613|
2436614|
2436615|
2436640|
2436641|
2436642|
2436643|
2436644|
2436645|
2436646|
2436647|
2436672|
2436673|
2436674|
2436675|
2436676|
2436677|
2436678|
2436679|
2436704|
2436705|
2436706|
2436707|
2436708|
2436709|
2436710|
2436711|
2436736|
2436737|
2436738|
2436739|
2436740|
2436741|
2436742|
2436743|
2436768|
2436769|
2436770|
2436771|
2436772|
2436773|
2436774|
2436775|
2436800|
2436801|
2436802|
2436803|
2436804|
2436805|
2436806|
2436807|
2436832|
2436833|
2436834|
2436835|
2436836|
2436837|
2436838|
2436839|
2436864|
2436865|
2436866|
2436867|
2436868|
2436869|
2436870|
2436871|
2436896|
2436897|
2436898|
2436899|
2436900|
2436901|
2436902|
2436903|
2436928|
2436929|
2436930|
2436931|
2436932|
2436933|
2436934|
2436935|
2436960|
2436961|
2436962|
2436963|
2436964|
2436965|
2436966|
2436967|
2436992|
2436993|
2436994|
2436995|
2436996|
2436997|
2436998|
2436999|
2437024|
2437025|
2437026|
2437027|
2437028|
2437029|
2437030|
2437031|
2437056|
2437057|
2437058|
2437059|
2437060|
2437061|
2437062|
2437063|
2437088|
2437089|
2437090|
2437091|
2437092|
2437093|
2437094|
2437095|
2437120|
2437121|
2437122|
2437123|
2437124|
2437125|
2437126|
2437127|
2437152|
2437153|
2437154|
2437155|
2437156|
2437157|
2437158|
2437159|
2437184|
2437185|
2437186|
2437187|
2437188|
2437189|
2437190|
2437191|
2437216|
2437217|
2437218|
2437219|
2437220|
2437221|
2437222|
2437223|
2437248|
2437249|
2437250|
2437251|
2437252|
2437253|
2437254|
2437255|
2437280|
2437281|
2437282|
2437283|
2437284|
2437285|
2437286|
2437287|
2437312|
2437313|
2437314|
2437315|
2437316|
2437317|
2437318|
2437319|
2437344|
2437345|
2437346|
2437347|
2437348|
2437349|
2437350|
2437351|
2437376|
2437377|
2437378|
2437379|
2437380|
2437381|
2437382|
2437383|
2437408|
2437409|
2437410|
2437411|
2437412|
2437413|
2437414|
2437415|
2437440|
2437441|
2437442|
2437443|
2437444|
2437445|
2437446|
2437447|
2437472|
2437473|
2437474|
2437475|
2437476|
2437477|
2437478|
2437479|
2437504|
2437505|
2437506|
2437507|
2437508|
2437509|
2437510|
2437511|
2437536|
2437537|
2437538|
2437539|
2437540|
2437541|
2437542|
2437543|
2437568|
2437569|
2437570|
2437571|
2437572|
2437573|
2437574|
2437575|
2437600|
2437601|
2437602|
2437603|
2437604|
2437605|
2437606|
2437607|
2437632|
2437633|
2437634|
2437635|
2437636|
2437637|
2437638|
2437639|
2437664|
2437665|
2437666|
2437667|
2437668|
2437669|
2437670|
2437671|
2437696|
2437697|
2437698|
2437699|
2437700|
2437701|
2437702|
2437703|
2437728|
2437729|
2437730|
2437731|
2437732|
2437733|
2437734|
2437735|
2437760|
2437761|
2437762|
2437763|
2437764|
2437765|
2437766|
2437767|
2437792|
2437793|
2437794|
2437795|
2437796|
2437797|
2437798|
2437799|
2437824|
2437825|
2437826|
2437827|
2437828|
2437829|
2437830|
2437831|
2437856|
2437857|
2437858|
2437859|
2437860|
2437861|
2437862|
2437863|
2437888|
2437889|
2437890|
2437891|
2437892|
2437893|
2437894|
2437895|
2437920|
2437921|
2437922|
2437923|
2437924|
2437925|
2437926|
2437927|
2437952|
2437953|
2437954|
2437955|
2437956|
2437957|
2437958|
2437959|
2437984|
2437985|
2437986|
2437987|
2437988|
2437989|
2437990|
2437991|
2438016|
2438017|
2438018|
2438019|
2438020|
2438021|
2438022|
2438023|
2438048|
2438049|
2438050|
2438051|
2438052|
2438053|
2438054|
2438055|
2438080|
2438081|
2438082|
2438083|
2438084|
2438085|
2438086|
2438087|
2438112|
2438113|
2438114|
2438115|
2438116|
2438117|
2438118|
2438119|
2438144|
2438145|
2438146|
2438147|
2438148|
2438149|
2438150|
2438151|
2438176|
2438177|
2438178|
2438179|
2438180|
2438181|
2438182|
2438183|
2438208|
2438209|
2438210|
2438211|
2438212|
2438213|
2438214|
2438215|
2438240|
2438241|
2438242|
2438243|
2438244|
2438245|
2438246|
2438247|
2438272|
2438273|
2438274|
2438275|
2438276|
2438277|
2438278|
2438279|
2438304|
2438305|
2438306|
2438307|
2438308|
2438309|
2438310|
2438311|
2438336|
2438337|
2438338|
2438339|
2438340|
2438341|
2438342|
2438343|
2438368|
2438369|
2438370|
2438371|
2438372|
2438373|
2438374|
2438375|
2438400|
2438401|
2438402|
2438403|
2438404|
2438405|
2438406|
2438407|
2438432|
2438433|
2438434|
2438435|
2438436|
2438437|
2438438|
2438439|
2438464|
2438465|
2438466|
2438467|
2438468|
2438469|
2438470|
2438471|
2438496|
2438497|
2438498|
2438499|
2438500|
2438501|
2438502|
2438503|
2438528|
2438529|
2438530|
2438531|
2438532|
2438533|
2438534|
2438535|
2438560|
2438561|
2438562|
2438563|
2438564|
2438565|
2438566|
2438567|
2438592|
2438593|
2438594|
2438595|
2438596|
2438597|
2438598|
2438599|
2438624|
2438625|
2438626|
2438627|
2438628|
2438629|
2438630|
2438631|
2438656|
2438657|
2438658|
2438659|
2438660|
2438661|
2438662|
2438663|
2438688|
2438689|
2438690|
2438691|
2438692|
2438693|
2438694|
2438695|
2438720|
2438721|
2438722|
2438723|
2438724|
2438725|
2438726|
2438727|
2438752|
2438753|
2438754|
2438755|
2438756|
2438757|
2438758|
2438759|
2438784|
2438785|
2438786|
2438787|
2438788|
2438789|
2438790|
2438791|
2438816|
2438817|
2438818|
2438819|
2438820|
2438821|
2438822|
2438823|
2438848|
2438849|
2438850|
2438851|
2438852|
2438853|
2438854|
2438855|
2438880|
2438881|
2438882|
2438883|
2438884|
2438885|
2438886|
2438887|
2438912|
2438913|
2438914|
2438915|
2438916|
2438917|
2438918|
2438919|
2438944|
2438945|
2438946|
2438947|
2438948|
2438949|
2438950|
2438951|
2438976|
2438977|
2438978|
2438979|
2438980|
2438981|
2438982|
2438983|
2439008|
2439009|
2439010|
2439011|
2439012|
2439013|
2439014|
2439015|
2439040|
2439041|
2439042|
2439043|
2439044|
2439045|
2439046|
2439047|
2439072|
2439073|
2439074|
2439075|
2439076|
2439077|
2439078|
2439079|
2439104|
2439105|
2439106|
2439107|
2439108|
2439109|
2439110|
2439111|
2439136|
2439137|
2439138|
2439139|
2439140|
2439141|
2439142|
2439143|
2439168|
2439169|
2439170|
2439171|
2439172|
2439173|
2439174|
2439175|
2439200|
2439201|
2439202|
2439203|
2439204|
2439205|
2439206|
2439207|
2439232|
2439233|
2439234|
2439235|
2439236|
2439237|
2439238|
2439239|
2439264|
2439265|
2439266|
2439267|
2439268|
2439269|
2439270|
2439271|
2439296|
2439297|
2439298|
2439299|
2439300|
2439301|
2439302|
2439303|
2439328|
2439329|
2439330|
2439331|
2439332|
2439333|
2439334|
2439335|
2439360|
2439361|
2439362|
2439363|
2439364|
2439365|
2439366|
2439367|
2439392|
2439393|
2439394|
2439395|
2439396|
2439397|
2439398|
2439399|
2439424|
2439425|
2439426|
2439427|
2439428|
2439429|
2439430|
2439431|
2439456|
2439457|
2439458|
2439459|
2439460|
2439461|
2439462|
2439463|
2439488|
2439489|
2439490|
2439491|
2439492|
2439493|
2439494|
2439495|
2439520|
2439521|
2439522|
2439523|
2439524|
2439525|
2439526|
2439527|
2439552|
2439553|
2439554|
2439555|
2439556|
2439557|
2439558|
2439559|
2439584|
2439585|
2439586|
2439587|
2439588|
2439589|
2439590|
2439591|
2439616|
2439617|
2439618|
2439619|
2439620|
2439621|
2439622|
2439623|
2439648|
2439649|
2439650|
2439651|
2439652|
2439653|
2439654|
2439655|
2439680|
2439681|
2439682|
2439683|
2439684|
2439685|
2439686|
2439687|
2439712|
2439713|
2439714|
2439715|
2439716|
2439717|
2439718|
2439719|
2439744|
2439745|
2439746|
2439747|
2439748|
2439749|
2439750|
2439751|
2439776|
2439777|
2439778|
2439779|
2439780|
2439781|
2439782|
2439783|
2439808|
2439809|
2439810|
2439811|
2439812|
2439813|
2439814|
2439815|
2439840|
2439841|
2439842|
2439843|
2439844|
2439845|
2439846|
2439847|
2439872|
2439873|
2439874|
2439875|
2439876|
2439877|
2439878|
2439879|
2439904|
2439905|
2439906|
2439907|
2439908|
2439909|
2439910|
2439911|
2439936|
2439937|
2439938|
2439939|
2439940|
2439941|
2439942|
2439943|
2439968|
2439969|
2439970|
2439971|
2439972|
2439973|
2439974|
2439975|
2440000|
2440001|
2440002|
2440003|
2440004|
2440005|
2440006|
2440007|
2440032|
2440033|
2440034|
2440035|
2440036|
2440037|
2440038|
2440039|
2440064|
2440065|
2440066|
2440067|
2440068|
2440069|
2440070|
2440071|
2440096|
2440097|
2440098|
2440099|
2440100|
2440101|
2440102|
2440103|
2440128|
2440129|
2440130|
2440131|
2440132|
2440133|
2440134|
2440135|
2440160|
2440161|
2440162|
2440163|
2440164|
2440165|
2440166|
2440167|
2440192|
2440193|
2440194|
2440195|
2440196|
2440197|
2440198|
2440199|
2440224|
2440225|
2440226|
2440227|
2440228|
2440229|
2440230|
2440231|
2440256|
2440257|
2440258|
2440259|
2440260|
2440261|
2440262|
2440263|
2440288|
2440289|
2440290|
2440291|
2440292|
2440293|
2440294|
2440295|
2440320|
2440321|
2440322|
2440323|
2440324|
2440325|
2440326|
2440327|
2440352|
2440353|
2440354|
2440355|
2440356|
2440357|
2440358|
2440359|
2440384|
2440385|
2440386|
2440387|
2440388|
2440389|
2440390|
2440391|
2440416|
2440417|
2440418|
2440419|
2440420|
2440421|
2440422|
2440423|
2440448|
2440449|
2440450|
2440451|
2440452|
2440453|
2440454|
2440455|
2440480|
2440481|
2440482|
2440483|
2440484|
2440485|
2440486|
2440487|
2440512|
2440513|
2440514|
2440515|
2440516|
2440517|
2440518|
2440519|
2440544|
2440545|
2440546|
2440547|
2440548|
2440549|
2440550|
2440551|
2440576|
2440577|
2440578|
2440579|
2440580|
2440581|
2440582|
2440583|
2440608|
2440609|
2440610|
2440611|
2440612|
2440613|
2440614|
2440615|
2440640|
2440641|
2440642|
2440643|
2440644|
2440645|
2440646|
2440647|
2440672|
2440673|
2440674|
2440675|
2440676|
2440677|
2440678|
2440679|
2440704|
2440705|
2440706|
2440707|
2440708|
2440709|
2440710|
2440711|
2440736|
2440737|
2440738|
2440739|
2440740|
2440741|
2440742|
2440743|
2440768|
2440769|
2440770|
2440771|
2440772|
2440773|
2440774|
2440775|
2440800|
2440801|
2440802|
2440803|
2440804|
2440805|
2440806|
2440807|
2440832|
2440833|
2440834|
2440835|
2440836|
2440837|
2440838|
2440839|
2440864|
2440865|
2440866|
2440867|
2440868|
2440869|
2440870|
2440871|
2440896|
2440897|
2440898|
2440899|
2440900|
2440901|
2440902|
2440903|
2440928|
2440929|
2440930|
2440931|
2440932|
2440933|
2440934|
2440935|
2440960|
2440961|
2440962|
2440963|
2440964|
2440965|
2440966|
2440967|
2440992|
2440993|
2440994|
2440995|
2440996|
2440997|
2440998|
2440999|
2441024|
2441025|
2441026|
2441027|
2441028|
2441029|
2441030|
2441031|
2441056|
2441057|
2441058|
2441059|
2441060|
2441061|
2441062|
2441063|
2441088|
2441089|
2441090|
2441091|
2441092|
2441093|
2441094|
2441095|
2441120|
2441121|
2441122|
2441123|
2441124|
2441125|
2441126|
2441127|
2441152|
2441153|
2441154|
2441155|
2441156|
2441157|
2441158|
2441159|
2441184|
2441185|
2441186|
2441187|
2441188|
2441189|
2441190|
2441191|
2441216|
2441217|
2441218|
2441219|
2441220|
2441221|
2441222|
2441223|
2441248|
2441249|
2441250|
2441251|
2441252|
2441253|
2441254|
2441255|
2441280|
2441281|
2441282|
2441283|
2441284|
2441285|
2441286|
2441287|
2441312|
2441313|
2441314|
2441315|
2441316|
2441317|
2441318|
2441319|
2441344|
2441345|
2441346|
2441347|
2441348|
2441349|
2441350|
2441351|
2441376|
2441377|
2441378|
2441379|
2441380|
2441381|
2441382|
2441383|
2441408|
2441409|
2441410|
2441411|
2441412|
2441413|
2441414|
2441415|
2441440|
2441441|
2441442|
2441443|
2441444|
2441445|
2441446|
2441447|
2441472|
2441473|
2441474|
2441475|
2441476|
2441477|
2441478|
2441479|
2441504|
2441505|
2441506|
2441507|
2441508|
2441509|
2441510|
2441511|
2441536|
2441537|
2441538|
2441539|
2441540|
2441541|
2441542|
2441543|
2441568|
2441569|
2441570|
2441571|
2441572|
2441573|
2441574|
2441575|
2441600|
2441601|
2441602|
2441603|
2441604|
2441605|
2441606|
2441607|
2441632|
2441633|
2441634|
2441635|
2441636|
2441637|
2441638|
2441639|
2441664|
2441665|
2441666|
2441667|
2441668|
2441669|
2441670|
2441671|
2441696|
2441697|
2441698|
2441699|
2441700|
2441701|
2441702|
2441703|
2441728|
2441729|
2441730|
2441731|
2441732|
2441733|
2441734|
2441735|
2441760|
2441761|
2441762|
2441763|
2441764|
2441765|
2441766|
2441767|
2441792|
2441793|
2441794|
2441795|
2441796|
2441797|
2441798|
2441799|
2441824|
2441825|
2441826|
2441827|
2441828|
2441829|
2441830|
2441831|
2441856|
2441857|
2441858|
2441859|
2441860|
2441861|
2441862|
2441863|
2441888|
2441889|
2441890|
2441891|
2441892|
2441893|
2441894|
2441895|
2441920|
2441921|
2441922|
2441923|
2441924|
2441925|
2441926|
2441927|
2441952|
2441953|
2441954|
2441955|
2441956|
2441957|
2441958|
2441959|
2441984|
2441985|
2441986|
2441987|
2441988|
