1697989|
1697990|
1697991|
1698016|
1698017|
1698018|
1698019|
1698020|
1698021|
1698022|
1698023|
1698048|
1698049|
1698050|
1698051|
1698052|
1698053|
1698054|
1698055|
1698080|
1698081|
1698082|
1698083|
1698084|
1698085|
1698086|
1698087|
1698112|
1698113|
1698114|
1698115|
1698116|
1698117|
1698118|
1698119|
1698144|
1698145|
1698146|
1698147|
1698148|
1698149|
1698150|
1698151|
1698176|
1698177|
1698178|
1698179|
1698180|
1698181|
1698182|
1698183|
1698208|
1698209|
1698210|
1698211|
1698212|
1698213|
1698214|
1698215|
1698240|
1698241|
1698242|
1698243|
1698244|
1698245|
1698246|
1698247|
1698272|
1698273|
1698274|
1698275|
1698276|
1698277|
1698278|
1698279|
1698304|
1698305|
1698306|
1698307|
1698308|
1698309|
1698310|
1698311|
1698336|
1698337|
1698338|
1698339|
1698340|
1698341|
1698342|
1698343|
1698368|
1698369|
1698370|
1698371|
1698372|
1698373|
1698374|
1698375|
1698400|
1698401|
1698402|
1698403|
1698404|
1698405|
1698406|
1698407|
1698432|
1698433|
1698434|
1698435|
1698436|
1698437|
1698438|
1698439|
1698464|
1698465|
1698466|
1698467|
1698468|
1698469|
1698470|
1698471|
1698496|
1698497|
1698498|
1698499|
1698500|
1698501|
1698502|
1698503|
1698528|
1698529|
1698530|
1698531|
1698532|
1698533|
1698534|
1698535|
1698560|
1698561|
1698562|
1698563|
1698564|
1698565|
1698566|
1698567|
1698592|
1698593|
1698594|
1698595|
1698596|
1698597|
1698598|
1698599|
1698624|
1698625|
1698626|
1698627|
1698628|
1698629|
1698630|
1698631|
1698656|
1698657|
1698658|
1698659|
1698660|
1698661|
1698662|
1698663|
1698688|
1698689|
1698690|
1698691|
1698692|
1698693|
1698694|
1698695|
1698720|
1698721|
1698722|
1698723|
1698724|
1698725|
1698726|
1698727|
1698752|
1698753|
1698754|
1698755|
1698756|
1698757|
1698758|
1698759|
1698784|
1698785|
1698786|
1698787|
1698788|
1698789|
1698790|
1698791|
1698816|
1698817|
1698818|
1698819|
1698820|
1698821|
1698822|
1698823|
1698848|
1698849|
1698850|
1698851|
1698852|
1698853|
1698854|
1698855|
1698880|
1698881|
1698882|
1698883|
1698884|
1698885|
1698886|
1698887|
1698912|
1698913|
1698914|
1698915|
1698916|
1698917|
1698918|
1698919|
1698944|
1698945|
1698946|
1698947|
1698948|
1698949|
1698950|
1698951|
1698976|
1698977|
1698978|
1698979|
1698980|
1698981|
1698982|
1698983|
1699008|
1699009|
1699010|
1699011|
1699012|
1699013|
1699014|
1699015|
1699040|
1699041|
1699042|
1699043|
1699044|
1699045|
1699046|
1699047|
1699072|
1699073|
1699074|
1699075|
1699076|
1699077|
1699078|
1699079|
1699104|
1699105|
1699106|
1699107|
1699108|
1699109|
1699110|
1699111|
1699136|
1699137|
1699138|
1699139|
1699140|
1699141|
1699142|
1699143|
1699168|
1699169|
1699170|
1699171|
1699172|
1699173|
1699174|
1699175|
1699200|
1699201|
1699202|
1699203|
1699204|
1699205|
1699206|
1699207|
1699232|
1699233|
1699234|
1699235|
1699236|
1699237|
1699238|
1699239|
1699264|
1699265|
1699266|
1699267|
1699268|
1699269|
1699270|
1699271|
1699296|
1699297|
1699298|
1699299|
1699300|
1699301|
1699302|
1699303|
1699328|
1699329|
1699330|
1699331|
1699332|
1699333|
1699334|
1699335|
1699360|
1699361|
1699362|
1699363|
1699364|
1699365|
1699366|
1699367|
1699392|
1699393|
1699394|
1699395|
1699396|
1699397|
1699398|
1699399|
1699424|
1699425|
1699426|
1699427|
1699428|
1699429|
1699430|
1699431|
1699456|
1699457|
1699458|
1699459|
1699460|
1699461|
1699462|
1699463|
1699488|
1699489|
1699490|
1699491|
1699492|
1699493|
1699494|
1699495|
1699520|
1699521|
1699522|
1699523|
1699524|
1699525|
1699526|
1699527|
1699552|
1699553|
1699554|
1699555|
1699556|
1699557|
1699558|
1699559|
1699584|
1699585|
1699586|
1699587|
1699588|
1699589|
1699590|
1699591|
1699616|
1699617|
1699618|
1699619|
1699620|
1699621|
1699622|
1699623|
1699648|
1699649|
1699650|
1699651|
1699652|
1699653|
1699654|
1699655|
1699680|
1699681|
1699682|
1699683|
1699684|
1699685|
1699686|
1699687|
1699712|
1699713|
1699714|
1699715|
1699716|
1699717|
1699718|
1699719|
1699744|
1699745|
1699746|
1699747|
1699748|
1699749|
1699750|
1699751|
1699776|
1699777|
1699778|
1699779|
1699780|
1699781|
1699782|
1699783|
1699808|
1699809|
1699810|
1699811|
1699812|
1699813|
1699814|
1699815|
1699840|
1699841|
1699842|
1699843|
1699844|
1699845|
1699846|
1699847|
1699872|
1699873|
1699874|
1699875|
1699876|
1699877|
1699878|
1699879|
1699904|
1699905|
1699906|
1699907|
1699908|
1699909|
1699910|
1699911|
1699936|
1699937|
1699938|
1699939|
1699940|
1699941|
1699942|
1699943|
1699968|
1699969|
1699970|
1699971|
1699972|
1699973|
1699974|
1699975|
1700000|
1700001|
1700002|
1700003|
1700004|
1700005|
1700006|
1700007|
1700032|
1700033|
1700034|
1700035|
1700036|
1700037|
1700038|
1700039|
1700064|
1700065|
1700066|
1700067|
1700068|
1700069|
1700070|
1700071|
1700096|
1700097|
1700098|
1700099|
1700100|
1700101|
1700102|
1700103|
1700128|
1700129|
1700130|
1700131|
1700132|
1700133|
1700134|
1700135|
1700160|
1700161|
1700162|
1700163|
1700164|
1700165|
1700166|
1700167|
1700192|
1700193|
1700194|
1700195|
1700196|
1700197|
1700198|
1700199|
1700224|
1700225|
1700226|
1700227|
1700228|
1700229|
1700230|
1700231|
1700256|
1700257|
1700258|
1700259|
1700260|
1700261|
1700262|
1700263|
1700288|
1700289|
1700290|
1700291|
1700292|
1700293|
1700294|
1700295|
1700320|
1700321|
1700322|
1700323|
1700324|
1700325|
1700326|
1700327|
1700352|
1700353|
1700354|
1700355|
1700356|
1700357|
1700358|
1700359|
1700384|
1700385|
1700386|
1700387|
1700388|
1700389|
1700390|
1700391|
1700416|
1700417|
1700418|
1700419|
1700420|
1700421|
1700422|
1700423|
1700448|
1700449|
1700450|
1700451|
1700452|
1700453|
1700454|
1700455|
1700480|
1700481|
1700482|
1700483|
1700484|
1700485|
1700486|
1700487|
1700512|
1700513|
1700514|
1700515|
1700516|
1700517|
1700518|
1700519|
1700544|
1700545|
1700546|
1700547|
1700548|
1700549|
1700550|
1700551|
1700576|
1700577|
1700578|
1700579|
1700580|
1700581|
1700582|
1700583|
1700608|
1700609|
1700610|
1700611|
1700612|
1700613|
1700614|
1700615|
1700640|
1700641|
1700642|
1700643|
1700644|
1700645|
1700646|
1700647|
1700672|
1700673|
1700674|
1700675|
1700676|
1700677|
1700678|
1700679|
1700704|
1700705|
1700706|
1700707|
1700708|
1700709|
1700710|
1700711|
1700736|
1700737|
1700738|
1700739|
1700740|
1700741|
1700742|
1700743|
1700768|
1700769|
1700770|
1700771|
1700772|
1700773|
1700774|
1700775|
1700800|
1700801|
1700802|
1700803|
1700804|
1700805|
1700806|
1700807|
1700832|
1700833|
1700834|
1700835|
1700836|
1700837|
1700838|
1700839|
1700864|
1700865|
1700866|
1700867|
1700868|
1700869|
1700870|
1700871|
1700896|
1700897|
1700898|
1700899|
1700900|
1700901|
1700902|
1700903|
1700928|
1700929|
1700930|
1700931|
1700932|
1700933|
1700934|
1700935|
1700960|
1700961|
1700962|
1700963|
1700964|
1700965|
1700966|
1700967|
1700992|
1700993|
1700994|
1700995|
1700996|
1700997|
1700998|
1700999|
1701024|
1701025|
1701026|
1701027|
1701028|
1701029|
1701030|
1701031|
1701056|
1701057|
1701058|
1701059|
1701060|
1701061|
1701062|
1701063|
1701088|
1701089|
1701090|
1701091|
1701092|
1701093|
1701094|
1701095|
1701120|
1701121|
1701122|
1701123|
1701124|
1701125|
1701126|
1701127|
1701152|
1701153|
1701154|
1701155|
1701156|
1701157|
1701158|
1701159|
1701184|
1701185|
1701186|
1701187|
1701188|
1701189|
1701190|
1701191|
1701216|
1701217|
1701218|
1701219|
1701220|
1701221|
1701222|
1701223|
1701248|
1701249|
1701250|
1701251|
1701252|
1701253|
1701254|
1701255|
1701280|
1701281|
1701282|
1701283|
1701284|
1701285|
1701286|
1701287|
1701312|
1701313|
1701314|
1701315|
1701316|
1701317|
1701318|
1701319|
1701344|
1701345|
1701346|
1701347|
1701348|
1701349|
1701350|
1701351|
1701376|
1701377|
1701378|
1701379|
1701380|
1701381|
1701382|
1701383|
1701408|
1701409|
1701410|
1701411|
1701412|
1701413|
1701414|
1701415|
1701440|
1701441|
1701442|
1701443|
1701444|
1701445|
1701446|
1701447|
1701472|
1701473|
1701474|
1701475|
1701476|
1701477|
1701478|
1701479|
1701504|
1701505|
1701506|
1701507|
1701508|
1701509|
1701510|
1701511|
1701536|
1701537|
1701538|
1701539|
1701540|
1701541|
1701542|
1701543|
1701568|
1701569|
1701570|
1701571|
1701572|
1701573|
1701574|
1701575|
1701600|
1701601|
1701602|
1701603|
1701604|
1701605|
1701606|
1701607|
1701632|
1701633|
1701634|
1701635|
1701636|
1701637|
1701638|
1701639|
1701664|
1701665|
1701666|
1701667|
1701668|
1701669|
1701670|
1701671|
1701696|
1701697|
1701698|
1701699|
1701700|
1701701|
1701702|
1701703|
1701728|
1701729|
1701730|
1701731|
1701732|
1701733|
1701734|
1701735|
1701760|
1701761|
1701762|
1701763|
1701764|
1701765|
1701766|
1701767|
1701792|
1701793|
1701794|
1701795|
1701796|
1701797|
1701798|
1701799|
1701824|
1701825|
1701826|
1701827|
1701828|
1701829|
1701830|
1701831|
1701856|
1701857|
1701858|
1701859|
1701860|
1701861|
1701862|
1701863|
1701888|
1701889|
1701890|
1701891|
1701892|
1701893|
1701894|
1701895|
1701920|
1701921|
1701922|
1701923|
1701924|
1701925|
1701926|
1701927|
1701952|
1701953|
1701954|
1701955|
1701956|
1701957|
1701958|
1701959|
1701984|
1701985|
1701986|
1701987|
1701988|
1701989|
1701990|
1701991|
1702016|
1702017|
1702018|
1702019|
1702020|
1702021|
1702022|
1702023|
1702048|
1702049|
1702050|
1702051|
1702052|
1702053|
1702054|
1702055|
1702080|
1702081|
1702082|
1702083|
1702084|
1702085|
1702086|
1702087|
1702112|
1702113|
1702114|
1702115|
1702116|
1702117|
1702118|
1702119|
1702144|
1702145|
1702146|
1702147|
1702148|
1702149|
1702150|
1702151|
1702176|
1702177|
1702178|
1702179|
1702180|
1702181|
1702182|
1702183|
1702208|
1702209|
1702210|
1702211|
1702212|
1702213|
1702214|
1702215|
1702240|
1702241|
1702242|
1702243|
1702244|
1702245|
1702246|
1702247|
1702272|
1702273|
1702274|
1702275|
1702276|
1702277|
1702278|
1702279|
1702304|
1702305|
1702306|
1702307|
1702308|
1702309|
1702310|
1702311|
1702336|
1702337|
1702338|
1702339|
1702340|
1702341|
1702342|
1702343|
1702368|
1702369|
1702370|
1702371|
1702372|
1702373|
1702374|
1702375|
1702400|
1702401|
1702402|
1702403|
1702404|
1702405|
1702406|
1702407|
1702432|
1702433|
1702434|
1702435|
1702436|
1702437|
1702438|
1702439|
1702464|
1702465|
1702466|
1702467|
1702468|
1702469|
1702470|
1702471|
1702496|
1702497|
1702498|
1702499|
1702500|
1702501|
1702502|
1702503|
1702528|
1702529|
1702530|
1702531|
1702532|
1702533|
1702534|
1702535|
1702560|
1702561|
1702562|
1702563|
1702564|
1702565|
1702566|
1702567|
1702592|
1702593|
1702594|
1702595|
1702596|
1702597|
1702598|
1702599|
1702624|
1702625|
1702626|
1702627|
1702628|
1702629|
1702630|
1702631|
1702656|
1702657|
1702658|
1702659|
1702660|
1702661|
1702662|
1702663|
1702688|
1702689|
1702690|
1702691|
1702692|
1702693|
1702694|
1702695|
1702720|
1702721|
1702722|
1702723|
1702724|
1702725|
1702726|
1702727|
1702752|
1702753|
1702754|
1702755|
1702756|
1702757|
1702758|
1702759|
1702784|
1702785|
1702786|
1702787|
1702788|
1702789|
1702790|
1702791|
1702816|
1702817|
1702818|
1702819|
1702820|
1702821|
1702822|
1702823|
1702848|
1702849|
1702850|
1702851|
1702852|
1702853|
1702854|
1702855|
1702880|
1702881|
1702882|
1702883|
1702884|
1702885|
1702886|
1702887|
1702912|
1702913|
1702914|
1702915|
1702916|
1702917|
1702918|
1702919|
1702944|
1702945|
1702946|
1702947|
1702948|
1702949|
1702950|
1702951|
1702976|
1702977|
1702978|
1702979|
1702980|
1702981|
1702982|
1702983|
1703008|
1703009|
1703010|
1703011|
1703012|
1703013|
1703014|
1703015|
1703040|
1703041|
1703042|
1703043|
1703044|
1703045|
1703046|
1703047|
1703072|
1703073|
1703074|
1703075|
1703076|
1703077|
1703078|
1703079|
1703104|
1703105|
1703106|
1703107|
1703108|
1703109|
1703110|
1703111|
1703136|
1703137|
1703138|
1703139|
1703140|
1703141|
1703142|
1703143|
1703168|
1703169|
1703170|
1703171|
1703172|
1703173|
1703174|
1703175|
1703200|
1703201|
1703202|
1703203|
1703204|
1703205|
1703206|
1703207|
1703232|
1703233|
1703234|
1703235|
1703236|
1703237|
1703238|
1703239|
1703264|
1703265|
1703266|
1703267|
1703268|
1703269|
1703270|
1703271|
1703296|
1703297|
1703298|
1703299|
1703300|
1703301|
1703302|
1703303|
1703328|
1703329|
1703330|
1703331|
1703332|
1703333|
1703334|
1703335|
1703360|
1703361|
1703362|
1703363|
1703364|
1703365|
1703366|
1703367|
1703392|
1703393|
1703394|
1703395|
1703396|
1703397|
1703398|
1703399|
1703424|
1703425|
1703426|
1703427|
1703428|
1703429|
1703430|
1703431|
1703456|
1703457|
1703458|
1703459|
1703460|
1703461|
1703462|
1703463|
1703488|
1703489|
1703490|
1703491|
1703492|
1703493|
1703494|
1703495|
1703520|
1703521|
1703522|
1703523|
1703524|
1703525|
1703526|
1703527|
1703552|
1703553|
1703554|
1703555|
1703556|
1703557|
1703558|
1703559|
1703584|
1703585|
1703586|
1703587|
1703588|
1703589|
1703590|
1703591|
1703616|
1703617|
1703618|
1703619|
1703620|
1703621|
1703622|
1703623|
1703648|
1703649|
1703650|
1703651|
1703652|
1703653|
1703654|
1703655|
1703680|
1703681|
1703682|
1703683|
1703684|
1703685|
1703686|
1703687|
1703712|
1703713|
1703714|
1703715|
1703716|
1703717|
1703718|
1703719|
1703744|
1703745|
1703746|
1703747|
1703748|
1703749|
1703750|
1703751|
1703776|
1703777|
1703778|
1703779|
1703780|
1703781|
1703782|
1703783|
1703808|
1703809|
1703810|
1703811|
1703812|
1703813|
1703814|
1703815|
1703840|
1703841|
1703842|
1703843|
1703844|
1703845|
1703846|
1703847|
1703872|
1703873|
1703874|
1703875|
1703876|
1703877|
1703878|
1703879|
1703904|
1703905|
1703906|
1703907|
1703908|
1703909|
1703910|
1703911|
1703936|
1703937|
1703938|
1703939|
1703940|
1703941|
1703942|
1703943|
1703968|
1703969|
1703970|
1703971|
1703972|
1703973|
1703974|
1703975|
1704000|
