869989|
869990|
869991|
870016|
870017|
870018|
870019|
870020|
870021|
870022|
870023|
870048|
870049|
870050|
870051|
870052|
870053|
870054|
870055|
870080|
870081|
870082|
870083|
870084|
870085|
870086|
870087|
870112|
870113|
870114|
870115|
870116|
870117|
870118|
870119|
870144|
870145|
870146|
870147|
870148|
870149|
870150|
870151|
870176|
870177|
870178|
870179|
870180|
870181|
870182|
870183|
870208|
870209|
870210|
870211|
870212|
870213|
870214|
870215|
870240|
870241|
870242|
870243|
870244|
870245|
870246|
870247|
870272|
870273|
870274|
870275|
870276|
870277|
870278|
870279|
870304|
870305|
870306|
870307|
870308|
870309|
870310|
870311|
870336|
870337|
870338|
870339|
870340|
870341|
870342|
870343|
870368|
870369|
870370|
870371|
870372|
870373|
870374|
870375|
870400|
870401|
870402|
870403|
870404|
870405|
870406|
870407|
870432|
870433|
870434|
870435|
870436|
870437|
870438|
870439|
870464|
870465|
870466|
870467|
870468|
870469|
870470|
870471|
870496|
870497|
870498|
870499|
870500|
870501|
870502|
870503|
870528|
870529|
870530|
870531|
870532|
870533|
870534|
870535|
870560|
870561|
870562|
870563|
870564|
870565|
870566|
870567|
870592|
870593|
870594|
870595|
870596|
870597|
870598|
870599|
870624|
870625|
870626|
870627|
870628|
870629|
870630|
870631|
870656|
870657|
870658|
870659|
870660|
870661|
870662|
870663|
870688|
870689|
870690|
870691|
870692|
870693|
870694|
870695|
870720|
870721|
870722|
870723|
870724|
870725|
870726|
870727|
870752|
870753|
870754|
870755|
870756|
870757|
870758|
870759|
870784|
870785|
870786|
870787|
870788|
870789|
870790|
870791|
870816|
870817|
870818|
870819|
870820|
870821|
870822|
870823|
870848|
870849|
870850|
870851|
870852|
870853|
870854|
870855|
870880|
870881|
870882|
870883|
870884|
870885|
870886|
870887|
870912|
870913|
870914|
870915|
870916|
870917|
870918|
870919|
870944|
870945|
870946|
870947|
870948|
870949|
870950|
870951|
870976|
870977|
870978|
870979|
870980|
870981|
870982|
870983|
871008|
871009|
871010|
871011|
871012|
871013|
871014|
871015|
871040|
871041|
871042|
871043|
871044|
871045|
871046|
871047|
871072|
871073|
871074|
871075|
871076|
871077|
871078|
871079|
871104|
871105|
871106|
871107|
871108|
871109|
871110|
871111|
871136|
871137|
871138|
871139|
871140|
871141|
871142|
871143|
871168|
871169|
871170|
871171|
871172|
871173|
871174|
871175|
871200|
871201|
871202|
871203|
871204|
871205|
871206|
871207|
871232|
871233|
871234|
871235|
871236|
871237|
871238|
871239|
871264|
871265|
871266|
871267|
871268|
871269|
871270|
871271|
871296|
871297|
871298|
871299|
871300|
871301|
871302|
871303|
871328|
871329|
871330|
871331|
871332|
871333|
871334|
871335|
871360|
871361|
871362|
871363|
871364|
871365|
871366|
871367|
871392|
871393|
871394|
871395|
871396|
871397|
871398|
871399|
871424|
871425|
871426|
871427|
871428|
871429|
871430|
871431|
871456|
871457|
871458|
871459|
871460|
871461|
871462|
871463|
871488|
871489|
871490|
871491|
871492|
871493|
871494|
871495|
871520|
871521|
871522|
871523|
871524|
871525|
871526|
871527|
871552|
871553|
871554|
871555|
871556|
871557|
871558|
871559|
871584|
871585|
871586|
871587|
871588|
871589|
871590|
871591|
871616|
871617|
871618|
871619|
871620|
871621|
871622|
871623|
871648|
871649|
871650|
871651|
871652|
871653|
871654|
871655|
871680|
871681|
871682|
871683|
871684|
871685|
871686|
871687|
871712|
871713|
871714|
871715|
871716|
871717|
871718|
871719|
871744|
871745|
871746|
871747|
871748|
871749|
871750|
871751|
871776|
871777|
871778|
871779|
871780|
871781|
871782|
871783|
871808|
871809|
871810|
871811|
871812|
871813|
871814|
871815|
871840|
871841|
871842|
871843|
871844|
871845|
871846|
871847|
871872|
871873|
871874|
871875|
871876|
871877|
871878|
871879|
871904|
871905|
871906|
871907|
871908|
871909|
871910|
871911|
871936|
871937|
871938|
871939|
871940|
871941|
871942|
871943|
871968|
871969|
871970|
871971|
871972|
871973|
871974|
871975|
872000|
872001|
872002|
872003|
872004|
872005|
872006|
872007|
872032|
872033|
872034|
872035|
872036|
872037|
872038|
872039|
872064|
872065|
872066|
872067|
872068|
872069|
872070|
872071|
872096|
872097|
872098|
872099|
872100|
872101|
872102|
872103|
872128|
872129|
872130|
872131|
872132|
872133|
872134|
872135|
872160|
872161|
872162|
872163|
872164|
872165|
872166|
872167|
872192|
872193|
872194|
872195|
872196|
872197|
872198|
872199|
872224|
872225|
872226|
872227|
872228|
872229|
872230|
872231|
872256|
872257|
872258|
872259|
872260|
872261|
872262|
872263|
872288|
872289|
872290|
872291|
872292|
872293|
872294|
872295|
872320|
872321|
872322|
872323|
872324|
872325|
872326|
872327|
872352|
872353|
872354|
872355|
872356|
872357|
872358|
872359|
872384|
872385|
872386|
872387|
872388|
872389|
872390|
872391|
872416|
872417|
872418|
872419|
872420|
872421|
872422|
872423|
872448|
872449|
872450|
872451|
872452|
872453|
872454|
872455|
872480|
872481|
872482|
872483|
872484|
872485|
872486|
872487|
872512|
872513|
872514|
872515|
872516|
872517|
872518|
872519|
872544|
872545|
872546|
872547|
872548|
872549|
872550|
872551|
872576|
872577|
872578|
872579|
872580|
872581|
872582|
872583|
872608|
872609|
872610|
872611|
872612|
872613|
872614|
872615|
872640|
872641|
872642|
872643|
872644|
872645|
872646|
872647|
872672|
872673|
872674|
872675|
872676|
872677|
872678|
872679|
872704|
872705|
872706|
872707|
872708|
872709|
872710|
872711|
872736|
872737|
872738|
872739|
872740|
872741|
872742|
872743|
872768|
872769|
872770|
872771|
872772|
872773|
872774|
872775|
872800|
872801|
872802|
872803|
872804|
872805|
872806|
872807|
872832|
872833|
872834|
872835|
872836|
872837|
872838|
872839|
872864|
872865|
872866|
872867|
872868|
872869|
872870|
872871|
872896|
872897|
872898|
872899|
872900|
872901|
872902|
872903|
872928|
872929|
872930|
872931|
872932|
872933|
872934|
872935|
872960|
872961|
872962|
872963|
872964|
872965|
872966|
872967|
872992|
872993|
872994|
872995|
872996|
872997|
872998|
872999|
873024|
873025|
873026|
873027|
873028|
873029|
873030|
873031|
873056|
873057|
873058|
873059|
873060|
873061|
873062|
873063|
873088|
873089|
873090|
873091|
873092|
873093|
873094|
873095|
873120|
873121|
873122|
873123|
873124|
873125|
873126|
873127|
873152|
873153|
873154|
873155|
873156|
873157|
873158|
873159|
873184|
873185|
873186|
873187|
873188|
873189|
873190|
873191|
873216|
873217|
873218|
873219|
873220|
873221|
873222|
873223|
873248|
873249|
873250|
873251|
873252|
873253|
873254|
873255|
873280|
873281|
873282|
873283|
873284|
873285|
873286|
873287|
873312|
873313|
873314|
873315|
873316|
873317|
873318|
873319|
873344|
873345|
873346|
873347|
873348|
873349|
873350|
873351|
873376|
873377|
873378|
873379|
873380|
873381|
873382|
873383|
873408|
873409|
873410|
873411|
873412|
873413|
873414|
873415|
873440|
873441|
873442|
873443|
873444|
873445|
873446|
873447|
873472|
873473|
873474|
873475|
873476|
873477|
873478|
873479|
873504|
873505|
873506|
873507|
873508|
873509|
873510|
873511|
873536|
873537|
873538|
873539|
873540|
873541|
873542|
873543|
873568|
873569|
873570|
873571|
873572|
873573|
873574|
873575|
873600|
873601|
873602|
873603|
873604|
873605|
873606|
873607|
873632|
873633|
873634|
873635|
873636|
873637|
873638|
873639|
873664|
873665|
873666|
873667|
873668|
873669|
873670|
873671|
873696|
873697|
873698|
873699|
873700|
873701|
873702|
873703|
873728|
873729|
873730|
873731|
873732|
873733|
873734|
873735|
873760|
873761|
873762|
873763|
873764|
873765|
873766|
873767|
873792|
873793|
873794|
873795|
873796|
873797|
873798|
873799|
873824|
873825|
873826|
873827|
873828|
873829|
873830|
873831|
873856|
873857|
873858|
873859|
873860|
873861|
873862|
873863|
873888|
873889|
873890|
873891|
873892|
873893|
873894|
873895|
873920|
873921|
873922|
873923|
873924|
873925|
873926|
873927|
873952|
873953|
873954|
873955|
873956|
873957|
873958|
873959|
873984|
873985|
873986|
873987|
873988|
873989|
873990|
873991|
874016|
874017|
874018|
874019|
874020|
874021|
874022|
874023|
874048|
874049|
874050|
874051|
874052|
874053|
874054|
874055|
874080|
874081|
874082|
874083|
874084|
874085|
874086|
874087|
874112|
874113|
874114|
874115|
874116|
874117|
874118|
874119|
874144|
874145|
874146|
874147|
874148|
874149|
874150|
874151|
874176|
874177|
874178|
874179|
874180|
874181|
874182|
874183|
874208|
874209|
874210|
874211|
874212|
874213|
874214|
874215|
874240|
874241|
874242|
874243|
874244|
874245|
874246|
874247|
874272|
874273|
874274|
874275|
874276|
874277|
874278|
874279|
874304|
874305|
874306|
874307|
874308|
874309|
874310|
874311|
874336|
874337|
874338|
874339|
874340|
874341|
874342|
874343|
874368|
874369|
874370|
874371|
874372|
874373|
874374|
874375|
874400|
874401|
874402|
874403|
874404|
874405|
874406|
874407|
874432|
874433|
874434|
874435|
874436|
874437|
874438|
874439|
874464|
874465|
874466|
874467|
874468|
874469|
874470|
874471|
874496|
874497|
874498|
874499|
874500|
874501|
874502|
874503|
874528|
874529|
874530|
874531|
874532|
874533|
874534|
874535|
874560|
874561|
874562|
874563|
874564|
874565|
874566|
874567|
874592|
874593|
874594|
874595|
874596|
874597|
874598|
874599|
874624|
874625|
874626|
874627|
874628|
874629|
874630|
874631|
874656|
874657|
874658|
874659|
874660|
874661|
874662|
874663|
874688|
874689|
874690|
874691|
874692|
874693|
874694|
874695|
874720|
874721|
874722|
874723|
874724|
874725|
874726|
874727|
874752|
874753|
874754|
874755|
874756|
874757|
874758|
874759|
874784|
874785|
874786|
874787|
874788|
874789|
874790|
874791|
874816|
874817|
874818|
874819|
874820|
874821|
874822|
874823|
874848|
874849|
874850|
874851|
874852|
874853|
874854|
874855|
874880|
874881|
874882|
874883|
874884|
874885|
874886|
874887|
874912|
874913|
874914|
874915|
874916|
874917|
874918|
874919|
874944|
874945|
874946|
874947|
874948|
874949|
874950|
874951|
874976|
874977|
874978|
874979|
874980|
874981|
874982|
874983|
875008|
875009|
875010|
875011|
875012|
875013|
875014|
875015|
875040|
875041|
875042|
875043|
875044|
875045|
875046|
875047|
875072|
875073|
875074|
875075|
875076|
875077|
875078|
875079|
875104|
875105|
875106|
875107|
875108|
875109|
875110|
875111|
875136|
875137|
875138|
875139|
875140|
875141|
875142|
875143|
875168|
875169|
875170|
875171|
875172|
875173|
875174|
875175|
875200|
875201|
875202|
875203|
875204|
875205|
875206|
875207|
875232|
875233|
875234|
875235|
875236|
875237|
875238|
875239|
875264|
875265|
875266|
875267|
875268|
875269|
875270|
875271|
875296|
875297|
875298|
875299|
875300|
875301|
875302|
875303|
875328|
875329|
875330|
875331|
875332|
875333|
875334|
875335|
875360|
875361|
875362|
875363|
875364|
875365|
875366|
875367|
875392|
875393|
875394|
875395|
875396|
875397|
875398|
875399|
875424|
875425|
875426|
875427|
875428|
875429|
875430|
875431|
875456|
875457|
875458|
875459|
875460|
875461|
875462|
875463|
875488|
875489|
875490|
875491|
875492|
875493|
875494|
875495|
875520|
875521|
875522|
875523|
875524|
875525|
875526|
875527|
875552|
875553|
875554|
875555|
875556|
875557|
875558|
875559|
875584|
875585|
875586|
875587|
875588|
875589|
875590|
875591|
875616|
875617|
875618|
875619|
875620|
875621|
875622|
875623|
875648|
875649|
875650|
875651|
875652|
875653|
875654|
875655|
875680|
875681|
875682|
875683|
875684|
875685|
875686|
875687|
875712|
875713|
875714|
875715|
875716|
875717|
875718|
875719|
875744|
875745|
875746|
875747|
875748|
875749|
875750|
875751|
875776|
875777|
875778|
875779|
875780|
875781|
875782|
875783|
875808|
875809|
875810|
875811|
875812|
875813|
875814|
875815|
875840|
875841|
875842|
875843|
875844|
875845|
875846|
875847|
875872|
875873|
875874|
875875|
875876|
875877|
875878|
875879|
875904|
875905|
875906|
875907|
875908|
875909|
875910|
875911|
875936|
875937|
875938|
875939|
875940|
875941|
875942|
875943|
875968|
875969|
875970|
875971|
875972|
875973|
875974|
875975|
876000|
