360001|
360002|
360003|
360004|
360005|
360006|
360007|
360032|
360033|
360034|
360035|
360036|
360037|
360038|
360039|
360064|
360065|
360066|
360067|
360068|
360069|
360070|
360071|
360096|
360097|
360098|
360099|
360100|
360101|
360102|
360103|
360128|
360129|
360130|
360131|
360132|
360133|
360134|
360135|
360160|
360161|
360162|
360163|
360164|
360165|
360166|
360167|
360192|
360193|
360194|
360195|
360196|
360197|
360198|
360199|
360224|
360225|
360226|
360227|
360228|
360229|
360230|
360231|
360256|
360257|
360258|
360259|
360260|
360261|
360262|
360263|
360288|
360289|
360290|
360291|
360292|
360293|
360294|
360295|
360320|
360321|
360322|
360323|
360324|
360325|
360326|
360327|
360352|
360353|
360354|
360355|
360356|
360357|
360358|
360359|
360384|
360385|
360386|
360387|
360388|
360389|
360390|
360391|
360416|
360417|
360418|
360419|
360420|
360421|
360422|
360423|
360448|
360449|
360450|
360451|
360452|
360453|
360454|
360455|
360480|
360481|
360482|
360483|
360484|
360485|
360486|
360487|
360512|
360513|
360514|
360515|
360516|
360517|
360518|
360519|
360544|
360545|
360546|
360547|
360548|
360549|
360550|
360551|
360576|
360577|
360578|
360579|
360580|
360581|
360582|
360583|
360608|
360609|
360610|
360611|
360612|
360613|
360614|
360615|
360640|
360641|
360642|
360643|
360644|
360645|
360646|
360647|
360672|
360673|
360674|
360675|
360676|
360677|
360678|
360679|
360704|
360705|
360706|
360707|
360708|
360709|
360710|
360711|
360736|
360737|
360738|
360739|
360740|
360741|
360742|
360743|
360768|
360769|
360770|
360771|
360772|
360773|
360774|
360775|
360800|
360801|
360802|
360803|
360804|
360805|
360806|
360807|
360832|
360833|
360834|
360835|
360836|
360837|
360838|
360839|
360864|
360865|
360866|
360867|
360868|
360869|
360870|
360871|
360896|
360897|
360898|
360899|
360900|
360901|
360902|
360903|
360928|
360929|
360930|
360931|
360932|
360933|
360934|
360935|
360960|
360961|
360962|
360963|
360964|
360965|
360966|
360967|
360992|
360993|
360994|
360995|
360996|
360997|
360998|
360999|
361024|
361025|
361026|
361027|
361028|
361029|
361030|
361031|
361056|
361057|
361058|
361059|
361060|
361061|
361062|
361063|
361088|
361089|
361090|
361091|
361092|
361093|
361094|
361095|
361120|
361121|
361122|
361123|
361124|
361125|
361126|
361127|
361152|
361153|
361154|
361155|
361156|
361157|
361158|
361159|
361184|
361185|
361186|
361187|
361188|
361189|
361190|
361191|
361216|
361217|
361218|
361219|
361220|
361221|
361222|
361223|
361248|
361249|
361250|
361251|
361252|
361253|
361254|
361255|
361280|
361281|
361282|
361283|
361284|
361285|
361286|
361287|
361312|
361313|
361314|
361315|
361316|
361317|
361318|
361319|
361344|
361345|
361346|
361347|
361348|
361349|
361350|
361351|
361376|
361377|
361378|
361379|
361380|
361381|
361382|
361383|
361408|
361409|
361410|
361411|
361412|
361413|
361414|
361415|
361440|
361441|
361442|
361443|
361444|
361445|
361446|
361447|
361472|
361473|
361474|
361475|
361476|
361477|
361478|
361479|
361504|
361505|
361506|
361507|
361508|
361509|
361510|
361511|
361536|
361537|
361538|
361539|
361540|
361541|
361542|
361543|
361568|
361569|
361570|
361571|
361572|
361573|
361574|
361575|
361600|
361601|
361602|
361603|
361604|
361605|
361606|
361607|
361632|
361633|
361634|
361635|
361636|
361637|
361638|
361639|
361664|
361665|
361666|
361667|
361668|
361669|
361670|
361671|
361696|
361697|
361698|
361699|
361700|
361701|
361702|
361703|
361728|
361729|
361730|
361731|
361732|
361733|
361734|
361735|
361760|
361761|
361762|
361763|
361764|
361765|
361766|
361767|
361792|
361793|
361794|
361795|
361796|
361797|
361798|
361799|
361824|
361825|
361826|
361827|
361828|
361829|
361830|
361831|
361856|
361857|
361858|
361859|
361860|
361861|
361862|
361863|
361888|
361889|
361890|
361891|
361892|
361893|
361894|
361895|
361920|
361921|
361922|
361923|
361924|
361925|
361926|
361927|
361952|
361953|
361954|
361955|
361956|
361957|
361958|
361959|
361984|
361985|
361986|
361987|
361988|
361989|
361990|
361991|
362016|
362017|
362018|
362019|
362020|
362021|
362022|
362023|
362048|
362049|
362050|
362051|
362052|
362053|
362054|
362055|
362080|
362081|
362082|
362083|
362084|
362085|
362086|
362087|
362112|
362113|
362114|
362115|
362116|
362117|
362118|
362119|
362144|
362145|
362146|
362147|
362148|
362149|
362150|
362151|
362176|
362177|
362178|
362179|
362180|
362181|
362182|
362183|
362208|
362209|
362210|
362211|
362212|
362213|
362214|
362215|
362240|
362241|
362242|
362243|
362244|
362245|
362246|
362247|
362272|
362273|
362274|
362275|
362276|
362277|
362278|
362279|
362304|
362305|
362306|
362307|
362308|
362309|
362310|
362311|
362336|
362337|
362338|
362339|
362340|
362341|
362342|
362343|
362368|
362369|
362370|
362371|
362372|
362373|
362374|
362375|
362400|
362401|
362402|
362403|
362404|
362405|
362406|
362407|
362432|
362433|
362434|
362435|
362436|
362437|
362438|
362439|
362464|
362465|
362466|
362467|
362468|
362469|
362470|
362471|
362496|
362497|
362498|
362499|
362500|
362501|
362502|
362503|
362528|
362529|
362530|
362531|
362532|
362533|
362534|
362535|
362560|
362561|
362562|
362563|
362564|
362565|
362566|
362567|
362592|
362593|
362594|
362595|
362596|
362597|
362598|
362599|
362624|
362625|
362626|
362627|
362628|
362629|
362630|
362631|
362656|
362657|
362658|
362659|
362660|
362661|
362662|
362663|
362688|
362689|
362690|
362691|
362692|
362693|
362694|
362695|
362720|
362721|
362722|
362723|
362724|
362725|
362726|
362727|
362752|
362753|
362754|
362755|
362756|
362757|
362758|
362759|
362784|
362785|
362786|
362787|
362788|
362789|
362790|
362791|
362816|
362817|
362818|
362819|
362820|
362821|
362822|
362823|
362848|
362849|
362850|
362851|
362852|
362853|
362854|
362855|
362880|
362881|
362882|
362883|
362884|
362885|
362886|
362887|
362912|
362913|
362914|
362915|
362916|
362917|
362918|
362919|
362944|
362945|
362946|
362947|
362948|
362949|
362950|
362951|
362976|
362977|
362978|
362979|
362980|
362981|
362982|
362983|
363008|
363009|
363010|
363011|
363012|
363013|
363014|
363015|
363040|
363041|
363042|
363043|
363044|
363045|
363046|
363047|
363072|
363073|
363074|
363075|
363076|
363077|
363078|
363079|
363104|
363105|
363106|
363107|
363108|
363109|
363110|
363111|
363136|
363137|
363138|
363139|
363140|
363141|
363142|
363143|
363168|
363169|
363170|
363171|
363172|
363173|
363174|
363175|
363200|
363201|
363202|
363203|
363204|
363205|
363206|
363207|
363232|
363233|
363234|
363235|
363236|
363237|
363238|
363239|
363264|
363265|
363266|
363267|
363268|
363269|
363270|
363271|
363296|
363297|
363298|
363299|
363300|
363301|
363302|
363303|
363328|
363329|
363330|
363331|
363332|
363333|
363334|
363335|
363360|
363361|
363362|
363363|
363364|
363365|
363366|
363367|
363392|
363393|
363394|
363395|
363396|
363397|
363398|
363399|
363424|
363425|
363426|
363427|
363428|
363429|
363430|
363431|
363456|
363457|
363458|
363459|
363460|
363461|
363462|
363463|
363488|
363489|
363490|
363491|
363492|
363493|
363494|
363495|
363520|
363521|
363522|
363523|
363524|
363525|
363526|
363527|
363552|
363553|
363554|
363555|
363556|
363557|
363558|
363559|
363584|
363585|
363586|
363587|
363588|
363589|
363590|
363591|
363616|
363617|
363618|
363619|
363620|
363621|
363622|
363623|
363648|
363649|
363650|
363651|
363652|
363653|
363654|
363655|
363680|
363681|
363682|
363683|
363684|
363685|
363686|
363687|
363712|
363713|
363714|
363715|
363716|
363717|
363718|
363719|
363744|
363745|
363746|
363747|
363748|
363749|
363750|
363751|
363776|
363777|
363778|
363779|
363780|
363781|
363782|
363783|
363808|
363809|
363810|
363811|
363812|
363813|
363814|
363815|
363840|
363841|
363842|
363843|
363844|
363845|
363846|
363847|
363872|
363873|
363874|
363875|
363876|
363877|
363878|
363879|
363904|
363905|
363906|
363907|
363908|
363909|
363910|
363911|
363936|
363937|
363938|
363939|
363940|
363941|
363942|
363943|
363968|
363969|
363970|
363971|
363972|
363973|
363974|
363975|
364000|
364001|
364002|
364003|
364004|
364005|
364006|
364007|
364032|
364033|
364034|
364035|
364036|
364037|
364038|
364039|
364064|
364065|
364066|
364067|
364068|
364069|
364070|
364071|
364096|
364097|
364098|
364099|
364100|
364101|
364102|
364103|
364128|
364129|
364130|
364131|
364132|
364133|
364134|
364135|
364160|
364161|
364162|
364163|
364164|
364165|
364166|
364167|
364192|
364193|
364194|
364195|
364196|
364197|
364198|
364199|
364224|
364225|
364226|
364227|
364228|
364229|
364230|
364231|
364256|
364257|
364258|
364259|
364260|
364261|
364262|
364263|
364288|
364289|
364290|
364291|
364292|
364293|
364294|
364295|
364320|
364321|
364322|
364323|
364324|
364325|
364326|
364327|
364352|
364353|
364354|
364355|
364356|
364357|
364358|
364359|
364384|
364385|
364386|
364387|
364388|
364389|
364390|
364391|
364416|
364417|
364418|
364419|
364420|
364421|
364422|
364423|
364448|
364449|
364450|
364451|
364452|
364453|
364454|
364455|
364480|
364481|
364482|
364483|
364484|
364485|
364486|
364487|
364512|
364513|
364514|
364515|
364516|
364517|
364518|
364519|
364544|
364545|
364546|
364547|
364548|
364549|
364550|
364551|
364576|
364577|
364578|
364579|
364580|
364581|
364582|
364583|
364608|
364609|
364610|
364611|
364612|
364613|
364614|
364615|
364640|
364641|
364642|
364643|
364644|
364645|
364646|
364647|
364672|
364673|
364674|
364675|
364676|
364677|
364678|
364679|
364704|
364705|
364706|
364707|
364708|
364709|
364710|
364711|
364736|
364737|
364738|
364739|
364740|
364741|
364742|
364743|
364768|
364769|
364770|
364771|
364772|
364773|
364774|
364775|
364800|
364801|
364802|
364803|
364804|
364805|
364806|
364807|
364832|
364833|
364834|
364835|
364836|
364837|
364838|
364839|
364864|
364865|
364866|
364867|
364868|
364869|
364870|
364871|
364896|
364897|
364898|
364899|
364900|
364901|
364902|
364903|
364928|
364929|
364930|
364931|
364932|
364933|
364934|
364935|
364960|
364961|
364962|
364963|
364964|
364965|
364966|
364967|
364992|
364993|
364994|
364995|
364996|
364997|
364998|
364999|
365024|
365025|
365026|
365027|
365028|
365029|
365030|
365031|
365056|
365057|
365058|
365059|
365060|
365061|
365062|
365063|
365088|
365089|
365090|
365091|
365092|
365093|
365094|
365095|
365120|
365121|
365122|
365123|
365124|
365125|
365126|
365127|
365152|
365153|
365154|
365155|
365156|
365157|
365158|
365159|
365184|
365185|
365186|
365187|
365188|
365189|
365190|
365191|
365216|
365217|
365218|
365219|
365220|
365221|
365222|
365223|
365248|
365249|
365250|
365251|
365252|
365253|
365254|
365255|
365280|
365281|
365282|
365283|
365284|
365285|
365286|
365287|
365312|
365313|
365314|
365315|
365316|
365317|
365318|
365319|
365344|
365345|
365346|
365347|
365348|
365349|
365350|
365351|
365376|
365377|
365378|
365379|
365380|
365381|
365382|
365383|
365408|
365409|
365410|
365411|
365412|
365413|
365414|
365415|
365440|
365441|
365442|
365443|
365444|
365445|
365446|
365447|
365472|
365473|
365474|
365475|
365476|
365477|
365478|
365479|
365504|
365505|
365506|
365507|
365508|
365509|
365510|
365511|
365536|
365537|
365538|
365539|
365540|
365541|
365542|
365543|
365568|
365569|
365570|
365571|
365572|
365573|
365574|
365575|
365600|
365601|
365602|
365603|
365604|
365605|
365606|
365607|
365632|
365633|
365634|
365635|
365636|
365637|
365638|
365639|
365664|
365665|
365666|
365667|
365668|
365669|
365670|
365671|
365696|
365697|
365698|
365699|
365700|
365701|
365702|
365703|
365728|
365729|
365730|
365731|
365732|
365733|
365734|
365735|
365760|
365761|
365762|
365763|
365764|
365765|
365766|
365767|
365792|
365793|
365794|
365795|
365796|
365797|
365798|
365799|
365824|
365825|
365826|
365827|
365828|
365829|
365830|
365831|
365856|
365857|
365858|
365859|
365860|
365861|
365862|
365863|
365888|
365889|
365890|
365891|
365892|
365893|
365894|
365895|
365920|
365921|
365922|
365923|
365924|
365925|
365926|
365927|
365952|
365953|
365954|
365955|
365956|
365957|
365958|
365959|
365984|
365985|
365986|
365987|
365988|
