749989|
749990|
749991|
750016|
750017|
750018|
750019|
750020|
750021|
750022|
750023|
750048|
750049|
750050|
750051|
750052|
750053|
750054|
750055|
750080|
750081|
750082|
750083|
750084|
750085|
750086|
750087|
750112|
750113|
750114|
750115|
750116|
750117|
750118|
750119|
750144|
750145|
750146|
750147|
750148|
750149|
750150|
750151|
750176|
750177|
750178|
750179|
750180|
750181|
750182|
750183|
750208|
750209|
750210|
750211|
750212|
750213|
750214|
750215|
750240|
750241|
750242|
750243|
750244|
750245|
750246|
750247|
750272|
750273|
750274|
750275|
750276|
750277|
750278|
750279|
750304|
750305|
750306|
750307|
750308|
750309|
750310|
750311|
750336|
750337|
750338|
750339|
750340|
750341|
750342|
750343|
750368|
750369|
750370|
750371|
750372|
750373|
750374|
750375|
750400|
750401|
750402|
750403|
750404|
750405|
750406|
750407|
750432|
750433|
750434|
750435|
750436|
750437|
750438|
750439|
750464|
750465|
750466|
750467|
750468|
750469|
750470|
750471|
750496|
750497|
750498|
750499|
750500|
750501|
750502|
750503|
750528|
750529|
750530|
750531|
750532|
750533|
750534|
750535|
750560|
750561|
750562|
750563|
750564|
750565|
750566|
750567|
750592|
750593|
750594|
750595|
750596|
750597|
750598|
750599|
750624|
750625|
750626|
750627|
750628|
750629|
750630|
750631|
750656|
750657|
750658|
750659|
750660|
750661|
750662|
750663|
750688|
750689|
750690|
750691|
750692|
750693|
750694|
750695|
750720|
750721|
750722|
750723|
750724|
750725|
750726|
750727|
750752|
750753|
750754|
750755|
750756|
750757|
750758|
750759|
750784|
750785|
750786|
750787|
750788|
750789|
750790|
750791|
750816|
750817|
750818|
750819|
750820|
750821|
750822|
750823|
750848|
750849|
750850|
750851|
750852|
750853|
750854|
750855|
750880|
750881|
750882|
750883|
750884|
750885|
750886|
750887|
750912|
750913|
750914|
750915|
750916|
750917|
750918|
750919|
750944|
750945|
750946|
750947|
750948|
750949|
750950|
750951|
750976|
750977|
750978|
750979|
750980|
750981|
750982|
750983|
751008|
751009|
751010|
751011|
751012|
751013|
751014|
751015|
751040|
751041|
751042|
751043|
751044|
751045|
751046|
751047|
751072|
751073|
751074|
751075|
751076|
751077|
751078|
751079|
751104|
751105|
751106|
751107|
751108|
751109|
751110|
751111|
751136|
751137|
751138|
751139|
751140|
751141|
751142|
751143|
751168|
751169|
751170|
751171|
751172|
751173|
751174|
751175|
751200|
751201|
751202|
751203|
751204|
751205|
751206|
751207|
751232|
751233|
751234|
751235|
751236|
751237|
751238|
751239|
751264|
751265|
751266|
751267|
751268|
751269|
751270|
751271|
751296|
751297|
751298|
751299|
751300|
751301|
751302|
751303|
751328|
751329|
751330|
751331|
751332|
751333|
751334|
751335|
751360|
751361|
751362|
751363|
751364|
751365|
751366|
751367|
751392|
751393|
751394|
751395|
751396|
751397|
751398|
751399|
751424|
751425|
751426|
751427|
751428|
751429|
751430|
751431|
751456|
751457|
751458|
751459|
751460|
751461|
751462|
751463|
751488|
751489|
751490|
751491|
751492|
751493|
751494|
751495|
751520|
751521|
751522|
751523|
751524|
751525|
751526|
751527|
751552|
751553|
751554|
751555|
751556|
751557|
751558|
751559|
751584|
751585|
751586|
751587|
751588|
751589|
751590|
751591|
751616|
751617|
751618|
751619|
751620|
751621|
751622|
751623|
751648|
751649|
751650|
751651|
751652|
751653|
751654|
751655|
751680|
751681|
751682|
751683|
751684|
751685|
751686|
751687|
751712|
751713|
751714|
751715|
751716|
751717|
751718|
751719|
751744|
751745|
751746|
751747|
751748|
751749|
751750|
751751|
751776|
751777|
751778|
751779|
751780|
751781|
751782|
751783|
751808|
751809|
751810|
751811|
751812|
751813|
751814|
751815|
751840|
751841|
751842|
751843|
751844|
751845|
751846|
751847|
751872|
751873|
751874|
751875|
751876|
751877|
751878|
751879|
751904|
751905|
751906|
751907|
751908|
751909|
751910|
751911|
751936|
751937|
751938|
751939|
751940|
751941|
751942|
751943|
751968|
751969|
751970|
751971|
751972|
751973|
751974|
751975|
752000|
752001|
752002|
752003|
752004|
752005|
752006|
752007|
752032|
752033|
752034|
752035|
752036|
752037|
752038|
752039|
752064|
752065|
752066|
752067|
752068|
752069|
752070|
752071|
752096|
752097|
752098|
752099|
752100|
752101|
752102|
752103|
752128|
752129|
752130|
752131|
752132|
752133|
752134|
752135|
752160|
752161|
752162|
752163|
752164|
752165|
752166|
752167|
752192|
752193|
752194|
752195|
752196|
752197|
752198|
752199|
752224|
752225|
752226|
752227|
752228|
752229|
752230|
752231|
752256|
752257|
752258|
752259|
752260|
752261|
752262|
752263|
752288|
752289|
752290|
752291|
752292|
752293|
752294|
752295|
752320|
752321|
752322|
752323|
752324|
752325|
752326|
752327|
752352|
752353|
752354|
752355|
752356|
752357|
752358|
752359|
752384|
752385|
752386|
752387|
752388|
752389|
752390|
752391|
752416|
752417|
752418|
752419|
752420|
752421|
752422|
752423|
752448|
752449|
752450|
752451|
752452|
752453|
752454|
752455|
752480|
752481|
752482|
752483|
752484|
752485|
752486|
752487|
752512|
752513|
752514|
752515|
752516|
752517|
752518|
752519|
752544|
752545|
752546|
752547|
752548|
752549|
752550|
752551|
752576|
752577|
752578|
752579|
752580|
752581|
752582|
752583|
752608|
752609|
752610|
752611|
752612|
752613|
752614|
752615|
752640|
752641|
752642|
752643|
752644|
752645|
752646|
752647|
752672|
752673|
752674|
752675|
752676|
752677|
752678|
752679|
752704|
752705|
752706|
752707|
752708|
752709|
752710|
752711|
752736|
752737|
752738|
752739|
752740|
752741|
752742|
752743|
752768|
752769|
752770|
752771|
752772|
752773|
752774|
752775|
752800|
752801|
752802|
752803|
752804|
752805|
752806|
752807|
752832|
752833|
752834|
752835|
752836|
752837|
752838|
752839|
752864|
752865|
752866|
752867|
752868|
752869|
752870|
752871|
752896|
752897|
752898|
752899|
752900|
752901|
752902|
752903|
752928|
752929|
752930|
752931|
752932|
752933|
752934|
752935|
752960|
752961|
752962|
752963|
752964|
752965|
752966|
752967|
752992|
752993|
752994|
752995|
752996|
752997|
752998|
752999|
753024|
753025|
753026|
753027|
753028|
753029|
753030|
753031|
753056|
753057|
753058|
753059|
753060|
753061|
753062|
753063|
753088|
753089|
753090|
753091|
753092|
753093|
753094|
753095|
753120|
753121|
753122|
753123|
753124|
753125|
753126|
753127|
753152|
753153|
753154|
753155|
753156|
753157|
753158|
753159|
753184|
753185|
753186|
753187|
753188|
753189|
753190|
753191|
753216|
753217|
753218|
753219|
753220|
753221|
753222|
753223|
753248|
753249|
753250|
753251|
753252|
753253|
753254|
753255|
753280|
753281|
753282|
753283|
753284|
753285|
753286|
753287|
753312|
753313|
753314|
753315|
753316|
753317|
753318|
753319|
753344|
753345|
753346|
753347|
753348|
753349|
753350|
753351|
753376|
753377|
753378|
753379|
753380|
753381|
753382|
753383|
753408|
753409|
753410|
753411|
753412|
753413|
753414|
753415|
753440|
753441|
753442|
753443|
753444|
753445|
753446|
753447|
753472|
753473|
753474|
753475|
753476|
753477|
753478|
753479|
753504|
753505|
753506|
753507|
753508|
753509|
753510|
753511|
753536|
753537|
753538|
753539|
753540|
753541|
753542|
753543|
753568|
753569|
753570|
753571|
753572|
753573|
753574|
753575|
753600|
753601|
753602|
753603|
753604|
753605|
753606|
753607|
753632|
753633|
753634|
753635|
753636|
753637|
753638|
753639|
753664|
753665|
753666|
753667|
753668|
753669|
753670|
753671|
753696|
753697|
753698|
753699|
753700|
753701|
753702|
753703|
753728|
753729|
753730|
753731|
753732|
753733|
753734|
753735|
753760|
753761|
753762|
753763|
753764|
753765|
753766|
753767|
753792|
753793|
753794|
753795|
753796|
753797|
753798|
753799|
753824|
753825|
753826|
753827|
753828|
753829|
753830|
753831|
753856|
753857|
753858|
753859|
753860|
753861|
753862|
753863|
753888|
753889|
753890|
753891|
753892|
753893|
753894|
753895|
753920|
753921|
753922|
753923|
753924|
753925|
753926|
753927|
753952|
753953|
753954|
753955|
753956|
753957|
753958|
753959|
753984|
753985|
753986|
753987|
753988|
753989|
753990|
753991|
754016|
754017|
754018|
754019|
754020|
754021|
754022|
754023|
754048|
754049|
754050|
754051|
754052|
754053|
754054|
754055|
754080|
754081|
754082|
754083|
754084|
754085|
754086|
754087|
754112|
754113|
754114|
754115|
754116|
754117|
754118|
754119|
754144|
754145|
754146|
754147|
754148|
754149|
754150|
754151|
754176|
754177|
754178|
754179|
754180|
754181|
754182|
754183|
754208|
754209|
754210|
754211|
754212|
754213|
754214|
754215|
754240|
754241|
754242|
754243|
754244|
754245|
754246|
754247|
754272|
754273|
754274|
754275|
754276|
754277|
754278|
754279|
754304|
754305|
754306|
754307|
754308|
754309|
754310|
754311|
754336|
754337|
754338|
754339|
754340|
754341|
754342|
754343|
754368|
754369|
754370|
754371|
754372|
754373|
754374|
754375|
754400|
754401|
754402|
754403|
754404|
754405|
754406|
754407|
754432|
754433|
754434|
754435|
754436|
754437|
754438|
754439|
754464|
754465|
754466|
754467|
754468|
754469|
754470|
754471|
754496|
754497|
754498|
754499|
754500|
754501|
754502|
754503|
754528|
754529|
754530|
754531|
754532|
754533|
754534|
754535|
754560|
754561|
754562|
754563|
754564|
754565|
754566|
754567|
754592|
754593|
754594|
754595|
754596|
754597|
754598|
754599|
754624|
754625|
754626|
754627|
754628|
754629|
754630|
754631|
754656|
754657|
754658|
754659|
754660|
754661|
754662|
754663|
754688|
754689|
754690|
754691|
754692|
754693|
754694|
754695|
754720|
754721|
754722|
754723|
754724|
754725|
754726|
754727|
754752|
754753|
754754|
754755|
754756|
754757|
754758|
754759|
754784|
754785|
754786|
754787|
754788|
754789|
754790|
754791|
754816|
754817|
754818|
754819|
754820|
754821|
754822|
754823|
754848|
754849|
754850|
754851|
754852|
754853|
754854|
754855|
754880|
754881|
754882|
754883|
754884|
754885|
754886|
754887|
754912|
754913|
754914|
754915|
754916|
754917|
754918|
754919|
754944|
754945|
754946|
754947|
754948|
754949|
754950|
754951|
754976|
754977|
754978|
754979|
754980|
754981|
754982|
754983|
755008|
755009|
755010|
755011|
755012|
755013|
755014|
755015|
755040|
755041|
755042|
755043|
755044|
755045|
755046|
755047|
755072|
755073|
755074|
755075|
755076|
755077|
755078|
755079|
755104|
755105|
755106|
755107|
755108|
755109|
755110|
755111|
755136|
755137|
755138|
755139|
755140|
755141|
755142|
755143|
755168|
755169|
755170|
755171|
755172|
755173|
755174|
755175|
755200|
755201|
755202|
755203|
755204|
755205|
755206|
755207|
755232|
755233|
755234|
755235|
755236|
755237|
755238|
755239|
755264|
755265|
755266|
755267|
755268|
755269|
755270|
755271|
755296|
755297|
755298|
755299|
755300|
755301|
755302|
755303|
755328|
755329|
755330|
755331|
755332|
755333|
755334|
755335|
755360|
755361|
755362|
755363|
755364|
755365|
755366|
755367|
755392|
755393|
755394|
755395|
755396|
755397|
755398|
755399|
755424|
755425|
755426|
755427|
755428|
755429|
755430|
755431|
755456|
755457|
755458|
755459|
755460|
755461|
755462|
755463|
755488|
755489|
755490|
755491|
755492|
755493|
755494|
755495|
755520|
755521|
755522|
755523|
755524|
755525|
755526|
755527|
755552|
755553|
755554|
755555|
755556|
755557|
755558|
755559|
755584|
755585|
755586|
755587|
755588|
755589|
755590|
755591|
755616|
755617|
755618|
755619|
755620|
755621|
755622|
755623|
755648|
755649|
755650|
755651|
755652|
755653|
755654|
755655|
755680|
755681|
755682|
755683|
755684|
755685|
755686|
755687|
755712|
755713|
755714|
755715|
755716|
755717|
755718|
755719|
755744|
755745|
755746|
755747|
755748|
755749|
755750|
755751|
755776|
755777|
755778|
755779|
755780|
755781|
755782|
755783|
755808|
755809|
755810|
755811|
755812|
755813|
755814|
755815|
755840|
755841|
755842|
755843|
755844|
755845|
755846|
755847|
755872|
755873|
755874|
755875|
755876|
755877|
755878|
755879|
755904|
755905|
755906|
755907|
755908|
755909|
755910|
755911|
755936|
755937|
755938|
755939|
755940|
755941|
755942|
755943|
755968|
755969|
755970|
755971|
755972|
755973|
755974|
755975|
756000|
