492001|
492002|
492003|
492004|
492005|
492006|
492007|
492032|
492033|
492034|
492035|
492036|
492037|
492038|
492039|
492064|
492065|
492066|
492067|
492068|
492069|
492070|
492071|
492096|
492097|
492098|
492099|
492100|
492101|
492102|
492103|
492128|
492129|
492130|
492131|
492132|
492133|
492134|
492135|
492160|
492161|
492162|
492163|
492164|
492165|
492166|
492167|
492192|
492193|
492194|
492195|
492196|
492197|
492198|
492199|
492224|
492225|
492226|
492227|
492228|
492229|
492230|
492231|
492256|
492257|
492258|
492259|
492260|
492261|
492262|
492263|
492288|
492289|
492290|
492291|
492292|
492293|
492294|
492295|
492320|
492321|
492322|
492323|
492324|
492325|
492326|
492327|
492352|
492353|
492354|
492355|
492356|
492357|
492358|
492359|
492384|
492385|
492386|
492387|
492388|
492389|
492390|
492391|
492416|
492417|
492418|
492419|
492420|
492421|
492422|
492423|
492448|
492449|
492450|
492451|
492452|
492453|
492454|
492455|
492480|
492481|
492482|
492483|
492484|
492485|
492486|
492487|
492512|
492513|
492514|
492515|
492516|
492517|
492518|
492519|
492544|
492545|
492546|
492547|
492548|
492549|
492550|
492551|
492576|
492577|
492578|
492579|
492580|
492581|
492582|
492583|
492608|
492609|
492610|
492611|
492612|
492613|
492614|
492615|
492640|
492641|
492642|
492643|
492644|
492645|
492646|
492647|
492672|
492673|
492674|
492675|
492676|
492677|
492678|
492679|
492704|
492705|
492706|
492707|
492708|
492709|
492710|
492711|
492736|
492737|
492738|
492739|
492740|
492741|
492742|
492743|
492768|
492769|
492770|
492771|
492772|
492773|
492774|
492775|
492800|
492801|
492802|
492803|
492804|
492805|
492806|
492807|
492832|
492833|
492834|
492835|
492836|
492837|
492838|
492839|
492864|
492865|
492866|
492867|
492868|
492869|
492870|
492871|
492896|
492897|
492898|
492899|
492900|
492901|
492902|
492903|
492928|
492929|
492930|
492931|
492932|
492933|
492934|
492935|
492960|
492961|
492962|
492963|
492964|
492965|
492966|
492967|
492992|
492993|
492994|
492995|
492996|
492997|
492998|
492999|
493024|
493025|
493026|
493027|
493028|
493029|
493030|
493031|
493056|
493057|
493058|
493059|
493060|
493061|
493062|
493063|
493088|
493089|
493090|
493091|
493092|
493093|
493094|
493095|
493120|
493121|
493122|
493123|
493124|
493125|
493126|
493127|
493152|
493153|
493154|
493155|
493156|
493157|
493158|
493159|
493184|
493185|
493186|
493187|
493188|
493189|
493190|
493191|
493216|
493217|
493218|
493219|
493220|
493221|
493222|
493223|
493248|
493249|
493250|
493251|
493252|
493253|
493254|
493255|
493280|
493281|
493282|
493283|
493284|
493285|
493286|
493287|
493312|
493313|
493314|
493315|
493316|
493317|
493318|
493319|
493344|
493345|
493346|
493347|
493348|
493349|
493350|
493351|
493376|
493377|
493378|
493379|
493380|
493381|
493382|
493383|
493408|
493409|
493410|
493411|
493412|
493413|
493414|
493415|
493440|
493441|
493442|
493443|
493444|
493445|
493446|
493447|
493472|
493473|
493474|
493475|
493476|
493477|
493478|
493479|
493504|
493505|
493506|
493507|
493508|
493509|
493510|
493511|
493536|
493537|
493538|
493539|
493540|
493541|
493542|
493543|
493568|
493569|
493570|
493571|
493572|
493573|
493574|
493575|
493600|
493601|
493602|
493603|
493604|
493605|
493606|
493607|
493632|
493633|
493634|
493635|
493636|
493637|
493638|
493639|
493664|
493665|
493666|
493667|
493668|
493669|
493670|
493671|
493696|
493697|
493698|
493699|
493700|
493701|
493702|
493703|
493728|
493729|
493730|
493731|
493732|
493733|
493734|
493735|
493760|
493761|
493762|
493763|
493764|
493765|
493766|
493767|
493792|
493793|
493794|
493795|
493796|
493797|
493798|
493799|
493824|
493825|
493826|
493827|
493828|
493829|
493830|
493831|
493856|
493857|
493858|
493859|
493860|
493861|
493862|
493863|
493888|
493889|
493890|
493891|
493892|
493893|
493894|
493895|
493920|
493921|
493922|
493923|
493924|
493925|
493926|
493927|
493952|
493953|
493954|
493955|
493956|
493957|
493958|
493959|
493984|
493985|
493986|
493987|
493988|
493989|
493990|
493991|
494016|
494017|
494018|
494019|
494020|
494021|
494022|
494023|
494048|
494049|
494050|
494051|
494052|
494053|
494054|
494055|
494080|
494081|
494082|
494083|
494084|
494085|
494086|
494087|
494112|
494113|
494114|
494115|
494116|
494117|
494118|
494119|
494144|
494145|
494146|
494147|
494148|
494149|
494150|
494151|
494176|
494177|
494178|
494179|
494180|
494181|
494182|
494183|
494208|
494209|
494210|
494211|
494212|
494213|
494214|
494215|
494240|
494241|
494242|
494243|
494244|
494245|
494246|
494247|
494272|
494273|
494274|
494275|
494276|
494277|
494278|
494279|
494304|
494305|
494306|
494307|
494308|
494309|
494310|
494311|
494336|
494337|
494338|
494339|
494340|
494341|
494342|
494343|
494368|
494369|
494370|
494371|
494372|
494373|
494374|
494375|
494400|
494401|
494402|
494403|
494404|
494405|
494406|
494407|
494432|
494433|
494434|
494435|
494436|
494437|
494438|
494439|
494464|
494465|
494466|
494467|
494468|
494469|
494470|
494471|
494496|
494497|
494498|
494499|
494500|
494501|
494502|
494503|
494528|
494529|
494530|
494531|
494532|
494533|
494534|
494535|
494560|
494561|
494562|
494563|
494564|
494565|
494566|
494567|
494592|
494593|
494594|
494595|
494596|
494597|
494598|
494599|
494624|
494625|
494626|
494627|
494628|
494629|
494630|
494631|
494656|
494657|
494658|
494659|
494660|
494661|
494662|
494663|
494688|
494689|
494690|
494691|
494692|
494693|
494694|
494695|
494720|
494721|
494722|
494723|
494724|
494725|
494726|
494727|
494752|
494753|
494754|
494755|
494756|
494757|
494758|
494759|
494784|
494785|
494786|
494787|
494788|
494789|
494790|
494791|
494816|
494817|
494818|
494819|
494820|
494821|
494822|
494823|
494848|
494849|
494850|
494851|
494852|
494853|
494854|
494855|
494880|
494881|
494882|
494883|
494884|
494885|
494886|
494887|
494912|
494913|
494914|
494915|
494916|
494917|
494918|
494919|
494944|
494945|
494946|
494947|
494948|
494949|
494950|
494951|
494976|
494977|
494978|
494979|
494980|
494981|
494982|
494983|
495008|
495009|
495010|
495011|
495012|
495013|
495014|
495015|
495040|
495041|
495042|
495043|
495044|
495045|
495046|
495047|
495072|
495073|
495074|
495075|
495076|
495077|
495078|
495079|
495104|
495105|
495106|
495107|
495108|
495109|
495110|
495111|
495136|
495137|
495138|
495139|
495140|
495141|
495142|
495143|
495168|
495169|
495170|
495171|
495172|
495173|
495174|
495175|
495200|
495201|
495202|
495203|
495204|
495205|
495206|
495207|
495232|
495233|
495234|
495235|
495236|
495237|
495238|
495239|
495264|
495265|
495266|
495267|
495268|
495269|
495270|
495271|
495296|
495297|
495298|
495299|
495300|
495301|
495302|
495303|
495328|
495329|
495330|
495331|
495332|
495333|
495334|
495335|
495360|
495361|
495362|
495363|
495364|
495365|
495366|
495367|
495392|
495393|
495394|
495395|
495396|
495397|
495398|
495399|
495424|
495425|
495426|
495427|
495428|
495429|
495430|
495431|
495456|
495457|
495458|
495459|
495460|
495461|
495462|
495463|
495488|
495489|
495490|
495491|
495492|
495493|
495494|
495495|
495520|
495521|
495522|
495523|
495524|
495525|
495526|
495527|
495552|
495553|
495554|
495555|
495556|
495557|
495558|
495559|
495584|
495585|
495586|
495587|
495588|
495589|
495590|
495591|
495616|
495617|
495618|
495619|
495620|
495621|
495622|
495623|
495648|
495649|
495650|
495651|
495652|
495653|
495654|
495655|
495680|
495681|
495682|
495683|
495684|
495685|
495686|
495687|
495712|
495713|
495714|
495715|
495716|
495717|
495718|
495719|
495744|
495745|
495746|
495747|
495748|
495749|
495750|
495751|
495776|
495777|
495778|
495779|
495780|
495781|
495782|
495783|
495808|
495809|
495810|
495811|
495812|
495813|
495814|
495815|
495840|
495841|
495842|
495843|
495844|
495845|
495846|
495847|
495872|
495873|
495874|
495875|
495876|
495877|
495878|
495879|
495904|
495905|
495906|
495907|
495908|
495909|
495910|
495911|
495936|
495937|
495938|
495939|
495940|
495941|
495942|
495943|
495968|
495969|
495970|
495971|
495972|
495973|
495974|
495975|
496000|
496001|
496002|
496003|
496004|
496005|
496006|
496007|
496032|
496033|
496034|
496035|
496036|
496037|
496038|
496039|
496064|
496065|
496066|
496067|
496068|
496069|
496070|
496071|
496096|
496097|
496098|
496099|
496100|
496101|
496102|
496103|
496128|
496129|
496130|
496131|
496132|
496133|
496134|
496135|
496160|
496161|
496162|
496163|
496164|
496165|
496166|
496167|
496192|
496193|
496194|
496195|
496196|
496197|
496198|
496199|
496224|
496225|
496226|
496227|
496228|
496229|
496230|
496231|
496256|
496257|
496258|
496259|
496260|
496261|
496262|
496263|
496288|
496289|
496290|
496291|
496292|
496293|
496294|
496295|
496320|
496321|
496322|
496323|
496324|
496325|
496326|
496327|
496352|
496353|
496354|
496355|
496356|
496357|
496358|
496359|
496384|
496385|
496386|
496387|
496388|
496389|
496390|
496391|
496416|
496417|
496418|
496419|
496420|
496421|
496422|
496423|
496448|
496449|
496450|
496451|
496452|
496453|
496454|
496455|
496480|
496481|
496482|
496483|
496484|
496485|
496486|
496487|
496512|
496513|
496514|
496515|
496516|
496517|
496518|
496519|
496544|
496545|
496546|
496547|
496548|
496549|
496550|
496551|
496576|
496577|
496578|
496579|
496580|
496581|
496582|
496583|
496608|
496609|
496610|
496611|
496612|
496613|
496614|
496615|
496640|
496641|
496642|
496643|
496644|
496645|
496646|
496647|
496672|
496673|
496674|
496675|
496676|
496677|
496678|
496679|
496704|
496705|
496706|
496707|
496708|
496709|
496710|
496711|
496736|
496737|
496738|
496739|
496740|
496741|
496742|
496743|
496768|
496769|
496770|
496771|
496772|
496773|
496774|
496775|
496800|
496801|
496802|
496803|
496804|
496805|
496806|
496807|
496832|
496833|
496834|
496835|
496836|
496837|
496838|
496839|
496864|
496865|
496866|
496867|
496868|
496869|
496870|
496871|
496896|
496897|
496898|
496899|
496900|
496901|
496902|
496903|
496928|
496929|
496930|
496931|
496932|
496933|
496934|
496935|
496960|
496961|
496962|
496963|
496964|
496965|
496966|
496967|
496992|
496993|
496994|
496995|
496996|
496997|
496998|
496999|
497024|
497025|
497026|
497027|
497028|
497029|
497030|
497031|
497056|
497057|
497058|
497059|
497060|
497061|
497062|
497063|
497088|
497089|
497090|
497091|
497092|
497093|
497094|
497095|
497120|
497121|
497122|
497123|
497124|
497125|
497126|
497127|
497152|
497153|
497154|
497155|
497156|
497157|
497158|
497159|
497184|
497185|
497186|
497187|
497188|
497189|
497190|
497191|
497216|
497217|
497218|
497219|
497220|
497221|
497222|
497223|
497248|
497249|
497250|
497251|
497252|
497253|
497254|
497255|
497280|
497281|
497282|
497283|
497284|
497285|
497286|
497287|
497312|
497313|
497314|
497315|
497316|
497317|
497318|
497319|
497344|
497345|
497346|
497347|
497348|
497349|
497350|
497351|
497376|
497377|
497378|
497379|
497380|
497381|
497382|
497383|
497408|
497409|
497410|
497411|
497412|
497413|
497414|
497415|
497440|
497441|
497442|
497443|
497444|
497445|
497446|
497447|
497472|
497473|
497474|
497475|
497476|
497477|
497478|
497479|
497504|
497505|
497506|
497507|
497508|
497509|
497510|
497511|
497536|
497537|
497538|
497539|
497540|
497541|
497542|
497543|
497568|
497569|
497570|
497571|
497572|
497573|
497574|
497575|
497600|
497601|
497602|
497603|
497604|
497605|
497606|
497607|
497632|
497633|
497634|
497635|
497636|
497637|
497638|
497639|
497664|
497665|
497666|
497667|
497668|
497669|
497670|
497671|
497696|
497697|
497698|
497699|
497700|
497701|
497702|
497703|
497728|
497729|
497730|
497731|
497732|
497733|
497734|
497735|
497760|
497761|
497762|
497763|
497764|
497765|
497766|
497767|
497792|
497793|
497794|
497795|
497796|
497797|
497798|
497799|
497824|
497825|
497826|
497827|
497828|
497829|
497830|
497831|
497856|
497857|
497858|
497859|
497860|
497861|
497862|
497863|
497888|
497889|
497890|
497891|
497892|
497893|
497894|
497895|
497920|
497921|
497922|
497923|
497924|
497925|
497926|
497927|
497952|
497953|
497954|
497955|
497956|
497957|
497958|
497959|
497984|
497985|
497986|
497987|
497988|
