1320001|
1320002|
1320003|
1320004|
1320005|
1320006|
1320007|
1320032|
1320033|
1320034|
1320035|
1320036|
1320037|
1320038|
1320039|
1320064|
1320065|
1320066|
1320067|
1320068|
1320069|
1320070|
1320071|
1320096|
1320097|
1320098|
1320099|
1320100|
1320101|
1320102|
1320103|
1320128|
1320129|
1320130|
1320131|
1320132|
1320133|
1320134|
1320135|
1320160|
1320161|
1320162|
1320163|
1320164|
1320165|
1320166|
1320167|
1320192|
1320193|
1320194|
1320195|
1320196|
1320197|
1320198|
1320199|
1320224|
1320225|
1320226|
1320227|
1320228|
1320229|
1320230|
1320231|
1320256|
1320257|
1320258|
1320259|
1320260|
1320261|
1320262|
1320263|
1320288|
1320289|
1320290|
1320291|
1320292|
1320293|
1320294|
1320295|
1320320|
1320321|
1320322|
1320323|
1320324|
1320325|
1320326|
1320327|
1320352|
1320353|
1320354|
1320355|
1320356|
1320357|
1320358|
1320359|
1320384|
1320385|
1320386|
1320387|
1320388|
1320389|
1320390|
1320391|
1320416|
1320417|
1320418|
1320419|
1320420|
1320421|
1320422|
1320423|
1320448|
1320449|
1320450|
1320451|
1320452|
1320453|
1320454|
1320455|
1320480|
1320481|
1320482|
1320483|
1320484|
1320485|
1320486|
1320487|
1320512|
1320513|
1320514|
1320515|
1320516|
1320517|
1320518|
1320519|
1320544|
1320545|
1320546|
1320547|
1320548|
1320549|
1320550|
1320551|
1320576|
1320577|
1320578|
1320579|
1320580|
1320581|
1320582|
1320583|
1320608|
1320609|
1320610|
1320611|
1320612|
1320613|
1320614|
1320615|
1320640|
1320641|
1320642|
1320643|
1320644|
1320645|
1320646|
1320647|
1320672|
1320673|
1320674|
1320675|
1320676|
1320677|
1320678|
1320679|
1320704|
1320705|
1320706|
1320707|
1320708|
1320709|
1320710|
1320711|
1320736|
1320737|
1320738|
1320739|
1320740|
1320741|
1320742|
1320743|
1320768|
1320769|
1320770|
1320771|
1320772|
1320773|
1320774|
1320775|
1320800|
1320801|
1320802|
1320803|
1320804|
1320805|
1320806|
1320807|
1320832|
1320833|
1320834|
1320835|
1320836|
1320837|
1320838|
1320839|
1320864|
1320865|
1320866|
1320867|
1320868|
1320869|
1320870|
1320871|
1320896|
1320897|
1320898|
1320899|
1320900|
1320901|
1320902|
1320903|
1320928|
1320929|
1320930|
1320931|
1320932|
1320933|
1320934|
1320935|
1320960|
1320961|
1320962|
1320963|
1320964|
1320965|
1320966|
1320967|
1320992|
1320993|
1320994|
1320995|
1320996|
1320997|
1320998|
1320999|
1321024|
1321025|
1321026|
1321027|
1321028|
1321029|
1321030|
1321031|
1321056|
1321057|
1321058|
1321059|
1321060|
1321061|
1321062|
1321063|
1321088|
1321089|
1321090|
1321091|
1321092|
1321093|
1321094|
1321095|
1321120|
1321121|
1321122|
1321123|
1321124|
1321125|
1321126|
1321127|
1321152|
1321153|
1321154|
1321155|
1321156|
1321157|
1321158|
1321159|
1321184|
1321185|
1321186|
1321187|
1321188|
1321189|
1321190|
1321191|
1321216|
1321217|
1321218|
1321219|
1321220|
1321221|
1321222|
1321223|
1321248|
1321249|
1321250|
1321251|
1321252|
1321253|
1321254|
1321255|
1321280|
1321281|
1321282|
1321283|
1321284|
1321285|
1321286|
1321287|
1321312|
1321313|
1321314|
1321315|
1321316|
1321317|
1321318|
1321319|
1321344|
1321345|
1321346|
1321347|
1321348|
1321349|
1321350|
1321351|
1321376|
1321377|
1321378|
1321379|
1321380|
1321381|
1321382|
1321383|
1321408|
1321409|
1321410|
1321411|
1321412|
1321413|
1321414|
1321415|
1321440|
1321441|
1321442|
1321443|
1321444|
1321445|
1321446|
1321447|
1321472|
1321473|
1321474|
1321475|
1321476|
1321477|
1321478|
1321479|
1321504|
1321505|
1321506|
1321507|
1321508|
1321509|
1321510|
1321511|
1321536|
1321537|
1321538|
1321539|
1321540|
1321541|
1321542|
1321543|
1321568|
1321569|
1321570|
1321571|
1321572|
1321573|
1321574|
1321575|
1321600|
1321601|
1321602|
1321603|
1321604|
1321605|
1321606|
1321607|
1321632|
1321633|
1321634|
1321635|
1321636|
1321637|
1321638|
1321639|
1321664|
1321665|
1321666|
1321667|
1321668|
1321669|
1321670|
1321671|
1321696|
1321697|
1321698|
1321699|
1321700|
1321701|
1321702|
1321703|
1321728|
1321729|
1321730|
1321731|
1321732|
1321733|
1321734|
1321735|
1321760|
1321761|
1321762|
1321763|
1321764|
1321765|
1321766|
1321767|
1321792|
1321793|
1321794|
1321795|
1321796|
1321797|
1321798|
1321799|
1321824|
1321825|
1321826|
1321827|
1321828|
1321829|
1321830|
1321831|
1321856|
1321857|
1321858|
1321859|
1321860|
1321861|
1321862|
1321863|
1321888|
1321889|
1321890|
1321891|
1321892|
1321893|
1321894|
1321895|
1321920|
1321921|
1321922|
1321923|
1321924|
1321925|
1321926|
1321927|
1321952|
1321953|
1321954|
1321955|
1321956|
1321957|
1321958|
1321959|
1321984|
1321985|
1321986|
1321987|
1321988|
1321989|
1321990|
1321991|
1322016|
1322017|
1322018|
1322019|
1322020|
1322021|
1322022|
1322023|
1322048|
1322049|
1322050|
1322051|
1322052|
1322053|
1322054|
1322055|
1322080|
1322081|
1322082|
1322083|
1322084|
1322085|
1322086|
1322087|
1322112|
1322113|
1322114|
1322115|
1322116|
1322117|
1322118|
1322119|
1322144|
1322145|
1322146|
1322147|
1322148|
1322149|
1322150|
1322151|
1322176|
1322177|
1322178|
1322179|
1322180|
1322181|
1322182|
1322183|
1322208|
1322209|
1322210|
1322211|
1322212|
1322213|
1322214|
1322215|
1322240|
1322241|
1322242|
1322243|
1322244|
1322245|
1322246|
1322247|
1322272|
1322273|
1322274|
1322275|
1322276|
1322277|
1322278|
1322279|
1322304|
1322305|
1322306|
1322307|
1322308|
1322309|
1322310|
1322311|
1322336|
1322337|
1322338|
1322339|
1322340|
1322341|
1322342|
1322343|
1322368|
1322369|
1322370|
1322371|
1322372|
1322373|
1322374|
1322375|
1322400|
1322401|
1322402|
1322403|
1322404|
1322405|
1322406|
1322407|
1322432|
1322433|
1322434|
1322435|
1322436|
1322437|
1322438|
1322439|
1322464|
1322465|
1322466|
1322467|
1322468|
1322469|
1322470|
1322471|
1322496|
1322497|
1322498|
1322499|
1322500|
1322501|
1322502|
1322503|
1322528|
1322529|
1322530|
1322531|
1322532|
1322533|
1322534|
1322535|
1322560|
1322561|
1322562|
1322563|
1322564|
1322565|
1322566|
1322567|
1322592|
1322593|
1322594|
1322595|
1322596|
1322597|
1322598|
1322599|
1322624|
1322625|
1322626|
1322627|
1322628|
1322629|
1322630|
1322631|
1322656|
1322657|
1322658|
1322659|
1322660|
1322661|
1322662|
1322663|
1322688|
1322689|
1322690|
1322691|
1322692|
1322693|
1322694|
1322695|
1322720|
1322721|
1322722|
1322723|
1322724|
1322725|
1322726|
1322727|
1322752|
1322753|
1322754|
1322755|
1322756|
1322757|
1322758|
1322759|
1322784|
1322785|
1322786|
1322787|
1322788|
1322789|
1322790|
1322791|
1322816|
1322817|
1322818|
1322819|
1322820|
1322821|
1322822|
1322823|
1322848|
1322849|
1322850|
1322851|
1322852|
1322853|
1322854|
1322855|
1322880|
1322881|
1322882|
1322883|
1322884|
1322885|
1322886|
1322887|
1322912|
1322913|
1322914|
1322915|
1322916|
1322917|
1322918|
1322919|
1322944|
1322945|
1322946|
1322947|
1322948|
1322949|
1322950|
1322951|
1322976|
1322977|
1322978|
1322979|
1322980|
1322981|
1322982|
1322983|
1323008|
1323009|
1323010|
1323011|
1323012|
1323013|
1323014|
1323015|
1323040|
1323041|
1323042|
1323043|
1323044|
1323045|
1323046|
1323047|
1323072|
1323073|
1323074|
1323075|
1323076|
1323077|
1323078|
1323079|
1323104|
1323105|
1323106|
1323107|
1323108|
1323109|
1323110|
1323111|
1323136|
1323137|
1323138|
1323139|
1323140|
1323141|
1323142|
1323143|
1323168|
1323169|
1323170|
1323171|
1323172|
1323173|
1323174|
1323175|
1323200|
1323201|
1323202|
1323203|
1323204|
1323205|
1323206|
1323207|
1323232|
1323233|
1323234|
1323235|
1323236|
1323237|
1323238|
1323239|
1323264|
1323265|
1323266|
1323267|
1323268|
1323269|
1323270|
1323271|
1323296|
1323297|
1323298|
1323299|
1323300|
1323301|
1323302|
1323303|
1323328|
1323329|
1323330|
1323331|
1323332|
1323333|
1323334|
1323335|
1323360|
1323361|
1323362|
1323363|
1323364|
1323365|
1323366|
1323367|
1323392|
1323393|
1323394|
1323395|
1323396|
1323397|
1323398|
1323399|
1323424|
1323425|
1323426|
1323427|
1323428|
1323429|
1323430|
1323431|
1323456|
1323457|
1323458|
1323459|
1323460|
1323461|
1323462|
1323463|
1323488|
1323489|
1323490|
1323491|
1323492|
1323493|
1323494|
1323495|
1323520|
1323521|
1323522|
1323523|
1323524|
1323525|
1323526|
1323527|
1323552|
1323553|
1323554|
1323555|
1323556|
1323557|
1323558|
1323559|
1323584|
1323585|
1323586|
1323587|
1323588|
1323589|
1323590|
1323591|
1323616|
1323617|
1323618|
1323619|
1323620|
1323621|
1323622|
1323623|
1323648|
1323649|
1323650|
1323651|
1323652|
1323653|
1323654|
1323655|
1323680|
1323681|
1323682|
1323683|
1323684|
1323685|
1323686|
1323687|
1323712|
1323713|
1323714|
1323715|
1323716|
1323717|
1323718|
1323719|
1323744|
1323745|
1323746|
1323747|
1323748|
1323749|
1323750|
1323751|
1323776|
1323777|
1323778|
1323779|
1323780|
1323781|
1323782|
1323783|
1323808|
1323809|
1323810|
1323811|
1323812|
1323813|
1323814|
1323815|
1323840|
1323841|
1323842|
1323843|
1323844|
1323845|
1323846|
1323847|
1323872|
1323873|
1323874|
1323875|
1323876|
1323877|
1323878|
1323879|
1323904|
1323905|
1323906|
1323907|
1323908|
1323909|
1323910|
1323911|
1323936|
1323937|
1323938|
1323939|
1323940|
1323941|
1323942|
1323943|
1323968|
1323969|
1323970|
1323971|
1323972|
1323973|
1323974|
1323975|
1324000|
1324001|
1324002|
1324003|
1324004|
1324005|
1324006|
1324007|
1324032|
1324033|
1324034|
1324035|
1324036|
1324037|
1324038|
1324039|
1324064|
1324065|
1324066|
1324067|
1324068|
1324069|
1324070|
1324071|
1324096|
1324097|
1324098|
1324099|
1324100|
1324101|
1324102|
1324103|
1324128|
1324129|
1324130|
1324131|
1324132|
1324133|
1324134|
1324135|
1324160|
1324161|
1324162|
1324163|
1324164|
1324165|
1324166|
1324167|
1324192|
1324193|
1324194|
1324195|
1324196|
1324197|
1324198|
1324199|
1324224|
1324225|
1324226|
1324227|
1324228|
1324229|
1324230|
1324231|
1324256|
1324257|
1324258|
1324259|
1324260|
1324261|
1324262|
1324263|
1324288|
1324289|
1324290|
1324291|
1324292|
1324293|
1324294|
1324295|
1324320|
1324321|
1324322|
1324323|
1324324|
1324325|
1324326|
1324327|
1324352|
1324353|
1324354|
1324355|
1324356|
1324357|
1324358|
1324359|
1324384|
1324385|
1324386|
1324387|
1324388|
1324389|
1324390|
1324391|
1324416|
1324417|
1324418|
1324419|
1324420|
1324421|
1324422|
1324423|
1324448|
1324449|
1324450|
1324451|
1324452|
1324453|
1324454|
1324455|
1324480|
1324481|
1324482|
1324483|
1324484|
1324485|
1324486|
1324487|
1324512|
1324513|
1324514|
1324515|
1324516|
1324517|
1324518|
1324519|
1324544|
1324545|
1324546|
1324547|
1324548|
1324549|
1324550|
1324551|
1324576|
1324577|
1324578|
1324579|
1324580|
1324581|
1324582|
1324583|
1324608|
1324609|
1324610|
1324611|
1324612|
1324613|
1324614|
1324615|
1324640|
1324641|
1324642|
1324643|
1324644|
1324645|
1324646|
1324647|
1324672|
1324673|
1324674|
1324675|
1324676|
1324677|
1324678|
1324679|
1324704|
1324705|
1324706|
1324707|
1324708|
1324709|
1324710|
1324711|
1324736|
1324737|
1324738|
1324739|
1324740|
1324741|
1324742|
1324743|
1324768|
1324769|
1324770|
1324771|
1324772|
1324773|
1324774|
1324775|
1324800|
1324801|
1324802|
1324803|
1324804|
1324805|
1324806|
1324807|
1324832|
1324833|
1324834|
1324835|
1324836|
1324837|
1324838|
1324839|
1324864|
1324865|
1324866|
1324867|
1324868|
1324869|
1324870|
1324871|
1324896|
1324897|
1324898|
1324899|
1324900|
1324901|
1324902|
1324903|
1324928|
1324929|
1324930|
1324931|
1324932|
1324933|
1324934|
1324935|
1324960|
1324961|
1324962|
1324963|
1324964|
1324965|
1324966|
1324967|
1324992|
1324993|
1324994|
1324995|
1324996|
1324997|
1324998|
1324999|
1325024|
1325025|
1325026|
1325027|
1325028|
1325029|
1325030|
1325031|
1325056|
1325057|
1325058|
1325059|
1325060|
1325061|
1325062|
1325063|
1325088|
1325089|
1325090|
1325091|
1325092|
1325093|
1325094|
1325095|
1325120|
1325121|
1325122|
1325123|
1325124|
1325125|
1325126|
1325127|
1325152|
1325153|
1325154|
1325155|
1325156|
1325157|
1325158|
1325159|
1325184|
1325185|
1325186|
1325187|
1325188|
1325189|
1325190|
1325191|
1325216|
1325217|
1325218|
1325219|
1325220|
1325221|
1325222|
1325223|
1325248|
1325249|
1325250|
1325251|
1325252|
1325253|
1325254|
1325255|
1325280|
1325281|
1325282|
1325283|
1325284|
1325285|
1325286|
1325287|
1325312|
1325313|
1325314|
1325315|
1325316|
1325317|
1325318|
1325319|
1325344|
1325345|
1325346|
1325347|
1325348|
1325349|
1325350|
1325351|
1325376|
1325377|
1325378|
1325379|
1325380|
1325381|
1325382|
1325383|
1325408|
1325409|
1325410|
1325411|
1325412|
1325413|
1325414|
1325415|
1325440|
1325441|
1325442|
1325443|
1325444|
1325445|
1325446|
1325447|
1325472|
1325473|
1325474|
1325475|
1325476|
1325477|
1325478|
1325479|
1325504|
1325505|
1325506|
1325507|
1325508|
1325509|
1325510|
1325511|
1325536|
1325537|
1325538|
1325539|
1325540|
1325541|
1325542|
1325543|
1325568|
1325569|
1325570|
1325571|
1325572|
1325573|
1325574|
1325575|
1325600|
1325601|
1325602|
1325603|
1325604|
1325605|
1325606|
1325607|
1325632|
1325633|
1325634|
1325635|
1325636|
1325637|
1325638|
1325639|
1325664|
1325665|
1325666|
1325667|
1325668|
1325669|
1325670|
1325671|
1325696|
1325697|
1325698|
1325699|
1325700|
1325701|
1325702|
1325703|
1325728|
1325729|
1325730|
1325731|
1325732|
1325733|
1325734|
1325735|
1325760|
1325761|
1325762|
1325763|
1325764|
1325765|
1325766|
1325767|
1325792|
1325793|
1325794|
1325795|
1325796|
1325797|
1325798|
1325799|
1325824|
1325825|
1325826|
1325827|
1325828|
1325829|
1325830|
1325831|
1325856|
1325857|
1325858|
1325859|
1325860|
1325861|
1325862|
1325863|
1325888|
1325889|
1325890|
1325891|
1325892|
1325893|
1325894|
1325895|
1325920|
1325921|
1325922|
1325923|
1325924|
1325925|
1325926|
1325927|
1325952|
1325953|
1325954|
1325955|
1325956|
1325957|
1325958|
1325959|
1325984|
1325985|
1325986|
1325987|
1325988|
