1385989|
1385990|
1385991|
1386016|
1386017|
1386018|
1386019|
1386020|
1386021|
1386022|
1386023|
1386048|
1386049|
1386050|
1386051|
1386052|
1386053|
1386054|
1386055|
1386080|
1386081|
1386082|
1386083|
1386084|
1386085|
1386086|
1386087|
1386112|
1386113|
1386114|
1386115|
1386116|
1386117|
1386118|
1386119|
1386144|
1386145|
1386146|
1386147|
1386148|
1386149|
1386150|
1386151|
1386176|
1386177|
1386178|
1386179|
1386180|
1386181|
1386182|
1386183|
1386208|
1386209|
1386210|
1386211|
1386212|
1386213|
1386214|
1386215|
1386240|
1386241|
1386242|
1386243|
1386244|
1386245|
1386246|
1386247|
1386272|
1386273|
1386274|
1386275|
1386276|
1386277|
1386278|
1386279|
1386304|
1386305|
1386306|
1386307|
1386308|
1386309|
1386310|
1386311|
1386336|
1386337|
1386338|
1386339|
1386340|
1386341|
1386342|
1386343|
1386368|
1386369|
1386370|
1386371|
1386372|
1386373|
1386374|
1386375|
1386400|
1386401|
1386402|
1386403|
1386404|
1386405|
1386406|
1386407|
1386432|
1386433|
1386434|
1386435|
1386436|
1386437|
1386438|
1386439|
1386464|
1386465|
1386466|
1386467|
1386468|
1386469|
1386470|
1386471|
1386496|
1386497|
1386498|
1386499|
1386500|
1386501|
1386502|
1386503|
1386528|
1386529|
1386530|
1386531|
1386532|
1386533|
1386534|
1386535|
1386560|
1386561|
1386562|
1386563|
1386564|
1386565|
1386566|
1386567|
1386592|
1386593|
1386594|
1386595|
1386596|
1386597|
1386598|
1386599|
1386624|
1386625|
1386626|
1386627|
1386628|
1386629|
1386630|
1386631|
1386656|
1386657|
1386658|
1386659|
1386660|
1386661|
1386662|
1386663|
1386688|
1386689|
1386690|
1386691|
1386692|
1386693|
1386694|
1386695|
1386720|
1386721|
1386722|
1386723|
1386724|
1386725|
1386726|
1386727|
1386752|
1386753|
1386754|
1386755|
1386756|
1386757|
1386758|
1386759|
1386784|
1386785|
1386786|
1386787|
1386788|
1386789|
1386790|
1386791|
1386816|
1386817|
1386818|
1386819|
1386820|
1386821|
1386822|
1386823|
1386848|
1386849|
1386850|
1386851|
1386852|
1386853|
1386854|
1386855|
1386880|
1386881|
1386882|
1386883|
1386884|
1386885|
1386886|
1386887|
1386912|
1386913|
1386914|
1386915|
1386916|
1386917|
1386918|
1386919|
1386944|
1386945|
1386946|
1386947|
1386948|
1386949|
1386950|
1386951|
1386976|
1386977|
1386978|
1386979|
1386980|
1386981|
1386982|
1386983|
1387008|
1387009|
1387010|
1387011|
1387012|
1387013|
1387014|
1387015|
1387040|
1387041|
1387042|
1387043|
1387044|
1387045|
1387046|
1387047|
1387072|
1387073|
1387074|
1387075|
1387076|
1387077|
1387078|
1387079|
1387104|
1387105|
1387106|
1387107|
1387108|
1387109|
1387110|
1387111|
1387136|
1387137|
1387138|
1387139|
1387140|
1387141|
1387142|
1387143|
1387168|
1387169|
1387170|
1387171|
1387172|
1387173|
1387174|
1387175|
1387200|
1387201|
1387202|
1387203|
1387204|
1387205|
1387206|
1387207|
1387232|
1387233|
1387234|
1387235|
1387236|
1387237|
1387238|
1387239|
1387264|
1387265|
1387266|
1387267|
1387268|
1387269|
1387270|
1387271|
1387296|
1387297|
1387298|
1387299|
1387300|
1387301|
1387302|
1387303|
1387328|
1387329|
1387330|
1387331|
1387332|
1387333|
1387334|
1387335|
1387360|
1387361|
1387362|
1387363|
1387364|
1387365|
1387366|
1387367|
1387392|
1387393|
1387394|
1387395|
1387396|
1387397|
1387398|
1387399|
1387424|
1387425|
1387426|
1387427|
1387428|
1387429|
1387430|
1387431|
1387456|
1387457|
1387458|
1387459|
1387460|
1387461|
1387462|
1387463|
1387488|
1387489|
1387490|
1387491|
1387492|
1387493|
1387494|
1387495|
1387520|
1387521|
1387522|
1387523|
1387524|
1387525|
1387526|
1387527|
1387552|
1387553|
1387554|
1387555|
1387556|
1387557|
1387558|
1387559|
1387584|
1387585|
1387586|
1387587|
1387588|
1387589|
1387590|
1387591|
1387616|
1387617|
1387618|
1387619|
1387620|
1387621|
1387622|
1387623|
1387648|
1387649|
1387650|
1387651|
1387652|
1387653|
1387654|
1387655|
1387680|
1387681|
1387682|
1387683|
1387684|
1387685|
1387686|
1387687|
1387712|
1387713|
1387714|
1387715|
1387716|
1387717|
1387718|
1387719|
1387744|
1387745|
1387746|
1387747|
1387748|
1387749|
1387750|
1387751|
1387776|
1387777|
1387778|
1387779|
1387780|
1387781|
1387782|
1387783|
1387808|
1387809|
1387810|
1387811|
1387812|
1387813|
1387814|
1387815|
1387840|
1387841|
1387842|
1387843|
1387844|
1387845|
1387846|
1387847|
1387872|
1387873|
1387874|
1387875|
1387876|
1387877|
1387878|
1387879|
1387904|
1387905|
1387906|
1387907|
1387908|
1387909|
1387910|
1387911|
1387936|
1387937|
1387938|
1387939|
1387940|
1387941|
1387942|
1387943|
1387968|
1387969|
1387970|
1387971|
1387972|
1387973|
1387974|
1387975|
1388000|
1388001|
1388002|
1388003|
1388004|
1388005|
1388006|
1388007|
1388032|
1388033|
1388034|
1388035|
1388036|
1388037|
1388038|
1388039|
1388064|
1388065|
1388066|
1388067|
1388068|
1388069|
1388070|
1388071|
1388096|
1388097|
1388098|
1388099|
1388100|
1388101|
1388102|
1388103|
1388128|
1388129|
1388130|
1388131|
1388132|
1388133|
1388134|
1388135|
1388160|
1388161|
1388162|
1388163|
1388164|
1388165|
1388166|
1388167|
1388192|
1388193|
1388194|
1388195|
1388196|
1388197|
1388198|
1388199|
1388224|
1388225|
1388226|
1388227|
1388228|
1388229|
1388230|
1388231|
1388256|
1388257|
1388258|
1388259|
1388260|
1388261|
1388262|
1388263|
1388288|
1388289|
1388290|
1388291|
1388292|
1388293|
1388294|
1388295|
1388320|
1388321|
1388322|
1388323|
1388324|
1388325|
1388326|
1388327|
1388352|
1388353|
1388354|
1388355|
1388356|
1388357|
1388358|
1388359|
1388384|
1388385|
1388386|
1388387|
1388388|
1388389|
1388390|
1388391|
1388416|
1388417|
1388418|
1388419|
1388420|
1388421|
1388422|
1388423|
1388448|
1388449|
1388450|
1388451|
1388452|
1388453|
1388454|
1388455|
1388480|
1388481|
1388482|
1388483|
1388484|
1388485|
1388486|
1388487|
1388512|
1388513|
1388514|
1388515|
1388516|
1388517|
1388518|
1388519|
1388544|
1388545|
1388546|
1388547|
1388548|
1388549|
1388550|
1388551|
1388576|
1388577|
1388578|
1388579|
1388580|
1388581|
1388582|
1388583|
1388608|
1388609|
1388610|
1388611|
1388612|
1388613|
1388614|
1388615|
1388640|
1388641|
1388642|
1388643|
1388644|
1388645|
1388646|
1388647|
1388672|
1388673|
1388674|
1388675|
1388676|
1388677|
1388678|
1388679|
1388704|
1388705|
1388706|
1388707|
1388708|
1388709|
1388710|
1388711|
1388736|
1388737|
1388738|
1388739|
1388740|
1388741|
1388742|
1388743|
1388768|
1388769|
1388770|
1388771|
1388772|
1388773|
1388774|
1388775|
1388800|
1388801|
1388802|
1388803|
1388804|
1388805|
1388806|
1388807|
1388832|
1388833|
1388834|
1388835|
1388836|
1388837|
1388838|
1388839|
1388864|
1388865|
1388866|
1388867|
1388868|
1388869|
1388870|
1388871|
1388896|
1388897|
1388898|
1388899|
1388900|
1388901|
1388902|
1388903|
1388928|
1388929|
1388930|
1388931|
1388932|
1388933|
1388934|
1388935|
1388960|
1388961|
1388962|
1388963|
1388964|
1388965|
1388966|
1388967|
1388992|
1388993|
1388994|
1388995|
1388996|
1388997|
1388998|
1388999|
1389024|
1389025|
1389026|
1389027|
1389028|
1389029|
1389030|
1389031|
1389056|
1389057|
1389058|
1389059|
1389060|
1389061|
1389062|
1389063|
1389088|
1389089|
1389090|
1389091|
1389092|
1389093|
1389094|
1389095|
1389120|
1389121|
1389122|
1389123|
1389124|
1389125|
1389126|
1389127|
1389152|
1389153|
1389154|
1389155|
1389156|
1389157|
1389158|
1389159|
1389184|
1389185|
1389186|
1389187|
1389188|
1389189|
1389190|
1389191|
1389216|
1389217|
1389218|
1389219|
1389220|
1389221|
1389222|
1389223|
1389248|
1389249|
1389250|
1389251|
1389252|
1389253|
1389254|
1389255|
1389280|
1389281|
1389282|
1389283|
1389284|
1389285|
1389286|
1389287|
1389312|
1389313|
1389314|
1389315|
1389316|
1389317|
1389318|
1389319|
1389344|
1389345|
1389346|
1389347|
1389348|
1389349|
1389350|
1389351|
1389376|
1389377|
1389378|
1389379|
1389380|
1389381|
1389382|
1389383|
1389408|
1389409|
1389410|
1389411|
1389412|
1389413|
1389414|
1389415|
1389440|
1389441|
1389442|
1389443|
1389444|
1389445|
1389446|
1389447|
1389472|
1389473|
1389474|
1389475|
1389476|
1389477|
1389478|
1389479|
1389504|
1389505|
1389506|
1389507|
1389508|
1389509|
1389510|
1389511|
1389536|
1389537|
1389538|
1389539|
1389540|
1389541|
1389542|
1389543|
1389568|
1389569|
1389570|
1389571|
1389572|
1389573|
1389574|
1389575|
1389600|
1389601|
1389602|
1389603|
1389604|
1389605|
1389606|
1389607|
1389632|
1389633|
1389634|
1389635|
1389636|
1389637|
1389638|
1389639|
1389664|
1389665|
1389666|
1389667|
1389668|
1389669|
1389670|
1389671|
1389696|
1389697|
1389698|
1389699|
1389700|
1389701|
1389702|
1389703|
1389728|
1389729|
1389730|
1389731|
1389732|
1389733|
1389734|
1389735|
1389760|
1389761|
1389762|
1389763|
1389764|
1389765|
1389766|
1389767|
1389792|
1389793|
1389794|
1389795|
1389796|
1389797|
1389798|
1389799|
1389824|
1389825|
1389826|
1389827|
1389828|
1389829|
1389830|
1389831|
1389856|
1389857|
1389858|
1389859|
1389860|
1389861|
1389862|
1389863|
1389888|
1389889|
1389890|
1389891|
1389892|
1389893|
1389894|
1389895|
1389920|
1389921|
1389922|
1389923|
1389924|
1389925|
1389926|
1389927|
1389952|
1389953|
1389954|
1389955|
1389956|
1389957|
1389958|
1389959|
1389984|
1389985|
1389986|
1389987|
1389988|
1389989|
1389990|
1389991|
1390016|
1390017|
1390018|
1390019|
1390020|
1390021|
1390022|
1390023|
1390048|
1390049|
1390050|
1390051|
1390052|
1390053|
1390054|
1390055|
1390080|
1390081|
1390082|
1390083|
1390084|
1390085|
1390086|
1390087|
1390112|
1390113|
1390114|
1390115|
1390116|
1390117|
1390118|
1390119|
1390144|
1390145|
1390146|
1390147|
1390148|
1390149|
1390150|
1390151|
1390176|
1390177|
1390178|
1390179|
1390180|
1390181|
1390182|
1390183|
1390208|
1390209|
1390210|
1390211|
1390212|
1390213|
1390214|
1390215|
1390240|
1390241|
1390242|
1390243|
1390244|
1390245|
1390246|
1390247|
1390272|
1390273|
1390274|
1390275|
1390276|
1390277|
1390278|
1390279|
1390304|
1390305|
1390306|
1390307|
1390308|
1390309|
1390310|
1390311|
1390336|
1390337|
1390338|
1390339|
1390340|
1390341|
1390342|
1390343|
1390368|
1390369|
1390370|
1390371|
1390372|
1390373|
1390374|
1390375|
1390400|
1390401|
1390402|
1390403|
1390404|
1390405|
1390406|
1390407|
1390432|
1390433|
1390434|
1390435|
1390436|
1390437|
1390438|
1390439|
1390464|
1390465|
1390466|
1390467|
1390468|
1390469|
1390470|
1390471|
1390496|
1390497|
1390498|
1390499|
1390500|
1390501|
1390502|
1390503|
1390528|
1390529|
1390530|
1390531|
1390532|
1390533|
1390534|
1390535|
1390560|
1390561|
1390562|
1390563|
1390564|
1390565|
1390566|
1390567|
1390592|
1390593|
1390594|
1390595|
1390596|
1390597|
1390598|
1390599|
1390624|
1390625|
1390626|
1390627|
1390628|
1390629|
1390630|
1390631|
1390656|
1390657|
1390658|
1390659|
1390660|
1390661|
1390662|
1390663|
1390688|
1390689|
1390690|
1390691|
1390692|
1390693|
1390694|
1390695|
1390720|
1390721|
1390722|
1390723|
1390724|
1390725|
1390726|
1390727|
1390752|
1390753|
1390754|
1390755|
1390756|
1390757|
1390758|
1390759|
1390784|
1390785|
1390786|
1390787|
1390788|
1390789|
1390790|
1390791|
1390816|
1390817|
1390818|
1390819|
1390820|
1390821|
1390822|
1390823|
1390848|
1390849|
1390850|
1390851|
1390852|
1390853|
1390854|
1390855|
1390880|
1390881|
1390882|
1390883|
1390884|
1390885|
1390886|
1390887|
1390912|
1390913|
1390914|
1390915|
1390916|
1390917|
1390918|
1390919|
1390944|
1390945|
1390946|
1390947|
1390948|
1390949|
1390950|
1390951|
1390976|
1390977|
1390978|
1390979|
1390980|
1390981|
1390982|
1390983|
1391008|
1391009|
1391010|
1391011|
1391012|
1391013|
1391014|
1391015|
1391040|
1391041|
1391042|
1391043|
1391044|
1391045|
1391046|
1391047|
1391072|
1391073|
1391074|
1391075|
1391076|
1391077|
1391078|
1391079|
1391104|
1391105|
1391106|
1391107|
1391108|
1391109|
1391110|
1391111|
1391136|
1391137|
1391138|
1391139|
1391140|
1391141|
1391142|
1391143|
1391168|
1391169|
1391170|
1391171|
1391172|
1391173|
1391174|
1391175|
1391200|
1391201|
1391202|
1391203|
1391204|
1391205|
1391206|
1391207|
1391232|
1391233|
1391234|
1391235|
1391236|
1391237|
1391238|
1391239|
1391264|
1391265|
1391266|
1391267|
1391268|
1391269|
1391270|
1391271|
1391296|
1391297|
1391298|
1391299|
1391300|
1391301|
1391302|
1391303|
1391328|
1391329|
1391330|
1391331|
1391332|
1391333|
1391334|
1391335|
1391360|
1391361|
1391362|
1391363|
1391364|
1391365|
1391366|
1391367|
1391392|
1391393|
1391394|
1391395|
1391396|
1391397|
1391398|
1391399|
1391424|
1391425|
1391426|
1391427|
1391428|
1391429|
1391430|
1391431|
1391456|
1391457|
1391458|
1391459|
1391460|
1391461|
1391462|
1391463|
1391488|
1391489|
1391490|
1391491|
1391492|
1391493|
1391494|
1391495|
1391520|
1391521|
1391522|
1391523|
1391524|
1391525|
1391526|
1391527|
1391552|
1391553|
1391554|
1391555|
1391556|
1391557|
1391558|
1391559|
1391584|
1391585|
1391586|
1391587|
1391588|
1391589|
1391590|
1391591|
1391616|
1391617|
1391618|
1391619|
1391620|
1391621|
1391622|
1391623|
1391648|
1391649|
1391650|
1391651|
1391652|
1391653|
1391654|
1391655|
1391680|
1391681|
1391682|
1391683|
1391684|
1391685|
1391686|
1391687|
1391712|
1391713|
1391714|
1391715|
1391716|
1391717|
1391718|
1391719|
1391744|
1391745|
1391746|
1391747|
1391748|
1391749|
1391750|
1391751|
1391776|
1391777|
1391778|
1391779|
1391780|
1391781|
1391782|
1391783|
1391808|
1391809|
1391810|
1391811|
1391812|
1391813|
1391814|
1391815|
1391840|
1391841|
1391842|
1391843|
1391844|
1391845|
1391846|
1391847|
1391872|
1391873|
1391874|
1391875|
1391876|
1391877|
1391878|
1391879|
1391904|
1391905|
1391906|
1391907|
1391908|
1391909|
1391910|
1391911|
1391936|
1391937|
1391938|
1391939|
1391940|
1391941|
1391942|
1391943|
1391968|
1391969|
1391970|
1391971|
1391972|
1391973|
1391974|
1391975|
1392000|
