1872001|
1872002|
1872003|
1872004|
1872005|
1872006|
1872007|
1872032|
1872033|
1872034|
1872035|
1872036|
1872037|
1872038|
1872039|
1872064|
1872065|
1872066|
1872067|
1872068|
1872069|
1872070|
1872071|
1872096|
1872097|
1872098|
1872099|
1872100|
1872101|
1872102|
1872103|
1872128|
1872129|
1872130|
1872131|
1872132|
1872133|
1872134|
1872135|
1872160|
1872161|
1872162|
1872163|
1872164|
1872165|
1872166|
1872167|
1872192|
1872193|
1872194|
1872195|
1872196|
1872197|
1872198|
1872199|
1872224|
1872225|
1872226|
1872227|
1872228|
1872229|
1872230|
1872231|
1872256|
1872257|
1872258|
1872259|
1872260|
1872261|
1872262|
1872263|
1872288|
1872289|
1872290|
1872291|
1872292|
1872293|
1872294|
1872295|
1872320|
1872321|
1872322|
1872323|
1872324|
1872325|
1872326|
1872327|
1872352|
1872353|
1872354|
1872355|
1872356|
1872357|
1872358|
1872359|
1872384|
1872385|
1872386|
1872387|
1872388|
1872389|
1872390|
1872391|
1872416|
1872417|
1872418|
1872419|
1872420|
1872421|
1872422|
1872423|
1872448|
1872449|
1872450|
1872451|
1872452|
1872453|
1872454|
1872455|
1872480|
1872481|
1872482|
1872483|
1872484|
1872485|
1872486|
1872487|
1872512|
1872513|
1872514|
1872515|
1872516|
1872517|
1872518|
1872519|
1872544|
1872545|
1872546|
1872547|
1872548|
1872549|
1872550|
1872551|
1872576|
1872577|
1872578|
1872579|
1872580|
1872581|
1872582|
1872583|
1872608|
1872609|
1872610|
1872611|
1872612|
1872613|
1872614|
1872615|
1872640|
1872641|
1872642|
1872643|
1872644|
1872645|
1872646|
1872647|
1872672|
1872673|
1872674|
1872675|
1872676|
1872677|
1872678|
1872679|
1872704|
1872705|
1872706|
1872707|
1872708|
1872709|
1872710|
1872711|
1872736|
1872737|
1872738|
1872739|
1872740|
1872741|
1872742|
1872743|
1872768|
1872769|
1872770|
1872771|
1872772|
1872773|
1872774|
1872775|
1872800|
1872801|
1872802|
1872803|
1872804|
1872805|
1872806|
1872807|
1872832|
1872833|
1872834|
1872835|
1872836|
1872837|
1872838|
1872839|
1872864|
1872865|
1872866|
1872867|
1872868|
1872869|
1872870|
1872871|
1872896|
1872897|
1872898|
1872899|
1872900|
1872901|
1872902|
1872903|
1872928|
1872929|
1872930|
1872931|
1872932|
1872933|
1872934|
1872935|
1872960|
1872961|
1872962|
1872963|
1872964|
1872965|
1872966|
1872967|
1872992|
1872993|
1872994|
1872995|
1872996|
1872997|
1872998|
1872999|
1873024|
1873025|
1873026|
1873027|
1873028|
1873029|
1873030|
1873031|
1873056|
1873057|
1873058|
1873059|
1873060|
1873061|
1873062|
1873063|
1873088|
1873089|
1873090|
1873091|
1873092|
1873093|
1873094|
1873095|
1873120|
1873121|
1873122|
1873123|
1873124|
1873125|
1873126|
1873127|
1873152|
1873153|
1873154|
1873155|
1873156|
1873157|
1873158|
1873159|
1873184|
1873185|
1873186|
1873187|
1873188|
1873189|
1873190|
1873191|
1873216|
1873217|
1873218|
1873219|
1873220|
1873221|
1873222|
1873223|
1873248|
1873249|
1873250|
1873251|
1873252|
1873253|
1873254|
1873255|
1873280|
1873281|
1873282|
1873283|
1873284|
1873285|
1873286|
1873287|
1873312|
1873313|
1873314|
1873315|
1873316|
1873317|
1873318|
1873319|
1873344|
1873345|
1873346|
1873347|
1873348|
1873349|
1873350|
1873351|
1873376|
1873377|
1873378|
1873379|
1873380|
1873381|
1873382|
1873383|
1873408|
1873409|
1873410|
1873411|
1873412|
1873413|
1873414|
1873415|
1873440|
1873441|
1873442|
1873443|
1873444|
1873445|
1873446|
1873447|
1873472|
1873473|
1873474|
1873475|
1873476|
1873477|
1873478|
1873479|
1873504|
1873505|
1873506|
1873507|
1873508|
1873509|
1873510|
1873511|
1873536|
1873537|
1873538|
1873539|
1873540|
1873541|
1873542|
1873543|
1873568|
1873569|
1873570|
1873571|
1873572|
1873573|
1873574|
1873575|
1873600|
1873601|
1873602|
1873603|
1873604|
1873605|
1873606|
1873607|
1873632|
1873633|
1873634|
1873635|
1873636|
1873637|
1873638|
1873639|
1873664|
1873665|
1873666|
1873667|
1873668|
1873669|
1873670|
1873671|
1873696|
1873697|
1873698|
1873699|
1873700|
1873701|
1873702|
1873703|
1873728|
1873729|
1873730|
1873731|
1873732|
1873733|
1873734|
1873735|
1873760|
1873761|
1873762|
1873763|
1873764|
1873765|
1873766|
1873767|
1873792|
1873793|
1873794|
1873795|
1873796|
1873797|
1873798|
1873799|
1873824|
1873825|
1873826|
1873827|
1873828|
1873829|
1873830|
1873831|
1873856|
1873857|
1873858|
1873859|
1873860|
1873861|
1873862|
1873863|
1873888|
1873889|
1873890|
1873891|
1873892|
1873893|
1873894|
1873895|
1873920|
1873921|
1873922|
1873923|
1873924|
1873925|
1873926|
1873927|
1873952|
1873953|
1873954|
1873955|
1873956|
1873957|
1873958|
1873959|
1873984|
1873985|
1873986|
1873987|
1873988|
1873989|
1873990|
1873991|
1874016|
1874017|
1874018|
1874019|
1874020|
1874021|
1874022|
1874023|
1874048|
1874049|
1874050|
1874051|
1874052|
1874053|
1874054|
1874055|
1874080|
1874081|
1874082|
1874083|
1874084|
1874085|
1874086|
1874087|
1874112|
1874113|
1874114|
1874115|
1874116|
1874117|
1874118|
1874119|
1874144|
1874145|
1874146|
1874147|
1874148|
1874149|
1874150|
1874151|
1874176|
1874177|
1874178|
1874179|
1874180|
1874181|
1874182|
1874183|
1874208|
1874209|
1874210|
1874211|
1874212|
1874213|
1874214|
1874215|
1874240|
1874241|
1874242|
1874243|
1874244|
1874245|
1874246|
1874247|
1874272|
1874273|
1874274|
1874275|
1874276|
1874277|
1874278|
1874279|
1874304|
1874305|
1874306|
1874307|
1874308|
1874309|
1874310|
1874311|
1874336|
1874337|
1874338|
1874339|
1874340|
1874341|
1874342|
1874343|
1874368|
1874369|
1874370|
1874371|
1874372|
1874373|
1874374|
1874375|
1874400|
1874401|
1874402|
1874403|
1874404|
1874405|
1874406|
1874407|
1874432|
1874433|
1874434|
1874435|
1874436|
1874437|
1874438|
1874439|
1874464|
1874465|
1874466|
1874467|
1874468|
1874469|
1874470|
1874471|
1874496|
1874497|
1874498|
1874499|
1874500|
1874501|
1874502|
1874503|
1874528|
1874529|
1874530|
1874531|
1874532|
1874533|
1874534|
1874535|
1874560|
1874561|
1874562|
1874563|
1874564|
1874565|
1874566|
1874567|
1874592|
1874593|
1874594|
1874595|
1874596|
1874597|
1874598|
1874599|
1874624|
1874625|
1874626|
1874627|
1874628|
1874629|
1874630|
1874631|
1874656|
1874657|
1874658|
1874659|
1874660|
1874661|
1874662|
1874663|
1874688|
1874689|
1874690|
1874691|
1874692|
1874693|
1874694|
1874695|
1874720|
1874721|
1874722|
1874723|
1874724|
1874725|
1874726|
1874727|
1874752|
1874753|
1874754|
1874755|
1874756|
1874757|
1874758|
1874759|
1874784|
1874785|
1874786|
1874787|
1874788|
1874789|
1874790|
1874791|
1874816|
1874817|
1874818|
1874819|
1874820|
1874821|
1874822|
1874823|
1874848|
1874849|
1874850|
1874851|
1874852|
1874853|
1874854|
1874855|
1874880|
1874881|
1874882|
1874883|
1874884|
1874885|
1874886|
1874887|
1874912|
1874913|
1874914|
1874915|
1874916|
1874917|
1874918|
1874919|
1874944|
1874945|
1874946|
1874947|
1874948|
1874949|
1874950|
1874951|
1874976|
1874977|
1874978|
1874979|
1874980|
1874981|
1874982|
1874983|
1875008|
1875009|
1875010|
1875011|
1875012|
1875013|
1875014|
1875015|
1875040|
1875041|
1875042|
1875043|
1875044|
1875045|
1875046|
1875047|
1875072|
1875073|
1875074|
1875075|
1875076|
1875077|
1875078|
1875079|
1875104|
1875105|
1875106|
1875107|
1875108|
1875109|
1875110|
1875111|
1875136|
1875137|
1875138|
1875139|
1875140|
1875141|
1875142|
1875143|
1875168|
1875169|
1875170|
1875171|
1875172|
1875173|
1875174|
1875175|
1875200|
1875201|
1875202|
1875203|
1875204|
1875205|
1875206|
1875207|
1875232|
1875233|
1875234|
1875235|
1875236|
1875237|
1875238|
1875239|
1875264|
1875265|
1875266|
1875267|
1875268|
1875269|
1875270|
1875271|
1875296|
1875297|
1875298|
1875299|
1875300|
1875301|
1875302|
1875303|
1875328|
1875329|
1875330|
1875331|
1875332|
1875333|
1875334|
1875335|
1875360|
1875361|
1875362|
1875363|
1875364|
1875365|
1875366|
1875367|
1875392|
1875393|
1875394|
1875395|
1875396|
1875397|
1875398|
1875399|
1875424|
1875425|
1875426|
1875427|
1875428|
1875429|
1875430|
1875431|
1875456|
1875457|
1875458|
1875459|
1875460|
1875461|
1875462|
1875463|
1875488|
1875489|
1875490|
1875491|
1875492|
1875493|
1875494|
1875495|
1875520|
1875521|
1875522|
1875523|
1875524|
1875525|
1875526|
1875527|
1875552|
1875553|
1875554|
1875555|
1875556|
1875557|
1875558|
1875559|
1875584|
1875585|
1875586|
1875587|
1875588|
1875589|
1875590|
1875591|
1875616|
1875617|
1875618|
1875619|
1875620|
1875621|
1875622|
1875623|
1875648|
1875649|
1875650|
1875651|
1875652|
1875653|
1875654|
1875655|
1875680|
1875681|
1875682|
1875683|
1875684|
1875685|
1875686|
1875687|
1875712|
1875713|
1875714|
1875715|
1875716|
1875717|
1875718|
1875719|
1875744|
1875745|
1875746|
1875747|
1875748|
1875749|
1875750|
1875751|
1875776|
1875777|
1875778|
1875779|
1875780|
1875781|
1875782|
1875783|
1875808|
1875809|
1875810|
1875811|
1875812|
1875813|
1875814|
1875815|
1875840|
1875841|
1875842|
1875843|
1875844|
1875845|
1875846|
1875847|
1875872|
1875873|
1875874|
1875875|
1875876|
1875877|
1875878|
1875879|
1875904|
1875905|
1875906|
1875907|
1875908|
1875909|
1875910|
1875911|
1875936|
1875937|
1875938|
1875939|
1875940|
1875941|
1875942|
1875943|
1875968|
1875969|
1875970|
1875971|
1875972|
1875973|
1875974|
1875975|
1876000|
1876001|
1876002|
1876003|
1876004|
1876005|
1876006|
1876007|
1876032|
1876033|
1876034|
1876035|
1876036|
1876037|
1876038|
1876039|
1876064|
1876065|
1876066|
1876067|
1876068|
1876069|
1876070|
1876071|
1876096|
1876097|
1876098|
1876099|
1876100|
1876101|
1876102|
1876103|
1876128|
1876129|
1876130|
1876131|
1876132|
1876133|
1876134|
1876135|
1876160|
1876161|
1876162|
1876163|
1876164|
1876165|
1876166|
1876167|
1876192|
1876193|
1876194|
1876195|
1876196|
1876197|
1876198|
1876199|
1876224|
1876225|
1876226|
1876227|
1876228|
1876229|
1876230|
1876231|
1876256|
1876257|
1876258|
1876259|
1876260|
1876261|
1876262|
1876263|
1876288|
1876289|
1876290|
1876291|
1876292|
1876293|
1876294|
1876295|
1876320|
1876321|
1876322|
1876323|
1876324|
1876325|
1876326|
1876327|
1876352|
1876353|
1876354|
1876355|
1876356|
1876357|
1876358|
1876359|
1876384|
1876385|
1876386|
1876387|
1876388|
1876389|
1876390|
1876391|
1876416|
1876417|
1876418|
1876419|
1876420|
1876421|
1876422|
1876423|
1876448|
1876449|
1876450|
1876451|
1876452|
1876453|
1876454|
1876455|
1876480|
1876481|
1876482|
1876483|
1876484|
1876485|
1876486|
1876487|
1876512|
1876513|
1876514|
1876515|
1876516|
1876517|
1876518|
1876519|
1876544|
1876545|
1876546|
1876547|
1876548|
1876549|
1876550|
1876551|
1876576|
1876577|
1876578|
1876579|
1876580|
1876581|
1876582|
1876583|
1876608|
1876609|
1876610|
1876611|
1876612|
1876613|
1876614|
1876615|
1876640|
1876641|
1876642|
1876643|
1876644|
1876645|
1876646|
1876647|
1876672|
1876673|
1876674|
1876675|
1876676|
1876677|
1876678|
1876679|
1876704|
1876705|
1876706|
1876707|
1876708|
1876709|
1876710|
1876711|
1876736|
1876737|
1876738|
1876739|
1876740|
1876741|
1876742|
1876743|
1876768|
1876769|
1876770|
1876771|
1876772|
1876773|
1876774|
1876775|
1876800|
1876801|
1876802|
1876803|
1876804|
1876805|
1876806|
1876807|
1876832|
1876833|
1876834|
1876835|
1876836|
1876837|
1876838|
1876839|
1876864|
1876865|
1876866|
1876867|
1876868|
1876869|
1876870|
1876871|
1876896|
1876897|
1876898|
1876899|
1876900|
1876901|
1876902|
1876903|
1876928|
1876929|
1876930|
1876931|
1876932|
1876933|
1876934|
1876935|
1876960|
1876961|
1876962|
1876963|
1876964|
1876965|
1876966|
1876967|
1876992|
1876993|
1876994|
1876995|
1876996|
1876997|
1876998|
1876999|
1877024|
1877025|
1877026|
1877027|
1877028|
1877029|
1877030|
1877031|
1877056|
1877057|
1877058|
1877059|
1877060|
1877061|
1877062|
1877063|
1877088|
1877089|
1877090|
1877091|
1877092|
1877093|
1877094|
1877095|
1877120|
1877121|
1877122|
1877123|
1877124|
1877125|
1877126|
1877127|
1877152|
1877153|
1877154|
1877155|
1877156|
1877157|
1877158|
1877159|
1877184|
1877185|
1877186|
1877187|
1877188|
1877189|
1877190|
1877191|
1877216|
1877217|
1877218|
1877219|
1877220|
1877221|
1877222|
1877223|
1877248|
1877249|
1877250|
1877251|
1877252|
1877253|
1877254|
1877255|
1877280|
1877281|
1877282|
1877283|
1877284|
1877285|
1877286|
1877287|
1877312|
1877313|
1877314|
1877315|
1877316|
1877317|
1877318|
1877319|
1877344|
1877345|
1877346|
1877347|
1877348|
1877349|
1877350|
1877351|
1877376|
1877377|
1877378|
1877379|
1877380|
1877381|
1877382|
1877383|
1877408|
1877409|
1877410|
1877411|
1877412|
1877413|
1877414|
1877415|
1877440|
1877441|
1877442|
1877443|
1877444|
1877445|
1877446|
1877447|
1877472|
1877473|
1877474|
1877475|
1877476|
1877477|
1877478|
1877479|
1877504|
1877505|
1877506|
1877507|
1877508|
1877509|
1877510|
1877511|
1877536|
1877537|
1877538|
1877539|
1877540|
1877541|
1877542|
1877543|
1877568|
1877569|
1877570|
1877571|
1877572|
1877573|
1877574|
1877575|
1877600|
1877601|
1877602|
1877603|
1877604|
1877605|
1877606|
1877607|
1877632|
1877633|
1877634|
1877635|
1877636|
1877637|
1877638|
1877639|
1877664|
1877665|
1877666|
1877667|
1877668|
1877669|
1877670|
1877671|
1877696|
1877697|
1877698|
1877699|
1877700|
1877701|
1877702|
1877703|
1877728|
1877729|
1877730|
1877731|
1877732|
1877733|
1877734|
1877735|
1877760|
1877761|
1877762|
1877763|
1877764|
1877765|
1877766|
1877767|
1877792|
1877793|
1877794|
1877795|
1877796|
1877797|
1877798|
1877799|
1877824|
1877825|
1877826|
1877827|
1877828|
1877829|
1877830|
1877831|
1877856|
1877857|
1877858|
1877859|
1877860|
1877861|
1877862|
1877863|
1877888|
1877889|
1877890|
1877891|
1877892|
1877893|
1877894|
1877895|
1877920|
1877921|
1877922|
1877923|
1877924|
1877925|
1877926|
1877927|
1877952|
1877953|
1877954|
1877955|
1877956|
1877957|
1877958|
1877959|
1877984|
1877985|
1877986|
1877987|
1877988|
