2441989|
2441990|
2441991|
2442016|
2442017|
2442018|
2442019|
2442020|
2442021|
2442022|
2442023|
2442048|
2442049|
2442050|
2442051|
2442052|
2442053|
2442054|
2442055|
2442080|
2442081|
2442082|
2442083|
2442084|
2442085|
2442086|
2442087|
2442112|
2442113|
2442114|
2442115|
2442116|
2442117|
2442118|
2442119|
2442144|
2442145|
2442146|
2442147|
2442148|
2442149|
2442150|
2442151|
2442176|
2442177|
2442178|
2442179|
2442180|
2442181|
2442182|
2442183|
2442208|
2442209|
2442210|
2442211|
2442212|
2442213|
2442214|
2442215|
2442240|
2442241|
2442242|
2442243|
2442244|
2442245|
2442246|
2442247|
2442272|
2442273|
2442274|
2442275|
2442276|
2442277|
2442278|
2442279|
2442304|
2442305|
2442306|
2442307|
2442308|
2442309|
2442310|
2442311|
2442336|
2442337|
2442338|
2442339|
2442340|
2442341|
2442342|
2442343|
2442368|
2442369|
2442370|
2442371|
2442372|
2442373|
2442374|
2442375|
2442400|
2442401|
2442402|
2442403|
2442404|
2442405|
2442406|
2442407|
2442432|
2442433|
2442434|
2442435|
2442436|
2442437|
2442438|
2442439|
2442464|
2442465|
2442466|
2442467|
2442468|
2442469|
2442470|
2442471|
2442496|
2442497|
2442498|
2442499|
2442500|
2442501|
2442502|
2442503|
2442528|
2442529|
2442530|
2442531|
2442532|
2442533|
2442534|
2442535|
2442560|
2442561|
2442562|
2442563|
2442564|
2442565|
2442566|
2442567|
2442592|
2442593|
2442594|
2442595|
2442596|
2442597|
2442598|
2442599|
2442624|
2442625|
2442626|
2442627|
2442628|
2442629|
2442630|
2442631|
2442656|
2442657|
2442658|
2442659|
2442660|
2442661|
2442662|
2442663|
2442688|
2442689|
2442690|
2442691|
2442692|
2442693|
2442694|
2442695|
2442720|
2442721|
2442722|
2442723|
2442724|
2442725|
2442726|
2442727|
2442752|
2442753|
2442754|
2442755|
2442756|
2442757|
2442758|
2442759|
2442784|
2442785|
2442786|
2442787|
2442788|
2442789|
2442790|
2442791|
2442816|
2442817|
2442818|
2442819|
2442820|
2442821|
2442822|
2442823|
2442848|
2442849|
2442850|
2442851|
2442852|
2442853|
2442854|
2442855|
2442880|
2442881|
2442882|
2442883|
2442884|
2442885|
2442886|
2442887|
2442912|
2442913|
2442914|
2442915|
2442916|
2442917|
2442918|
2442919|
2442944|
2442945|
2442946|
2442947|
2442948|
2442949|
2442950|
2442951|
2442976|
2442977|
2442978|
2442979|
2442980|
2442981|
2442982|
2442983|
2443008|
2443009|
2443010|
2443011|
2443012|
2443013|
2443014|
2443015|
2443040|
2443041|
2443042|
2443043|
2443044|
2443045|
2443046|
2443047|
2443072|
2443073|
2443074|
2443075|
2443076|
2443077|
2443078|
2443079|
2443104|
2443105|
2443106|
2443107|
2443108|
2443109|
2443110|
2443111|
2443136|
2443137|
2443138|
2443139|
2443140|
2443141|
2443142|
2443143|
2443168|
2443169|
2443170|
2443171|
2443172|
2443173|
2443174|
2443175|
2443200|
2443201|
2443202|
2443203|
2443204|
2443205|
2443206|
2443207|
2443232|
2443233|
2443234|
2443235|
2443236|
2443237|
2443238|
2443239|
2443264|
2443265|
2443266|
2443267|
2443268|
2443269|
2443270|
2443271|
2443296|
2443297|
2443298|
2443299|
2443300|
2443301|
2443302|
2443303|
2443328|
2443329|
2443330|
2443331|
2443332|
2443333|
2443334|
2443335|
2443360|
2443361|
2443362|
2443363|
2443364|
2443365|
2443366|
2443367|
2443392|
2443393|
2443394|
2443395|
2443396|
2443397|
2443398|
2443399|
2443424|
2443425|
2443426|
2443427|
2443428|
2443429|
2443430|
2443431|
2443456|
2443457|
2443458|
2443459|
2443460|
2443461|
2443462|
2443463|
2443488|
2443489|
2443490|
2443491|
2443492|
2443493|
2443494|
2443495|
2443520|
2443521|
2443522|
2443523|
2443524|
2443525|
2443526|
2443527|
2443552|
2443553|
2443554|
2443555|
2443556|
2443557|
2443558|
2443559|
2443584|
2443585|
2443586|
2443587|
2443588|
2443589|
2443590|
2443591|
2443616|
2443617|
2443618|
2443619|
2443620|
2443621|
2443622|
2443623|
2443648|
2443649|
2443650|
2443651|
2443652|
2443653|
2443654|
2443655|
2443680|
2443681|
2443682|
2443683|
2443684|
2443685|
2443686|
2443687|
2443712|
2443713|
2443714|
2443715|
2443716|
2443717|
2443718|
2443719|
2443744|
2443745|
2443746|
2443747|
2443748|
2443749|
2443750|
2443751|
2443776|
2443777|
2443778|
2443779|
2443780|
2443781|
2443782|
2443783|
2443808|
2443809|
2443810|
2443811|
2443812|
2443813|
2443814|
2443815|
2443840|
2443841|
2443842|
2443843|
2443844|
2443845|
2443846|
2443847|
2443872|
2443873|
2443874|
2443875|
2443876|
2443877|
2443878|
2443879|
2443904|
2443905|
2443906|
2443907|
2443908|
2443909|
2443910|
2443911|
2443936|
2443937|
2443938|
2443939|
2443940|
2443941|
2443942|
2443943|
2443968|
2443969|
2443970|
2443971|
2443972|
2443973|
2443974|
2443975|
2444000|
2444001|
2444002|
2444003|
2444004|
2444005|
2444006|
2444007|
2444032|
2444033|
2444034|
2444035|
2444036|
2444037|
2444038|
2444039|
2444064|
2444065|
2444066|
2444067|
2444068|
2444069|
2444070|
2444071|
2444096|
2444097|
2444098|
2444099|
2444100|
2444101|
2444102|
2444103|
2444128|
2444129|
2444130|
2444131|
2444132|
2444133|
2444134|
2444135|
2444160|
2444161|
2444162|
2444163|
2444164|
2444165|
2444166|
2444167|
2444192|
2444193|
2444194|
2444195|
2444196|
2444197|
2444198|
2444199|
2444224|
2444225|
2444226|
2444227|
2444228|
2444229|
2444230|
2444231|
2444256|
2444257|
2444258|
2444259|
2444260|
2444261|
2444262|
2444263|
2444288|
2444289|
2444290|
2444291|
2444292|
2444293|
2444294|
2444295|
2444320|
2444321|
2444322|
2444323|
2444324|
2444325|
2444326|
2444327|
2444352|
2444353|
2444354|
2444355|
2444356|
2444357|
2444358|
2444359|
2444384|
2444385|
2444386|
2444387|
2444388|
2444389|
2444390|
2444391|
2444416|
2444417|
2444418|
2444419|
2444420|
2444421|
2444422|
2444423|
2444448|
2444449|
2444450|
2444451|
2444452|
2444453|
2444454|
2444455|
2444480|
2444481|
2444482|
2444483|
2444484|
2444485|
2444486|
2444487|
2444512|
2444513|
2444514|
2444515|
2444516|
2444517|
2444518|
2444519|
2444544|
2444545|
2444546|
2444547|
2444548|
2444549|
2444550|
2444551|
2444576|
2444577|
2444578|
2444579|
2444580|
2444581|
2444582|
2444583|
2444608|
2444609|
2444610|
2444611|
2444612|
2444613|
2444614|
2444615|
2444640|
2444641|
2444642|
2444643|
2444644|
2444645|
2444646|
2444647|
2444672|
2444673|
2444674|
2444675|
2444676|
2444677|
2444678|
2444679|
2444704|
2444705|
2444706|
2444707|
2444708|
2444709|
2444710|
2444711|
2444736|
2444737|
2444738|
2444739|
2444740|
2444741|
2444742|
2444743|
2444768|
2444769|
2444770|
2444771|
2444772|
2444773|
2444774|
2444775|
2444800|
2444801|
2444802|
2444803|
2444804|
2444805|
2444806|
2444807|
2444832|
2444833|
2444834|
2444835|
2444836|
2444837|
2444838|
2444839|
2444864|
2444865|
2444866|
2444867|
2444868|
2444869|
2444870|
2444871|
2444896|
2444897|
2444898|
2444899|
2444900|
2444901|
2444902|
2444903|
2444928|
2444929|
2444930|
2444931|
2444932|
2444933|
2444934|
2444935|
2444960|
2444961|
2444962|
2444963|
2444964|
2444965|
2444966|
2444967|
2444992|
2444993|
2444994|
2444995|
2444996|
2444997|
2444998|
2444999|
2445024|
2445025|
2445026|
2445027|
2445028|
2445029|
2445030|
2445031|
2445056|
2445057|
2445058|
2445059|
2445060|
2445061|
2445062|
2445063|
2445088|
2445089|
2445090|
2445091|
2445092|
2445093|
2445094|
2445095|
2445120|
2445121|
2445122|
2445123|
2445124|
2445125|
2445126|
2445127|
2445152|
2445153|
2445154|
2445155|
2445156|
2445157|
2445158|
2445159|
2445184|
2445185|
2445186|
2445187|
2445188|
2445189|
2445190|
2445191|
2445216|
2445217|
2445218|
2445219|
2445220|
2445221|
2445222|
2445223|
2445248|
2445249|
2445250|
2445251|
2445252|
2445253|
2445254|
2445255|
2445280|
2445281|
2445282|
2445283|
2445284|
2445285|
2445286|
2445287|
2445312|
2445313|
2445314|
2445315|
2445316|
2445317|
2445318|
2445319|
2445344|
2445345|
2445346|
2445347|
2445348|
2445349|
2445350|
2445351|
2445376|
2445377|
2445378|
2445379|
2445380|
2445381|
2445382|
2445383|
2445408|
2445409|
2445410|
2445411|
2445412|
2445413|
2445414|
2445415|
2445440|
2445441|
2445442|
2445443|
2445444|
2445445|
2445446|
2445447|
2445472|
2445473|
2445474|
2445475|
2445476|
2445477|
2445478|
2445479|
2445504|
2445505|
2445506|
2445507|
2445508|
2445509|
2445510|
2445511|
2445536|
2445537|
2445538|
2445539|
2445540|
2445541|
2445542|
2445543|
2445568|
2445569|
2445570|
2445571|
2445572|
2445573|
2445574|
2445575|
2445600|
2445601|
2445602|
2445603|
2445604|
2445605|
2445606|
2445607|
2445632|
2445633|
2445634|
2445635|
2445636|
2445637|
2445638|
2445639|
2445664|
2445665|
2445666|
2445667|
2445668|
2445669|
2445670|
2445671|
2445696|
2445697|
2445698|
2445699|
2445700|
2445701|
2445702|
2445703|
2445728|
2445729|
2445730|
2445731|
2445732|
2445733|
2445734|
2445735|
2445760|
2445761|
2445762|
2445763|
2445764|
2445765|
2445766|
2445767|
2445792|
2445793|
2445794|
2445795|
2445796|
2445797|
2445798|
2445799|
2445824|
2445825|
2445826|
2445827|
2445828|
2445829|
2445830|
2445831|
2445856|
2445857|
2445858|
2445859|
2445860|
2445861|
2445862|
2445863|
2445888|
2445889|
2445890|
2445891|
2445892|
2445893|
2445894|
2445895|
2445920|
2445921|
2445922|
2445923|
2445924|
2445925|
2445926|
2445927|
2445952|
2445953|
2445954|
2445955|
2445956|
2445957|
2445958|
2445959|
2445984|
2445985|
2445986|
2445987|
2445988|
2445989|
2445990|
2445991|
2446016|
2446017|
2446018|
2446019|
2446020|
2446021|
2446022|
2446023|
2446048|
2446049|
2446050|
2446051|
2446052|
2446053|
2446054|
2446055|
2446080|
2446081|
2446082|
2446083|
2446084|
2446085|
2446086|
2446087|
2446112|
2446113|
2446114|
2446115|
2446116|
2446117|
2446118|
2446119|
2446144|
2446145|
2446146|
2446147|
2446148|
2446149|
2446150|
2446151|
2446176|
2446177|
2446178|
2446179|
2446180|
2446181|
2446182|
2446183|
2446208|
2446209|
2446210|
2446211|
2446212|
2446213|
2446214|
2446215|
2446240|
2446241|
2446242|
2446243|
2446244|
2446245|
2446246|
2446247|
2446272|
2446273|
2446274|
2446275|
2446276|
2446277|
2446278|
2446279|
2446304|
2446305|
2446306|
2446307|
2446308|
2446309|
2446310|
2446311|
2446336|
2446337|
2446338|
2446339|
2446340|
2446341|
2446342|
2446343|
2446368|
2446369|
2446370|
2446371|
2446372|
2446373|
2446374|
2446375|
2446400|
2446401|
2446402|
2446403|
2446404|
2446405|
2446406|
2446407|
2446432|
2446433|
2446434|
2446435|
2446436|
2446437|
2446438|
2446439|
2446464|
2446465|
2446466|
2446467|
2446468|
2446469|
2446470|
2446471|
2446496|
2446497|
2446498|
2446499|
2446500|
2446501|
2446502|
2446503|
2446528|
2446529|
2446530|
2446531|
2446532|
2446533|
2446534|
2446535|
2446560|
2446561|
2446562|
2446563|
2446564|
2446565|
2446566|
2446567|
2446592|
2446593|
2446594|
2446595|
2446596|
2446597|
2446598|
2446599|
2446624|
2446625|
2446626|
2446627|
2446628|
2446629|
2446630|
2446631|
2446656|
2446657|
2446658|
2446659|
2446660|
2446661|
2446662|
2446663|
2446688|
2446689|
2446690|
2446691|
2446692|
2446693|
2446694|
2446695|
2446720|
2446721|
2446722|
2446723|
2446724|
2446725|
2446726|
2446727|
2446752|
2446753|
2446754|
2446755|
2446756|
2446757|
2446758|
2446759|
2446784|
2446785|
2446786|
2446787|
2446788|
2446789|
2446790|
2446791|
2446816|
2446817|
2446818|
2446819|
2446820|
2446821|
2446822|
2446823|
2446848|
2446849|
2446850|
2446851|
2446852|
2446853|
2446854|
2446855|
2446880|
2446881|
2446882|
2446883|
2446884|
2446885|
2446886|
2446887|
2446912|
2446913|
2446914|
2446915|
2446916|
2446917|
2446918|
2446919|
2446944|
2446945|
2446946|
2446947|
2446948|
2446949|
2446950|
2446951|
2446976|
2446977|
2446978|
2446979|
2446980|
2446981|
2446982|
2446983|
2447008|
2447009|
2447010|
2447011|
2447012|
2447013|
2447014|
2447015|
2447040|
2447041|
2447042|
2447043|
2447044|
2447045|
2447046|
2447047|
2447072|
2447073|
2447074|
2447075|
2447076|
2447077|
2447078|
2447079|
2447104|
2447105|
2447106|
2447107|
2447108|
2447109|
2447110|
2447111|
2447136|
2447137|
2447138|
2447139|
2447140|
2447141|
2447142|
2447143|
2447168|
2447169|
2447170|
2447171|
2447172|
2447173|
2447174|
2447175|
2447200|
2447201|
2447202|
2447203|
2447204|
2447205|
2447206|
2447207|
2447232|
2447233|
2447234|
2447235|
2447236|
2447237|
2447238|
2447239|
2447264|
2447265|
2447266|
2447267|
2447268|
2447269|
2447270|
2447271|
2447296|
2447297|
2447298|
2447299|
2447300|
2447301|
2447302|
2447303|
2447328|
2447329|
2447330|
2447331|
2447332|
2447333|
2447334|
2447335|
2447360|
2447361|
2447362|
2447363|
2447364|
2447365|
2447366|
2447367|
2447392|
2447393|
2447394|
2447395|
2447396|
2447397|
2447398|
2447399|
2447424|
2447425|
2447426|
2447427|
2447428|
2447429|
2447430|
2447431|
2447456|
2447457|
2447458|
2447459|
2447460|
2447461|
2447462|
2447463|
2447488|
2447489|
2447490|
2447491|
2447492|
2447493|
2447494|
2447495|
2447520|
2447521|
2447522|
2447523|
2447524|
2447525|
2447526|
2447527|
2447552|
2447553|
2447554|
2447555|
2447556|
2447557|
2447558|
2447559|
2447584|
2447585|
2447586|
2447587|
2447588|
2447589|
2447590|
2447591|
2447616|
2447617|
2447618|
2447619|
2447620|
2447621|
2447622|
2447623|
2447648|
2447649|
2447650|
2447651|
2447652|
2447653|
2447654|
2447655|
2447680|
2447681|
2447682|
2447683|
2447684|
2447685|
2447686|
2447687|
2447712|
2447713|
2447714|
2447715|
2447716|
2447717|
2447718|
2447719|
2447744|
2447745|
2447746|
2447747|
2447748|
2447749|
2447750|
2447751|
2447776|
2447777|
2447778|
2447779|
2447780|
2447781|
2447782|
2447783|
2447808|
2447809|
2447810|
2447811|
2447812|
2447813|
2447814|
2447815|
2447840|
2447841|
2447842|
2447843|
2447844|
2447845|
2447846|
2447847|
2447872|
2447873|
2447874|
2447875|
2447876|
2447877|
2447878|
2447879|
2447904|
2447905|
2447906|
2447907|
2447908|
2447909|
2447910|
2447911|
2447936|
2447937|
2447938|
2447939|
2447940|
2447941|
2447942|
2447943|
2447968|
2447969|
2447970|
2447971|
2447972|
2447973|
2447974|
2447975|
2448000|
