1925989|
1925990|
1925991|
1926016|
1926017|
1926018|
1926019|
1926020|
1926021|
1926022|
1926023|
1926048|
1926049|
1926050|
1926051|
1926052|
1926053|
1926054|
1926055|
1926080|
1926081|
1926082|
1926083|
1926084|
1926085|
1926086|
1926087|
1926112|
1926113|
1926114|
1926115|
1926116|
1926117|
1926118|
1926119|
1926144|
1926145|
1926146|
1926147|
1926148|
1926149|
1926150|
1926151|
1926176|
1926177|
1926178|
1926179|
1926180|
1926181|
1926182|
1926183|
1926208|
1926209|
1926210|
1926211|
1926212|
1926213|
1926214|
1926215|
1926240|
1926241|
1926242|
1926243|
1926244|
1926245|
1926246|
1926247|
1926272|
1926273|
1926274|
1926275|
1926276|
1926277|
1926278|
1926279|
1926304|
1926305|
1926306|
1926307|
1926308|
1926309|
1926310|
1926311|
1926336|
1926337|
1926338|
1926339|
1926340|
1926341|
1926342|
1926343|
1926368|
1926369|
1926370|
1926371|
1926372|
1926373|
1926374|
1926375|
1926400|
1926401|
1926402|
1926403|
1926404|
1926405|
1926406|
1926407|
1926432|
1926433|
1926434|
1926435|
1926436|
1926437|
1926438|
1926439|
1926464|
1926465|
1926466|
1926467|
1926468|
1926469|
1926470|
1926471|
1926496|
1926497|
1926498|
1926499|
1926500|
1926501|
1926502|
1926503|
1926528|
1926529|
1926530|
1926531|
1926532|
1926533|
1926534|
1926535|
1926560|
1926561|
1926562|
1926563|
1926564|
1926565|
1926566|
1926567|
1926592|
1926593|
1926594|
1926595|
1926596|
1926597|
1926598|
1926599|
1926624|
1926625|
1926626|
1926627|
1926628|
1926629|
1926630|
1926631|
1926656|
1926657|
1926658|
1926659|
1926660|
1926661|
1926662|
1926663|
1926688|
1926689|
1926690|
1926691|
1926692|
1926693|
1926694|
1926695|
1926720|
1926721|
1926722|
1926723|
1926724|
1926725|
1926726|
1926727|
1926752|
1926753|
1926754|
1926755|
1926756|
1926757|
1926758|
1926759|
1926784|
1926785|
1926786|
1926787|
1926788|
1926789|
1926790|
1926791|
1926816|
1926817|
1926818|
1926819|
1926820|
1926821|
1926822|
1926823|
1926848|
1926849|
1926850|
1926851|
1926852|
1926853|
1926854|
1926855|
1926880|
1926881|
1926882|
1926883|
1926884|
1926885|
1926886|
1926887|
1926912|
1926913|
1926914|
1926915|
1926916|
1926917|
1926918|
1926919|
1926944|
1926945|
1926946|
1926947|
1926948|
1926949|
1926950|
1926951|
1926976|
1926977|
1926978|
1926979|
1926980|
1926981|
1926982|
1926983|
1927008|
1927009|
1927010|
1927011|
1927012|
1927013|
1927014|
1927015|
1927040|
1927041|
1927042|
1927043|
1927044|
1927045|
1927046|
1927047|
1927072|
1927073|
1927074|
1927075|
1927076|
1927077|
1927078|
1927079|
1927104|
1927105|
1927106|
1927107|
1927108|
1927109|
1927110|
1927111|
1927136|
1927137|
1927138|
1927139|
1927140|
1927141|
1927142|
1927143|
1927168|
1927169|
1927170|
1927171|
1927172|
1927173|
1927174|
1927175|
1927200|
1927201|
1927202|
1927203|
1927204|
1927205|
1927206|
1927207|
1927232|
1927233|
1927234|
1927235|
1927236|
1927237|
1927238|
1927239|
1927264|
1927265|
1927266|
1927267|
1927268|
1927269|
1927270|
1927271|
1927296|
1927297|
1927298|
1927299|
1927300|
1927301|
1927302|
1927303|
1927328|
1927329|
1927330|
1927331|
1927332|
1927333|
1927334|
1927335|
1927360|
1927361|
1927362|
1927363|
1927364|
1927365|
1927366|
1927367|
1927392|
1927393|
1927394|
1927395|
1927396|
1927397|
1927398|
1927399|
1927424|
1927425|
1927426|
1927427|
1927428|
1927429|
1927430|
1927431|
1927456|
1927457|
1927458|
1927459|
1927460|
1927461|
1927462|
1927463|
1927488|
1927489|
1927490|
1927491|
1927492|
1927493|
1927494|
1927495|
1927520|
1927521|
1927522|
1927523|
1927524|
1927525|
1927526|
1927527|
1927552|
1927553|
1927554|
1927555|
1927556|
1927557|
1927558|
1927559|
1927584|
1927585|
1927586|
1927587|
1927588|
1927589|
1927590|
1927591|
1927616|
1927617|
1927618|
1927619|
1927620|
1927621|
1927622|
1927623|
1927648|
1927649|
1927650|
1927651|
1927652|
1927653|
1927654|
1927655|
1927680|
1927681|
1927682|
1927683|
1927684|
1927685|
1927686|
1927687|
1927712|
1927713|
1927714|
1927715|
1927716|
1927717|
1927718|
1927719|
1927744|
1927745|
1927746|
1927747|
1927748|
1927749|
1927750|
1927751|
1927776|
1927777|
1927778|
1927779|
1927780|
1927781|
1927782|
1927783|
1927808|
1927809|
1927810|
1927811|
1927812|
1927813|
1927814|
1927815|
1927840|
1927841|
1927842|
1927843|
1927844|
1927845|
1927846|
1927847|
1927872|
1927873|
1927874|
1927875|
1927876|
1927877|
1927878|
1927879|
1927904|
1927905|
1927906|
1927907|
1927908|
1927909|
1927910|
1927911|
1927936|
1927937|
1927938|
1927939|
1927940|
1927941|
1927942|
1927943|
1927968|
1927969|
1927970|
1927971|
1927972|
1927973|
1927974|
1927975|
1928000|
1928001|
1928002|
1928003|
1928004|
1928005|
1928006|
1928007|
1928032|
1928033|
1928034|
1928035|
1928036|
1928037|
1928038|
1928039|
1928064|
1928065|
1928066|
1928067|
1928068|
1928069|
1928070|
1928071|
1928096|
1928097|
1928098|
1928099|
1928100|
1928101|
1928102|
1928103|
1928128|
1928129|
1928130|
1928131|
1928132|
1928133|
1928134|
1928135|
1928160|
1928161|
1928162|
1928163|
1928164|
1928165|
1928166|
1928167|
1928192|
1928193|
1928194|
1928195|
1928196|
1928197|
1928198|
1928199|
1928224|
1928225|
1928226|
1928227|
1928228|
1928229|
1928230|
1928231|
1928256|
1928257|
1928258|
1928259|
1928260|
1928261|
1928262|
1928263|
1928288|
1928289|
1928290|
1928291|
1928292|
1928293|
1928294|
1928295|
1928320|
1928321|
1928322|
1928323|
1928324|
1928325|
1928326|
1928327|
1928352|
1928353|
1928354|
1928355|
1928356|
1928357|
1928358|
1928359|
1928384|
1928385|
1928386|
1928387|
1928388|
1928389|
1928390|
1928391|
1928416|
1928417|
1928418|
1928419|
1928420|
1928421|
1928422|
1928423|
1928448|
1928449|
1928450|
1928451|
1928452|
1928453|
1928454|
1928455|
1928480|
1928481|
1928482|
1928483|
1928484|
1928485|
1928486|
1928487|
1928512|
1928513|
1928514|
1928515|
1928516|
1928517|
1928518|
1928519|
1928544|
1928545|
1928546|
1928547|
1928548|
1928549|
1928550|
1928551|
1928576|
1928577|
1928578|
1928579|
1928580|
1928581|
1928582|
1928583|
1928608|
1928609|
1928610|
1928611|
1928612|
1928613|
1928614|
1928615|
1928640|
1928641|
1928642|
1928643|
1928644|
1928645|
1928646|
1928647|
1928672|
1928673|
1928674|
1928675|
1928676|
1928677|
1928678|
1928679|
1928704|
1928705|
1928706|
1928707|
1928708|
1928709|
1928710|
1928711|
1928736|
1928737|
1928738|
1928739|
1928740|
1928741|
1928742|
1928743|
1928768|
1928769|
1928770|
1928771|
1928772|
1928773|
1928774|
1928775|
1928800|
1928801|
1928802|
1928803|
1928804|
1928805|
1928806|
1928807|
1928832|
1928833|
1928834|
1928835|
1928836|
1928837|
1928838|
1928839|
1928864|
1928865|
1928866|
1928867|
1928868|
1928869|
1928870|
1928871|
1928896|
1928897|
1928898|
1928899|
1928900|
1928901|
1928902|
1928903|
1928928|
1928929|
1928930|
1928931|
1928932|
1928933|
1928934|
1928935|
1928960|
1928961|
1928962|
1928963|
1928964|
1928965|
1928966|
1928967|
1928992|
1928993|
1928994|
1928995|
1928996|
1928997|
1928998|
1928999|
1929024|
1929025|
1929026|
1929027|
1929028|
1929029|
1929030|
1929031|
1929056|
1929057|
1929058|
1929059|
1929060|
1929061|
1929062|
1929063|
1929088|
1929089|
1929090|
1929091|
1929092|
1929093|
1929094|
1929095|
1929120|
1929121|
1929122|
1929123|
1929124|
1929125|
1929126|
1929127|
1929152|
1929153|
1929154|
1929155|
1929156|
1929157|
1929158|
1929159|
1929184|
1929185|
1929186|
1929187|
1929188|
1929189|
1929190|
1929191|
1929216|
1929217|
1929218|
1929219|
1929220|
1929221|
1929222|
1929223|
1929248|
1929249|
1929250|
1929251|
1929252|
1929253|
1929254|
1929255|
1929280|
1929281|
1929282|
1929283|
1929284|
1929285|
1929286|
1929287|
1929312|
1929313|
1929314|
1929315|
1929316|
1929317|
1929318|
1929319|
1929344|
1929345|
1929346|
1929347|
1929348|
1929349|
1929350|
1929351|
1929376|
1929377|
1929378|
1929379|
1929380|
1929381|
1929382|
1929383|
1929408|
1929409|
1929410|
1929411|
1929412|
1929413|
1929414|
1929415|
1929440|
1929441|
1929442|
1929443|
1929444|
1929445|
1929446|
1929447|
1929472|
1929473|
1929474|
1929475|
1929476|
1929477|
1929478|
1929479|
1929504|
1929505|
1929506|
1929507|
1929508|
1929509|
1929510|
1929511|
1929536|
1929537|
1929538|
1929539|
1929540|
1929541|
1929542|
1929543|
1929568|
1929569|
1929570|
1929571|
1929572|
1929573|
1929574|
1929575|
1929600|
1929601|
1929602|
1929603|
1929604|
1929605|
1929606|
1929607|
1929632|
1929633|
1929634|
1929635|
1929636|
1929637|
1929638|
1929639|
1929664|
1929665|
1929666|
1929667|
1929668|
1929669|
1929670|
1929671|
1929696|
1929697|
1929698|
1929699|
1929700|
1929701|
1929702|
1929703|
1929728|
1929729|
1929730|
1929731|
1929732|
1929733|
1929734|
1929735|
1929760|
1929761|
1929762|
1929763|
1929764|
1929765|
1929766|
1929767|
1929792|
1929793|
1929794|
1929795|
1929796|
1929797|
1929798|
1929799|
1929824|
1929825|
1929826|
1929827|
1929828|
1929829|
1929830|
1929831|
1929856|
1929857|
1929858|
1929859|
1929860|
1929861|
1929862|
1929863|
1929888|
1929889|
1929890|
1929891|
1929892|
1929893|
1929894|
1929895|
1929920|
1929921|
1929922|
1929923|
1929924|
1929925|
1929926|
1929927|
1929952|
1929953|
1929954|
1929955|
1929956|
1929957|
1929958|
1929959|
1929984|
1929985|
1929986|
1929987|
1929988|
1929989|
1929990|
1929991|
1930016|
1930017|
1930018|
1930019|
1930020|
1930021|
1930022|
1930023|
1930048|
1930049|
1930050|
1930051|
1930052|
1930053|
1930054|
1930055|
1930080|
1930081|
1930082|
1930083|
1930084|
1930085|
1930086|
1930087|
1930112|
1930113|
1930114|
1930115|
1930116|
1930117|
1930118|
1930119|
1930144|
1930145|
1930146|
1930147|
1930148|
1930149|
1930150|
1930151|
1930176|
1930177|
1930178|
1930179|
1930180|
1930181|
1930182|
1930183|
1930208|
1930209|
1930210|
1930211|
1930212|
1930213|
1930214|
1930215|
1930240|
1930241|
1930242|
1930243|
1930244|
1930245|
1930246|
1930247|
1930272|
1930273|
1930274|
1930275|
1930276|
1930277|
1930278|
1930279|
1930304|
1930305|
1930306|
1930307|
1930308|
1930309|
1930310|
1930311|
1930336|
1930337|
1930338|
1930339|
1930340|
1930341|
1930342|
1930343|
1930368|
1930369|
1930370|
1930371|
1930372|
1930373|
1930374|
1930375|
1930400|
1930401|
1930402|
1930403|
1930404|
1930405|
1930406|
1930407|
1930432|
1930433|
1930434|
1930435|
1930436|
1930437|
1930438|
1930439|
1930464|
1930465|
1930466|
1930467|
1930468|
1930469|
1930470|
1930471|
1930496|
1930497|
1930498|
1930499|
1930500|
1930501|
1930502|
1930503|
1930528|
1930529|
1930530|
1930531|
1930532|
1930533|
1930534|
1930535|
1930560|
1930561|
1930562|
1930563|
1930564|
1930565|
1930566|
1930567|
1930592|
1930593|
1930594|
1930595|
1930596|
1930597|
1930598|
1930599|
1930624|
1930625|
1930626|
1930627|
1930628|
1930629|
1930630|
1930631|
1930656|
1930657|
1930658|
1930659|
1930660|
1930661|
1930662|
1930663|
1930688|
1930689|
1930690|
1930691|
1930692|
1930693|
1930694|
1930695|
1930720|
1930721|
1930722|
1930723|
1930724|
1930725|
1930726|
1930727|
1930752|
1930753|
1930754|
1930755|
1930756|
1930757|
1930758|
1930759|
1930784|
1930785|
1930786|
1930787|
1930788|
1930789|
1930790|
1930791|
1930816|
1930817|
1930818|
1930819|
1930820|
1930821|
1930822|
1930823|
1930848|
1930849|
1930850|
1930851|
1930852|
1930853|
1930854|
1930855|
1930880|
1930881|
1930882|
1930883|
1930884|
1930885|
1930886|
1930887|
1930912|
1930913|
1930914|
1930915|
1930916|
1930917|
1930918|
1930919|
1930944|
1930945|
1930946|
1930947|
1930948|
1930949|
1930950|
1930951|
1930976|
1930977|
1930978|
1930979|
1930980|
1930981|
1930982|
1930983|
1931008|
1931009|
1931010|
1931011|
1931012|
1931013|
1931014|
1931015|
1931040|
1931041|
1931042|
1931043|
1931044|
1931045|
1931046|
1931047|
1931072|
1931073|
1931074|
1931075|
1931076|
1931077|
1931078|
1931079|
1931104|
1931105|
1931106|
1931107|
1931108|
1931109|
1931110|
1931111|
1931136|
1931137|
1931138|
1931139|
1931140|
1931141|
1931142|
1931143|
1931168|
1931169|
1931170|
1931171|
1931172|
1931173|
1931174|
1931175|
1931200|
1931201|
1931202|
1931203|
1931204|
1931205|
1931206|
1931207|
1931232|
1931233|
1931234|
1931235|
1931236|
1931237|
1931238|
1931239|
1931264|
1931265|
1931266|
1931267|
1931268|
1931269|
1931270|
1931271|
1931296|
1931297|
1931298|
1931299|
1931300|
1931301|
1931302|
1931303|
1931328|
1931329|
1931330|
1931331|
1931332|
1931333|
1931334|
1931335|
1931360|
1931361|
1931362|
1931363|
1931364|
1931365|
1931366|
1931367|
1931392|
1931393|
1931394|
1931395|
1931396|
1931397|
1931398|
1931399|
1931424|
1931425|
1931426|
1931427|
1931428|
1931429|
1931430|
1931431|
1931456|
1931457|
1931458|
1931459|
1931460|
1931461|
1931462|
1931463|
1931488|
1931489|
1931490|
1931491|
1931492|
1931493|
1931494|
1931495|
1931520|
1931521|
1931522|
1931523|
1931524|
1931525|
1931526|
1931527|
1931552|
1931553|
1931554|
1931555|
1931556|
1931557|
1931558|
1931559|
1931584|
1931585|
1931586|
1931587|
1931588|
1931589|
1931590|
1931591|
1931616|
1931617|
1931618|
1931619|
1931620|
1931621|
1931622|
1931623|
1931648|
1931649|
1931650|
1931651|
1931652|
1931653|
1931654|
1931655|
1931680|
1931681|
1931682|
1931683|
1931684|
1931685|
1931686|
1931687|
1931712|
1931713|
1931714|
1931715|
1931716|
1931717|
1931718|
1931719|
1931744|
1931745|
1931746|
1931747|
1931748|
1931749|
1931750|
1931751|
1931776|
1931777|
1931778|
1931779|
1931780|
1931781|
1931782|
1931783|
1931808|
1931809|
1931810|
1931811|
1931812|
1931813|
1931814|
1931815|
1931840|
1931841|
1931842|
1931843|
1931844|
1931845|
1931846|
1931847|
1931872|
1931873|
1931874|
1931875|
1931876|
1931877|
1931878|
1931879|
1931904|
1931905|
1931906|
1931907|
1931908|
1931909|
1931910|
1931911|
1931936|
1931937|
1931938|
1931939|
1931940|
1931941|
1931942|
1931943|
1931968|
1931969|
1931970|
1931971|
1931972|
1931973|
1931974|
1931975|
1932000|
