936001|
936002|
936003|
936004|
936005|
936006|
936007|
936032|
936033|
936034|
936035|
936036|
936037|
936038|
936039|
936064|
936065|
936066|
936067|
936068|
936069|
936070|
936071|
936096|
936097|
936098|
936099|
936100|
936101|
936102|
936103|
936128|
936129|
936130|
936131|
936132|
936133|
936134|
936135|
936160|
936161|
936162|
936163|
936164|
936165|
936166|
936167|
936192|
936193|
936194|
936195|
936196|
936197|
936198|
936199|
936224|
936225|
936226|
936227|
936228|
936229|
936230|
936231|
936256|
936257|
936258|
936259|
936260|
936261|
936262|
936263|
936288|
936289|
936290|
936291|
936292|
936293|
936294|
936295|
936320|
936321|
936322|
936323|
936324|
936325|
936326|
936327|
936352|
936353|
936354|
936355|
936356|
936357|
936358|
936359|
936384|
936385|
936386|
936387|
936388|
936389|
936390|
936391|
936416|
936417|
936418|
936419|
936420|
936421|
936422|
936423|
936448|
936449|
936450|
936451|
936452|
936453|
936454|
936455|
936480|
936481|
936482|
936483|
936484|
936485|
936486|
936487|
936512|
936513|
936514|
936515|
936516|
936517|
936518|
936519|
936544|
936545|
936546|
936547|
936548|
936549|
936550|
936551|
936576|
936577|
936578|
936579|
936580|
936581|
936582|
936583|
936608|
936609|
936610|
936611|
936612|
936613|
936614|
936615|
936640|
936641|
936642|
936643|
936644|
936645|
936646|
936647|
936672|
936673|
936674|
936675|
936676|
936677|
936678|
936679|
936704|
936705|
936706|
936707|
936708|
936709|
936710|
936711|
936736|
936737|
936738|
936739|
936740|
936741|
936742|
936743|
936768|
936769|
936770|
936771|
936772|
936773|
936774|
936775|
936800|
936801|
936802|
936803|
936804|
936805|
936806|
936807|
936832|
936833|
936834|
936835|
936836|
936837|
936838|
936839|
936864|
936865|
936866|
936867|
936868|
936869|
936870|
936871|
936896|
936897|
936898|
936899|
936900|
936901|
936902|
936903|
936928|
936929|
936930|
936931|
936932|
936933|
936934|
936935|
936960|
936961|
936962|
936963|
936964|
936965|
936966|
936967|
936992|
936993|
936994|
936995|
936996|
936997|
936998|
936999|
937024|
937025|
937026|
937027|
937028|
937029|
937030|
937031|
937056|
937057|
937058|
937059|
937060|
937061|
937062|
937063|
937088|
937089|
937090|
937091|
937092|
937093|
937094|
937095|
937120|
937121|
937122|
937123|
937124|
937125|
937126|
937127|
937152|
937153|
937154|
937155|
937156|
937157|
937158|
937159|
937184|
937185|
937186|
937187|
937188|
937189|
937190|
937191|
937216|
937217|
937218|
937219|
937220|
937221|
937222|
937223|
937248|
937249|
937250|
937251|
937252|
937253|
937254|
937255|
937280|
937281|
937282|
937283|
937284|
937285|
937286|
937287|
937312|
937313|
937314|
937315|
937316|
937317|
937318|
937319|
937344|
937345|
937346|
937347|
937348|
937349|
937350|
937351|
937376|
937377|
937378|
937379|
937380|
937381|
937382|
937383|
937408|
937409|
937410|
937411|
937412|
937413|
937414|
937415|
937440|
937441|
937442|
937443|
937444|
937445|
937446|
937447|
937472|
937473|
937474|
937475|
937476|
937477|
937478|
937479|
937504|
937505|
937506|
937507|
937508|
937509|
937510|
937511|
937536|
937537|
937538|
937539|
937540|
937541|
937542|
937543|
937568|
937569|
937570|
937571|
937572|
937573|
937574|
937575|
937600|
937601|
937602|
937603|
937604|
937605|
937606|
937607|
937632|
937633|
937634|
937635|
937636|
937637|
937638|
937639|
937664|
937665|
937666|
937667|
937668|
937669|
937670|
937671|
937696|
937697|
937698|
937699|
937700|
937701|
937702|
937703|
937728|
937729|
937730|
937731|
937732|
937733|
937734|
937735|
937760|
937761|
937762|
937763|
937764|
937765|
937766|
937767|
937792|
937793|
937794|
937795|
937796|
937797|
937798|
937799|
937824|
937825|
937826|
937827|
937828|
937829|
937830|
937831|
937856|
937857|
937858|
937859|
937860|
937861|
937862|
937863|
937888|
937889|
937890|
937891|
937892|
937893|
937894|
937895|
937920|
937921|
937922|
937923|
937924|
937925|
937926|
937927|
937952|
937953|
937954|
937955|
937956|
937957|
937958|
937959|
937984|
937985|
937986|
937987|
937988|
937989|
937990|
937991|
938016|
938017|
938018|
938019|
938020|
938021|
938022|
938023|
938048|
938049|
938050|
938051|
938052|
938053|
938054|
938055|
938080|
938081|
938082|
938083|
938084|
938085|
938086|
938087|
938112|
938113|
938114|
938115|
938116|
938117|
938118|
938119|
938144|
938145|
938146|
938147|
938148|
938149|
938150|
938151|
938176|
938177|
938178|
938179|
938180|
938181|
938182|
938183|
938208|
938209|
938210|
938211|
938212|
938213|
938214|
938215|
938240|
938241|
938242|
938243|
938244|
938245|
938246|
938247|
938272|
938273|
938274|
938275|
938276|
938277|
938278|
938279|
938304|
938305|
938306|
938307|
938308|
938309|
938310|
938311|
938336|
938337|
938338|
938339|
938340|
938341|
938342|
938343|
938368|
938369|
938370|
938371|
938372|
938373|
938374|
938375|
938400|
938401|
938402|
938403|
938404|
938405|
938406|
938407|
938432|
938433|
938434|
938435|
938436|
938437|
938438|
938439|
938464|
938465|
938466|
938467|
938468|
938469|
938470|
938471|
938496|
938497|
938498|
938499|
938500|
938501|
938502|
938503|
938528|
938529|
938530|
938531|
938532|
938533|
938534|
938535|
938560|
938561|
938562|
938563|
938564|
938565|
938566|
938567|
938592|
938593|
938594|
938595|
938596|
938597|
938598|
938599|
938624|
938625|
938626|
938627|
938628|
938629|
938630|
938631|
938656|
938657|
938658|
938659|
938660|
938661|
938662|
938663|
938688|
938689|
938690|
938691|
938692|
938693|
938694|
938695|
938720|
938721|
938722|
938723|
938724|
938725|
938726|
938727|
938752|
938753|
938754|
938755|
938756|
938757|
938758|
938759|
938784|
938785|
938786|
938787|
938788|
938789|
938790|
938791|
938816|
938817|
938818|
938819|
938820|
938821|
938822|
938823|
938848|
938849|
938850|
938851|
938852|
938853|
938854|
938855|
938880|
938881|
938882|
938883|
938884|
938885|
938886|
938887|
938912|
938913|
938914|
938915|
938916|
938917|
938918|
938919|
938944|
938945|
938946|
938947|
938948|
938949|
938950|
938951|
938976|
938977|
938978|
938979|
938980|
938981|
938982|
938983|
939008|
939009|
939010|
939011|
939012|
939013|
939014|
939015|
939040|
939041|
939042|
939043|
939044|
939045|
939046|
939047|
939072|
939073|
939074|
939075|
939076|
939077|
939078|
939079|
939104|
939105|
939106|
939107|
939108|
939109|
939110|
939111|
939136|
939137|
939138|
939139|
939140|
939141|
939142|
939143|
939168|
939169|
939170|
939171|
939172|
939173|
939174|
939175|
939200|
939201|
939202|
939203|
939204|
939205|
939206|
939207|
939232|
939233|
939234|
939235|
939236|
939237|
939238|
939239|
939264|
939265|
939266|
939267|
939268|
939269|
939270|
939271|
939296|
939297|
939298|
939299|
939300|
939301|
939302|
939303|
939328|
939329|
939330|
939331|
939332|
939333|
939334|
939335|
939360|
939361|
939362|
939363|
939364|
939365|
939366|
939367|
939392|
939393|
939394|
939395|
939396|
939397|
939398|
939399|
939424|
939425|
939426|
939427|
939428|
939429|
939430|
939431|
939456|
939457|
939458|
939459|
939460|
939461|
939462|
939463|
939488|
939489|
939490|
939491|
939492|
939493|
939494|
939495|
939520|
939521|
939522|
939523|
939524|
939525|
939526|
939527|
939552|
939553|
939554|
939555|
939556|
939557|
939558|
939559|
939584|
939585|
939586|
939587|
939588|
939589|
939590|
939591|
939616|
939617|
939618|
939619|
939620|
939621|
939622|
939623|
939648|
939649|
939650|
939651|
939652|
939653|
939654|
939655|
939680|
939681|
939682|
939683|
939684|
939685|
939686|
939687|
939712|
939713|
939714|
939715|
939716|
939717|
939718|
939719|
939744|
939745|
939746|
939747|
939748|
939749|
939750|
939751|
939776|
939777|
939778|
939779|
939780|
939781|
939782|
939783|
939808|
939809|
939810|
939811|
939812|
939813|
939814|
939815|
939840|
939841|
939842|
939843|
939844|
939845|
939846|
939847|
939872|
939873|
939874|
939875|
939876|
939877|
939878|
939879|
939904|
939905|
939906|
939907|
939908|
939909|
939910|
939911|
939936|
939937|
939938|
939939|
939940|
939941|
939942|
939943|
939968|
939969|
939970|
939971|
939972|
939973|
939974|
939975|
940000|
940001|
940002|
940003|
940004|
940005|
940006|
940007|
940032|
940033|
940034|
940035|
940036|
940037|
940038|
940039|
940064|
940065|
940066|
940067|
940068|
940069|
940070|
940071|
940096|
940097|
940098|
940099|
940100|
940101|
940102|
940103|
940128|
940129|
940130|
940131|
940132|
940133|
940134|
940135|
940160|
940161|
940162|
940163|
940164|
940165|
940166|
940167|
940192|
940193|
940194|
940195|
940196|
940197|
940198|
940199|
940224|
940225|
940226|
940227|
940228|
940229|
940230|
940231|
940256|
940257|
940258|
940259|
940260|
940261|
940262|
940263|
940288|
940289|
940290|
940291|
940292|
940293|
940294|
940295|
940320|
940321|
940322|
940323|
940324|
940325|
940326|
940327|
940352|
940353|
940354|
940355|
940356|
940357|
940358|
940359|
940384|
940385|
940386|
940387|
940388|
940389|
940390|
940391|
940416|
940417|
940418|
940419|
940420|
940421|
940422|
940423|
940448|
940449|
940450|
940451|
940452|
940453|
940454|
940455|
940480|
940481|
940482|
940483|
940484|
940485|
940486|
940487|
940512|
940513|
940514|
940515|
940516|
940517|
940518|
940519|
940544|
940545|
940546|
940547|
940548|
940549|
940550|
940551|
940576|
940577|
940578|
940579|
940580|
940581|
940582|
940583|
940608|
940609|
940610|
940611|
940612|
940613|
940614|
940615|
940640|
940641|
940642|
940643|
940644|
940645|
940646|
940647|
940672|
940673|
940674|
940675|
940676|
940677|
940678|
940679|
940704|
940705|
940706|
940707|
940708|
940709|
940710|
940711|
940736|
940737|
940738|
940739|
940740|
940741|
940742|
940743|
940768|
940769|
940770|
940771|
940772|
940773|
940774|
940775|
940800|
940801|
940802|
940803|
940804|
940805|
940806|
940807|
940832|
940833|
940834|
940835|
940836|
940837|
940838|
940839|
940864|
940865|
940866|
940867|
940868|
940869|
940870|
940871|
940896|
940897|
940898|
940899|
940900|
940901|
940902|
940903|
940928|
940929|
940930|
940931|
940932|
940933|
940934|
940935|
940960|
940961|
940962|
940963|
940964|
940965|
940966|
940967|
940992|
940993|
940994|
940995|
940996|
940997|
940998|
940999|
941024|
941025|
941026|
941027|
941028|
941029|
941030|
941031|
941056|
941057|
941058|
941059|
941060|
941061|
941062|
941063|
941088|
941089|
941090|
941091|
941092|
941093|
941094|
941095|
941120|
941121|
941122|
941123|
941124|
941125|
941126|
941127|
941152|
941153|
941154|
941155|
941156|
941157|
941158|
941159|
941184|
941185|
941186|
941187|
941188|
941189|
941190|
941191|
941216|
941217|
941218|
941219|
941220|
941221|
941222|
941223|
941248|
941249|
941250|
941251|
941252|
941253|
941254|
941255|
941280|
941281|
941282|
941283|
941284|
941285|
941286|
941287|
941312|
941313|
941314|
941315|
941316|
941317|
941318|
941319|
941344|
941345|
941346|
941347|
941348|
941349|
941350|
941351|
941376|
941377|
941378|
941379|
941380|
941381|
941382|
941383|
941408|
941409|
941410|
941411|
941412|
941413|
941414|
941415|
941440|
941441|
941442|
941443|
941444|
941445|
941446|
941447|
941472|
941473|
941474|
941475|
941476|
941477|
941478|
941479|
941504|
941505|
941506|
941507|
941508|
941509|
941510|
941511|
941536|
941537|
941538|
941539|
941540|
941541|
941542|
941543|
941568|
941569|
941570|
941571|
941572|
941573|
941574|
941575|
941600|
941601|
941602|
941603|
941604|
941605|
941606|
941607|
941632|
941633|
941634|
941635|
941636|
941637|
941638|
941639|
941664|
941665|
941666|
941667|
941668|
941669|
941670|
941671|
941696|
941697|
941698|
941699|
941700|
941701|
941702|
941703|
941728|
941729|
941730|
941731|
941732|
941733|
941734|
941735|
941760|
941761|
941762|
941763|
941764|
941765|
941766|
941767|
941792|
941793|
941794|
941795|
941796|
941797|
941798|
941799|
941824|
941825|
941826|
941827|
941828|
941829|
941830|
941831|
941856|
941857|
941858|
941859|
941860|
941861|
941862|
941863|
941888|
941889|
941890|
941891|
941892|
941893|
941894|
941895|
941920|
941921|
941922|
941923|
941924|
941925|
941926|
941927|
941952|
941953|
941954|
941955|
941956|
941957|
941958|
941959|
941984|
941985|
941986|
941987|
941988|
