1584001|
1584002|
1584003|
1584004|
1584005|
1584006|
1584007|
1584032|
1584033|
1584034|
1584035|
1584036|
1584037|
1584038|
1584039|
1584064|
1584065|
1584066|
1584067|
1584068|
1584069|
1584070|
1584071|
1584096|
1584097|
1584098|
1584099|
1584100|
1584101|
1584102|
1584103|
1584128|
1584129|
1584130|
1584131|
1584132|
1584133|
1584134|
1584135|
1584160|
1584161|
1584162|
1584163|
1584164|
1584165|
1584166|
1584167|
1584192|
1584193|
1584194|
1584195|
1584196|
1584197|
1584198|
1584199|
1584224|
1584225|
1584226|
1584227|
1584228|
1584229|
1584230|
1584231|
1584256|
1584257|
1584258|
1584259|
1584260|
1584261|
1584262|
1584263|
1584288|
1584289|
1584290|
1584291|
1584292|
1584293|
1584294|
1584295|
1584320|
1584321|
1584322|
1584323|
1584324|
1584325|
1584326|
1584327|
1584352|
1584353|
1584354|
1584355|
1584356|
1584357|
1584358|
1584359|
1584384|
1584385|
1584386|
1584387|
1584388|
1584389|
1584390|
1584391|
1584416|
1584417|
1584418|
1584419|
1584420|
1584421|
1584422|
1584423|
1584448|
1584449|
1584450|
1584451|
1584452|
1584453|
1584454|
1584455|
1584480|
1584481|
1584482|
1584483|
1584484|
1584485|
1584486|
1584487|
1584512|
1584513|
1584514|
1584515|
1584516|
1584517|
1584518|
1584519|
1584544|
1584545|
1584546|
1584547|
1584548|
1584549|
1584550|
1584551|
1584576|
1584577|
1584578|
1584579|
1584580|
1584581|
1584582|
1584583|
1584608|
1584609|
1584610|
1584611|
1584612|
1584613|
1584614|
1584615|
1584640|
1584641|
1584642|
1584643|
1584644|
1584645|
1584646|
1584647|
1584672|
1584673|
1584674|
1584675|
1584676|
1584677|
1584678|
1584679|
1584704|
1584705|
1584706|
1584707|
1584708|
1584709|
1584710|
1584711|
1584736|
1584737|
1584738|
1584739|
1584740|
1584741|
1584742|
1584743|
1584768|
1584769|
1584770|
1584771|
1584772|
1584773|
1584774|
1584775|
1584800|
1584801|
1584802|
1584803|
1584804|
1584805|
1584806|
1584807|
1584832|
1584833|
1584834|
1584835|
1584836|
1584837|
1584838|
1584839|
1584864|
1584865|
1584866|
1584867|
1584868|
1584869|
1584870|
1584871|
1584896|
1584897|
1584898|
1584899|
1584900|
1584901|
1584902|
1584903|
1584928|
1584929|
1584930|
1584931|
1584932|
1584933|
1584934|
1584935|
1584960|
1584961|
1584962|
1584963|
1584964|
1584965|
1584966|
1584967|
1584992|
1584993|
1584994|
1584995|
1584996|
1584997|
1584998|
1584999|
1585024|
1585025|
1585026|
1585027|
1585028|
1585029|
1585030|
1585031|
1585056|
1585057|
1585058|
1585059|
1585060|
1585061|
1585062|
1585063|
1585088|
1585089|
1585090|
1585091|
1585092|
1585093|
1585094|
1585095|
1585120|
1585121|
1585122|
1585123|
1585124|
1585125|
1585126|
1585127|
1585152|
1585153|
1585154|
1585155|
1585156|
1585157|
1585158|
1585159|
1585184|
1585185|
1585186|
1585187|
1585188|
1585189|
1585190|
1585191|
1585216|
1585217|
1585218|
1585219|
1585220|
1585221|
1585222|
1585223|
1585248|
1585249|
1585250|
1585251|
1585252|
1585253|
1585254|
1585255|
1585280|
1585281|
1585282|
1585283|
1585284|
1585285|
1585286|
1585287|
1585312|
1585313|
1585314|
1585315|
1585316|
1585317|
1585318|
1585319|
1585344|
1585345|
1585346|
1585347|
1585348|
1585349|
1585350|
1585351|
1585376|
1585377|
1585378|
1585379|
1585380|
1585381|
1585382|
1585383|
1585408|
1585409|
1585410|
1585411|
1585412|
1585413|
1585414|
1585415|
1585440|
1585441|
1585442|
1585443|
1585444|
1585445|
1585446|
1585447|
1585472|
1585473|
1585474|
1585475|
1585476|
1585477|
1585478|
1585479|
1585504|
1585505|
1585506|
1585507|
1585508|
1585509|
1585510|
1585511|
1585536|
1585537|
1585538|
1585539|
1585540|
1585541|
1585542|
1585543|
1585568|
1585569|
1585570|
1585571|
1585572|
1585573|
1585574|
1585575|
1585600|
1585601|
1585602|
1585603|
1585604|
1585605|
1585606|
1585607|
1585632|
1585633|
1585634|
1585635|
1585636|
1585637|
1585638|
1585639|
1585664|
1585665|
1585666|
1585667|
1585668|
1585669|
1585670|
1585671|
1585696|
1585697|
1585698|
1585699|
1585700|
1585701|
1585702|
1585703|
1585728|
1585729|
1585730|
1585731|
1585732|
1585733|
1585734|
1585735|
1585760|
1585761|
1585762|
1585763|
1585764|
1585765|
1585766|
1585767|
1585792|
1585793|
1585794|
1585795|
1585796|
1585797|
1585798|
1585799|
1585824|
1585825|
1585826|
1585827|
1585828|
1585829|
1585830|
1585831|
1585856|
1585857|
1585858|
1585859|
1585860|
1585861|
1585862|
1585863|
1585888|
1585889|
1585890|
1585891|
1585892|
1585893|
1585894|
1585895|
1585920|
1585921|
1585922|
1585923|
1585924|
1585925|
1585926|
1585927|
1585952|
1585953|
1585954|
1585955|
1585956|
1585957|
1585958|
1585959|
1585984|
1585985|
1585986|
1585987|
1585988|
1585989|
1585990|
1585991|
1586016|
1586017|
1586018|
1586019|
1586020|
1586021|
1586022|
1586023|
1586048|
1586049|
1586050|
1586051|
1586052|
1586053|
1586054|
1586055|
1586080|
1586081|
1586082|
1586083|
1586084|
1586085|
1586086|
1586087|
1586112|
1586113|
1586114|
1586115|
1586116|
1586117|
1586118|
1586119|
1586144|
1586145|
1586146|
1586147|
1586148|
1586149|
1586150|
1586151|
1586176|
1586177|
1586178|
1586179|
1586180|
1586181|
1586182|
1586183|
1586208|
1586209|
1586210|
1586211|
1586212|
1586213|
1586214|
1586215|
1586240|
1586241|
1586242|
1586243|
1586244|
1586245|
1586246|
1586247|
1586272|
1586273|
1586274|
1586275|
1586276|
1586277|
1586278|
1586279|
1586304|
1586305|
1586306|
1586307|
1586308|
1586309|
1586310|
1586311|
1586336|
1586337|
1586338|
1586339|
1586340|
1586341|
1586342|
1586343|
1586368|
1586369|
1586370|
1586371|
1586372|
1586373|
1586374|
1586375|
1586400|
1586401|
1586402|
1586403|
1586404|
1586405|
1586406|
1586407|
1586432|
1586433|
1586434|
1586435|
1586436|
1586437|
1586438|
1586439|
1586464|
1586465|
1586466|
1586467|
1586468|
1586469|
1586470|
1586471|
1586496|
1586497|
1586498|
1586499|
1586500|
1586501|
1586502|
1586503|
1586528|
1586529|
1586530|
1586531|
1586532|
1586533|
1586534|
1586535|
1586560|
1586561|
1586562|
1586563|
1586564|
1586565|
1586566|
1586567|
1586592|
1586593|
1586594|
1586595|
1586596|
1586597|
1586598|
1586599|
1586624|
1586625|
1586626|
1586627|
1586628|
1586629|
1586630|
1586631|
1586656|
1586657|
1586658|
1586659|
1586660|
1586661|
1586662|
1586663|
1586688|
1586689|
1586690|
1586691|
1586692|
1586693|
1586694|
1586695|
1586720|
1586721|
1586722|
1586723|
1586724|
1586725|
1586726|
1586727|
1586752|
1586753|
1586754|
1586755|
1586756|
1586757|
1586758|
1586759|
1586784|
1586785|
1586786|
1586787|
1586788|
1586789|
1586790|
1586791|
1586816|
1586817|
1586818|
1586819|
1586820|
1586821|
1586822|
1586823|
1586848|
1586849|
1586850|
1586851|
1586852|
1586853|
1586854|
1586855|
1586880|
1586881|
1586882|
1586883|
1586884|
1586885|
1586886|
1586887|
1586912|
1586913|
1586914|
1586915|
1586916|
1586917|
1586918|
1586919|
1586944|
1586945|
1586946|
1586947|
1586948|
1586949|
1586950|
1586951|
1586976|
1586977|
1586978|
1586979|
1586980|
1586981|
1586982|
1586983|
1587008|
1587009|
1587010|
1587011|
1587012|
1587013|
1587014|
1587015|
1587040|
1587041|
1587042|
1587043|
1587044|
1587045|
1587046|
1587047|
1587072|
1587073|
1587074|
1587075|
1587076|
1587077|
1587078|
1587079|
1587104|
1587105|
1587106|
1587107|
1587108|
1587109|
1587110|
1587111|
1587136|
1587137|
1587138|
1587139|
1587140|
1587141|
1587142|
1587143|
1587168|
1587169|
1587170|
1587171|
1587172|
1587173|
1587174|
1587175|
1587200|
1587201|
1587202|
1587203|
1587204|
1587205|
1587206|
1587207|
1587232|
1587233|
1587234|
1587235|
1587236|
1587237|
1587238|
1587239|
1587264|
1587265|
1587266|
1587267|
1587268|
1587269|
1587270|
1587271|
1587296|
1587297|
1587298|
1587299|
1587300|
1587301|
1587302|
1587303|
1587328|
1587329|
1587330|
1587331|
1587332|
1587333|
1587334|
1587335|
1587360|
1587361|
1587362|
1587363|
1587364|
1587365|
1587366|
1587367|
1587392|
1587393|
1587394|
1587395|
1587396|
1587397|
1587398|
1587399|
1587424|
1587425|
1587426|
1587427|
1587428|
1587429|
1587430|
1587431|
1587456|
1587457|
1587458|
1587459|
1587460|
1587461|
1587462|
1587463|
1587488|
1587489|
1587490|
1587491|
1587492|
1587493|
1587494|
1587495|
1587520|
1587521|
1587522|
1587523|
1587524|
1587525|
1587526|
1587527|
1587552|
1587553|
1587554|
1587555|
1587556|
1587557|
1587558|
1587559|
1587584|
1587585|
1587586|
1587587|
1587588|
1587589|
1587590|
1587591|
1587616|
1587617|
1587618|
1587619|
1587620|
1587621|
1587622|
1587623|
1587648|
1587649|
1587650|
1587651|
1587652|
1587653|
1587654|
1587655|
1587680|
1587681|
1587682|
1587683|
1587684|
1587685|
1587686|
1587687|
1587712|
1587713|
1587714|
1587715|
1587716|
1587717|
1587718|
1587719|
1587744|
1587745|
1587746|
1587747|
1587748|
1587749|
1587750|
1587751|
1587776|
1587777|
1587778|
1587779|
1587780|
1587781|
1587782|
1587783|
1587808|
1587809|
1587810|
1587811|
1587812|
1587813|
1587814|
1587815|
1587840|
1587841|
1587842|
1587843|
1587844|
1587845|
1587846|
1587847|
1587872|
1587873|
1587874|
1587875|
1587876|
1587877|
1587878|
1587879|
1587904|
1587905|
1587906|
1587907|
1587908|
1587909|
1587910|
1587911|
1587936|
1587937|
1587938|
1587939|
1587940|
1587941|
1587942|
1587943|
1587968|
1587969|
1587970|
1587971|
1587972|
1587973|
1587974|
1587975|
1588000|
1588001|
1588002|
1588003|
1588004|
1588005|
1588006|
1588007|
1588032|
1588033|
1588034|
1588035|
1588036|
1588037|
1588038|
1588039|
1588064|
1588065|
1588066|
1588067|
1588068|
1588069|
1588070|
1588071|
1588096|
1588097|
1588098|
1588099|
1588100|
1588101|
1588102|
1588103|
1588128|
1588129|
1588130|
1588131|
1588132|
1588133|
1588134|
1588135|
1588160|
1588161|
1588162|
1588163|
1588164|
1588165|
1588166|
1588167|
1588192|
1588193|
1588194|
1588195|
1588196|
1588197|
1588198|
1588199|
1588224|
1588225|
1588226|
1588227|
1588228|
1588229|
1588230|
1588231|
1588256|
1588257|
1588258|
1588259|
1588260|
1588261|
1588262|
1588263|
1588288|
1588289|
1588290|
1588291|
1588292|
1588293|
1588294|
1588295|
1588320|
1588321|
1588322|
1588323|
1588324|
1588325|
1588326|
1588327|
1588352|
1588353|
1588354|
1588355|
1588356|
1588357|
1588358|
1588359|
1588384|
1588385|
1588386|
1588387|
1588388|
1588389|
1588390|
1588391|
1588416|
1588417|
1588418|
1588419|
1588420|
1588421|
1588422|
1588423|
1588448|
1588449|
1588450|
1588451|
1588452|
1588453|
1588454|
1588455|
1588480|
1588481|
1588482|
1588483|
1588484|
1588485|
1588486|
1588487|
1588512|
1588513|
1588514|
1588515|
1588516|
1588517|
1588518|
1588519|
1588544|
1588545|
1588546|
1588547|
1588548|
1588549|
1588550|
1588551|
1588576|
1588577|
1588578|
1588579|
1588580|
1588581|
1588582|
1588583|
1588608|
1588609|
1588610|
1588611|
1588612|
1588613|
1588614|
1588615|
1588640|
1588641|
1588642|
1588643|
1588644|
1588645|
1588646|
1588647|
1588672|
1588673|
1588674|
1588675|
1588676|
1588677|
1588678|
1588679|
1588704|
1588705|
1588706|
1588707|
1588708|
1588709|
1588710|
1588711|
1588736|
1588737|
1588738|
1588739|
1588740|
1588741|
1588742|
1588743|
1588768|
1588769|
1588770|
1588771|
1588772|
1588773|
1588774|
1588775|
1588800|
1588801|
1588802|
1588803|
1588804|
1588805|
1588806|
1588807|
1588832|
1588833|
1588834|
1588835|
1588836|
1588837|
1588838|
1588839|
1588864|
1588865|
1588866|
1588867|
1588868|
1588869|
1588870|
1588871|
1588896|
1588897|
1588898|
1588899|
1588900|
1588901|
1588902|
1588903|
1588928|
1588929|
1588930|
1588931|
1588932|
1588933|
1588934|
1588935|
1588960|
1588961|
1588962|
1588963|
1588964|
1588965|
1588966|
1588967|
1588992|
1588993|
1588994|
1588995|
1588996|
1588997|
1588998|
1588999|
1589024|
1589025|
1589026|
1589027|
1589028|
1589029|
1589030|
1589031|
1589056|
1589057|
1589058|
1589059|
1589060|
1589061|
1589062|
1589063|
1589088|
1589089|
1589090|
1589091|
1589092|
1589093|
1589094|
1589095|
1589120|
1589121|
1589122|
1589123|
1589124|
1589125|
1589126|
1589127|
1589152|
1589153|
1589154|
1589155|
1589156|
1589157|
1589158|
1589159|
1589184|
1589185|
1589186|
1589187|
1589188|
1589189|
1589190|
1589191|
1589216|
1589217|
1589218|
1589219|
1589220|
1589221|
1589222|
1589223|
1589248|
1589249|
1589250|
1589251|
1589252|
1589253|
1589254|
1589255|
1589280|
1589281|
1589282|
1589283|
1589284|
1589285|
1589286|
1589287|
1589312|
1589313|
1589314|
1589315|
1589316|
1589317|
1589318|
1589319|
1589344|
1589345|
1589346|
1589347|
1589348|
1589349|
1589350|
1589351|
1589376|
1589377|
1589378|
1589379|
1589380|
1589381|
1589382|
1589383|
1589408|
1589409|
1589410|
1589411|
1589412|
1589413|
1589414|
1589415|
1589440|
1589441|
1589442|
1589443|
1589444|
1589445|
1589446|
1589447|
1589472|
1589473|
1589474|
1589475|
1589476|
1589477|
1589478|
1589479|
1589504|
1589505|
1589506|
1589507|
1589508|
1589509|
1589510|
1589511|
1589536|
1589537|
1589538|
1589539|
1589540|
1589541|
1589542|
1589543|
1589568|
1589569|
1589570|
1589571|
1589572|
1589573|
1589574|
1589575|
1589600|
1589601|
1589602|
1589603|
1589604|
1589605|
1589606|
1589607|
1589632|
1589633|
1589634|
1589635|
1589636|
1589637|
1589638|
1589639|
1589664|
1589665|
1589666|
1589667|
1589668|
1589669|
1589670|
1589671|
1589696|
1589697|
1589698|
1589699|
1589700|
1589701|
1589702|
1589703|
1589728|
1589729|
1589730|
1589731|
1589732|
1589733|
1589734|
1589735|
1589760|
1589761|
1589762|
1589763|
1589764|
1589765|
1589766|
1589767|
1589792|
1589793|
1589794|
1589795|
1589796|
1589797|
1589798|
1589799|
1589824|
1589825|
1589826|
1589827|
1589828|
1589829|
1589830|
1589831|
1589856|
1589857|
1589858|
1589859|
1589860|
1589861|
1589862|
1589863|
1589888|
1589889|
1589890|
1589891|
1589892|
1589893|
1589894|
1589895|
1589920|
1589921|
1589922|
1589923|
1589924|
1589925|
1589926|
1589927|
1589952|
1589953|
1589954|
1589955|
1589956|
1589957|
1589958|
1589959|
1589984|
1589985|
1589986|
1589987|
1589988|
