2880001|
2880002|
2880003|
2880004|
2880005|
2880006|
2880007|
2880032|
2880033|
2880034|
2880035|
2880036|
2880037|
2880038|
2880039|
2880064|
2880065|
2880066|
2880067|
2880068|
2880069|
2880070|
2880071|
2880096|
2880097|
2880098|
2880099|
2880100|
2880101|
2880102|
2880103|
2880128|
2880129|
2880130|
2880131|
2880132|
2880133|
2880134|
2880135|
2880160|
2880161|
2880162|
2880163|
2880164|
2880165|
2880166|
2880167|
2880192|
2880193|
2880194|
2880195|
2880196|
2880197|
2880198|
2880199|
2880224|
2880225|
2880226|
2880227|
2880228|
2880229|
2880230|
2880231|
2880256|
2880257|
2880258|
2880259|
2880260|
2880261|
2880262|
2880263|
2880288|
2880289|
2880290|
2880291|
2880292|
2880293|
2880294|
2880295|
2880320|
2880321|
2880322|
2880323|
2880324|
2880325|
2880326|
2880327|
2880352|
2880353|
2880354|
2880355|
2880356|
2880357|
2880358|
2880359|
2880384|
2880385|
2880386|
2880387|
2880388|
2880389|
2880390|
2880391|
2880416|
2880417|
2880418|
2880419|
2880420|
2880421|
2880422|
2880423|
2880448|
2880449|
2880450|
2880451|
2880452|
2880453|
2880454|
2880455|
2880480|
2880481|
2880482|
2880483|
2880484|
2880485|
2880486|
2880487|
2880512|
2880513|
2880514|
2880515|
2880516|
2880517|
2880518|
2880519|
2880544|
2880545|
2880546|
2880547|
2880548|
2880549|
2880550|
2880551|
2880576|
2880577|
2880578|
2880579|
2880580|
2880581|
2880582|
2880583|
2880608|
2880609|
2880610|
2880611|
2880612|
2880613|
2880614|
2880615|
2880640|
2880641|
2880642|
2880643|
2880644|
2880645|
2880646|
2880647|
2880672|
2880673|
2880674|
2880675|
2880676|
2880677|
2880678|
2880679|
2880704|
2880705|
2880706|
2880707|
2880708|
2880709|
2880710|
2880711|
2880736|
2880737|
2880738|
2880739|
2880740|
2880741|
2880742|
2880743|
2880768|
2880769|
2880770|
2880771|
2880772|
2880773|
2880774|
2880775|
2880800|
2880801|
2880802|
2880803|
2880804|
2880805|
2880806|
2880807|
2880832|
2880833|
2880834|
2880835|
2880836|
2880837|
2880838|
2880839|
2880864|
2880865|
2880866|
2880867|
2880868|
2880869|
2880870|
2880871|
2880896|
2880897|
2880898|
2880899|
2880900|
2880901|
2880902|
2880903|
2880928|
2880929|
2880930|
2880931|
2880932|
2880933|
2880934|
2880935|
2880960|
2880961|
2880962|
2880963|
2880964|
2880965|
2880966|
2880967|
2880992|
2880993|
2880994|
2880995|
2880996|
2880997|
2880998|
2880999|
2881024|
2881025|
2881026|
2881027|
2881028|
2881029|
2881030|
2881031|
2881056|
2881057|
2881058|
2881059|
2881060|
2881061|
2881062|
2881063|
2881088|
2881089|
2881090|
2881091|
2881092|
2881093|
2881094|
2881095|
2881120|
2881121|
2881122|
2881123|
2881124|
2881125|
2881126|
2881127|
2881152|
2881153|
2881154|
2881155|
2881156|
2881157|
2881158|
2881159|
2881184|
2881185|
2881186|
2881187|
2881188|
2881189|
2881190|
2881191|
2881216|
2881217|
2881218|
2881219|
2881220|
2881221|
2881222|
2881223|
2881248|
2881249|
2881250|
2881251|
2881252|
2881253|
2881254|
2881255|
2881280|
2881281|
2881282|
2881283|
2881284|
2881285|
2881286|
2881287|
2881312|
2881313|
2881314|
2881315|
2881316|
2881317|
2881318|
2881319|
2881344|
2881345|
2881346|
2881347|
2881348|
2881349|
2881350|
2881351|
2881376|
2881377|
2881378|
2881379|
2881380|
2881381|
2881382|
2881383|
2881408|
2881409|
2881410|
2881411|
2881412|
2881413|
2881414|
2881415|
2881440|
2881441|
2881442|
2881443|
2881444|
2881445|
2881446|
2881447|
2881472|
2881473|
2881474|
2881475|
2881476|
2881477|
2881478|
2881479|
2881504|
2881505|
2881506|
2881507|
2881508|
2881509|
2881510|
2881511|
2881536|
2881537|
2881538|
2881539|
2881540|
2881541|
2881542|
2881543|
2881568|
2881569|
2881570|
2881571|
2881572|
2881573|
2881574|
2881575|
2881600|
2881601|
2881602|
2881603|
2881604|
2881605|
2881606|
2881607|
2881632|
2881633|
2881634|
2881635|
2881636|
2881637|
2881638|
2881639|
2881664|
2881665|
2881666|
2881667|
2881668|
2881669|
2881670|
2881671|
2881696|
2881697|
2881698|
2881699|
2881700|
2881701|
2881702|
2881703|
2881728|
2881729|
2881730|
2881731|
2881732|
2881733|
2881734|
2881735|
2881760|
2881761|
2881762|
2881763|
2881764|
2881765|
2881766|
2881767|
2881792|
2881793|
2881794|
2881795|
2881796|
2881797|
2881798|
2881799|
2881824|
2881825|
2881826|
2881827|
2881828|
2881829|
2881830|
2881831|
2881856|
2881857|
2881858|
2881859|
2881860|
2881861|
2881862|
2881863|
2881888|
2881889|
2881890|
2881891|
2881892|
2881893|
2881894|
2881895|
2881920|
2881921|
2881922|
2881923|
2881924|
2881925|
2881926|
2881927|
2881952|
2881953|
2881954|
2881955|
2881956|
2881957|
2881958|
2881959|
2881984|
2881985|
2881986|
2881987|
2881988|
2881989|
2881990|
2881991|
2882016|
2882017|
2882018|
2882019|
2882020|
2882021|
2882022|
2882023|
2882048|
2882049|
2882050|
2882051|
2882052|
2882053|
2882054|
2882055|
2882080|
2882081|
2882082|
2882083|
2882084|
2882085|
2882086|
2882087|
2882112|
2882113|
2882114|
2882115|
2882116|
2882117|
2882118|
2882119|
2882144|
2882145|
2882146|
2882147|
2882148|
2882149|
2882150|
2882151|
2882176|
2882177|
2882178|
2882179|
2882180|
2882181|
2882182|
2882183|
2882208|
2882209|
2882210|
2882211|
2882212|
2882213|
2882214|
2882215|
2882240|
2882241|
2882242|
2882243|
2882244|
2882245|
2882246|
2882247|
2882272|
2882273|
2882274|
2882275|
2882276|
2882277|
2882278|
2882279|
2882304|
2882305|
2882306|
2882307|
2882308|
2882309|
2882310|
2882311|
2882336|
2882337|
2882338|
2882339|
2882340|
2882341|
2882342|
2882343|
2882368|
2882369|
2882370|
2882371|
2882372|
2882373|
2882374|
2882375|
2882400|
2882401|
2882402|
2882403|
2882404|
2882405|
2882406|
2882407|
2882432|
2882433|
2882434|
2882435|
2882436|
2882437|
2882438|
2882439|
2882464|
2882465|
2882466|
2882467|
2882468|
2882469|
2882470|
2882471|
2882496|
2882497|
2882498|
2882499|
2882500|
2882501|
2882502|
2882503|
2882528|
2882529|
2882530|
2882531|
2882532|
2882533|
2882534|
2882535|
2882560|
2882561|
2882562|
2882563|
2882564|
2882565|
2882566|
2882567|
2882592|
2882593|
2882594|
2882595|
2882596|
2882597|
2882598|
2882599|
2882624|
2882625|
2882626|
2882627|
2882628|
2882629|
2882630|
2882631|
2882656|
2882657|
2882658|
2882659|
2882660|
2882661|
2882662|
2882663|
2882688|
2882689|
2882690|
2882691|
2882692|
2882693|
2882694|
2882695|
2882720|
2882721|
2882722|
2882723|
2882724|
2882725|
2882726|
2882727|
2882752|
2882753|
2882754|
2882755|
2882756|
2882757|
2882758|
2882759|
2882784|
2882785|
2882786|
2882787|
2882788|
2882789|
2882790|
2882791|
2882816|
2882817|
2882818|
2882819|
2882820|
2882821|
2882822|
2882823|
2882848|
2882849|
2882850|
2882851|
2882852|
2882853|
2882854|
2882855|
2882880|
2882881|
2882882|
2882883|
2882884|
2882885|
2882886|
2882887|
2882912|
2882913|
2882914|
2882915|
2882916|
2882917|
2882918|
2882919|
2882944|
2882945|
2882946|
2882947|
2882948|
2882949|
2882950|
2882951|
2882976|
2882977|
2882978|
2882979|
2882980|
2882981|
2882982|
2882983|
2883008|
2883009|
2883010|
2883011|
2883012|
2883013|
2883014|
2883015|
2883040|
2883041|
2883042|
2883043|
2883044|
2883045|
2883046|
2883047|
2883072|
2883073|
2883074|
2883075|
2883076|
2883077|
2883078|
2883079|
2883104|
2883105|
2883106|
2883107|
2883108|
2883109|
2883110|
2883111|
2883136|
2883137|
2883138|
2883139|
2883140|
2883141|
2883142|
2883143|
2883168|
2883169|
2883170|
2883171|
2883172|
2883173|
2883174|
2883175|
2883200|
2883201|
2883202|
2883203|
2883204|
2883205|
2883206|
2883207|
2883232|
2883233|
2883234|
2883235|
2883236|
2883237|
2883238|
2883239|
2883264|
2883265|
2883266|
2883267|
2883268|
2883269|
2883270|
2883271|
2883296|
2883297|
2883298|
2883299|
2883300|
2883301|
2883302|
2883303|
2883328|
2883329|
2883330|
2883331|
2883332|
2883333|
2883334|
2883335|
2883360|
2883361|
2883362|
2883363|
2883364|
2883365|
2883366|
2883367|
2883392|
2883393|
2883394|
2883395|
2883396|
2883397|
2883398|
2883399|
2883424|
2883425|
2883426|
2883427|
2883428|
2883429|
2883430|
2883431|
2883456|
2883457|
2883458|
2883459|
2883460|
2883461|
2883462|
2883463|
2883488|
2883489|
2883490|
2883491|
2883492|
2883493|
2883494|
2883495|
2883520|
2883521|
2883522|
2883523|
2883524|
2883525|
2883526|
2883527|
2883552|
2883553|
2883554|
2883555|
2883556|
2883557|
2883558|
2883559|
2883584|
2883585|
2883586|
2883587|
2883588|
2883589|
2883590|
2883591|
2883616|
2883617|
2883618|
2883619|
2883620|
2883621|
2883622|
2883623|
2883648|
2883649|
2883650|
2883651|
2883652|
2883653|
2883654|
2883655|
2883680|
2883681|
2883682|
2883683|
2883684|
2883685|
2883686|
2883687|
2883712|
2883713|
2883714|
2883715|
2883716|
2883717|
2883718|
2883719|
2883744|
2883745|
2883746|
2883747|
2883748|
2883749|
2883750|
2883751|
2883776|
2883777|
2883778|
2883779|
2883780|
2883781|
2883782|
2883783|
2883808|
2883809|
2883810|
2883811|
2883812|
2883813|
2883814|
2883815|
2883840|
2883841|
2883842|
2883843|
2883844|
2883845|
2883846|
2883847|
2883872|
2883873|
2883874|
2883875|
2883876|
2883877|
2883878|
2883879|
2883904|
2883905|
2883906|
2883907|
2883908|
2883909|
2883910|
2883911|
2883936|
2883937|
2883938|
2883939|
2883940|
2883941|
2883942|
2883943|
2883968|
2883969|
2883970|
2883971|
2883972|
2883973|
2883974|
2883975|
2884000|
2884001|
2884002|
2884003|
2884004|
2884005|
2884006|
2884007|
2884032|
2884033|
2884034|
2884035|
2884036|
2884037|
2884038|
2884039|
2884064|
2884065|
2884066|
2884067|
2884068|
2884069|
2884070|
2884071|
2884096|
2884097|
2884098|
2884099|
2884100|
2884101|
2884102|
2884103|
2884128|
2884129|
2884130|
2884131|
2884132|
2884133|
2884134|
2884135|
2884160|
2884161|
2884162|
2884163|
2884164|
2884165|
2884166|
2884167|
2884192|
2884193|
2884194|
2884195|
2884196|
2884197|
2884198|
2884199|
2884224|
2884225|
2884226|
2884227|
2884228|
2884229|
2884230|
2884231|
2884256|
2884257|
2884258|
2884259|
2884260|
2884261|
2884262|
2884263|
2884288|
2884289|
2884290|
2884291|
2884292|
2884293|
2884294|
2884295|
2884320|
2884321|
2884322|
2884323|
2884324|
2884325|
2884326|
2884327|
2884352|
2884353|
2884354|
2884355|
2884356|
2884357|
2884358|
2884359|
2884384|
2884385|
2884386|
2884387|
2884388|
2884389|
2884390|
2884391|
2884416|
2884417|
2884418|
2884419|
2884420|
2884421|
2884422|
2884423|
2884448|
2884449|
2884450|
2884451|
2884452|
2884453|
2884454|
2884455|
2884480|
2884481|
2884482|
2884483|
2884484|
2884485|
2884486|
2884487|
2884512|
2884513|
2884514|
2884515|
2884516|
2884517|
2884518|
2884519|
2884544|
2884545|
2884546|
2884547|
2884548|
2884549|
2884550|
2884551|
2884576|
2884577|
2884578|
2884579|
2884580|
2884581|
2884582|
2884583|
2884608|
2884609|
2884610|
2884611|
2884612|
2884613|
2884614|
2884615|
2884640|
2884641|
2884642|
2884643|
2884644|
2884645|
2884646|
2884647|
2884672|
2884673|
2884674|
2884675|
2884676|
2884677|
2884678|
2884679|
2884704|
2884705|
2884706|
2884707|
2884708|
2884709|
2884710|
2884711|
2884736|
2884737|
2884738|
2884739|
2884740|
2884741|
2884742|
2884743|
2884768|
2884769|
2884770|
2884771|
2884772|
2884773|
2884774|
2884775|
2884800|
2884801|
2884802|
2884803|
2884804|
2884805|
2884806|
2884807|
2884832|
2884833|
2884834|
2884835|
2884836|
2884837|
2884838|
2884839|
2884864|
2884865|
2884866|
2884867|
2884868|
2884869|
2884870|
2884871|
2884896|
2884897|
2884898|
2884899|
2884900|
2884901|
2884902|
2884903|
2884928|
2884929|
2884930|
2884931|
2884932|
2884933|
2884934|
2884935|
2884960|
2884961|
2884962|
2884963|
2884964|
2884965|
2884966|
2884967|
2884992|
2884993|
2884994|
2884995|
2884996|
2884997|
2884998|
2884999|
2885024|
2885025|
2885026|
2885027|
2885028|
2885029|
2885030|
2885031|
2885056|
2885057|
2885058|
2885059|
2885060|
2885061|
2885062|
2885063|
2885088|
2885089|
2885090|
2885091|
2885092|
2885093|
2885094|
2885095|
2885120|
2885121|
2885122|
2885123|
2885124|
2885125|
2885126|
2885127|
2885152|
2885153|
2885154|
2885155|
2885156|
2885157|
2885158|
2885159|
2885184|
2885185|
2885186|
2885187|
2885188|
2885189|
2885190|
2885191|
2885216|
2885217|
2885218|
2885219|
2885220|
2885221|
2885222|
2885223|
2885248|
2885249|
2885250|
2885251|
2885252|
2885253|
2885254|
2885255|
2885280|
2885281|
2885282|
2885283|
2885284|
2885285|
2885286|
2885287|
2885312|
2885313|
2885314|
2885315|
2885316|
2885317|
2885318|
2885319|
2885344|
2885345|
2885346|
2885347|
2885348|
2885349|
2885350|
2885351|
2885376|
2885377|
2885378|
2885379|
2885380|
2885381|
2885382|
2885383|
2885408|
2885409|
2885410|
2885411|
2885412|
2885413|
2885414|
2885415|
2885440|
2885441|
2885442|
2885443|
2885444|
2885445|
2885446|
2885447|
2885472|
2885473|
2885474|
2885475|
2885476|
2885477|
2885478|
2885479|
2885504|
2885505|
2885506|
2885507|
2885508|
2885509|
2885510|
2885511|
2885536|
2885537|
2885538|
2885539|
2885540|
2885541|
2885542|
2885543|
2885568|
2885569|
2885570|
2885571|
2885572|
2885573|
2885574|
2885575|
2885600|
2885601|
2885602|
2885603|
2885604|
2885605|
2885606|
2885607|
2885632|
2885633|
2885634|
2885635|
2885636|
2885637|
2885638|
2885639|
2885664|
2885665|
2885666|
2885667|
2885668|
2885669|
2885670|
2885671|
2885696|
2885697|
2885698|
2885699|
2885700|
2885701|
2885702|
2885703|
2885728|
2885729|
2885730|
2885731|
2885732|
2885733|
2885734|
2885735|
2885760|
2885761|
2885762|
2885763|
2885764|
2885765|
2885766|
2885767|
2885792|
2885793|
2885794|
2885795|
2885796|
2885797|
2885798|
2885799|
2885824|
2885825|
2885826|
2885827|
2885828|
2885829|
2885830|
2885831|
2885856|
2885857|
2885858|
2885859|
2885860|
2885861|
2885862|
2885863|
2885888|
2885889|
2885890|
2885891|
2885892|
2885893|
2885894|
2885895|
2885920|
2885921|
2885922|
2885923|
2885924|
2885925|
2885926|
2885927|
2885952|
2885953|
2885954|
2885955|
2885956|
2885957|
2885958|
2885959|
2885984|
2885985|
2885986|
2885987|
2885988|
