432001|
432002|
432003|
432004|
432005|
432006|
432007|
432032|
432033|
432034|
432035|
432036|
432037|
432038|
432039|
432064|
432065|
432066|
432067|
432068|
432069|
432070|
432071|
432096|
432097|
432098|
432099|
432100|
432101|
432102|
432103|
432128|
432129|
432130|
432131|
432132|
432133|
432134|
432135|
432160|
432161|
432162|
432163|
432164|
432165|
432166|
432167|
432192|
432193|
432194|
432195|
432196|
432197|
432198|
432199|
432224|
432225|
432226|
432227|
432228|
432229|
432230|
432231|
432256|
432257|
432258|
432259|
432260|
432261|
432262|
432263|
432288|
432289|
432290|
432291|
432292|
432293|
432294|
432295|
432320|
432321|
432322|
432323|
432324|
432325|
432326|
432327|
432352|
432353|
432354|
432355|
432356|
432357|
432358|
432359|
432384|
432385|
432386|
432387|
432388|
432389|
432390|
432391|
432416|
432417|
432418|
432419|
432420|
432421|
432422|
432423|
432448|
432449|
432450|
432451|
432452|
432453|
432454|
432455|
432480|
432481|
432482|
432483|
432484|
432485|
432486|
432487|
432512|
432513|
432514|
432515|
432516|
432517|
432518|
432519|
432544|
432545|
432546|
432547|
432548|
432549|
432550|
432551|
432576|
432577|
432578|
432579|
432580|
432581|
432582|
432583|
432608|
432609|
432610|
432611|
432612|
432613|
432614|
432615|
432640|
432641|
432642|
432643|
432644|
432645|
432646|
432647|
432672|
432673|
432674|
432675|
432676|
432677|
432678|
432679|
432704|
432705|
432706|
432707|
432708|
432709|
432710|
432711|
432736|
432737|
432738|
432739|
432740|
432741|
432742|
432743|
432768|
432769|
432770|
432771|
432772|
432773|
432774|
432775|
432800|
432801|
432802|
432803|
432804|
432805|
432806|
432807|
432832|
432833|
432834|
432835|
432836|
432837|
432838|
432839|
432864|
432865|
432866|
432867|
432868|
432869|
432870|
432871|
432896|
432897|
432898|
432899|
432900|
432901|
432902|
432903|
432928|
432929|
432930|
432931|
432932|
432933|
432934|
432935|
432960|
432961|
432962|
432963|
432964|
432965|
432966|
432967|
432992|
432993|
432994|
432995|
432996|
432997|
432998|
432999|
433024|
433025|
433026|
433027|
433028|
433029|
433030|
433031|
433056|
433057|
433058|
433059|
433060|
433061|
433062|
433063|
433088|
433089|
433090|
433091|
433092|
433093|
433094|
433095|
433120|
433121|
433122|
433123|
433124|
433125|
433126|
433127|
433152|
433153|
433154|
433155|
433156|
433157|
433158|
433159|
433184|
433185|
433186|
433187|
433188|
433189|
433190|
433191|
433216|
433217|
433218|
433219|
433220|
433221|
433222|
433223|
433248|
433249|
433250|
433251|
433252|
433253|
433254|
433255|
433280|
433281|
433282|
433283|
433284|
433285|
433286|
433287|
433312|
433313|
433314|
433315|
433316|
433317|
433318|
433319|
433344|
433345|
433346|
433347|
433348|
433349|
433350|
433351|
433376|
433377|
433378|
433379|
433380|
433381|
433382|
433383|
433408|
433409|
433410|
433411|
433412|
433413|
433414|
433415|
433440|
433441|
433442|
433443|
433444|
433445|
433446|
433447|
433472|
433473|
433474|
433475|
433476|
433477|
433478|
433479|
433504|
433505|
433506|
433507|
433508|
433509|
433510|
433511|
433536|
433537|
433538|
433539|
433540|
433541|
433542|
433543|
433568|
433569|
433570|
433571|
433572|
433573|
433574|
433575|
433600|
433601|
433602|
433603|
433604|
433605|
433606|
433607|
433632|
433633|
433634|
433635|
433636|
433637|
433638|
433639|
433664|
433665|
433666|
433667|
433668|
433669|
433670|
433671|
433696|
433697|
433698|
433699|
433700|
433701|
433702|
433703|
433728|
433729|
433730|
433731|
433732|
433733|
433734|
433735|
433760|
433761|
433762|
433763|
433764|
433765|
433766|
433767|
433792|
433793|
433794|
433795|
433796|
433797|
433798|
433799|
433824|
433825|
433826|
433827|
433828|
433829|
433830|
433831|
433856|
433857|
433858|
433859|
433860|
433861|
433862|
433863|
433888|
433889|
433890|
433891|
433892|
433893|
433894|
433895|
433920|
433921|
433922|
433923|
433924|
433925|
433926|
433927|
433952|
433953|
433954|
433955|
433956|
433957|
433958|
433959|
433984|
433985|
433986|
433987|
433988|
433989|
433990|
433991|
434016|
434017|
434018|
434019|
434020|
434021|
434022|
434023|
434048|
434049|
434050|
434051|
434052|
434053|
434054|
434055|
434080|
434081|
434082|
434083|
434084|
434085|
434086|
434087|
434112|
434113|
434114|
434115|
434116|
434117|
434118|
434119|
434144|
434145|
434146|
434147|
434148|
434149|
434150|
434151|
434176|
434177|
434178|
434179|
434180|
434181|
434182|
434183|
434208|
434209|
434210|
434211|
434212|
434213|
434214|
434215|
434240|
434241|
434242|
434243|
434244|
434245|
434246|
434247|
434272|
434273|
434274|
434275|
434276|
434277|
434278|
434279|
434304|
434305|
434306|
434307|
434308|
434309|
434310|
434311|
434336|
434337|
434338|
434339|
434340|
434341|
434342|
434343|
434368|
434369|
434370|
434371|
434372|
434373|
434374|
434375|
434400|
434401|
434402|
434403|
434404|
434405|
434406|
434407|
434432|
434433|
434434|
434435|
434436|
434437|
434438|
434439|
434464|
434465|
434466|
434467|
434468|
434469|
434470|
434471|
434496|
434497|
434498|
434499|
434500|
434501|
434502|
434503|
434528|
434529|
434530|
434531|
434532|
434533|
434534|
434535|
434560|
434561|
434562|
434563|
434564|
434565|
434566|
434567|
434592|
434593|
434594|
434595|
434596|
434597|
434598|
434599|
434624|
434625|
434626|
434627|
434628|
434629|
434630|
434631|
434656|
434657|
434658|
434659|
434660|
434661|
434662|
434663|
434688|
434689|
434690|
434691|
434692|
434693|
434694|
434695|
434720|
434721|
434722|
434723|
434724|
434725|
434726|
434727|
434752|
434753|
434754|
434755|
434756|
434757|
434758|
434759|
434784|
434785|
434786|
434787|
434788|
434789|
434790|
434791|
434816|
434817|
434818|
434819|
434820|
434821|
434822|
434823|
434848|
434849|
434850|
434851|
434852|
434853|
434854|
434855|
434880|
434881|
434882|
434883|
434884|
434885|
434886|
434887|
434912|
434913|
434914|
434915|
434916|
434917|
434918|
434919|
434944|
434945|
434946|
434947|
434948|
434949|
434950|
434951|
434976|
434977|
434978|
434979|
434980|
434981|
434982|
434983|
435008|
435009|
435010|
435011|
435012|
435013|
435014|
435015|
435040|
435041|
435042|
435043|
435044|
435045|
435046|
435047|
435072|
435073|
435074|
435075|
435076|
435077|
435078|
435079|
435104|
435105|
435106|
435107|
435108|
435109|
435110|
435111|
435136|
435137|
435138|
435139|
435140|
435141|
435142|
435143|
435168|
435169|
435170|
435171|
435172|
435173|
435174|
435175|
435200|
435201|
435202|
435203|
435204|
435205|
435206|
435207|
435232|
435233|
435234|
435235|
435236|
435237|
435238|
435239|
435264|
435265|
435266|
435267|
435268|
435269|
435270|
435271|
435296|
435297|
435298|
435299|
435300|
435301|
435302|
435303|
435328|
435329|
435330|
435331|
435332|
435333|
435334|
435335|
435360|
435361|
435362|
435363|
435364|
435365|
435366|
435367|
435392|
435393|
435394|
435395|
435396|
435397|
435398|
435399|
435424|
435425|
435426|
435427|
435428|
435429|
435430|
435431|
435456|
435457|
435458|
435459|
435460|
435461|
435462|
435463|
435488|
435489|
435490|
435491|
435492|
435493|
435494|
435495|
435520|
435521|
435522|
435523|
435524|
435525|
435526|
435527|
435552|
435553|
435554|
435555|
435556|
435557|
435558|
435559|
435584|
435585|
435586|
435587|
435588|
435589|
435590|
435591|
435616|
435617|
435618|
435619|
435620|
435621|
435622|
435623|
435648|
435649|
435650|
435651|
435652|
435653|
435654|
435655|
435680|
435681|
435682|
435683|
435684|
435685|
435686|
435687|
435712|
435713|
435714|
435715|
435716|
435717|
435718|
435719|
435744|
435745|
435746|
435747|
435748|
435749|
435750|
435751|
435776|
435777|
435778|
435779|
435780|
435781|
435782|
435783|
435808|
435809|
435810|
435811|
435812|
435813|
435814|
435815|
435840|
435841|
435842|
435843|
435844|
435845|
435846|
435847|
435872|
435873|
435874|
435875|
435876|
435877|
435878|
435879|
435904|
435905|
435906|
435907|
435908|
435909|
435910|
435911|
435936|
435937|
435938|
435939|
435940|
435941|
435942|
435943|
435968|
435969|
435970|
435971|
435972|
435973|
435974|
435975|
436000|
436001|
436002|
436003|
436004|
436005|
436006|
436007|
436032|
436033|
436034|
436035|
436036|
436037|
436038|
436039|
436064|
436065|
436066|
436067|
436068|
436069|
436070|
436071|
436096|
436097|
436098|
436099|
436100|
436101|
436102|
436103|
436128|
436129|
436130|
436131|
436132|
436133|
436134|
436135|
436160|
436161|
436162|
436163|
436164|
436165|
436166|
436167|
436192|
436193|
436194|
436195|
436196|
436197|
436198|
436199|
436224|
436225|
436226|
436227|
436228|
436229|
436230|
436231|
436256|
436257|
436258|
436259|
436260|
436261|
436262|
436263|
436288|
436289|
436290|
436291|
436292|
436293|
436294|
436295|
436320|
436321|
436322|
436323|
436324|
436325|
436326|
436327|
436352|
436353|
436354|
436355|
436356|
436357|
436358|
436359|
436384|
436385|
436386|
436387|
436388|
436389|
436390|
436391|
436416|
436417|
436418|
436419|
436420|
436421|
436422|
436423|
436448|
436449|
436450|
436451|
436452|
436453|
436454|
436455|
436480|
436481|
436482|
436483|
436484|
436485|
436486|
436487|
436512|
436513|
436514|
436515|
436516|
436517|
436518|
436519|
436544|
436545|
436546|
436547|
436548|
436549|
436550|
436551|
436576|
436577|
436578|
436579|
436580|
436581|
436582|
436583|
436608|
436609|
436610|
436611|
436612|
436613|
436614|
436615|
436640|
436641|
436642|
436643|
436644|
436645|
436646|
436647|
436672|
436673|
436674|
436675|
436676|
436677|
436678|
436679|
436704|
436705|
436706|
436707|
436708|
436709|
436710|
436711|
436736|
436737|
436738|
436739|
436740|
436741|
436742|
436743|
436768|
436769|
436770|
436771|
436772|
436773|
436774|
436775|
436800|
436801|
436802|
436803|
436804|
436805|
436806|
436807|
436832|
436833|
436834|
436835|
436836|
436837|
436838|
436839|
436864|
436865|
436866|
436867|
436868|
436869|
436870|
436871|
436896|
436897|
436898|
436899|
436900|
436901|
436902|
436903|
436928|
436929|
436930|
436931|
436932|
436933|
436934|
436935|
436960|
436961|
436962|
436963|
436964|
436965|
436966|
436967|
436992|
436993|
436994|
436995|
436996|
436997|
436998|
436999|
437024|
437025|
437026|
437027|
437028|
437029|
437030|
437031|
437056|
437057|
437058|
437059|
437060|
437061|
437062|
437063|
437088|
437089|
437090|
437091|
437092|
437093|
437094|
437095|
437120|
437121|
437122|
437123|
437124|
437125|
437126|
437127|
437152|
437153|
437154|
437155|
437156|
437157|
437158|
437159|
437184|
437185|
437186|
437187|
437188|
437189|
437190|
437191|
437216|
437217|
437218|
437219|
437220|
437221|
437222|
437223|
437248|
437249|
437250|
437251|
437252|
437253|
437254|
437255|
437280|
437281|
437282|
437283|
437284|
437285|
437286|
437287|
437312|
437313|
437314|
437315|
437316|
437317|
437318|
437319|
437344|
437345|
437346|
437347|
437348|
437349|
437350|
437351|
437376|
437377|
437378|
437379|
437380|
437381|
437382|
437383|
437408|
437409|
437410|
437411|
437412|
437413|
437414|
437415|
437440|
437441|
437442|
437443|
437444|
437445|
437446|
437447|
437472|
437473|
437474|
437475|
437476|
437477|
437478|
437479|
437504|
437505|
437506|
437507|
437508|
437509|
437510|
437511|
437536|
437537|
437538|
437539|
437540|
437541|
437542|
437543|
437568|
437569|
437570|
437571|
437572|
437573|
437574|
437575|
437600|
437601|
437602|
437603|
437604|
437605|
437606|
437607|
437632|
437633|
437634|
437635|
437636|
437637|
437638|
437639|
437664|
437665|
437666|
437667|
437668|
437669|
437670|
437671|
437696|
437697|
437698|
437699|
437700|
437701|
437702|
437703|
437728|
437729|
437730|
437731|
437732|
437733|
437734|
437735|
437760|
437761|
437762|
437763|
437764|
437765|
437766|
437767|
437792|
437793|
437794|
437795|
437796|
437797|
437798|
437799|
437824|
437825|
437826|
437827|
437828|
437829|
437830|
437831|
437856|
437857|
437858|
437859|
437860|
437861|
437862|
437863|
437888|
437889|
437890|
437891|
437892|
437893|
437894|
437895|
437920|
437921|
437922|
437923|
437924|
437925|
437926|
437927|
437952|
437953|
437954|
437955|
437956|
437957|
437958|
437959|
437984|
437985|
437986|
437987|
437988|
