192001|
192002|
192003|
192004|
192005|
192006|
192007|
192032|
192033|
192034|
192035|
192036|
192037|
192038|
192039|
192064|
192065|
192066|
192067|
192068|
192069|
192070|
192071|
192096|
192097|
192098|
192099|
192100|
192101|
192102|
192103|
192128|
192129|
192130|
192131|
192132|
192133|
192134|
192135|
192160|
192161|
192162|
192163|
192164|
192165|
192166|
192167|
192192|
192193|
192194|
192195|
192196|
192197|
192198|
192199|
192224|
192225|
192226|
192227|
192228|
192229|
192230|
192231|
192256|
192257|
192258|
192259|
192260|
192261|
192262|
192263|
192288|
192289|
192290|
192291|
192292|
192293|
192294|
192295|
192320|
192321|
192322|
192323|
192324|
192325|
192326|
192327|
192352|
192353|
192354|
192355|
192356|
192357|
192358|
192359|
192384|
192385|
192386|
192387|
192388|
192389|
192390|
192391|
192416|
192417|
192418|
192419|
192420|
192421|
192422|
192423|
192448|
192449|
192450|
192451|
192452|
192453|
192454|
192455|
192480|
192481|
192482|
192483|
192484|
192485|
192486|
192487|
192512|
192513|
192514|
192515|
192516|
192517|
192518|
192519|
192544|
192545|
192546|
192547|
192548|
192549|
192550|
192551|
192576|
192577|
192578|
192579|
192580|
192581|
192582|
192583|
192608|
192609|
192610|
192611|
192612|
192613|
192614|
192615|
192640|
192641|
192642|
192643|
192644|
192645|
192646|
192647|
192672|
192673|
192674|
192675|
192676|
192677|
192678|
192679|
192704|
192705|
192706|
192707|
192708|
192709|
192710|
192711|
192736|
192737|
192738|
192739|
192740|
192741|
192742|
192743|
192768|
192769|
192770|
192771|
192772|
192773|
192774|
192775|
192800|
192801|
192802|
192803|
192804|
192805|
192806|
192807|
192832|
192833|
192834|
192835|
192836|
192837|
192838|
192839|
192864|
192865|
192866|
192867|
192868|
192869|
192870|
192871|
192896|
192897|
192898|
192899|
192900|
192901|
192902|
192903|
192928|
192929|
192930|
192931|
192932|
192933|
192934|
192935|
192960|
192961|
192962|
192963|
192964|
192965|
192966|
192967|
192992|
192993|
192994|
192995|
192996|
192997|
192998|
192999|
193024|
193025|
193026|
193027|
193028|
193029|
193030|
193031|
193056|
193057|
193058|
193059|
193060|
193061|
193062|
193063|
193088|
193089|
193090|
193091|
193092|
193093|
193094|
193095|
193120|
193121|
193122|
193123|
193124|
193125|
193126|
193127|
193152|
193153|
193154|
193155|
193156|
193157|
193158|
193159|
193184|
193185|
193186|
193187|
193188|
193189|
193190|
193191|
193216|
193217|
193218|
193219|
193220|
193221|
193222|
193223|
193248|
193249|
193250|
193251|
193252|
193253|
193254|
193255|
193280|
193281|
193282|
193283|
193284|
193285|
193286|
193287|
193312|
193313|
193314|
193315|
193316|
193317|
193318|
193319|
193344|
193345|
193346|
193347|
193348|
193349|
193350|
193351|
193376|
193377|
193378|
193379|
193380|
193381|
193382|
193383|
193408|
193409|
193410|
193411|
193412|
193413|
193414|
193415|
193440|
193441|
193442|
193443|
193444|
193445|
193446|
193447|
193472|
193473|
193474|
193475|
193476|
193477|
193478|
193479|
193504|
193505|
193506|
193507|
193508|
193509|
193510|
193511|
193536|
193537|
193538|
193539|
193540|
193541|
193542|
193543|
193568|
193569|
193570|
193571|
193572|
193573|
193574|
193575|
193600|
193601|
193602|
193603|
193604|
193605|
193606|
193607|
193632|
193633|
193634|
193635|
193636|
193637|
193638|
193639|
193664|
193665|
193666|
193667|
193668|
193669|
193670|
193671|
193696|
193697|
193698|
193699|
193700|
193701|
193702|
193703|
193728|
193729|
193730|
193731|
193732|
193733|
193734|
193735|
193760|
193761|
193762|
193763|
193764|
193765|
193766|
193767|
193792|
193793|
193794|
193795|
193796|
193797|
193798|
193799|
193824|
193825|
193826|
193827|
193828|
193829|
193830|
193831|
193856|
193857|
193858|
193859|
193860|
193861|
193862|
193863|
193888|
193889|
193890|
193891|
193892|
193893|
193894|
193895|
193920|
193921|
193922|
193923|
193924|
193925|
193926|
193927|
193952|
193953|
193954|
193955|
193956|
193957|
193958|
193959|
193984|
193985|
193986|
193987|
193988|
193989|
193990|
193991|
194016|
194017|
194018|
194019|
194020|
194021|
194022|
194023|
194048|
194049|
194050|
194051|
194052|
194053|
194054|
194055|
194080|
194081|
194082|
194083|
194084|
194085|
194086|
194087|
194112|
194113|
194114|
194115|
194116|
194117|
194118|
194119|
194144|
194145|
194146|
194147|
194148|
194149|
194150|
194151|
194176|
194177|
194178|
194179|
194180|
194181|
194182|
194183|
194208|
194209|
194210|
194211|
194212|
194213|
194214|
194215|
194240|
194241|
194242|
194243|
194244|
194245|
194246|
194247|
194272|
194273|
194274|
194275|
194276|
194277|
194278|
194279|
194304|
194305|
194306|
194307|
194308|
194309|
194310|
194311|
194336|
194337|
194338|
194339|
194340|
194341|
194342|
194343|
194368|
194369|
194370|
194371|
194372|
194373|
194374|
194375|
194400|
194401|
194402|
194403|
194404|
194405|
194406|
194407|
194432|
194433|
194434|
194435|
194436|
194437|
194438|
194439|
194464|
194465|
194466|
194467|
194468|
194469|
194470|
194471|
194496|
194497|
194498|
194499|
194500|
194501|
194502|
194503|
194528|
194529|
194530|
194531|
194532|
194533|
194534|
194535|
194560|
194561|
194562|
194563|
194564|
194565|
194566|
194567|
194592|
194593|
194594|
194595|
194596|
194597|
194598|
194599|
194624|
194625|
194626|
194627|
194628|
194629|
194630|
194631|
194656|
194657|
194658|
194659|
194660|
194661|
194662|
194663|
194688|
194689|
194690|
194691|
194692|
194693|
194694|
194695|
194720|
194721|
194722|
194723|
194724|
194725|
194726|
194727|
194752|
194753|
194754|
194755|
194756|
194757|
194758|
194759|
194784|
194785|
194786|
194787|
194788|
194789|
194790|
194791|
194816|
194817|
194818|
194819|
194820|
194821|
194822|
194823|
194848|
194849|
194850|
194851|
194852|
194853|
194854|
194855|
194880|
194881|
194882|
194883|
194884|
194885|
194886|
194887|
194912|
194913|
194914|
194915|
194916|
194917|
194918|
194919|
194944|
194945|
194946|
194947|
194948|
194949|
194950|
194951|
194976|
194977|
194978|
194979|
194980|
194981|
194982|
194983|
195008|
195009|
195010|
195011|
195012|
195013|
195014|
195015|
195040|
195041|
195042|
195043|
195044|
195045|
195046|
195047|
195072|
195073|
195074|
195075|
195076|
195077|
195078|
195079|
195104|
195105|
195106|
195107|
195108|
195109|
195110|
195111|
195136|
195137|
195138|
195139|
195140|
195141|
195142|
195143|
195168|
195169|
195170|
195171|
195172|
195173|
195174|
195175|
195200|
195201|
195202|
195203|
195204|
195205|
195206|
195207|
195232|
195233|
195234|
195235|
195236|
195237|
195238|
195239|
195264|
195265|
195266|
195267|
195268|
195269|
195270|
195271|
195296|
195297|
195298|
195299|
195300|
195301|
195302|
195303|
195328|
195329|
195330|
195331|
195332|
195333|
195334|
195335|
195360|
195361|
195362|
195363|
195364|
195365|
195366|
195367|
195392|
195393|
195394|
195395|
195396|
195397|
195398|
195399|
195424|
195425|
195426|
195427|
195428|
195429|
195430|
195431|
195456|
195457|
195458|
195459|
195460|
195461|
195462|
195463|
195488|
195489|
195490|
195491|
195492|
195493|
195494|
195495|
195520|
195521|
195522|
195523|
195524|
195525|
195526|
195527|
195552|
195553|
195554|
195555|
195556|
195557|
195558|
195559|
195584|
195585|
195586|
195587|
195588|
195589|
195590|
195591|
195616|
195617|
195618|
195619|
195620|
195621|
195622|
195623|
195648|
195649|
195650|
195651|
195652|
195653|
195654|
195655|
195680|
195681|
195682|
195683|
195684|
195685|
195686|
195687|
195712|
195713|
195714|
195715|
195716|
195717|
195718|
195719|
195744|
195745|
195746|
195747|
195748|
195749|
195750|
195751|
195776|
195777|
195778|
195779|
195780|
195781|
195782|
195783|
195808|
195809|
195810|
195811|
195812|
195813|
195814|
195815|
195840|
195841|
195842|
195843|
195844|
195845|
195846|
195847|
195872|
195873|
195874|
195875|
195876|
195877|
195878|
195879|
195904|
195905|
195906|
195907|
195908|
195909|
195910|
195911|
195936|
195937|
195938|
195939|
195940|
195941|
195942|
195943|
195968|
195969|
195970|
195971|
195972|
195973|
195974|
195975|
196000|
196001|
196002|
196003|
196004|
196005|
196006|
196007|
196032|
196033|
196034|
196035|
196036|
196037|
196038|
196039|
196064|
196065|
196066|
196067|
196068|
196069|
196070|
196071|
196096|
196097|
196098|
196099|
196100|
196101|
196102|
196103|
196128|
196129|
196130|
196131|
196132|
196133|
196134|
196135|
196160|
196161|
196162|
196163|
196164|
196165|
196166|
196167|
196192|
196193|
196194|
196195|
196196|
196197|
196198|
196199|
196224|
196225|
196226|
196227|
196228|
196229|
196230|
196231|
196256|
196257|
196258|
196259|
196260|
196261|
196262|
196263|
196288|
196289|
196290|
196291|
196292|
196293|
196294|
196295|
196320|
196321|
196322|
196323|
196324|
196325|
196326|
196327|
196352|
196353|
196354|
196355|
196356|
196357|
196358|
196359|
196384|
196385|
196386|
196387|
196388|
196389|
196390|
196391|
196416|
196417|
196418|
196419|
196420|
196421|
196422|
196423|
196448|
196449|
196450|
196451|
196452|
196453|
196454|
196455|
196480|
196481|
196482|
196483|
196484|
196485|
196486|
196487|
196512|
196513|
196514|
196515|
196516|
196517|
196518|
196519|
196544|
196545|
196546|
196547|
196548|
196549|
196550|
196551|
196576|
196577|
196578|
196579|
196580|
196581|
196582|
196583|
196608|
196609|
196610|
196611|
196612|
196613|
196614|
196615|
196640|
196641|
196642|
196643|
196644|
196645|
196646|
196647|
196672|
196673|
196674|
196675|
196676|
196677|
196678|
196679|
196704|
196705|
196706|
196707|
196708|
196709|
196710|
196711|
196736|
196737|
196738|
196739|
196740|
196741|
196742|
196743|
196768|
196769|
196770|
196771|
196772|
196773|
196774|
196775|
196800|
196801|
196802|
196803|
196804|
196805|
196806|
196807|
196832|
196833|
196834|
196835|
196836|
196837|
196838|
196839|
196864|
196865|
196866|
196867|
196868|
196869|
196870|
196871|
196896|
196897|
196898|
196899|
196900|
196901|
196902|
196903|
196928|
196929|
196930|
196931|
196932|
196933|
196934|
196935|
196960|
196961|
196962|
196963|
196964|
196965|
196966|
196967|
196992|
196993|
196994|
196995|
196996|
196997|
196998|
196999|
197024|
197025|
197026|
197027|
197028|
197029|
197030|
197031|
197056|
197057|
197058|
197059|
197060|
197061|
197062|
197063|
197088|
197089|
197090|
197091|
197092|
197093|
197094|
197095|
197120|
197121|
197122|
197123|
197124|
197125|
197126|
197127|
197152|
197153|
197154|
197155|
197156|
197157|
197158|
197159|
197184|
197185|
197186|
197187|
197188|
197189|
197190|
197191|
197216|
197217|
197218|
197219|
197220|
197221|
197222|
197223|
197248|
197249|
197250|
197251|
197252|
197253|
197254|
197255|
197280|
197281|
197282|
197283|
197284|
197285|
197286|
197287|
197312|
197313|
197314|
197315|
197316|
197317|
197318|
197319|
197344|
197345|
197346|
197347|
197348|
197349|
197350|
197351|
197376|
197377|
197378|
197379|
197380|
197381|
197382|
197383|
197408|
197409|
197410|
197411|
197412|
197413|
197414|
197415|
197440|
197441|
197442|
197443|
197444|
197445|
197446|
197447|
197472|
197473|
197474|
197475|
197476|
197477|
197478|
197479|
197504|
197505|
197506|
197507|
197508|
197509|
197510|
197511|
197536|
197537|
197538|
197539|
197540|
197541|
197542|
197543|
197568|
197569|
197570|
197571|
197572|
197573|
197574|
197575|
197600|
197601|
197602|
197603|
197604|
197605|
197606|
197607|
197632|
197633|
197634|
197635|
197636|
197637|
197638|
197639|
197664|
197665|
197666|
197667|
197668|
197669|
197670|
197671|
197696|
197697|
197698|
197699|
197700|
197701|
197702|
197703|
197728|
197729|
197730|
197731|
197732|
197733|
197734|
197735|
197760|
197761|
197762|
197763|
197764|
197765|
197766|
197767|
197792|
197793|
197794|
197795|
197796|
197797|
197798|
197799|
197824|
197825|
197826|
197827|
197828|
197829|
197830|
197831|
197856|
197857|
197858|
197859|
197860|
197861|
197862|
197863|
197888|
197889|
197890|
197891|
197892|
197893|
197894|
197895|
197920|
197921|
197922|
197923|
197924|
197925|
197926|
197927|
197952|
197953|
197954|
197955|
197956|
197957|
197958|
197959|
197984|
197985|
197986|
197987|
197988|
