264001|
264002|
264003|
264004|
264005|
264006|
264007|
264032|
264033|
264034|
264035|
264036|
264037|
264038|
264039|
264064|
264065|
264066|
264067|
264068|
264069|
264070|
264071|
264096|
264097|
264098|
264099|
264100|
264101|
264102|
264103|
264128|
264129|
264130|
264131|
264132|
264133|
264134|
264135|
264160|
264161|
264162|
264163|
264164|
264165|
264166|
264167|
264192|
264193|
264194|
264195|
264196|
264197|
264198|
264199|
264224|
264225|
264226|
264227|
264228|
264229|
264230|
264231|
264256|
264257|
264258|
264259|
264260|
264261|
264262|
264263|
264288|
264289|
264290|
264291|
264292|
264293|
264294|
264295|
264320|
264321|
264322|
264323|
264324|
264325|
264326|
264327|
264352|
264353|
264354|
264355|
264356|
264357|
264358|
264359|
264384|
264385|
264386|
264387|
264388|
264389|
264390|
264391|
264416|
264417|
264418|
264419|
264420|
264421|
264422|
264423|
264448|
264449|
264450|
264451|
264452|
264453|
264454|
264455|
264480|
264481|
264482|
264483|
264484|
264485|
264486|
264487|
264512|
264513|
264514|
264515|
264516|
264517|
264518|
264519|
264544|
264545|
264546|
264547|
264548|
264549|
264550|
264551|
264576|
264577|
264578|
264579|
264580|
264581|
264582|
264583|
264608|
264609|
264610|
264611|
264612|
264613|
264614|
264615|
264640|
264641|
264642|
264643|
264644|
264645|
264646|
264647|
264672|
264673|
264674|
264675|
264676|
264677|
264678|
264679|
264704|
264705|
264706|
264707|
264708|
264709|
264710|
264711|
264736|
264737|
264738|
264739|
264740|
264741|
264742|
264743|
264768|
264769|
264770|
264771|
264772|
264773|
264774|
264775|
264800|
264801|
264802|
264803|
264804|
264805|
264806|
264807|
264832|
264833|
264834|
264835|
264836|
264837|
264838|
264839|
264864|
264865|
264866|
264867|
264868|
264869|
264870|
264871|
264896|
264897|
264898|
264899|
264900|
264901|
264902|
264903|
264928|
264929|
264930|
264931|
264932|
264933|
264934|
264935|
264960|
264961|
264962|
264963|
264964|
264965|
264966|
264967|
264992|
264993|
264994|
264995|
264996|
264997|
264998|
264999|
265024|
265025|
265026|
265027|
265028|
265029|
265030|
265031|
265056|
265057|
265058|
265059|
265060|
265061|
265062|
265063|
265088|
265089|
265090|
265091|
265092|
265093|
265094|
265095|
265120|
265121|
265122|
265123|
265124|
265125|
265126|
265127|
265152|
265153|
265154|
265155|
265156|
265157|
265158|
265159|
265184|
265185|
265186|
265187|
265188|
265189|
265190|
265191|
265216|
265217|
265218|
265219|
265220|
265221|
265222|
265223|
265248|
265249|
265250|
265251|
265252|
265253|
265254|
265255|
265280|
265281|
265282|
265283|
265284|
265285|
265286|
265287|
265312|
265313|
265314|
265315|
265316|
265317|
265318|
265319|
265344|
265345|
265346|
265347|
265348|
265349|
265350|
265351|
265376|
265377|
265378|
265379|
265380|
265381|
265382|
265383|
265408|
265409|
265410|
265411|
265412|
265413|
265414|
265415|
265440|
265441|
265442|
265443|
265444|
265445|
265446|
265447|
265472|
265473|
265474|
265475|
265476|
265477|
265478|
265479|
265504|
265505|
265506|
265507|
265508|
265509|
265510|
265511|
265536|
265537|
265538|
265539|
265540|
265541|
265542|
265543|
265568|
265569|
265570|
265571|
265572|
265573|
265574|
265575|
265600|
265601|
265602|
265603|
265604|
265605|
265606|
265607|
265632|
265633|
265634|
265635|
265636|
265637|
265638|
265639|
265664|
265665|
265666|
265667|
265668|
265669|
265670|
265671|
265696|
265697|
265698|
265699|
265700|
265701|
265702|
265703|
265728|
265729|
265730|
265731|
265732|
265733|
265734|
265735|
265760|
265761|
265762|
265763|
265764|
265765|
265766|
265767|
265792|
265793|
265794|
265795|
265796|
265797|
265798|
265799|
265824|
265825|
265826|
265827|
265828|
265829|
265830|
265831|
265856|
265857|
265858|
265859|
265860|
265861|
265862|
265863|
265888|
265889|
265890|
265891|
265892|
265893|
265894|
265895|
265920|
265921|
265922|
265923|
265924|
265925|
265926|
265927|
265952|
265953|
265954|
265955|
265956|
265957|
265958|
265959|
265984|
265985|
265986|
265987|
265988|
265989|
265990|
265991|
266016|
266017|
266018|
266019|
266020|
266021|
266022|
266023|
266048|
266049|
266050|
266051|
266052|
266053|
266054|
266055|
266080|
266081|
266082|
266083|
266084|
266085|
266086|
266087|
266112|
266113|
266114|
266115|
266116|
266117|
266118|
266119|
266144|
266145|
266146|
266147|
266148|
266149|
266150|
266151|
266176|
266177|
266178|
266179|
266180|
266181|
266182|
266183|
266208|
266209|
266210|
266211|
266212|
266213|
266214|
266215|
266240|
266241|
266242|
266243|
266244|
266245|
266246|
266247|
266272|
266273|
266274|
266275|
266276|
266277|
266278|
266279|
266304|
266305|
266306|
266307|
266308|
266309|
266310|
266311|
266336|
266337|
266338|
266339|
266340|
266341|
266342|
266343|
266368|
266369|
266370|
266371|
266372|
266373|
266374|
266375|
266400|
266401|
266402|
266403|
266404|
266405|
266406|
266407|
266432|
266433|
266434|
266435|
266436|
266437|
266438|
266439|
266464|
266465|
266466|
266467|
266468|
266469|
266470|
266471|
266496|
266497|
266498|
266499|
266500|
266501|
266502|
266503|
266528|
266529|
266530|
266531|
266532|
266533|
266534|
266535|
266560|
266561|
266562|
266563|
266564|
266565|
266566|
266567|
266592|
266593|
266594|
266595|
266596|
266597|
266598|
266599|
266624|
266625|
266626|
266627|
266628|
266629|
266630|
266631|
266656|
266657|
266658|
266659|
266660|
266661|
266662|
266663|
266688|
266689|
266690|
266691|
266692|
266693|
266694|
266695|
266720|
266721|
266722|
266723|
266724|
266725|
266726|
266727|
266752|
266753|
266754|
266755|
266756|
266757|
266758|
266759|
266784|
266785|
266786|
266787|
266788|
266789|
266790|
266791|
266816|
266817|
266818|
266819|
266820|
266821|
266822|
266823|
266848|
266849|
266850|
266851|
266852|
266853|
266854|
266855|
266880|
266881|
266882|
266883|
266884|
266885|
266886|
266887|
266912|
266913|
266914|
266915|
266916|
266917|
266918|
266919|
266944|
266945|
266946|
266947|
266948|
266949|
266950|
266951|
266976|
266977|
266978|
266979|
266980|
266981|
266982|
266983|
267008|
267009|
267010|
267011|
267012|
267013|
267014|
267015|
267040|
267041|
267042|
267043|
267044|
267045|
267046|
267047|
267072|
267073|
267074|
267075|
267076|
267077|
267078|
267079|
267104|
267105|
267106|
267107|
267108|
267109|
267110|
267111|
267136|
267137|
267138|
267139|
267140|
267141|
267142|
267143|
267168|
267169|
267170|
267171|
267172|
267173|
267174|
267175|
267200|
267201|
267202|
267203|
267204|
267205|
267206|
267207|
267232|
267233|
267234|
267235|
267236|
267237|
267238|
267239|
267264|
267265|
267266|
267267|
267268|
267269|
267270|
267271|
267296|
267297|
267298|
267299|
267300|
267301|
267302|
267303|
267328|
267329|
267330|
267331|
267332|
267333|
267334|
267335|
267360|
267361|
267362|
267363|
267364|
267365|
267366|
267367|
267392|
267393|
267394|
267395|
267396|
267397|
267398|
267399|
267424|
267425|
267426|
267427|
267428|
267429|
267430|
267431|
267456|
267457|
267458|
267459|
267460|
267461|
267462|
267463|
267488|
267489|
267490|
267491|
267492|
267493|
267494|
267495|
267520|
267521|
267522|
267523|
267524|
267525|
267526|
267527|
267552|
267553|
267554|
267555|
267556|
267557|
267558|
267559|
267584|
267585|
267586|
267587|
267588|
267589|
267590|
267591|
267616|
267617|
267618|
267619|
267620|
267621|
267622|
267623|
267648|
267649|
267650|
267651|
267652|
267653|
267654|
267655|
267680|
267681|
267682|
267683|
267684|
267685|
267686|
267687|
267712|
267713|
267714|
267715|
267716|
267717|
267718|
267719|
267744|
267745|
267746|
267747|
267748|
267749|
267750|
267751|
267776|
267777|
267778|
267779|
267780|
267781|
267782|
267783|
267808|
267809|
267810|
267811|
267812|
267813|
267814|
267815|
267840|
267841|
267842|
267843|
267844|
267845|
267846|
267847|
267872|
267873|
267874|
267875|
267876|
267877|
267878|
267879|
267904|
267905|
267906|
267907|
267908|
267909|
267910|
267911|
267936|
267937|
267938|
267939|
267940|
267941|
267942|
267943|
267968|
267969|
267970|
267971|
267972|
267973|
267974|
267975|
268000|
268001|
268002|
268003|
268004|
268005|
268006|
268007|
268032|
268033|
268034|
268035|
268036|
268037|
268038|
268039|
268064|
268065|
268066|
268067|
268068|
268069|
268070|
268071|
268096|
268097|
268098|
268099|
268100|
268101|
268102|
268103|
268128|
268129|
268130|
268131|
268132|
268133|
268134|
268135|
268160|
268161|
268162|
268163|
268164|
268165|
268166|
268167|
268192|
268193|
268194|
268195|
268196|
268197|
268198|
268199|
268224|
268225|
268226|
268227|
268228|
268229|
268230|
268231|
268256|
268257|
268258|
268259|
268260|
268261|
268262|
268263|
268288|
268289|
268290|
268291|
268292|
268293|
268294|
268295|
268320|
268321|
268322|
268323|
268324|
268325|
268326|
268327|
268352|
268353|
268354|
268355|
268356|
268357|
268358|
268359|
268384|
268385|
268386|
268387|
268388|
268389|
268390|
268391|
268416|
268417|
268418|
268419|
268420|
268421|
268422|
268423|
268448|
268449|
268450|
268451|
268452|
268453|
268454|
268455|
268480|
268481|
268482|
268483|
268484|
268485|
268486|
268487|
268512|
268513|
268514|
268515|
268516|
268517|
268518|
268519|
268544|
268545|
268546|
268547|
268548|
268549|
268550|
268551|
268576|
268577|
268578|
268579|
268580|
268581|
268582|
268583|
268608|
268609|
268610|
268611|
268612|
268613|
268614|
268615|
268640|
268641|
268642|
268643|
268644|
268645|
268646|
268647|
268672|
268673|
268674|
268675|
268676|
268677|
268678|
268679|
268704|
268705|
268706|
268707|
268708|
268709|
268710|
268711|
268736|
268737|
268738|
268739|
268740|
268741|
268742|
268743|
268768|
268769|
268770|
268771|
268772|
268773|
268774|
268775|
268800|
268801|
268802|
268803|
268804|
268805|
268806|
268807|
268832|
268833|
268834|
268835|
268836|
268837|
268838|
268839|
268864|
268865|
268866|
268867|
268868|
268869|
268870|
268871|
268896|
268897|
268898|
268899|
268900|
268901|
268902|
268903|
268928|
268929|
268930|
268931|
268932|
268933|
268934|
268935|
268960|
268961|
268962|
268963|
268964|
268965|
268966|
268967|
268992|
268993|
268994|
268995|
268996|
268997|
268998|
268999|
269024|
269025|
269026|
269027|
269028|
269029|
269030|
269031|
269056|
269057|
269058|
269059|
269060|
269061|
269062|
269063|
269088|
269089|
269090|
269091|
269092|
269093|
269094|
269095|
269120|
269121|
269122|
269123|
269124|
269125|
269126|
269127|
269152|
269153|
269154|
269155|
269156|
269157|
269158|
269159|
269184|
269185|
269186|
269187|
269188|
269189|
269190|
269191|
269216|
269217|
269218|
269219|
269220|
269221|
269222|
269223|
269248|
269249|
269250|
269251|
269252|
269253|
269254|
269255|
269280|
269281|
269282|
269283|
269284|
269285|
269286|
269287|
269312|
269313|
269314|
269315|
269316|
269317|
269318|
269319|
269344|
269345|
269346|
269347|
269348|
269349|
269350|
269351|
269376|
269377|
269378|
269379|
269380|
269381|
269382|
269383|
269408|
269409|
269410|
269411|
269412|
269413|
269414|
269415|
269440|
269441|
269442|
269443|
269444|
269445|
269446|
269447|
269472|
269473|
269474|
269475|
269476|
269477|
269478|
269479|
269504|
269505|
269506|
269507|
269508|
269509|
269510|
269511|
269536|
269537|
269538|
269539|
269540|
269541|
269542|
269543|
269568|
269569|
269570|
269571|
269572|
269573|
269574|
269575|
269600|
269601|
269602|
269603|
269604|
269605|
269606|
269607|
269632|
269633|
269634|
269635|
269636|
269637|
269638|
269639|
269664|
269665|
269666|
269667|
269668|
269669|
269670|
269671|
269696|
269697|
269698|
269699|
269700|
269701|
269702|
269703|
269728|
269729|
269730|
269731|
269732|
269733|
269734|
269735|
269760|
269761|
269762|
269763|
269764|
269765|
269766|
269767|
269792|
269793|
269794|
269795|
269796|
269797|
269798|
269799|
269824|
269825|
269826|
269827|
269828|
269829|
269830|
269831|
269856|
269857|
269858|
269859|
269860|
269861|
269862|
269863|
269888|
269889|
269890|
269891|
269892|
269893|
269894|
269895|
269920|
269921|
269922|
269923|
269924|
269925|
269926|
269927|
269952|
269953|
269954|
269955|
269956|
269957|
269958|
269959|
269984|
269985|
269986|
269987|
269988|
