605989|
605990|
605991|
606016|
606017|
606018|
606019|
606020|
606021|
606022|
606023|
606048|
606049|
606050|
606051|
606052|
606053|
606054|
606055|
606080|
606081|
606082|
606083|
606084|
606085|
606086|
606087|
606112|
606113|
606114|
606115|
606116|
606117|
606118|
606119|
606144|
606145|
606146|
606147|
606148|
606149|
606150|
606151|
606176|
606177|
606178|
606179|
606180|
606181|
606182|
606183|
606208|
606209|
606210|
606211|
606212|
606213|
606214|
606215|
606240|
606241|
606242|
606243|
606244|
606245|
606246|
606247|
606272|
606273|
606274|
606275|
606276|
606277|
606278|
606279|
606304|
606305|
606306|
606307|
606308|
606309|
606310|
606311|
606336|
606337|
606338|
606339|
606340|
606341|
606342|
606343|
606368|
606369|
606370|
606371|
606372|
606373|
606374|
606375|
606400|
606401|
606402|
606403|
606404|
606405|
606406|
606407|
606432|
606433|
606434|
606435|
606436|
606437|
606438|
606439|
606464|
606465|
606466|
606467|
606468|
606469|
606470|
606471|
606496|
606497|
606498|
606499|
606500|
606501|
606502|
606503|
606528|
606529|
606530|
606531|
606532|
606533|
606534|
606535|
606560|
606561|
606562|
606563|
606564|
606565|
606566|
606567|
606592|
606593|
606594|
606595|
606596|
606597|
606598|
606599|
606624|
606625|
606626|
606627|
606628|
606629|
606630|
606631|
606656|
606657|
606658|
606659|
606660|
606661|
606662|
606663|
606688|
606689|
606690|
606691|
606692|
606693|
606694|
606695|
606720|
606721|
606722|
606723|
606724|
606725|
606726|
606727|
606752|
606753|
606754|
606755|
606756|
606757|
606758|
606759|
606784|
606785|
606786|
606787|
606788|
606789|
606790|
606791|
606816|
606817|
606818|
606819|
606820|
606821|
606822|
606823|
606848|
606849|
606850|
606851|
606852|
606853|
606854|
606855|
606880|
606881|
606882|
606883|
606884|
606885|
606886|
606887|
606912|
606913|
606914|
606915|
606916|
606917|
606918|
606919|
606944|
606945|
606946|
606947|
606948|
606949|
606950|
606951|
606976|
606977|
606978|
606979|
606980|
606981|
606982|
606983|
607008|
607009|
607010|
607011|
607012|
607013|
607014|
607015|
607040|
607041|
607042|
607043|
607044|
607045|
607046|
607047|
607072|
607073|
607074|
607075|
607076|
607077|
607078|
607079|
607104|
607105|
607106|
607107|
607108|
607109|
607110|
607111|
607136|
607137|
607138|
607139|
607140|
607141|
607142|
607143|
607168|
607169|
607170|
607171|
607172|
607173|
607174|
607175|
607200|
607201|
607202|
607203|
607204|
607205|
607206|
607207|
607232|
607233|
607234|
607235|
607236|
607237|
607238|
607239|
607264|
607265|
607266|
607267|
607268|
607269|
607270|
607271|
607296|
607297|
607298|
607299|
607300|
607301|
607302|
607303|
607328|
607329|
607330|
607331|
607332|
607333|
607334|
607335|
607360|
607361|
607362|
607363|
607364|
607365|
607366|
607367|
607392|
607393|
607394|
607395|
607396|
607397|
607398|
607399|
607424|
607425|
607426|
607427|
607428|
607429|
607430|
607431|
607456|
607457|
607458|
607459|
607460|
607461|
607462|
607463|
607488|
607489|
607490|
607491|
607492|
607493|
607494|
607495|
607520|
607521|
607522|
607523|
607524|
607525|
607526|
607527|
607552|
607553|
607554|
607555|
607556|
607557|
607558|
607559|
607584|
607585|
607586|
607587|
607588|
607589|
607590|
607591|
607616|
607617|
607618|
607619|
607620|
607621|
607622|
607623|
607648|
607649|
607650|
607651|
607652|
607653|
607654|
607655|
607680|
607681|
607682|
607683|
607684|
607685|
607686|
607687|
607712|
607713|
607714|
607715|
607716|
607717|
607718|
607719|
607744|
607745|
607746|
607747|
607748|
607749|
607750|
607751|
607776|
607777|
607778|
607779|
607780|
607781|
607782|
607783|
607808|
607809|
607810|
607811|
607812|
607813|
607814|
607815|
607840|
607841|
607842|
607843|
607844|
607845|
607846|
607847|
607872|
607873|
607874|
607875|
607876|
607877|
607878|
607879|
607904|
607905|
607906|
607907|
607908|
607909|
607910|
607911|
607936|
607937|
607938|
607939|
607940|
607941|
607942|
607943|
607968|
607969|
607970|
607971|
607972|
607973|
607974|
607975|
608000|
608001|
608002|
608003|
608004|
608005|
608006|
608007|
608032|
608033|
608034|
608035|
608036|
608037|
608038|
608039|
608064|
608065|
608066|
608067|
608068|
608069|
608070|
608071|
608096|
608097|
608098|
608099|
608100|
608101|
608102|
608103|
608128|
608129|
608130|
608131|
608132|
608133|
608134|
608135|
608160|
608161|
608162|
608163|
608164|
608165|
608166|
608167|
608192|
608193|
608194|
608195|
608196|
608197|
608198|
608199|
608224|
608225|
608226|
608227|
608228|
608229|
608230|
608231|
608256|
608257|
608258|
608259|
608260|
608261|
608262|
608263|
608288|
608289|
608290|
608291|
608292|
608293|
608294|
608295|
608320|
608321|
608322|
608323|
608324|
608325|
608326|
608327|
608352|
608353|
608354|
608355|
608356|
608357|
608358|
608359|
608384|
608385|
608386|
608387|
608388|
608389|
608390|
608391|
608416|
608417|
608418|
608419|
608420|
608421|
608422|
608423|
608448|
608449|
608450|
608451|
608452|
608453|
608454|
608455|
608480|
608481|
608482|
608483|
608484|
608485|
608486|
608487|
608512|
608513|
608514|
608515|
608516|
608517|
608518|
608519|
608544|
608545|
608546|
608547|
608548|
608549|
608550|
608551|
608576|
608577|
608578|
608579|
608580|
608581|
608582|
608583|
608608|
608609|
608610|
608611|
608612|
608613|
608614|
608615|
608640|
608641|
608642|
608643|
608644|
608645|
608646|
608647|
608672|
608673|
608674|
608675|
608676|
608677|
608678|
608679|
608704|
608705|
608706|
608707|
608708|
608709|
608710|
608711|
608736|
608737|
608738|
608739|
608740|
608741|
608742|
608743|
608768|
608769|
608770|
608771|
608772|
608773|
608774|
608775|
608800|
608801|
608802|
608803|
608804|
608805|
608806|
608807|
608832|
608833|
608834|
608835|
608836|
608837|
608838|
608839|
608864|
608865|
608866|
608867|
608868|
608869|
608870|
608871|
608896|
608897|
608898|
608899|
608900|
608901|
608902|
608903|
608928|
608929|
608930|
608931|
608932|
608933|
608934|
608935|
608960|
608961|
608962|
608963|
608964|
608965|
608966|
608967|
608992|
608993|
608994|
608995|
608996|
608997|
608998|
608999|
609024|
609025|
609026|
609027|
609028|
609029|
609030|
609031|
609056|
609057|
609058|
609059|
609060|
609061|
609062|
609063|
609088|
609089|
609090|
609091|
609092|
609093|
609094|
609095|
609120|
609121|
609122|
609123|
609124|
609125|
609126|
609127|
609152|
609153|
609154|
609155|
609156|
609157|
609158|
609159|
609184|
609185|
609186|
609187|
609188|
609189|
609190|
609191|
609216|
609217|
609218|
609219|
609220|
609221|
609222|
609223|
609248|
609249|
609250|
609251|
609252|
609253|
609254|
609255|
609280|
609281|
609282|
609283|
609284|
609285|
609286|
609287|
609312|
609313|
609314|
609315|
609316|
609317|
609318|
609319|
609344|
609345|
609346|
609347|
609348|
609349|
609350|
609351|
609376|
609377|
609378|
609379|
609380|
609381|
609382|
609383|
609408|
609409|
609410|
609411|
609412|
609413|
609414|
609415|
609440|
609441|
609442|
609443|
609444|
609445|
609446|
609447|
609472|
609473|
609474|
609475|
609476|
609477|
609478|
609479|
609504|
609505|
609506|
609507|
609508|
609509|
609510|
609511|
609536|
609537|
609538|
609539|
609540|
609541|
609542|
609543|
609568|
609569|
609570|
609571|
609572|
609573|
609574|
609575|
609600|
609601|
609602|
609603|
609604|
609605|
609606|
609607|
609632|
609633|
609634|
609635|
609636|
609637|
609638|
609639|
609664|
609665|
609666|
609667|
609668|
609669|
609670|
609671|
609696|
609697|
609698|
609699|
609700|
609701|
609702|
609703|
609728|
609729|
609730|
609731|
609732|
609733|
609734|
609735|
609760|
609761|
609762|
609763|
609764|
609765|
609766|
609767|
609792|
609793|
609794|
609795|
609796|
609797|
609798|
609799|
609824|
609825|
609826|
609827|
609828|
609829|
609830|
609831|
609856|
609857|
609858|
609859|
609860|
609861|
609862|
609863|
609888|
609889|
609890|
609891|
609892|
609893|
609894|
609895|
609920|
609921|
609922|
609923|
609924|
609925|
609926|
609927|
609952|
609953|
609954|
609955|
609956|
609957|
609958|
609959|
609984|
609985|
609986|
609987|
609988|
609989|
609990|
609991|
610016|
610017|
610018|
610019|
610020|
610021|
610022|
610023|
610048|
610049|
610050|
610051|
610052|
610053|
610054|
610055|
610080|
610081|
610082|
610083|
610084|
610085|
610086|
610087|
610112|
610113|
610114|
610115|
610116|
610117|
610118|
610119|
610144|
610145|
610146|
610147|
610148|
610149|
610150|
610151|
610176|
610177|
610178|
610179|
610180|
610181|
610182|
610183|
610208|
610209|
610210|
610211|
610212|
610213|
610214|
610215|
610240|
610241|
610242|
610243|
610244|
610245|
610246|
610247|
610272|
610273|
610274|
610275|
610276|
610277|
610278|
610279|
610304|
610305|
610306|
610307|
610308|
610309|
610310|
610311|
610336|
610337|
610338|
610339|
610340|
610341|
610342|
610343|
610368|
610369|
610370|
610371|
610372|
610373|
610374|
610375|
610400|
610401|
610402|
610403|
610404|
610405|
610406|
610407|
610432|
610433|
610434|
610435|
610436|
610437|
610438|
610439|
610464|
610465|
610466|
610467|
610468|
610469|
610470|
610471|
610496|
610497|
610498|
610499|
610500|
610501|
610502|
610503|
610528|
610529|
610530|
610531|
610532|
610533|
610534|
610535|
610560|
610561|
610562|
610563|
610564|
610565|
610566|
610567|
610592|
610593|
610594|
610595|
610596|
610597|
610598|
610599|
610624|
610625|
610626|
610627|
610628|
610629|
610630|
610631|
610656|
610657|
610658|
610659|
610660|
610661|
610662|
610663|
610688|
610689|
610690|
610691|
610692|
610693|
610694|
610695|
610720|
610721|
610722|
610723|
610724|
610725|
610726|
610727|
610752|
610753|
610754|
610755|
610756|
610757|
610758|
610759|
610784|
610785|
610786|
610787|
610788|
610789|
610790|
610791|
610816|
610817|
610818|
610819|
610820|
610821|
610822|
610823|
610848|
610849|
610850|
610851|
610852|
610853|
610854|
610855|
610880|
610881|
610882|
610883|
610884|
610885|
610886|
610887|
610912|
610913|
610914|
610915|
610916|
610917|
610918|
610919|
610944|
610945|
610946|
610947|
610948|
610949|
610950|
610951|
610976|
610977|
610978|
610979|
610980|
610981|
610982|
610983|
611008|
611009|
611010|
611011|
611012|
611013|
611014|
611015|
611040|
611041|
611042|
611043|
611044|
611045|
611046|
611047|
611072|
611073|
611074|
611075|
611076|
611077|
611078|
611079|
611104|
611105|
611106|
611107|
611108|
611109|
611110|
611111|
611136|
611137|
611138|
611139|
611140|
611141|
611142|
611143|
611168|
611169|
611170|
611171|
611172|
611173|
611174|
611175|
611200|
611201|
611202|
611203|
611204|
611205|
611206|
611207|
611232|
611233|
611234|
611235|
611236|
611237|
611238|
611239|
611264|
611265|
611266|
611267|
611268|
611269|
611270|
611271|
611296|
611297|
611298|
611299|
611300|
611301|
611302|
611303|
611328|
611329|
611330|
611331|
611332|
611333|
611334|
611335|
611360|
611361|
611362|
611363|
611364|
611365|
611366|
611367|
611392|
611393|
611394|
611395|
611396|
611397|
611398|
611399|
611424|
611425|
611426|
611427|
611428|
611429|
611430|
611431|
611456|
611457|
611458|
611459|
611460|
611461|
611462|
611463|
611488|
611489|
611490|
611491|
611492|
611493|
611494|
611495|
611520|
611521|
611522|
611523|
611524|
611525|
611526|
611527|
611552|
611553|
611554|
611555|
611556|
611557|
611558|
611559|
611584|
611585|
611586|
611587|
611588|
611589|
611590|
611591|
611616|
611617|
611618|
611619|
611620|
611621|
611622|
611623|
611648|
611649|
611650|
611651|
611652|
611653|
611654|
611655|
611680|
611681|
611682|
611683|
611684|
611685|
611686|
611687|
611712|
611713|
611714|
611715|
611716|
611717|
611718|
611719|
611744|
611745|
611746|
611747|
611748|
611749|
611750|
611751|
611776|
611777|
611778|
611779|
611780|
611781|
611782|
611783|
611808|
611809|
611810|
611811|
611812|
611813|
611814|
611815|
611840|
611841|
611842|
611843|
611844|
611845|
611846|
611847|
611872|
611873|
611874|
611875|
611876|
611877|
611878|
611879|
611904|
611905|
611906|
611907|
611908|
611909|
611910|
611911|
611936|
611937|
611938|
611939|
611940|
611941|
611942|
611943|
611968|
611969|
611970|
611971|
611972|
611973|
611974|
611975|
612000|
