1409989|
1409990|
1409991|
1410016|
1410017|
1410018|
1410019|
1410020|
1410021|
1410022|
1410023|
1410048|
1410049|
1410050|
1410051|
1410052|
1410053|
1410054|
1410055|
1410080|
1410081|
1410082|
1410083|
1410084|
1410085|
1410086|
1410087|
1410112|
1410113|
1410114|
1410115|
1410116|
1410117|
1410118|
1410119|
1410144|
1410145|
1410146|
1410147|
1410148|
1410149|
1410150|
1410151|
1410176|
1410177|
1410178|
1410179|
1410180|
1410181|
1410182|
1410183|
1410208|
1410209|
1410210|
1410211|
1410212|
1410213|
1410214|
1410215|
1410240|
1410241|
1410242|
1410243|
1410244|
1410245|
1410246|
1410247|
1410272|
1410273|
1410274|
1410275|
1410276|
1410277|
1410278|
1410279|
1410304|
1410305|
1410306|
1410307|
1410308|
1410309|
1410310|
1410311|
1410336|
1410337|
1410338|
1410339|
1410340|
1410341|
1410342|
1410343|
1410368|
1410369|
1410370|
1410371|
1410372|
1410373|
1410374|
1410375|
1410400|
1410401|
1410402|
1410403|
1410404|
1410405|
1410406|
1410407|
1410432|
1410433|
1410434|
1410435|
1410436|
1410437|
1410438|
1410439|
1410464|
1410465|
1410466|
1410467|
1410468|
1410469|
1410470|
1410471|
1410496|
1410497|
1410498|
1410499|
1410500|
1410501|
1410502|
1410503|
1410528|
1410529|
1410530|
1410531|
1410532|
1410533|
1410534|
1410535|
1410560|
1410561|
1410562|
1410563|
1410564|
1410565|
1410566|
1410567|
1410592|
1410593|
1410594|
1410595|
1410596|
1410597|
1410598|
1410599|
1410624|
1410625|
1410626|
1410627|
1410628|
1410629|
1410630|
1410631|
1410656|
1410657|
1410658|
1410659|
1410660|
1410661|
1410662|
1410663|
1410688|
1410689|
1410690|
1410691|
1410692|
1410693|
1410694|
1410695|
1410720|
1410721|
1410722|
1410723|
1410724|
1410725|
1410726|
1410727|
1410752|
1410753|
1410754|
1410755|
1410756|
1410757|
1410758|
1410759|
1410784|
1410785|
1410786|
1410787|
1410788|
1410789|
1410790|
1410791|
1410816|
1410817|
1410818|
1410819|
1410820|
1410821|
1410822|
1410823|
1410848|
1410849|
1410850|
1410851|
1410852|
1410853|
1410854|
1410855|
1410880|
1410881|
1410882|
1410883|
1410884|
1410885|
1410886|
1410887|
1410912|
1410913|
1410914|
1410915|
1410916|
1410917|
1410918|
1410919|
1410944|
1410945|
1410946|
1410947|
1410948|
1410949|
1410950|
1410951|
1410976|
1410977|
1410978|
1410979|
1410980|
1410981|
1410982|
1410983|
1411008|
1411009|
1411010|
1411011|
1411012|
1411013|
1411014|
1411015|
1411040|
1411041|
1411042|
1411043|
1411044|
1411045|
1411046|
1411047|
1411072|
1411073|
1411074|
1411075|
1411076|
1411077|
1411078|
1411079|
1411104|
1411105|
1411106|
1411107|
1411108|
1411109|
1411110|
1411111|
1411136|
1411137|
1411138|
1411139|
1411140|
1411141|
1411142|
1411143|
1411168|
1411169|
1411170|
1411171|
1411172|
1411173|
1411174|
1411175|
1411200|
1411201|
1411202|
1411203|
1411204|
1411205|
1411206|
1411207|
1411232|
1411233|
1411234|
1411235|
1411236|
1411237|
1411238|
1411239|
1411264|
1411265|
1411266|
1411267|
1411268|
1411269|
1411270|
1411271|
1411296|
1411297|
1411298|
1411299|
1411300|
1411301|
1411302|
1411303|
1411328|
1411329|
1411330|
1411331|
1411332|
1411333|
1411334|
1411335|
1411360|
1411361|
1411362|
1411363|
1411364|
1411365|
1411366|
1411367|
1411392|
1411393|
1411394|
1411395|
1411396|
1411397|
1411398|
1411399|
1411424|
1411425|
1411426|
1411427|
1411428|
1411429|
1411430|
1411431|
1411456|
1411457|
1411458|
1411459|
1411460|
1411461|
1411462|
1411463|
1411488|
1411489|
1411490|
1411491|
1411492|
1411493|
1411494|
1411495|
1411520|
1411521|
1411522|
1411523|
1411524|
1411525|
1411526|
1411527|
1411552|
1411553|
1411554|
1411555|
1411556|
1411557|
1411558|
1411559|
1411584|
1411585|
1411586|
1411587|
1411588|
1411589|
1411590|
1411591|
1411616|
1411617|
1411618|
1411619|
1411620|
1411621|
1411622|
1411623|
1411648|
1411649|
1411650|
1411651|
1411652|
1411653|
1411654|
1411655|
1411680|
1411681|
1411682|
1411683|
1411684|
1411685|
1411686|
1411687|
1411712|
1411713|
1411714|
1411715|
1411716|
1411717|
1411718|
1411719|
1411744|
1411745|
1411746|
1411747|
1411748|
1411749|
1411750|
1411751|
1411776|
1411777|
1411778|
1411779|
1411780|
1411781|
1411782|
1411783|
1411808|
1411809|
1411810|
1411811|
1411812|
1411813|
1411814|
1411815|
1411840|
1411841|
1411842|
1411843|
1411844|
1411845|
1411846|
1411847|
1411872|
1411873|
1411874|
1411875|
1411876|
1411877|
1411878|
1411879|
1411904|
1411905|
1411906|
1411907|
1411908|
1411909|
1411910|
1411911|
1411936|
1411937|
1411938|
1411939|
1411940|
1411941|
1411942|
1411943|
1411968|
1411969|
1411970|
1411971|
1411972|
1411973|
1411974|
1411975|
1412000|
1412001|
1412002|
1412003|
1412004|
1412005|
1412006|
1412007|
1412032|
1412033|
1412034|
1412035|
1412036|
1412037|
1412038|
1412039|
1412064|
1412065|
1412066|
1412067|
1412068|
1412069|
1412070|
1412071|
1412096|
1412097|
1412098|
1412099|
1412100|
1412101|
1412102|
1412103|
1412128|
1412129|
1412130|
1412131|
1412132|
1412133|
1412134|
1412135|
1412160|
1412161|
1412162|
1412163|
1412164|
1412165|
1412166|
1412167|
1412192|
1412193|
1412194|
1412195|
1412196|
1412197|
1412198|
1412199|
1412224|
1412225|
1412226|
1412227|
1412228|
1412229|
1412230|
1412231|
1412256|
1412257|
1412258|
1412259|
1412260|
1412261|
1412262|
1412263|
1412288|
1412289|
1412290|
1412291|
1412292|
1412293|
1412294|
1412295|
1412320|
1412321|
1412322|
1412323|
1412324|
1412325|
1412326|
1412327|
1412352|
1412353|
1412354|
1412355|
1412356|
1412357|
1412358|
1412359|
1412384|
1412385|
1412386|
1412387|
1412388|
1412389|
1412390|
1412391|
1412416|
1412417|
1412418|
1412419|
1412420|
1412421|
1412422|
1412423|
1412448|
1412449|
1412450|
1412451|
1412452|
1412453|
1412454|
1412455|
1412480|
1412481|
1412482|
1412483|
1412484|
1412485|
1412486|
1412487|
1412512|
1412513|
1412514|
1412515|
1412516|
1412517|
1412518|
1412519|
1412544|
1412545|
1412546|
1412547|
1412548|
1412549|
1412550|
1412551|
1412576|
1412577|
1412578|
1412579|
1412580|
1412581|
1412582|
1412583|
1412608|
1412609|
1412610|
1412611|
1412612|
1412613|
1412614|
1412615|
1412640|
1412641|
1412642|
1412643|
1412644|
1412645|
1412646|
1412647|
1412672|
1412673|
1412674|
1412675|
1412676|
1412677|
1412678|
1412679|
1412704|
1412705|
1412706|
1412707|
1412708|
1412709|
1412710|
1412711|
1412736|
1412737|
1412738|
1412739|
1412740|
1412741|
1412742|
1412743|
1412768|
1412769|
1412770|
1412771|
1412772|
1412773|
1412774|
1412775|
1412800|
1412801|
1412802|
1412803|
1412804|
1412805|
1412806|
1412807|
1412832|
1412833|
1412834|
1412835|
1412836|
1412837|
1412838|
1412839|
1412864|
1412865|
1412866|
1412867|
1412868|
1412869|
1412870|
1412871|
1412896|
1412897|
1412898|
1412899|
1412900|
1412901|
1412902|
1412903|
1412928|
1412929|
1412930|
1412931|
1412932|
1412933|
1412934|
1412935|
1412960|
1412961|
1412962|
1412963|
1412964|
1412965|
1412966|
1412967|
1412992|
1412993|
1412994|
1412995|
1412996|
1412997|
1412998|
1412999|
1413024|
1413025|
1413026|
1413027|
1413028|
1413029|
1413030|
1413031|
1413056|
1413057|
1413058|
1413059|
1413060|
1413061|
1413062|
1413063|
1413088|
1413089|
1413090|
1413091|
1413092|
1413093|
1413094|
1413095|
1413120|
1413121|
1413122|
1413123|
1413124|
1413125|
1413126|
1413127|
1413152|
1413153|
1413154|
1413155|
1413156|
1413157|
1413158|
1413159|
1413184|
1413185|
1413186|
1413187|
1413188|
1413189|
1413190|
1413191|
1413216|
1413217|
1413218|
1413219|
1413220|
1413221|
1413222|
1413223|
1413248|
1413249|
1413250|
1413251|
1413252|
1413253|
1413254|
1413255|
1413280|
1413281|
1413282|
1413283|
1413284|
1413285|
1413286|
1413287|
1413312|
1413313|
1413314|
1413315|
1413316|
1413317|
1413318|
1413319|
1413344|
1413345|
1413346|
1413347|
1413348|
1413349|
1413350|
1413351|
1413376|
1413377|
1413378|
1413379|
1413380|
1413381|
1413382|
1413383|
1413408|
1413409|
1413410|
1413411|
1413412|
1413413|
1413414|
1413415|
1413440|
1413441|
1413442|
1413443|
1413444|
1413445|
1413446|
1413447|
1413472|
1413473|
1413474|
1413475|
1413476|
1413477|
1413478|
1413479|
1413504|
1413505|
1413506|
1413507|
1413508|
1413509|
1413510|
1413511|
1413536|
1413537|
1413538|
1413539|
1413540|
1413541|
1413542|
1413543|
1413568|
1413569|
1413570|
1413571|
1413572|
1413573|
1413574|
1413575|
1413600|
1413601|
1413602|
1413603|
1413604|
1413605|
1413606|
1413607|
1413632|
1413633|
1413634|
1413635|
1413636|
1413637|
1413638|
1413639|
1413664|
1413665|
1413666|
1413667|
1413668|
1413669|
1413670|
1413671|
1413696|
1413697|
1413698|
1413699|
1413700|
1413701|
1413702|
1413703|
1413728|
1413729|
1413730|
1413731|
1413732|
1413733|
1413734|
1413735|
1413760|
1413761|
1413762|
1413763|
1413764|
1413765|
1413766|
1413767|
1413792|
1413793|
1413794|
1413795|
1413796|
1413797|
1413798|
1413799|
1413824|
1413825|
1413826|
1413827|
1413828|
1413829|
1413830|
1413831|
1413856|
1413857|
1413858|
1413859|
1413860|
1413861|
1413862|
1413863|
1413888|
1413889|
1413890|
1413891|
1413892|
1413893|
1413894|
1413895|
1413920|
1413921|
1413922|
1413923|
1413924|
1413925|
1413926|
1413927|
1413952|
1413953|
1413954|
1413955|
1413956|
1413957|
1413958|
1413959|
1413984|
1413985|
1413986|
1413987|
1413988|
1413989|
1413990|
1413991|
1414016|
1414017|
1414018|
1414019|
1414020|
1414021|
1414022|
1414023|
1414048|
1414049|
1414050|
1414051|
1414052|
1414053|
1414054|
1414055|
1414080|
1414081|
1414082|
1414083|
1414084|
1414085|
1414086|
1414087|
1414112|
1414113|
1414114|
1414115|
1414116|
1414117|
1414118|
1414119|
1414144|
1414145|
1414146|
1414147|
1414148|
1414149|
1414150|
1414151|
1414176|
1414177|
1414178|
1414179|
1414180|
1414181|
1414182|
1414183|
1414208|
1414209|
1414210|
1414211|
1414212|
1414213|
1414214|
1414215|
1414240|
1414241|
1414242|
1414243|
1414244|
1414245|
1414246|
1414247|
1414272|
1414273|
1414274|
1414275|
1414276|
1414277|
1414278|
1414279|
1414304|
1414305|
1414306|
1414307|
1414308|
1414309|
1414310|
1414311|
1414336|
1414337|
1414338|
1414339|
1414340|
1414341|
1414342|
1414343|
1414368|
1414369|
1414370|
1414371|
1414372|
1414373|
1414374|
1414375|
1414400|
1414401|
1414402|
1414403|
1414404|
1414405|
1414406|
1414407|
1414432|
1414433|
1414434|
1414435|
1414436|
1414437|
1414438|
1414439|
1414464|
1414465|
1414466|
1414467|
1414468|
1414469|
1414470|
1414471|
1414496|
1414497|
1414498|
1414499|
1414500|
1414501|
1414502|
1414503|
1414528|
1414529|
1414530|
1414531|
1414532|
1414533|
1414534|
1414535|
1414560|
1414561|
1414562|
1414563|
1414564|
1414565|
1414566|
1414567|
1414592|
1414593|
1414594|
1414595|
1414596|
1414597|
1414598|
1414599|
1414624|
1414625|
1414626|
1414627|
1414628|
1414629|
1414630|
1414631|
1414656|
1414657|
1414658|
1414659|
1414660|
1414661|
1414662|
1414663|
1414688|
1414689|
1414690|
1414691|
1414692|
1414693|
1414694|
1414695|
1414720|
1414721|
1414722|
1414723|
1414724|
1414725|
1414726|
1414727|
1414752|
1414753|
1414754|
1414755|
1414756|
1414757|
1414758|
1414759|
1414784|
1414785|
1414786|
1414787|
1414788|
1414789|
1414790|
1414791|
1414816|
1414817|
1414818|
1414819|
1414820|
1414821|
1414822|
1414823|
1414848|
1414849|
1414850|
1414851|
1414852|
1414853|
1414854|
1414855|
1414880|
1414881|
1414882|
1414883|
1414884|
1414885|
1414886|
1414887|
1414912|
1414913|
1414914|
1414915|
1414916|
1414917|
1414918|
1414919|
1414944|
1414945|
1414946|
1414947|
1414948|
1414949|
1414950|
1414951|
1414976|
1414977|
1414978|
1414979|
1414980|
1414981|
1414982|
1414983|
1415008|
1415009|
1415010|
1415011|
1415012|
1415013|
1415014|
1415015|
1415040|
1415041|
1415042|
1415043|
1415044|
1415045|
1415046|
1415047|
1415072|
1415073|
1415074|
1415075|
1415076|
1415077|
1415078|
1415079|
1415104|
1415105|
1415106|
1415107|
1415108|
1415109|
1415110|
1415111|
1415136|
1415137|
1415138|
1415139|
1415140|
1415141|
1415142|
1415143|
1415168|
1415169|
1415170|
1415171|
1415172|
1415173|
1415174|
1415175|
1415200|
1415201|
1415202|
1415203|
1415204|
1415205|
1415206|
1415207|
1415232|
1415233|
1415234|
1415235|
1415236|
1415237|
1415238|
1415239|
1415264|
1415265|
1415266|
1415267|
1415268|
1415269|
1415270|
1415271|
1415296|
1415297|
1415298|
1415299|
1415300|
1415301|
1415302|
1415303|
1415328|
1415329|
1415330|
1415331|
1415332|
1415333|
1415334|
1415335|
1415360|
1415361|
1415362|
1415363|
1415364|
1415365|
1415366|
1415367|
1415392|
1415393|
1415394|
1415395|
1415396|
1415397|
1415398|
1415399|
1415424|
1415425|
1415426|
1415427|
1415428|
1415429|
1415430|
1415431|
1415456|
1415457|
1415458|
1415459|
1415460|
1415461|
1415462|
1415463|
1415488|
1415489|
1415490|
1415491|
1415492|
1415493|
1415494|
1415495|
1415520|
1415521|
1415522|
1415523|
1415524|
1415525|
1415526|
1415527|
1415552|
1415553|
1415554|
1415555|
1415556|
1415557|
1415558|
1415559|
1415584|
1415585|
1415586|
1415587|
1415588|
1415589|
1415590|
1415591|
1415616|
1415617|
1415618|
1415619|
1415620|
1415621|
1415622|
1415623|
1415648|
1415649|
1415650|
1415651|
1415652|
1415653|
1415654|
1415655|
1415680|
1415681|
1415682|
1415683|
1415684|
1415685|
1415686|
1415687|
1415712|
1415713|
1415714|
1415715|
1415716|
1415717|
1415718|
1415719|
1415744|
1415745|
1415746|
1415747|
1415748|
1415749|
1415750|
1415751|
1415776|
1415777|
1415778|
1415779|
1415780|
1415781|
1415782|
1415783|
1415808|
1415809|
1415810|
1415811|
1415812|
1415813|
1415814|
1415815|
1415840|
1415841|
1415842|
1415843|
1415844|
1415845|
1415846|
1415847|
1415872|
1415873|
1415874|
1415875|
1415876|
1415877|
1415878|
1415879|
1415904|
1415905|
1415906|
1415907|
1415908|
1415909|
1415910|
1415911|
1415936|
1415937|
1415938|
1415939|
1415940|
1415941|
1415942|
1415943|
1415968|
1415969|
1415970|
1415971|
1415972|
1415973|
1415974|
1415975|
1416000|
