2981989|
2981990|
2981991|
2982016|
2982017|
2982018|
2982019|
2982020|
2982021|
2982022|
2982023|
2982048|
2982049|
2982050|
2982051|
2982052|
2982053|
2982054|
2982055|
2982080|
2982081|
2982082|
2982083|
2982084|
2982085|
2982086|
2982087|
2982112|
2982113|
2982114|
2982115|
2982116|
2982117|
2982118|
2982119|
2982144|
2982145|
2982146|
2982147|
2982148|
2982149|
2982150|
2982151|
2982176|
2982177|
2982178|
2982179|
2982180|
2982181|
2982182|
2982183|
2982208|
2982209|
2982210|
2982211|
2982212|
2982213|
2982214|
2982215|
2982240|
2982241|
2982242|
2982243|
2982244|
2982245|
2982246|
2982247|
2982272|
2982273|
2982274|
2982275|
2982276|
2982277|
2982278|
2982279|
2982304|
2982305|
2982306|
2982307|
2982308|
2982309|
2982310|
2982311|
2982336|
2982337|
2982338|
2982339|
2982340|
2982341|
2982342|
2982343|
2982368|
2982369|
2982370|
2982371|
2982372|
2982373|
2982374|
2982375|
2982400|
2982401|
2982402|
2982403|
2982404|
2982405|
2982406|
2982407|
2982432|
2982433|
2982434|
2982435|
2982436|
2982437|
2982438|
2982439|
2982464|
2982465|
2982466|
2982467|
2982468|
2982469|
2982470|
2982471|
2982496|
2982497|
2982498|
2982499|
2982500|
2982501|
2982502|
2982503|
2982528|
2982529|
2982530|
2982531|
2982532|
2982533|
2982534|
2982535|
2982560|
2982561|
2982562|
2982563|
2982564|
2982565|
2982566|
2982567|
2982592|
2982593|
2982594|
2982595|
2982596|
2982597|
2982598|
2982599|
2982624|
2982625|
2982626|
2982627|
2982628|
2982629|
2982630|
2982631|
2982656|
2982657|
2982658|
2982659|
2982660|
2982661|
2982662|
2982663|
2982688|
2982689|
2982690|
2982691|
2982692|
2982693|
2982694|
2982695|
2982720|
2982721|
2982722|
2982723|
2982724|
2982725|
2982726|
2982727|
2982752|
2982753|
2982754|
2982755|
2982756|
2982757|
2982758|
2982759|
2982784|
2982785|
2982786|
2982787|
2982788|
2982789|
2982790|
2982791|
2982816|
2982817|
2982818|
2982819|
2982820|
2982821|
2982822|
2982823|
2982848|
2982849|
2982850|
2982851|
2982852|
2982853|
2982854|
2982855|
2982880|
2982881|
2982882|
2982883|
2982884|
2982885|
2982886|
2982887|
2982912|
2982913|
2982914|
2982915|
2982916|
2982917|
2982918|
2982919|
2982944|
2982945|
2982946|
2982947|
2982948|
2982949|
2982950|
2982951|
2982976|
2982977|
2982978|
2982979|
2982980|
2982981|
2982982|
2982983|
2983008|
2983009|
2983010|
2983011|
2983012|
2983013|
2983014|
2983015|
2983040|
2983041|
2983042|
2983043|
2983044|
2983045|
2983046|
2983047|
2983072|
2983073|
2983074|
2983075|
2983076|
2983077|
2983078|
2983079|
2983104|
2983105|
2983106|
2983107|
2983108|
2983109|
2983110|
2983111|
2983136|
2983137|
2983138|
2983139|
2983140|
2983141|
2983142|
2983143|
2983168|
2983169|
2983170|
2983171|
2983172|
2983173|
2983174|
2983175|
2983200|
2983201|
2983202|
2983203|
2983204|
2983205|
2983206|
2983207|
2983232|
2983233|
2983234|
2983235|
2983236|
2983237|
2983238|
2983239|
2983264|
2983265|
2983266|
2983267|
2983268|
2983269|
2983270|
2983271|
2983296|
2983297|
2983298|
2983299|
2983300|
2983301|
2983302|
2983303|
2983328|
2983329|
2983330|
2983331|
2983332|
2983333|
2983334|
2983335|
2983360|
2983361|
2983362|
2983363|
2983364|
2983365|
2983366|
2983367|
2983392|
2983393|
2983394|
2983395|
2983396|
2983397|
2983398|
2983399|
2983424|
2983425|
2983426|
2983427|
2983428|
2983429|
2983430|
2983431|
2983456|
2983457|
2983458|
2983459|
2983460|
2983461|
2983462|
2983463|
2983488|
2983489|
2983490|
2983491|
2983492|
2983493|
2983494|
2983495|
2983520|
2983521|
2983522|
2983523|
2983524|
2983525|
2983526|
2983527|
2983552|
2983553|
2983554|
2983555|
2983556|
2983557|
2983558|
2983559|
2983584|
2983585|
2983586|
2983587|
2983588|
2983589|
2983590|
2983591|
2983616|
2983617|
2983618|
2983619|
2983620|
2983621|
2983622|
2983623|
2983648|
2983649|
2983650|
2983651|
2983652|
2983653|
2983654|
2983655|
2983680|
2983681|
2983682|
2983683|
2983684|
2983685|
2983686|
2983687|
2983712|
2983713|
2983714|
2983715|
2983716|
2983717|
2983718|
2983719|
2983744|
2983745|
2983746|
2983747|
2983748|
2983749|
2983750|
2983751|
2983776|
2983777|
2983778|
2983779|
2983780|
2983781|
2983782|
2983783|
2983808|
2983809|
2983810|
2983811|
2983812|
2983813|
2983814|
2983815|
2983840|
2983841|
2983842|
2983843|
2983844|
2983845|
2983846|
2983847|
2983872|
2983873|
2983874|
2983875|
2983876|
2983877|
2983878|
2983879|
2983904|
2983905|
2983906|
2983907|
2983908|
2983909|
2983910|
2983911|
2983936|
2983937|
2983938|
2983939|
2983940|
2983941|
2983942|
2983943|
2983968|
2983969|
2983970|
2983971|
2983972|
2983973|
2983974|
2983975|
2984000|
2984001|
2984002|
2984003|
2984004|
2984005|
2984006|
2984007|
2984032|
2984033|
2984034|
2984035|
2984036|
2984037|
2984038|
2984039|
2984064|
2984065|
2984066|
2984067|
2984068|
2984069|
2984070|
2984071|
2984096|
2984097|
2984098|
2984099|
2984100|
2984101|
2984102|
2984103|
2984128|
2984129|
2984130|
2984131|
2984132|
2984133|
2984134|
2984135|
2984160|
2984161|
2984162|
2984163|
2984164|
2984165|
2984166|
2984167|
2984192|
2984193|
2984194|
2984195|
2984196|
2984197|
2984198|
2984199|
2984224|
2984225|
2984226|
2984227|
2984228|
2984229|
2984230|
2984231|
2984256|
2984257|
2984258|
2984259|
2984260|
2984261|
2984262|
2984263|
2984288|
2984289|
2984290|
2984291|
2984292|
2984293|
2984294|
2984295|
2984320|
2984321|
2984322|
2984323|
2984324|
2984325|
2984326|
2984327|
2984352|
2984353|
2984354|
2984355|
2984356|
2984357|
2984358|
2984359|
2984384|
2984385|
2984386|
2984387|
2984388|
2984389|
2984390|
2984391|
2984416|
2984417|
2984418|
2984419|
2984420|
2984421|
2984422|
2984423|
2984448|
2984449|
2984450|
2984451|
2984452|
2984453|
2984454|
2984455|
2984480|
2984481|
2984482|
2984483|
2984484|
2984485|
2984486|
2984487|
2984512|
2984513|
2984514|
2984515|
2984516|
2984517|
2984518|
2984519|
2984544|
2984545|
2984546|
2984547|
2984548|
2984549|
2984550|
2984551|
2984576|
2984577|
2984578|
2984579|
2984580|
2984581|
2984582|
2984583|
2984608|
2984609|
2984610|
2984611|
2984612|
2984613|
2984614|
2984615|
2984640|
2984641|
2984642|
2984643|
2984644|
2984645|
2984646|
2984647|
2984672|
2984673|
2984674|
2984675|
2984676|
2984677|
2984678|
2984679|
2984704|
2984705|
2984706|
2984707|
2984708|
2984709|
2984710|
2984711|
2984736|
2984737|
2984738|
2984739|
2984740|
2984741|
2984742|
2984743|
2984768|
2984769|
2984770|
2984771|
2984772|
2984773|
2984774|
2984775|
2984800|
2984801|
2984802|
2984803|
2984804|
2984805|
2984806|
2984807|
2984832|
2984833|
2984834|
2984835|
2984836|
2984837|
2984838|
2984839|
2984864|
2984865|
2984866|
2984867|
2984868|
2984869|
2984870|
2984871|
2984896|
2984897|
2984898|
2984899|
2984900|
2984901|
2984902|
2984903|
2984928|
2984929|
2984930|
2984931|
2984932|
2984933|
2984934|
2984935|
2984960|
2984961|
2984962|
2984963|
2984964|
2984965|
2984966|
2984967|
2984992|
2984993|
2984994|
2984995|
2984996|
2984997|
2984998|
2984999|
2985024|
2985025|
2985026|
2985027|
2985028|
2985029|
2985030|
2985031|
2985056|
2985057|
2985058|
2985059|
2985060|
2985061|
2985062|
2985063|
2985088|
2985089|
2985090|
2985091|
2985092|
2985093|
2985094|
2985095|
2985120|
2985121|
2985122|
2985123|
2985124|
2985125|
2985126|
2985127|
2985152|
2985153|
2985154|
2985155|
2985156|
2985157|
2985158|
2985159|
2985184|
2985185|
2985186|
2985187|
2985188|
2985189|
2985190|
2985191|
2985216|
2985217|
2985218|
2985219|
2985220|
2985221|
2985222|
2985223|
2985248|
2985249|
2985250|
2985251|
2985252|
2985253|
2985254|
2985255|
2985280|
2985281|
2985282|
2985283|
2985284|
2985285|
2985286|
2985287|
2985312|
2985313|
2985314|
2985315|
2985316|
2985317|
2985318|
2985319|
2985344|
2985345|
2985346|
2985347|
2985348|
2985349|
2985350|
2985351|
2985376|
2985377|
2985378|
2985379|
2985380|
2985381|
2985382|
2985383|
2985408|
2985409|
2985410|
2985411|
2985412|
2985413|
2985414|
2985415|
2985440|
2985441|
2985442|
2985443|
2985444|
2985445|
2985446|
2985447|
2985472|
2985473|
2985474|
2985475|
2985476|
2985477|
2985478|
2985479|
2985504|
2985505|
2985506|
2985507|
2985508|
2985509|
2985510|
2985511|
2985536|
2985537|
2985538|
2985539|
2985540|
2985541|
2985542|
2985543|
2985568|
2985569|
2985570|
2985571|
2985572|
2985573|
2985574|
2985575|
2985600|
2985601|
2985602|
2985603|
2985604|
2985605|
2985606|
2985607|
2985632|
2985633|
2985634|
2985635|
2985636|
2985637|
2985638|
2985639|
2985664|
2985665|
2985666|
2985667|
2985668|
2985669|
2985670|
2985671|
2985696|
2985697|
2985698|
2985699|
2985700|
2985701|
2985702|
2985703|
2985728|
2985729|
2985730|
2985731|
2985732|
2985733|
2985734|
2985735|
2985760|
2985761|
2985762|
2985763|
2985764|
2985765|
2985766|
2985767|
2985792|
2985793|
2985794|
2985795|
2985796|
2985797|
2985798|
2985799|
2985824|
2985825|
2985826|
2985827|
2985828|
2985829|
2985830|
2985831|
2985856|
2985857|
2985858|
2985859|
2985860|
2985861|
2985862|
2985863|
2985888|
2985889|
2985890|
2985891|
2985892|
2985893|
2985894|
2985895|
2985920|
2985921|
2985922|
2985923|
2985924|
2985925|
2985926|
2985927|
2985952|
2985953|
2985954|
2985955|
2985956|
2985957|
2985958|
2985959|
2985984|
2985985|
2985986|
2985987|
2985988|
2985989|
2985990|
2985991|
2986016|
2986017|
2986018|
2986019|
2986020|
2986021|
2986022|
2986023|
2986048|
2986049|
2986050|
2986051|
2986052|
2986053|
2986054|
2986055|
2986080|
2986081|
2986082|
2986083|
2986084|
2986085|
2986086|
2986087|
2986112|
2986113|
2986114|
2986115|
2986116|
2986117|
2986118|
2986119|
2986144|
2986145|
2986146|
2986147|
2986148|
2986149|
2986150|
2986151|
2986176|
2986177|
2986178|
2986179|
2986180|
2986181|
2986182|
2986183|
2986208|
2986209|
2986210|
2986211|
2986212|
2986213|
2986214|
2986215|
2986240|
2986241|
2986242|
2986243|
2986244|
2986245|
2986246|
2986247|
2986272|
2986273|
2986274|
2986275|
2986276|
2986277|
2986278|
2986279|
2986304|
2986305|
2986306|
2986307|
2986308|
2986309|
2986310|
2986311|
2986336|
2986337|
2986338|
2986339|
2986340|
2986341|
2986342|
2986343|
2986368|
2986369|
2986370|
2986371|
2986372|
2986373|
2986374|
2986375|
2986400|
2986401|
2986402|
2986403|
2986404|
2986405|
2986406|
2986407|
2986432|
2986433|
2986434|
2986435|
2986436|
2986437|
2986438|
2986439|
2986464|
2986465|
2986466|
2986467|
2986468|
2986469|
2986470|
2986471|
2986496|
2986497|
2986498|
2986499|
2986500|
2986501|
2986502|
2986503|
2986528|
2986529|
2986530|
2986531|
2986532|
2986533|
2986534|
2986535|
2986560|
2986561|
2986562|
2986563|
2986564|
2986565|
2986566|
2986567|
2986592|
2986593|
2986594|
2986595|
2986596|
2986597|
2986598|
2986599|
2986624|
2986625|
2986626|
2986627|
2986628|
2986629|
2986630|
2986631|
2986656|
2986657|
2986658|
2986659|
2986660|
2986661|
2986662|
2986663|
2986688|
2986689|
2986690|
2986691|
2986692|
2986693|
2986694|
2986695|
2986720|
2986721|
2986722|
2986723|
2986724|
2986725|
2986726|
2986727|
2986752|
2986753|
2986754|
2986755|
2986756|
2986757|
2986758|
2986759|
2986784|
2986785|
2986786|
2986787|
2986788|
2986789|
2986790|
2986791|
2986816|
2986817|
2986818|
2986819|
2986820|
2986821|
2986822|
2986823|
2986848|
2986849|
2986850|
2986851|
2986852|
2986853|
2986854|
2986855|
2986880|
2986881|
2986882|
2986883|
2986884|
2986885|
2986886|
2986887|
2986912|
2986913|
2986914|
2986915|
2986916|
2986917|
2986918|
2986919|
2986944|
2986945|
2986946|
2986947|
2986948|
2986949|
2986950|
2986951|
2986976|
2986977|
2986978|
2986979|
2986980|
2986981|
2986982|
2986983|
2987008|
2987009|
2987010|
2987011|
2987012|
2987013|
2987014|
2987015|
2987040|
2987041|
2987042|
2987043|
2987044|
2987045|
2987046|
2987047|
2987072|
2987073|
2987074|
2987075|
2987076|
2987077|
2987078|
2987079|
2987104|
2987105|
2987106|
2987107|
2987108|
2987109|
2987110|
2987111|
2987136|
2987137|
2987138|
2987139|
2987140|
2987141|
2987142|
2987143|
2987168|
2987169|
2987170|
2987171|
2987172|
2987173|
2987174|
2987175|
2987200|
2987201|
2987202|
2987203|
2987204|
2987205|
2987206|
2987207|
2987232|
2987233|
2987234|
2987235|
2987236|
2987237|
2987238|
2987239|
2987264|
2987265|
2987266|
2987267|
2987268|
2987269|
2987270|
2987271|
2987296|
2987297|
2987298|
2987299|
2987300|
2987301|
2987302|
2987303|
2987328|
2987329|
2987330|
2987331|
2987332|
2987333|
2987334|
2987335|
2987360|
2987361|
2987362|
2987363|
2987364|
2987365|
2987366|
2987367|
2987392|
2987393|
2987394|
2987395|
2987396|
2987397|
2987398|
2987399|
2987424|
2987425|
2987426|
2987427|
2987428|
2987429|
2987430|
2987431|
2987456|
2987457|
2987458|
2987459|
2987460|
2987461|
2987462|
2987463|
2987488|
2987489|
2987490|
2987491|
2987492|
2987493|
2987494|
2987495|
2987520|
2987521|
2987522|
2987523|
2987524|
2987525|
2987526|
2987527|
2987552|
2987553|
2987554|
2987555|
2987556|
2987557|
2987558|
2987559|
2987584|
2987585|
2987586|
2987587|
2987588|
2987589|
2987590|
2987591|
2987616|
2987617|
2987618|
2987619|
2987620|
2987621|
2987622|
2987623|
2987648|
2987649|
2987650|
2987651|
2987652|
2987653|
2987654|
2987655|
2987680|
2987681|
2987682|
2987683|
2987684|
2987685|
2987686|
2987687|
2987712|
2987713|
2987714|
2987715|
2987716|
2987717|
2987718|
2987719|
2987744|
2987745|
2987746|
2987747|
2987748|
2987749|
2987750|
2987751|
2987776|
2987777|
2987778|
2987779|
2987780|
2987781|
2987782|
2987783|
2987808|
2987809|
2987810|
2987811|
2987812|
2987813|
2987814|
2987815|
2987840|
2987841|
2987842|
2987843|
2987844|
2987845|
2987846|
2987847|
2987872|
2987873|
2987874|
2987875|
2987876|
2987877|
2987878|
2987879|
2987904|
2987905|
2987906|
2987907|
2987908|
2987909|
2987910|
2987911|
2987936|
2987937|
2987938|
2987939|
2987940|
2987941|
2987942|
2987943|
2987968|
2987969|
2987970|
2987971|
2987972|
2987973|
2987974|
2987975|
2988000|
