2304001|
2304002|
2304003|
2304004|
2304005|
2304006|
2304007|
2304032|
2304033|
2304034|
2304035|
2304036|
2304037|
2304038|
2304039|
2304064|
2304065|
2304066|
2304067|
2304068|
2304069|
2304070|
2304071|
2304096|
2304097|
2304098|
2304099|
2304100|
2304101|
2304102|
2304103|
2304128|
2304129|
2304130|
2304131|
2304132|
2304133|
2304134|
2304135|
2304160|
2304161|
2304162|
2304163|
2304164|
2304165|
2304166|
2304167|
2304192|
2304193|
2304194|
2304195|
2304196|
2304197|
2304198|
2304199|
2304224|
2304225|
2304226|
2304227|
2304228|
2304229|
2304230|
2304231|
2304256|
2304257|
2304258|
2304259|
2304260|
2304261|
2304262|
2304263|
2304288|
2304289|
2304290|
2304291|
2304292|
2304293|
2304294|
2304295|
2304320|
2304321|
2304322|
2304323|
2304324|
2304325|
2304326|
2304327|
2304352|
2304353|
2304354|
2304355|
2304356|
2304357|
2304358|
2304359|
2304384|
2304385|
2304386|
2304387|
2304388|
2304389|
2304390|
2304391|
2304416|
2304417|
2304418|
2304419|
2304420|
2304421|
2304422|
2304423|
2304448|
2304449|
2304450|
2304451|
2304452|
2304453|
2304454|
2304455|
2304480|
2304481|
2304482|
2304483|
2304484|
2304485|
2304486|
2304487|
2304512|
2304513|
2304514|
2304515|
2304516|
2304517|
2304518|
2304519|
2304544|
2304545|
2304546|
2304547|
2304548|
2304549|
2304550|
2304551|
2304576|
2304577|
2304578|
2304579|
2304580|
2304581|
2304582|
2304583|
2304608|
2304609|
2304610|
2304611|
2304612|
2304613|
2304614|
2304615|
2304640|
2304641|
2304642|
2304643|
2304644|
2304645|
2304646|
2304647|
2304672|
2304673|
2304674|
2304675|
2304676|
2304677|
2304678|
2304679|
2304704|
2304705|
2304706|
2304707|
2304708|
2304709|
2304710|
2304711|
2304736|
2304737|
2304738|
2304739|
2304740|
2304741|
2304742|
2304743|
2304768|
2304769|
2304770|
2304771|
2304772|
2304773|
2304774|
2304775|
2304800|
2304801|
2304802|
2304803|
2304804|
2304805|
2304806|
2304807|
2304832|
2304833|
2304834|
2304835|
2304836|
2304837|
2304838|
2304839|
2304864|
2304865|
2304866|
2304867|
2304868|
2304869|
2304870|
2304871|
2304896|
2304897|
2304898|
2304899|
2304900|
2304901|
2304902|
2304903|
2304928|
2304929|
2304930|
2304931|
2304932|
2304933|
2304934|
2304935|
2304960|
2304961|
2304962|
2304963|
2304964|
2304965|
2304966|
2304967|
2304992|
2304993|
2304994|
2304995|
2304996|
2304997|
2304998|
2304999|
2305024|
2305025|
2305026|
2305027|
2305028|
2305029|
2305030|
2305031|
2305056|
2305057|
2305058|
2305059|
2305060|
2305061|
2305062|
2305063|
2305088|
2305089|
2305090|
2305091|
2305092|
2305093|
2305094|
2305095|
2305120|
2305121|
2305122|
2305123|
2305124|
2305125|
2305126|
2305127|
2305152|
2305153|
2305154|
2305155|
2305156|
2305157|
2305158|
2305159|
2305184|
2305185|
2305186|
2305187|
2305188|
2305189|
2305190|
2305191|
2305216|
2305217|
2305218|
2305219|
2305220|
2305221|
2305222|
2305223|
2305248|
2305249|
2305250|
2305251|
2305252|
2305253|
2305254|
2305255|
2305280|
2305281|
2305282|
2305283|
2305284|
2305285|
2305286|
2305287|
2305312|
2305313|
2305314|
2305315|
2305316|
2305317|
2305318|
2305319|
2305344|
2305345|
2305346|
2305347|
2305348|
2305349|
2305350|
2305351|
2305376|
2305377|
2305378|
2305379|
2305380|
2305381|
2305382|
2305383|
2305408|
2305409|
2305410|
2305411|
2305412|
2305413|
2305414|
2305415|
2305440|
2305441|
2305442|
2305443|
2305444|
2305445|
2305446|
2305447|
2305472|
2305473|
2305474|
2305475|
2305476|
2305477|
2305478|
2305479|
2305504|
2305505|
2305506|
2305507|
2305508|
2305509|
2305510|
2305511|
2305536|
2305537|
2305538|
2305539|
2305540|
2305541|
2305542|
2305543|
2305568|
2305569|
2305570|
2305571|
2305572|
2305573|
2305574|
2305575|
2305600|
2305601|
2305602|
2305603|
2305604|
2305605|
2305606|
2305607|
2305632|
2305633|
2305634|
2305635|
2305636|
2305637|
2305638|
2305639|
2305664|
2305665|
2305666|
2305667|
2305668|
2305669|
2305670|
2305671|
2305696|
2305697|
2305698|
2305699|
2305700|
2305701|
2305702|
2305703|
2305728|
2305729|
2305730|
2305731|
2305732|
2305733|
2305734|
2305735|
2305760|
2305761|
2305762|
2305763|
2305764|
2305765|
2305766|
2305767|
2305792|
2305793|
2305794|
2305795|
2305796|
2305797|
2305798|
2305799|
2305824|
2305825|
2305826|
2305827|
2305828|
2305829|
2305830|
2305831|
2305856|
2305857|
2305858|
2305859|
2305860|
2305861|
2305862|
2305863|
2305888|
2305889|
2305890|
2305891|
2305892|
2305893|
2305894|
2305895|
2305920|
2305921|
2305922|
2305923|
2305924|
2305925|
2305926|
2305927|
2305952|
2305953|
2305954|
2305955|
2305956|
2305957|
2305958|
2305959|
2305984|
2305985|
2305986|
2305987|
2305988|
2305989|
2305990|
2305991|
2306016|
2306017|
2306018|
2306019|
2306020|
2306021|
2306022|
2306023|
2306048|
2306049|
2306050|
2306051|
2306052|
2306053|
2306054|
2306055|
2306080|
2306081|
2306082|
2306083|
2306084|
2306085|
2306086|
2306087|
2306112|
2306113|
2306114|
2306115|
2306116|
2306117|
2306118|
2306119|
2306144|
2306145|
2306146|
2306147|
2306148|
2306149|
2306150|
2306151|
2306176|
2306177|
2306178|
2306179|
2306180|
2306181|
2306182|
2306183|
2306208|
2306209|
2306210|
2306211|
2306212|
2306213|
2306214|
2306215|
2306240|
2306241|
2306242|
2306243|
2306244|
2306245|
2306246|
2306247|
2306272|
2306273|
2306274|
2306275|
2306276|
2306277|
2306278|
2306279|
2306304|
2306305|
2306306|
2306307|
2306308|
2306309|
2306310|
2306311|
2306336|
2306337|
2306338|
2306339|
2306340|
2306341|
2306342|
2306343|
2306368|
2306369|
2306370|
2306371|
2306372|
2306373|
2306374|
2306375|
2306400|
2306401|
2306402|
2306403|
2306404|
2306405|
2306406|
2306407|
2306432|
2306433|
2306434|
2306435|
2306436|
2306437|
2306438|
2306439|
2306464|
2306465|
2306466|
2306467|
2306468|
2306469|
2306470|
2306471|
2306496|
2306497|
2306498|
2306499|
2306500|
2306501|
2306502|
2306503|
2306528|
2306529|
2306530|
2306531|
2306532|
2306533|
2306534|
2306535|
2306560|
2306561|
2306562|
2306563|
2306564|
2306565|
2306566|
2306567|
2306592|
2306593|
2306594|
2306595|
2306596|
2306597|
2306598|
2306599|
2306624|
2306625|
2306626|
2306627|
2306628|
2306629|
2306630|
2306631|
2306656|
2306657|
2306658|
2306659|
2306660|
2306661|
2306662|
2306663|
2306688|
2306689|
2306690|
2306691|
2306692|
2306693|
2306694|
2306695|
2306720|
2306721|
2306722|
2306723|
2306724|
2306725|
2306726|
2306727|
2306752|
2306753|
2306754|
2306755|
2306756|
2306757|
2306758|
2306759|
2306784|
2306785|
2306786|
2306787|
2306788|
2306789|
2306790|
2306791|
2306816|
2306817|
2306818|
2306819|
2306820|
2306821|
2306822|
2306823|
2306848|
2306849|
2306850|
2306851|
2306852|
2306853|
2306854|
2306855|
2306880|
2306881|
2306882|
2306883|
2306884|
2306885|
2306886|
2306887|
2306912|
2306913|
2306914|
2306915|
2306916|
2306917|
2306918|
2306919|
2306944|
2306945|
2306946|
2306947|
2306948|
2306949|
2306950|
2306951|
2306976|
2306977|
2306978|
2306979|
2306980|
2306981|
2306982|
2306983|
2307008|
2307009|
2307010|
2307011|
2307012|
2307013|
2307014|
2307015|
2307040|
2307041|
2307042|
2307043|
2307044|
2307045|
2307046|
2307047|
2307072|
2307073|
2307074|
2307075|
2307076|
2307077|
2307078|
2307079|
2307104|
2307105|
2307106|
2307107|
2307108|
2307109|
2307110|
2307111|
2307136|
2307137|
2307138|
2307139|
2307140|
2307141|
2307142|
2307143|
2307168|
2307169|
2307170|
2307171|
2307172|
2307173|
2307174|
2307175|
2307200|
2307201|
2307202|
2307203|
2307204|
2307205|
2307206|
2307207|
2307232|
2307233|
2307234|
2307235|
2307236|
2307237|
2307238|
2307239|
2307264|
2307265|
2307266|
2307267|
2307268|
2307269|
2307270|
2307271|
2307296|
2307297|
2307298|
2307299|
2307300|
2307301|
2307302|
2307303|
2307328|
2307329|
2307330|
2307331|
2307332|
2307333|
2307334|
2307335|
2307360|
2307361|
2307362|
2307363|
2307364|
2307365|
2307366|
2307367|
2307392|
2307393|
2307394|
2307395|
2307396|
2307397|
2307398|
2307399|
2307424|
2307425|
2307426|
2307427|
2307428|
2307429|
2307430|
2307431|
2307456|
2307457|
2307458|
2307459|
2307460|
2307461|
2307462|
2307463|
2307488|
2307489|
2307490|
2307491|
2307492|
2307493|
2307494|
2307495|
2307520|
2307521|
2307522|
2307523|
2307524|
2307525|
2307526|
2307527|
2307552|
2307553|
2307554|
2307555|
2307556|
2307557|
2307558|
2307559|
2307584|
2307585|
2307586|
2307587|
2307588|
2307589|
2307590|
2307591|
2307616|
2307617|
2307618|
2307619|
2307620|
2307621|
2307622|
2307623|
2307648|
2307649|
2307650|
2307651|
2307652|
2307653|
2307654|
2307655|
2307680|
2307681|
2307682|
2307683|
2307684|
2307685|
2307686|
2307687|
2307712|
2307713|
2307714|
2307715|
2307716|
2307717|
2307718|
2307719|
2307744|
2307745|
2307746|
2307747|
2307748|
2307749|
2307750|
2307751|
2307776|
2307777|
2307778|
2307779|
2307780|
2307781|
2307782|
2307783|
2307808|
2307809|
2307810|
2307811|
2307812|
2307813|
2307814|
2307815|
2307840|
2307841|
2307842|
2307843|
2307844|
2307845|
2307846|
2307847|
2307872|
2307873|
2307874|
2307875|
2307876|
2307877|
2307878|
2307879|
2307904|
2307905|
2307906|
2307907|
2307908|
2307909|
2307910|
2307911|
2307936|
2307937|
2307938|
2307939|
2307940|
2307941|
2307942|
2307943|
2307968|
2307969|
2307970|
2307971|
2307972|
2307973|
2307974|
2307975|
2308000|
2308001|
2308002|
2308003|
2308004|
2308005|
2308006|
2308007|
2308032|
2308033|
2308034|
2308035|
2308036|
2308037|
2308038|
2308039|
2308064|
2308065|
2308066|
2308067|
2308068|
2308069|
2308070|
2308071|
2308096|
2308097|
2308098|
2308099|
2308100|
2308101|
2308102|
2308103|
2308128|
2308129|
2308130|
2308131|
2308132|
2308133|
2308134|
2308135|
2308160|
2308161|
2308162|
2308163|
2308164|
2308165|
2308166|
2308167|
2308192|
2308193|
2308194|
2308195|
2308196|
2308197|
2308198|
2308199|
2308224|
2308225|
2308226|
2308227|
2308228|
2308229|
2308230|
2308231|
2308256|
2308257|
2308258|
2308259|
2308260|
2308261|
2308262|
2308263|
2308288|
2308289|
2308290|
2308291|
2308292|
2308293|
2308294|
2308295|
2308320|
2308321|
2308322|
2308323|
2308324|
2308325|
2308326|
2308327|
2308352|
2308353|
2308354|
2308355|
2308356|
2308357|
2308358|
2308359|
2308384|
2308385|
2308386|
2308387|
2308388|
2308389|
2308390|
2308391|
2308416|
2308417|
2308418|
2308419|
2308420|
2308421|
2308422|
2308423|
2308448|
2308449|
2308450|
2308451|
2308452|
2308453|
2308454|
2308455|
2308480|
2308481|
2308482|
2308483|
2308484|
2308485|
2308486|
2308487|
2308512|
2308513|
2308514|
2308515|
2308516|
2308517|
2308518|
2308519|
2308544|
2308545|
2308546|
2308547|
2308548|
2308549|
2308550|
2308551|
2308576|
2308577|
2308578|
2308579|
2308580|
2308581|
2308582|
2308583|
2308608|
2308609|
2308610|
2308611|
2308612|
2308613|
2308614|
2308615|
2308640|
2308641|
2308642|
2308643|
2308644|
2308645|
2308646|
2308647|
2308672|
2308673|
2308674|
2308675|
2308676|
2308677|
2308678|
2308679|
2308704|
2308705|
2308706|
2308707|
2308708|
2308709|
2308710|
2308711|
2308736|
2308737|
2308738|
2308739|
2308740|
2308741|
2308742|
2308743|
2308768|
2308769|
2308770|
2308771|
2308772|
2308773|
2308774|
2308775|
2308800|
2308801|
2308802|
2308803|
2308804|
2308805|
2308806|
2308807|
2308832|
2308833|
2308834|
2308835|
2308836|
2308837|
2308838|
2308839|
2308864|
2308865|
2308866|
2308867|
2308868|
2308869|
2308870|
2308871|
2308896|
2308897|
2308898|
2308899|
2308900|
2308901|
2308902|
2308903|
2308928|
2308929|
2308930|
2308931|
2308932|
2308933|
2308934|
2308935|
2308960|
2308961|
2308962|
2308963|
2308964|
2308965|
2308966|
2308967|
2308992|
2308993|
2308994|
2308995|
2308996|
2308997|
2308998|
2308999|
2309024|
2309025|
2309026|
2309027|
2309028|
2309029|
2309030|
2309031|
2309056|
2309057|
2309058|
2309059|
2309060|
2309061|
2309062|
2309063|
2309088|
2309089|
2309090|
2309091|
2309092|
2309093|
2309094|
2309095|
2309120|
2309121|
2309122|
2309123|
2309124|
2309125|
2309126|
2309127|
2309152|
2309153|
2309154|
2309155|
2309156|
2309157|
2309158|
2309159|
2309184|
2309185|
2309186|
2309187|
2309188|
2309189|
2309190|
2309191|
2309216|
2309217|
2309218|
2309219|
2309220|
2309221|
2309222|
2309223|
2309248|
2309249|
2309250|
2309251|
2309252|
2309253|
2309254|
2309255|
2309280|
2309281|
2309282|
2309283|
2309284|
2309285|
2309286|
2309287|
2309312|
2309313|
2309314|
2309315|
2309316|
2309317|
2309318|
2309319|
2309344|
2309345|
2309346|
2309347|
2309348|
2309349|
2309350|
2309351|
2309376|
2309377|
2309378|
2309379|
2309380|
2309381|
2309382|
2309383|
2309408|
2309409|
2309410|
2309411|
2309412|
2309413|
2309414|
2309415|
2309440|
2309441|
2309442|
2309443|
2309444|
2309445|
2309446|
2309447|
2309472|
2309473|
2309474|
2309475|
2309476|
2309477|
2309478|
2309479|
2309504|
2309505|
2309506|
2309507|
2309508|
2309509|
2309510|
2309511|
2309536|
2309537|
2309538|
2309539|
2309540|
2309541|
2309542|
2309543|
2309568|
2309569|
2309570|
2309571|
2309572|
2309573|
2309574|
2309575|
2309600|
2309601|
2309602|
2309603|
2309604|
2309605|
2309606|
2309607|
2309632|
2309633|
2309634|
2309635|
2309636|
2309637|
2309638|
2309639|
2309664|
2309665|
2309666|
2309667|
2309668|
2309669|
2309670|
2309671|
2309696|
2309697|
2309698|
2309699|
2309700|
2309701|
2309702|
2309703|
2309728|
2309729|
2309730|
2309731|
2309732|
2309733|
2309734|
2309735|
2309760|
2309761|
2309762|
2309763|
2309764|
2309765|
2309766|
2309767|
2309792|
2309793|
2309794|
2309795|
2309796|
2309797|
2309798|
2309799|
2309824|
2309825|
2309826|
2309827|
2309828|
2309829|
2309830|
2309831|
2309856|
2309857|
2309858|
2309859|
2309860|
2309861|
2309862|
2309863|
2309888|
2309889|
2309890|
2309891|
2309892|
2309893|
2309894|
2309895|
2309920|
2309921|
2309922|
2309923|
2309924|
2309925|
2309926|
2309927|
2309952|
2309953|
2309954|
2309955|
2309956|
2309957|
2309958|
2309959|
2309984|
2309985|
2309986|
2309987|
2309988|
