497989|
497990|
497991|
498016|
498017|
498018|
498019|
498020|
498021|
498022|
498023|
498048|
498049|
498050|
498051|
498052|
498053|
498054|
498055|
498080|
498081|
498082|
498083|
498084|
498085|
498086|
498087|
498112|
498113|
498114|
498115|
498116|
498117|
498118|
498119|
498144|
498145|
498146|
498147|
498148|
498149|
498150|
498151|
498176|
498177|
498178|
498179|
498180|
498181|
498182|
498183|
498208|
498209|
498210|
498211|
498212|
498213|
498214|
498215|
498240|
498241|
498242|
498243|
498244|
498245|
498246|
498247|
498272|
498273|
498274|
498275|
498276|
498277|
498278|
498279|
498304|
498305|
498306|
498307|
498308|
498309|
498310|
498311|
498336|
498337|
498338|
498339|
498340|
498341|
498342|
498343|
498368|
498369|
498370|
498371|
498372|
498373|
498374|
498375|
498400|
498401|
498402|
498403|
498404|
498405|
498406|
498407|
498432|
498433|
498434|
498435|
498436|
498437|
498438|
498439|
498464|
498465|
498466|
498467|
498468|
498469|
498470|
498471|
498496|
498497|
498498|
498499|
498500|
498501|
498502|
498503|
498528|
498529|
498530|
498531|
498532|
498533|
498534|
498535|
498560|
498561|
498562|
498563|
498564|
498565|
498566|
498567|
498592|
498593|
498594|
498595|
498596|
498597|
498598|
498599|
498624|
498625|
498626|
498627|
498628|
498629|
498630|
498631|
498656|
498657|
498658|
498659|
498660|
498661|
498662|
498663|
498688|
498689|
498690|
498691|
498692|
498693|
498694|
498695|
498720|
498721|
498722|
498723|
498724|
498725|
498726|
498727|
498752|
498753|
498754|
498755|
498756|
498757|
498758|
498759|
498784|
498785|
498786|
498787|
498788|
498789|
498790|
498791|
498816|
498817|
498818|
498819|
498820|
498821|
498822|
498823|
498848|
498849|
498850|
498851|
498852|
498853|
498854|
498855|
498880|
498881|
498882|
498883|
498884|
498885|
498886|
498887|
498912|
498913|
498914|
498915|
498916|
498917|
498918|
498919|
498944|
498945|
498946|
498947|
498948|
498949|
498950|
498951|
498976|
498977|
498978|
498979|
498980|
498981|
498982|
498983|
499008|
499009|
499010|
499011|
499012|
499013|
499014|
499015|
499040|
499041|
499042|
499043|
499044|
499045|
499046|
499047|
499072|
499073|
499074|
499075|
499076|
499077|
499078|
499079|
499104|
499105|
499106|
499107|
499108|
499109|
499110|
499111|
499136|
499137|
499138|
499139|
499140|
499141|
499142|
499143|
499168|
499169|
499170|
499171|
499172|
499173|
499174|
499175|
499200|
499201|
499202|
499203|
499204|
499205|
499206|
499207|
499232|
499233|
499234|
499235|
499236|
499237|
499238|
499239|
499264|
499265|
499266|
499267|
499268|
499269|
499270|
499271|
499296|
499297|
499298|
499299|
499300|
499301|
499302|
499303|
499328|
499329|
499330|
499331|
499332|
499333|
499334|
499335|
499360|
499361|
499362|
499363|
499364|
499365|
499366|
499367|
499392|
499393|
499394|
499395|
499396|
499397|
499398|
499399|
499424|
499425|
499426|
499427|
499428|
499429|
499430|
499431|
499456|
499457|
499458|
499459|
499460|
499461|
499462|
499463|
499488|
499489|
499490|
499491|
499492|
499493|
499494|
499495|
499520|
499521|
499522|
499523|
499524|
499525|
499526|
499527|
499552|
499553|
499554|
499555|
499556|
499557|
499558|
499559|
499584|
499585|
499586|
499587|
499588|
499589|
499590|
499591|
499616|
499617|
499618|
499619|
499620|
499621|
499622|
499623|
499648|
499649|
499650|
499651|
499652|
499653|
499654|
499655|
499680|
499681|
499682|
499683|
499684|
499685|
499686|
499687|
499712|
499713|
499714|
499715|
499716|
499717|
499718|
499719|
499744|
499745|
499746|
499747|
499748|
499749|
499750|
499751|
499776|
499777|
499778|
499779|
499780|
499781|
499782|
499783|
499808|
499809|
499810|
499811|
499812|
499813|
499814|
499815|
499840|
499841|
499842|
499843|
499844|
499845|
499846|
499847|
499872|
499873|
499874|
499875|
499876|
499877|
499878|
499879|
499904|
499905|
499906|
499907|
499908|
499909|
499910|
499911|
499936|
499937|
499938|
499939|
499940|
499941|
499942|
499943|
499968|
499969|
499970|
499971|
499972|
499973|
499974|
499975|
500000|
500001|
500002|
500003|
500004|
500005|
500006|
500007|
500032|
500033|
500034|
500035|
500036|
500037|
500038|
500039|
500064|
500065|
500066|
500067|
500068|
500069|
500070|
500071|
500096|
500097|
500098|
500099|
500100|
500101|
500102|
500103|
500128|
500129|
500130|
500131|
500132|
500133|
500134|
500135|
500160|
500161|
500162|
500163|
500164|
500165|
500166|
500167|
500192|
500193|
500194|
500195|
500196|
500197|
500198|
500199|
500224|
500225|
500226|
500227|
500228|
500229|
500230|
500231|
500256|
500257|
500258|
500259|
500260|
500261|
500262|
500263|
500288|
500289|
500290|
500291|
500292|
500293|
500294|
500295|
500320|
500321|
500322|
500323|
500324|
500325|
500326|
500327|
500352|
500353|
500354|
500355|
500356|
500357|
500358|
500359|
500384|
500385|
500386|
500387|
500388|
500389|
500390|
500391|
500416|
500417|
500418|
500419|
500420|
500421|
500422|
500423|
500448|
500449|
500450|
500451|
500452|
500453|
500454|
500455|
500480|
500481|
500482|
500483|
500484|
500485|
500486|
500487|
500512|
500513|
500514|
500515|
500516|
500517|
500518|
500519|
500544|
500545|
500546|
500547|
500548|
500549|
500550|
500551|
500576|
500577|
500578|
500579|
500580|
500581|
500582|
500583|
500608|
500609|
500610|
500611|
500612|
500613|
500614|
500615|
500640|
500641|
500642|
500643|
500644|
500645|
500646|
500647|
500672|
500673|
500674|
500675|
500676|
500677|
500678|
500679|
500704|
500705|
500706|
500707|
500708|
500709|
500710|
500711|
500736|
500737|
500738|
500739|
500740|
500741|
500742|
500743|
500768|
500769|
500770|
500771|
500772|
500773|
500774|
500775|
500800|
500801|
500802|
500803|
500804|
500805|
500806|
500807|
500832|
500833|
500834|
500835|
500836|
500837|
500838|
500839|
500864|
500865|
500866|
500867|
500868|
500869|
500870|
500871|
500896|
500897|
500898|
500899|
500900|
500901|
500902|
500903|
500928|
500929|
500930|
500931|
500932|
500933|
500934|
500935|
500960|
500961|
500962|
500963|
500964|
500965|
500966|
500967|
500992|
500993|
500994|
500995|
500996|
500997|
500998|
500999|
501024|
501025|
501026|
501027|
501028|
501029|
501030|
501031|
501056|
501057|
501058|
501059|
501060|
501061|
501062|
501063|
501088|
501089|
501090|
501091|
501092|
501093|
501094|
501095|
501120|
501121|
501122|
501123|
501124|
501125|
501126|
501127|
501152|
501153|
501154|
501155|
501156|
501157|
501158|
501159|
501184|
501185|
501186|
501187|
501188|
501189|
501190|
501191|
501216|
501217|
501218|
501219|
501220|
501221|
501222|
501223|
501248|
501249|
501250|
501251|
501252|
501253|
501254|
501255|
501280|
501281|
501282|
501283|
501284|
501285|
501286|
501287|
501312|
501313|
501314|
501315|
501316|
501317|
501318|
501319|
501344|
501345|
501346|
501347|
501348|
501349|
501350|
501351|
501376|
501377|
501378|
501379|
501380|
501381|
501382|
501383|
501408|
501409|
501410|
501411|
501412|
501413|
501414|
501415|
501440|
501441|
501442|
501443|
501444|
501445|
501446|
501447|
501472|
501473|
501474|
501475|
501476|
501477|
501478|
501479|
501504|
501505|
501506|
501507|
501508|
501509|
501510|
501511|
501536|
501537|
501538|
501539|
501540|
501541|
501542|
501543|
501568|
501569|
501570|
501571|
501572|
501573|
501574|
501575|
501600|
501601|
501602|
501603|
501604|
501605|
501606|
501607|
501632|
501633|
501634|
501635|
501636|
501637|
501638|
501639|
501664|
501665|
501666|
501667|
501668|
501669|
501670|
501671|
501696|
501697|
501698|
501699|
501700|
501701|
501702|
501703|
501728|
501729|
501730|
501731|
501732|
501733|
501734|
501735|
501760|
501761|
501762|
501763|
501764|
501765|
501766|
501767|
501792|
501793|
501794|
501795|
501796|
501797|
501798|
501799|
501824|
501825|
501826|
501827|
501828|
501829|
501830|
501831|
501856|
501857|
501858|
501859|
501860|
501861|
501862|
501863|
501888|
501889|
501890|
501891|
501892|
501893|
501894|
501895|
501920|
501921|
501922|
501923|
501924|
501925|
501926|
501927|
501952|
501953|
501954|
501955|
501956|
501957|
501958|
501959|
501984|
501985|
501986|
501987|
501988|
501989|
501990|
501991|
502016|
502017|
502018|
502019|
502020|
502021|
502022|
502023|
502048|
502049|
502050|
502051|
502052|
502053|
502054|
502055|
502080|
502081|
502082|
502083|
502084|
502085|
502086|
502087|
502112|
502113|
502114|
502115|
502116|
502117|
502118|
502119|
502144|
502145|
502146|
502147|
502148|
502149|
502150|
502151|
502176|
502177|
502178|
502179|
502180|
502181|
502182|
502183|
502208|
502209|
502210|
502211|
502212|
502213|
502214|
502215|
502240|
502241|
502242|
502243|
502244|
502245|
502246|
502247|
502272|
502273|
502274|
502275|
502276|
502277|
502278|
502279|
502304|
502305|
502306|
502307|
502308|
502309|
502310|
502311|
502336|
502337|
502338|
502339|
502340|
502341|
502342|
502343|
502368|
502369|
502370|
502371|
502372|
502373|
502374|
502375|
502400|
502401|
502402|
502403|
502404|
502405|
502406|
502407|
502432|
502433|
502434|
502435|
502436|
502437|
502438|
502439|
502464|
502465|
502466|
502467|
502468|
502469|
502470|
502471|
502496|
502497|
502498|
502499|
502500|
502501|
502502|
502503|
502528|
502529|
502530|
502531|
502532|
502533|
502534|
502535|
502560|
502561|
502562|
502563|
502564|
502565|
502566|
502567|
502592|
502593|
502594|
502595|
502596|
502597|
502598|
502599|
502624|
502625|
502626|
502627|
502628|
502629|
502630|
502631|
502656|
502657|
502658|
502659|
502660|
502661|
502662|
502663|
502688|
502689|
502690|
502691|
502692|
502693|
502694|
502695|
502720|
502721|
502722|
502723|
502724|
502725|
502726|
502727|
502752|
502753|
502754|
502755|
502756|
502757|
502758|
502759|
502784|
502785|
502786|
502787|
502788|
502789|
502790|
502791|
502816|
502817|
502818|
502819|
502820|
502821|
502822|
502823|
502848|
502849|
502850|
502851|
502852|
502853|
502854|
502855|
502880|
502881|
502882|
502883|
502884|
502885|
502886|
502887|
502912|
502913|
502914|
502915|
502916|
502917|
502918|
502919|
502944|
502945|
502946|
502947|
502948|
502949|
502950|
502951|
502976|
502977|
502978|
502979|
502980|
502981|
502982|
502983|
503008|
503009|
503010|
503011|
503012|
503013|
503014|
503015|
503040|
503041|
503042|
503043|
503044|
503045|
503046|
503047|
503072|
503073|
503074|
503075|
503076|
503077|
503078|
503079|
503104|
503105|
503106|
503107|
503108|
503109|
503110|
503111|
503136|
503137|
503138|
503139|
503140|
503141|
503142|
503143|
503168|
503169|
503170|
503171|
503172|
503173|
503174|
503175|
503200|
503201|
503202|
503203|
503204|
503205|
503206|
503207|
503232|
503233|
503234|
503235|
503236|
503237|
503238|
503239|
503264|
503265|
503266|
503267|
503268|
503269|
503270|
503271|
503296|
503297|
503298|
503299|
503300|
503301|
503302|
503303|
503328|
503329|
503330|
503331|
503332|
503333|
503334|
503335|
503360|
503361|
503362|
503363|
503364|
503365|
503366|
503367|
503392|
503393|
503394|
503395|
503396|
503397|
503398|
503399|
503424|
503425|
503426|
503427|
503428|
503429|
503430|
503431|
503456|
503457|
503458|
503459|
503460|
503461|
503462|
503463|
503488|
503489|
503490|
503491|
503492|
503493|
503494|
503495|
503520|
503521|
503522|
503523|
503524|
503525|
503526|
503527|
503552|
503553|
503554|
503555|
503556|
503557|
503558|
503559|
503584|
503585|
503586|
503587|
503588|
503589|
503590|
503591|
503616|
503617|
503618|
503619|
503620|
503621|
503622|
503623|
503648|
503649|
503650|
503651|
503652|
503653|
503654|
503655|
503680|
503681|
503682|
503683|
503684|
503685|
503686|
503687|
503712|
503713|
503714|
503715|
503716|
503717|
503718|
503719|
503744|
503745|
503746|
503747|
503748|
503749|
503750|
503751|
503776|
503777|
503778|
503779|
503780|
503781|
503782|
503783|
503808|
503809|
503810|
503811|
503812|
503813|
503814|
503815|
503840|
503841|
503842|
503843|
503844|
503845|
503846|
503847|
503872|
503873|
503874|
503875|
503876|
503877|
503878|
503879|
503904|
503905|
503906|
503907|
503908|
503909|
503910|
503911|
503936|
503937|
503938|
503939|
503940|
503941|
503942|
503943|
503968|
503969|
503970|
503971|
503972|
503973|
503974|
503975|
504000|
