2465989|
2465990|
2465991|
2466016|
2466017|
2466018|
2466019|
2466020|
2466021|
2466022|
2466023|
2466048|
2466049|
2466050|
2466051|
2466052|
2466053|
2466054|
2466055|
2466080|
2466081|
2466082|
2466083|
2466084|
2466085|
2466086|
2466087|
2466112|
2466113|
2466114|
2466115|
2466116|
2466117|
2466118|
2466119|
2466144|
2466145|
2466146|
2466147|
2466148|
2466149|
2466150|
2466151|
2466176|
2466177|
2466178|
2466179|
2466180|
2466181|
2466182|
2466183|
2466208|
2466209|
2466210|
2466211|
2466212|
2466213|
2466214|
2466215|
2466240|
2466241|
2466242|
2466243|
2466244|
2466245|
2466246|
2466247|
2466272|
2466273|
2466274|
2466275|
2466276|
2466277|
2466278|
2466279|
2466304|
2466305|
2466306|
2466307|
2466308|
2466309|
2466310|
2466311|
2466336|
2466337|
2466338|
2466339|
2466340|
2466341|
2466342|
2466343|
2466368|
2466369|
2466370|
2466371|
2466372|
2466373|
2466374|
2466375|
2466400|
2466401|
2466402|
2466403|
2466404|
2466405|
2466406|
2466407|
2466432|
2466433|
2466434|
2466435|
2466436|
2466437|
2466438|
2466439|
2466464|
2466465|
2466466|
2466467|
2466468|
2466469|
2466470|
2466471|
2466496|
2466497|
2466498|
2466499|
2466500|
2466501|
2466502|
2466503|
2466528|
2466529|
2466530|
2466531|
2466532|
2466533|
2466534|
2466535|
2466560|
2466561|
2466562|
2466563|
2466564|
2466565|
2466566|
2466567|
2466592|
2466593|
2466594|
2466595|
2466596|
2466597|
2466598|
2466599|
2466624|
2466625|
2466626|
2466627|
2466628|
2466629|
2466630|
2466631|
2466656|
2466657|
2466658|
2466659|
2466660|
2466661|
2466662|
2466663|
2466688|
2466689|
2466690|
2466691|
2466692|
2466693|
2466694|
2466695|
2466720|
2466721|
2466722|
2466723|
2466724|
2466725|
2466726|
2466727|
2466752|
2466753|
2466754|
2466755|
2466756|
2466757|
2466758|
2466759|
2466784|
2466785|
2466786|
2466787|
2466788|
2466789|
2466790|
2466791|
2466816|
2466817|
2466818|
2466819|
2466820|
2466821|
2466822|
2466823|
2466848|
2466849|
2466850|
2466851|
2466852|
2466853|
2466854|
2466855|
2466880|
2466881|
2466882|
2466883|
2466884|
2466885|
2466886|
2466887|
2466912|
2466913|
2466914|
2466915|
2466916|
2466917|
2466918|
2466919|
2466944|
2466945|
2466946|
2466947|
2466948|
2466949|
2466950|
2466951|
2466976|
2466977|
2466978|
2466979|
2466980|
2466981|
2466982|
2466983|
2467008|
2467009|
2467010|
2467011|
2467012|
2467013|
2467014|
2467015|
2467040|
2467041|
2467042|
2467043|
2467044|
2467045|
2467046|
2467047|
2467072|
2467073|
2467074|
2467075|
2467076|
2467077|
2467078|
2467079|
2467104|
2467105|
2467106|
2467107|
2467108|
2467109|
2467110|
2467111|
2467136|
2467137|
2467138|
2467139|
2467140|
2467141|
2467142|
2467143|
2467168|
2467169|
2467170|
2467171|
2467172|
2467173|
2467174|
2467175|
2467200|
2467201|
2467202|
2467203|
2467204|
2467205|
2467206|
2467207|
2467232|
2467233|
2467234|
2467235|
2467236|
2467237|
2467238|
2467239|
2467264|
2467265|
2467266|
2467267|
2467268|
2467269|
2467270|
2467271|
2467296|
2467297|
2467298|
2467299|
2467300|
2467301|
2467302|
2467303|
2467328|
2467329|
2467330|
2467331|
2467332|
2467333|
2467334|
2467335|
2467360|
2467361|
2467362|
2467363|
2467364|
2467365|
2467366|
2467367|
2467392|
2467393|
2467394|
2467395|
2467396|
2467397|
2467398|
2467399|
2467424|
2467425|
2467426|
2467427|
2467428|
2467429|
2467430|
2467431|
2467456|
2467457|
2467458|
2467459|
2467460|
2467461|
2467462|
2467463|
2467488|
2467489|
2467490|
2467491|
2467492|
2467493|
2467494|
2467495|
2467520|
2467521|
2467522|
2467523|
2467524|
2467525|
2467526|
2467527|
2467552|
2467553|
2467554|
2467555|
2467556|
2467557|
2467558|
2467559|
2467584|
2467585|
2467586|
2467587|
2467588|
2467589|
2467590|
2467591|
2467616|
2467617|
2467618|
2467619|
2467620|
2467621|
2467622|
2467623|
2467648|
2467649|
2467650|
2467651|
2467652|
2467653|
2467654|
2467655|
2467680|
2467681|
2467682|
2467683|
2467684|
2467685|
2467686|
2467687|
2467712|
2467713|
2467714|
2467715|
2467716|
2467717|
2467718|
2467719|
2467744|
2467745|
2467746|
2467747|
2467748|
2467749|
2467750|
2467751|
2467776|
2467777|
2467778|
2467779|
2467780|
2467781|
2467782|
2467783|
2467808|
2467809|
2467810|
2467811|
2467812|
2467813|
2467814|
2467815|
2467840|
2467841|
2467842|
2467843|
2467844|
2467845|
2467846|
2467847|
2467872|
2467873|
2467874|
2467875|
2467876|
2467877|
2467878|
2467879|
2467904|
2467905|
2467906|
2467907|
2467908|
2467909|
2467910|
2467911|
2467936|
2467937|
2467938|
2467939|
2467940|
2467941|
2467942|
2467943|
2467968|
2467969|
2467970|
2467971|
2467972|
2467973|
2467974|
2467975|
2468000|
2468001|
2468002|
2468003|
2468004|
2468005|
2468006|
2468007|
2468032|
2468033|
2468034|
2468035|
2468036|
2468037|
2468038|
2468039|
2468064|
2468065|
2468066|
2468067|
2468068|
2468069|
2468070|
2468071|
2468096|
2468097|
2468098|
2468099|
2468100|
2468101|
2468102|
2468103|
2468128|
2468129|
2468130|
2468131|
2468132|
2468133|
2468134|
2468135|
2468160|
2468161|
2468162|
2468163|
2468164|
2468165|
2468166|
2468167|
2468192|
2468193|
2468194|
2468195|
2468196|
2468197|
2468198|
2468199|
2468224|
2468225|
2468226|
2468227|
2468228|
2468229|
2468230|
2468231|
2468256|
2468257|
2468258|
2468259|
2468260|
2468261|
2468262|
2468263|
2468288|
2468289|
2468290|
2468291|
2468292|
2468293|
2468294|
2468295|
2468320|
2468321|
2468322|
2468323|
2468324|
2468325|
2468326|
2468327|
2468352|
2468353|
2468354|
2468355|
2468356|
2468357|
2468358|
2468359|
2468384|
2468385|
2468386|
2468387|
2468388|
2468389|
2468390|
2468391|
2468416|
2468417|
2468418|
2468419|
2468420|
2468421|
2468422|
2468423|
2468448|
2468449|
2468450|
2468451|
2468452|
2468453|
2468454|
2468455|
2468480|
2468481|
2468482|
2468483|
2468484|
2468485|
2468486|
2468487|
2468512|
2468513|
2468514|
2468515|
2468516|
2468517|
2468518|
2468519|
2468544|
2468545|
2468546|
2468547|
2468548|
2468549|
2468550|
2468551|
2468576|
2468577|
2468578|
2468579|
2468580|
2468581|
2468582|
2468583|
2468608|
2468609|
2468610|
2468611|
2468612|
2468613|
2468614|
2468615|
2468640|
2468641|
2468642|
2468643|
2468644|
2468645|
2468646|
2468647|
2468672|
2468673|
2468674|
2468675|
2468676|
2468677|
2468678|
2468679|
2468704|
2468705|
2468706|
2468707|
2468708|
2468709|
2468710|
2468711|
2468736|
2468737|
2468738|
2468739|
2468740|
2468741|
2468742|
2468743|
2468768|
2468769|
2468770|
2468771|
2468772|
2468773|
2468774|
2468775|
2468800|
2468801|
2468802|
2468803|
2468804|
2468805|
2468806|
2468807|
2468832|
2468833|
2468834|
2468835|
2468836|
2468837|
2468838|
2468839|
2468864|
2468865|
2468866|
2468867|
2468868|
2468869|
2468870|
2468871|
2468896|
2468897|
2468898|
2468899|
2468900|
2468901|
2468902|
2468903|
2468928|
2468929|
2468930|
2468931|
2468932|
2468933|
2468934|
2468935|
2468960|
2468961|
2468962|
2468963|
2468964|
2468965|
2468966|
2468967|
2468992|
2468993|
2468994|
2468995|
2468996|
2468997|
2468998|
2468999|
2469024|
2469025|
2469026|
2469027|
2469028|
2469029|
2469030|
2469031|
2469056|
2469057|
2469058|
2469059|
2469060|
2469061|
2469062|
2469063|
2469088|
2469089|
2469090|
2469091|
2469092|
2469093|
2469094|
2469095|
2469120|
2469121|
2469122|
2469123|
2469124|
2469125|
2469126|
2469127|
2469152|
2469153|
2469154|
2469155|
2469156|
2469157|
2469158|
2469159|
2469184|
2469185|
2469186|
2469187|
2469188|
2469189|
2469190|
2469191|
2469216|
2469217|
2469218|
2469219|
2469220|
2469221|
2469222|
2469223|
2469248|
2469249|
2469250|
2469251|
2469252|
2469253|
2469254|
2469255|
2469280|
2469281|
2469282|
2469283|
2469284|
2469285|
2469286|
2469287|
2469312|
2469313|
2469314|
2469315|
2469316|
2469317|
2469318|
2469319|
2469344|
2469345|
2469346|
2469347|
2469348|
2469349|
2469350|
2469351|
2469376|
2469377|
2469378|
2469379|
2469380|
2469381|
2469382|
2469383|
2469408|
2469409|
2469410|
2469411|
2469412|
2469413|
2469414|
2469415|
2469440|
2469441|
2469442|
2469443|
2469444|
2469445|
2469446|
2469447|
2469472|
2469473|
2469474|
2469475|
2469476|
2469477|
2469478|
2469479|
2469504|
2469505|
2469506|
2469507|
2469508|
2469509|
2469510|
2469511|
2469536|
2469537|
2469538|
2469539|
2469540|
2469541|
2469542|
2469543|
2469568|
2469569|
2469570|
2469571|
2469572|
2469573|
2469574|
2469575|
2469600|
2469601|
2469602|
2469603|
2469604|
2469605|
2469606|
2469607|
2469632|
2469633|
2469634|
2469635|
2469636|
2469637|
2469638|
2469639|
2469664|
2469665|
2469666|
2469667|
2469668|
2469669|
2469670|
2469671|
2469696|
2469697|
2469698|
2469699|
2469700|
2469701|
2469702|
2469703|
2469728|
2469729|
2469730|
2469731|
2469732|
2469733|
2469734|
2469735|
2469760|
2469761|
2469762|
2469763|
2469764|
2469765|
2469766|
2469767|
2469792|
2469793|
2469794|
2469795|
2469796|
2469797|
2469798|
2469799|
2469824|
2469825|
2469826|
2469827|
2469828|
2469829|
2469830|
2469831|
2469856|
2469857|
2469858|
2469859|
2469860|
2469861|
2469862|
2469863|
2469888|
2469889|
2469890|
2469891|
2469892|
2469893|
2469894|
2469895|
2469920|
2469921|
2469922|
2469923|
2469924|
2469925|
2469926|
2469927|
2469952|
2469953|
2469954|
2469955|
2469956|
2469957|
2469958|
2469959|
2469984|
2469985|
2469986|
2469987|
2469988|
2469989|
2469990|
2469991|
2470016|
2470017|
2470018|
2470019|
2470020|
2470021|
2470022|
2470023|
2470048|
2470049|
2470050|
2470051|
2470052|
2470053|
2470054|
2470055|
2470080|
2470081|
2470082|
2470083|
2470084|
2470085|
2470086|
2470087|
2470112|
2470113|
2470114|
2470115|
2470116|
2470117|
2470118|
2470119|
2470144|
2470145|
2470146|
2470147|
2470148|
2470149|
2470150|
2470151|
2470176|
2470177|
2470178|
2470179|
2470180|
2470181|
2470182|
2470183|
2470208|
2470209|
2470210|
2470211|
2470212|
2470213|
2470214|
2470215|
2470240|
2470241|
2470242|
2470243|
2470244|
2470245|
2470246|
2470247|
2470272|
2470273|
2470274|
2470275|
2470276|
2470277|
2470278|
2470279|
2470304|
2470305|
2470306|
2470307|
2470308|
2470309|
2470310|
2470311|
2470336|
2470337|
2470338|
2470339|
2470340|
2470341|
2470342|
2470343|
2470368|
2470369|
2470370|
2470371|
2470372|
2470373|
2470374|
2470375|
2470400|
2470401|
2470402|
2470403|
2470404|
2470405|
2470406|
2470407|
2470432|
2470433|
2470434|
2470435|
2470436|
2470437|
2470438|
2470439|
2470464|
2470465|
2470466|
2470467|
2470468|
2470469|
2470470|
2470471|
2470496|
2470497|
2470498|
2470499|
2470500|
2470501|
2470502|
2470503|
2470528|
2470529|
2470530|
2470531|
2470532|
2470533|
2470534|
2470535|
2470560|
2470561|
2470562|
2470563|
2470564|
2470565|
2470566|
2470567|
2470592|
2470593|
2470594|
2470595|
2470596|
2470597|
2470598|
2470599|
2470624|
2470625|
2470626|
2470627|
2470628|
2470629|
2470630|
2470631|
2470656|
2470657|
2470658|
2470659|
2470660|
2470661|
2470662|
2470663|
2470688|
2470689|
2470690|
2470691|
2470692|
2470693|
2470694|
2470695|
2470720|
2470721|
2470722|
2470723|
2470724|
2470725|
2470726|
2470727|
2470752|
2470753|
2470754|
2470755|
2470756|
2470757|
2470758|
2470759|
2470784|
2470785|
2470786|
2470787|
2470788|
2470789|
2470790|
2470791|
2470816|
2470817|
2470818|
2470819|
2470820|
2470821|
2470822|
2470823|
2470848|
2470849|
2470850|
2470851|
2470852|
2470853|
2470854|
2470855|
2470880|
2470881|
2470882|
2470883|
2470884|
2470885|
2470886|
2470887|
2470912|
2470913|
2470914|
2470915|
2470916|
2470917|
2470918|
2470919|
2470944|
2470945|
2470946|
2470947|
2470948|
2470949|
2470950|
2470951|
2470976|
2470977|
2470978|
2470979|
2470980|
2470981|
2470982|
2470983|
2471008|
2471009|
2471010|
2471011|
2471012|
2471013|
2471014|
2471015|
2471040|
2471041|
2471042|
2471043|
2471044|
2471045|
2471046|
2471047|
2471072|
2471073|
2471074|
2471075|
2471076|
2471077|
2471078|
2471079|
2471104|
2471105|
2471106|
2471107|
2471108|
2471109|
2471110|
2471111|
2471136|
2471137|
2471138|
2471139|
2471140|
2471141|
2471142|
2471143|
2471168|
2471169|
2471170|
2471171|
2471172|
2471173|
2471174|
2471175|
2471200|
2471201|
2471202|
2471203|
2471204|
2471205|
2471206|
2471207|
2471232|
2471233|
2471234|
2471235|
2471236|
2471237|
2471238|
2471239|
2471264|
2471265|
2471266|
2471267|
2471268|
2471269|
2471270|
2471271|
2471296|
2471297|
2471298|
2471299|
2471300|
2471301|
2471302|
2471303|
2471328|
2471329|
2471330|
2471331|
2471332|
2471333|
2471334|
2471335|
2471360|
2471361|
2471362|
2471363|
2471364|
2471365|
2471366|
2471367|
2471392|
2471393|
2471394|
2471395|
2471396|
2471397|
2471398|
2471399|
2471424|
2471425|
2471426|
2471427|
2471428|
2471429|
2471430|
2471431|
2471456|
2471457|
2471458|
2471459|
2471460|
2471461|
2471462|
2471463|
2471488|
2471489|
2471490|
2471491|
2471492|
2471493|
2471494|
2471495|
2471520|
2471521|
2471522|
2471523|
2471524|
2471525|
2471526|
2471527|
2471552|
2471553|
2471554|
2471555|
2471556|
2471557|
2471558|
2471559|
2471584|
2471585|
2471586|
2471587|
2471588|
2471589|
2471590|
2471591|
2471616|
2471617|
2471618|
2471619|
2471620|
2471621|
2471622|
2471623|
2471648|
2471649|
2471650|
2471651|
2471652|
2471653|
2471654|
2471655|
2471680|
2471681|
2471682|
2471683|
2471684|
2471685|
2471686|
2471687|
2471712|
2471713|
2471714|
2471715|
2471716|
2471717|
2471718|
2471719|
2471744|
2471745|
2471746|
2471747|
2471748|
2471749|
2471750|
2471751|
2471776|
2471777|
2471778|
2471779|
2471780|
2471781|
2471782|
2471783|
2471808|
2471809|
2471810|
2471811|
2471812|
2471813|
2471814|
2471815|
2471840|
2471841|
2471842|
2471843|
2471844|
2471845|
2471846|
2471847|
2471872|
2471873|
2471874|
2471875|
2471876|
2471877|
2471878|
2471879|
2471904|
2471905|
2471906|
2471907|
2471908|
2471909|
2471910|
2471911|
2471936|
2471937|
2471938|
2471939|
2471940|
2471941|
2471942|
2471943|
2471968|
2471969|
2471970|
2471971|
2471972|
2471973|
2471974|
2471975|
2472000|
