1452001|
1452002|
1452003|
1452004|
1452005|
1452006|
1452007|
1452032|
1452033|
1452034|
1452035|
1452036|
1452037|
1452038|
1452039|
1452064|
1452065|
1452066|
1452067|
1452068|
1452069|
1452070|
1452071|
1452096|
1452097|
1452098|
1452099|
1452100|
1452101|
1452102|
1452103|
1452128|
1452129|
1452130|
1452131|
1452132|
1452133|
1452134|
1452135|
1452160|
1452161|
1452162|
1452163|
1452164|
1452165|
1452166|
1452167|
1452192|
1452193|
1452194|
1452195|
1452196|
1452197|
1452198|
1452199|
1452224|
1452225|
1452226|
1452227|
1452228|
1452229|
1452230|
1452231|
1452256|
1452257|
1452258|
1452259|
1452260|
1452261|
1452262|
1452263|
1452288|
1452289|
1452290|
1452291|
1452292|
1452293|
1452294|
1452295|
1452320|
1452321|
1452322|
1452323|
1452324|
1452325|
1452326|
1452327|
1452352|
1452353|
1452354|
1452355|
1452356|
1452357|
1452358|
1452359|
1452384|
1452385|
1452386|
1452387|
1452388|
1452389|
1452390|
1452391|
1452416|
1452417|
1452418|
1452419|
1452420|
1452421|
1452422|
1452423|
1452448|
1452449|
1452450|
1452451|
1452452|
1452453|
1452454|
1452455|
1452480|
1452481|
1452482|
1452483|
1452484|
1452485|
1452486|
1452487|
1452512|
1452513|
1452514|
1452515|
1452516|
1452517|
1452518|
1452519|
1452544|
1452545|
1452546|
1452547|
1452548|
1452549|
1452550|
1452551|
1452576|
1452577|
1452578|
1452579|
1452580|
1452581|
1452582|
1452583|
1452608|
1452609|
1452610|
1452611|
1452612|
1452613|
1452614|
1452615|
1452640|
1452641|
1452642|
1452643|
1452644|
1452645|
1452646|
1452647|
1452672|
1452673|
1452674|
1452675|
1452676|
1452677|
1452678|
1452679|
1452704|
1452705|
1452706|
1452707|
1452708|
1452709|
1452710|
1452711|
1452736|
1452737|
1452738|
1452739|
1452740|
1452741|
1452742|
1452743|
1452768|
1452769|
1452770|
1452771|
1452772|
1452773|
1452774|
1452775|
1452800|
1452801|
1452802|
1452803|
1452804|
1452805|
1452806|
1452807|
1452832|
1452833|
1452834|
1452835|
1452836|
1452837|
1452838|
1452839|
1452864|
1452865|
1452866|
1452867|
1452868|
1452869|
1452870|
1452871|
1452896|
1452897|
1452898|
1452899|
1452900|
1452901|
1452902|
1452903|
1452928|
1452929|
1452930|
1452931|
1452932|
1452933|
1452934|
1452935|
1452960|
1452961|
1452962|
1452963|
1452964|
1452965|
1452966|
1452967|
1452992|
1452993|
1452994|
1452995|
1452996|
1452997|
1452998|
1452999|
1453024|
1453025|
1453026|
1453027|
1453028|
1453029|
1453030|
1453031|
1453056|
1453057|
1453058|
1453059|
1453060|
1453061|
1453062|
1453063|
1453088|
1453089|
1453090|
1453091|
1453092|
1453093|
1453094|
1453095|
1453120|
1453121|
1453122|
1453123|
1453124|
1453125|
1453126|
1453127|
1453152|
1453153|
1453154|
1453155|
1453156|
1453157|
1453158|
1453159|
1453184|
1453185|
1453186|
1453187|
1453188|
1453189|
1453190|
1453191|
1453216|
1453217|
1453218|
1453219|
1453220|
1453221|
1453222|
1453223|
1453248|
1453249|
1453250|
1453251|
1453252|
1453253|
1453254|
1453255|
1453280|
1453281|
1453282|
1453283|
1453284|
1453285|
1453286|
1453287|
1453312|
1453313|
1453314|
1453315|
1453316|
1453317|
1453318|
1453319|
1453344|
1453345|
1453346|
1453347|
1453348|
1453349|
1453350|
1453351|
1453376|
1453377|
1453378|
1453379|
1453380|
1453381|
1453382|
1453383|
1453408|
1453409|
1453410|
1453411|
1453412|
1453413|
1453414|
1453415|
1453440|
1453441|
1453442|
1453443|
1453444|
1453445|
1453446|
1453447|
1453472|
1453473|
1453474|
1453475|
1453476|
1453477|
1453478|
1453479|
1453504|
1453505|
1453506|
1453507|
1453508|
1453509|
1453510|
1453511|
1453536|
1453537|
1453538|
1453539|
1453540|
1453541|
1453542|
1453543|
1453568|
1453569|
1453570|
1453571|
1453572|
1453573|
1453574|
1453575|
1453600|
1453601|
1453602|
1453603|
1453604|
1453605|
1453606|
1453607|
1453632|
1453633|
1453634|
1453635|
1453636|
1453637|
1453638|
1453639|
1453664|
1453665|
1453666|
1453667|
1453668|
1453669|
1453670|
1453671|
1453696|
1453697|
1453698|
1453699|
1453700|
1453701|
1453702|
1453703|
1453728|
1453729|
1453730|
1453731|
1453732|
1453733|
1453734|
1453735|
1453760|
1453761|
1453762|
1453763|
1453764|
1453765|
1453766|
1453767|
1453792|
1453793|
1453794|
1453795|
1453796|
1453797|
1453798|
1453799|
1453824|
1453825|
1453826|
1453827|
1453828|
1453829|
1453830|
1453831|
1453856|
1453857|
1453858|
1453859|
1453860|
1453861|
1453862|
1453863|
1453888|
1453889|
1453890|
1453891|
1453892|
1453893|
1453894|
1453895|
1453920|
1453921|
1453922|
1453923|
1453924|
1453925|
1453926|
1453927|
1453952|
1453953|
1453954|
1453955|
1453956|
1453957|
1453958|
1453959|
1453984|
1453985|
1453986|
1453987|
1453988|
1453989|
1453990|
1453991|
1454016|
1454017|
1454018|
1454019|
1454020|
1454021|
1454022|
1454023|
1454048|
1454049|
1454050|
1454051|
1454052|
1454053|
1454054|
1454055|
1454080|
1454081|
1454082|
1454083|
1454084|
1454085|
1454086|
1454087|
1454112|
1454113|
1454114|
1454115|
1454116|
1454117|
1454118|
1454119|
1454144|
1454145|
1454146|
1454147|
1454148|
1454149|
1454150|
1454151|
1454176|
1454177|
1454178|
1454179|
1454180|
1454181|
1454182|
1454183|
1454208|
1454209|
1454210|
1454211|
1454212|
1454213|
1454214|
1454215|
1454240|
1454241|
1454242|
1454243|
1454244|
1454245|
1454246|
1454247|
1454272|
1454273|
1454274|
1454275|
1454276|
1454277|
1454278|
1454279|
1454304|
1454305|
1454306|
1454307|
1454308|
1454309|
1454310|
1454311|
1454336|
1454337|
1454338|
1454339|
1454340|
1454341|
1454342|
1454343|
1454368|
1454369|
1454370|
1454371|
1454372|
1454373|
1454374|
1454375|
1454400|
1454401|
1454402|
1454403|
1454404|
1454405|
1454406|
1454407|
1454432|
1454433|
1454434|
1454435|
1454436|
1454437|
1454438|
1454439|
1454464|
1454465|
1454466|
1454467|
1454468|
1454469|
1454470|
1454471|
1454496|
1454497|
1454498|
1454499|
1454500|
1454501|
1454502|
1454503|
1454528|
1454529|
1454530|
1454531|
1454532|
1454533|
1454534|
1454535|
1454560|
1454561|
1454562|
1454563|
1454564|
1454565|
1454566|
1454567|
1454592|
1454593|
1454594|
1454595|
1454596|
1454597|
1454598|
1454599|
1454624|
1454625|
1454626|
1454627|
1454628|
1454629|
1454630|
1454631|
1454656|
1454657|
1454658|
1454659|
1454660|
1454661|
1454662|
1454663|
1454688|
1454689|
1454690|
1454691|
1454692|
1454693|
1454694|
1454695|
1454720|
1454721|
1454722|
1454723|
1454724|
1454725|
1454726|
1454727|
1454752|
1454753|
1454754|
1454755|
1454756|
1454757|
1454758|
1454759|
1454784|
1454785|
1454786|
1454787|
1454788|
1454789|
1454790|
1454791|
1454816|
1454817|
1454818|
1454819|
1454820|
1454821|
1454822|
1454823|
1454848|
1454849|
1454850|
1454851|
1454852|
1454853|
1454854|
1454855|
1454880|
1454881|
1454882|
1454883|
1454884|
1454885|
1454886|
1454887|
1454912|
1454913|
1454914|
1454915|
1454916|
1454917|
1454918|
1454919|
1454944|
1454945|
1454946|
1454947|
1454948|
1454949|
1454950|
1454951|
1454976|
1454977|
1454978|
1454979|
1454980|
1454981|
1454982|
1454983|
1455008|
1455009|
1455010|
1455011|
1455012|
1455013|
1455014|
1455015|
1455040|
1455041|
1455042|
1455043|
1455044|
1455045|
1455046|
1455047|
1455072|
1455073|
1455074|
1455075|
1455076|
1455077|
1455078|
1455079|
1455104|
1455105|
1455106|
1455107|
1455108|
1455109|
1455110|
1455111|
1455136|
1455137|
1455138|
1455139|
1455140|
1455141|
1455142|
1455143|
1455168|
1455169|
1455170|
1455171|
1455172|
1455173|
1455174|
1455175|
1455200|
1455201|
1455202|
1455203|
1455204|
1455205|
1455206|
1455207|
1455232|
1455233|
1455234|
1455235|
1455236|
1455237|
1455238|
1455239|
1455264|
1455265|
1455266|
1455267|
1455268|
1455269|
1455270|
1455271|
1455296|
1455297|
1455298|
1455299|
1455300|
1455301|
1455302|
1455303|
1455328|
1455329|
1455330|
1455331|
1455332|
1455333|
1455334|
1455335|
1455360|
1455361|
1455362|
1455363|
1455364|
1455365|
1455366|
1455367|
1455392|
1455393|
1455394|
1455395|
1455396|
1455397|
1455398|
1455399|
1455424|
1455425|
1455426|
1455427|
1455428|
1455429|
1455430|
1455431|
1455456|
1455457|
1455458|
1455459|
1455460|
1455461|
1455462|
1455463|
1455488|
1455489|
1455490|
1455491|
1455492|
1455493|
1455494|
1455495|
1455520|
1455521|
1455522|
1455523|
1455524|
1455525|
1455526|
1455527|
1455552|
1455553|
1455554|
1455555|
1455556|
1455557|
1455558|
1455559|
1455584|
1455585|
1455586|
1455587|
1455588|
1455589|
1455590|
1455591|
1455616|
1455617|
1455618|
1455619|
1455620|
1455621|
1455622|
1455623|
1455648|
1455649|
1455650|
1455651|
1455652|
1455653|
1455654|
1455655|
1455680|
1455681|
1455682|
1455683|
1455684|
1455685|
1455686|
1455687|
1455712|
1455713|
1455714|
1455715|
1455716|
1455717|
1455718|
1455719|
1455744|
1455745|
1455746|
1455747|
1455748|
1455749|
1455750|
1455751|
1455776|
1455777|
1455778|
1455779|
1455780|
1455781|
1455782|
1455783|
1455808|
1455809|
1455810|
1455811|
1455812|
1455813|
1455814|
1455815|
1455840|
1455841|
1455842|
1455843|
1455844|
1455845|
1455846|
1455847|
1455872|
1455873|
1455874|
1455875|
1455876|
1455877|
1455878|
1455879|
1455904|
1455905|
1455906|
1455907|
1455908|
1455909|
1455910|
1455911|
1455936|
1455937|
1455938|
1455939|
1455940|
1455941|
1455942|
1455943|
1455968|
1455969|
1455970|
1455971|
1455972|
1455973|
1455974|
1455975|
1456000|
1456001|
1456002|
1456003|
1456004|
1456005|
1456006|
1456007|
1456032|
1456033|
1456034|
1456035|
1456036|
1456037|
1456038|
1456039|
1456064|
1456065|
1456066|
1456067|
1456068|
1456069|
1456070|
1456071|
1456096|
1456097|
1456098|
1456099|
1456100|
1456101|
1456102|
1456103|
1456128|
1456129|
1456130|
1456131|
1456132|
1456133|
1456134|
1456135|
1456160|
1456161|
1456162|
1456163|
1456164|
1456165|
1456166|
1456167|
1456192|
1456193|
1456194|
1456195|
1456196|
1456197|
1456198|
1456199|
1456224|
1456225|
1456226|
1456227|
1456228|
1456229|
1456230|
1456231|
1456256|
1456257|
1456258|
1456259|
1456260|
1456261|
1456262|
1456263|
1456288|
1456289|
1456290|
1456291|
1456292|
1456293|
1456294|
1456295|
1456320|
1456321|
1456322|
1456323|
1456324|
1456325|
1456326|
1456327|
1456352|
1456353|
1456354|
1456355|
1456356|
1456357|
1456358|
1456359|
1456384|
1456385|
1456386|
1456387|
1456388|
1456389|
1456390|
1456391|
1456416|
1456417|
1456418|
1456419|
1456420|
1456421|
1456422|
1456423|
1456448|
1456449|
1456450|
1456451|
1456452|
1456453|
1456454|
1456455|
1456480|
1456481|
1456482|
1456483|
1456484|
1456485|
1456486|
1456487|
1456512|
1456513|
1456514|
1456515|
1456516|
1456517|
1456518|
1456519|
1456544|
1456545|
1456546|
1456547|
1456548|
1456549|
1456550|
1456551|
1456576|
1456577|
1456578|
1456579|
1456580|
1456581|
1456582|
1456583|
1456608|
1456609|
1456610|
1456611|
1456612|
1456613|
1456614|
1456615|
1456640|
1456641|
1456642|
1456643|
1456644|
1456645|
1456646|
1456647|
1456672|
1456673|
1456674|
1456675|
1456676|
1456677|
1456678|
1456679|
1456704|
1456705|
1456706|
1456707|
1456708|
1456709|
1456710|
1456711|
1456736|
1456737|
1456738|
1456739|
1456740|
1456741|
1456742|
1456743|
1456768|
1456769|
1456770|
1456771|
1456772|
1456773|
1456774|
1456775|
1456800|
1456801|
1456802|
1456803|
1456804|
1456805|
1456806|
1456807|
1456832|
1456833|
1456834|
1456835|
1456836|
1456837|
1456838|
1456839|
1456864|
1456865|
1456866|
1456867|
1456868|
1456869|
1456870|
1456871|
1456896|
1456897|
1456898|
1456899|
1456900|
1456901|
1456902|
1456903|
1456928|
1456929|
1456930|
1456931|
1456932|
1456933|
1456934|
1456935|
1456960|
1456961|
1456962|
1456963|
1456964|
1456965|
1456966|
1456967|
1456992|
1456993|
1456994|
1456995|
1456996|
1456997|
1456998|
1456999|
1457024|
1457025|
1457026|
1457027|
1457028|
1457029|
1457030|
1457031|
1457056|
1457057|
1457058|
1457059|
1457060|
1457061|
1457062|
1457063|
1457088|
1457089|
1457090|
1457091|
1457092|
1457093|
1457094|
1457095|
1457120|
1457121|
1457122|
1457123|
1457124|
1457125|
1457126|
1457127|
1457152|
1457153|
1457154|
1457155|
1457156|
1457157|
1457158|
1457159|
1457184|
1457185|
1457186|
1457187|
1457188|
1457189|
1457190|
1457191|
1457216|
1457217|
1457218|
1457219|
1457220|
1457221|
1457222|
1457223|
1457248|
1457249|
1457250|
1457251|
1457252|
1457253|
1457254|
1457255|
1457280|
1457281|
1457282|
1457283|
1457284|
1457285|
1457286|
1457287|
1457312|
1457313|
1457314|
1457315|
1457316|
1457317|
1457318|
1457319|
1457344|
1457345|
1457346|
1457347|
1457348|
1457349|
1457350|
1457351|
1457376|
1457377|
1457378|
1457379|
1457380|
1457381|
1457382|
1457383|
1457408|
1457409|
1457410|
1457411|
1457412|
1457413|
1457414|
1457415|
1457440|
1457441|
1457442|
1457443|
1457444|
1457445|
1457446|
1457447|
1457472|
1457473|
1457474|
1457475|
1457476|
1457477|
1457478|
1457479|
1457504|
1457505|
1457506|
1457507|
1457508|
1457509|
1457510|
1457511|
1457536|
1457537|
1457538|
1457539|
1457540|
1457541|
1457542|
1457543|
1457568|
1457569|
1457570|
1457571|
1457572|
1457573|
1457574|
1457575|
1457600|
1457601|
1457602|
1457603|
1457604|
1457605|
1457606|
1457607|
1457632|
1457633|
1457634|
1457635|
1457636|
1457637|
1457638|
1457639|
1457664|
1457665|
1457666|
1457667|
1457668|
1457669|
1457670|
1457671|
1457696|
1457697|
1457698|
1457699|
1457700|
1457701|
1457702|
1457703|
1457728|
1457729|
1457730|
1457731|
1457732|
1457733|
1457734|
1457735|
1457760|
1457761|
1457762|
1457763|
1457764|
1457765|
1457766|
1457767|
1457792|
1457793|
1457794|
1457795|
1457796|
1457797|
1457798|
1457799|
1457824|
1457825|
1457826|
1457827|
1457828|
1457829|
1457830|
1457831|
1457856|
1457857|
1457858|
1457859|
1457860|
1457861|
1457862|
1457863|
1457888|
1457889|
1457890|
1457891|
1457892|
1457893|
1457894|
1457895|
1457920|
1457921|
1457922|
1457923|
1457924|
1457925|
1457926|
1457927|
1457952|
1457953|
1457954|
1457955|
1457956|
1457957|
1457958|
1457959|
1457984|
1457985|
1457986|
1457987|
1457988|
