1620001|
1620002|
1620003|
1620004|
1620005|
1620006|
1620007|
1620032|
1620033|
1620034|
1620035|
1620036|
1620037|
1620038|
1620039|
1620064|
1620065|
1620066|
1620067|
1620068|
1620069|
1620070|
1620071|
1620096|
1620097|
1620098|
1620099|
1620100|
1620101|
1620102|
1620103|
1620128|
1620129|
1620130|
1620131|
1620132|
1620133|
1620134|
1620135|
1620160|
1620161|
1620162|
1620163|
1620164|
1620165|
1620166|
1620167|
1620192|
1620193|
1620194|
1620195|
1620196|
1620197|
1620198|
1620199|
1620224|
1620225|
1620226|
1620227|
1620228|
1620229|
1620230|
1620231|
1620256|
1620257|
1620258|
1620259|
1620260|
1620261|
1620262|
1620263|
1620288|
1620289|
1620290|
1620291|
1620292|
1620293|
1620294|
1620295|
1620320|
1620321|
1620322|
1620323|
1620324|
1620325|
1620326|
1620327|
1620352|
1620353|
1620354|
1620355|
1620356|
1620357|
1620358|
1620359|
1620384|
1620385|
1620386|
1620387|
1620388|
1620389|
1620390|
1620391|
1620416|
1620417|
1620418|
1620419|
1620420|
1620421|
1620422|
1620423|
1620448|
1620449|
1620450|
1620451|
1620452|
1620453|
1620454|
1620455|
1620480|
1620481|
1620482|
1620483|
1620484|
1620485|
1620486|
1620487|
1620512|
1620513|
1620514|
1620515|
1620516|
1620517|
1620518|
1620519|
1620544|
1620545|
1620546|
1620547|
1620548|
1620549|
1620550|
1620551|
1620576|
1620577|
1620578|
1620579|
1620580|
1620581|
1620582|
1620583|
1620608|
1620609|
1620610|
1620611|
1620612|
1620613|
1620614|
1620615|
1620640|
1620641|
1620642|
1620643|
1620644|
1620645|
1620646|
1620647|
1620672|
1620673|
1620674|
1620675|
1620676|
1620677|
1620678|
1620679|
1620704|
1620705|
1620706|
1620707|
1620708|
1620709|
1620710|
1620711|
1620736|
1620737|
1620738|
1620739|
1620740|
1620741|
1620742|
1620743|
1620768|
1620769|
1620770|
1620771|
1620772|
1620773|
1620774|
1620775|
1620800|
1620801|
1620802|
1620803|
1620804|
1620805|
1620806|
1620807|
1620832|
1620833|
1620834|
1620835|
1620836|
1620837|
1620838|
1620839|
1620864|
1620865|
1620866|
1620867|
1620868|
1620869|
1620870|
1620871|
1620896|
1620897|
1620898|
1620899|
1620900|
1620901|
1620902|
1620903|
1620928|
1620929|
1620930|
1620931|
1620932|
1620933|
1620934|
1620935|
1620960|
1620961|
1620962|
1620963|
1620964|
1620965|
1620966|
1620967|
1620992|
1620993|
1620994|
1620995|
1620996|
1620997|
1620998|
1620999|
1621024|
1621025|
1621026|
1621027|
1621028|
1621029|
1621030|
1621031|
1621056|
1621057|
1621058|
1621059|
1621060|
1621061|
1621062|
1621063|
1621088|
1621089|
1621090|
1621091|
1621092|
1621093|
1621094|
1621095|
1621120|
1621121|
1621122|
1621123|
1621124|
1621125|
1621126|
1621127|
1621152|
1621153|
1621154|
1621155|
1621156|
1621157|
1621158|
1621159|
1621184|
1621185|
1621186|
1621187|
1621188|
1621189|
1621190|
1621191|
1621216|
1621217|
1621218|
1621219|
1621220|
1621221|
1621222|
1621223|
1621248|
1621249|
1621250|
1621251|
1621252|
1621253|
1621254|
1621255|
1621280|
1621281|
1621282|
1621283|
1621284|
1621285|
1621286|
1621287|
1621312|
1621313|
1621314|
1621315|
1621316|
1621317|
1621318|
1621319|
1621344|
1621345|
1621346|
1621347|
1621348|
1621349|
1621350|
1621351|
1621376|
1621377|
1621378|
1621379|
1621380|
1621381|
1621382|
1621383|
1621408|
1621409|
1621410|
1621411|
1621412|
1621413|
1621414|
1621415|
1621440|
1621441|
1621442|
1621443|
1621444|
1621445|
1621446|
1621447|
1621472|
1621473|
1621474|
1621475|
1621476|
1621477|
1621478|
1621479|
1621504|
1621505|
1621506|
1621507|
1621508|
1621509|
1621510|
1621511|
1621536|
1621537|
1621538|
1621539|
1621540|
1621541|
1621542|
1621543|
1621568|
1621569|
1621570|
1621571|
1621572|
1621573|
1621574|
1621575|
1621600|
1621601|
1621602|
1621603|
1621604|
1621605|
1621606|
1621607|
1621632|
1621633|
1621634|
1621635|
1621636|
1621637|
1621638|
1621639|
1621664|
1621665|
1621666|
1621667|
1621668|
1621669|
1621670|
1621671|
1621696|
1621697|
1621698|
1621699|
1621700|
1621701|
1621702|
1621703|
1621728|
1621729|
1621730|
1621731|
1621732|
1621733|
1621734|
1621735|
1621760|
1621761|
1621762|
1621763|
1621764|
1621765|
1621766|
1621767|
1621792|
1621793|
1621794|
1621795|
1621796|
1621797|
1621798|
1621799|
1621824|
1621825|
1621826|
1621827|
1621828|
1621829|
1621830|
1621831|
1621856|
1621857|
1621858|
1621859|
1621860|
1621861|
1621862|
1621863|
1621888|
1621889|
1621890|
1621891|
1621892|
1621893|
1621894|
1621895|
1621920|
1621921|
1621922|
1621923|
1621924|
1621925|
1621926|
1621927|
1621952|
1621953|
1621954|
1621955|
1621956|
1621957|
1621958|
1621959|
1621984|
1621985|
1621986|
1621987|
1621988|
1621989|
1621990|
1621991|
1622016|
1622017|
1622018|
1622019|
1622020|
1622021|
1622022|
1622023|
1622048|
1622049|
1622050|
1622051|
1622052|
1622053|
1622054|
1622055|
1622080|
1622081|
1622082|
1622083|
1622084|
1622085|
1622086|
1622087|
1622112|
1622113|
1622114|
1622115|
1622116|
1622117|
1622118|
1622119|
1622144|
1622145|
1622146|
1622147|
1622148|
1622149|
1622150|
1622151|
1622176|
1622177|
1622178|
1622179|
1622180|
1622181|
1622182|
1622183|
1622208|
1622209|
1622210|
1622211|
1622212|
1622213|
1622214|
1622215|
1622240|
1622241|
1622242|
1622243|
1622244|
1622245|
1622246|
1622247|
1622272|
1622273|
1622274|
1622275|
1622276|
1622277|
1622278|
1622279|
1622304|
1622305|
1622306|
1622307|
1622308|
1622309|
1622310|
1622311|
1622336|
1622337|
1622338|
1622339|
1622340|
1622341|
1622342|
1622343|
1622368|
1622369|
1622370|
1622371|
1622372|
1622373|
1622374|
1622375|
1622400|
1622401|
1622402|
1622403|
1622404|
1622405|
1622406|
1622407|
1622432|
1622433|
1622434|
1622435|
1622436|
1622437|
1622438|
1622439|
1622464|
1622465|
1622466|
1622467|
1622468|
1622469|
1622470|
1622471|
1622496|
1622497|
1622498|
1622499|
1622500|
1622501|
1622502|
1622503|
1622528|
1622529|
1622530|
1622531|
1622532|
1622533|
1622534|
1622535|
1622560|
1622561|
1622562|
1622563|
1622564|
1622565|
1622566|
1622567|
1622592|
1622593|
1622594|
1622595|
1622596|
1622597|
1622598|
1622599|
1622624|
1622625|
1622626|
1622627|
1622628|
1622629|
1622630|
1622631|
1622656|
1622657|
1622658|
1622659|
1622660|
1622661|
1622662|
1622663|
1622688|
1622689|
1622690|
1622691|
1622692|
1622693|
1622694|
1622695|
1622720|
1622721|
1622722|
1622723|
1622724|
1622725|
1622726|
1622727|
1622752|
1622753|
1622754|
1622755|
1622756|
1622757|
1622758|
1622759|
1622784|
1622785|
1622786|
1622787|
1622788|
1622789|
1622790|
1622791|
1622816|
1622817|
1622818|
1622819|
1622820|
1622821|
1622822|
1622823|
1622848|
1622849|
1622850|
1622851|
1622852|
1622853|
1622854|
1622855|
1622880|
1622881|
1622882|
1622883|
1622884|
1622885|
1622886|
1622887|
1622912|
1622913|
1622914|
1622915|
1622916|
1622917|
1622918|
1622919|
1622944|
1622945|
1622946|
1622947|
1622948|
1622949|
1622950|
1622951|
1622976|
1622977|
1622978|
1622979|
1622980|
1622981|
1622982|
1622983|
1623008|
1623009|
1623010|
1623011|
1623012|
1623013|
1623014|
1623015|
1623040|
1623041|
1623042|
1623043|
1623044|
1623045|
1623046|
1623047|
1623072|
1623073|
1623074|
1623075|
1623076|
1623077|
1623078|
1623079|
1623104|
1623105|
1623106|
1623107|
1623108|
1623109|
1623110|
1623111|
1623136|
1623137|
1623138|
1623139|
1623140|
1623141|
1623142|
1623143|
1623168|
1623169|
1623170|
1623171|
1623172|
1623173|
1623174|
1623175|
1623200|
1623201|
1623202|
1623203|
1623204|
1623205|
1623206|
1623207|
1623232|
1623233|
1623234|
1623235|
1623236|
1623237|
1623238|
1623239|
1623264|
1623265|
1623266|
1623267|
1623268|
1623269|
1623270|
1623271|
1623296|
1623297|
1623298|
1623299|
1623300|
1623301|
1623302|
1623303|
1623328|
1623329|
1623330|
1623331|
1623332|
1623333|
1623334|
1623335|
1623360|
1623361|
1623362|
1623363|
1623364|
1623365|
1623366|
1623367|
1623392|
1623393|
1623394|
1623395|
1623396|
1623397|
1623398|
1623399|
1623424|
1623425|
1623426|
1623427|
1623428|
1623429|
1623430|
1623431|
1623456|
1623457|
1623458|
1623459|
1623460|
1623461|
1623462|
1623463|
1623488|
1623489|
1623490|
1623491|
1623492|
1623493|
1623494|
1623495|
1623520|
1623521|
1623522|
1623523|
1623524|
1623525|
1623526|
1623527|
1623552|
1623553|
1623554|
1623555|
1623556|
1623557|
1623558|
1623559|
1623584|
1623585|
1623586|
1623587|
1623588|
1623589|
1623590|
1623591|
1623616|
1623617|
1623618|
1623619|
1623620|
1623621|
1623622|
1623623|
1623648|
1623649|
1623650|
1623651|
1623652|
1623653|
1623654|
1623655|
1623680|
1623681|
1623682|
1623683|
1623684|
1623685|
1623686|
1623687|
1623712|
1623713|
1623714|
1623715|
1623716|
1623717|
1623718|
1623719|
1623744|
1623745|
1623746|
1623747|
1623748|
1623749|
1623750|
1623751|
1623776|
1623777|
1623778|
1623779|
1623780|
1623781|
1623782|
1623783|
1623808|
1623809|
1623810|
1623811|
1623812|
1623813|
1623814|
1623815|
1623840|
1623841|
1623842|
1623843|
1623844|
1623845|
1623846|
1623847|
1623872|
1623873|
1623874|
1623875|
1623876|
1623877|
1623878|
1623879|
1623904|
1623905|
1623906|
1623907|
1623908|
1623909|
1623910|
1623911|
1623936|
1623937|
1623938|
1623939|
1623940|
1623941|
1623942|
1623943|
1623968|
1623969|
1623970|
1623971|
1623972|
1623973|
1623974|
1623975|
1624000|
1624001|
1624002|
1624003|
1624004|
1624005|
1624006|
1624007|
1624032|
1624033|
1624034|
1624035|
1624036|
1624037|
1624038|
1624039|
1624064|
1624065|
1624066|
1624067|
1624068|
1624069|
1624070|
1624071|
1624096|
1624097|
1624098|
1624099|
1624100|
1624101|
1624102|
1624103|
1624128|
1624129|
1624130|
1624131|
1624132|
1624133|
1624134|
1624135|
1624160|
1624161|
1624162|
1624163|
1624164|
1624165|
1624166|
1624167|
1624192|
1624193|
1624194|
1624195|
1624196|
1624197|
1624198|
1624199|
1624224|
1624225|
1624226|
1624227|
1624228|
1624229|
1624230|
1624231|
1624256|
1624257|
1624258|
1624259|
1624260|
1624261|
1624262|
1624263|
1624288|
1624289|
1624290|
1624291|
1624292|
1624293|
1624294|
1624295|
1624320|
1624321|
1624322|
1624323|
1624324|
1624325|
1624326|
1624327|
1624352|
1624353|
1624354|
1624355|
1624356|
1624357|
1624358|
1624359|
1624384|
1624385|
1624386|
1624387|
1624388|
1624389|
1624390|
1624391|
1624416|
1624417|
1624418|
1624419|
1624420|
1624421|
1624422|
1624423|
1624448|
1624449|
1624450|
1624451|
1624452|
1624453|
1624454|
1624455|
1624480|
1624481|
1624482|
1624483|
1624484|
1624485|
1624486|
1624487|
1624512|
1624513|
1624514|
1624515|
1624516|
1624517|
1624518|
1624519|
1624544|
1624545|
1624546|
1624547|
1624548|
1624549|
1624550|
1624551|
1624576|
1624577|
1624578|
1624579|
1624580|
1624581|
1624582|
1624583|
1624608|
1624609|
1624610|
1624611|
1624612|
1624613|
1624614|
1624615|
1624640|
1624641|
1624642|
1624643|
1624644|
1624645|
1624646|
1624647|
1624672|
1624673|
1624674|
1624675|
1624676|
1624677|
1624678|
1624679|
1624704|
1624705|
1624706|
1624707|
1624708|
1624709|
1624710|
1624711|
1624736|
1624737|
1624738|
1624739|
1624740|
1624741|
1624742|
1624743|
1624768|
1624769|
1624770|
1624771|
1624772|
1624773|
1624774|
1624775|
1624800|
1624801|
1624802|
1624803|
1624804|
1624805|
1624806|
1624807|
1624832|
1624833|
1624834|
1624835|
1624836|
1624837|
1624838|
1624839|
1624864|
1624865|
1624866|
1624867|
1624868|
1624869|
1624870|
1624871|
1624896|
1624897|
1624898|
1624899|
1624900|
1624901|
1624902|
1624903|
1624928|
1624929|
1624930|
1624931|
1624932|
1624933|
1624934|
1624935|
1624960|
1624961|
1624962|
1624963|
1624964|
1624965|
1624966|
1624967|
1624992|
1624993|
1624994|
1624995|
1624996|
1624997|
1624998|
1624999|
1625024|
1625025|
1625026|
1625027|
1625028|
1625029|
1625030|
1625031|
1625056|
1625057|
1625058|
1625059|
1625060|
1625061|
1625062|
1625063|
1625088|
1625089|
1625090|
1625091|
1625092|
1625093|
1625094|
1625095|
1625120|
1625121|
1625122|
1625123|
1625124|
1625125|
1625126|
1625127|
1625152|
1625153|
1625154|
1625155|
1625156|
1625157|
1625158|
1625159|
1625184|
1625185|
1625186|
1625187|
1625188|
1625189|
1625190|
1625191|
1625216|
1625217|
1625218|
1625219|
1625220|
1625221|
1625222|
1625223|
1625248|
1625249|
1625250|
1625251|
1625252|
1625253|
1625254|
1625255|
1625280|
1625281|
1625282|
1625283|
1625284|
1625285|
1625286|
1625287|
1625312|
1625313|
1625314|
1625315|
1625316|
1625317|
1625318|
1625319|
1625344|
1625345|
1625346|
1625347|
1625348|
1625349|
1625350|
1625351|
1625376|
1625377|
1625378|
1625379|
1625380|
1625381|
1625382|
1625383|
1625408|
1625409|
1625410|
1625411|
1625412|
1625413|
1625414|
1625415|
1625440|
1625441|
1625442|
1625443|
1625444|
1625445|
1625446|
1625447|
1625472|
1625473|
1625474|
1625475|
1625476|
1625477|
1625478|
1625479|
1625504|
1625505|
1625506|
1625507|
1625508|
1625509|
1625510|
1625511|
1625536|
1625537|
1625538|
1625539|
1625540|
1625541|
1625542|
1625543|
1625568|
1625569|
1625570|
1625571|
1625572|
1625573|
1625574|
1625575|
1625600|
1625601|
1625602|
1625603|
1625604|
1625605|
1625606|
1625607|
1625632|
1625633|
1625634|
1625635|
1625636|
1625637|
1625638|
1625639|
1625664|
1625665|
1625666|
1625667|
1625668|
1625669|
1625670|
1625671|
1625696|
1625697|
1625698|
1625699|
1625700|
1625701|
1625702|
1625703|
1625728|
1625729|
1625730|
1625731|
1625732|
1625733|
1625734|
1625735|
1625760|
1625761|
1625762|
1625763|
1625764|
1625765|
1625766|
1625767|
1625792|
1625793|
1625794|
1625795|
1625796|
1625797|
1625798|
1625799|
1625824|
1625825|
1625826|
1625827|
1625828|
1625829|
1625830|
1625831|
1625856|
1625857|
1625858|
1625859|
1625860|
1625861|
1625862|
1625863|
1625888|
1625889|
1625890|
1625891|
1625892|
1625893|
1625894|
1625895|
1625920|
1625921|
1625922|
1625923|
1625924|
1625925|
1625926|
1625927|
1625952|
1625953|
1625954|
1625955|
1625956|
1625957|
1625958|
1625959|
1625984|
1625985|
1625986|
1625987|
1625988|
