1649989|
1649990|
1649991|
1650016|
1650017|
1650018|
1650019|
1650020|
1650021|
1650022|
1650023|
1650048|
1650049|
1650050|
1650051|
1650052|
1650053|
1650054|
1650055|
1650080|
1650081|
1650082|
1650083|
1650084|
1650085|
1650086|
1650087|
1650112|
1650113|
1650114|
1650115|
1650116|
1650117|
1650118|
1650119|
1650144|
1650145|
1650146|
1650147|
1650148|
1650149|
1650150|
1650151|
1650176|
1650177|
1650178|
1650179|
1650180|
1650181|
1650182|
1650183|
1650208|
1650209|
1650210|
1650211|
1650212|
1650213|
1650214|
1650215|
1650240|
1650241|
1650242|
1650243|
1650244|
1650245|
1650246|
1650247|
1650272|
1650273|
1650274|
1650275|
1650276|
1650277|
1650278|
1650279|
1650304|
1650305|
1650306|
1650307|
1650308|
1650309|
1650310|
1650311|
1650336|
1650337|
1650338|
1650339|
1650340|
1650341|
1650342|
1650343|
1650368|
1650369|
1650370|
1650371|
1650372|
1650373|
1650374|
1650375|
1650400|
1650401|
1650402|
1650403|
1650404|
1650405|
1650406|
1650407|
1650432|
1650433|
1650434|
1650435|
1650436|
1650437|
1650438|
1650439|
1650464|
1650465|
1650466|
1650467|
1650468|
1650469|
1650470|
1650471|
1650496|
1650497|
1650498|
1650499|
1650500|
1650501|
1650502|
1650503|
1650528|
1650529|
1650530|
1650531|
1650532|
1650533|
1650534|
1650535|
1650560|
1650561|
1650562|
1650563|
1650564|
1650565|
1650566|
1650567|
1650592|
1650593|
1650594|
1650595|
1650596|
1650597|
1650598|
1650599|
1650624|
1650625|
1650626|
1650627|
1650628|
1650629|
1650630|
1650631|
1650656|
1650657|
1650658|
1650659|
1650660|
1650661|
1650662|
1650663|
1650688|
1650689|
1650690|
1650691|
1650692|
1650693|
1650694|
1650695|
1650720|
1650721|
1650722|
1650723|
1650724|
1650725|
1650726|
1650727|
1650752|
1650753|
1650754|
1650755|
1650756|
1650757|
1650758|
1650759|
1650784|
1650785|
1650786|
1650787|
1650788|
1650789|
1650790|
1650791|
1650816|
1650817|
1650818|
1650819|
1650820|
1650821|
1650822|
1650823|
1650848|
1650849|
1650850|
1650851|
1650852|
1650853|
1650854|
1650855|
1650880|
1650881|
1650882|
1650883|
1650884|
1650885|
1650886|
1650887|
1650912|
1650913|
1650914|
1650915|
1650916|
1650917|
1650918|
1650919|
1650944|
1650945|
1650946|
1650947|
1650948|
1650949|
1650950|
1650951|
1650976|
1650977|
1650978|
1650979|
1650980|
1650981|
1650982|
1650983|
1651008|
1651009|
1651010|
1651011|
1651012|
1651013|
1651014|
1651015|
1651040|
1651041|
1651042|
1651043|
1651044|
1651045|
1651046|
1651047|
1651072|
1651073|
1651074|
1651075|
1651076|
1651077|
1651078|
1651079|
1651104|
1651105|
1651106|
1651107|
1651108|
1651109|
1651110|
1651111|
1651136|
1651137|
1651138|
1651139|
1651140|
1651141|
1651142|
1651143|
1651168|
1651169|
1651170|
1651171|
1651172|
1651173|
1651174|
1651175|
1651200|
1651201|
1651202|
1651203|
1651204|
1651205|
1651206|
1651207|
1651232|
1651233|
1651234|
1651235|
1651236|
1651237|
1651238|
1651239|
1651264|
1651265|
1651266|
1651267|
1651268|
1651269|
1651270|
1651271|
1651296|
1651297|
1651298|
1651299|
1651300|
1651301|
1651302|
1651303|
1651328|
1651329|
1651330|
1651331|
1651332|
1651333|
1651334|
1651335|
1651360|
1651361|
1651362|
1651363|
1651364|
1651365|
1651366|
1651367|
1651392|
1651393|
1651394|
1651395|
1651396|
1651397|
1651398|
1651399|
1651424|
1651425|
1651426|
1651427|
1651428|
1651429|
1651430|
1651431|
1651456|
1651457|
1651458|
1651459|
1651460|
1651461|
1651462|
1651463|
1651488|
1651489|
1651490|
1651491|
1651492|
1651493|
1651494|
1651495|
1651520|
1651521|
1651522|
1651523|
1651524|
1651525|
1651526|
1651527|
1651552|
1651553|
1651554|
1651555|
1651556|
1651557|
1651558|
1651559|
1651584|
1651585|
1651586|
1651587|
1651588|
1651589|
1651590|
1651591|
1651616|
1651617|
1651618|
1651619|
1651620|
1651621|
1651622|
1651623|
1651648|
1651649|
1651650|
1651651|
1651652|
1651653|
1651654|
1651655|
1651680|
1651681|
1651682|
1651683|
1651684|
1651685|
1651686|
1651687|
1651712|
1651713|
1651714|
1651715|
1651716|
1651717|
1651718|
1651719|
1651744|
1651745|
1651746|
1651747|
1651748|
1651749|
1651750|
1651751|
1651776|
1651777|
1651778|
1651779|
1651780|
1651781|
1651782|
1651783|
1651808|
1651809|
1651810|
1651811|
1651812|
1651813|
1651814|
1651815|
1651840|
1651841|
1651842|
1651843|
1651844|
1651845|
1651846|
1651847|
1651872|
1651873|
1651874|
1651875|
1651876|
1651877|
1651878|
1651879|
1651904|
1651905|
1651906|
1651907|
1651908|
1651909|
1651910|
1651911|
1651936|
1651937|
1651938|
1651939|
1651940|
1651941|
1651942|
1651943|
1651968|
1651969|
1651970|
1651971|
1651972|
1651973|
1651974|
1651975|
1652000|
1652001|
1652002|
1652003|
1652004|
1652005|
1652006|
1652007|
1652032|
1652033|
1652034|
1652035|
1652036|
1652037|
1652038|
1652039|
1652064|
1652065|
1652066|
1652067|
1652068|
1652069|
1652070|
1652071|
1652096|
1652097|
1652098|
1652099|
1652100|
1652101|
1652102|
1652103|
1652128|
1652129|
1652130|
1652131|
1652132|
1652133|
1652134|
1652135|
1652160|
1652161|
1652162|
1652163|
1652164|
1652165|
1652166|
1652167|
1652192|
1652193|
1652194|
1652195|
1652196|
1652197|
1652198|
1652199|
1652224|
1652225|
1652226|
1652227|
1652228|
1652229|
1652230|
1652231|
1652256|
1652257|
1652258|
1652259|
1652260|
1652261|
1652262|
1652263|
1652288|
1652289|
1652290|
1652291|
1652292|
1652293|
1652294|
1652295|
1652320|
1652321|
1652322|
1652323|
1652324|
1652325|
1652326|
1652327|
1652352|
1652353|
1652354|
1652355|
1652356|
1652357|
1652358|
1652359|
1652384|
1652385|
1652386|
1652387|
1652388|
1652389|
1652390|
1652391|
1652416|
1652417|
1652418|
1652419|
1652420|
1652421|
1652422|
1652423|
1652448|
1652449|
1652450|
1652451|
1652452|
1652453|
1652454|
1652455|
1652480|
1652481|
1652482|
1652483|
1652484|
1652485|
1652486|
1652487|
1652512|
1652513|
1652514|
1652515|
1652516|
1652517|
1652518|
1652519|
1652544|
1652545|
1652546|
1652547|
1652548|
1652549|
1652550|
1652551|
1652576|
1652577|
1652578|
1652579|
1652580|
1652581|
1652582|
1652583|
1652608|
1652609|
1652610|
1652611|
1652612|
1652613|
1652614|
1652615|
1652640|
1652641|
1652642|
1652643|
1652644|
1652645|
1652646|
1652647|
1652672|
1652673|
1652674|
1652675|
1652676|
1652677|
1652678|
1652679|
1652704|
1652705|
1652706|
1652707|
1652708|
1652709|
1652710|
1652711|
1652736|
1652737|
1652738|
1652739|
1652740|
1652741|
1652742|
1652743|
1652768|
1652769|
1652770|
1652771|
1652772|
1652773|
1652774|
1652775|
1652800|
1652801|
1652802|
1652803|
1652804|
1652805|
1652806|
1652807|
1652832|
1652833|
1652834|
1652835|
1652836|
1652837|
1652838|
1652839|
1652864|
1652865|
1652866|
1652867|
1652868|
1652869|
1652870|
1652871|
1652896|
1652897|
1652898|
1652899|
1652900|
1652901|
1652902|
1652903|
1652928|
1652929|
1652930|
1652931|
1652932|
1652933|
1652934|
1652935|
1652960|
1652961|
1652962|
1652963|
1652964|
1652965|
1652966|
1652967|
1652992|
1652993|
1652994|
1652995|
1652996|
1652997|
1652998|
1652999|
1653024|
1653025|
1653026|
1653027|
1653028|
1653029|
1653030|
1653031|
1653056|
1653057|
1653058|
1653059|
1653060|
1653061|
1653062|
1653063|
1653088|
1653089|
1653090|
1653091|
1653092|
1653093|
1653094|
1653095|
1653120|
1653121|
1653122|
1653123|
1653124|
1653125|
1653126|
1653127|
1653152|
1653153|
1653154|
1653155|
1653156|
1653157|
1653158|
1653159|
1653184|
1653185|
1653186|
1653187|
1653188|
1653189|
1653190|
1653191|
1653216|
1653217|
1653218|
1653219|
1653220|
1653221|
1653222|
1653223|
1653248|
1653249|
1653250|
1653251|
1653252|
1653253|
1653254|
1653255|
1653280|
1653281|
1653282|
1653283|
1653284|
1653285|
1653286|
1653287|
1653312|
1653313|
1653314|
1653315|
1653316|
1653317|
1653318|
1653319|
1653344|
1653345|
1653346|
1653347|
1653348|
1653349|
1653350|
1653351|
1653376|
1653377|
1653378|
1653379|
1653380|
1653381|
1653382|
1653383|
1653408|
1653409|
1653410|
1653411|
1653412|
1653413|
1653414|
1653415|
1653440|
1653441|
1653442|
1653443|
1653444|
1653445|
1653446|
1653447|
1653472|
1653473|
1653474|
1653475|
1653476|
1653477|
1653478|
1653479|
1653504|
1653505|
1653506|
1653507|
1653508|
1653509|
1653510|
1653511|
1653536|
1653537|
1653538|
1653539|
1653540|
1653541|
1653542|
1653543|
1653568|
1653569|
1653570|
1653571|
1653572|
1653573|
1653574|
1653575|
1653600|
1653601|
1653602|
1653603|
1653604|
1653605|
1653606|
1653607|
1653632|
1653633|
1653634|
1653635|
1653636|
1653637|
1653638|
1653639|
1653664|
1653665|
1653666|
1653667|
1653668|
1653669|
1653670|
1653671|
1653696|
1653697|
1653698|
1653699|
1653700|
1653701|
1653702|
1653703|
1653728|
1653729|
1653730|
1653731|
1653732|
1653733|
1653734|
1653735|
1653760|
1653761|
1653762|
1653763|
1653764|
1653765|
1653766|
1653767|
1653792|
1653793|
1653794|
1653795|
1653796|
1653797|
1653798|
1653799|
1653824|
1653825|
1653826|
1653827|
1653828|
1653829|
1653830|
1653831|
1653856|
1653857|
1653858|
1653859|
1653860|
1653861|
1653862|
1653863|
1653888|
1653889|
1653890|
1653891|
1653892|
1653893|
1653894|
1653895|
1653920|
1653921|
1653922|
1653923|
1653924|
1653925|
1653926|
1653927|
1653952|
1653953|
1653954|
1653955|
1653956|
1653957|
1653958|
1653959|
1653984|
1653985|
1653986|
1653987|
1653988|
1653989|
1653990|
1653991|
1654016|
1654017|
1654018|
1654019|
1654020|
1654021|
1654022|
1654023|
1654048|
1654049|
1654050|
1654051|
1654052|
1654053|
1654054|
1654055|
1654080|
1654081|
1654082|
1654083|
1654084|
1654085|
1654086|
1654087|
1654112|
1654113|
1654114|
1654115|
1654116|
1654117|
1654118|
1654119|
1654144|
1654145|
1654146|
1654147|
1654148|
1654149|
1654150|
1654151|
1654176|
1654177|
1654178|
1654179|
1654180|
1654181|
1654182|
1654183|
1654208|
1654209|
1654210|
1654211|
1654212|
1654213|
1654214|
1654215|
1654240|
1654241|
1654242|
1654243|
1654244|
1654245|
1654246|
1654247|
1654272|
1654273|
1654274|
1654275|
1654276|
1654277|
1654278|
1654279|
1654304|
1654305|
1654306|
1654307|
1654308|
1654309|
1654310|
1654311|
1654336|
1654337|
1654338|
1654339|
1654340|
1654341|
1654342|
1654343|
1654368|
1654369|
1654370|
1654371|
1654372|
1654373|
1654374|
1654375|
1654400|
1654401|
1654402|
1654403|
1654404|
1654405|
1654406|
1654407|
1654432|
1654433|
1654434|
1654435|
1654436|
1654437|
1654438|
1654439|
1654464|
1654465|
1654466|
1654467|
1654468|
1654469|
1654470|
1654471|
1654496|
1654497|
1654498|
1654499|
1654500|
1654501|
1654502|
1654503|
1654528|
1654529|
1654530|
1654531|
1654532|
1654533|
1654534|
1654535|
1654560|
1654561|
1654562|
1654563|
1654564|
1654565|
1654566|
1654567|
1654592|
1654593|
1654594|
1654595|
1654596|
1654597|
1654598|
1654599|
1654624|
1654625|
1654626|
1654627|
1654628|
1654629|
1654630|
1654631|
1654656|
1654657|
1654658|
1654659|
1654660|
1654661|
1654662|
1654663|
1654688|
1654689|
1654690|
1654691|
1654692|
1654693|
1654694|
1654695|
1654720|
1654721|
1654722|
1654723|
1654724|
1654725|
1654726|
1654727|
1654752|
1654753|
1654754|
1654755|
1654756|
1654757|
1654758|
1654759|
1654784|
1654785|
1654786|
1654787|
1654788|
1654789|
1654790|
1654791|
1654816|
1654817|
1654818|
1654819|
1654820|
1654821|
1654822|
1654823|
1654848|
1654849|
1654850|
1654851|
1654852|
1654853|
1654854|
1654855|
1654880|
1654881|
1654882|
1654883|
1654884|
1654885|
1654886|
1654887|
1654912|
1654913|
1654914|
1654915|
1654916|
1654917|
1654918|
1654919|
1654944|
1654945|
1654946|
1654947|
1654948|
1654949|
1654950|
1654951|
1654976|
1654977|
1654978|
1654979|
1654980|
1654981|
1654982|
1654983|
1655008|
1655009|
1655010|
1655011|
1655012|
1655013|
1655014|
1655015|
1655040|
1655041|
1655042|
1655043|
1655044|
1655045|
1655046|
1655047|
1655072|
1655073|
1655074|
1655075|
1655076|
1655077|
1655078|
1655079|
1655104|
1655105|
1655106|
1655107|
1655108|
1655109|
1655110|
1655111|
1655136|
1655137|
1655138|
1655139|
1655140|
1655141|
1655142|
1655143|
1655168|
1655169|
1655170|
1655171|
1655172|
1655173|
1655174|
1655175|
1655200|
1655201|
1655202|
1655203|
1655204|
1655205|
1655206|
1655207|
1655232|
1655233|
1655234|
1655235|
1655236|
1655237|
1655238|
1655239|
1655264|
1655265|
1655266|
1655267|
1655268|
1655269|
1655270|
1655271|
1655296|
1655297|
1655298|
1655299|
1655300|
1655301|
1655302|
1655303|
1655328|
1655329|
1655330|
1655331|
1655332|
1655333|
1655334|
1655335|
1655360|
1655361|
1655362|
1655363|
1655364|
1655365|
1655366|
1655367|
1655392|
1655393|
1655394|
1655395|
1655396|
1655397|
1655398|
1655399|
1655424|
1655425|
1655426|
1655427|
1655428|
1655429|
1655430|
1655431|
1655456|
1655457|
1655458|
1655459|
1655460|
1655461|
1655462|
1655463|
1655488|
1655489|
1655490|
1655491|
1655492|
1655493|
1655494|
1655495|
1655520|
1655521|
1655522|
1655523|
1655524|
1655525|
1655526|
1655527|
1655552|
1655553|
1655554|
1655555|
1655556|
1655557|
1655558|
1655559|
1655584|
1655585|
1655586|
1655587|
1655588|
1655589|
1655590|
1655591|
1655616|
1655617|
1655618|
1655619|
1655620|
1655621|
1655622|
1655623|
1655648|
1655649|
1655650|
1655651|
1655652|
1655653|
1655654|
1655655|
1655680|
1655681|
1655682|
1655683|
1655684|
1655685|
1655686|
1655687|
1655712|
1655713|
1655714|
1655715|
1655716|
1655717|
1655718|
1655719|
1655744|
1655745|
1655746|
1655747|
1655748|
1655749|
1655750|
1655751|
1655776|
1655777|
1655778|
1655779|
1655780|
1655781|
1655782|
1655783|
1655808|
1655809|
1655810|
1655811|
1655812|
1655813|
1655814|
1655815|
1655840|
1655841|
1655842|
1655843|
1655844|
1655845|
1655846|
1655847|
1655872|
1655873|
1655874|
1655875|
1655876|
1655877|
1655878|
1655879|
1655904|
1655905|
1655906|
1655907|
1655908|
1655909|
1655910|
1655911|
1655936|
1655937|
1655938|
1655939|
1655940|
1655941|
1655942|
1655943|
1655968|
1655969|
1655970|
1655971|
1655972|
1655973|
1655974|
1655975|
1656000|
