2496001|
2496002|
2496003|
2496004|
2496005|
2496006|
2496007|
2496032|
2496033|
2496034|
2496035|
2496036|
2496037|
2496038|
2496039|
2496064|
2496065|
2496066|
2496067|
2496068|
2496069|
2496070|
2496071|
2496096|
2496097|
2496098|
2496099|
2496100|
2496101|
2496102|
2496103|
2496128|
2496129|
2496130|
2496131|
2496132|
2496133|
2496134|
2496135|
2496160|
2496161|
2496162|
2496163|
2496164|
2496165|
2496166|
2496167|
2496192|
2496193|
2496194|
2496195|
2496196|
2496197|
2496198|
2496199|
2496224|
2496225|
2496226|
2496227|
2496228|
2496229|
2496230|
2496231|
2496256|
2496257|
2496258|
2496259|
2496260|
2496261|
2496262|
2496263|
2496288|
2496289|
2496290|
2496291|
2496292|
2496293|
2496294|
2496295|
2496320|
2496321|
2496322|
2496323|
2496324|
2496325|
2496326|
2496327|
2496352|
2496353|
2496354|
2496355|
2496356|
2496357|
2496358|
2496359|
2496384|
2496385|
2496386|
2496387|
2496388|
2496389|
2496390|
2496391|
2496416|
2496417|
2496418|
2496419|
2496420|
2496421|
2496422|
2496423|
2496448|
2496449|
2496450|
2496451|
2496452|
2496453|
2496454|
2496455|
2496480|
2496481|
2496482|
2496483|
2496484|
2496485|
2496486|
2496487|
2496512|
2496513|
2496514|
2496515|
2496516|
2496517|
2496518|
2496519|
2496544|
2496545|
2496546|
2496547|
2496548|
2496549|
2496550|
2496551|
2496576|
2496577|
2496578|
2496579|
2496580|
2496581|
2496582|
2496583|
2496608|
2496609|
2496610|
2496611|
2496612|
2496613|
2496614|
2496615|
2496640|
2496641|
2496642|
2496643|
2496644|
2496645|
2496646|
2496647|
2496672|
2496673|
2496674|
2496675|
2496676|
2496677|
2496678|
2496679|
2496704|
2496705|
2496706|
2496707|
2496708|
2496709|
2496710|
2496711|
2496736|
2496737|
2496738|
2496739|
2496740|
2496741|
2496742|
2496743|
2496768|
2496769|
2496770|
2496771|
2496772|
2496773|
2496774|
2496775|
2496800|
2496801|
2496802|
2496803|
2496804|
2496805|
2496806|
2496807|
2496832|
2496833|
2496834|
2496835|
2496836|
2496837|
2496838|
2496839|
2496864|
2496865|
2496866|
2496867|
2496868|
2496869|
2496870|
2496871|
2496896|
2496897|
2496898|
2496899|
2496900|
2496901|
2496902|
2496903|
2496928|
2496929|
2496930|
2496931|
2496932|
2496933|
2496934|
2496935|
2496960|
2496961|
2496962|
2496963|
2496964|
2496965|
2496966|
2496967|
2496992|
2496993|
2496994|
2496995|
2496996|
2496997|
2496998|
2496999|
2497024|
2497025|
2497026|
2497027|
2497028|
2497029|
2497030|
2497031|
2497056|
2497057|
2497058|
2497059|
2497060|
2497061|
2497062|
2497063|
2497088|
2497089|
2497090|
2497091|
2497092|
2497093|
2497094|
2497095|
2497120|
2497121|
2497122|
2497123|
2497124|
2497125|
2497126|
2497127|
2497152|
2497153|
2497154|
2497155|
2497156|
2497157|
2497158|
2497159|
2497184|
2497185|
2497186|
2497187|
2497188|
2497189|
2497190|
2497191|
2497216|
2497217|
2497218|
2497219|
2497220|
2497221|
2497222|
2497223|
2497248|
2497249|
2497250|
2497251|
2497252|
2497253|
2497254|
2497255|
2497280|
2497281|
2497282|
2497283|
2497284|
2497285|
2497286|
2497287|
2497312|
2497313|
2497314|
2497315|
2497316|
2497317|
2497318|
2497319|
2497344|
2497345|
2497346|
2497347|
2497348|
2497349|
2497350|
2497351|
2497376|
2497377|
2497378|
2497379|
2497380|
2497381|
2497382|
2497383|
2497408|
2497409|
2497410|
2497411|
2497412|
2497413|
2497414|
2497415|
2497440|
2497441|
2497442|
2497443|
2497444|
2497445|
2497446|
2497447|
2497472|
2497473|
2497474|
2497475|
2497476|
2497477|
2497478|
2497479|
2497504|
2497505|
2497506|
2497507|
2497508|
2497509|
2497510|
2497511|
2497536|
2497537|
2497538|
2497539|
2497540|
2497541|
2497542|
2497543|
2497568|
2497569|
2497570|
2497571|
2497572|
2497573|
2497574|
2497575|
2497600|
2497601|
2497602|
2497603|
2497604|
2497605|
2497606|
2497607|
2497632|
2497633|
2497634|
2497635|
2497636|
2497637|
2497638|
2497639|
2497664|
2497665|
2497666|
2497667|
2497668|
2497669|
2497670|
2497671|
2497696|
2497697|
2497698|
2497699|
2497700|
2497701|
2497702|
2497703|
2497728|
2497729|
2497730|
2497731|
2497732|
2497733|
2497734|
2497735|
2497760|
2497761|
2497762|
2497763|
2497764|
2497765|
2497766|
2497767|
2497792|
2497793|
2497794|
2497795|
2497796|
2497797|
2497798|
2497799|
2497824|
2497825|
2497826|
2497827|
2497828|
2497829|
2497830|
2497831|
2497856|
2497857|
2497858|
2497859|
2497860|
2497861|
2497862|
2497863|
2497888|
2497889|
2497890|
2497891|
2497892|
2497893|
2497894|
2497895|
2497920|
2497921|
2497922|
2497923|
2497924|
2497925|
2497926|
2497927|
2497952|
2497953|
2497954|
2497955|
2497956|
2497957|
2497958|
2497959|
2497984|
2497985|
2497986|
2497987|
2497988|
2497989|
2497990|
2497991|
2498016|
2498017|
2498018|
2498019|
2498020|
2498021|
2498022|
2498023|
2498048|
2498049|
2498050|
2498051|
2498052|
2498053|
2498054|
2498055|
2498080|
2498081|
2498082|
2498083|
2498084|
2498085|
2498086|
2498087|
2498112|
2498113|
2498114|
2498115|
2498116|
2498117|
2498118|
2498119|
2498144|
2498145|
2498146|
2498147|
2498148|
2498149|
2498150|
2498151|
2498176|
2498177|
2498178|
2498179|
2498180|
2498181|
2498182|
2498183|
2498208|
2498209|
2498210|
2498211|
2498212|
2498213|
2498214|
2498215|
2498240|
2498241|
2498242|
2498243|
2498244|
2498245|
2498246|
2498247|
2498272|
2498273|
2498274|
2498275|
2498276|
2498277|
2498278|
2498279|
2498304|
2498305|
2498306|
2498307|
2498308|
2498309|
2498310|
2498311|
2498336|
2498337|
2498338|
2498339|
2498340|
2498341|
2498342|
2498343|
2498368|
2498369|
2498370|
2498371|
2498372|
2498373|
2498374|
2498375|
2498400|
2498401|
2498402|
2498403|
2498404|
2498405|
2498406|
2498407|
2498432|
2498433|
2498434|
2498435|
2498436|
2498437|
2498438|
2498439|
2498464|
2498465|
2498466|
2498467|
2498468|
2498469|
2498470|
2498471|
2498496|
2498497|
2498498|
2498499|
2498500|
2498501|
2498502|
2498503|
2498528|
2498529|
2498530|
2498531|
2498532|
2498533|
2498534|
2498535|
2498560|
2498561|
2498562|
2498563|
2498564|
2498565|
2498566|
2498567|
2498592|
2498593|
2498594|
2498595|
2498596|
2498597|
2498598|
2498599|
2498624|
2498625|
2498626|
2498627|
2498628|
2498629|
2498630|
2498631|
2498656|
2498657|
2498658|
2498659|
2498660|
2498661|
2498662|
2498663|
2498688|
2498689|
2498690|
2498691|
2498692|
2498693|
2498694|
2498695|
2498720|
2498721|
2498722|
2498723|
2498724|
2498725|
2498726|
2498727|
2498752|
2498753|
2498754|
2498755|
2498756|
2498757|
2498758|
2498759|
2498784|
2498785|
2498786|
2498787|
2498788|
2498789|
2498790|
2498791|
2498816|
2498817|
2498818|
2498819|
2498820|
2498821|
2498822|
2498823|
2498848|
2498849|
2498850|
2498851|
2498852|
2498853|
2498854|
2498855|
2498880|
2498881|
2498882|
2498883|
2498884|
2498885|
2498886|
2498887|
2498912|
2498913|
2498914|
2498915|
2498916|
2498917|
2498918|
2498919|
2498944|
2498945|
2498946|
2498947|
2498948|
2498949|
2498950|
2498951|
2498976|
2498977|
2498978|
2498979|
2498980|
2498981|
2498982|
2498983|
2499008|
2499009|
2499010|
2499011|
2499012|
2499013|
2499014|
2499015|
2499040|
2499041|
2499042|
2499043|
2499044|
2499045|
2499046|
2499047|
2499072|
2499073|
2499074|
2499075|
2499076|
2499077|
2499078|
2499079|
2499104|
2499105|
2499106|
2499107|
2499108|
2499109|
2499110|
2499111|
2499136|
2499137|
2499138|
2499139|
2499140|
2499141|
2499142|
2499143|
2499168|
2499169|
2499170|
2499171|
2499172|
2499173|
2499174|
2499175|
2499200|
2499201|
2499202|
2499203|
2499204|
2499205|
2499206|
2499207|
2499232|
2499233|
2499234|
2499235|
2499236|
2499237|
2499238|
2499239|
2499264|
2499265|
2499266|
2499267|
2499268|
2499269|
2499270|
2499271|
2499296|
2499297|
2499298|
2499299|
2499300|
2499301|
2499302|
2499303|
2499328|
2499329|
2499330|
2499331|
2499332|
2499333|
2499334|
2499335|
2499360|
2499361|
2499362|
2499363|
2499364|
2499365|
2499366|
2499367|
2499392|
2499393|
2499394|
2499395|
2499396|
2499397|
2499398|
2499399|
2499424|
2499425|
2499426|
2499427|
2499428|
2499429|
2499430|
2499431|
2499456|
2499457|
2499458|
2499459|
2499460|
2499461|
2499462|
2499463|
2499488|
2499489|
2499490|
2499491|
2499492|
2499493|
2499494|
2499495|
2499520|
2499521|
2499522|
2499523|
2499524|
2499525|
2499526|
2499527|
2499552|
2499553|
2499554|
2499555|
2499556|
2499557|
2499558|
2499559|
2499584|
2499585|
2499586|
2499587|
2499588|
2499589|
2499590|
2499591|
2499616|
2499617|
2499618|
2499619|
2499620|
2499621|
2499622|
2499623|
2499648|
2499649|
2499650|
2499651|
2499652|
2499653|
2499654|
2499655|
2499680|
2499681|
2499682|
2499683|
2499684|
2499685|
2499686|
2499687|
2499712|
2499713|
2499714|
2499715|
2499716|
2499717|
2499718|
2499719|
2499744|
2499745|
2499746|
2499747|
2499748|
2499749|
2499750|
2499751|
2499776|
2499777|
2499778|
2499779|
2499780|
2499781|
2499782|
2499783|
2499808|
2499809|
2499810|
2499811|
2499812|
2499813|
2499814|
2499815|
2499840|
2499841|
2499842|
2499843|
2499844|
2499845|
2499846|
2499847|
2499872|
2499873|
2499874|
2499875|
2499876|
2499877|
2499878|
2499879|
2499904|
2499905|
2499906|
2499907|
2499908|
2499909|
2499910|
2499911|
2499936|
2499937|
2499938|
2499939|
2499940|
2499941|
2499942|
2499943|
2499968|
2499969|
2499970|
2499971|
2499972|
2499973|
2499974|
2499975|
2500000|
2500001|
2500002|
2500003|
2500004|
2500005|
2500006|
2500007|
2500032|
2500033|
2500034|
2500035|
2500036|
2500037|
2500038|
2500039|
2500064|
2500065|
2500066|
2500067|
2500068|
2500069|
2500070|
2500071|
2500096|
2500097|
2500098|
2500099|
2500100|
2500101|
2500102|
2500103|
2500128|
2500129|
2500130|
2500131|
2500132|
2500133|
2500134|
2500135|
2500160|
2500161|
2500162|
2500163|
2500164|
2500165|
2500166|
2500167|
2500192|
2500193|
2500194|
2500195|
2500196|
2500197|
2500198|
2500199|
2500224|
2500225|
2500226|
2500227|
2500228|
2500229|
2500230|
2500231|
2500256|
2500257|
2500258|
2500259|
2500260|
2500261|
2500262|
2500263|
2500288|
2500289|
2500290|
2500291|
2500292|
2500293|
2500294|
2500295|
2500320|
2500321|
2500322|
2500323|
2500324|
2500325|
2500326|
2500327|
2500352|
2500353|
2500354|
2500355|
2500356|
2500357|
2500358|
2500359|
2500384|
2500385|
2500386|
2500387|
2500388|
2500389|
2500390|
2500391|
2500416|
2500417|
2500418|
2500419|
2500420|
2500421|
2500422|
2500423|
2500448|
2500449|
2500450|
2500451|
2500452|
2500453|
2500454|
2500455|
2500480|
2500481|
2500482|
2500483|
2500484|
2500485|
2500486|
2500487|
2500512|
2500513|
2500514|
2500515|
2500516|
2500517|
2500518|
2500519|
2500544|
2500545|
2500546|
2500547|
2500548|
2500549|
2500550|
2500551|
2500576|
2500577|
2500578|
2500579|
2500580|
2500581|
2500582|
2500583|
2500608|
2500609|
2500610|
2500611|
2500612|
2500613|
2500614|
2500615|
2500640|
2500641|
2500642|
2500643|
2500644|
2500645|
2500646|
2500647|
2500672|
2500673|
2500674|
2500675|
2500676|
2500677|
2500678|
2500679|
2500704|
2500705|
2500706|
2500707|
2500708|
2500709|
2500710|
2500711|
2500736|
2500737|
2500738|
2500739|
2500740|
2500741|
2500742|
2500743|
2500768|
2500769|
2500770|
2500771|
2500772|
2500773|
2500774|
2500775|
2500800|
2500801|
2500802|
2500803|
2500804|
2500805|
2500806|
2500807|
2500832|
2500833|
2500834|
2500835|
2500836|
2500837|
2500838|
2500839|
2500864|
2500865|
2500866|
2500867|
2500868|
2500869|
2500870|
2500871|
2500896|
2500897|
2500898|
2500899|
2500900|
2500901|
2500902|
2500903|
2500928|
2500929|
2500930|
2500931|
2500932|
2500933|
2500934|
2500935|
2500960|
2500961|
2500962|
2500963|
2500964|
2500965|
2500966|
2500967|
2500992|
2500993|
2500994|
2500995|
2500996|
2500997|
2500998|
2500999|
2501024|
2501025|
2501026|
2501027|
2501028|
2501029|
2501030|
2501031|
2501056|
2501057|
2501058|
2501059|
2501060|
2501061|
2501062|
2501063|
2501088|
2501089|
2501090|
2501091|
2501092|
2501093|
2501094|
2501095|
2501120|
2501121|
2501122|
2501123|
2501124|
2501125|
2501126|
2501127|
2501152|
2501153|
2501154|
2501155|
2501156|
2501157|
2501158|
2501159|
2501184|
2501185|
2501186|
2501187|
2501188|
2501189|
2501190|
2501191|
2501216|
2501217|
2501218|
2501219|
2501220|
2501221|
2501222|
2501223|
2501248|
2501249|
2501250|
2501251|
2501252|
2501253|
2501254|
2501255|
2501280|
2501281|
2501282|
2501283|
2501284|
2501285|
2501286|
2501287|
2501312|
2501313|
2501314|
2501315|
2501316|
2501317|
2501318|
2501319|
2501344|
2501345|
2501346|
2501347|
2501348|
2501349|
2501350|
2501351|
2501376|
2501377|
2501378|
2501379|
2501380|
2501381|
2501382|
2501383|
2501408|
2501409|
2501410|
2501411|
2501412|
2501413|
2501414|
2501415|
2501440|
2501441|
2501442|
2501443|
2501444|
2501445|
2501446|
2501447|
2501472|
2501473|
2501474|
2501475|
2501476|
2501477|
2501478|
2501479|
2501504|
2501505|
2501506|
2501507|
2501508|
2501509|
2501510|
2501511|
2501536|
2501537|
2501538|
2501539|
2501540|
2501541|
2501542|
2501543|
2501568|
2501569|
2501570|
2501571|
2501572|
2501573|
2501574|
2501575|
2501600|
2501601|
2501602|
2501603|
2501604|
2501605|
2501606|
2501607|
2501632|
2501633|
2501634|
2501635|
2501636|
2501637|
2501638|
2501639|
2501664|
2501665|
2501666|
2501667|
2501668|
2501669|
2501670|
2501671|
2501696|
2501697|
2501698|
2501699|
2501700|
2501701|
2501702|
2501703|
2501728|
2501729|
2501730|
2501731|
2501732|
2501733|
2501734|
2501735|
2501760|
2501761|
2501762|
2501763|
2501764|
2501765|
2501766|
2501767|
2501792|
2501793|
2501794|
2501795|
2501796|
2501797|
2501798|
2501799|
2501824|
2501825|
2501826|
2501827|
2501828|
2501829|
2501830|
2501831|
2501856|
2501857|
2501858|
2501859|
2501860|
2501861|
2501862|
2501863|
2501888|
2501889|
2501890|
2501891|
2501892|
2501893|
2501894|
2501895|
2501920|
2501921|
2501922|
2501923|
2501924|
2501925|
2501926|
2501927|
2501952|
2501953|
2501954|
2501955|
2501956|
2501957|
2501958|
2501959|
2501984|
2501985|
2501986|
2501987|
2501988|
