2472001|
2472002|
2472003|
2472004|
2472005|
2472006|
2472007|
2472032|
2472033|
2472034|
2472035|
2472036|
2472037|
2472038|
2472039|
2472064|
2472065|
2472066|
2472067|
2472068|
2472069|
2472070|
2472071|
2472096|
2472097|
2472098|
2472099|
2472100|
2472101|
2472102|
2472103|
2472128|
2472129|
2472130|
2472131|
2472132|
2472133|
2472134|
2472135|
2472160|
2472161|
2472162|
2472163|
2472164|
2472165|
2472166|
2472167|
2472192|
2472193|
2472194|
2472195|
2472196|
2472197|
2472198|
2472199|
2472224|
2472225|
2472226|
2472227|
2472228|
2472229|
2472230|
2472231|
2472256|
2472257|
2472258|
2472259|
2472260|
2472261|
2472262|
2472263|
2472288|
2472289|
2472290|
2472291|
2472292|
2472293|
2472294|
2472295|
2472320|
2472321|
2472322|
2472323|
2472324|
2472325|
2472326|
2472327|
2472352|
2472353|
2472354|
2472355|
2472356|
2472357|
2472358|
2472359|
2472384|
2472385|
2472386|
2472387|
2472388|
2472389|
2472390|
2472391|
2472416|
2472417|
2472418|
2472419|
2472420|
2472421|
2472422|
2472423|
2472448|
2472449|
2472450|
2472451|
2472452|
2472453|
2472454|
2472455|
2472480|
2472481|
2472482|
2472483|
2472484|
2472485|
2472486|
2472487|
2472512|
2472513|
2472514|
2472515|
2472516|
2472517|
2472518|
2472519|
2472544|
2472545|
2472546|
2472547|
2472548|
2472549|
2472550|
2472551|
2472576|
2472577|
2472578|
2472579|
2472580|
2472581|
2472582|
2472583|
2472608|
2472609|
2472610|
2472611|
2472612|
2472613|
2472614|
2472615|
2472640|
2472641|
2472642|
2472643|
2472644|
2472645|
2472646|
2472647|
2472672|
2472673|
2472674|
2472675|
2472676|
2472677|
2472678|
2472679|
2472704|
2472705|
2472706|
2472707|
2472708|
2472709|
2472710|
2472711|
2472736|
2472737|
2472738|
2472739|
2472740|
2472741|
2472742|
2472743|
2472768|
2472769|
2472770|
2472771|
2472772|
2472773|
2472774|
2472775|
2472800|
2472801|
2472802|
2472803|
2472804|
2472805|
2472806|
2472807|
2472832|
2472833|
2472834|
2472835|
2472836|
2472837|
2472838|
2472839|
2472864|
2472865|
2472866|
2472867|
2472868|
2472869|
2472870|
2472871|
2472896|
2472897|
2472898|
2472899|
2472900|
2472901|
2472902|
2472903|
2472928|
2472929|
2472930|
2472931|
2472932|
2472933|
2472934|
2472935|
2472960|
2472961|
2472962|
2472963|
2472964|
2472965|
2472966|
2472967|
2472992|
2472993|
2472994|
2472995|
2472996|
2472997|
2472998|
2472999|
2473024|
2473025|
2473026|
2473027|
2473028|
2473029|
2473030|
2473031|
2473056|
2473057|
2473058|
2473059|
2473060|
2473061|
2473062|
2473063|
2473088|
2473089|
2473090|
2473091|
2473092|
2473093|
2473094|
2473095|
2473120|
2473121|
2473122|
2473123|
2473124|
2473125|
2473126|
2473127|
2473152|
2473153|
2473154|
2473155|
2473156|
2473157|
2473158|
2473159|
2473184|
2473185|
2473186|
2473187|
2473188|
2473189|
2473190|
2473191|
2473216|
2473217|
2473218|
2473219|
2473220|
2473221|
2473222|
2473223|
2473248|
2473249|
2473250|
2473251|
2473252|
2473253|
2473254|
2473255|
2473280|
2473281|
2473282|
2473283|
2473284|
2473285|
2473286|
2473287|
2473312|
2473313|
2473314|
2473315|
2473316|
2473317|
2473318|
2473319|
2473344|
2473345|
2473346|
2473347|
2473348|
2473349|
2473350|
2473351|
2473376|
2473377|
2473378|
2473379|
2473380|
2473381|
2473382|
2473383|
2473408|
2473409|
2473410|
2473411|
2473412|
2473413|
2473414|
2473415|
2473440|
2473441|
2473442|
2473443|
2473444|
2473445|
2473446|
2473447|
2473472|
2473473|
2473474|
2473475|
2473476|
2473477|
2473478|
2473479|
2473504|
2473505|
2473506|
2473507|
2473508|
2473509|
2473510|
2473511|
2473536|
2473537|
2473538|
2473539|
2473540|
2473541|
2473542|
2473543|
2473568|
2473569|
2473570|
2473571|
2473572|
2473573|
2473574|
2473575|
2473600|
2473601|
2473602|
2473603|
2473604|
2473605|
2473606|
2473607|
2473632|
2473633|
2473634|
2473635|
2473636|
2473637|
2473638|
2473639|
2473664|
2473665|
2473666|
2473667|
2473668|
2473669|
2473670|
2473671|
2473696|
2473697|
2473698|
2473699|
2473700|
2473701|
2473702|
2473703|
2473728|
2473729|
2473730|
2473731|
2473732|
2473733|
2473734|
2473735|
2473760|
2473761|
2473762|
2473763|
2473764|
2473765|
2473766|
2473767|
2473792|
2473793|
2473794|
2473795|
2473796|
2473797|
2473798|
2473799|
2473824|
2473825|
2473826|
2473827|
2473828|
2473829|
2473830|
2473831|
2473856|
2473857|
2473858|
2473859|
2473860|
2473861|
2473862|
2473863|
2473888|
2473889|
2473890|
2473891|
2473892|
2473893|
2473894|
2473895|
2473920|
2473921|
2473922|
2473923|
2473924|
2473925|
2473926|
2473927|
2473952|
2473953|
2473954|
2473955|
2473956|
2473957|
2473958|
2473959|
2473984|
2473985|
2473986|
2473987|
2473988|
2473989|
2473990|
2473991|
2474016|
2474017|
2474018|
2474019|
2474020|
2474021|
2474022|
2474023|
2474048|
2474049|
2474050|
2474051|
2474052|
2474053|
2474054|
2474055|
2474080|
2474081|
2474082|
2474083|
2474084|
2474085|
2474086|
2474087|
2474112|
2474113|
2474114|
2474115|
2474116|
2474117|
2474118|
2474119|
2474144|
2474145|
2474146|
2474147|
2474148|
2474149|
2474150|
2474151|
2474176|
2474177|
2474178|
2474179|
2474180|
2474181|
2474182|
2474183|
2474208|
2474209|
2474210|
2474211|
2474212|
2474213|
2474214|
2474215|
2474240|
2474241|
2474242|
2474243|
2474244|
2474245|
2474246|
2474247|
2474272|
2474273|
2474274|
2474275|
2474276|
2474277|
2474278|
2474279|
2474304|
2474305|
2474306|
2474307|
2474308|
2474309|
2474310|
2474311|
2474336|
2474337|
2474338|
2474339|
2474340|
2474341|
2474342|
2474343|
2474368|
2474369|
2474370|
2474371|
2474372|
2474373|
2474374|
2474375|
2474400|
2474401|
2474402|
2474403|
2474404|
2474405|
2474406|
2474407|
2474432|
2474433|
2474434|
2474435|
2474436|
2474437|
2474438|
2474439|
2474464|
2474465|
2474466|
2474467|
2474468|
2474469|
2474470|
2474471|
2474496|
2474497|
2474498|
2474499|
2474500|
2474501|
2474502|
2474503|
2474528|
2474529|
2474530|
2474531|
2474532|
2474533|
2474534|
2474535|
2474560|
2474561|
2474562|
2474563|
2474564|
2474565|
2474566|
2474567|
2474592|
2474593|
2474594|
2474595|
2474596|
2474597|
2474598|
2474599|
2474624|
2474625|
2474626|
2474627|
2474628|
2474629|
2474630|
2474631|
2474656|
2474657|
2474658|
2474659|
2474660|
2474661|
2474662|
2474663|
2474688|
2474689|
2474690|
2474691|
2474692|
2474693|
2474694|
2474695|
2474720|
2474721|
2474722|
2474723|
2474724|
2474725|
2474726|
2474727|
2474752|
2474753|
2474754|
2474755|
2474756|
2474757|
2474758|
2474759|
2474784|
2474785|
2474786|
2474787|
2474788|
2474789|
2474790|
2474791|
2474816|
2474817|
2474818|
2474819|
2474820|
2474821|
2474822|
2474823|
2474848|
2474849|
2474850|
2474851|
2474852|
2474853|
2474854|
2474855|
2474880|
2474881|
2474882|
2474883|
2474884|
2474885|
2474886|
2474887|
2474912|
2474913|
2474914|
2474915|
2474916|
2474917|
2474918|
2474919|
2474944|
2474945|
2474946|
2474947|
2474948|
2474949|
2474950|
2474951|
2474976|
2474977|
2474978|
2474979|
2474980|
2474981|
2474982|
2474983|
2475008|
2475009|
2475010|
2475011|
2475012|
2475013|
2475014|
2475015|
2475040|
2475041|
2475042|
2475043|
2475044|
2475045|
2475046|
2475047|
2475072|
2475073|
2475074|
2475075|
2475076|
2475077|
2475078|
2475079|
2475104|
2475105|
2475106|
2475107|
2475108|
2475109|
2475110|
2475111|
2475136|
2475137|
2475138|
2475139|
2475140|
2475141|
2475142|
2475143|
2475168|
2475169|
2475170|
2475171|
2475172|
2475173|
2475174|
2475175|
2475200|
2475201|
2475202|
2475203|
2475204|
2475205|
2475206|
2475207|
2475232|
2475233|
2475234|
2475235|
2475236|
2475237|
2475238|
2475239|
2475264|
2475265|
2475266|
2475267|
2475268|
2475269|
2475270|
2475271|
2475296|
2475297|
2475298|
2475299|
2475300|
2475301|
2475302|
2475303|
2475328|
2475329|
2475330|
2475331|
2475332|
2475333|
2475334|
2475335|
2475360|
2475361|
2475362|
2475363|
2475364|
2475365|
2475366|
2475367|
2475392|
2475393|
2475394|
2475395|
2475396|
2475397|
2475398|
2475399|
2475424|
2475425|
2475426|
2475427|
2475428|
2475429|
2475430|
2475431|
2475456|
2475457|
2475458|
2475459|
2475460|
2475461|
2475462|
2475463|
2475488|
2475489|
2475490|
2475491|
2475492|
2475493|
2475494|
2475495|
2475520|
2475521|
2475522|
2475523|
2475524|
2475525|
2475526|
2475527|
2475552|
2475553|
2475554|
2475555|
2475556|
2475557|
2475558|
2475559|
2475584|
2475585|
2475586|
2475587|
2475588|
2475589|
2475590|
2475591|
2475616|
2475617|
2475618|
2475619|
2475620|
2475621|
2475622|
2475623|
2475648|
2475649|
2475650|
2475651|
2475652|
2475653|
2475654|
2475655|
2475680|
2475681|
2475682|
2475683|
2475684|
2475685|
2475686|
2475687|
2475712|
2475713|
2475714|
2475715|
2475716|
2475717|
2475718|
2475719|
2475744|
2475745|
2475746|
2475747|
2475748|
2475749|
2475750|
2475751|
2475776|
2475777|
2475778|
2475779|
2475780|
2475781|
2475782|
2475783|
2475808|
2475809|
2475810|
2475811|
2475812|
2475813|
2475814|
2475815|
2475840|
2475841|
2475842|
2475843|
2475844|
2475845|
2475846|
2475847|
2475872|
2475873|
2475874|
2475875|
2475876|
2475877|
2475878|
2475879|
2475904|
2475905|
2475906|
2475907|
2475908|
2475909|
2475910|
2475911|
2475936|
2475937|
2475938|
2475939|
2475940|
2475941|
2475942|
2475943|
2475968|
2475969|
2475970|
2475971|
2475972|
2475973|
2475974|
2475975|
2476000|
2476001|
2476002|
2476003|
2476004|
2476005|
2476006|
2476007|
2476032|
2476033|
2476034|
2476035|
2476036|
2476037|
2476038|
2476039|
2476064|
2476065|
2476066|
2476067|
2476068|
2476069|
2476070|
2476071|
2476096|
2476097|
2476098|
2476099|
2476100|
2476101|
2476102|
2476103|
2476128|
2476129|
2476130|
2476131|
2476132|
2476133|
2476134|
2476135|
2476160|
2476161|
2476162|
2476163|
2476164|
2476165|
2476166|
2476167|
2476192|
2476193|
2476194|
2476195|
2476196|
2476197|
2476198|
2476199|
2476224|
2476225|
2476226|
2476227|
2476228|
2476229|
2476230|
2476231|
2476256|
2476257|
2476258|
2476259|
2476260|
2476261|
2476262|
2476263|
2476288|
2476289|
2476290|
2476291|
2476292|
2476293|
2476294|
2476295|
2476320|
2476321|
2476322|
2476323|
2476324|
2476325|
2476326|
2476327|
2476352|
2476353|
2476354|
2476355|
2476356|
2476357|
2476358|
2476359|
2476384|
2476385|
2476386|
2476387|
2476388|
2476389|
2476390|
2476391|
2476416|
2476417|
2476418|
2476419|
2476420|
2476421|
2476422|
2476423|
2476448|
2476449|
2476450|
2476451|
2476452|
2476453|
2476454|
2476455|
2476480|
2476481|
2476482|
2476483|
2476484|
2476485|
2476486|
2476487|
2476512|
2476513|
2476514|
2476515|
2476516|
2476517|
2476518|
2476519|
2476544|
2476545|
2476546|
2476547|
2476548|
2476549|
2476550|
2476551|
2476576|
2476577|
2476578|
2476579|
2476580|
2476581|
2476582|
2476583|
2476608|
2476609|
2476610|
2476611|
2476612|
2476613|
2476614|
2476615|
2476640|
2476641|
2476642|
2476643|
2476644|
2476645|
2476646|
2476647|
2476672|
2476673|
2476674|
2476675|
2476676|
2476677|
2476678|
2476679|
2476704|
2476705|
2476706|
2476707|
2476708|
2476709|
2476710|
2476711|
2476736|
2476737|
2476738|
2476739|
2476740|
2476741|
2476742|
2476743|
2476768|
2476769|
2476770|
2476771|
2476772|
2476773|
2476774|
2476775|
2476800|
2476801|
2476802|
2476803|
2476804|
2476805|
2476806|
2476807|
2476832|
2476833|
2476834|
2476835|
2476836|
2476837|
2476838|
2476839|
2476864|
2476865|
2476866|
2476867|
2476868|
2476869|
2476870|
2476871|
2476896|
2476897|
2476898|
2476899|
2476900|
2476901|
2476902|
2476903|
2476928|
2476929|
2476930|
2476931|
2476932|
2476933|
2476934|
2476935|
2476960|
2476961|
2476962|
2476963|
2476964|
2476965|
2476966|
2476967|
2476992|
2476993|
2476994|
2476995|
2476996|
2476997|
2476998|
2476999|
2477024|
2477025|
2477026|
2477027|
2477028|
2477029|
2477030|
2477031|
2477056|
2477057|
2477058|
2477059|
2477060|
2477061|
2477062|
2477063|
2477088|
2477089|
2477090|
2477091|
2477092|
2477093|
2477094|
2477095|
2477120|
2477121|
2477122|
2477123|
2477124|
2477125|
2477126|
2477127|
2477152|
2477153|
2477154|
2477155|
2477156|
2477157|
2477158|
2477159|
2477184|
2477185|
2477186|
2477187|
2477188|
2477189|
2477190|
2477191|
2477216|
2477217|
2477218|
2477219|
2477220|
2477221|
2477222|
2477223|
2477248|
2477249|
2477250|
2477251|
2477252|
2477253|
2477254|
2477255|
2477280|
2477281|
2477282|
2477283|
2477284|
2477285|
2477286|
2477287|
2477312|
2477313|
2477314|
2477315|
2477316|
2477317|
2477318|
2477319|
2477344|
2477345|
2477346|
2477347|
2477348|
2477349|
2477350|
2477351|
2477376|
2477377|
2477378|
2477379|
2477380|
2477381|
2477382|
2477383|
2477408|
2477409|
2477410|
2477411|
2477412|
2477413|
2477414|
2477415|
2477440|
2477441|
2477442|
2477443|
2477444|
2477445|
2477446|
2477447|
2477472|
2477473|
2477474|
2477475|
2477476|
2477477|
2477478|
2477479|
2477504|
2477505|
2477506|
2477507|
2477508|
2477509|
2477510|
2477511|
2477536|
2477537|
2477538|
2477539|
2477540|
2477541|
2477542|
2477543|
2477568|
2477569|
2477570|
2477571|
2477572|
2477573|
2477574|
2477575|
2477600|
2477601|
2477602|
2477603|
2477604|
2477605|
2477606|
2477607|
2477632|
2477633|
2477634|
2477635|
2477636|
2477637|
2477638|
2477639|
2477664|
2477665|
2477666|
2477667|
2477668|
2477669|
2477670|
2477671|
2477696|
2477697|
2477698|
2477699|
2477700|
2477701|
2477702|
2477703|
2477728|
2477729|
2477730|
2477731|
2477732|
2477733|
2477734|
2477735|
2477760|
2477761|
2477762|
2477763|
2477764|
2477765|
2477766|
2477767|
2477792|
2477793|
2477794|
2477795|
2477796|
2477797|
2477798|
2477799|
2477824|
2477825|
2477826|
2477827|
2477828|
2477829|
2477830|
2477831|
2477856|
2477857|
2477858|
2477859|
2477860|
2477861|
2477862|
2477863|
2477888|
2477889|
2477890|
2477891|
2477892|
2477893|
2477894|
2477895|
2477920|
2477921|
2477922|
2477923|
2477924|
2477925|
2477926|
2477927|
2477952|
2477953|
2477954|
2477955|
2477956|
2477957|
2477958|
2477959|
2477984|
2477985|
2477986|
2477987|
2477988|
