804001|
804002|
804003|
804004|
804005|
804006|
804007|
804032|
804033|
804034|
804035|
804036|
804037|
804038|
804039|
804064|
804065|
804066|
804067|
804068|
804069|
804070|
804071|
804096|
804097|
804098|
804099|
804100|
804101|
804102|
804103|
804128|
804129|
804130|
804131|
804132|
804133|
804134|
804135|
804160|
804161|
804162|
804163|
804164|
804165|
804166|
804167|
804192|
804193|
804194|
804195|
804196|
804197|
804198|
804199|
804224|
804225|
804226|
804227|
804228|
804229|
804230|
804231|
804256|
804257|
804258|
804259|
804260|
804261|
804262|
804263|
804288|
804289|
804290|
804291|
804292|
804293|
804294|
804295|
804320|
804321|
804322|
804323|
804324|
804325|
804326|
804327|
804352|
804353|
804354|
804355|
804356|
804357|
804358|
804359|
804384|
804385|
804386|
804387|
804388|
804389|
804390|
804391|
804416|
804417|
804418|
804419|
804420|
804421|
804422|
804423|
804448|
804449|
804450|
804451|
804452|
804453|
804454|
804455|
804480|
804481|
804482|
804483|
804484|
804485|
804486|
804487|
804512|
804513|
804514|
804515|
804516|
804517|
804518|
804519|
804544|
804545|
804546|
804547|
804548|
804549|
804550|
804551|
804576|
804577|
804578|
804579|
804580|
804581|
804582|
804583|
804608|
804609|
804610|
804611|
804612|
804613|
804614|
804615|
804640|
804641|
804642|
804643|
804644|
804645|
804646|
804647|
804672|
804673|
804674|
804675|
804676|
804677|
804678|
804679|
804704|
804705|
804706|
804707|
804708|
804709|
804710|
804711|
804736|
804737|
804738|
804739|
804740|
804741|
804742|
804743|
804768|
804769|
804770|
804771|
804772|
804773|
804774|
804775|
804800|
804801|
804802|
804803|
804804|
804805|
804806|
804807|
804832|
804833|
804834|
804835|
804836|
804837|
804838|
804839|
804864|
804865|
804866|
804867|
804868|
804869|
804870|
804871|
804896|
804897|
804898|
804899|
804900|
804901|
804902|
804903|
804928|
804929|
804930|
804931|
804932|
804933|
804934|
804935|
804960|
804961|
804962|
804963|
804964|
804965|
804966|
804967|
804992|
804993|
804994|
804995|
804996|
804997|
804998|
804999|
805024|
805025|
805026|
805027|
805028|
805029|
805030|
805031|
805056|
805057|
805058|
805059|
805060|
805061|
805062|
805063|
805088|
805089|
805090|
805091|
805092|
805093|
805094|
805095|
805120|
805121|
805122|
805123|
805124|
805125|
805126|
805127|
805152|
805153|
805154|
805155|
805156|
805157|
805158|
805159|
805184|
805185|
805186|
805187|
805188|
805189|
805190|
805191|
805216|
805217|
805218|
805219|
805220|
805221|
805222|
805223|
805248|
805249|
805250|
805251|
805252|
805253|
805254|
805255|
805280|
805281|
805282|
805283|
805284|
805285|
805286|
805287|
805312|
805313|
805314|
805315|
805316|
805317|
805318|
805319|
805344|
805345|
805346|
805347|
805348|
805349|
805350|
805351|
805376|
805377|
805378|
805379|
805380|
805381|
805382|
805383|
805408|
805409|
805410|
805411|
805412|
805413|
805414|
805415|
805440|
805441|
805442|
805443|
805444|
805445|
805446|
805447|
805472|
805473|
805474|
805475|
805476|
805477|
805478|
805479|
805504|
805505|
805506|
805507|
805508|
805509|
805510|
805511|
805536|
805537|
805538|
805539|
805540|
805541|
805542|
805543|
805568|
805569|
805570|
805571|
805572|
805573|
805574|
805575|
805600|
805601|
805602|
805603|
805604|
805605|
805606|
805607|
805632|
805633|
805634|
805635|
805636|
805637|
805638|
805639|
805664|
805665|
805666|
805667|
805668|
805669|
805670|
805671|
805696|
805697|
805698|
805699|
805700|
805701|
805702|
805703|
805728|
805729|
805730|
805731|
805732|
805733|
805734|
805735|
805760|
805761|
805762|
805763|
805764|
805765|
805766|
805767|
805792|
805793|
805794|
805795|
805796|
805797|
805798|
805799|
805824|
805825|
805826|
805827|
805828|
805829|
805830|
805831|
805856|
805857|
805858|
805859|
805860|
805861|
805862|
805863|
805888|
805889|
805890|
805891|
805892|
805893|
805894|
805895|
805920|
805921|
805922|
805923|
805924|
805925|
805926|
805927|
805952|
805953|
805954|
805955|
805956|
805957|
805958|
805959|
805984|
805985|
805986|
805987|
805988|
805989|
805990|
805991|
806016|
806017|
806018|
806019|
806020|
806021|
806022|
806023|
806048|
806049|
806050|
806051|
806052|
806053|
806054|
806055|
806080|
806081|
806082|
806083|
806084|
806085|
806086|
806087|
806112|
806113|
806114|
806115|
806116|
806117|
806118|
806119|
806144|
806145|
806146|
806147|
806148|
806149|
806150|
806151|
806176|
806177|
806178|
806179|
806180|
806181|
806182|
806183|
806208|
806209|
806210|
806211|
806212|
806213|
806214|
806215|
806240|
806241|
806242|
806243|
806244|
806245|
806246|
806247|
806272|
806273|
806274|
806275|
806276|
806277|
806278|
806279|
806304|
806305|
806306|
806307|
806308|
806309|
806310|
806311|
806336|
806337|
806338|
806339|
806340|
806341|
806342|
806343|
806368|
806369|
806370|
806371|
806372|
806373|
806374|
806375|
806400|
806401|
806402|
806403|
806404|
806405|
806406|
806407|
806432|
806433|
806434|
806435|
806436|
806437|
806438|
806439|
806464|
806465|
806466|
806467|
806468|
806469|
806470|
806471|
806496|
806497|
806498|
806499|
806500|
806501|
806502|
806503|
806528|
806529|
806530|
806531|
806532|
806533|
806534|
806535|
806560|
806561|
806562|
806563|
806564|
806565|
806566|
806567|
806592|
806593|
806594|
806595|
806596|
806597|
806598|
806599|
806624|
806625|
806626|
806627|
806628|
806629|
806630|
806631|
806656|
806657|
806658|
806659|
806660|
806661|
806662|
806663|
806688|
806689|
806690|
806691|
806692|
806693|
806694|
806695|
806720|
806721|
806722|
806723|
806724|
806725|
806726|
806727|
806752|
806753|
806754|
806755|
806756|
806757|
806758|
806759|
806784|
806785|
806786|
806787|
806788|
806789|
806790|
806791|
806816|
806817|
806818|
806819|
806820|
806821|
806822|
806823|
806848|
806849|
806850|
806851|
806852|
806853|
806854|
806855|
806880|
806881|
806882|
806883|
806884|
806885|
806886|
806887|
806912|
806913|
806914|
806915|
806916|
806917|
806918|
806919|
806944|
806945|
806946|
806947|
806948|
806949|
806950|
806951|
806976|
806977|
806978|
806979|
806980|
806981|
806982|
806983|
807008|
807009|
807010|
807011|
807012|
807013|
807014|
807015|
807040|
807041|
807042|
807043|
807044|
807045|
807046|
807047|
807072|
807073|
807074|
807075|
807076|
807077|
807078|
807079|
807104|
807105|
807106|
807107|
807108|
807109|
807110|
807111|
807136|
807137|
807138|
807139|
807140|
807141|
807142|
807143|
807168|
807169|
807170|
807171|
807172|
807173|
807174|
807175|
807200|
807201|
807202|
807203|
807204|
807205|
807206|
807207|
807232|
807233|
807234|
807235|
807236|
807237|
807238|
807239|
807264|
807265|
807266|
807267|
807268|
807269|
807270|
807271|
807296|
807297|
807298|
807299|
807300|
807301|
807302|
807303|
807328|
807329|
807330|
807331|
807332|
807333|
807334|
807335|
807360|
807361|
807362|
807363|
807364|
807365|
807366|
807367|
807392|
807393|
807394|
807395|
807396|
807397|
807398|
807399|
807424|
807425|
807426|
807427|
807428|
807429|
807430|
807431|
807456|
807457|
807458|
807459|
807460|
807461|
807462|
807463|
807488|
807489|
807490|
807491|
807492|
807493|
807494|
807495|
807520|
807521|
807522|
807523|
807524|
807525|
807526|
807527|
807552|
807553|
807554|
807555|
807556|
807557|
807558|
807559|
807584|
807585|
807586|
807587|
807588|
807589|
807590|
807591|
807616|
807617|
807618|
807619|
807620|
807621|
807622|
807623|
807648|
807649|
807650|
807651|
807652|
807653|
807654|
807655|
807680|
807681|
807682|
807683|
807684|
807685|
807686|
807687|
807712|
807713|
807714|
807715|
807716|
807717|
807718|
807719|
807744|
807745|
807746|
807747|
807748|
807749|
807750|
807751|
807776|
807777|
807778|
807779|
807780|
807781|
807782|
807783|
807808|
807809|
807810|
807811|
807812|
807813|
807814|
807815|
807840|
807841|
807842|
807843|
807844|
807845|
807846|
807847|
807872|
807873|
807874|
807875|
807876|
807877|
807878|
807879|
807904|
807905|
807906|
807907|
807908|
807909|
807910|
807911|
807936|
807937|
807938|
807939|
807940|
807941|
807942|
807943|
807968|
807969|
807970|
807971|
807972|
807973|
807974|
807975|
808000|
808001|
808002|
808003|
808004|
808005|
808006|
808007|
808032|
808033|
808034|
808035|
808036|
808037|
808038|
808039|
808064|
808065|
808066|
808067|
808068|
808069|
808070|
808071|
808096|
808097|
808098|
808099|
808100|
808101|
808102|
808103|
808128|
808129|
808130|
808131|
808132|
808133|
808134|
808135|
808160|
808161|
808162|
808163|
808164|
808165|
808166|
808167|
808192|
808193|
808194|
808195|
808196|
808197|
808198|
808199|
808224|
808225|
808226|
808227|
808228|
808229|
808230|
808231|
808256|
808257|
808258|
808259|
808260|
808261|
808262|
808263|
808288|
808289|
808290|
808291|
808292|
808293|
808294|
808295|
808320|
808321|
808322|
808323|
808324|
808325|
808326|
808327|
808352|
808353|
808354|
808355|
808356|
808357|
808358|
808359|
808384|
808385|
808386|
808387|
808388|
808389|
808390|
808391|
808416|
808417|
808418|
808419|
808420|
808421|
808422|
808423|
808448|
808449|
808450|
808451|
808452|
808453|
808454|
808455|
808480|
808481|
808482|
808483|
808484|
808485|
808486|
808487|
808512|
808513|
808514|
808515|
808516|
808517|
808518|
808519|
808544|
808545|
808546|
808547|
808548|
808549|
808550|
808551|
808576|
808577|
808578|
808579|
808580|
808581|
808582|
808583|
808608|
808609|
808610|
808611|
808612|
808613|
808614|
808615|
808640|
808641|
808642|
808643|
808644|
808645|
808646|
808647|
808672|
808673|
808674|
808675|
808676|
808677|
808678|
808679|
808704|
808705|
808706|
808707|
808708|
808709|
808710|
808711|
808736|
808737|
808738|
808739|
808740|
808741|
808742|
808743|
808768|
808769|
808770|
808771|
808772|
808773|
808774|
808775|
808800|
808801|
808802|
808803|
808804|
808805|
808806|
808807|
808832|
808833|
808834|
808835|
808836|
808837|
808838|
808839|
808864|
808865|
808866|
808867|
808868|
808869|
808870|
808871|
808896|
808897|
808898|
808899|
808900|
808901|
808902|
808903|
808928|
808929|
808930|
808931|
808932|
808933|
808934|
808935|
808960|
808961|
808962|
808963|
808964|
808965|
808966|
808967|
808992|
808993|
808994|
808995|
808996|
808997|
808998|
808999|
809024|
809025|
809026|
809027|
809028|
809029|
809030|
809031|
809056|
809057|
809058|
809059|
809060|
809061|
809062|
809063|
809088|
809089|
809090|
809091|
809092|
809093|
809094|
809095|
809120|
809121|
809122|
809123|
809124|
809125|
809126|
809127|
809152|
809153|
809154|
809155|
809156|
809157|
809158|
809159|
809184|
809185|
809186|
809187|
809188|
809189|
809190|
809191|
809216|
809217|
809218|
809219|
809220|
809221|
809222|
809223|
809248|
809249|
809250|
809251|
809252|
809253|
809254|
809255|
809280|
809281|
809282|
809283|
809284|
809285|
809286|
809287|
809312|
809313|
809314|
809315|
809316|
809317|
809318|
809319|
809344|
809345|
809346|
809347|
809348|
809349|
809350|
809351|
809376|
809377|
809378|
809379|
809380|
809381|
809382|
809383|
809408|
809409|
809410|
809411|
809412|
809413|
809414|
809415|
809440|
809441|
809442|
809443|
809444|
809445|
809446|
809447|
809472|
809473|
809474|
809475|
809476|
809477|
809478|
809479|
809504|
809505|
809506|
809507|
809508|
809509|
809510|
809511|
809536|
809537|
809538|
809539|
809540|
809541|
809542|
809543|
809568|
809569|
809570|
809571|
809572|
809573|
809574|
809575|
809600|
809601|
809602|
809603|
809604|
809605|
809606|
809607|
809632|
809633|
809634|
809635|
809636|
809637|
809638|
809639|
809664|
809665|
809666|
809667|
809668|
809669|
809670|
809671|
809696|
809697|
809698|
809699|
809700|
809701|
809702|
809703|
809728|
809729|
809730|
809731|
809732|
809733|
809734|
809735|
809760|
809761|
809762|
809763|
809764|
809765|
809766|
809767|
809792|
809793|
809794|
809795|
809796|
809797|
809798|
809799|
809824|
809825|
809826|
809827|
809828|
809829|
809830|
809831|
809856|
809857|
809858|
809859|
809860|
809861|
809862|
809863|
809888|
809889|
809890|
809891|
809892|
809893|
809894|
809895|
809920|
809921|
809922|
809923|
809924|
809925|
809926|
809927|
809952|
809953|
809954|
809955|
809956|
809957|
809958|
809959|
809984|
809985|
809986|
809987|
809988|
