2964001|
2964002|
2964003|
2964004|
2964005|
2964006|
2964007|
2964032|
2964033|
2964034|
2964035|
2964036|
2964037|
2964038|
2964039|
2964064|
2964065|
2964066|
2964067|
2964068|
2964069|
2964070|
2964071|
2964096|
2964097|
2964098|
2964099|
2964100|
2964101|
2964102|
2964103|
2964128|
2964129|
2964130|
2964131|
2964132|
2964133|
2964134|
2964135|
2964160|
2964161|
2964162|
2964163|
2964164|
2964165|
2964166|
2964167|
2964192|
2964193|
2964194|
2964195|
2964196|
2964197|
2964198|
2964199|
2964224|
2964225|
2964226|
2964227|
2964228|
2964229|
2964230|
2964231|
2964256|
2964257|
2964258|
2964259|
2964260|
2964261|
2964262|
2964263|
2964288|
2964289|
2964290|
2964291|
2964292|
2964293|
2964294|
2964295|
2964320|
2964321|
2964322|
2964323|
2964324|
2964325|
2964326|
2964327|
2964352|
2964353|
2964354|
2964355|
2964356|
2964357|
2964358|
2964359|
2964384|
2964385|
2964386|
2964387|
2964388|
2964389|
2964390|
2964391|
2964416|
2964417|
2964418|
2964419|
2964420|
2964421|
2964422|
2964423|
2964448|
2964449|
2964450|
2964451|
2964452|
2964453|
2964454|
2964455|
2964480|
2964481|
2964482|
2964483|
2964484|
2964485|
2964486|
2964487|
2964512|
2964513|
2964514|
2964515|
2964516|
2964517|
2964518|
2964519|
2964544|
2964545|
2964546|
2964547|
2964548|
2964549|
2964550|
2964551|
2964576|
2964577|
2964578|
2964579|
2964580|
2964581|
2964582|
2964583|
2964608|
2964609|
2964610|
2964611|
2964612|
2964613|
2964614|
2964615|
2964640|
2964641|
2964642|
2964643|
2964644|
2964645|
2964646|
2964647|
2964672|
2964673|
2964674|
2964675|
2964676|
2964677|
2964678|
2964679|
2964704|
2964705|
2964706|
2964707|
2964708|
2964709|
2964710|
2964711|
2964736|
2964737|
2964738|
2964739|
2964740|
2964741|
2964742|
2964743|
2964768|
2964769|
2964770|
2964771|
2964772|
2964773|
2964774|
2964775|
2964800|
2964801|
2964802|
2964803|
2964804|
2964805|
2964806|
2964807|
2964832|
2964833|
2964834|
2964835|
2964836|
2964837|
2964838|
2964839|
2964864|
2964865|
2964866|
2964867|
2964868|
2964869|
2964870|
2964871|
2964896|
2964897|
2964898|
2964899|
2964900|
2964901|
2964902|
2964903|
2964928|
2964929|
2964930|
2964931|
2964932|
2964933|
2964934|
2964935|
2964960|
2964961|
2964962|
2964963|
2964964|
2964965|
2964966|
2964967|
2964992|
2964993|
2964994|
2964995|
2964996|
2964997|
2964998|
2964999|
2965024|
2965025|
2965026|
2965027|
2965028|
2965029|
2965030|
2965031|
2965056|
2965057|
2965058|
2965059|
2965060|
2965061|
2965062|
2965063|
2965088|
2965089|
2965090|
2965091|
2965092|
2965093|
2965094|
2965095|
2965120|
2965121|
2965122|
2965123|
2965124|
2965125|
2965126|
2965127|
2965152|
2965153|
2965154|
2965155|
2965156|
2965157|
2965158|
2965159|
2965184|
2965185|
2965186|
2965187|
2965188|
2965189|
2965190|
2965191|
2965216|
2965217|
2965218|
2965219|
2965220|
2965221|
2965222|
2965223|
2965248|
2965249|
2965250|
2965251|
2965252|
2965253|
2965254|
2965255|
2965280|
2965281|
2965282|
2965283|
2965284|
2965285|
2965286|
2965287|
2965312|
2965313|
2965314|
2965315|
2965316|
2965317|
2965318|
2965319|
2965344|
2965345|
2965346|
2965347|
2965348|
2965349|
2965350|
2965351|
2965376|
2965377|
2965378|
2965379|
2965380|
2965381|
2965382|
2965383|
2965408|
2965409|
2965410|
2965411|
2965412|
2965413|
2965414|
2965415|
2965440|
2965441|
2965442|
2965443|
2965444|
2965445|
2965446|
2965447|
2965472|
2965473|
2965474|
2965475|
2965476|
2965477|
2965478|
2965479|
2965504|
2965505|
2965506|
2965507|
2965508|
2965509|
2965510|
2965511|
2965536|
2965537|
2965538|
2965539|
2965540|
2965541|
2965542|
2965543|
2965568|
2965569|
2965570|
2965571|
2965572|
2965573|
2965574|
2965575|
2965600|
2965601|
2965602|
2965603|
2965604|
2965605|
2965606|
2965607|
2965632|
2965633|
2965634|
2965635|
2965636|
2965637|
2965638|
2965639|
2965664|
2965665|
2965666|
2965667|
2965668|
2965669|
2965670|
2965671|
2965696|
2965697|
2965698|
2965699|
2965700|
2965701|
2965702|
2965703|
2965728|
2965729|
2965730|
2965731|
2965732|
2965733|
2965734|
2965735|
2965760|
2965761|
2965762|
2965763|
2965764|
2965765|
2965766|
2965767|
2965792|
2965793|
2965794|
2965795|
2965796|
2965797|
2965798|
2965799|
2965824|
2965825|
2965826|
2965827|
2965828|
2965829|
2965830|
2965831|
2965856|
2965857|
2965858|
2965859|
2965860|
2965861|
2965862|
2965863|
2965888|
2965889|
2965890|
2965891|
2965892|
2965893|
2965894|
2965895|
2965920|
2965921|
2965922|
2965923|
2965924|
2965925|
2965926|
2965927|
2965952|
2965953|
2965954|
2965955|
2965956|
2965957|
2965958|
2965959|
2965984|
2965985|
2965986|
2965987|
2965988|
2965989|
2965990|
2965991|
2966016|
2966017|
2966018|
2966019|
2966020|
2966021|
2966022|
2966023|
2966048|
2966049|
2966050|
2966051|
2966052|
2966053|
2966054|
2966055|
2966080|
2966081|
2966082|
2966083|
2966084|
2966085|
2966086|
2966087|
2966112|
2966113|
2966114|
2966115|
2966116|
2966117|
2966118|
2966119|
2966144|
2966145|
2966146|
2966147|
2966148|
2966149|
2966150|
2966151|
2966176|
2966177|
2966178|
2966179|
2966180|
2966181|
2966182|
2966183|
2966208|
2966209|
2966210|
2966211|
2966212|
2966213|
2966214|
2966215|
2966240|
2966241|
2966242|
2966243|
2966244|
2966245|
2966246|
2966247|
2966272|
2966273|
2966274|
2966275|
2966276|
2966277|
2966278|
2966279|
2966304|
2966305|
2966306|
2966307|
2966308|
2966309|
2966310|
2966311|
2966336|
2966337|
2966338|
2966339|
2966340|
2966341|
2966342|
2966343|
2966368|
2966369|
2966370|
2966371|
2966372|
2966373|
2966374|
2966375|
2966400|
2966401|
2966402|
2966403|
2966404|
2966405|
2966406|
2966407|
2966432|
2966433|
2966434|
2966435|
2966436|
2966437|
2966438|
2966439|
2966464|
2966465|
2966466|
2966467|
2966468|
2966469|
2966470|
2966471|
2966496|
2966497|
2966498|
2966499|
2966500|
2966501|
2966502|
2966503|
2966528|
2966529|
2966530|
2966531|
2966532|
2966533|
2966534|
2966535|
2966560|
2966561|
2966562|
2966563|
2966564|
2966565|
2966566|
2966567|
2966592|
2966593|
2966594|
2966595|
2966596|
2966597|
2966598|
2966599|
2966624|
2966625|
2966626|
2966627|
2966628|
2966629|
2966630|
2966631|
2966656|
2966657|
2966658|
2966659|
2966660|
2966661|
2966662|
2966663|
2966688|
2966689|
2966690|
2966691|
2966692|
2966693|
2966694|
2966695|
2966720|
2966721|
2966722|
2966723|
2966724|
2966725|
2966726|
2966727|
2966752|
2966753|
2966754|
2966755|
2966756|
2966757|
2966758|
2966759|
2966784|
2966785|
2966786|
2966787|
2966788|
2966789|
2966790|
2966791|
2966816|
2966817|
2966818|
2966819|
2966820|
2966821|
2966822|
2966823|
2966848|
2966849|
2966850|
2966851|
2966852|
2966853|
2966854|
2966855|
2966880|
2966881|
2966882|
2966883|
2966884|
2966885|
2966886|
2966887|
2966912|
2966913|
2966914|
2966915|
2966916|
2966917|
2966918|
2966919|
2966944|
2966945|
2966946|
2966947|
2966948|
2966949|
2966950|
2966951|
2966976|
2966977|
2966978|
2966979|
2966980|
2966981|
2966982|
2966983|
2967008|
2967009|
2967010|
2967011|
2967012|
2967013|
2967014|
2967015|
2967040|
2967041|
2967042|
2967043|
2967044|
2967045|
2967046|
2967047|
2967072|
2967073|
2967074|
2967075|
2967076|
2967077|
2967078|
2967079|
2967104|
2967105|
2967106|
2967107|
2967108|
2967109|
2967110|
2967111|
2967136|
2967137|
2967138|
2967139|
2967140|
2967141|
2967142|
2967143|
2967168|
2967169|
2967170|
2967171|
2967172|
2967173|
2967174|
2967175|
2967200|
2967201|
2967202|
2967203|
2967204|
2967205|
2967206|
2967207|
2967232|
2967233|
2967234|
2967235|
2967236|
2967237|
2967238|
2967239|
2967264|
2967265|
2967266|
2967267|
2967268|
2967269|
2967270|
2967271|
2967296|
2967297|
2967298|
2967299|
2967300|
2967301|
2967302|
2967303|
2967328|
2967329|
2967330|
2967331|
2967332|
2967333|
2967334|
2967335|
2967360|
2967361|
2967362|
2967363|
2967364|
2967365|
2967366|
2967367|
2967392|
2967393|
2967394|
2967395|
2967396|
2967397|
2967398|
2967399|
2967424|
2967425|
2967426|
2967427|
2967428|
2967429|
2967430|
2967431|
2967456|
2967457|
2967458|
2967459|
2967460|
2967461|
2967462|
2967463|
2967488|
2967489|
2967490|
2967491|
2967492|
2967493|
2967494|
2967495|
2967520|
2967521|
2967522|
2967523|
2967524|
2967525|
2967526|
2967527|
2967552|
2967553|
2967554|
2967555|
2967556|
2967557|
2967558|
2967559|
2967584|
2967585|
2967586|
2967587|
2967588|
2967589|
2967590|
2967591|
2967616|
2967617|
2967618|
2967619|
2967620|
2967621|
2967622|
2967623|
2967648|
2967649|
2967650|
2967651|
2967652|
2967653|
2967654|
2967655|
2967680|
2967681|
2967682|
2967683|
2967684|
2967685|
2967686|
2967687|
2967712|
2967713|
2967714|
2967715|
2967716|
2967717|
2967718|
2967719|
2967744|
2967745|
2967746|
2967747|
2967748|
2967749|
2967750|
2967751|
2967776|
2967777|
2967778|
2967779|
2967780|
2967781|
2967782|
2967783|
2967808|
2967809|
2967810|
2967811|
2967812|
2967813|
2967814|
2967815|
2967840|
2967841|
2967842|
2967843|
2967844|
2967845|
2967846|
2967847|
2967872|
2967873|
2967874|
2967875|
2967876|
2967877|
2967878|
2967879|
2967904|
2967905|
2967906|
2967907|
2967908|
2967909|
2967910|
2967911|
2967936|
2967937|
2967938|
2967939|
2967940|
2967941|
2967942|
2967943|
2967968|
2967969|
2967970|
2967971|
2967972|
2967973|
2967974|
2967975|
2968000|
2968001|
2968002|
2968003|
2968004|
2968005|
2968006|
2968007|
2968032|
2968033|
2968034|
2968035|
2968036|
2968037|
2968038|
2968039|
2968064|
2968065|
2968066|
2968067|
2968068|
2968069|
2968070|
2968071|
2968096|
2968097|
2968098|
2968099|
2968100|
2968101|
2968102|
2968103|
2968128|
2968129|
2968130|
2968131|
2968132|
2968133|
2968134|
2968135|
2968160|
2968161|
2968162|
2968163|
2968164|
2968165|
2968166|
2968167|
2968192|
2968193|
2968194|
2968195|
2968196|
2968197|
2968198|
2968199|
2968224|
2968225|
2968226|
2968227|
2968228|
2968229|
2968230|
2968231|
2968256|
2968257|
2968258|
2968259|
2968260|
2968261|
2968262|
2968263|
2968288|
2968289|
2968290|
2968291|
2968292|
2968293|
2968294|
2968295|
2968320|
2968321|
2968322|
2968323|
2968324|
2968325|
2968326|
2968327|
2968352|
2968353|
2968354|
2968355|
2968356|
2968357|
2968358|
2968359|
2968384|
2968385|
2968386|
2968387|
2968388|
2968389|
2968390|
2968391|
2968416|
2968417|
2968418|
2968419|
2968420|
2968421|
2968422|
2968423|
2968448|
2968449|
2968450|
2968451|
2968452|
2968453|
2968454|
2968455|
2968480|
2968481|
2968482|
2968483|
2968484|
2968485|
2968486|
2968487|
2968512|
2968513|
2968514|
2968515|
2968516|
2968517|
2968518|
2968519|
2968544|
2968545|
2968546|
2968547|
2968548|
2968549|
2968550|
2968551|
2968576|
2968577|
2968578|
2968579|
2968580|
2968581|
2968582|
2968583|
2968608|
2968609|
2968610|
2968611|
2968612|
2968613|
2968614|
2968615|
2968640|
2968641|
2968642|
2968643|
2968644|
2968645|
2968646|
2968647|
2968672|
2968673|
2968674|
2968675|
2968676|
2968677|
2968678|
2968679|
2968704|
2968705|
2968706|
2968707|
2968708|
2968709|
2968710|
2968711|
2968736|
2968737|
2968738|
2968739|
2968740|
2968741|
2968742|
2968743|
2968768|
2968769|
2968770|
2968771|
2968772|
2968773|
2968774|
2968775|
2968800|
2968801|
2968802|
2968803|
2968804|
2968805|
2968806|
2968807|
2968832|
2968833|
2968834|
2968835|
2968836|
2968837|
2968838|
2968839|
2968864|
2968865|
2968866|
2968867|
2968868|
2968869|
2968870|
2968871|
2968896|
2968897|
2968898|
2968899|
2968900|
2968901|
2968902|
2968903|
2968928|
2968929|
2968930|
2968931|
2968932|
2968933|
2968934|
2968935|
2968960|
2968961|
2968962|
2968963|
2968964|
2968965|
2968966|
2968967|
2968992|
2968993|
2968994|
2968995|
2968996|
2968997|
2968998|
2968999|
2969024|
2969025|
2969026|
2969027|
2969028|
2969029|
2969030|
2969031|
2969056|
2969057|
2969058|
2969059|
2969060|
2969061|
2969062|
2969063|
2969088|
2969089|
2969090|
2969091|
2969092|
2969093|
2969094|
2969095|
2969120|
2969121|
2969122|
2969123|
2969124|
2969125|
2969126|
2969127|
2969152|
2969153|
2969154|
2969155|
2969156|
2969157|
2969158|
2969159|
2969184|
2969185|
2969186|
2969187|
2969188|
2969189|
2969190|
2969191|
2969216|
2969217|
2969218|
2969219|
2969220|
2969221|
2969222|
2969223|
2969248|
2969249|
2969250|
2969251|
2969252|
2969253|
2969254|
2969255|
2969280|
2969281|
2969282|
2969283|
2969284|
2969285|
2969286|
2969287|
2969312|
2969313|
2969314|
2969315|
2969316|
2969317|
2969318|
2969319|
2969344|
2969345|
2969346|
2969347|
2969348|
2969349|
2969350|
2969351|
2969376|
2969377|
2969378|
2969379|
2969380|
2969381|
2969382|
2969383|
2969408|
2969409|
2969410|
2969411|
2969412|
2969413|
2969414|
2969415|
2969440|
2969441|
2969442|
2969443|
2969444|
2969445|
2969446|
2969447|
2969472|
2969473|
2969474|
2969475|
2969476|
2969477|
2969478|
2969479|
2969504|
2969505|
2969506|
2969507|
2969508|
2969509|
2969510|
2969511|
2969536|
2969537|
2969538|
2969539|
2969540|
2969541|
2969542|
2969543|
2969568|
2969569|
2969570|
2969571|
2969572|
2969573|
2969574|
2969575|
2969600|
2969601|
2969602|
2969603|
2969604|
2969605|
2969606|
2969607|
2969632|
2969633|
2969634|
2969635|
2969636|
2969637|
2969638|
2969639|
2969664|
2969665|
2969666|
2969667|
2969668|
2969669|
2969670|
2969671|
2969696|
2969697|
2969698|
2969699|
2969700|
2969701|
2969702|
2969703|
2969728|
2969729|
2969730|
2969731|
2969732|
2969733|
2969734|
2969735|
2969760|
2969761|
2969762|
2969763|
2969764|
2969765|
2969766|
2969767|
2969792|
2969793|
2969794|
2969795|
2969796|
2969797|
2969798|
2969799|
2969824|
2969825|
2969826|
2969827|
2969828|
2969829|
2969830|
2969831|
2969856|
2969857|
2969858|
2969859|
2969860|
2969861|
2969862|
2969863|
2969888|
2969889|
2969890|
2969891|
2969892|
2969893|
2969894|
2969895|
2969920|
2969921|
2969922|
2969923|
2969924|
2969925|
2969926|
2969927|
2969952|
2969953|
2969954|
2969955|
2969956|
2969957|
2969958|
2969959|
2969984|
2969985|
2969986|
2969987|
2969988|
