389989|
389990|
389991|
390016|
390017|
390018|
390019|
390020|
390021|
390022|
390023|
390048|
390049|
390050|
390051|
390052|
390053|
390054|
390055|
390080|
390081|
390082|
390083|
390084|
390085|
390086|
390087|
390112|
390113|
390114|
390115|
390116|
390117|
390118|
390119|
390144|
390145|
390146|
390147|
390148|
390149|
390150|
390151|
390176|
390177|
390178|
390179|
390180|
390181|
390182|
390183|
390208|
390209|
390210|
390211|
390212|
390213|
390214|
390215|
390240|
390241|
390242|
390243|
390244|
390245|
390246|
390247|
390272|
390273|
390274|
390275|
390276|
390277|
390278|
390279|
390304|
390305|
390306|
390307|
390308|
390309|
390310|
390311|
390336|
390337|
390338|
390339|
390340|
390341|
390342|
390343|
390368|
390369|
390370|
390371|
390372|
390373|
390374|
390375|
390400|
390401|
390402|
390403|
390404|
390405|
390406|
390407|
390432|
390433|
390434|
390435|
390436|
390437|
390438|
390439|
390464|
390465|
390466|
390467|
390468|
390469|
390470|
390471|
390496|
390497|
390498|
390499|
390500|
390501|
390502|
390503|
390528|
390529|
390530|
390531|
390532|
390533|
390534|
390535|
390560|
390561|
390562|
390563|
390564|
390565|
390566|
390567|
390592|
390593|
390594|
390595|
390596|
390597|
390598|
390599|
390624|
390625|
390626|
390627|
390628|
390629|
390630|
390631|
390656|
390657|
390658|
390659|
390660|
390661|
390662|
390663|
390688|
390689|
390690|
390691|
390692|
390693|
390694|
390695|
390720|
390721|
390722|
390723|
390724|
390725|
390726|
390727|
390752|
390753|
390754|
390755|
390756|
390757|
390758|
390759|
390784|
390785|
390786|
390787|
390788|
390789|
390790|
390791|
390816|
390817|
390818|
390819|
390820|
390821|
390822|
390823|
390848|
390849|
390850|
390851|
390852|
390853|
390854|
390855|
390880|
390881|
390882|
390883|
390884|
390885|
390886|
390887|
390912|
390913|
390914|
390915|
390916|
390917|
390918|
390919|
390944|
390945|
390946|
390947|
390948|
390949|
390950|
390951|
390976|
390977|
390978|
390979|
390980|
390981|
390982|
390983|
391008|
391009|
391010|
391011|
391012|
391013|
391014|
391015|
391040|
391041|
391042|
391043|
391044|
391045|
391046|
391047|
391072|
391073|
391074|
391075|
391076|
391077|
391078|
391079|
391104|
391105|
391106|
391107|
391108|
391109|
391110|
391111|
391136|
391137|
391138|
391139|
391140|
391141|
391142|
391143|
391168|
391169|
391170|
391171|
391172|
391173|
391174|
391175|
391200|
391201|
391202|
391203|
391204|
391205|
391206|
391207|
391232|
391233|
391234|
391235|
391236|
391237|
391238|
391239|
391264|
391265|
391266|
391267|
391268|
391269|
391270|
391271|
391296|
391297|
391298|
391299|
391300|
391301|
391302|
391303|
391328|
391329|
391330|
391331|
391332|
391333|
391334|
391335|
391360|
391361|
391362|
391363|
391364|
391365|
391366|
391367|
391392|
391393|
391394|
391395|
391396|
391397|
391398|
391399|
391424|
391425|
391426|
391427|
391428|
391429|
391430|
391431|
391456|
391457|
391458|
391459|
391460|
391461|
391462|
391463|
391488|
391489|
391490|
391491|
391492|
391493|
391494|
391495|
391520|
391521|
391522|
391523|
391524|
391525|
391526|
391527|
391552|
391553|
391554|
391555|
391556|
391557|
391558|
391559|
391584|
391585|
391586|
391587|
391588|
391589|
391590|
391591|
391616|
391617|
391618|
391619|
391620|
391621|
391622|
391623|
391648|
391649|
391650|
391651|
391652|
391653|
391654|
391655|
391680|
391681|
391682|
391683|
391684|
391685|
391686|
391687|
391712|
391713|
391714|
391715|
391716|
391717|
391718|
391719|
391744|
391745|
391746|
391747|
391748|
391749|
391750|
391751|
391776|
391777|
391778|
391779|
391780|
391781|
391782|
391783|
391808|
391809|
391810|
391811|
391812|
391813|
391814|
391815|
391840|
391841|
391842|
391843|
391844|
391845|
391846|
391847|
391872|
391873|
391874|
391875|
391876|
391877|
391878|
391879|
391904|
391905|
391906|
391907|
391908|
391909|
391910|
391911|
391936|
391937|
391938|
391939|
391940|
391941|
391942|
391943|
391968|
391969|
391970|
391971|
391972|
391973|
391974|
391975|
392000|
392001|
392002|
392003|
392004|
392005|
392006|
392007|
392032|
392033|
392034|
392035|
392036|
392037|
392038|
392039|
392064|
392065|
392066|
392067|
392068|
392069|
392070|
392071|
392096|
392097|
392098|
392099|
392100|
392101|
392102|
392103|
392128|
392129|
392130|
392131|
392132|
392133|
392134|
392135|
392160|
392161|
392162|
392163|
392164|
392165|
392166|
392167|
392192|
392193|
392194|
392195|
392196|
392197|
392198|
392199|
392224|
392225|
392226|
392227|
392228|
392229|
392230|
392231|
392256|
392257|
392258|
392259|
392260|
392261|
392262|
392263|
392288|
392289|
392290|
392291|
392292|
392293|
392294|
392295|
392320|
392321|
392322|
392323|
392324|
392325|
392326|
392327|
392352|
392353|
392354|
392355|
392356|
392357|
392358|
392359|
392384|
392385|
392386|
392387|
392388|
392389|
392390|
392391|
392416|
392417|
392418|
392419|
392420|
392421|
392422|
392423|
392448|
392449|
392450|
392451|
392452|
392453|
392454|
392455|
392480|
392481|
392482|
392483|
392484|
392485|
392486|
392487|
392512|
392513|
392514|
392515|
392516|
392517|
392518|
392519|
392544|
392545|
392546|
392547|
392548|
392549|
392550|
392551|
392576|
392577|
392578|
392579|
392580|
392581|
392582|
392583|
392608|
392609|
392610|
392611|
392612|
392613|
392614|
392615|
392640|
392641|
392642|
392643|
392644|
392645|
392646|
392647|
392672|
392673|
392674|
392675|
392676|
392677|
392678|
392679|
392704|
392705|
392706|
392707|
392708|
392709|
392710|
392711|
392736|
392737|
392738|
392739|
392740|
392741|
392742|
392743|
392768|
392769|
392770|
392771|
392772|
392773|
392774|
392775|
392800|
392801|
392802|
392803|
392804|
392805|
392806|
392807|
392832|
392833|
392834|
392835|
392836|
392837|
392838|
392839|
392864|
392865|
392866|
392867|
392868|
392869|
392870|
392871|
392896|
392897|
392898|
392899|
392900|
392901|
392902|
392903|
392928|
392929|
392930|
392931|
392932|
392933|
392934|
392935|
392960|
392961|
392962|
392963|
392964|
392965|
392966|
392967|
392992|
392993|
392994|
392995|
392996|
392997|
392998|
392999|
393024|
393025|
393026|
393027|
393028|
393029|
393030|
393031|
393056|
393057|
393058|
393059|
393060|
393061|
393062|
393063|
393088|
393089|
393090|
393091|
393092|
393093|
393094|
393095|
393120|
393121|
393122|
393123|
393124|
393125|
393126|
393127|
393152|
393153|
393154|
393155|
393156|
393157|
393158|
393159|
393184|
393185|
393186|
393187|
393188|
393189|
393190|
393191|
393216|
393217|
393218|
393219|
393220|
393221|
393222|
393223|
393248|
393249|
393250|
393251|
393252|
393253|
393254|
393255|
393280|
393281|
393282|
393283|
393284|
393285|
393286|
393287|
393312|
393313|
393314|
393315|
393316|
393317|
393318|
393319|
393344|
393345|
393346|
393347|
393348|
393349|
393350|
393351|
393376|
393377|
393378|
393379|
393380|
393381|
393382|
393383|
393408|
393409|
393410|
393411|
393412|
393413|
393414|
393415|
393440|
393441|
393442|
393443|
393444|
393445|
393446|
393447|
393472|
393473|
393474|
393475|
393476|
393477|
393478|
393479|
393504|
393505|
393506|
393507|
393508|
393509|
393510|
393511|
393536|
393537|
393538|
393539|
393540|
393541|
393542|
393543|
393568|
393569|
393570|
393571|
393572|
393573|
393574|
393575|
393600|
393601|
393602|
393603|
393604|
393605|
393606|
393607|
393632|
393633|
393634|
393635|
393636|
393637|
393638|
393639|
393664|
393665|
393666|
393667|
393668|
393669|
393670|
393671|
393696|
393697|
393698|
393699|
393700|
393701|
393702|
393703|
393728|
393729|
393730|
393731|
393732|
393733|
393734|
393735|
393760|
393761|
393762|
393763|
393764|
393765|
393766|
393767|
393792|
393793|
393794|
393795|
393796|
393797|
393798|
393799|
393824|
393825|
393826|
393827|
393828|
393829|
393830|
393831|
393856|
393857|
393858|
393859|
393860|
393861|
393862|
393863|
393888|
393889|
393890|
393891|
393892|
393893|
393894|
393895|
393920|
393921|
393922|
393923|
393924|
393925|
393926|
393927|
393952|
393953|
393954|
393955|
393956|
393957|
393958|
393959|
393984|
393985|
393986|
393987|
393988|
393989|
393990|
393991|
394016|
394017|
394018|
394019|
394020|
394021|
394022|
394023|
394048|
394049|
394050|
394051|
394052|
394053|
394054|
394055|
394080|
394081|
394082|
394083|
394084|
394085|
394086|
394087|
394112|
394113|
394114|
394115|
394116|
394117|
394118|
394119|
394144|
394145|
394146|
394147|
394148|
394149|
394150|
394151|
394176|
394177|
394178|
394179|
394180|
394181|
394182|
394183|
394208|
394209|
394210|
394211|
394212|
394213|
394214|
394215|
394240|
394241|
394242|
394243|
394244|
394245|
394246|
394247|
394272|
394273|
394274|
394275|
394276|
394277|
394278|
394279|
394304|
394305|
394306|
394307|
394308|
394309|
394310|
394311|
394336|
394337|
394338|
394339|
394340|
394341|
394342|
394343|
394368|
394369|
394370|
394371|
394372|
394373|
394374|
394375|
394400|
394401|
394402|
394403|
394404|
394405|
394406|
394407|
394432|
394433|
394434|
394435|
394436|
394437|
394438|
394439|
394464|
394465|
394466|
394467|
394468|
394469|
394470|
394471|
394496|
394497|
394498|
394499|
394500|
394501|
394502|
394503|
394528|
394529|
394530|
394531|
394532|
394533|
394534|
394535|
394560|
394561|
394562|
394563|
394564|
394565|
394566|
394567|
394592|
394593|
394594|
394595|
394596|
394597|
394598|
394599|
394624|
394625|
394626|
394627|
394628|
394629|
394630|
394631|
394656|
394657|
394658|
394659|
394660|
394661|
394662|
394663|
394688|
394689|
394690|
394691|
394692|
394693|
394694|
394695|
394720|
394721|
394722|
394723|
394724|
394725|
394726|
394727|
394752|
394753|
394754|
394755|
394756|
394757|
394758|
394759|
394784|
394785|
394786|
394787|
394788|
394789|
394790|
394791|
394816|
394817|
394818|
394819|
394820|
394821|
394822|
394823|
394848|
394849|
394850|
394851|
394852|
394853|
394854|
394855|
394880|
394881|
394882|
394883|
394884|
394885|
394886|
394887|
394912|
394913|
394914|
394915|
394916|
394917|
394918|
394919|
394944|
394945|
394946|
394947|
394948|
394949|
394950|
394951|
394976|
394977|
394978|
394979|
394980|
394981|
394982|
394983|
395008|
395009|
395010|
395011|
395012|
395013|
395014|
395015|
395040|
395041|
395042|
395043|
395044|
395045|
395046|
395047|
395072|
395073|
395074|
395075|
395076|
395077|
395078|
395079|
395104|
395105|
395106|
395107|
395108|
395109|
395110|
395111|
395136|
395137|
395138|
395139|
395140|
395141|
395142|
395143|
395168|
395169|
395170|
395171|
395172|
395173|
395174|
395175|
395200|
395201|
395202|
395203|
395204|
395205|
395206|
395207|
395232|
395233|
395234|
395235|
395236|
395237|
395238|
395239|
395264|
395265|
395266|
395267|
395268|
395269|
395270|
395271|
395296|
395297|
395298|
395299|
395300|
395301|
395302|
395303|
395328|
395329|
395330|
395331|
395332|
395333|
395334|
395335|
395360|
395361|
395362|
395363|
395364|
395365|
395366|
395367|
395392|
395393|
395394|
395395|
395396|
395397|
395398|
395399|
395424|
395425|
395426|
395427|
395428|
395429|
395430|
395431|
395456|
395457|
395458|
395459|
395460|
395461|
395462|
395463|
395488|
395489|
395490|
395491|
395492|
395493|
395494|
395495|
395520|
395521|
395522|
395523|
395524|
395525|
395526|
395527|
395552|
395553|
395554|
395555|
395556|
395557|
395558|
395559|
395584|
395585|
395586|
395587|
395588|
395589|
395590|
395591|
395616|
395617|
395618|
395619|
395620|
395621|
395622|
395623|
395648|
395649|
395650|
395651|
395652|
395653|
395654|
395655|
395680|
395681|
395682|
395683|
395684|
395685|
395686|
395687|
395712|
395713|
395714|
395715|
395716|
395717|
395718|
395719|
395744|
395745|
395746|
395747|
395748|
395749|
395750|
395751|
395776|
395777|
395778|
395779|
395780|
395781|
395782|
395783|
395808|
395809|
395810|
395811|
395812|
395813|
395814|
395815|
395840|
395841|
395842|
395843|
395844|
395845|
395846|
395847|
395872|
395873|
395874|
395875|
395876|
395877|
395878|
395879|
395904|
395905|
395906|
395907|
395908|
395909|
395910|
395911|
395936|
395937|
395938|
395939|
395940|
395941|
395942|
395943|
395968|
395969|
395970|
395971|
395972|
395973|
395974|
395975|
396000|
