2405989|
2405990|
2405991|
2406016|
2406017|
2406018|
2406019|
2406020|
2406021|
2406022|
2406023|
2406048|
2406049|
2406050|
2406051|
2406052|
2406053|
2406054|
2406055|
2406080|
2406081|
2406082|
2406083|
2406084|
2406085|
2406086|
2406087|
2406112|
2406113|
2406114|
2406115|
2406116|
2406117|
2406118|
2406119|
2406144|
2406145|
2406146|
2406147|
2406148|
2406149|
2406150|
2406151|
2406176|
2406177|
2406178|
2406179|
2406180|
2406181|
2406182|
2406183|
2406208|
2406209|
2406210|
2406211|
2406212|
2406213|
2406214|
2406215|
2406240|
2406241|
2406242|
2406243|
2406244|
2406245|
2406246|
2406247|
2406272|
2406273|
2406274|
2406275|
2406276|
2406277|
2406278|
2406279|
2406304|
2406305|
2406306|
2406307|
2406308|
2406309|
2406310|
2406311|
2406336|
2406337|
2406338|
2406339|
2406340|
2406341|
2406342|
2406343|
2406368|
2406369|
2406370|
2406371|
2406372|
2406373|
2406374|
2406375|
2406400|
2406401|
2406402|
2406403|
2406404|
2406405|
2406406|
2406407|
2406432|
2406433|
2406434|
2406435|
2406436|
2406437|
2406438|
2406439|
2406464|
2406465|
2406466|
2406467|
2406468|
2406469|
2406470|
2406471|
2406496|
2406497|
2406498|
2406499|
2406500|
2406501|
2406502|
2406503|
2406528|
2406529|
2406530|
2406531|
2406532|
2406533|
2406534|
2406535|
2406560|
2406561|
2406562|
2406563|
2406564|
2406565|
2406566|
2406567|
2406592|
2406593|
2406594|
2406595|
2406596|
2406597|
2406598|
2406599|
2406624|
2406625|
2406626|
2406627|
2406628|
2406629|
2406630|
2406631|
2406656|
2406657|
2406658|
2406659|
2406660|
2406661|
2406662|
2406663|
2406688|
2406689|
2406690|
2406691|
2406692|
2406693|
2406694|
2406695|
2406720|
2406721|
2406722|
2406723|
2406724|
2406725|
2406726|
2406727|
2406752|
2406753|
2406754|
2406755|
2406756|
2406757|
2406758|
2406759|
2406784|
2406785|
2406786|
2406787|
2406788|
2406789|
2406790|
2406791|
2406816|
2406817|
2406818|
2406819|
2406820|
2406821|
2406822|
2406823|
2406848|
2406849|
2406850|
2406851|
2406852|
2406853|
2406854|
2406855|
2406880|
2406881|
2406882|
2406883|
2406884|
2406885|
2406886|
2406887|
2406912|
2406913|
2406914|
2406915|
2406916|
2406917|
2406918|
2406919|
2406944|
2406945|
2406946|
2406947|
2406948|
2406949|
2406950|
2406951|
2406976|
2406977|
2406978|
2406979|
2406980|
2406981|
2406982|
2406983|
2407008|
2407009|
2407010|
2407011|
2407012|
2407013|
2407014|
2407015|
2407040|
2407041|
2407042|
2407043|
2407044|
2407045|
2407046|
2407047|
2407072|
2407073|
2407074|
2407075|
2407076|
2407077|
2407078|
2407079|
2407104|
2407105|
2407106|
2407107|
2407108|
2407109|
2407110|
2407111|
2407136|
2407137|
2407138|
2407139|
2407140|
2407141|
2407142|
2407143|
2407168|
2407169|
2407170|
2407171|
2407172|
2407173|
2407174|
2407175|
2407200|
2407201|
2407202|
2407203|
2407204|
2407205|
2407206|
2407207|
2407232|
2407233|
2407234|
2407235|
2407236|
2407237|
2407238|
2407239|
2407264|
2407265|
2407266|
2407267|
2407268|
2407269|
2407270|
2407271|
2407296|
2407297|
2407298|
2407299|
2407300|
2407301|
2407302|
2407303|
2407328|
2407329|
2407330|
2407331|
2407332|
2407333|
2407334|
2407335|
2407360|
2407361|
2407362|
2407363|
2407364|
2407365|
2407366|
2407367|
2407392|
2407393|
2407394|
2407395|
2407396|
2407397|
2407398|
2407399|
2407424|
2407425|
2407426|
2407427|
2407428|
2407429|
2407430|
2407431|
2407456|
2407457|
2407458|
2407459|
2407460|
2407461|
2407462|
2407463|
2407488|
2407489|
2407490|
2407491|
2407492|
2407493|
2407494|
2407495|
2407520|
2407521|
2407522|
2407523|
2407524|
2407525|
2407526|
2407527|
2407552|
2407553|
2407554|
2407555|
2407556|
2407557|
2407558|
2407559|
2407584|
2407585|
2407586|
2407587|
2407588|
2407589|
2407590|
2407591|
2407616|
2407617|
2407618|
2407619|
2407620|
2407621|
2407622|
2407623|
2407648|
2407649|
2407650|
2407651|
2407652|
2407653|
2407654|
2407655|
2407680|
2407681|
2407682|
2407683|
2407684|
2407685|
2407686|
2407687|
2407712|
2407713|
2407714|
2407715|
2407716|
2407717|
2407718|
2407719|
2407744|
2407745|
2407746|
2407747|
2407748|
2407749|
2407750|
2407751|
2407776|
2407777|
2407778|
2407779|
2407780|
2407781|
2407782|
2407783|
2407808|
2407809|
2407810|
2407811|
2407812|
2407813|
2407814|
2407815|
2407840|
2407841|
2407842|
2407843|
2407844|
2407845|
2407846|
2407847|
2407872|
2407873|
2407874|
2407875|
2407876|
2407877|
2407878|
2407879|
2407904|
2407905|
2407906|
2407907|
2407908|
2407909|
2407910|
2407911|
2407936|
2407937|
2407938|
2407939|
2407940|
2407941|
2407942|
2407943|
2407968|
2407969|
2407970|
2407971|
2407972|
2407973|
2407974|
2407975|
2408000|
2408001|
2408002|
2408003|
2408004|
2408005|
2408006|
2408007|
2408032|
2408033|
2408034|
2408035|
2408036|
2408037|
2408038|
2408039|
2408064|
2408065|
2408066|
2408067|
2408068|
2408069|
2408070|
2408071|
2408096|
2408097|
2408098|
2408099|
2408100|
2408101|
2408102|
2408103|
2408128|
2408129|
2408130|
2408131|
2408132|
2408133|
2408134|
2408135|
2408160|
2408161|
2408162|
2408163|
2408164|
2408165|
2408166|
2408167|
2408192|
2408193|
2408194|
2408195|
2408196|
2408197|
2408198|
2408199|
2408224|
2408225|
2408226|
2408227|
2408228|
2408229|
2408230|
2408231|
2408256|
2408257|
2408258|
2408259|
2408260|
2408261|
2408262|
2408263|
2408288|
2408289|
2408290|
2408291|
2408292|
2408293|
2408294|
2408295|
2408320|
2408321|
2408322|
2408323|
2408324|
2408325|
2408326|
2408327|
2408352|
2408353|
2408354|
2408355|
2408356|
2408357|
2408358|
2408359|
2408384|
2408385|
2408386|
2408387|
2408388|
2408389|
2408390|
2408391|
2408416|
2408417|
2408418|
2408419|
2408420|
2408421|
2408422|
2408423|
2408448|
2408449|
2408450|
2408451|
2408452|
2408453|
2408454|
2408455|
2408480|
2408481|
2408482|
2408483|
2408484|
2408485|
2408486|
2408487|
2408512|
2408513|
2408514|
2408515|
2408516|
2408517|
2408518|
2408519|
2408544|
2408545|
2408546|
2408547|
2408548|
2408549|
2408550|
2408551|
2408576|
2408577|
2408578|
2408579|
2408580|
2408581|
2408582|
2408583|
2408608|
2408609|
2408610|
2408611|
2408612|
2408613|
2408614|
2408615|
2408640|
2408641|
2408642|
2408643|
2408644|
2408645|
2408646|
2408647|
2408672|
2408673|
2408674|
2408675|
2408676|
2408677|
2408678|
2408679|
2408704|
2408705|
2408706|
2408707|
2408708|
2408709|
2408710|
2408711|
2408736|
2408737|
2408738|
2408739|
2408740|
2408741|
2408742|
2408743|
2408768|
2408769|
2408770|
2408771|
2408772|
2408773|
2408774|
2408775|
2408800|
2408801|
2408802|
2408803|
2408804|
2408805|
2408806|
2408807|
2408832|
2408833|
2408834|
2408835|
2408836|
2408837|
2408838|
2408839|
2408864|
2408865|
2408866|
2408867|
2408868|
2408869|
2408870|
2408871|
2408896|
2408897|
2408898|
2408899|
2408900|
2408901|
2408902|
2408903|
2408928|
2408929|
2408930|
2408931|
2408932|
2408933|
2408934|
2408935|
2408960|
2408961|
2408962|
2408963|
2408964|
2408965|
2408966|
2408967|
2408992|
2408993|
2408994|
2408995|
2408996|
2408997|
2408998|
2408999|
2409024|
2409025|
2409026|
2409027|
2409028|
2409029|
2409030|
2409031|
2409056|
2409057|
2409058|
2409059|
2409060|
2409061|
2409062|
2409063|
2409088|
2409089|
2409090|
2409091|
2409092|
2409093|
2409094|
2409095|
2409120|
2409121|
2409122|
2409123|
2409124|
2409125|
2409126|
2409127|
2409152|
2409153|
2409154|
2409155|
2409156|
2409157|
2409158|
2409159|
2409184|
2409185|
2409186|
2409187|
2409188|
2409189|
2409190|
2409191|
2409216|
2409217|
2409218|
2409219|
2409220|
2409221|
2409222|
2409223|
2409248|
2409249|
2409250|
2409251|
2409252|
2409253|
2409254|
2409255|
2409280|
2409281|
2409282|
2409283|
2409284|
2409285|
2409286|
2409287|
2409312|
2409313|
2409314|
2409315|
2409316|
2409317|
2409318|
2409319|
2409344|
2409345|
2409346|
2409347|
2409348|
2409349|
2409350|
2409351|
2409376|
2409377|
2409378|
2409379|
2409380|
2409381|
2409382|
2409383|
2409408|
2409409|
2409410|
2409411|
2409412|
2409413|
2409414|
2409415|
2409440|
2409441|
2409442|
2409443|
2409444|
2409445|
2409446|
2409447|
2409472|
2409473|
2409474|
2409475|
2409476|
2409477|
2409478|
2409479|
2409504|
2409505|
2409506|
2409507|
2409508|
2409509|
2409510|
2409511|
2409536|
2409537|
2409538|
2409539|
2409540|
2409541|
2409542|
2409543|
2409568|
2409569|
2409570|
2409571|
2409572|
2409573|
2409574|
2409575|
2409600|
2409601|
2409602|
2409603|
2409604|
2409605|
2409606|
2409607|
2409632|
2409633|
2409634|
2409635|
2409636|
2409637|
2409638|
2409639|
2409664|
2409665|
2409666|
2409667|
2409668|
2409669|
2409670|
2409671|
2409696|
2409697|
2409698|
2409699|
2409700|
2409701|
2409702|
2409703|
2409728|
2409729|
2409730|
2409731|
2409732|
2409733|
2409734|
2409735|
2409760|
2409761|
2409762|
2409763|
2409764|
2409765|
2409766|
2409767|
2409792|
2409793|
2409794|
2409795|
2409796|
2409797|
2409798|
2409799|
2409824|
2409825|
2409826|
2409827|
2409828|
2409829|
2409830|
2409831|
2409856|
2409857|
2409858|
2409859|
2409860|
2409861|
2409862|
2409863|
2409888|
2409889|
2409890|
2409891|
2409892|
2409893|
2409894|
2409895|
2409920|
2409921|
2409922|
2409923|
2409924|
2409925|
2409926|
2409927|
2409952|
2409953|
2409954|
2409955|
2409956|
2409957|
2409958|
2409959|
2409984|
2409985|
2409986|
2409987|
2409988|
2409989|
2409990|
2409991|
2410016|
2410017|
2410018|
2410019|
2410020|
2410021|
2410022|
2410023|
2410048|
2410049|
2410050|
2410051|
2410052|
2410053|
2410054|
2410055|
2410080|
2410081|
2410082|
2410083|
2410084|
2410085|
2410086|
2410087|
2410112|
2410113|
2410114|
2410115|
2410116|
2410117|
2410118|
2410119|
2410144|
2410145|
2410146|
2410147|
2410148|
2410149|
2410150|
2410151|
2410176|
2410177|
2410178|
2410179|
2410180|
2410181|
2410182|
2410183|
2410208|
2410209|
2410210|
2410211|
2410212|
2410213|
2410214|
2410215|
2410240|
2410241|
2410242|
2410243|
2410244|
2410245|
2410246|
2410247|
2410272|
2410273|
2410274|
2410275|
2410276|
2410277|
2410278|
2410279|
2410304|
2410305|
2410306|
2410307|
2410308|
2410309|
2410310|
2410311|
2410336|
2410337|
2410338|
2410339|
2410340|
2410341|
2410342|
2410343|
2410368|
2410369|
2410370|
2410371|
2410372|
2410373|
2410374|
2410375|
2410400|
2410401|
2410402|
2410403|
2410404|
2410405|
2410406|
2410407|
2410432|
2410433|
2410434|
2410435|
2410436|
2410437|
2410438|
2410439|
2410464|
2410465|
2410466|
2410467|
2410468|
2410469|
2410470|
2410471|
2410496|
2410497|
2410498|
2410499|
2410500|
2410501|
2410502|
2410503|
2410528|
2410529|
2410530|
2410531|
2410532|
2410533|
2410534|
2410535|
2410560|
2410561|
2410562|
2410563|
2410564|
2410565|
2410566|
2410567|
2410592|
2410593|
2410594|
2410595|
2410596|
2410597|
2410598|
2410599|
2410624|
2410625|
2410626|
2410627|
2410628|
2410629|
2410630|
2410631|
2410656|
2410657|
2410658|
2410659|
2410660|
2410661|
2410662|
2410663|
2410688|
2410689|
2410690|
2410691|
2410692|
2410693|
2410694|
2410695|
2410720|
2410721|
2410722|
2410723|
2410724|
2410725|
2410726|
2410727|
2410752|
2410753|
2410754|
2410755|
2410756|
2410757|
2410758|
2410759|
2410784|
2410785|
2410786|
2410787|
2410788|
2410789|
2410790|
2410791|
2410816|
2410817|
2410818|
2410819|
2410820|
2410821|
2410822|
2410823|
2410848|
2410849|
2410850|
2410851|
2410852|
2410853|
2410854|
2410855|
2410880|
2410881|
2410882|
2410883|
2410884|
2410885|
2410886|
2410887|
2410912|
2410913|
2410914|
2410915|
2410916|
2410917|
2410918|
2410919|
2410944|
2410945|
2410946|
2410947|
2410948|
2410949|
2410950|
2410951|
2410976|
2410977|
2410978|
2410979|
2410980|
2410981|
2410982|
2410983|
2411008|
2411009|
2411010|
2411011|
2411012|
2411013|
2411014|
2411015|
2411040|
2411041|
2411042|
2411043|
2411044|
2411045|
2411046|
2411047|
2411072|
2411073|
2411074|
2411075|
2411076|
2411077|
2411078|
2411079|
2411104|
2411105|
2411106|
2411107|
2411108|
2411109|
2411110|
2411111|
2411136|
2411137|
2411138|
2411139|
2411140|
2411141|
2411142|
2411143|
2411168|
2411169|
2411170|
2411171|
2411172|
2411173|
2411174|
2411175|
2411200|
2411201|
2411202|
2411203|
2411204|
2411205|
2411206|
2411207|
2411232|
2411233|
2411234|
2411235|
2411236|
2411237|
2411238|
2411239|
2411264|
2411265|
2411266|
2411267|
2411268|
2411269|
2411270|
2411271|
2411296|
2411297|
2411298|
2411299|
2411300|
2411301|
2411302|
2411303|
2411328|
2411329|
2411330|
2411331|
2411332|
2411333|
2411334|
2411335|
2411360|
2411361|
2411362|
2411363|
2411364|
2411365|
2411366|
2411367|
2411392|
2411393|
2411394|
2411395|
2411396|
2411397|
2411398|
2411399|
2411424|
2411425|
2411426|
2411427|
2411428|
2411429|
2411430|
2411431|
2411456|
2411457|
2411458|
2411459|
2411460|
2411461|
2411462|
2411463|
2411488|
2411489|
2411490|
2411491|
2411492|
2411493|
2411494|
2411495|
2411520|
2411521|
2411522|
2411523|
2411524|
2411525|
2411526|
2411527|
2411552|
2411553|
2411554|
2411555|
2411556|
2411557|
2411558|
2411559|
2411584|
2411585|
2411586|
2411587|
2411588|
2411589|
2411590|
2411591|
2411616|
2411617|
2411618|
2411619|
2411620|
2411621|
2411622|
2411623|
2411648|
2411649|
2411650|
2411651|
2411652|
2411653|
2411654|
2411655|
2411680|
2411681|
2411682|
2411683|
2411684|
2411685|
2411686|
2411687|
2411712|
2411713|
2411714|
2411715|
2411716|
2411717|
2411718|
2411719|
2411744|
2411745|
2411746|
2411747|
2411748|
2411749|
2411750|
2411751|
2411776|
2411777|
2411778|
2411779|
2411780|
2411781|
2411782|
2411783|
2411808|
2411809|
2411810|
2411811|
2411812|
2411813|
2411814|
2411815|
2411840|
2411841|
2411842|
2411843|
2411844|
2411845|
2411846|
2411847|
2411872|
2411873|
2411874|
2411875|
2411876|
2411877|
2411878|
2411879|
2411904|
2411905|
2411906|
2411907|
2411908|
2411909|
2411910|
2411911|
2411936|
2411937|
2411938|
2411939|
2411940|
2411941|
2411942|
2411943|
2411968|
2411969|
2411970|
2411971|
2411972|
2411973|
2411974|
2411975|
2412000|
