917989|
917990|
917991|
918016|
918017|
918018|
918019|
918020|
918021|
918022|
918023|
918048|
918049|
918050|
918051|
918052|
918053|
918054|
918055|
918080|
918081|
918082|
918083|
918084|
918085|
918086|
918087|
918112|
918113|
918114|
918115|
918116|
918117|
918118|
918119|
918144|
918145|
918146|
918147|
918148|
918149|
918150|
918151|
918176|
918177|
918178|
918179|
918180|
918181|
918182|
918183|
918208|
918209|
918210|
918211|
918212|
918213|
918214|
918215|
918240|
918241|
918242|
918243|
918244|
918245|
918246|
918247|
918272|
918273|
918274|
918275|
918276|
918277|
918278|
918279|
918304|
918305|
918306|
918307|
918308|
918309|
918310|
918311|
918336|
918337|
918338|
918339|
918340|
918341|
918342|
918343|
918368|
918369|
918370|
918371|
918372|
918373|
918374|
918375|
918400|
918401|
918402|
918403|
918404|
918405|
918406|
918407|
918432|
918433|
918434|
918435|
918436|
918437|
918438|
918439|
918464|
918465|
918466|
918467|
918468|
918469|
918470|
918471|
918496|
918497|
918498|
918499|
918500|
918501|
918502|
918503|
918528|
918529|
918530|
918531|
918532|
918533|
918534|
918535|
918560|
918561|
918562|
918563|
918564|
918565|
918566|
918567|
918592|
918593|
918594|
918595|
918596|
918597|
918598|
918599|
918624|
918625|
918626|
918627|
918628|
918629|
918630|
918631|
918656|
918657|
918658|
918659|
918660|
918661|
918662|
918663|
918688|
918689|
918690|
918691|
918692|
918693|
918694|
918695|
918720|
918721|
918722|
918723|
918724|
918725|
918726|
918727|
918752|
918753|
918754|
918755|
918756|
918757|
918758|
918759|
918784|
918785|
918786|
918787|
918788|
918789|
918790|
918791|
918816|
918817|
918818|
918819|
918820|
918821|
918822|
918823|
918848|
918849|
918850|
918851|
918852|
918853|
918854|
918855|
918880|
918881|
918882|
918883|
918884|
918885|
918886|
918887|
918912|
918913|
918914|
918915|
918916|
918917|
918918|
918919|
918944|
918945|
918946|
918947|
918948|
918949|
918950|
918951|
918976|
918977|
918978|
918979|
918980|
918981|
918982|
918983|
919008|
919009|
919010|
919011|
919012|
919013|
919014|
919015|
919040|
919041|
919042|
919043|
919044|
919045|
919046|
919047|
919072|
919073|
919074|
919075|
919076|
919077|
919078|
919079|
919104|
919105|
919106|
919107|
919108|
919109|
919110|
919111|
919136|
919137|
919138|
919139|
919140|
919141|
919142|
919143|
919168|
919169|
919170|
919171|
919172|
919173|
919174|
919175|
919200|
919201|
919202|
919203|
919204|
919205|
919206|
919207|
919232|
919233|
919234|
919235|
919236|
919237|
919238|
919239|
919264|
919265|
919266|
919267|
919268|
919269|
919270|
919271|
919296|
919297|
919298|
919299|
919300|
919301|
919302|
919303|
919328|
919329|
919330|
919331|
919332|
919333|
919334|
919335|
919360|
919361|
919362|
919363|
919364|
919365|
919366|
919367|
919392|
919393|
919394|
919395|
919396|
919397|
919398|
919399|
919424|
919425|
919426|
919427|
919428|
919429|
919430|
919431|
919456|
919457|
919458|
919459|
919460|
919461|
919462|
919463|
919488|
919489|
919490|
919491|
919492|
919493|
919494|
919495|
919520|
919521|
919522|
919523|
919524|
919525|
919526|
919527|
919552|
919553|
919554|
919555|
919556|
919557|
919558|
919559|
919584|
919585|
919586|
919587|
919588|
919589|
919590|
919591|
919616|
919617|
919618|
919619|
919620|
919621|
919622|
919623|
919648|
919649|
919650|
919651|
919652|
919653|
919654|
919655|
919680|
919681|
919682|
919683|
919684|
919685|
919686|
919687|
919712|
919713|
919714|
919715|
919716|
919717|
919718|
919719|
919744|
919745|
919746|
919747|
919748|
919749|
919750|
919751|
919776|
919777|
919778|
919779|
919780|
919781|
919782|
919783|
919808|
919809|
919810|
919811|
919812|
919813|
919814|
919815|
919840|
919841|
919842|
919843|
919844|
919845|
919846|
919847|
919872|
919873|
919874|
919875|
919876|
919877|
919878|
919879|
919904|
919905|
919906|
919907|
919908|
919909|
919910|
919911|
919936|
919937|
919938|
919939|
919940|
919941|
919942|
919943|
919968|
919969|
919970|
919971|
919972|
919973|
919974|
919975|
920000|
920001|
920002|
920003|
920004|
920005|
920006|
920007|
920032|
920033|
920034|
920035|
920036|
920037|
920038|
920039|
920064|
920065|
920066|
920067|
920068|
920069|
920070|
920071|
920096|
920097|
920098|
920099|
920100|
920101|
920102|
920103|
920128|
920129|
920130|
920131|
920132|
920133|
920134|
920135|
920160|
920161|
920162|
920163|
920164|
920165|
920166|
920167|
920192|
920193|
920194|
920195|
920196|
920197|
920198|
920199|
920224|
920225|
920226|
920227|
920228|
920229|
920230|
920231|
920256|
920257|
920258|
920259|
920260|
920261|
920262|
920263|
920288|
920289|
920290|
920291|
920292|
920293|
920294|
920295|
920320|
920321|
920322|
920323|
920324|
920325|
920326|
920327|
920352|
920353|
920354|
920355|
920356|
920357|
920358|
920359|
920384|
920385|
920386|
920387|
920388|
920389|
920390|
920391|
920416|
920417|
920418|
920419|
920420|
920421|
920422|
920423|
920448|
920449|
920450|
920451|
920452|
920453|
920454|
920455|
920480|
920481|
920482|
920483|
920484|
920485|
920486|
920487|
920512|
920513|
920514|
920515|
920516|
920517|
920518|
920519|
920544|
920545|
920546|
920547|
920548|
920549|
920550|
920551|
920576|
920577|
920578|
920579|
920580|
920581|
920582|
920583|
920608|
920609|
920610|
920611|
920612|
920613|
920614|
920615|
920640|
920641|
920642|
920643|
920644|
920645|
920646|
920647|
920672|
920673|
920674|
920675|
920676|
920677|
920678|
920679|
920704|
920705|
920706|
920707|
920708|
920709|
920710|
920711|
920736|
920737|
920738|
920739|
920740|
920741|
920742|
920743|
920768|
920769|
920770|
920771|
920772|
920773|
920774|
920775|
920800|
920801|
920802|
920803|
920804|
920805|
920806|
920807|
920832|
920833|
920834|
920835|
920836|
920837|
920838|
920839|
920864|
920865|
920866|
920867|
920868|
920869|
920870|
920871|
920896|
920897|
920898|
920899|
920900|
920901|
920902|
920903|
920928|
920929|
920930|
920931|
920932|
920933|
920934|
920935|
920960|
920961|
920962|
920963|
920964|
920965|
920966|
920967|
920992|
920993|
920994|
920995|
920996|
920997|
920998|
920999|
921024|
921025|
921026|
921027|
921028|
921029|
921030|
921031|
921056|
921057|
921058|
921059|
921060|
921061|
921062|
921063|
921088|
921089|
921090|
921091|
921092|
921093|
921094|
921095|
921120|
921121|
921122|
921123|
921124|
921125|
921126|
921127|
921152|
921153|
921154|
921155|
921156|
921157|
921158|
921159|
921184|
921185|
921186|
921187|
921188|
921189|
921190|
921191|
921216|
921217|
921218|
921219|
921220|
921221|
921222|
921223|
921248|
921249|
921250|
921251|
921252|
921253|
921254|
921255|
921280|
921281|
921282|
921283|
921284|
921285|
921286|
921287|
921312|
921313|
921314|
921315|
921316|
921317|
921318|
921319|
921344|
921345|
921346|
921347|
921348|
921349|
921350|
921351|
921376|
921377|
921378|
921379|
921380|
921381|
921382|
921383|
921408|
921409|
921410|
921411|
921412|
921413|
921414|
921415|
921440|
921441|
921442|
921443|
921444|
921445|
921446|
921447|
921472|
921473|
921474|
921475|
921476|
921477|
921478|
921479|
921504|
921505|
921506|
921507|
921508|
921509|
921510|
921511|
921536|
921537|
921538|
921539|
921540|
921541|
921542|
921543|
921568|
921569|
921570|
921571|
921572|
921573|
921574|
921575|
921600|
921601|
921602|
921603|
921604|
921605|
921606|
921607|
921632|
921633|
921634|
921635|
921636|
921637|
921638|
921639|
921664|
921665|
921666|
921667|
921668|
921669|
921670|
921671|
921696|
921697|
921698|
921699|
921700|
921701|
921702|
921703|
921728|
921729|
921730|
921731|
921732|
921733|
921734|
921735|
921760|
921761|
921762|
921763|
921764|
921765|
921766|
921767|
921792|
921793|
921794|
921795|
921796|
921797|
921798|
921799|
921824|
921825|
921826|
921827|
921828|
921829|
921830|
921831|
921856|
921857|
921858|
921859|
921860|
921861|
921862|
921863|
921888|
921889|
921890|
921891|
921892|
921893|
921894|
921895|
921920|
921921|
921922|
921923|
921924|
921925|
921926|
921927|
921952|
921953|
921954|
921955|
921956|
921957|
921958|
921959|
921984|
921985|
921986|
921987|
921988|
921989|
921990|
921991|
922016|
922017|
922018|
922019|
922020|
922021|
922022|
922023|
922048|
922049|
922050|
922051|
922052|
922053|
922054|
922055|
922080|
922081|
922082|
922083|
922084|
922085|
922086|
922087|
922112|
922113|
922114|
922115|
922116|
922117|
922118|
922119|
922144|
922145|
922146|
922147|
922148|
922149|
922150|
922151|
922176|
922177|
922178|
922179|
922180|
922181|
922182|
922183|
922208|
922209|
922210|
922211|
922212|
922213|
922214|
922215|
922240|
922241|
922242|
922243|
922244|
922245|
922246|
922247|
922272|
922273|
922274|
922275|
922276|
922277|
922278|
922279|
922304|
922305|
922306|
922307|
922308|
922309|
922310|
922311|
922336|
922337|
922338|
922339|
922340|
922341|
922342|
922343|
922368|
922369|
922370|
922371|
922372|
922373|
922374|
922375|
922400|
922401|
922402|
922403|
922404|
922405|
922406|
922407|
922432|
922433|
922434|
922435|
922436|
922437|
922438|
922439|
922464|
922465|
922466|
922467|
922468|
922469|
922470|
922471|
922496|
922497|
922498|
922499|
922500|
922501|
922502|
922503|
922528|
922529|
922530|
922531|
922532|
922533|
922534|
922535|
922560|
922561|
922562|
922563|
922564|
922565|
922566|
922567|
922592|
922593|
922594|
922595|
922596|
922597|
922598|
922599|
922624|
922625|
922626|
922627|
922628|
922629|
922630|
922631|
922656|
922657|
922658|
922659|
922660|
922661|
922662|
922663|
922688|
922689|
922690|
922691|
922692|
922693|
922694|
922695|
922720|
922721|
922722|
922723|
922724|
922725|
922726|
922727|
922752|
922753|
922754|
922755|
922756|
922757|
922758|
922759|
922784|
922785|
922786|
922787|
922788|
922789|
922790|
922791|
922816|
922817|
922818|
922819|
922820|
922821|
922822|
922823|
922848|
922849|
922850|
922851|
922852|
922853|
922854|
922855|
922880|
922881|
922882|
922883|
922884|
922885|
922886|
922887|
922912|
922913|
922914|
922915|
922916|
922917|
922918|
922919|
922944|
922945|
922946|
922947|
922948|
922949|
922950|
922951|
922976|
922977|
922978|
922979|
922980|
922981|
922982|
922983|
923008|
923009|
923010|
923011|
923012|
923013|
923014|
923015|
923040|
923041|
923042|
923043|
923044|
923045|
923046|
923047|
923072|
923073|
923074|
923075|
923076|
923077|
923078|
923079|
923104|
923105|
923106|
923107|
923108|
923109|
923110|
923111|
923136|
923137|
923138|
923139|
923140|
923141|
923142|
923143|
923168|
923169|
923170|
923171|
923172|
923173|
923174|
923175|
923200|
923201|
923202|
923203|
923204|
923205|
923206|
923207|
923232|
923233|
923234|
923235|
923236|
923237|
923238|
923239|
923264|
923265|
923266|
923267|
923268|
923269|
923270|
923271|
923296|
923297|
923298|
923299|
923300|
923301|
923302|
923303|
923328|
923329|
923330|
923331|
923332|
923333|
923334|
923335|
923360|
923361|
923362|
923363|
923364|
923365|
923366|
923367|
923392|
923393|
923394|
923395|
923396|
923397|
923398|
923399|
923424|
923425|
923426|
923427|
923428|
923429|
923430|
923431|
923456|
923457|
923458|
923459|
923460|
923461|
923462|
923463|
923488|
923489|
923490|
923491|
923492|
923493|
923494|
923495|
923520|
923521|
923522|
923523|
923524|
923525|
923526|
923527|
923552|
923553|
923554|
923555|
923556|
923557|
923558|
923559|
923584|
923585|
923586|
923587|
923588|
923589|
923590|
923591|
923616|
923617|
923618|
923619|
923620|
923621|
923622|
923623|
923648|
923649|
923650|
923651|
923652|
923653|
923654|
923655|
923680|
923681|
923682|
923683|
923684|
923685|
923686|
923687|
923712|
923713|
923714|
923715|
923716|
923717|
923718|
923719|
923744|
923745|
923746|
923747|
923748|
923749|
923750|
923751|
923776|
923777|
923778|
923779|
923780|
923781|
923782|
923783|
923808|
923809|
923810|
923811|
923812|
923813|
923814|
923815|
923840|
923841|
923842|
923843|
923844|
923845|
923846|
923847|
923872|
923873|
923874|
923875|
923876|
923877|
923878|
923879|
923904|
923905|
923906|
923907|
923908|
923909|
923910|
923911|
923936|
923937|
923938|
923939|
923940|
923941|
923942|
923943|
923968|
923969|
923970|
923971|
923972|
923973|
923974|
923975|
924000|
