2993989|
2993990|
2993991|
2994016|
2994017|
2994018|
2994019|
2994020|
2994021|
2994022|
2994023|
2994048|
2994049|
2994050|
2994051|
2994052|
2994053|
2994054|
2994055|
2994080|
2994081|
2994082|
2994083|
2994084|
2994085|
2994086|
2994087|
2994112|
2994113|
2994114|
2994115|
2994116|
2994117|
2994118|
2994119|
2994144|
2994145|
2994146|
2994147|
2994148|
2994149|
2994150|
2994151|
2994176|
2994177|
2994178|
2994179|
2994180|
2994181|
2994182|
2994183|
2994208|
2994209|
2994210|
2994211|
2994212|
2994213|
2994214|
2994215|
2994240|
2994241|
2994242|
2994243|
2994244|
2994245|
2994246|
2994247|
2994272|
2994273|
2994274|
2994275|
2994276|
2994277|
2994278|
2994279|
2994304|
2994305|
2994306|
2994307|
2994308|
2994309|
2994310|
2994311|
2994336|
2994337|
2994338|
2994339|
2994340|
2994341|
2994342|
2994343|
2994368|
2994369|
2994370|
2994371|
2994372|
2994373|
2994374|
2994375|
2994400|
2994401|
2994402|
2994403|
2994404|
2994405|
2994406|
2994407|
2994432|
2994433|
2994434|
2994435|
2994436|
2994437|
2994438|
2994439|
2994464|
2994465|
2994466|
2994467|
2994468|
2994469|
2994470|
2994471|
2994496|
2994497|
2994498|
2994499|
2994500|
2994501|
2994502|
2994503|
2994528|
2994529|
2994530|
2994531|
2994532|
2994533|
2994534|
2994535|
2994560|
2994561|
2994562|
2994563|
2994564|
2994565|
2994566|
2994567|
2994592|
2994593|
2994594|
2994595|
2994596|
2994597|
2994598|
2994599|
2994624|
2994625|
2994626|
2994627|
2994628|
2994629|
2994630|
2994631|
2994656|
2994657|
2994658|
2994659|
2994660|
2994661|
2994662|
2994663|
2994688|
2994689|
2994690|
2994691|
2994692|
2994693|
2994694|
2994695|
2994720|
2994721|
2994722|
2994723|
2994724|
2994725|
2994726|
2994727|
2994752|
2994753|
2994754|
2994755|
2994756|
2994757|
2994758|
2994759|
2994784|
2994785|
2994786|
2994787|
2994788|
2994789|
2994790|
2994791|
2994816|
2994817|
2994818|
2994819|
2994820|
2994821|
2994822|
2994823|
2994848|
2994849|
2994850|
2994851|
2994852|
2994853|
2994854|
2994855|
2994880|
2994881|
2994882|
2994883|
2994884|
2994885|
2994886|
2994887|
2994912|
2994913|
2994914|
2994915|
2994916|
2994917|
2994918|
2994919|
2994944|
2994945|
2994946|
2994947|
2994948|
2994949|
2994950|
2994951|
2994976|
2994977|
2994978|
2994979|
2994980|
2994981|
2994982|
2994983|
2995008|
2995009|
2995010|
2995011|
2995012|
2995013|
2995014|
2995015|
2995040|
2995041|
2995042|
2995043|
2995044|
2995045|
2995046|
2995047|
2995072|
2995073|
2995074|
2995075|
2995076|
2995077|
2995078|
2995079|
2995104|
2995105|
2995106|
2995107|
2995108|
2995109|
2995110|
2995111|
2995136|
2995137|
2995138|
2995139|
2995140|
2995141|
2995142|
2995143|
2995168|
2995169|
2995170|
2995171|
2995172|
2995173|
2995174|
2995175|
2995200|
2995201|
2995202|
2995203|
2995204|
2995205|
2995206|
2995207|
2995232|
2995233|
2995234|
2995235|
2995236|
2995237|
2995238|
2995239|
2995264|
2995265|
2995266|
2995267|
2995268|
2995269|
2995270|
2995271|
2995296|
2995297|
2995298|
2995299|
2995300|
2995301|
2995302|
2995303|
2995328|
2995329|
2995330|
2995331|
2995332|
2995333|
2995334|
2995335|
2995360|
2995361|
2995362|
2995363|
2995364|
2995365|
2995366|
2995367|
2995392|
2995393|
2995394|
2995395|
2995396|
2995397|
2995398|
2995399|
2995424|
2995425|
2995426|
2995427|
2995428|
2995429|
2995430|
2995431|
2995456|
2995457|
2995458|
2995459|
2995460|
2995461|
2995462|
2995463|
2995488|
2995489|
2995490|
2995491|
2995492|
2995493|
2995494|
2995495|
2995520|
2995521|
2995522|
2995523|
2995524|
2995525|
2995526|
2995527|
2995552|
2995553|
2995554|
2995555|
2995556|
2995557|
2995558|
2995559|
2995584|
2995585|
2995586|
2995587|
2995588|
2995589|
2995590|
2995591|
2995616|
2995617|
2995618|
2995619|
2995620|
2995621|
2995622|
2995623|
2995648|
2995649|
2995650|
2995651|
2995652|
2995653|
2995654|
2995655|
2995680|
2995681|
2995682|
2995683|
2995684|
2995685|
2995686|
2995687|
2995712|
2995713|
2995714|
2995715|
2995716|
2995717|
2995718|
2995719|
2995744|
2995745|
2995746|
2995747|
2995748|
2995749|
2995750|
2995751|
2995776|
2995777|
2995778|
2995779|
2995780|
2995781|
2995782|
2995783|
2995808|
2995809|
2995810|
2995811|
2995812|
2995813|
2995814|
2995815|
2995840|
2995841|
2995842|
2995843|
2995844|
2995845|
2995846|
2995847|
2995872|
2995873|
2995874|
2995875|
2995876|
2995877|
2995878|
2995879|
2995904|
2995905|
2995906|
2995907|
2995908|
2995909|
2995910|
2995911|
2995936|
2995937|
2995938|
2995939|
2995940|
2995941|
2995942|
2995943|
2995968|
2995969|
2995970|
2995971|
2995972|
2995973|
2995974|
2995975|
2996000|
2996001|
2996002|
2996003|
2996004|
2996005|
2996006|
2996007|
2996032|
2996033|
2996034|
2996035|
2996036|
2996037|
2996038|
2996039|
2996064|
2996065|
2996066|
2996067|
2996068|
2996069|
2996070|
2996071|
2996096|
2996097|
2996098|
2996099|
2996100|
2996101|
2996102|
2996103|
2996128|
2996129|
2996130|
2996131|
2996132|
2996133|
2996134|
2996135|
2996160|
2996161|
2996162|
2996163|
2996164|
2996165|
2996166|
2996167|
2996192|
2996193|
2996194|
2996195|
2996196|
2996197|
2996198|
2996199|
2996224|
2996225|
2996226|
2996227|
2996228|
2996229|
2996230|
2996231|
2996256|
2996257|
2996258|
2996259|
2996260|
2996261|
2996262|
2996263|
2996288|
2996289|
2996290|
2996291|
2996292|
2996293|
2996294|
2996295|
2996320|
2996321|
2996322|
2996323|
2996324|
2996325|
2996326|
2996327|
2996352|
2996353|
2996354|
2996355|
2996356|
2996357|
2996358|
2996359|
2996384|
2996385|
2996386|
2996387|
2996388|
2996389|
2996390|
2996391|
2996416|
2996417|
2996418|
2996419|
2996420|
2996421|
2996422|
2996423|
2996448|
2996449|
2996450|
2996451|
2996452|
2996453|
2996454|
2996455|
2996480|
2996481|
2996482|
2996483|
2996484|
2996485|
2996486|
2996487|
2996512|
2996513|
2996514|
2996515|
2996516|
2996517|
2996518|
2996519|
2996544|
2996545|
2996546|
2996547|
2996548|
2996549|
2996550|
2996551|
2996576|
2996577|
2996578|
2996579|
2996580|
2996581|
2996582|
2996583|
2996608|
2996609|
2996610|
2996611|
2996612|
2996613|
2996614|
2996615|
2996640|
2996641|
2996642|
2996643|
2996644|
2996645|
2996646|
2996647|
2996672|
2996673|
2996674|
2996675|
2996676|
2996677|
2996678|
2996679|
2996704|
2996705|
2996706|
2996707|
2996708|
2996709|
2996710|
2996711|
2996736|
2996737|
2996738|
2996739|
2996740|
2996741|
2996742|
2996743|
2996768|
2996769|
2996770|
2996771|
2996772|
2996773|
2996774|
2996775|
2996800|
2996801|
2996802|
2996803|
2996804|
2996805|
2996806|
2996807|
2996832|
2996833|
2996834|
2996835|
2996836|
2996837|
2996838|
2996839|
2996864|
2996865|
2996866|
2996867|
2996868|
2996869|
2996870|
2996871|
2996896|
2996897|
2996898|
2996899|
2996900|
2996901|
2996902|
2996903|
2996928|
2996929|
2996930|
2996931|
2996932|
2996933|
2996934|
2996935|
2996960|
2996961|
2996962|
2996963|
2996964|
2996965|
2996966|
2996967|
2996992|
2996993|
2996994|
2996995|
2996996|
2996997|
2996998|
2996999|
2997024|
2997025|
2997026|
2997027|
2997028|
2997029|
2997030|
2997031|
2997056|
2997057|
2997058|
2997059|
2997060|
2997061|
2997062|
2997063|
2997088|
2997089|
2997090|
2997091|
2997092|
2997093|
2997094|
2997095|
2997120|
2997121|
2997122|
2997123|
2997124|
2997125|
2997126|
2997127|
2997152|
2997153|
2997154|
2997155|
2997156|
2997157|
2997158|
2997159|
2997184|
2997185|
2997186|
2997187|
2997188|
2997189|
2997190|
2997191|
2997216|
2997217|
2997218|
2997219|
2997220|
2997221|
2997222|
2997223|
2997248|
2997249|
2997250|
2997251|
2997252|
2997253|
2997254|
2997255|
2997280|
2997281|
2997282|
2997283|
2997284|
2997285|
2997286|
2997287|
2997312|
2997313|
2997314|
2997315|
2997316|
2997317|
2997318|
2997319|
2997344|
2997345|
2997346|
2997347|
2997348|
2997349|
2997350|
2997351|
2997376|
2997377|
2997378|
2997379|
2997380|
2997381|
2997382|
2997383|
2997408|
2997409|
2997410|
2997411|
2997412|
2997413|
2997414|
2997415|
2997440|
2997441|
2997442|
2997443|
2997444|
2997445|
2997446|
2997447|
2997472|
2997473|
2997474|
2997475|
2997476|
2997477|
2997478|
2997479|
2997504|
2997505|
2997506|
2997507|
2997508|
2997509|
2997510|
2997511|
2997536|
2997537|
2997538|
2997539|
2997540|
2997541|
2997542|
2997543|
2997568|
2997569|
2997570|
2997571|
2997572|
2997573|
2997574|
2997575|
2997600|
2997601|
2997602|
2997603|
2997604|
2997605|
2997606|
2997607|
2997632|
2997633|
2997634|
2997635|
2997636|
2997637|
2997638|
2997639|
2997664|
2997665|
2997666|
2997667|
2997668|
2997669|
2997670|
2997671|
2997696|
2997697|
2997698|
2997699|
2997700|
2997701|
2997702|
2997703|
2997728|
2997729|
2997730|
2997731|
2997732|
2997733|
2997734|
2997735|
2997760|
2997761|
2997762|
2997763|
2997764|
2997765|
2997766|
2997767|
2997792|
2997793|
2997794|
2997795|
2997796|
2997797|
2997798|
2997799|
2997824|
2997825|
2997826|
2997827|
2997828|
2997829|
2997830|
2997831|
2997856|
2997857|
2997858|
2997859|
2997860|
2997861|
2997862|
2997863|
2997888|
2997889|
2997890|
2997891|
2997892|
2997893|
2997894|
2997895|
2997920|
2997921|
2997922|
2997923|
2997924|
2997925|
2997926|
2997927|
2997952|
2997953|
2997954|
2997955|
2997956|
2997957|
2997958|
2997959|
2997984|
2997985|
2997986|
2997987|
2997988|
2997989|
2997990|
2997991|
2998016|
2998017|
2998018|
2998019|
2998020|
2998021|
2998022|
2998023|
2998048|
2998049|
2998050|
2998051|
2998052|
2998053|
2998054|
2998055|
2998080|
2998081|
2998082|
2998083|
2998084|
2998085|
2998086|
2998087|
2998112|
2998113|
2998114|
2998115|
2998116|
2998117|
2998118|
2998119|
2998144|
2998145|
2998146|
2998147|
2998148|
2998149|
2998150|
2998151|
2998176|
2998177|
2998178|
2998179|
2998180|
2998181|
2998182|
2998183|
2998208|
2998209|
2998210|
2998211|
2998212|
2998213|
2998214|
2998215|
2998240|
2998241|
2998242|
2998243|
2998244|
2998245|
2998246|
2998247|
2998272|
2998273|
2998274|
2998275|
2998276|
2998277|
2998278|
2998279|
2998304|
2998305|
2998306|
2998307|
2998308|
2998309|
2998310|
2998311|
2998336|
2998337|
2998338|
2998339|
2998340|
2998341|
2998342|
2998343|
2998368|
2998369|
2998370|
2998371|
2998372|
2998373|
2998374|
2998375|
2998400|
2998401|
2998402|
2998403|
2998404|
2998405|
2998406|
2998407|
2998432|
2998433|
2998434|
2998435|
2998436|
2998437|
2998438|
2998439|
2998464|
2998465|
2998466|
2998467|
2998468|
2998469|
2998470|
2998471|
2998496|
2998497|
2998498|
2998499|
2998500|
2998501|
2998502|
2998503|
2998528|
2998529|
2998530|
2998531|
2998532|
2998533|
2998534|
2998535|
2998560|
2998561|
2998562|
2998563|
2998564|
2998565|
2998566|
2998567|
2998592|
2998593|
2998594|
2998595|
2998596|
2998597|
2998598|
2998599|
2998624|
2998625|
2998626|
2998627|
2998628|
2998629|
2998630|
2998631|
2998656|
2998657|
2998658|
2998659|
2998660|
2998661|
2998662|
2998663|
2998688|
2998689|
2998690|
2998691|
2998692|
2998693|
2998694|
2998695|
2998720|
2998721|
2998722|
2998723|
2998724|
2998725|
2998726|
2998727|
2998752|
2998753|
2998754|
2998755|
2998756|
2998757|
2998758|
2998759|
2998784|
2998785|
2998786|
2998787|
2998788|
2998789|
2998790|
2998791|
2998816|
2998817|
2998818|
2998819|
2998820|
2998821|
2998822|
2998823|
2998848|
2998849|
2998850|
2998851|
2998852|
2998853|
2998854|
2998855|
2998880|
2998881|
2998882|
2998883|
2998884|
2998885|
2998886|
2998887|
2998912|
2998913|
2998914|
2998915|
2998916|
2998917|
2998918|
2998919|
2998944|
2998945|
2998946|
2998947|
2998948|
2998949|
2998950|
2998951|
2998976|
2998977|
2998978|
2998979|
2998980|
2998981|
2998982|
2998983|
2999008|
2999009|
2999010|
2999011|
2999012|
2999013|
2999014|
2999015|
2999040|
2999041|
2999042|
2999043|
2999044|
2999045|
2999046|
2999047|
2999072|
2999073|
2999074|
2999075|
2999076|
2999077|
2999078|
2999079|
2999104|
2999105|
2999106|
2999107|
2999108|
2999109|
2999110|
2999111|
2999136|
2999137|
2999138|
2999139|
2999140|
2999141|
2999142|
2999143|
2999168|
2999169|
2999170|
2999171|
2999172|
2999173|
2999174|
2999175|
2999200|
2999201|
2999202|
2999203|
2999204|
2999205|
2999206|
2999207|
2999232|
2999233|
2999234|
2999235|
2999236|
2999237|
2999238|
2999239|
2999264|
2999265|
2999266|
2999267|
2999268|
2999269|
2999270|
2999271|
2999296|
2999297|
2999298|
2999299|
2999300|
2999301|
2999302|
2999303|
2999328|
2999329|
2999330|
2999331|
2999332|
2999333|
2999334|
2999335|
2999360|
2999361|
2999362|
2999363|
2999364|
2999365|
2999366|
2999367|
2999392|
2999393|
2999394|
2999395|
2999396|
2999397|
2999398|
2999399|
2999424|
2999425|
2999426|
2999427|
2999428|
2999429|
2999430|
2999431|
2999456|
2999457|
2999458|
2999459|
2999460|
2999461|
2999462|
2999463|
2999488|
2999489|
2999490|
2999491|
2999492|
2999493|
2999494|
2999495|
2999520|
2999521|
2999522|
2999523|
2999524|
2999525|
2999526|
2999527|
2999552|
2999553|
2999554|
2999555|
2999556|
2999557|
2999558|
2999559|
2999584|
2999585|
2999586|
2999587|
2999588|
2999589|
2999590|
2999591|
2999616|
2999617|
2999618|
2999619|
2999620|
2999621|
2999622|
2999623|
2999648|
2999649|
2999650|
2999651|
2999652|
2999653|
2999654|
2999655|
2999680|
2999681|
2999682|
2999683|
2999684|
2999685|
2999686|
2999687|
2999712|
2999713|
2999714|
2999715|
2999716|
2999717|
2999718|
2999719|
2999744|
2999745|
2999746|
2999747|
2999748|
2999749|
2999750|
2999751|
2999776|
2999777|
2999778|
2999779|
2999780|
2999781|
2999782|
2999783|
2999808|
2999809|
2999810|
2999811|
2999812|
2999813|
2999814|
2999815|
2999840|
2999841|
2999842|
2999843|
2999844|
2999845|
2999846|
2999847|
2999872|
2999873|
2999874|
2999875|
2999876|
2999877|
2999878|
2999879|
2999904|
2999905|
2999906|
2999907|
2999908|
2999909|
2999910|
2999911|
2999936|
2999937|
2999938|
2999939|
2999940|
2999941|
2999942|
2999943|
2999968|
2999969|
2999970|
2999971|
2999972|
2999973|
2999974|
2999975|
3000000|
