2561989|
2561990|
2561991|
2562016|
2562017|
2562018|
2562019|
2562020|
2562021|
2562022|
2562023|
2562048|
2562049|
2562050|
2562051|
2562052|
2562053|
2562054|
2562055|
2562080|
2562081|
2562082|
2562083|
2562084|
2562085|
2562086|
2562087|
2562112|
2562113|
2562114|
2562115|
2562116|
2562117|
2562118|
2562119|
2562144|
2562145|
2562146|
2562147|
2562148|
2562149|
2562150|
2562151|
2562176|
2562177|
2562178|
2562179|
2562180|
2562181|
2562182|
2562183|
2562208|
2562209|
2562210|
2562211|
2562212|
2562213|
2562214|
2562215|
2562240|
2562241|
2562242|
2562243|
2562244|
2562245|
2562246|
2562247|
2562272|
2562273|
2562274|
2562275|
2562276|
2562277|
2562278|
2562279|
2562304|
2562305|
2562306|
2562307|
2562308|
2562309|
2562310|
2562311|
2562336|
2562337|
2562338|
2562339|
2562340|
2562341|
2562342|
2562343|
2562368|
2562369|
2562370|
2562371|
2562372|
2562373|
2562374|
2562375|
2562400|
2562401|
2562402|
2562403|
2562404|
2562405|
2562406|
2562407|
2562432|
2562433|
2562434|
2562435|
2562436|
2562437|
2562438|
2562439|
2562464|
2562465|
2562466|
2562467|
2562468|
2562469|
2562470|
2562471|
2562496|
2562497|
2562498|
2562499|
2562500|
2562501|
2562502|
2562503|
2562528|
2562529|
2562530|
2562531|
2562532|
2562533|
2562534|
2562535|
2562560|
2562561|
2562562|
2562563|
2562564|
2562565|
2562566|
2562567|
2562592|
2562593|
2562594|
2562595|
2562596|
2562597|
2562598|
2562599|
2562624|
2562625|
2562626|
2562627|
2562628|
2562629|
2562630|
2562631|
2562656|
2562657|
2562658|
2562659|
2562660|
2562661|
2562662|
2562663|
2562688|
2562689|
2562690|
2562691|
2562692|
2562693|
2562694|
2562695|
2562720|
2562721|
2562722|
2562723|
2562724|
2562725|
2562726|
2562727|
2562752|
2562753|
2562754|
2562755|
2562756|
2562757|
2562758|
2562759|
2562784|
2562785|
2562786|
2562787|
2562788|
2562789|
2562790|
2562791|
2562816|
2562817|
2562818|
2562819|
2562820|
2562821|
2562822|
2562823|
2562848|
2562849|
2562850|
2562851|
2562852|
2562853|
2562854|
2562855|
2562880|
2562881|
2562882|
2562883|
2562884|
2562885|
2562886|
2562887|
2562912|
2562913|
2562914|
2562915|
2562916|
2562917|
2562918|
2562919|
2562944|
2562945|
2562946|
2562947|
2562948|
2562949|
2562950|
2562951|
2562976|
2562977|
2562978|
2562979|
2562980|
2562981|
2562982|
2562983|
2563008|
2563009|
2563010|
2563011|
2563012|
2563013|
2563014|
2563015|
2563040|
2563041|
2563042|
2563043|
2563044|
2563045|
2563046|
2563047|
2563072|
2563073|
2563074|
2563075|
2563076|
2563077|
2563078|
2563079|
2563104|
2563105|
2563106|
2563107|
2563108|
2563109|
2563110|
2563111|
2563136|
2563137|
2563138|
2563139|
2563140|
2563141|
2563142|
2563143|
2563168|
2563169|
2563170|
2563171|
2563172|
2563173|
2563174|
2563175|
2563200|
2563201|
2563202|
2563203|
2563204|
2563205|
2563206|
2563207|
2563232|
2563233|
2563234|
2563235|
2563236|
2563237|
2563238|
2563239|
2563264|
2563265|
2563266|
2563267|
2563268|
2563269|
2563270|
2563271|
2563296|
2563297|
2563298|
2563299|
2563300|
2563301|
2563302|
2563303|
2563328|
2563329|
2563330|
2563331|
2563332|
2563333|
2563334|
2563335|
2563360|
2563361|
2563362|
2563363|
2563364|
2563365|
2563366|
2563367|
2563392|
2563393|
2563394|
2563395|
2563396|
2563397|
2563398|
2563399|
2563424|
2563425|
2563426|
2563427|
2563428|
2563429|
2563430|
2563431|
2563456|
2563457|
2563458|
2563459|
2563460|
2563461|
2563462|
2563463|
2563488|
2563489|
2563490|
2563491|
2563492|
2563493|
2563494|
2563495|
2563520|
2563521|
2563522|
2563523|
2563524|
2563525|
2563526|
2563527|
2563552|
2563553|
2563554|
2563555|
2563556|
2563557|
2563558|
2563559|
2563584|
2563585|
2563586|
2563587|
2563588|
2563589|
2563590|
2563591|
2563616|
2563617|
2563618|
2563619|
2563620|
2563621|
2563622|
2563623|
2563648|
2563649|
2563650|
2563651|
2563652|
2563653|
2563654|
2563655|
2563680|
2563681|
2563682|
2563683|
2563684|
2563685|
2563686|
2563687|
2563712|
2563713|
2563714|
2563715|
2563716|
2563717|
2563718|
2563719|
2563744|
2563745|
2563746|
2563747|
2563748|
2563749|
2563750|
2563751|
2563776|
2563777|
2563778|
2563779|
2563780|
2563781|
2563782|
2563783|
2563808|
2563809|
2563810|
2563811|
2563812|
2563813|
2563814|
2563815|
2563840|
2563841|
2563842|
2563843|
2563844|
2563845|
2563846|
2563847|
2563872|
2563873|
2563874|
2563875|
2563876|
2563877|
2563878|
2563879|
2563904|
2563905|
2563906|
2563907|
2563908|
2563909|
2563910|
2563911|
2563936|
2563937|
2563938|
2563939|
2563940|
2563941|
2563942|
2563943|
2563968|
2563969|
2563970|
2563971|
2563972|
2563973|
2563974|
2563975|
2564000|
2564001|
2564002|
2564003|
2564004|
2564005|
2564006|
2564007|
2564032|
2564033|
2564034|
2564035|
2564036|
2564037|
2564038|
2564039|
2564064|
2564065|
2564066|
2564067|
2564068|
2564069|
2564070|
2564071|
2564096|
2564097|
2564098|
2564099|
2564100|
2564101|
2564102|
2564103|
2564128|
2564129|
2564130|
2564131|
2564132|
2564133|
2564134|
2564135|
2564160|
2564161|
2564162|
2564163|
2564164|
2564165|
2564166|
2564167|
2564192|
2564193|
2564194|
2564195|
2564196|
2564197|
2564198|
2564199|
2564224|
2564225|
2564226|
2564227|
2564228|
2564229|
2564230|
2564231|
2564256|
2564257|
2564258|
2564259|
2564260|
2564261|
2564262|
2564263|
2564288|
2564289|
2564290|
2564291|
2564292|
2564293|
2564294|
2564295|
2564320|
2564321|
2564322|
2564323|
2564324|
2564325|
2564326|
2564327|
2564352|
2564353|
2564354|
2564355|
2564356|
2564357|
2564358|
2564359|
2564384|
2564385|
2564386|
2564387|
2564388|
2564389|
2564390|
2564391|
2564416|
2564417|
2564418|
2564419|
2564420|
2564421|
2564422|
2564423|
2564448|
2564449|
2564450|
2564451|
2564452|
2564453|
2564454|
2564455|
2564480|
2564481|
2564482|
2564483|
2564484|
2564485|
2564486|
2564487|
2564512|
2564513|
2564514|
2564515|
2564516|
2564517|
2564518|
2564519|
2564544|
2564545|
2564546|
2564547|
2564548|
2564549|
2564550|
2564551|
2564576|
2564577|
2564578|
2564579|
2564580|
2564581|
2564582|
2564583|
2564608|
2564609|
2564610|
2564611|
2564612|
2564613|
2564614|
2564615|
2564640|
2564641|
2564642|
2564643|
2564644|
2564645|
2564646|
2564647|
2564672|
2564673|
2564674|
2564675|
2564676|
2564677|
2564678|
2564679|
2564704|
2564705|
2564706|
2564707|
2564708|
2564709|
2564710|
2564711|
2564736|
2564737|
2564738|
2564739|
2564740|
2564741|
2564742|
2564743|
2564768|
2564769|
2564770|
2564771|
2564772|
2564773|
2564774|
2564775|
2564800|
2564801|
2564802|
2564803|
2564804|
2564805|
2564806|
2564807|
2564832|
2564833|
2564834|
2564835|
2564836|
2564837|
2564838|
2564839|
2564864|
2564865|
2564866|
2564867|
2564868|
2564869|
2564870|
2564871|
2564896|
2564897|
2564898|
2564899|
2564900|
2564901|
2564902|
2564903|
2564928|
2564929|
2564930|
2564931|
2564932|
2564933|
2564934|
2564935|
2564960|
2564961|
2564962|
2564963|
2564964|
2564965|
2564966|
2564967|
2564992|
2564993|
2564994|
2564995|
2564996|
2564997|
2564998|
2564999|
2565024|
2565025|
2565026|
2565027|
2565028|
2565029|
2565030|
2565031|
2565056|
2565057|
2565058|
2565059|
2565060|
2565061|
2565062|
2565063|
2565088|
2565089|
2565090|
2565091|
2565092|
2565093|
2565094|
2565095|
2565120|
2565121|
2565122|
2565123|
2565124|
2565125|
2565126|
2565127|
2565152|
2565153|
2565154|
2565155|
2565156|
2565157|
2565158|
2565159|
2565184|
2565185|
2565186|
2565187|
2565188|
2565189|
2565190|
2565191|
2565216|
2565217|
2565218|
2565219|
2565220|
2565221|
2565222|
2565223|
2565248|
2565249|
2565250|
2565251|
2565252|
2565253|
2565254|
2565255|
2565280|
2565281|
2565282|
2565283|
2565284|
2565285|
2565286|
2565287|
2565312|
2565313|
2565314|
2565315|
2565316|
2565317|
2565318|
2565319|
2565344|
2565345|
2565346|
2565347|
2565348|
2565349|
2565350|
2565351|
2565376|
2565377|
2565378|
2565379|
2565380|
2565381|
2565382|
2565383|
2565408|
2565409|
2565410|
2565411|
2565412|
2565413|
2565414|
2565415|
2565440|
2565441|
2565442|
2565443|
2565444|
2565445|
2565446|
2565447|
2565472|
2565473|
2565474|
2565475|
2565476|
2565477|
2565478|
2565479|
2565504|
2565505|
2565506|
2565507|
2565508|
2565509|
2565510|
2565511|
2565536|
2565537|
2565538|
2565539|
2565540|
2565541|
2565542|
2565543|
2565568|
2565569|
2565570|
2565571|
2565572|
2565573|
2565574|
2565575|
2565600|
2565601|
2565602|
2565603|
2565604|
2565605|
2565606|
2565607|
2565632|
2565633|
2565634|
2565635|
2565636|
2565637|
2565638|
2565639|
2565664|
2565665|
2565666|
2565667|
2565668|
2565669|
2565670|
2565671|
2565696|
2565697|
2565698|
2565699|
2565700|
2565701|
2565702|
2565703|
2565728|
2565729|
2565730|
2565731|
2565732|
2565733|
2565734|
2565735|
2565760|
2565761|
2565762|
2565763|
2565764|
2565765|
2565766|
2565767|
2565792|
2565793|
2565794|
2565795|
2565796|
2565797|
2565798|
2565799|
2565824|
2565825|
2565826|
2565827|
2565828|
2565829|
2565830|
2565831|
2565856|
2565857|
2565858|
2565859|
2565860|
2565861|
2565862|
2565863|
2565888|
2565889|
2565890|
2565891|
2565892|
2565893|
2565894|
2565895|
2565920|
2565921|
2565922|
2565923|
2565924|
2565925|
2565926|
2565927|
2565952|
2565953|
2565954|
2565955|
2565956|
2565957|
2565958|
2565959|
2565984|
2565985|
2565986|
2565987|
2565988|
2565989|
2565990|
2565991|
2566016|
2566017|
2566018|
2566019|
2566020|
2566021|
2566022|
2566023|
2566048|
2566049|
2566050|
2566051|
2566052|
2566053|
2566054|
2566055|
2566080|
2566081|
2566082|
2566083|
2566084|
2566085|
2566086|
2566087|
2566112|
2566113|
2566114|
2566115|
2566116|
2566117|
2566118|
2566119|
2566144|
2566145|
2566146|
2566147|
2566148|
2566149|
2566150|
2566151|
2566176|
2566177|
2566178|
2566179|
2566180|
2566181|
2566182|
2566183|
2566208|
2566209|
2566210|
2566211|
2566212|
2566213|
2566214|
2566215|
2566240|
2566241|
2566242|
2566243|
2566244|
2566245|
2566246|
2566247|
2566272|
2566273|
2566274|
2566275|
2566276|
2566277|
2566278|
2566279|
2566304|
2566305|
2566306|
2566307|
2566308|
2566309|
2566310|
2566311|
2566336|
2566337|
2566338|
2566339|
2566340|
2566341|
2566342|
2566343|
2566368|
2566369|
2566370|
2566371|
2566372|
2566373|
2566374|
2566375|
2566400|
2566401|
2566402|
2566403|
2566404|
2566405|
2566406|
2566407|
2566432|
2566433|
2566434|
2566435|
2566436|
2566437|
2566438|
2566439|
2566464|
2566465|
2566466|
2566467|
2566468|
2566469|
2566470|
2566471|
2566496|
2566497|
2566498|
2566499|
2566500|
2566501|
2566502|
2566503|
2566528|
2566529|
2566530|
2566531|
2566532|
2566533|
2566534|
2566535|
2566560|
2566561|
2566562|
2566563|
2566564|
2566565|
2566566|
2566567|
2566592|
2566593|
2566594|
2566595|
2566596|
2566597|
2566598|
2566599|
2566624|
2566625|
2566626|
2566627|
2566628|
2566629|
2566630|
2566631|
2566656|
2566657|
2566658|
2566659|
2566660|
2566661|
2566662|
2566663|
2566688|
2566689|
2566690|
2566691|
2566692|
2566693|
2566694|
2566695|
2566720|
2566721|
2566722|
2566723|
2566724|
2566725|
2566726|
2566727|
2566752|
2566753|
2566754|
2566755|
2566756|
2566757|
2566758|
2566759|
2566784|
2566785|
2566786|
2566787|
2566788|
2566789|
2566790|
2566791|
2566816|
2566817|
2566818|
2566819|
2566820|
2566821|
2566822|
2566823|
2566848|
2566849|
2566850|
2566851|
2566852|
2566853|
2566854|
2566855|
2566880|
2566881|
2566882|
2566883|
2566884|
2566885|
2566886|
2566887|
2566912|
2566913|
2566914|
2566915|
2566916|
2566917|
2566918|
2566919|
2566944|
2566945|
2566946|
2566947|
2566948|
2566949|
2566950|
2566951|
2566976|
2566977|
2566978|
2566979|
2566980|
2566981|
2566982|
2566983|
2567008|
2567009|
2567010|
2567011|
2567012|
2567013|
2567014|
2567015|
2567040|
2567041|
2567042|
2567043|
2567044|
2567045|
2567046|
2567047|
2567072|
2567073|
2567074|
2567075|
2567076|
2567077|
2567078|
2567079|
2567104|
2567105|
2567106|
2567107|
2567108|
2567109|
2567110|
2567111|
2567136|
2567137|
2567138|
2567139|
2567140|
2567141|
2567142|
2567143|
2567168|
2567169|
2567170|
2567171|
2567172|
2567173|
2567174|
2567175|
2567200|
2567201|
2567202|
2567203|
2567204|
2567205|
2567206|
2567207|
2567232|
2567233|
2567234|
2567235|
2567236|
2567237|
2567238|
2567239|
2567264|
2567265|
2567266|
2567267|
2567268|
2567269|
2567270|
2567271|
2567296|
2567297|
2567298|
2567299|
2567300|
2567301|
2567302|
2567303|
2567328|
2567329|
2567330|
2567331|
2567332|
2567333|
2567334|
2567335|
2567360|
2567361|
2567362|
2567363|
2567364|
2567365|
2567366|
2567367|
2567392|
2567393|
2567394|
2567395|
2567396|
2567397|
2567398|
2567399|
2567424|
2567425|
2567426|
2567427|
2567428|
2567429|
2567430|
2567431|
2567456|
2567457|
2567458|
2567459|
2567460|
2567461|
2567462|
2567463|
2567488|
2567489|
2567490|
2567491|
2567492|
2567493|
2567494|
2567495|
2567520|
2567521|
2567522|
2567523|
2567524|
2567525|
2567526|
2567527|
2567552|
2567553|
2567554|
2567555|
2567556|
2567557|
2567558|
2567559|
2567584|
2567585|
2567586|
2567587|
2567588|
2567589|
2567590|
2567591|
2567616|
2567617|
2567618|
2567619|
2567620|
2567621|
2567622|
2567623|
2567648|
2567649|
2567650|
2567651|
2567652|
2567653|
2567654|
2567655|
2567680|
2567681|
2567682|
2567683|
2567684|
2567685|
2567686|
2567687|
2567712|
2567713|
2567714|
2567715|
2567716|
2567717|
2567718|
2567719|
2567744|
2567745|
2567746|
2567747|
2567748|
2567749|
2567750|
2567751|
2567776|
2567777|
2567778|
2567779|
2567780|
2567781|
2567782|
2567783|
2567808|
2567809|
2567810|
2567811|
2567812|
2567813|
2567814|
2567815|
2567840|
2567841|
2567842|
2567843|
2567844|
2567845|
2567846|
2567847|
2567872|
2567873|
2567874|
2567875|
2567876|
2567877|
2567878|
2567879|
2567904|
2567905|
2567906|
2567907|
2567908|
2567909|
2567910|
2567911|
2567936|
2567937|
2567938|
2567939|
2567940|
2567941|
2567942|
2567943|
2567968|
2567969|
2567970|
2567971|
2567972|
2567973|
2567974|
2567975|
2568000|
