1373989|
1373990|
1373991|
1374016|
1374017|
1374018|
1374019|
1374020|
1374021|
1374022|
1374023|
1374048|
1374049|
1374050|
1374051|
1374052|
1374053|
1374054|
1374055|
1374080|
1374081|
1374082|
1374083|
1374084|
1374085|
1374086|
1374087|
1374112|
1374113|
1374114|
1374115|
1374116|
1374117|
1374118|
1374119|
1374144|
1374145|
1374146|
1374147|
1374148|
1374149|
1374150|
1374151|
1374176|
1374177|
1374178|
1374179|
1374180|
1374181|
1374182|
1374183|
1374208|
1374209|
1374210|
1374211|
1374212|
1374213|
1374214|
1374215|
1374240|
1374241|
1374242|
1374243|
1374244|
1374245|
1374246|
1374247|
1374272|
1374273|
1374274|
1374275|
1374276|
1374277|
1374278|
1374279|
1374304|
1374305|
1374306|
1374307|
1374308|
1374309|
1374310|
1374311|
1374336|
1374337|
1374338|
1374339|
1374340|
1374341|
1374342|
1374343|
1374368|
1374369|
1374370|
1374371|
1374372|
1374373|
1374374|
1374375|
1374400|
1374401|
1374402|
1374403|
1374404|
1374405|
1374406|
1374407|
1374432|
1374433|
1374434|
1374435|
1374436|
1374437|
1374438|
1374439|
1374464|
1374465|
1374466|
1374467|
1374468|
1374469|
1374470|
1374471|
1374496|
1374497|
1374498|
1374499|
1374500|
1374501|
1374502|
1374503|
1374528|
1374529|
1374530|
1374531|
1374532|
1374533|
1374534|
1374535|
1374560|
1374561|
1374562|
1374563|
1374564|
1374565|
1374566|
1374567|
1374592|
1374593|
1374594|
1374595|
1374596|
1374597|
1374598|
1374599|
1374624|
1374625|
1374626|
1374627|
1374628|
1374629|
1374630|
1374631|
1374656|
1374657|
1374658|
1374659|
1374660|
1374661|
1374662|
1374663|
1374688|
1374689|
1374690|
1374691|
1374692|
1374693|
1374694|
1374695|
1374720|
1374721|
1374722|
1374723|
1374724|
1374725|
1374726|
1374727|
1374752|
1374753|
1374754|
1374755|
1374756|
1374757|
1374758|
1374759|
1374784|
1374785|
1374786|
1374787|
1374788|
1374789|
1374790|
1374791|
1374816|
1374817|
1374818|
1374819|
1374820|
1374821|
1374822|
1374823|
1374848|
1374849|
1374850|
1374851|
1374852|
1374853|
1374854|
1374855|
1374880|
1374881|
1374882|
1374883|
1374884|
1374885|
1374886|
1374887|
1374912|
1374913|
1374914|
1374915|
1374916|
1374917|
1374918|
1374919|
1374944|
1374945|
1374946|
1374947|
1374948|
1374949|
1374950|
1374951|
1374976|
1374977|
1374978|
1374979|
1374980|
1374981|
1374982|
1374983|
1375008|
1375009|
1375010|
1375011|
1375012|
1375013|
1375014|
1375015|
1375040|
1375041|
1375042|
1375043|
1375044|
1375045|
1375046|
1375047|
1375072|
1375073|
1375074|
1375075|
1375076|
1375077|
1375078|
1375079|
1375104|
1375105|
1375106|
1375107|
1375108|
1375109|
1375110|
1375111|
1375136|
1375137|
1375138|
1375139|
1375140|
1375141|
1375142|
1375143|
1375168|
1375169|
1375170|
1375171|
1375172|
1375173|
1375174|
1375175|
1375200|
1375201|
1375202|
1375203|
1375204|
1375205|
1375206|
1375207|
1375232|
1375233|
1375234|
1375235|
1375236|
1375237|
1375238|
1375239|
1375264|
1375265|
1375266|
1375267|
1375268|
1375269|
1375270|
1375271|
1375296|
1375297|
1375298|
1375299|
1375300|
1375301|
1375302|
1375303|
1375328|
1375329|
1375330|
1375331|
1375332|
1375333|
1375334|
1375335|
1375360|
1375361|
1375362|
1375363|
1375364|
1375365|
1375366|
1375367|
1375392|
1375393|
1375394|
1375395|
1375396|
1375397|
1375398|
1375399|
1375424|
1375425|
1375426|
1375427|
1375428|
1375429|
1375430|
1375431|
1375456|
1375457|
1375458|
1375459|
1375460|
1375461|
1375462|
1375463|
1375488|
1375489|
1375490|
1375491|
1375492|
1375493|
1375494|
1375495|
1375520|
1375521|
1375522|
1375523|
1375524|
1375525|
1375526|
1375527|
1375552|
1375553|
1375554|
1375555|
1375556|
1375557|
1375558|
1375559|
1375584|
1375585|
1375586|
1375587|
1375588|
1375589|
1375590|
1375591|
1375616|
1375617|
1375618|
1375619|
1375620|
1375621|
1375622|
1375623|
1375648|
1375649|
1375650|
1375651|
1375652|
1375653|
1375654|
1375655|
1375680|
1375681|
1375682|
1375683|
1375684|
1375685|
1375686|
1375687|
1375712|
1375713|
1375714|
1375715|
1375716|
1375717|
1375718|
1375719|
1375744|
1375745|
1375746|
1375747|
1375748|
1375749|
1375750|
1375751|
1375776|
1375777|
1375778|
1375779|
1375780|
1375781|
1375782|
1375783|
1375808|
1375809|
1375810|
1375811|
1375812|
1375813|
1375814|
1375815|
1375840|
1375841|
1375842|
1375843|
1375844|
1375845|
1375846|
1375847|
1375872|
1375873|
1375874|
1375875|
1375876|
1375877|
1375878|
1375879|
1375904|
1375905|
1375906|
1375907|
1375908|
1375909|
1375910|
1375911|
1375936|
1375937|
1375938|
1375939|
1375940|
1375941|
1375942|
1375943|
1375968|
1375969|
1375970|
1375971|
1375972|
1375973|
1375974|
1375975|
1376000|
1376001|
1376002|
1376003|
1376004|
1376005|
1376006|
1376007|
1376032|
1376033|
1376034|
1376035|
1376036|
1376037|
1376038|
1376039|
1376064|
1376065|
1376066|
1376067|
1376068|
1376069|
1376070|
1376071|
1376096|
1376097|
1376098|
1376099|
1376100|
1376101|
1376102|
1376103|
1376128|
1376129|
1376130|
1376131|
1376132|
1376133|
1376134|
1376135|
1376160|
1376161|
1376162|
1376163|
1376164|
1376165|
1376166|
1376167|
1376192|
1376193|
1376194|
1376195|
1376196|
1376197|
1376198|
1376199|
1376224|
1376225|
1376226|
1376227|
1376228|
1376229|
1376230|
1376231|
1376256|
1376257|
1376258|
1376259|
1376260|
1376261|
1376262|
1376263|
1376288|
1376289|
1376290|
1376291|
1376292|
1376293|
1376294|
1376295|
1376320|
1376321|
1376322|
1376323|
1376324|
1376325|
1376326|
1376327|
1376352|
1376353|
1376354|
1376355|
1376356|
1376357|
1376358|
1376359|
1376384|
1376385|
1376386|
1376387|
1376388|
1376389|
1376390|
1376391|
1376416|
1376417|
1376418|
1376419|
1376420|
1376421|
1376422|
1376423|
1376448|
1376449|
1376450|
1376451|
1376452|
1376453|
1376454|
1376455|
1376480|
1376481|
1376482|
1376483|
1376484|
1376485|
1376486|
1376487|
1376512|
1376513|
1376514|
1376515|
1376516|
1376517|
1376518|
1376519|
1376544|
1376545|
1376546|
1376547|
1376548|
1376549|
1376550|
1376551|
1376576|
1376577|
1376578|
1376579|
1376580|
1376581|
1376582|
1376583|
1376608|
1376609|
1376610|
1376611|
1376612|
1376613|
1376614|
1376615|
1376640|
1376641|
1376642|
1376643|
1376644|
1376645|
1376646|
1376647|
1376672|
1376673|
1376674|
1376675|
1376676|
1376677|
1376678|
1376679|
1376704|
1376705|
1376706|
1376707|
1376708|
1376709|
1376710|
1376711|
1376736|
1376737|
1376738|
1376739|
1376740|
1376741|
1376742|
1376743|
1376768|
1376769|
1376770|
1376771|
1376772|
1376773|
1376774|
1376775|
1376800|
1376801|
1376802|
1376803|
1376804|
1376805|
1376806|
1376807|
1376832|
1376833|
1376834|
1376835|
1376836|
1376837|
1376838|
1376839|
1376864|
1376865|
1376866|
1376867|
1376868|
1376869|
1376870|
1376871|
1376896|
1376897|
1376898|
1376899|
1376900|
1376901|
1376902|
1376903|
1376928|
1376929|
1376930|
1376931|
1376932|
1376933|
1376934|
1376935|
1376960|
1376961|
1376962|
1376963|
1376964|
1376965|
1376966|
1376967|
1376992|
1376993|
1376994|
1376995|
1376996|
1376997|
1376998|
1376999|
1377024|
1377025|
1377026|
1377027|
1377028|
1377029|
1377030|
1377031|
1377056|
1377057|
1377058|
1377059|
1377060|
1377061|
1377062|
1377063|
1377088|
1377089|
1377090|
1377091|
1377092|
1377093|
1377094|
1377095|
1377120|
1377121|
1377122|
1377123|
1377124|
1377125|
1377126|
1377127|
1377152|
1377153|
1377154|
1377155|
1377156|
1377157|
1377158|
1377159|
1377184|
1377185|
1377186|
1377187|
1377188|
1377189|
1377190|
1377191|
1377216|
1377217|
1377218|
1377219|
1377220|
1377221|
1377222|
1377223|
1377248|
1377249|
1377250|
1377251|
1377252|
1377253|
1377254|
1377255|
1377280|
1377281|
1377282|
1377283|
1377284|
1377285|
1377286|
1377287|
1377312|
1377313|
1377314|
1377315|
1377316|
1377317|
1377318|
1377319|
1377344|
1377345|
1377346|
1377347|
1377348|
1377349|
1377350|
1377351|
1377376|
1377377|
1377378|
1377379|
1377380|
1377381|
1377382|
1377383|
1377408|
1377409|
1377410|
1377411|
1377412|
1377413|
1377414|
1377415|
1377440|
1377441|
1377442|
1377443|
1377444|
1377445|
1377446|
1377447|
1377472|
1377473|
1377474|
1377475|
1377476|
1377477|
1377478|
1377479|
1377504|
1377505|
1377506|
1377507|
1377508|
1377509|
1377510|
1377511|
1377536|
1377537|
1377538|
1377539|
1377540|
1377541|
1377542|
1377543|
1377568|
1377569|
1377570|
1377571|
1377572|
1377573|
1377574|
1377575|
1377600|
1377601|
1377602|
1377603|
1377604|
1377605|
1377606|
1377607|
1377632|
1377633|
1377634|
1377635|
1377636|
1377637|
1377638|
1377639|
1377664|
1377665|
1377666|
1377667|
1377668|
1377669|
1377670|
1377671|
1377696|
1377697|
1377698|
1377699|
1377700|
1377701|
1377702|
1377703|
1377728|
1377729|
1377730|
1377731|
1377732|
1377733|
1377734|
1377735|
1377760|
1377761|
1377762|
1377763|
1377764|
1377765|
1377766|
1377767|
1377792|
1377793|
1377794|
1377795|
1377796|
1377797|
1377798|
1377799|
1377824|
1377825|
1377826|
1377827|
1377828|
1377829|
1377830|
1377831|
1377856|
1377857|
1377858|
1377859|
1377860|
1377861|
1377862|
1377863|
1377888|
1377889|
1377890|
1377891|
1377892|
1377893|
1377894|
1377895|
1377920|
1377921|
1377922|
1377923|
1377924|
1377925|
1377926|
1377927|
1377952|
1377953|
1377954|
1377955|
1377956|
1377957|
1377958|
1377959|
1377984|
1377985|
1377986|
1377987|
1377988|
1377989|
1377990|
1377991|
1378016|
1378017|
1378018|
1378019|
1378020|
1378021|
1378022|
1378023|
1378048|
1378049|
1378050|
1378051|
1378052|
1378053|
1378054|
1378055|
1378080|
1378081|
1378082|
1378083|
1378084|
1378085|
1378086|
1378087|
1378112|
1378113|
1378114|
1378115|
1378116|
1378117|
1378118|
1378119|
1378144|
1378145|
1378146|
1378147|
1378148|
1378149|
1378150|
1378151|
1378176|
1378177|
1378178|
1378179|
1378180|
1378181|
1378182|
1378183|
1378208|
1378209|
1378210|
1378211|
1378212|
1378213|
1378214|
1378215|
1378240|
1378241|
1378242|
1378243|
1378244|
1378245|
1378246|
1378247|
1378272|
1378273|
1378274|
1378275|
1378276|
1378277|
1378278|
1378279|
1378304|
1378305|
1378306|
1378307|
1378308|
1378309|
1378310|
1378311|
1378336|
1378337|
1378338|
1378339|
1378340|
1378341|
1378342|
1378343|
1378368|
1378369|
1378370|
1378371|
1378372|
1378373|
1378374|
1378375|
1378400|
1378401|
1378402|
1378403|
1378404|
1378405|
1378406|
1378407|
1378432|
1378433|
1378434|
1378435|
1378436|
1378437|
1378438|
1378439|
1378464|
1378465|
1378466|
1378467|
1378468|
1378469|
1378470|
1378471|
1378496|
1378497|
1378498|
1378499|
1378500|
1378501|
1378502|
1378503|
1378528|
1378529|
1378530|
1378531|
1378532|
1378533|
1378534|
1378535|
1378560|
1378561|
1378562|
1378563|
1378564|
1378565|
1378566|
1378567|
1378592|
1378593|
1378594|
1378595|
1378596|
1378597|
1378598|
1378599|
1378624|
1378625|
1378626|
1378627|
1378628|
1378629|
1378630|
1378631|
1378656|
1378657|
1378658|
1378659|
1378660|
1378661|
1378662|
1378663|
1378688|
1378689|
1378690|
1378691|
1378692|
1378693|
1378694|
1378695|
1378720|
1378721|
1378722|
1378723|
1378724|
1378725|
1378726|
1378727|
1378752|
1378753|
1378754|
1378755|
1378756|
1378757|
1378758|
1378759|
1378784|
1378785|
1378786|
1378787|
1378788|
1378789|
1378790|
1378791|
1378816|
1378817|
1378818|
1378819|
1378820|
1378821|
1378822|
1378823|
1378848|
1378849|
1378850|
1378851|
1378852|
1378853|
1378854|
1378855|
1378880|
1378881|
1378882|
1378883|
1378884|
1378885|
1378886|
1378887|
1378912|
1378913|
1378914|
1378915|
1378916|
1378917|
1378918|
1378919|
1378944|
1378945|
1378946|
1378947|
1378948|
1378949|
1378950|
1378951|
1378976|
1378977|
1378978|
1378979|
1378980|
1378981|
1378982|
1378983|
1379008|
1379009|
1379010|
1379011|
1379012|
1379013|
1379014|
1379015|
1379040|
1379041|
1379042|
1379043|
1379044|
1379045|
1379046|
1379047|
1379072|
1379073|
1379074|
1379075|
1379076|
1379077|
1379078|
1379079|
1379104|
1379105|
1379106|
1379107|
1379108|
1379109|
1379110|
1379111|
1379136|
1379137|
1379138|
1379139|
1379140|
1379141|
1379142|
1379143|
1379168|
1379169|
1379170|
1379171|
1379172|
1379173|
1379174|
1379175|
1379200|
1379201|
1379202|
1379203|
1379204|
1379205|
1379206|
1379207|
1379232|
1379233|
1379234|
1379235|
1379236|
1379237|
1379238|
1379239|
1379264|
1379265|
1379266|
1379267|
1379268|
1379269|
1379270|
1379271|
1379296|
1379297|
1379298|
1379299|
1379300|
1379301|
1379302|
1379303|
1379328|
1379329|
1379330|
1379331|
1379332|
1379333|
1379334|
1379335|
1379360|
1379361|
1379362|
1379363|
1379364|
1379365|
1379366|
1379367|
1379392|
1379393|
1379394|
1379395|
1379396|
1379397|
1379398|
1379399|
1379424|
1379425|
1379426|
1379427|
1379428|
1379429|
1379430|
1379431|
1379456|
1379457|
1379458|
1379459|
1379460|
1379461|
1379462|
1379463|
1379488|
1379489|
1379490|
1379491|
1379492|
1379493|
1379494|
1379495|
1379520|
1379521|
1379522|
1379523|
1379524|
1379525|
1379526|
1379527|
1379552|
1379553|
1379554|
1379555|
1379556|
1379557|
1379558|
1379559|
1379584|
1379585|
1379586|
1379587|
1379588|
1379589|
1379590|
1379591|
1379616|
1379617|
1379618|
1379619|
1379620|
1379621|
1379622|
1379623|
1379648|
1379649|
1379650|
1379651|
1379652|
1379653|
1379654|
1379655|
1379680|
1379681|
1379682|
1379683|
1379684|
1379685|
1379686|
1379687|
1379712|
1379713|
1379714|
1379715|
1379716|
1379717|
1379718|
1379719|
1379744|
1379745|
1379746|
1379747|
1379748|
1379749|
1379750|
1379751|
1379776|
1379777|
1379778|
1379779|
1379780|
1379781|
1379782|
1379783|
1379808|
1379809|
1379810|
1379811|
1379812|
1379813|
1379814|
1379815|
1379840|
1379841|
1379842|
1379843|
1379844|
1379845|
1379846|
1379847|
1379872|
1379873|
1379874|
1379875|
1379876|
1379877|
1379878|
1379879|
1379904|
1379905|
1379906|
1379907|
1379908|
1379909|
1379910|
1379911|
1379936|
1379937|
1379938|
1379939|
1379940|
1379941|
1379942|
1379943|
1379968|
1379969|
1379970|
1379971|
1379972|
1379973|
1379974|
1379975|
1380000|
