473989|
473990|
473991|
474016|
474017|
474018|
474019|
474020|
474021|
474022|
474023|
474048|
474049|
474050|
474051|
474052|
474053|
474054|
474055|
474080|
474081|
474082|
474083|
474084|
474085|
474086|
474087|
474112|
474113|
474114|
474115|
474116|
474117|
474118|
474119|
474144|
474145|
474146|
474147|
474148|
474149|
474150|
474151|
474176|
474177|
474178|
474179|
474180|
474181|
474182|
474183|
474208|
474209|
474210|
474211|
474212|
474213|
474214|
474215|
474240|
474241|
474242|
474243|
474244|
474245|
474246|
474247|
474272|
474273|
474274|
474275|
474276|
474277|
474278|
474279|
474304|
474305|
474306|
474307|
474308|
474309|
474310|
474311|
474336|
474337|
474338|
474339|
474340|
474341|
474342|
474343|
474368|
474369|
474370|
474371|
474372|
474373|
474374|
474375|
474400|
474401|
474402|
474403|
474404|
474405|
474406|
474407|
474432|
474433|
474434|
474435|
474436|
474437|
474438|
474439|
474464|
474465|
474466|
474467|
474468|
474469|
474470|
474471|
474496|
474497|
474498|
474499|
474500|
474501|
474502|
474503|
474528|
474529|
474530|
474531|
474532|
474533|
474534|
474535|
474560|
474561|
474562|
474563|
474564|
474565|
474566|
474567|
474592|
474593|
474594|
474595|
474596|
474597|
474598|
474599|
474624|
474625|
474626|
474627|
474628|
474629|
474630|
474631|
474656|
474657|
474658|
474659|
474660|
474661|
474662|
474663|
474688|
474689|
474690|
474691|
474692|
474693|
474694|
474695|
474720|
474721|
474722|
474723|
474724|
474725|
474726|
474727|
474752|
474753|
474754|
474755|
474756|
474757|
474758|
474759|
474784|
474785|
474786|
474787|
474788|
474789|
474790|
474791|
474816|
474817|
474818|
474819|
474820|
474821|
474822|
474823|
474848|
474849|
474850|
474851|
474852|
474853|
474854|
474855|
474880|
474881|
474882|
474883|
474884|
474885|
474886|
474887|
474912|
474913|
474914|
474915|
474916|
474917|
474918|
474919|
474944|
474945|
474946|
474947|
474948|
474949|
474950|
474951|
474976|
474977|
474978|
474979|
474980|
474981|
474982|
474983|
475008|
475009|
475010|
475011|
475012|
475013|
475014|
475015|
475040|
475041|
475042|
475043|
475044|
475045|
475046|
475047|
475072|
475073|
475074|
475075|
475076|
475077|
475078|
475079|
475104|
475105|
475106|
475107|
475108|
475109|
475110|
475111|
475136|
475137|
475138|
475139|
475140|
475141|
475142|
475143|
475168|
475169|
475170|
475171|
475172|
475173|
475174|
475175|
475200|
475201|
475202|
475203|
475204|
475205|
475206|
475207|
475232|
475233|
475234|
475235|
475236|
475237|
475238|
475239|
475264|
475265|
475266|
475267|
475268|
475269|
475270|
475271|
475296|
475297|
475298|
475299|
475300|
475301|
475302|
475303|
475328|
475329|
475330|
475331|
475332|
475333|
475334|
475335|
475360|
475361|
475362|
475363|
475364|
475365|
475366|
475367|
475392|
475393|
475394|
475395|
475396|
475397|
475398|
475399|
475424|
475425|
475426|
475427|
475428|
475429|
475430|
475431|
475456|
475457|
475458|
475459|
475460|
475461|
475462|
475463|
475488|
475489|
475490|
475491|
475492|
475493|
475494|
475495|
475520|
475521|
475522|
475523|
475524|
475525|
475526|
475527|
475552|
475553|
475554|
475555|
475556|
475557|
475558|
475559|
475584|
475585|
475586|
475587|
475588|
475589|
475590|
475591|
475616|
475617|
475618|
475619|
475620|
475621|
475622|
475623|
475648|
475649|
475650|
475651|
475652|
475653|
475654|
475655|
475680|
475681|
475682|
475683|
475684|
475685|
475686|
475687|
475712|
475713|
475714|
475715|
475716|
475717|
475718|
475719|
475744|
475745|
475746|
475747|
475748|
475749|
475750|
475751|
475776|
475777|
475778|
475779|
475780|
475781|
475782|
475783|
475808|
475809|
475810|
475811|
475812|
475813|
475814|
475815|
475840|
475841|
475842|
475843|
475844|
475845|
475846|
475847|
475872|
475873|
475874|
475875|
475876|
475877|
475878|
475879|
475904|
475905|
475906|
475907|
475908|
475909|
475910|
475911|
475936|
475937|
475938|
475939|
475940|
475941|
475942|
475943|
475968|
475969|
475970|
475971|
475972|
475973|
475974|
475975|
476000|
476001|
476002|
476003|
476004|
476005|
476006|
476007|
476032|
476033|
476034|
476035|
476036|
476037|
476038|
476039|
476064|
476065|
476066|
476067|
476068|
476069|
476070|
476071|
476096|
476097|
476098|
476099|
476100|
476101|
476102|
476103|
476128|
476129|
476130|
476131|
476132|
476133|
476134|
476135|
476160|
476161|
476162|
476163|
476164|
476165|
476166|
476167|
476192|
476193|
476194|
476195|
476196|
476197|
476198|
476199|
476224|
476225|
476226|
476227|
476228|
476229|
476230|
476231|
476256|
476257|
476258|
476259|
476260|
476261|
476262|
476263|
476288|
476289|
476290|
476291|
476292|
476293|
476294|
476295|
476320|
476321|
476322|
476323|
476324|
476325|
476326|
476327|
476352|
476353|
476354|
476355|
476356|
476357|
476358|
476359|
476384|
476385|
476386|
476387|
476388|
476389|
476390|
476391|
476416|
476417|
476418|
476419|
476420|
476421|
476422|
476423|
476448|
476449|
476450|
476451|
476452|
476453|
476454|
476455|
476480|
476481|
476482|
476483|
476484|
476485|
476486|
476487|
476512|
476513|
476514|
476515|
476516|
476517|
476518|
476519|
476544|
476545|
476546|
476547|
476548|
476549|
476550|
476551|
476576|
476577|
476578|
476579|
476580|
476581|
476582|
476583|
476608|
476609|
476610|
476611|
476612|
476613|
476614|
476615|
476640|
476641|
476642|
476643|
476644|
476645|
476646|
476647|
476672|
476673|
476674|
476675|
476676|
476677|
476678|
476679|
476704|
476705|
476706|
476707|
476708|
476709|
476710|
476711|
476736|
476737|
476738|
476739|
476740|
476741|
476742|
476743|
476768|
476769|
476770|
476771|
476772|
476773|
476774|
476775|
476800|
476801|
476802|
476803|
476804|
476805|
476806|
476807|
476832|
476833|
476834|
476835|
476836|
476837|
476838|
476839|
476864|
476865|
476866|
476867|
476868|
476869|
476870|
476871|
476896|
476897|
476898|
476899|
476900|
476901|
476902|
476903|
476928|
476929|
476930|
476931|
476932|
476933|
476934|
476935|
476960|
476961|
476962|
476963|
476964|
476965|
476966|
476967|
476992|
476993|
476994|
476995|
476996|
476997|
476998|
476999|
477024|
477025|
477026|
477027|
477028|
477029|
477030|
477031|
477056|
477057|
477058|
477059|
477060|
477061|
477062|
477063|
477088|
477089|
477090|
477091|
477092|
477093|
477094|
477095|
477120|
477121|
477122|
477123|
477124|
477125|
477126|
477127|
477152|
477153|
477154|
477155|
477156|
477157|
477158|
477159|
477184|
477185|
477186|
477187|
477188|
477189|
477190|
477191|
477216|
477217|
477218|
477219|
477220|
477221|
477222|
477223|
477248|
477249|
477250|
477251|
477252|
477253|
477254|
477255|
477280|
477281|
477282|
477283|
477284|
477285|
477286|
477287|
477312|
477313|
477314|
477315|
477316|
477317|
477318|
477319|
477344|
477345|
477346|
477347|
477348|
477349|
477350|
477351|
477376|
477377|
477378|
477379|
477380|
477381|
477382|
477383|
477408|
477409|
477410|
477411|
477412|
477413|
477414|
477415|
477440|
477441|
477442|
477443|
477444|
477445|
477446|
477447|
477472|
477473|
477474|
477475|
477476|
477477|
477478|
477479|
477504|
477505|
477506|
477507|
477508|
477509|
477510|
477511|
477536|
477537|
477538|
477539|
477540|
477541|
477542|
477543|
477568|
477569|
477570|
477571|
477572|
477573|
477574|
477575|
477600|
477601|
477602|
477603|
477604|
477605|
477606|
477607|
477632|
477633|
477634|
477635|
477636|
477637|
477638|
477639|
477664|
477665|
477666|
477667|
477668|
477669|
477670|
477671|
477696|
477697|
477698|
477699|
477700|
477701|
477702|
477703|
477728|
477729|
477730|
477731|
477732|
477733|
477734|
477735|
477760|
477761|
477762|
477763|
477764|
477765|
477766|
477767|
477792|
477793|
477794|
477795|
477796|
477797|
477798|
477799|
477824|
477825|
477826|
477827|
477828|
477829|
477830|
477831|
477856|
477857|
477858|
477859|
477860|
477861|
477862|
477863|
477888|
477889|
477890|
477891|
477892|
477893|
477894|
477895|
477920|
477921|
477922|
477923|
477924|
477925|
477926|
477927|
477952|
477953|
477954|
477955|
477956|
477957|
477958|
477959|
477984|
477985|
477986|
477987|
477988|
477989|
477990|
477991|
478016|
478017|
478018|
478019|
478020|
478021|
478022|
478023|
478048|
478049|
478050|
478051|
478052|
478053|
478054|
478055|
478080|
478081|
478082|
478083|
478084|
478085|
478086|
478087|
478112|
478113|
478114|
478115|
478116|
478117|
478118|
478119|
478144|
478145|
478146|
478147|
478148|
478149|
478150|
478151|
478176|
478177|
478178|
478179|
478180|
478181|
478182|
478183|
478208|
478209|
478210|
478211|
478212|
478213|
478214|
478215|
478240|
478241|
478242|
478243|
478244|
478245|
478246|
478247|
478272|
478273|
478274|
478275|
478276|
478277|
478278|
478279|
478304|
478305|
478306|
478307|
478308|
478309|
478310|
478311|
478336|
478337|
478338|
478339|
478340|
478341|
478342|
478343|
478368|
478369|
478370|
478371|
478372|
478373|
478374|
478375|
478400|
478401|
478402|
478403|
478404|
478405|
478406|
478407|
478432|
478433|
478434|
478435|
478436|
478437|
478438|
478439|
478464|
478465|
478466|
478467|
478468|
478469|
478470|
478471|
478496|
478497|
478498|
478499|
478500|
478501|
478502|
478503|
478528|
478529|
478530|
478531|
478532|
478533|
478534|
478535|
478560|
478561|
478562|
478563|
478564|
478565|
478566|
478567|
478592|
478593|
478594|
478595|
478596|
478597|
478598|
478599|
478624|
478625|
478626|
478627|
478628|
478629|
478630|
478631|
478656|
478657|
478658|
478659|
478660|
478661|
478662|
478663|
478688|
478689|
478690|
478691|
478692|
478693|
478694|
478695|
478720|
478721|
478722|
478723|
478724|
478725|
478726|
478727|
478752|
478753|
478754|
478755|
478756|
478757|
478758|
478759|
478784|
478785|
478786|
478787|
478788|
478789|
478790|
478791|
478816|
478817|
478818|
478819|
478820|
478821|
478822|
478823|
478848|
478849|
478850|
478851|
478852|
478853|
478854|
478855|
478880|
478881|
478882|
478883|
478884|
478885|
478886|
478887|
478912|
478913|
478914|
478915|
478916|
478917|
478918|
478919|
478944|
478945|
478946|
478947|
478948|
478949|
478950|
478951|
478976|
478977|
478978|
478979|
478980|
478981|
478982|
478983|
479008|
479009|
479010|
479011|
479012|
479013|
479014|
479015|
479040|
479041|
479042|
479043|
479044|
479045|
479046|
479047|
479072|
479073|
479074|
479075|
479076|
479077|
479078|
479079|
479104|
479105|
479106|
479107|
479108|
479109|
479110|
479111|
479136|
479137|
479138|
479139|
479140|
479141|
479142|
479143|
479168|
479169|
479170|
479171|
479172|
479173|
479174|
479175|
479200|
479201|
479202|
479203|
479204|
479205|
479206|
479207|
479232|
479233|
479234|
479235|
479236|
479237|
479238|
479239|
479264|
479265|
479266|
479267|
479268|
479269|
479270|
479271|
479296|
479297|
479298|
479299|
479300|
479301|
479302|
479303|
479328|
479329|
479330|
479331|
479332|
479333|
479334|
479335|
479360|
479361|
479362|
479363|
479364|
479365|
479366|
479367|
479392|
479393|
479394|
479395|
479396|
479397|
479398|
479399|
479424|
479425|
479426|
479427|
479428|
479429|
479430|
479431|
479456|
479457|
479458|
479459|
479460|
479461|
479462|
479463|
479488|
479489|
479490|
479491|
479492|
479493|
479494|
479495|
479520|
479521|
479522|
479523|
479524|
479525|
479526|
479527|
479552|
479553|
479554|
479555|
479556|
479557|
479558|
479559|
479584|
479585|
479586|
479587|
479588|
479589|
479590|
479591|
479616|
479617|
479618|
479619|
479620|
479621|
479622|
479623|
479648|
479649|
479650|
479651|
479652|
479653|
479654|
479655|
479680|
479681|
479682|
479683|
479684|
479685|
479686|
479687|
479712|
479713|
479714|
479715|
479716|
479717|
479718|
479719|
479744|
479745|
479746|
479747|
479748|
479749|
479750|
479751|
479776|
479777|
479778|
479779|
479780|
479781|
479782|
479783|
479808|
479809|
479810|
479811|
479812|
479813|
479814|
479815|
479840|
479841|
479842|
479843|
479844|
479845|
479846|
479847|
479872|
479873|
479874|
479875|
479876|
479877|
479878|
479879|
479904|
479905|
479906|
479907|
479908|
479909|
479910|
479911|
479936|
479937|
479938|
479939|
479940|
479941|
479942|
479943|
479968|
479969|
479970|
479971|
479972|
479973|
479974|
479975|
480000|
