2208001|
2208002|
2208003|
2208004|
2208005|
2208006|
2208007|
2208032|
2208033|
2208034|
2208035|
2208036|
2208037|
2208038|
2208039|
2208064|
2208065|
2208066|
2208067|
2208068|
2208069|
2208070|
2208071|
2208096|
2208097|
2208098|
2208099|
2208100|
2208101|
2208102|
2208103|
2208128|
2208129|
2208130|
2208131|
2208132|
2208133|
2208134|
2208135|
2208160|
2208161|
2208162|
2208163|
2208164|
2208165|
2208166|
2208167|
2208192|
2208193|
2208194|
2208195|
2208196|
2208197|
2208198|
2208199|
2208224|
2208225|
2208226|
2208227|
2208228|
2208229|
2208230|
2208231|
2208256|
2208257|
2208258|
2208259|
2208260|
2208261|
2208262|
2208263|
2208288|
2208289|
2208290|
2208291|
2208292|
2208293|
2208294|
2208295|
2208320|
2208321|
2208322|
2208323|
2208324|
2208325|
2208326|
2208327|
2208352|
2208353|
2208354|
2208355|
2208356|
2208357|
2208358|
2208359|
2208384|
2208385|
2208386|
2208387|
2208388|
2208389|
2208390|
2208391|
2208416|
2208417|
2208418|
2208419|
2208420|
2208421|
2208422|
2208423|
2208448|
2208449|
2208450|
2208451|
2208452|
2208453|
2208454|
2208455|
2208480|
2208481|
2208482|
2208483|
2208484|
2208485|
2208486|
2208487|
2208512|
2208513|
2208514|
2208515|
2208516|
2208517|
2208518|
2208519|
2208544|
2208545|
2208546|
2208547|
2208548|
2208549|
2208550|
2208551|
2208576|
2208577|
2208578|
2208579|
2208580|
2208581|
2208582|
2208583|
2208608|
2208609|
2208610|
2208611|
2208612|
2208613|
2208614|
2208615|
2208640|
2208641|
2208642|
2208643|
2208644|
2208645|
2208646|
2208647|
2208672|
2208673|
2208674|
2208675|
2208676|
2208677|
2208678|
2208679|
2208704|
2208705|
2208706|
2208707|
2208708|
2208709|
2208710|
2208711|
2208736|
2208737|
2208738|
2208739|
2208740|
2208741|
2208742|
2208743|
2208768|
2208769|
2208770|
2208771|
2208772|
2208773|
2208774|
2208775|
2208800|
2208801|
2208802|
2208803|
2208804|
2208805|
2208806|
2208807|
2208832|
2208833|
2208834|
2208835|
2208836|
2208837|
2208838|
2208839|
2208864|
2208865|
2208866|
2208867|
2208868|
2208869|
2208870|
2208871|
2208896|
2208897|
2208898|
2208899|
2208900|
2208901|
2208902|
2208903|
2208928|
2208929|
2208930|
2208931|
2208932|
2208933|
2208934|
2208935|
2208960|
2208961|
2208962|
2208963|
2208964|
2208965|
2208966|
2208967|
2208992|
2208993|
2208994|
2208995|
2208996|
2208997|
2208998|
2208999|
2209024|
2209025|
2209026|
2209027|
2209028|
2209029|
2209030|
2209031|
2209056|
2209057|
2209058|
2209059|
2209060|
2209061|
2209062|
2209063|
2209088|
2209089|
2209090|
2209091|
2209092|
2209093|
2209094|
2209095|
2209120|
2209121|
2209122|
2209123|
2209124|
2209125|
2209126|
2209127|
2209152|
2209153|
2209154|
2209155|
2209156|
2209157|
2209158|
2209159|
2209184|
2209185|
2209186|
2209187|
2209188|
2209189|
2209190|
2209191|
2209216|
2209217|
2209218|
2209219|
2209220|
2209221|
2209222|
2209223|
2209248|
2209249|
2209250|
2209251|
2209252|
2209253|
2209254|
2209255|
2209280|
2209281|
2209282|
2209283|
2209284|
2209285|
2209286|
2209287|
2209312|
2209313|
2209314|
2209315|
2209316|
2209317|
2209318|
2209319|
2209344|
2209345|
2209346|
2209347|
2209348|
2209349|
2209350|
2209351|
2209376|
2209377|
2209378|
2209379|
2209380|
2209381|
2209382|
2209383|
2209408|
2209409|
2209410|
2209411|
2209412|
2209413|
2209414|
2209415|
2209440|
2209441|
2209442|
2209443|
2209444|
2209445|
2209446|
2209447|
2209472|
2209473|
2209474|
2209475|
2209476|
2209477|
2209478|
2209479|
2209504|
2209505|
2209506|
2209507|
2209508|
2209509|
2209510|
2209511|
2209536|
2209537|
2209538|
2209539|
2209540|
2209541|
2209542|
2209543|
2209568|
2209569|
2209570|
2209571|
2209572|
2209573|
2209574|
2209575|
2209600|
2209601|
2209602|
2209603|
2209604|
2209605|
2209606|
2209607|
2209632|
2209633|
2209634|
2209635|
2209636|
2209637|
2209638|
2209639|
2209664|
2209665|
2209666|
2209667|
2209668|
2209669|
2209670|
2209671|
2209696|
2209697|
2209698|
2209699|
2209700|
2209701|
2209702|
2209703|
2209728|
2209729|
2209730|
2209731|
2209732|
2209733|
2209734|
2209735|
2209760|
2209761|
2209762|
2209763|
2209764|
2209765|
2209766|
2209767|
2209792|
2209793|
2209794|
2209795|
2209796|
2209797|
2209798|
2209799|
2209824|
2209825|
2209826|
2209827|
2209828|
2209829|
2209830|
2209831|
2209856|
2209857|
2209858|
2209859|
2209860|
2209861|
2209862|
2209863|
2209888|
2209889|
2209890|
2209891|
2209892|
2209893|
2209894|
2209895|
2209920|
2209921|
2209922|
2209923|
2209924|
2209925|
2209926|
2209927|
2209952|
2209953|
2209954|
2209955|
2209956|
2209957|
2209958|
2209959|
2209984|
2209985|
2209986|
2209987|
2209988|
2209989|
2209990|
2209991|
2210016|
2210017|
2210018|
2210019|
2210020|
2210021|
2210022|
2210023|
2210048|
2210049|
2210050|
2210051|
2210052|
2210053|
2210054|
2210055|
2210080|
2210081|
2210082|
2210083|
2210084|
2210085|
2210086|
2210087|
2210112|
2210113|
2210114|
2210115|
2210116|
2210117|
2210118|
2210119|
2210144|
2210145|
2210146|
2210147|
2210148|
2210149|
2210150|
2210151|
2210176|
2210177|
2210178|
2210179|
2210180|
2210181|
2210182|
2210183|
2210208|
2210209|
2210210|
2210211|
2210212|
2210213|
2210214|
2210215|
2210240|
2210241|
2210242|
2210243|
2210244|
2210245|
2210246|
2210247|
2210272|
2210273|
2210274|
2210275|
2210276|
2210277|
2210278|
2210279|
2210304|
2210305|
2210306|
2210307|
2210308|
2210309|
2210310|
2210311|
2210336|
2210337|
2210338|
2210339|
2210340|
2210341|
2210342|
2210343|
2210368|
2210369|
2210370|
2210371|
2210372|
2210373|
2210374|
2210375|
2210400|
2210401|
2210402|
2210403|
2210404|
2210405|
2210406|
2210407|
2210432|
2210433|
2210434|
2210435|
2210436|
2210437|
2210438|
2210439|
2210464|
2210465|
2210466|
2210467|
2210468|
2210469|
2210470|
2210471|
2210496|
2210497|
2210498|
2210499|
2210500|
2210501|
2210502|
2210503|
2210528|
2210529|
2210530|
2210531|
2210532|
2210533|
2210534|
2210535|
2210560|
2210561|
2210562|
2210563|
2210564|
2210565|
2210566|
2210567|
2210592|
2210593|
2210594|
2210595|
2210596|
2210597|
2210598|
2210599|
2210624|
2210625|
2210626|
2210627|
2210628|
2210629|
2210630|
2210631|
2210656|
2210657|
2210658|
2210659|
2210660|
2210661|
2210662|
2210663|
2210688|
2210689|
2210690|
2210691|
2210692|
2210693|
2210694|
2210695|
2210720|
2210721|
2210722|
2210723|
2210724|
2210725|
2210726|
2210727|
2210752|
2210753|
2210754|
2210755|
2210756|
2210757|
2210758|
2210759|
2210784|
2210785|
2210786|
2210787|
2210788|
2210789|
2210790|
2210791|
2210816|
2210817|
2210818|
2210819|
2210820|
2210821|
2210822|
2210823|
2210848|
2210849|
2210850|
2210851|
2210852|
2210853|
2210854|
2210855|
2210880|
2210881|
2210882|
2210883|
2210884|
2210885|
2210886|
2210887|
2210912|
2210913|
2210914|
2210915|
2210916|
2210917|
2210918|
2210919|
2210944|
2210945|
2210946|
2210947|
2210948|
2210949|
2210950|
2210951|
2210976|
2210977|
2210978|
2210979|
2210980|
2210981|
2210982|
2210983|
2211008|
2211009|
2211010|
2211011|
2211012|
2211013|
2211014|
2211015|
2211040|
2211041|
2211042|
2211043|
2211044|
2211045|
2211046|
2211047|
2211072|
2211073|
2211074|
2211075|
2211076|
2211077|
2211078|
2211079|
2211104|
2211105|
2211106|
2211107|
2211108|
2211109|
2211110|
2211111|
2211136|
2211137|
2211138|
2211139|
2211140|
2211141|
2211142|
2211143|
2211168|
2211169|
2211170|
2211171|
2211172|
2211173|
2211174|
2211175|
2211200|
2211201|
2211202|
2211203|
2211204|
2211205|
2211206|
2211207|
2211232|
2211233|
2211234|
2211235|
2211236|
2211237|
2211238|
2211239|
2211264|
2211265|
2211266|
2211267|
2211268|
2211269|
2211270|
2211271|
2211296|
2211297|
2211298|
2211299|
2211300|
2211301|
2211302|
2211303|
2211328|
2211329|
2211330|
2211331|
2211332|
2211333|
2211334|
2211335|
2211360|
2211361|
2211362|
2211363|
2211364|
2211365|
2211366|
2211367|
2211392|
2211393|
2211394|
2211395|
2211396|
2211397|
2211398|
2211399|
2211424|
2211425|
2211426|
2211427|
2211428|
2211429|
2211430|
2211431|
2211456|
2211457|
2211458|
2211459|
2211460|
2211461|
2211462|
2211463|
2211488|
2211489|
2211490|
2211491|
2211492|
2211493|
2211494|
2211495|
2211520|
2211521|
2211522|
2211523|
2211524|
2211525|
2211526|
2211527|
2211552|
2211553|
2211554|
2211555|
2211556|
2211557|
2211558|
2211559|
2211584|
2211585|
2211586|
2211587|
2211588|
2211589|
2211590|
2211591|
2211616|
2211617|
2211618|
2211619|
2211620|
2211621|
2211622|
2211623|
2211648|
2211649|
2211650|
2211651|
2211652|
2211653|
2211654|
2211655|
2211680|
2211681|
2211682|
2211683|
2211684|
2211685|
2211686|
2211687|
2211712|
2211713|
2211714|
2211715|
2211716|
2211717|
2211718|
2211719|
2211744|
2211745|
2211746|
2211747|
2211748|
2211749|
2211750|
2211751|
2211776|
2211777|
2211778|
2211779|
2211780|
2211781|
2211782|
2211783|
2211808|
2211809|
2211810|
2211811|
2211812|
2211813|
2211814|
2211815|
2211840|
2211841|
2211842|
2211843|
2211844|
2211845|
2211846|
2211847|
2211872|
2211873|
2211874|
2211875|
2211876|
2211877|
2211878|
2211879|
2211904|
2211905|
2211906|
2211907|
2211908|
2211909|
2211910|
2211911|
2211936|
2211937|
2211938|
2211939|
2211940|
2211941|
2211942|
2211943|
2211968|
2211969|
2211970|
2211971|
2211972|
2211973|
2211974|
2211975|
2212000|
2212001|
2212002|
2212003|
2212004|
2212005|
2212006|
2212007|
2212032|
2212033|
2212034|
2212035|
2212036|
2212037|
2212038|
2212039|
2212064|
2212065|
2212066|
2212067|
2212068|
2212069|
2212070|
2212071|
2212096|
2212097|
2212098|
2212099|
2212100|
2212101|
2212102|
2212103|
2212128|
2212129|
2212130|
2212131|
2212132|
2212133|
2212134|
2212135|
2212160|
2212161|
2212162|
2212163|
2212164|
2212165|
2212166|
2212167|
2212192|
2212193|
2212194|
2212195|
2212196|
2212197|
2212198|
2212199|
2212224|
2212225|
2212226|
2212227|
2212228|
2212229|
2212230|
2212231|
2212256|
2212257|
2212258|
2212259|
2212260|
2212261|
2212262|
2212263|
2212288|
2212289|
2212290|
2212291|
2212292|
2212293|
2212294|
2212295|
2212320|
2212321|
2212322|
2212323|
2212324|
2212325|
2212326|
2212327|
2212352|
2212353|
2212354|
2212355|
2212356|
2212357|
2212358|
2212359|
2212384|
2212385|
2212386|
2212387|
2212388|
2212389|
2212390|
2212391|
2212416|
2212417|
2212418|
2212419|
2212420|
2212421|
2212422|
2212423|
2212448|
2212449|
2212450|
2212451|
2212452|
2212453|
2212454|
2212455|
2212480|
2212481|
2212482|
2212483|
2212484|
2212485|
2212486|
2212487|
2212512|
2212513|
2212514|
2212515|
2212516|
2212517|
2212518|
2212519|
2212544|
2212545|
2212546|
2212547|
2212548|
2212549|
2212550|
2212551|
2212576|
2212577|
2212578|
2212579|
2212580|
2212581|
2212582|
2212583|
2212608|
2212609|
2212610|
2212611|
2212612|
2212613|
2212614|
2212615|
2212640|
2212641|
2212642|
2212643|
2212644|
2212645|
2212646|
2212647|
2212672|
2212673|
2212674|
2212675|
2212676|
2212677|
2212678|
2212679|
2212704|
2212705|
2212706|
2212707|
2212708|
2212709|
2212710|
2212711|
2212736|
2212737|
2212738|
2212739|
2212740|
2212741|
2212742|
2212743|
2212768|
2212769|
2212770|
2212771|
2212772|
2212773|
2212774|
2212775|
2212800|
2212801|
2212802|
2212803|
2212804|
2212805|
2212806|
2212807|
2212832|
2212833|
2212834|
2212835|
2212836|
2212837|
2212838|
2212839|
2212864|
2212865|
2212866|
2212867|
2212868|
2212869|
2212870|
2212871|
2212896|
2212897|
2212898|
2212899|
2212900|
2212901|
2212902|
2212903|
2212928|
2212929|
2212930|
2212931|
2212932|
2212933|
2212934|
2212935|
2212960|
2212961|
2212962|
2212963|
2212964|
2212965|
2212966|
2212967|
2212992|
2212993|
2212994|
2212995|
2212996|
2212997|
2212998|
2212999|
2213024|
2213025|
2213026|
2213027|
2213028|
2213029|
2213030|
2213031|
2213056|
2213057|
2213058|
2213059|
2213060|
2213061|
2213062|
2213063|
2213088|
2213089|
2213090|
2213091|
2213092|
2213093|
2213094|
2213095|
2213120|
2213121|
2213122|
2213123|
2213124|
2213125|
2213126|
2213127|
2213152|
2213153|
2213154|
2213155|
2213156|
2213157|
2213158|
2213159|
2213184|
2213185|
2213186|
2213187|
2213188|
2213189|
2213190|
2213191|
2213216|
2213217|
2213218|
2213219|
2213220|
2213221|
2213222|
2213223|
2213248|
2213249|
2213250|
2213251|
2213252|
2213253|
2213254|
2213255|
2213280|
2213281|
2213282|
2213283|
2213284|
2213285|
2213286|
2213287|
2213312|
2213313|
2213314|
2213315|
2213316|
2213317|
2213318|
2213319|
2213344|
2213345|
2213346|
2213347|
2213348|
2213349|
2213350|
2213351|
2213376|
2213377|
2213378|
2213379|
2213380|
2213381|
2213382|
2213383|
2213408|
2213409|
2213410|
2213411|
2213412|
2213413|
2213414|
2213415|
2213440|
2213441|
2213442|
2213443|
2213444|
2213445|
2213446|
2213447|
2213472|
2213473|
2213474|
2213475|
2213476|
2213477|
2213478|
2213479|
2213504|
2213505|
2213506|
2213507|
2213508|
2213509|
2213510|
2213511|
2213536|
2213537|
2213538|
2213539|
2213540|
2213541|
2213542|
2213543|
2213568|
2213569|
2213570|
2213571|
2213572|
2213573|
2213574|
2213575|
2213600|
2213601|
2213602|
2213603|
2213604|
2213605|
2213606|
2213607|
2213632|
2213633|
2213634|
2213635|
2213636|
2213637|
2213638|
2213639|
2213664|
2213665|
2213666|
2213667|
2213668|
2213669|
2213670|
2213671|
2213696|
2213697|
2213698|
2213699|
2213700|
2213701|
2213702|
2213703|
2213728|
2213729|
2213730|
2213731|
2213732|
2213733|
2213734|
2213735|
2213760|
2213761|
2213762|
2213763|
2213764|
2213765|
2213766|
2213767|
2213792|
2213793|
2213794|
2213795|
2213796|
2213797|
2213798|
2213799|
2213824|
2213825|
2213826|
2213827|
2213828|
2213829|
2213830|
2213831|
2213856|
2213857|
2213858|
2213859|
2213860|
2213861|
2213862|
2213863|
2213888|
2213889|
2213890|
2213891|
2213892|
2213893|
2213894|
2213895|
2213920|
2213921|
2213922|
2213923|
2213924|
2213925|
2213926|
2213927|
2213952|
2213953|
2213954|
2213955|
2213956|
2213957|
2213958|
2213959|
2213984|
2213985|
2213986|
2213987|
2213988|
