2580001|
2580002|
2580003|
2580004|
2580005|
2580006|
2580007|
2580032|
2580033|
2580034|
2580035|
2580036|
2580037|
2580038|
2580039|
2580064|
2580065|
2580066|
2580067|
2580068|
2580069|
2580070|
2580071|
2580096|
2580097|
2580098|
2580099|
2580100|
2580101|
2580102|
2580103|
2580128|
2580129|
2580130|
2580131|
2580132|
2580133|
2580134|
2580135|
2580160|
2580161|
2580162|
2580163|
2580164|
2580165|
2580166|
2580167|
2580192|
2580193|
2580194|
2580195|
2580196|
2580197|
2580198|
2580199|
2580224|
2580225|
2580226|
2580227|
2580228|
2580229|
2580230|
2580231|
2580256|
2580257|
2580258|
2580259|
2580260|
2580261|
2580262|
2580263|
2580288|
2580289|
2580290|
2580291|
2580292|
2580293|
2580294|
2580295|
2580320|
2580321|
2580322|
2580323|
2580324|
2580325|
2580326|
2580327|
2580352|
2580353|
2580354|
2580355|
2580356|
2580357|
2580358|
2580359|
2580384|
2580385|
2580386|
2580387|
2580388|
2580389|
2580390|
2580391|
2580416|
2580417|
2580418|
2580419|
2580420|
2580421|
2580422|
2580423|
2580448|
2580449|
2580450|
2580451|
2580452|
2580453|
2580454|
2580455|
2580480|
2580481|
2580482|
2580483|
2580484|
2580485|
2580486|
2580487|
2580512|
2580513|
2580514|
2580515|
2580516|
2580517|
2580518|
2580519|
2580544|
2580545|
2580546|
2580547|
2580548|
2580549|
2580550|
2580551|
2580576|
2580577|
2580578|
2580579|
2580580|
2580581|
2580582|
2580583|
2580608|
2580609|
2580610|
2580611|
2580612|
2580613|
2580614|
2580615|
2580640|
2580641|
2580642|
2580643|
2580644|
2580645|
2580646|
2580647|
2580672|
2580673|
2580674|
2580675|
2580676|
2580677|
2580678|
2580679|
2580704|
2580705|
2580706|
2580707|
2580708|
2580709|
2580710|
2580711|
2580736|
2580737|
2580738|
2580739|
2580740|
2580741|
2580742|
2580743|
2580768|
2580769|
2580770|
2580771|
2580772|
2580773|
2580774|
2580775|
2580800|
2580801|
2580802|
2580803|
2580804|
2580805|
2580806|
2580807|
2580832|
2580833|
2580834|
2580835|
2580836|
2580837|
2580838|
2580839|
2580864|
2580865|
2580866|
2580867|
2580868|
2580869|
2580870|
2580871|
2580896|
2580897|
2580898|
2580899|
2580900|
2580901|
2580902|
2580903|
2580928|
2580929|
2580930|
2580931|
2580932|
2580933|
2580934|
2580935|
2580960|
2580961|
2580962|
2580963|
2580964|
2580965|
2580966|
2580967|
2580992|
2580993|
2580994|
2580995|
2580996|
2580997|
2580998|
2580999|
2581024|
2581025|
2581026|
2581027|
2581028|
2581029|
2581030|
2581031|
2581056|
2581057|
2581058|
2581059|
2581060|
2581061|
2581062|
2581063|
2581088|
2581089|
2581090|
2581091|
2581092|
2581093|
2581094|
2581095|
2581120|
2581121|
2581122|
2581123|
2581124|
2581125|
2581126|
2581127|
2581152|
2581153|
2581154|
2581155|
2581156|
2581157|
2581158|
2581159|
2581184|
2581185|
2581186|
2581187|
2581188|
2581189|
2581190|
2581191|
2581216|
2581217|
2581218|
2581219|
2581220|
2581221|
2581222|
2581223|
2581248|
2581249|
2581250|
2581251|
2581252|
2581253|
2581254|
2581255|
2581280|
2581281|
2581282|
2581283|
2581284|
2581285|
2581286|
2581287|
2581312|
2581313|
2581314|
2581315|
2581316|
2581317|
2581318|
2581319|
2581344|
2581345|
2581346|
2581347|
2581348|
2581349|
2581350|
2581351|
2581376|
2581377|
2581378|
2581379|
2581380|
2581381|
2581382|
2581383|
2581408|
2581409|
2581410|
2581411|
2581412|
2581413|
2581414|
2581415|
2581440|
2581441|
2581442|
2581443|
2581444|
2581445|
2581446|
2581447|
2581472|
2581473|
2581474|
2581475|
2581476|
2581477|
2581478|
2581479|
2581504|
2581505|
2581506|
2581507|
2581508|
2581509|
2581510|
2581511|
2581536|
2581537|
2581538|
2581539|
2581540|
2581541|
2581542|
2581543|
2581568|
2581569|
2581570|
2581571|
2581572|
2581573|
2581574|
2581575|
2581600|
2581601|
2581602|
2581603|
2581604|
2581605|
2581606|
2581607|
2581632|
2581633|
2581634|
2581635|
2581636|
2581637|
2581638|
2581639|
2581664|
2581665|
2581666|
2581667|
2581668|
2581669|
2581670|
2581671|
2581696|
2581697|
2581698|
2581699|
2581700|
2581701|
2581702|
2581703|
2581728|
2581729|
2581730|
2581731|
2581732|
2581733|
2581734|
2581735|
2581760|
2581761|
2581762|
2581763|
2581764|
2581765|
2581766|
2581767|
2581792|
2581793|
2581794|
2581795|
2581796|
2581797|
2581798|
2581799|
2581824|
2581825|
2581826|
2581827|
2581828|
2581829|
2581830|
2581831|
2581856|
2581857|
2581858|
2581859|
2581860|
2581861|
2581862|
2581863|
2581888|
2581889|
2581890|
2581891|
2581892|
2581893|
2581894|
2581895|
2581920|
2581921|
2581922|
2581923|
2581924|
2581925|
2581926|
2581927|
2581952|
2581953|
2581954|
2581955|
2581956|
2581957|
2581958|
2581959|
2581984|
2581985|
2581986|
2581987|
2581988|
2581989|
2581990|
2581991|
2582016|
2582017|
2582018|
2582019|
2582020|
2582021|
2582022|
2582023|
2582048|
2582049|
2582050|
2582051|
2582052|
2582053|
2582054|
2582055|
2582080|
2582081|
2582082|
2582083|
2582084|
2582085|
2582086|
2582087|
2582112|
2582113|
2582114|
2582115|
2582116|
2582117|
2582118|
2582119|
2582144|
2582145|
2582146|
2582147|
2582148|
2582149|
2582150|
2582151|
2582176|
2582177|
2582178|
2582179|
2582180|
2582181|
2582182|
2582183|
2582208|
2582209|
2582210|
2582211|
2582212|
2582213|
2582214|
2582215|
2582240|
2582241|
2582242|
2582243|
2582244|
2582245|
2582246|
2582247|
2582272|
2582273|
2582274|
2582275|
2582276|
2582277|
2582278|
2582279|
2582304|
2582305|
2582306|
2582307|
2582308|
2582309|
2582310|
2582311|
2582336|
2582337|
2582338|
2582339|
2582340|
2582341|
2582342|
2582343|
2582368|
2582369|
2582370|
2582371|
2582372|
2582373|
2582374|
2582375|
2582400|
2582401|
2582402|
2582403|
2582404|
2582405|
2582406|
2582407|
2582432|
2582433|
2582434|
2582435|
2582436|
2582437|
2582438|
2582439|
2582464|
2582465|
2582466|
2582467|
2582468|
2582469|
2582470|
2582471|
2582496|
2582497|
2582498|
2582499|
2582500|
2582501|
2582502|
2582503|
2582528|
2582529|
2582530|
2582531|
2582532|
2582533|
2582534|
2582535|
2582560|
2582561|
2582562|
2582563|
2582564|
2582565|
2582566|
2582567|
2582592|
2582593|
2582594|
2582595|
2582596|
2582597|
2582598|
2582599|
2582624|
2582625|
2582626|
2582627|
2582628|
2582629|
2582630|
2582631|
2582656|
2582657|
2582658|
2582659|
2582660|
2582661|
2582662|
2582663|
2582688|
2582689|
2582690|
2582691|
2582692|
2582693|
2582694|
2582695|
2582720|
2582721|
2582722|
2582723|
2582724|
2582725|
2582726|
2582727|
2582752|
2582753|
2582754|
2582755|
2582756|
2582757|
2582758|
2582759|
2582784|
2582785|
2582786|
2582787|
2582788|
2582789|
2582790|
2582791|
2582816|
2582817|
2582818|
2582819|
2582820|
2582821|
2582822|
2582823|
2582848|
2582849|
2582850|
2582851|
2582852|
2582853|
2582854|
2582855|
2582880|
2582881|
2582882|
2582883|
2582884|
2582885|
2582886|
2582887|
2582912|
2582913|
2582914|
2582915|
2582916|
2582917|
2582918|
2582919|
2582944|
2582945|
2582946|
2582947|
2582948|
2582949|
2582950|
2582951|
2582976|
2582977|
2582978|
2582979|
2582980|
2582981|
2582982|
2582983|
2583008|
2583009|
2583010|
2583011|
2583012|
2583013|
2583014|
2583015|
2583040|
2583041|
2583042|
2583043|
2583044|
2583045|
2583046|
2583047|
2583072|
2583073|
2583074|
2583075|
2583076|
2583077|
2583078|
2583079|
2583104|
2583105|
2583106|
2583107|
2583108|
2583109|
2583110|
2583111|
2583136|
2583137|
2583138|
2583139|
2583140|
2583141|
2583142|
2583143|
2583168|
2583169|
2583170|
2583171|
2583172|
2583173|
2583174|
2583175|
2583200|
2583201|
2583202|
2583203|
2583204|
2583205|
2583206|
2583207|
2583232|
2583233|
2583234|
2583235|
2583236|
2583237|
2583238|
2583239|
2583264|
2583265|
2583266|
2583267|
2583268|
2583269|
2583270|
2583271|
2583296|
2583297|
2583298|
2583299|
2583300|
2583301|
2583302|
2583303|
2583328|
2583329|
2583330|
2583331|
2583332|
2583333|
2583334|
2583335|
2583360|
2583361|
2583362|
2583363|
2583364|
2583365|
2583366|
2583367|
2583392|
2583393|
2583394|
2583395|
2583396|
2583397|
2583398|
2583399|
2583424|
2583425|
2583426|
2583427|
2583428|
2583429|
2583430|
2583431|
2583456|
2583457|
2583458|
2583459|
2583460|
2583461|
2583462|
2583463|
2583488|
2583489|
2583490|
2583491|
2583492|
2583493|
2583494|
2583495|
2583520|
2583521|
2583522|
2583523|
2583524|
2583525|
2583526|
2583527|
2583552|
2583553|
2583554|
2583555|
2583556|
2583557|
2583558|
2583559|
2583584|
2583585|
2583586|
2583587|
2583588|
2583589|
2583590|
2583591|
2583616|
2583617|
2583618|
2583619|
2583620|
2583621|
2583622|
2583623|
2583648|
2583649|
2583650|
2583651|
2583652|
2583653|
2583654|
2583655|
2583680|
2583681|
2583682|
2583683|
2583684|
2583685|
2583686|
2583687|
2583712|
2583713|
2583714|
2583715|
2583716|
2583717|
2583718|
2583719|
2583744|
2583745|
2583746|
2583747|
2583748|
2583749|
2583750|
2583751|
2583776|
2583777|
2583778|
2583779|
2583780|
2583781|
2583782|
2583783|
2583808|
2583809|
2583810|
2583811|
2583812|
2583813|
2583814|
2583815|
2583840|
2583841|
2583842|
2583843|
2583844|
2583845|
2583846|
2583847|
2583872|
2583873|
2583874|
2583875|
2583876|
2583877|
2583878|
2583879|
2583904|
2583905|
2583906|
2583907|
2583908|
2583909|
2583910|
2583911|
2583936|
2583937|
2583938|
2583939|
2583940|
2583941|
2583942|
2583943|
2583968|
2583969|
2583970|
2583971|
2583972|
2583973|
2583974|
2583975|
2584000|
2584001|
2584002|
2584003|
2584004|
2584005|
2584006|
2584007|
2584032|
2584033|
2584034|
2584035|
2584036|
2584037|
2584038|
2584039|
2584064|
2584065|
2584066|
2584067|
2584068|
2584069|
2584070|
2584071|
2584096|
2584097|
2584098|
2584099|
2584100|
2584101|
2584102|
2584103|
2584128|
2584129|
2584130|
2584131|
2584132|
2584133|
2584134|
2584135|
2584160|
2584161|
2584162|
2584163|
2584164|
2584165|
2584166|
2584167|
2584192|
2584193|
2584194|
2584195|
2584196|
2584197|
2584198|
2584199|
2584224|
2584225|
2584226|
2584227|
2584228|
2584229|
2584230|
2584231|
2584256|
2584257|
2584258|
2584259|
2584260|
2584261|
2584262|
2584263|
2584288|
2584289|
2584290|
2584291|
2584292|
2584293|
2584294|
2584295|
2584320|
2584321|
2584322|
2584323|
2584324|
2584325|
2584326|
2584327|
2584352|
2584353|
2584354|
2584355|
2584356|
2584357|
2584358|
2584359|
2584384|
2584385|
2584386|
2584387|
2584388|
2584389|
2584390|
2584391|
2584416|
2584417|
2584418|
2584419|
2584420|
2584421|
2584422|
2584423|
2584448|
2584449|
2584450|
2584451|
2584452|
2584453|
2584454|
2584455|
2584480|
2584481|
2584482|
2584483|
2584484|
2584485|
2584486|
2584487|
2584512|
2584513|
2584514|
2584515|
2584516|
2584517|
2584518|
2584519|
2584544|
2584545|
2584546|
2584547|
2584548|
2584549|
2584550|
2584551|
2584576|
2584577|
2584578|
2584579|
2584580|
2584581|
2584582|
2584583|
2584608|
2584609|
2584610|
2584611|
2584612|
2584613|
2584614|
2584615|
2584640|
2584641|
2584642|
2584643|
2584644|
2584645|
2584646|
2584647|
2584672|
2584673|
2584674|
2584675|
2584676|
2584677|
2584678|
2584679|
2584704|
2584705|
2584706|
2584707|
2584708|
2584709|
2584710|
2584711|
2584736|
2584737|
2584738|
2584739|
2584740|
2584741|
2584742|
2584743|
2584768|
2584769|
2584770|
2584771|
2584772|
2584773|
2584774|
2584775|
2584800|
2584801|
2584802|
2584803|
2584804|
2584805|
2584806|
2584807|
2584832|
2584833|
2584834|
2584835|
2584836|
2584837|
2584838|
2584839|
2584864|
2584865|
2584866|
2584867|
2584868|
2584869|
2584870|
2584871|
2584896|
2584897|
2584898|
2584899|
2584900|
2584901|
2584902|
2584903|
2584928|
2584929|
2584930|
2584931|
2584932|
2584933|
2584934|
2584935|
2584960|
2584961|
2584962|
2584963|
2584964|
2584965|
2584966|
2584967|
2584992|
2584993|
2584994|
2584995|
2584996|
2584997|
2584998|
2584999|
2585024|
2585025|
2585026|
2585027|
2585028|
2585029|
2585030|
2585031|
2585056|
2585057|
2585058|
2585059|
2585060|
2585061|
2585062|
2585063|
2585088|
2585089|
2585090|
2585091|
2585092|
2585093|
2585094|
2585095|
2585120|
2585121|
2585122|
2585123|
2585124|
2585125|
2585126|
2585127|
2585152|
2585153|
2585154|
2585155|
2585156|
2585157|
2585158|
2585159|
2585184|
2585185|
2585186|
2585187|
2585188|
2585189|
2585190|
2585191|
2585216|
2585217|
2585218|
2585219|
2585220|
2585221|
2585222|
2585223|
2585248|
2585249|
2585250|
2585251|
2585252|
2585253|
2585254|
2585255|
2585280|
2585281|
2585282|
2585283|
2585284|
2585285|
2585286|
2585287|
2585312|
2585313|
2585314|
2585315|
2585316|
2585317|
2585318|
2585319|
2585344|
2585345|
2585346|
2585347|
2585348|
2585349|
2585350|
2585351|
2585376|
2585377|
2585378|
2585379|
2585380|
2585381|
2585382|
2585383|
2585408|
2585409|
2585410|
2585411|
2585412|
2585413|
2585414|
2585415|
2585440|
2585441|
2585442|
2585443|
2585444|
2585445|
2585446|
2585447|
2585472|
2585473|
2585474|
2585475|
2585476|
2585477|
2585478|
2585479|
2585504|
2585505|
2585506|
2585507|
2585508|
2585509|
2585510|
2585511|
2585536|
2585537|
2585538|
2585539|
2585540|
2585541|
2585542|
2585543|
2585568|
2585569|
2585570|
2585571|
2585572|
2585573|
2585574|
2585575|
2585600|
2585601|
2585602|
2585603|
2585604|
2585605|
2585606|
2585607|
2585632|
2585633|
2585634|
2585635|
2585636|
2585637|
2585638|
2585639|
2585664|
2585665|
2585666|
2585667|
2585668|
2585669|
2585670|
2585671|
2585696|
2585697|
2585698|
2585699|
2585700|
2585701|
2585702|
2585703|
2585728|
2585729|
2585730|
2585731|
2585732|
2585733|
2585734|
2585735|
2585760|
2585761|
2585762|
2585763|
2585764|
2585765|
2585766|
2585767|
2585792|
2585793|
2585794|
2585795|
2585796|
2585797|
2585798|
2585799|
2585824|
2585825|
2585826|
2585827|
2585828|
2585829|
2585830|
2585831|
2585856|
2585857|
2585858|
2585859|
2585860|
2585861|
2585862|
2585863|
2585888|
2585889|
2585890|
2585891|
2585892|
2585893|
2585894|
2585895|
2585920|
2585921|
2585922|
2585923|
2585924|
2585925|
2585926|
2585927|
2585952|
2585953|
2585954|
2585955|
2585956|
2585957|
2585958|
2585959|
2585984|
2585985|
2585986|
2585987|
2585988|
