624001|
624002|
624003|
624004|
624005|
624006|
624007|
624032|
624033|
624034|
624035|
624036|
624037|
624038|
624039|
624064|
624065|
624066|
624067|
624068|
624069|
624070|
624071|
624096|
624097|
624098|
624099|
624100|
624101|
624102|
624103|
624128|
624129|
624130|
624131|
624132|
624133|
624134|
624135|
624160|
624161|
624162|
624163|
624164|
624165|
624166|
624167|
624192|
624193|
624194|
624195|
624196|
624197|
624198|
624199|
624224|
624225|
624226|
624227|
624228|
624229|
624230|
624231|
624256|
624257|
624258|
624259|
624260|
624261|
624262|
624263|
624288|
624289|
624290|
624291|
624292|
624293|
624294|
624295|
624320|
624321|
624322|
624323|
624324|
624325|
624326|
624327|
624352|
624353|
624354|
624355|
624356|
624357|
624358|
624359|
624384|
624385|
624386|
624387|
624388|
624389|
624390|
624391|
624416|
624417|
624418|
624419|
624420|
624421|
624422|
624423|
624448|
624449|
624450|
624451|
624452|
624453|
624454|
624455|
624480|
624481|
624482|
624483|
624484|
624485|
624486|
624487|
624512|
624513|
624514|
624515|
624516|
624517|
624518|
624519|
624544|
624545|
624546|
624547|
624548|
624549|
624550|
624551|
624576|
624577|
624578|
624579|
624580|
624581|
624582|
624583|
624608|
624609|
624610|
624611|
624612|
624613|
624614|
624615|
624640|
624641|
624642|
624643|
624644|
624645|
624646|
624647|
624672|
624673|
624674|
624675|
624676|
624677|
624678|
624679|
624704|
624705|
624706|
624707|
624708|
624709|
624710|
624711|
624736|
624737|
624738|
624739|
624740|
624741|
624742|
624743|
624768|
624769|
624770|
624771|
624772|
624773|
624774|
624775|
624800|
624801|
624802|
624803|
624804|
624805|
624806|
624807|
624832|
624833|
624834|
624835|
624836|
624837|
624838|
624839|
624864|
624865|
624866|
624867|
624868|
624869|
624870|
624871|
624896|
624897|
624898|
624899|
624900|
624901|
624902|
624903|
624928|
624929|
624930|
624931|
624932|
624933|
624934|
624935|
624960|
624961|
624962|
624963|
624964|
624965|
624966|
624967|
624992|
624993|
624994|
624995|
624996|
624997|
624998|
624999|
625024|
625025|
625026|
625027|
625028|
625029|
625030|
625031|
625056|
625057|
625058|
625059|
625060|
625061|
625062|
625063|
625088|
625089|
625090|
625091|
625092|
625093|
625094|
625095|
625120|
625121|
625122|
625123|
625124|
625125|
625126|
625127|
625152|
625153|
625154|
625155|
625156|
625157|
625158|
625159|
625184|
625185|
625186|
625187|
625188|
625189|
625190|
625191|
625216|
625217|
625218|
625219|
625220|
625221|
625222|
625223|
625248|
625249|
625250|
625251|
625252|
625253|
625254|
625255|
625280|
625281|
625282|
625283|
625284|
625285|
625286|
625287|
625312|
625313|
625314|
625315|
625316|
625317|
625318|
625319|
625344|
625345|
625346|
625347|
625348|
625349|
625350|
625351|
625376|
625377|
625378|
625379|
625380|
625381|
625382|
625383|
625408|
625409|
625410|
625411|
625412|
625413|
625414|
625415|
625440|
625441|
625442|
625443|
625444|
625445|
625446|
625447|
625472|
625473|
625474|
625475|
625476|
625477|
625478|
625479|
625504|
625505|
625506|
625507|
625508|
625509|
625510|
625511|
625536|
625537|
625538|
625539|
625540|
625541|
625542|
625543|
625568|
625569|
625570|
625571|
625572|
625573|
625574|
625575|
625600|
625601|
625602|
625603|
625604|
625605|
625606|
625607|
625632|
625633|
625634|
625635|
625636|
625637|
625638|
625639|
625664|
625665|
625666|
625667|
625668|
625669|
625670|
625671|
625696|
625697|
625698|
625699|
625700|
625701|
625702|
625703|
625728|
625729|
625730|
625731|
625732|
625733|
625734|
625735|
625760|
625761|
625762|
625763|
625764|
625765|
625766|
625767|
625792|
625793|
625794|
625795|
625796|
625797|
625798|
625799|
625824|
625825|
625826|
625827|
625828|
625829|
625830|
625831|
625856|
625857|
625858|
625859|
625860|
625861|
625862|
625863|
625888|
625889|
625890|
625891|
625892|
625893|
625894|
625895|
625920|
625921|
625922|
625923|
625924|
625925|
625926|
625927|
625952|
625953|
625954|
625955|
625956|
625957|
625958|
625959|
625984|
625985|
625986|
625987|
625988|
625989|
625990|
625991|
626016|
626017|
626018|
626019|
626020|
626021|
626022|
626023|
626048|
626049|
626050|
626051|
626052|
626053|
626054|
626055|
626080|
626081|
626082|
626083|
626084|
626085|
626086|
626087|
626112|
626113|
626114|
626115|
626116|
626117|
626118|
626119|
626144|
626145|
626146|
626147|
626148|
626149|
626150|
626151|
626176|
626177|
626178|
626179|
626180|
626181|
626182|
626183|
626208|
626209|
626210|
626211|
626212|
626213|
626214|
626215|
626240|
626241|
626242|
626243|
626244|
626245|
626246|
626247|
626272|
626273|
626274|
626275|
626276|
626277|
626278|
626279|
626304|
626305|
626306|
626307|
626308|
626309|
626310|
626311|
626336|
626337|
626338|
626339|
626340|
626341|
626342|
626343|
626368|
626369|
626370|
626371|
626372|
626373|
626374|
626375|
626400|
626401|
626402|
626403|
626404|
626405|
626406|
626407|
626432|
626433|
626434|
626435|
626436|
626437|
626438|
626439|
626464|
626465|
626466|
626467|
626468|
626469|
626470|
626471|
626496|
626497|
626498|
626499|
626500|
626501|
626502|
626503|
626528|
626529|
626530|
626531|
626532|
626533|
626534|
626535|
626560|
626561|
626562|
626563|
626564|
626565|
626566|
626567|
626592|
626593|
626594|
626595|
626596|
626597|
626598|
626599|
626624|
626625|
626626|
626627|
626628|
626629|
626630|
626631|
626656|
626657|
626658|
626659|
626660|
626661|
626662|
626663|
626688|
626689|
626690|
626691|
626692|
626693|
626694|
626695|
626720|
626721|
626722|
626723|
626724|
626725|
626726|
626727|
626752|
626753|
626754|
626755|
626756|
626757|
626758|
626759|
626784|
626785|
626786|
626787|
626788|
626789|
626790|
626791|
626816|
626817|
626818|
626819|
626820|
626821|
626822|
626823|
626848|
626849|
626850|
626851|
626852|
626853|
626854|
626855|
626880|
626881|
626882|
626883|
626884|
626885|
626886|
626887|
626912|
626913|
626914|
626915|
626916|
626917|
626918|
626919|
626944|
626945|
626946|
626947|
626948|
626949|
626950|
626951|
626976|
626977|
626978|
626979|
626980|
626981|
626982|
626983|
627008|
627009|
627010|
627011|
627012|
627013|
627014|
627015|
627040|
627041|
627042|
627043|
627044|
627045|
627046|
627047|
627072|
627073|
627074|
627075|
627076|
627077|
627078|
627079|
627104|
627105|
627106|
627107|
627108|
627109|
627110|
627111|
627136|
627137|
627138|
627139|
627140|
627141|
627142|
627143|
627168|
627169|
627170|
627171|
627172|
627173|
627174|
627175|
627200|
627201|
627202|
627203|
627204|
627205|
627206|
627207|
627232|
627233|
627234|
627235|
627236|
627237|
627238|
627239|
627264|
627265|
627266|
627267|
627268|
627269|
627270|
627271|
627296|
627297|
627298|
627299|
627300|
627301|
627302|
627303|
627328|
627329|
627330|
627331|
627332|
627333|
627334|
627335|
627360|
627361|
627362|
627363|
627364|
627365|
627366|
627367|
627392|
627393|
627394|
627395|
627396|
627397|
627398|
627399|
627424|
627425|
627426|
627427|
627428|
627429|
627430|
627431|
627456|
627457|
627458|
627459|
627460|
627461|
627462|
627463|
627488|
627489|
627490|
627491|
627492|
627493|
627494|
627495|
627520|
627521|
627522|
627523|
627524|
627525|
627526|
627527|
627552|
627553|
627554|
627555|
627556|
627557|
627558|
627559|
627584|
627585|
627586|
627587|
627588|
627589|
627590|
627591|
627616|
627617|
627618|
627619|
627620|
627621|
627622|
627623|
627648|
627649|
627650|
627651|
627652|
627653|
627654|
627655|
627680|
627681|
627682|
627683|
627684|
627685|
627686|
627687|
627712|
627713|
627714|
627715|
627716|
627717|
627718|
627719|
627744|
627745|
627746|
627747|
627748|
627749|
627750|
627751|
627776|
627777|
627778|
627779|
627780|
627781|
627782|
627783|
627808|
627809|
627810|
627811|
627812|
627813|
627814|
627815|
627840|
627841|
627842|
627843|
627844|
627845|
627846|
627847|
627872|
627873|
627874|
627875|
627876|
627877|
627878|
627879|
627904|
627905|
627906|
627907|
627908|
627909|
627910|
627911|
627936|
627937|
627938|
627939|
627940|
627941|
627942|
627943|
627968|
627969|
627970|
627971|
627972|
627973|
627974|
627975|
628000|
628001|
628002|
628003|
628004|
628005|
628006|
628007|
628032|
628033|
628034|
628035|
628036|
628037|
628038|
628039|
628064|
628065|
628066|
628067|
628068|
628069|
628070|
628071|
628096|
628097|
628098|
628099|
628100|
628101|
628102|
628103|
628128|
628129|
628130|
628131|
628132|
628133|
628134|
628135|
628160|
628161|
628162|
628163|
628164|
628165|
628166|
628167|
628192|
628193|
628194|
628195|
628196|
628197|
628198|
628199|
628224|
628225|
628226|
628227|
628228|
628229|
628230|
628231|
628256|
628257|
628258|
628259|
628260|
628261|
628262|
628263|
628288|
628289|
628290|
628291|
628292|
628293|
628294|
628295|
628320|
628321|
628322|
628323|
628324|
628325|
628326|
628327|
628352|
628353|
628354|
628355|
628356|
628357|
628358|
628359|
628384|
628385|
628386|
628387|
628388|
628389|
628390|
628391|
628416|
628417|
628418|
628419|
628420|
628421|
628422|
628423|
628448|
628449|
628450|
628451|
628452|
628453|
628454|
628455|
628480|
628481|
628482|
628483|
628484|
628485|
628486|
628487|
628512|
628513|
628514|
628515|
628516|
628517|
628518|
628519|
628544|
628545|
628546|
628547|
628548|
628549|
628550|
628551|
628576|
628577|
628578|
628579|
628580|
628581|
628582|
628583|
628608|
628609|
628610|
628611|
628612|
628613|
628614|
628615|
628640|
628641|
628642|
628643|
628644|
628645|
628646|
628647|
628672|
628673|
628674|
628675|
628676|
628677|
628678|
628679|
628704|
628705|
628706|
628707|
628708|
628709|
628710|
628711|
628736|
628737|
628738|
628739|
628740|
628741|
628742|
628743|
628768|
628769|
628770|
628771|
628772|
628773|
628774|
628775|
628800|
628801|
628802|
628803|
628804|
628805|
628806|
628807|
628832|
628833|
628834|
628835|
628836|
628837|
628838|
628839|
628864|
628865|
628866|
628867|
628868|
628869|
628870|
628871|
628896|
628897|
628898|
628899|
628900|
628901|
628902|
628903|
628928|
628929|
628930|
628931|
628932|
628933|
628934|
628935|
628960|
628961|
628962|
628963|
628964|
628965|
628966|
628967|
628992|
628993|
628994|
628995|
628996|
628997|
628998|
628999|
629024|
629025|
629026|
629027|
629028|
629029|
629030|
629031|
629056|
629057|
629058|
629059|
629060|
629061|
629062|
629063|
629088|
629089|
629090|
629091|
629092|
629093|
629094|
629095|
629120|
629121|
629122|
629123|
629124|
629125|
629126|
629127|
629152|
629153|
629154|
629155|
629156|
629157|
629158|
629159|
629184|
629185|
629186|
629187|
629188|
629189|
629190|
629191|
629216|
629217|
629218|
629219|
629220|
629221|
629222|
629223|
629248|
629249|
629250|
629251|
629252|
629253|
629254|
629255|
629280|
629281|
629282|
629283|
629284|
629285|
629286|
629287|
629312|
629313|
629314|
629315|
629316|
629317|
629318|
629319|
629344|
629345|
629346|
629347|
629348|
629349|
629350|
629351|
629376|
629377|
629378|
629379|
629380|
629381|
629382|
629383|
629408|
629409|
629410|
629411|
629412|
629413|
629414|
629415|
629440|
629441|
629442|
629443|
629444|
629445|
629446|
629447|
629472|
629473|
629474|
629475|
629476|
629477|
629478|
629479|
629504|
629505|
629506|
629507|
629508|
629509|
629510|
629511|
629536|
629537|
629538|
629539|
629540|
629541|
629542|
629543|
629568|
629569|
629570|
629571|
629572|
629573|
629574|
629575|
629600|
629601|
629602|
629603|
629604|
629605|
629606|
629607|
629632|
629633|
629634|
629635|
629636|
629637|
629638|
629639|
629664|
629665|
629666|
629667|
629668|
629669|
629670|
629671|
629696|
629697|
629698|
629699|
629700|
629701|
629702|
629703|
629728|
629729|
629730|
629731|
629732|
629733|
629734|
629735|
629760|
629761|
629762|
629763|
629764|
629765|
629766|
629767|
629792|
629793|
629794|
629795|
629796|
629797|
629798|
629799|
629824|
629825|
629826|
629827|
629828|
629829|
629830|
629831|
629856|
629857|
629858|
629859|
629860|
629861|
629862|
629863|
629888|
629889|
629890|
629891|
629892|
629893|
629894|
629895|
629920|
629921|
629922|
629923|
629924|
629925|
629926|
629927|
629952|
629953|
629954|
629955|
629956|
629957|
629958|
629959|
629984|
629985|
629986|
629987|
629988|
