1853989|
1853990|
1853991|
1854016|
1854017|
1854018|
1854019|
1854020|
1854021|
1854022|
1854023|
1854048|
1854049|
1854050|
1854051|
1854052|
1854053|
1854054|
1854055|
1854080|
1854081|
1854082|
1854083|
1854084|
1854085|
1854086|
1854087|
1854112|
1854113|
1854114|
1854115|
1854116|
1854117|
1854118|
1854119|
1854144|
1854145|
1854146|
1854147|
1854148|
1854149|
1854150|
1854151|
1854176|
1854177|
1854178|
1854179|
1854180|
1854181|
1854182|
1854183|
1854208|
1854209|
1854210|
1854211|
1854212|
1854213|
1854214|
1854215|
1854240|
1854241|
1854242|
1854243|
1854244|
1854245|
1854246|
1854247|
1854272|
1854273|
1854274|
1854275|
1854276|
1854277|
1854278|
1854279|
1854304|
1854305|
1854306|
1854307|
1854308|
1854309|
1854310|
1854311|
1854336|
1854337|
1854338|
1854339|
1854340|
1854341|
1854342|
1854343|
1854368|
1854369|
1854370|
1854371|
1854372|
1854373|
1854374|
1854375|
1854400|
1854401|
1854402|
1854403|
1854404|
1854405|
1854406|
1854407|
1854432|
1854433|
1854434|
1854435|
1854436|
1854437|
1854438|
1854439|
1854464|
1854465|
1854466|
1854467|
1854468|
1854469|
1854470|
1854471|
1854496|
1854497|
1854498|
1854499|
1854500|
1854501|
1854502|
1854503|
1854528|
1854529|
1854530|
1854531|
1854532|
1854533|
1854534|
1854535|
1854560|
1854561|
1854562|
1854563|
1854564|
1854565|
1854566|
1854567|
1854592|
1854593|
1854594|
1854595|
1854596|
1854597|
1854598|
1854599|
1854624|
1854625|
1854626|
1854627|
1854628|
1854629|
1854630|
1854631|
1854656|
1854657|
1854658|
1854659|
1854660|
1854661|
1854662|
1854663|
1854688|
1854689|
1854690|
1854691|
1854692|
1854693|
1854694|
1854695|
1854720|
1854721|
1854722|
1854723|
1854724|
1854725|
1854726|
1854727|
1854752|
1854753|
1854754|
1854755|
1854756|
1854757|
1854758|
1854759|
1854784|
1854785|
1854786|
1854787|
1854788|
1854789|
1854790|
1854791|
1854816|
1854817|
1854818|
1854819|
1854820|
1854821|
1854822|
1854823|
1854848|
1854849|
1854850|
1854851|
1854852|
1854853|
1854854|
1854855|
1854880|
1854881|
1854882|
1854883|
1854884|
1854885|
1854886|
1854887|
1854912|
1854913|
1854914|
1854915|
1854916|
1854917|
1854918|
1854919|
1854944|
1854945|
1854946|
1854947|
1854948|
1854949|
1854950|
1854951|
1854976|
1854977|
1854978|
1854979|
1854980|
1854981|
1854982|
1854983|
1855008|
1855009|
1855010|
1855011|
1855012|
1855013|
1855014|
1855015|
1855040|
1855041|
1855042|
1855043|
1855044|
1855045|
1855046|
1855047|
1855072|
1855073|
1855074|
1855075|
1855076|
1855077|
1855078|
1855079|
1855104|
1855105|
1855106|
1855107|
1855108|
1855109|
1855110|
1855111|
1855136|
1855137|
1855138|
1855139|
1855140|
1855141|
1855142|
1855143|
1855168|
1855169|
1855170|
1855171|
1855172|
1855173|
1855174|
1855175|
1855200|
1855201|
1855202|
1855203|
1855204|
1855205|
1855206|
1855207|
1855232|
1855233|
1855234|
1855235|
1855236|
1855237|
1855238|
1855239|
1855264|
1855265|
1855266|
1855267|
1855268|
1855269|
1855270|
1855271|
1855296|
1855297|
1855298|
1855299|
1855300|
1855301|
1855302|
1855303|
1855328|
1855329|
1855330|
1855331|
1855332|
1855333|
1855334|
1855335|
1855360|
1855361|
1855362|
1855363|
1855364|
1855365|
1855366|
1855367|
1855392|
1855393|
1855394|
1855395|
1855396|
1855397|
1855398|
1855399|
1855424|
1855425|
1855426|
1855427|
1855428|
1855429|
1855430|
1855431|
1855456|
1855457|
1855458|
1855459|
1855460|
1855461|
1855462|
1855463|
1855488|
1855489|
1855490|
1855491|
1855492|
1855493|
1855494|
1855495|
1855520|
1855521|
1855522|
1855523|
1855524|
1855525|
1855526|
1855527|
1855552|
1855553|
1855554|
1855555|
1855556|
1855557|
1855558|
1855559|
1855584|
1855585|
1855586|
1855587|
1855588|
1855589|
1855590|
1855591|
1855616|
1855617|
1855618|
1855619|
1855620|
1855621|
1855622|
1855623|
1855648|
1855649|
1855650|
1855651|
1855652|
1855653|
1855654|
1855655|
1855680|
1855681|
1855682|
1855683|
1855684|
1855685|
1855686|
1855687|
1855712|
1855713|
1855714|
1855715|
1855716|
1855717|
1855718|
1855719|
1855744|
1855745|
1855746|
1855747|
1855748|
1855749|
1855750|
1855751|
1855776|
1855777|
1855778|
1855779|
1855780|
1855781|
1855782|
1855783|
1855808|
1855809|
1855810|
1855811|
1855812|
1855813|
1855814|
1855815|
1855840|
1855841|
1855842|
1855843|
1855844|
1855845|
1855846|
1855847|
1855872|
1855873|
1855874|
1855875|
1855876|
1855877|
1855878|
1855879|
1855904|
1855905|
1855906|
1855907|
1855908|
1855909|
1855910|
1855911|
1855936|
1855937|
1855938|
1855939|
1855940|
1855941|
1855942|
1855943|
1855968|
1855969|
1855970|
1855971|
1855972|
1855973|
1855974|
1855975|
1856000|
1856001|
1856002|
1856003|
1856004|
1856005|
1856006|
1856007|
1856032|
1856033|
1856034|
1856035|
1856036|
1856037|
1856038|
1856039|
1856064|
1856065|
1856066|
1856067|
1856068|
1856069|
1856070|
1856071|
1856096|
1856097|
1856098|
1856099|
1856100|
1856101|
1856102|
1856103|
1856128|
1856129|
1856130|
1856131|
1856132|
1856133|
1856134|
1856135|
1856160|
1856161|
1856162|
1856163|
1856164|
1856165|
1856166|
1856167|
1856192|
1856193|
1856194|
1856195|
1856196|
1856197|
1856198|
1856199|
1856224|
1856225|
1856226|
1856227|
1856228|
1856229|
1856230|
1856231|
1856256|
1856257|
1856258|
1856259|
1856260|
1856261|
1856262|
1856263|
1856288|
1856289|
1856290|
1856291|
1856292|
1856293|
1856294|
1856295|
1856320|
1856321|
1856322|
1856323|
1856324|
1856325|
1856326|
1856327|
1856352|
1856353|
1856354|
1856355|
1856356|
1856357|
1856358|
1856359|
1856384|
1856385|
1856386|
1856387|
1856388|
1856389|
1856390|
1856391|
1856416|
1856417|
1856418|
1856419|
1856420|
1856421|
1856422|
1856423|
1856448|
1856449|
1856450|
1856451|
1856452|
1856453|
1856454|
1856455|
1856480|
1856481|
1856482|
1856483|
1856484|
1856485|
1856486|
1856487|
1856512|
1856513|
1856514|
1856515|
1856516|
1856517|
1856518|
1856519|
1856544|
1856545|
1856546|
1856547|
1856548|
1856549|
1856550|
1856551|
1856576|
1856577|
1856578|
1856579|
1856580|
1856581|
1856582|
1856583|
1856608|
1856609|
1856610|
1856611|
1856612|
1856613|
1856614|
1856615|
1856640|
1856641|
1856642|
1856643|
1856644|
1856645|
1856646|
1856647|
1856672|
1856673|
1856674|
1856675|
1856676|
1856677|
1856678|
1856679|
1856704|
1856705|
1856706|
1856707|
1856708|
1856709|
1856710|
1856711|
1856736|
1856737|
1856738|
1856739|
1856740|
1856741|
1856742|
1856743|
1856768|
1856769|
1856770|
1856771|
1856772|
1856773|
1856774|
1856775|
1856800|
1856801|
1856802|
1856803|
1856804|
1856805|
1856806|
1856807|
1856832|
1856833|
1856834|
1856835|
1856836|
1856837|
1856838|
1856839|
1856864|
1856865|
1856866|
1856867|
1856868|
1856869|
1856870|
1856871|
1856896|
1856897|
1856898|
1856899|
1856900|
1856901|
1856902|
1856903|
1856928|
1856929|
1856930|
1856931|
1856932|
1856933|
1856934|
1856935|
1856960|
1856961|
1856962|
1856963|
1856964|
1856965|
1856966|
1856967|
1856992|
1856993|
1856994|
1856995|
1856996|
1856997|
1856998|
1856999|
1857024|
1857025|
1857026|
1857027|
1857028|
1857029|
1857030|
1857031|
1857056|
1857057|
1857058|
1857059|
1857060|
1857061|
1857062|
1857063|
1857088|
1857089|
1857090|
1857091|
1857092|
1857093|
1857094|
1857095|
1857120|
1857121|
1857122|
1857123|
1857124|
1857125|
1857126|
1857127|
1857152|
1857153|
1857154|
1857155|
1857156|
1857157|
1857158|
1857159|
1857184|
1857185|
1857186|
1857187|
1857188|
1857189|
1857190|
1857191|
1857216|
1857217|
1857218|
1857219|
1857220|
1857221|
1857222|
1857223|
1857248|
1857249|
1857250|
1857251|
1857252|
1857253|
1857254|
1857255|
1857280|
1857281|
1857282|
1857283|
1857284|
1857285|
1857286|
1857287|
1857312|
1857313|
1857314|
1857315|
1857316|
1857317|
1857318|
1857319|
1857344|
1857345|
1857346|
1857347|
1857348|
1857349|
1857350|
1857351|
1857376|
1857377|
1857378|
1857379|
1857380|
1857381|
1857382|
1857383|
1857408|
1857409|
1857410|
1857411|
1857412|
1857413|
1857414|
1857415|
1857440|
1857441|
1857442|
1857443|
1857444|
1857445|
1857446|
1857447|
1857472|
1857473|
1857474|
1857475|
1857476|
1857477|
1857478|
1857479|
1857504|
1857505|
1857506|
1857507|
1857508|
1857509|
1857510|
1857511|
1857536|
1857537|
1857538|
1857539|
1857540|
1857541|
1857542|
1857543|
1857568|
1857569|
1857570|
1857571|
1857572|
1857573|
1857574|
1857575|
1857600|
1857601|
1857602|
1857603|
1857604|
1857605|
1857606|
1857607|
1857632|
1857633|
1857634|
1857635|
1857636|
1857637|
1857638|
1857639|
1857664|
1857665|
1857666|
1857667|
1857668|
1857669|
1857670|
1857671|
1857696|
1857697|
1857698|
1857699|
1857700|
1857701|
1857702|
1857703|
1857728|
1857729|
1857730|
1857731|
1857732|
1857733|
1857734|
1857735|
1857760|
1857761|
1857762|
1857763|
1857764|
1857765|
1857766|
1857767|
1857792|
1857793|
1857794|
1857795|
1857796|
1857797|
1857798|
1857799|
1857824|
1857825|
1857826|
1857827|
1857828|
1857829|
1857830|
1857831|
1857856|
1857857|
1857858|
1857859|
1857860|
1857861|
1857862|
1857863|
1857888|
1857889|
1857890|
1857891|
1857892|
1857893|
1857894|
1857895|
1857920|
1857921|
1857922|
1857923|
1857924|
1857925|
1857926|
1857927|
1857952|
1857953|
1857954|
1857955|
1857956|
1857957|
1857958|
1857959|
1857984|
1857985|
1857986|
1857987|
1857988|
1857989|
1857990|
1857991|
1858016|
1858017|
1858018|
1858019|
1858020|
1858021|
1858022|
1858023|
1858048|
1858049|
1858050|
1858051|
1858052|
1858053|
1858054|
1858055|
1858080|
1858081|
1858082|
1858083|
1858084|
1858085|
1858086|
1858087|
1858112|
1858113|
1858114|
1858115|
1858116|
1858117|
1858118|
1858119|
1858144|
1858145|
1858146|
1858147|
1858148|
1858149|
1858150|
1858151|
1858176|
1858177|
1858178|
1858179|
1858180|
1858181|
1858182|
1858183|
1858208|
1858209|
1858210|
1858211|
1858212|
1858213|
1858214|
1858215|
1858240|
1858241|
1858242|
1858243|
1858244|
1858245|
1858246|
1858247|
1858272|
1858273|
1858274|
1858275|
1858276|
1858277|
1858278|
1858279|
1858304|
1858305|
1858306|
1858307|
1858308|
1858309|
1858310|
1858311|
1858336|
1858337|
1858338|
1858339|
1858340|
1858341|
1858342|
1858343|
1858368|
1858369|
1858370|
1858371|
1858372|
1858373|
1858374|
1858375|
1858400|
1858401|
1858402|
1858403|
1858404|
1858405|
1858406|
1858407|
1858432|
1858433|
1858434|
1858435|
1858436|
1858437|
1858438|
1858439|
1858464|
1858465|
1858466|
1858467|
1858468|
1858469|
1858470|
1858471|
1858496|
1858497|
1858498|
1858499|
1858500|
1858501|
1858502|
1858503|
1858528|
1858529|
1858530|
1858531|
1858532|
1858533|
1858534|
1858535|
1858560|
1858561|
1858562|
1858563|
1858564|
1858565|
1858566|
1858567|
1858592|
1858593|
1858594|
1858595|
1858596|
1858597|
1858598|
1858599|
1858624|
1858625|
1858626|
1858627|
1858628|
1858629|
1858630|
1858631|
1858656|
1858657|
1858658|
1858659|
1858660|
1858661|
1858662|
1858663|
1858688|
1858689|
1858690|
1858691|
1858692|
1858693|
1858694|
1858695|
1858720|
1858721|
1858722|
1858723|
1858724|
1858725|
1858726|
1858727|
1858752|
1858753|
1858754|
1858755|
1858756|
1858757|
1858758|
1858759|
1858784|
1858785|
1858786|
1858787|
1858788|
1858789|
1858790|
1858791|
1858816|
1858817|
1858818|
1858819|
1858820|
1858821|
1858822|
1858823|
1858848|
1858849|
1858850|
1858851|
1858852|
1858853|
1858854|
1858855|
1858880|
1858881|
1858882|
1858883|
1858884|
1858885|
1858886|
1858887|
1858912|
1858913|
1858914|
1858915|
1858916|
1858917|
1858918|
1858919|
1858944|
1858945|
1858946|
1858947|
1858948|
1858949|
1858950|
1858951|
1858976|
1858977|
1858978|
1858979|
1858980|
1858981|
1858982|
1858983|
1859008|
1859009|
1859010|
1859011|
1859012|
1859013|
1859014|
1859015|
1859040|
1859041|
1859042|
1859043|
1859044|
1859045|
1859046|
1859047|
1859072|
1859073|
1859074|
1859075|
1859076|
1859077|
1859078|
1859079|
1859104|
1859105|
1859106|
1859107|
1859108|
1859109|
1859110|
1859111|
1859136|
1859137|
1859138|
1859139|
1859140|
1859141|
1859142|
1859143|
1859168|
1859169|
1859170|
1859171|
1859172|
1859173|
1859174|
1859175|
1859200|
1859201|
1859202|
1859203|
1859204|
1859205|
1859206|
1859207|
1859232|
1859233|
1859234|
1859235|
1859236|
1859237|
1859238|
1859239|
1859264|
1859265|
1859266|
1859267|
1859268|
1859269|
1859270|
1859271|
1859296|
1859297|
1859298|
1859299|
1859300|
1859301|
1859302|
1859303|
1859328|
1859329|
1859330|
1859331|
1859332|
1859333|
1859334|
1859335|
1859360|
1859361|
1859362|
1859363|
1859364|
1859365|
1859366|
1859367|
1859392|
1859393|
1859394|
1859395|
1859396|
1859397|
1859398|
1859399|
1859424|
1859425|
1859426|
1859427|
1859428|
1859429|
1859430|
1859431|
1859456|
1859457|
1859458|
1859459|
1859460|
1859461|
1859462|
1859463|
1859488|
1859489|
1859490|
1859491|
1859492|
1859493|
1859494|
1859495|
1859520|
1859521|
1859522|
1859523|
1859524|
1859525|
1859526|
1859527|
1859552|
1859553|
1859554|
1859555|
1859556|
1859557|
1859558|
1859559|
1859584|
1859585|
1859586|
1859587|
1859588|
1859589|
1859590|
1859591|
1859616|
1859617|
1859618|
1859619|
1859620|
1859621|
1859622|
1859623|
1859648|
1859649|
1859650|
1859651|
1859652|
1859653|
1859654|
1859655|
1859680|
1859681|
1859682|
1859683|
1859684|
1859685|
1859686|
1859687|
1859712|
1859713|
1859714|
1859715|
1859716|
1859717|
1859718|
1859719|
1859744|
1859745|
1859746|
1859747|
1859748|
1859749|
1859750|
1859751|
1859776|
1859777|
1859778|
1859779|
1859780|
1859781|
1859782|
1859783|
1859808|
1859809|
1859810|
1859811|
1859812|
1859813|
1859814|
1859815|
1859840|
1859841|
1859842|
1859843|
1859844|
1859845|
1859846|
1859847|
1859872|
1859873|
1859874|
1859875|
1859876|
1859877|
1859878|
1859879|
1859904|
1859905|
1859906|
1859907|
1859908|
1859909|
1859910|
1859911|
1859936|
1859937|
1859938|
1859939|
1859940|
1859941|
1859942|
1859943|
1859968|
1859969|
1859970|
1859971|
1859972|
1859973|
1859974|
1859975|
1860000|
