653989|
653990|
653991|
654016|
654017|
654018|
654019|
654020|
654021|
654022|
654023|
654048|
654049|
654050|
654051|
654052|
654053|
654054|
654055|
654080|
654081|
654082|
654083|
654084|
654085|
654086|
654087|
654112|
654113|
654114|
654115|
654116|
654117|
654118|
654119|
654144|
654145|
654146|
654147|
654148|
654149|
654150|
654151|
654176|
654177|
654178|
654179|
654180|
654181|
654182|
654183|
654208|
654209|
654210|
654211|
654212|
654213|
654214|
654215|
654240|
654241|
654242|
654243|
654244|
654245|
654246|
654247|
654272|
654273|
654274|
654275|
654276|
654277|
654278|
654279|
654304|
654305|
654306|
654307|
654308|
654309|
654310|
654311|
654336|
654337|
654338|
654339|
654340|
654341|
654342|
654343|
654368|
654369|
654370|
654371|
654372|
654373|
654374|
654375|
654400|
654401|
654402|
654403|
654404|
654405|
654406|
654407|
654432|
654433|
654434|
654435|
654436|
654437|
654438|
654439|
654464|
654465|
654466|
654467|
654468|
654469|
654470|
654471|
654496|
654497|
654498|
654499|
654500|
654501|
654502|
654503|
654528|
654529|
654530|
654531|
654532|
654533|
654534|
654535|
654560|
654561|
654562|
654563|
654564|
654565|
654566|
654567|
654592|
654593|
654594|
654595|
654596|
654597|
654598|
654599|
654624|
654625|
654626|
654627|
654628|
654629|
654630|
654631|
654656|
654657|
654658|
654659|
654660|
654661|
654662|
654663|
654688|
654689|
654690|
654691|
654692|
654693|
654694|
654695|
654720|
654721|
654722|
654723|
654724|
654725|
654726|
654727|
654752|
654753|
654754|
654755|
654756|
654757|
654758|
654759|
654784|
654785|
654786|
654787|
654788|
654789|
654790|
654791|
654816|
654817|
654818|
654819|
654820|
654821|
654822|
654823|
654848|
654849|
654850|
654851|
654852|
654853|
654854|
654855|
654880|
654881|
654882|
654883|
654884|
654885|
654886|
654887|
654912|
654913|
654914|
654915|
654916|
654917|
654918|
654919|
654944|
654945|
654946|
654947|
654948|
654949|
654950|
654951|
654976|
654977|
654978|
654979|
654980|
654981|
654982|
654983|
655008|
655009|
655010|
655011|
655012|
655013|
655014|
655015|
655040|
655041|
655042|
655043|
655044|
655045|
655046|
655047|
655072|
655073|
655074|
655075|
655076|
655077|
655078|
655079|
655104|
655105|
655106|
655107|
655108|
655109|
655110|
655111|
655136|
655137|
655138|
655139|
655140|
655141|
655142|
655143|
655168|
655169|
655170|
655171|
655172|
655173|
655174|
655175|
655200|
655201|
655202|
655203|
655204|
655205|
655206|
655207|
655232|
655233|
655234|
655235|
655236|
655237|
655238|
655239|
655264|
655265|
655266|
655267|
655268|
655269|
655270|
655271|
655296|
655297|
655298|
655299|
655300|
655301|
655302|
655303|
655328|
655329|
655330|
655331|
655332|
655333|
655334|
655335|
655360|
655361|
655362|
655363|
655364|
655365|
655366|
655367|
655392|
655393|
655394|
655395|
655396|
655397|
655398|
655399|
655424|
655425|
655426|
655427|
655428|
655429|
655430|
655431|
655456|
655457|
655458|
655459|
655460|
655461|
655462|
655463|
655488|
655489|
655490|
655491|
655492|
655493|
655494|
655495|
655520|
655521|
655522|
655523|
655524|
655525|
655526|
655527|
655552|
655553|
655554|
655555|
655556|
655557|
655558|
655559|
655584|
655585|
655586|
655587|
655588|
655589|
655590|
655591|
655616|
655617|
655618|
655619|
655620|
655621|
655622|
655623|
655648|
655649|
655650|
655651|
655652|
655653|
655654|
655655|
655680|
655681|
655682|
655683|
655684|
655685|
655686|
655687|
655712|
655713|
655714|
655715|
655716|
655717|
655718|
655719|
655744|
655745|
655746|
655747|
655748|
655749|
655750|
655751|
655776|
655777|
655778|
655779|
655780|
655781|
655782|
655783|
655808|
655809|
655810|
655811|
655812|
655813|
655814|
655815|
655840|
655841|
655842|
655843|
655844|
655845|
655846|
655847|
655872|
655873|
655874|
655875|
655876|
655877|
655878|
655879|
655904|
655905|
655906|
655907|
655908|
655909|
655910|
655911|
655936|
655937|
655938|
655939|
655940|
655941|
655942|
655943|
655968|
655969|
655970|
655971|
655972|
655973|
655974|
655975|
656000|
656001|
656002|
656003|
656004|
656005|
656006|
656007|
656032|
656033|
656034|
656035|
656036|
656037|
656038|
656039|
656064|
656065|
656066|
656067|
656068|
656069|
656070|
656071|
656096|
656097|
656098|
656099|
656100|
656101|
656102|
656103|
656128|
656129|
656130|
656131|
656132|
656133|
656134|
656135|
656160|
656161|
656162|
656163|
656164|
656165|
656166|
656167|
656192|
656193|
656194|
656195|
656196|
656197|
656198|
656199|
656224|
656225|
656226|
656227|
656228|
656229|
656230|
656231|
656256|
656257|
656258|
656259|
656260|
656261|
656262|
656263|
656288|
656289|
656290|
656291|
656292|
656293|
656294|
656295|
656320|
656321|
656322|
656323|
656324|
656325|
656326|
656327|
656352|
656353|
656354|
656355|
656356|
656357|
656358|
656359|
656384|
656385|
656386|
656387|
656388|
656389|
656390|
656391|
656416|
656417|
656418|
656419|
656420|
656421|
656422|
656423|
656448|
656449|
656450|
656451|
656452|
656453|
656454|
656455|
656480|
656481|
656482|
656483|
656484|
656485|
656486|
656487|
656512|
656513|
656514|
656515|
656516|
656517|
656518|
656519|
656544|
656545|
656546|
656547|
656548|
656549|
656550|
656551|
656576|
656577|
656578|
656579|
656580|
656581|
656582|
656583|
656608|
656609|
656610|
656611|
656612|
656613|
656614|
656615|
656640|
656641|
656642|
656643|
656644|
656645|
656646|
656647|
656672|
656673|
656674|
656675|
656676|
656677|
656678|
656679|
656704|
656705|
656706|
656707|
656708|
656709|
656710|
656711|
656736|
656737|
656738|
656739|
656740|
656741|
656742|
656743|
656768|
656769|
656770|
656771|
656772|
656773|
656774|
656775|
656800|
656801|
656802|
656803|
656804|
656805|
656806|
656807|
656832|
656833|
656834|
656835|
656836|
656837|
656838|
656839|
656864|
656865|
656866|
656867|
656868|
656869|
656870|
656871|
656896|
656897|
656898|
656899|
656900|
656901|
656902|
656903|
656928|
656929|
656930|
656931|
656932|
656933|
656934|
656935|
656960|
656961|
656962|
656963|
656964|
656965|
656966|
656967|
656992|
656993|
656994|
656995|
656996|
656997|
656998|
656999|
657024|
657025|
657026|
657027|
657028|
657029|
657030|
657031|
657056|
657057|
657058|
657059|
657060|
657061|
657062|
657063|
657088|
657089|
657090|
657091|
657092|
657093|
657094|
657095|
657120|
657121|
657122|
657123|
657124|
657125|
657126|
657127|
657152|
657153|
657154|
657155|
657156|
657157|
657158|
657159|
657184|
657185|
657186|
657187|
657188|
657189|
657190|
657191|
657216|
657217|
657218|
657219|
657220|
657221|
657222|
657223|
657248|
657249|
657250|
657251|
657252|
657253|
657254|
657255|
657280|
657281|
657282|
657283|
657284|
657285|
657286|
657287|
657312|
657313|
657314|
657315|
657316|
657317|
657318|
657319|
657344|
657345|
657346|
657347|
657348|
657349|
657350|
657351|
657376|
657377|
657378|
657379|
657380|
657381|
657382|
657383|
657408|
657409|
657410|
657411|
657412|
657413|
657414|
657415|
657440|
657441|
657442|
657443|
657444|
657445|
657446|
657447|
657472|
657473|
657474|
657475|
657476|
657477|
657478|
657479|
657504|
657505|
657506|
657507|
657508|
657509|
657510|
657511|
657536|
657537|
657538|
657539|
657540|
657541|
657542|
657543|
657568|
657569|
657570|
657571|
657572|
657573|
657574|
657575|
657600|
657601|
657602|
657603|
657604|
657605|
657606|
657607|
657632|
657633|
657634|
657635|
657636|
657637|
657638|
657639|
657664|
657665|
657666|
657667|
657668|
657669|
657670|
657671|
657696|
657697|
657698|
657699|
657700|
657701|
657702|
657703|
657728|
657729|
657730|
657731|
657732|
657733|
657734|
657735|
657760|
657761|
657762|
657763|
657764|
657765|
657766|
657767|
657792|
657793|
657794|
657795|
657796|
657797|
657798|
657799|
657824|
657825|
657826|
657827|
657828|
657829|
657830|
657831|
657856|
657857|
657858|
657859|
657860|
657861|
657862|
657863|
657888|
657889|
657890|
657891|
657892|
657893|
657894|
657895|
657920|
657921|
657922|
657923|
657924|
657925|
657926|
657927|
657952|
657953|
657954|
657955|
657956|
657957|
657958|
657959|
657984|
657985|
657986|
657987|
657988|
657989|
657990|
657991|
658016|
658017|
658018|
658019|
658020|
658021|
658022|
658023|
658048|
658049|
658050|
658051|
658052|
658053|
658054|
658055|
658080|
658081|
658082|
658083|
658084|
658085|
658086|
658087|
658112|
658113|
658114|
658115|
658116|
658117|
658118|
658119|
658144|
658145|
658146|
658147|
658148|
658149|
658150|
658151|
658176|
658177|
658178|
658179|
658180|
658181|
658182|
658183|
658208|
658209|
658210|
658211|
658212|
658213|
658214|
658215|
658240|
658241|
658242|
658243|
658244|
658245|
658246|
658247|
658272|
658273|
658274|
658275|
658276|
658277|
658278|
658279|
658304|
658305|
658306|
658307|
658308|
658309|
658310|
658311|
658336|
658337|
658338|
658339|
658340|
658341|
658342|
658343|
658368|
658369|
658370|
658371|
658372|
658373|
658374|
658375|
658400|
658401|
658402|
658403|
658404|
658405|
658406|
658407|
658432|
658433|
658434|
658435|
658436|
658437|
658438|
658439|
658464|
658465|
658466|
658467|
658468|
658469|
658470|
658471|
658496|
658497|
658498|
658499|
658500|
658501|
658502|
658503|
658528|
658529|
658530|
658531|
658532|
658533|
658534|
658535|
658560|
658561|
658562|
658563|
658564|
658565|
658566|
658567|
658592|
658593|
658594|
658595|
658596|
658597|
658598|
658599|
658624|
658625|
658626|
658627|
658628|
658629|
658630|
658631|
658656|
658657|
658658|
658659|
658660|
658661|
658662|
658663|
658688|
658689|
658690|
658691|
658692|
658693|
658694|
658695|
658720|
658721|
658722|
658723|
658724|
658725|
658726|
658727|
658752|
658753|
658754|
658755|
658756|
658757|
658758|
658759|
658784|
658785|
658786|
658787|
658788|
658789|
658790|
658791|
658816|
658817|
658818|
658819|
658820|
658821|
658822|
658823|
658848|
658849|
658850|
658851|
658852|
658853|
658854|
658855|
658880|
658881|
658882|
658883|
658884|
658885|
658886|
658887|
658912|
658913|
658914|
658915|
658916|
658917|
658918|
658919|
658944|
658945|
658946|
658947|
658948|
658949|
658950|
658951|
658976|
658977|
658978|
658979|
658980|
658981|
658982|
658983|
659008|
659009|
659010|
659011|
659012|
659013|
659014|
659015|
659040|
659041|
659042|
659043|
659044|
659045|
659046|
659047|
659072|
659073|
659074|
659075|
659076|
659077|
659078|
659079|
659104|
659105|
659106|
659107|
659108|
659109|
659110|
659111|
659136|
659137|
659138|
659139|
659140|
659141|
659142|
659143|
659168|
659169|
659170|
659171|
659172|
659173|
659174|
659175|
659200|
659201|
659202|
659203|
659204|
659205|
659206|
659207|
659232|
659233|
659234|
659235|
659236|
659237|
659238|
659239|
659264|
659265|
659266|
659267|
659268|
659269|
659270|
659271|
659296|
659297|
659298|
659299|
659300|
659301|
659302|
659303|
659328|
659329|
659330|
659331|
659332|
659333|
659334|
659335|
659360|
659361|
659362|
659363|
659364|
659365|
659366|
659367|
659392|
659393|
659394|
659395|
659396|
659397|
659398|
659399|
659424|
659425|
659426|
659427|
659428|
659429|
659430|
659431|
659456|
659457|
659458|
659459|
659460|
659461|
659462|
659463|
659488|
659489|
659490|
659491|
659492|
659493|
659494|
659495|
659520|
659521|
659522|
659523|
659524|
659525|
659526|
659527|
659552|
659553|
659554|
659555|
659556|
659557|
659558|
659559|
659584|
659585|
659586|
659587|
659588|
659589|
659590|
659591|
659616|
659617|
659618|
659619|
659620|
659621|
659622|
659623|
659648|
659649|
659650|
659651|
659652|
659653|
659654|
659655|
659680|
659681|
659682|
659683|
659684|
659685|
659686|
659687|
659712|
659713|
659714|
659715|
659716|
659717|
659718|
659719|
659744|
659745|
659746|
659747|
659748|
659749|
659750|
659751|
659776|
659777|
659778|
659779|
659780|
659781|
659782|
659783|
659808|
659809|
659810|
659811|
659812|
659813|
659814|
659815|
659840|
659841|
659842|
659843|
659844|
659845|
659846|
659847|
659872|
659873|
659874|
659875|
659876|
659877|
659878|
659879|
659904|
659905|
659906|
659907|
659908|
659909|
659910|
659911|
659936|
659937|
659938|
659939|
659940|
659941|
659942|
659943|
659968|
659969|
659970|
659971|
659972|
659973|
659974|
659975|
660000|
