821989|
821990|
821991|
822016|
822017|
822018|
822019|
822020|
822021|
822022|
822023|
822048|
822049|
822050|
822051|
822052|
822053|
822054|
822055|
822080|
822081|
822082|
822083|
822084|
822085|
822086|
822087|
822112|
822113|
822114|
822115|
822116|
822117|
822118|
822119|
822144|
822145|
822146|
822147|
822148|
822149|
822150|
822151|
822176|
822177|
822178|
822179|
822180|
822181|
822182|
822183|
822208|
822209|
822210|
822211|
822212|
822213|
822214|
822215|
822240|
822241|
822242|
822243|
822244|
822245|
822246|
822247|
822272|
822273|
822274|
822275|
822276|
822277|
822278|
822279|
822304|
822305|
822306|
822307|
822308|
822309|
822310|
822311|
822336|
822337|
822338|
822339|
822340|
822341|
822342|
822343|
822368|
822369|
822370|
822371|
822372|
822373|
822374|
822375|
822400|
822401|
822402|
822403|
822404|
822405|
822406|
822407|
822432|
822433|
822434|
822435|
822436|
822437|
822438|
822439|
822464|
822465|
822466|
822467|
822468|
822469|
822470|
822471|
822496|
822497|
822498|
822499|
822500|
822501|
822502|
822503|
822528|
822529|
822530|
822531|
822532|
822533|
822534|
822535|
822560|
822561|
822562|
822563|
822564|
822565|
822566|
822567|
822592|
822593|
822594|
822595|
822596|
822597|
822598|
822599|
822624|
822625|
822626|
822627|
822628|
822629|
822630|
822631|
822656|
822657|
822658|
822659|
822660|
822661|
822662|
822663|
822688|
822689|
822690|
822691|
822692|
822693|
822694|
822695|
822720|
822721|
822722|
822723|
822724|
822725|
822726|
822727|
822752|
822753|
822754|
822755|
822756|
822757|
822758|
822759|
822784|
822785|
822786|
822787|
822788|
822789|
822790|
822791|
822816|
822817|
822818|
822819|
822820|
822821|
822822|
822823|
822848|
822849|
822850|
822851|
822852|
822853|
822854|
822855|
822880|
822881|
822882|
822883|
822884|
822885|
822886|
822887|
822912|
822913|
822914|
822915|
822916|
822917|
822918|
822919|
822944|
822945|
822946|
822947|
822948|
822949|
822950|
822951|
822976|
822977|
822978|
822979|
822980|
822981|
822982|
822983|
823008|
823009|
823010|
823011|
823012|
823013|
823014|
823015|
823040|
823041|
823042|
823043|
823044|
823045|
823046|
823047|
823072|
823073|
823074|
823075|
823076|
823077|
823078|
823079|
823104|
823105|
823106|
823107|
823108|
823109|
823110|
823111|
823136|
823137|
823138|
823139|
823140|
823141|
823142|
823143|
823168|
823169|
823170|
823171|
823172|
823173|
823174|
823175|
823200|
823201|
823202|
823203|
823204|
823205|
823206|
823207|
823232|
823233|
823234|
823235|
823236|
823237|
823238|
823239|
823264|
823265|
823266|
823267|
823268|
823269|
823270|
823271|
823296|
823297|
823298|
823299|
823300|
823301|
823302|
823303|
823328|
823329|
823330|
823331|
823332|
823333|
823334|
823335|
823360|
823361|
823362|
823363|
823364|
823365|
823366|
823367|
823392|
823393|
823394|
823395|
823396|
823397|
823398|
823399|
823424|
823425|
823426|
823427|
823428|
823429|
823430|
823431|
823456|
823457|
823458|
823459|
823460|
823461|
823462|
823463|
823488|
823489|
823490|
823491|
823492|
823493|
823494|
823495|
823520|
823521|
823522|
823523|
823524|
823525|
823526|
823527|
823552|
823553|
823554|
823555|
823556|
823557|
823558|
823559|
823584|
823585|
823586|
823587|
823588|
823589|
823590|
823591|
823616|
823617|
823618|
823619|
823620|
823621|
823622|
823623|
823648|
823649|
823650|
823651|
823652|
823653|
823654|
823655|
823680|
823681|
823682|
823683|
823684|
823685|
823686|
823687|
823712|
823713|
823714|
823715|
823716|
823717|
823718|
823719|
823744|
823745|
823746|
823747|
823748|
823749|
823750|
823751|
823776|
823777|
823778|
823779|
823780|
823781|
823782|
823783|
823808|
823809|
823810|
823811|
823812|
823813|
823814|
823815|
823840|
823841|
823842|
823843|
823844|
823845|
823846|
823847|
823872|
823873|
823874|
823875|
823876|
823877|
823878|
823879|
823904|
823905|
823906|
823907|
823908|
823909|
823910|
823911|
823936|
823937|
823938|
823939|
823940|
823941|
823942|
823943|
823968|
823969|
823970|
823971|
823972|
823973|
823974|
823975|
824000|
824001|
824002|
824003|
824004|
824005|
824006|
824007|
824032|
824033|
824034|
824035|
824036|
824037|
824038|
824039|
824064|
824065|
824066|
824067|
824068|
824069|
824070|
824071|
824096|
824097|
824098|
824099|
824100|
824101|
824102|
824103|
824128|
824129|
824130|
824131|
824132|
824133|
824134|
824135|
824160|
824161|
824162|
824163|
824164|
824165|
824166|
824167|
824192|
824193|
824194|
824195|
824196|
824197|
824198|
824199|
824224|
824225|
824226|
824227|
824228|
824229|
824230|
824231|
824256|
824257|
824258|
824259|
824260|
824261|
824262|
824263|
824288|
824289|
824290|
824291|
824292|
824293|
824294|
824295|
824320|
824321|
824322|
824323|
824324|
824325|
824326|
824327|
824352|
824353|
824354|
824355|
824356|
824357|
824358|
824359|
824384|
824385|
824386|
824387|
824388|
824389|
824390|
824391|
824416|
824417|
824418|
824419|
824420|
824421|
824422|
824423|
824448|
824449|
824450|
824451|
824452|
824453|
824454|
824455|
824480|
824481|
824482|
824483|
824484|
824485|
824486|
824487|
824512|
824513|
824514|
824515|
824516|
824517|
824518|
824519|
824544|
824545|
824546|
824547|
824548|
824549|
824550|
824551|
824576|
824577|
824578|
824579|
824580|
824581|
824582|
824583|
824608|
824609|
824610|
824611|
824612|
824613|
824614|
824615|
824640|
824641|
824642|
824643|
824644|
824645|
824646|
824647|
824672|
824673|
824674|
824675|
824676|
824677|
824678|
824679|
824704|
824705|
824706|
824707|
824708|
824709|
824710|
824711|
824736|
824737|
824738|
824739|
824740|
824741|
824742|
824743|
824768|
824769|
824770|
824771|
824772|
824773|
824774|
824775|
824800|
824801|
824802|
824803|
824804|
824805|
824806|
824807|
824832|
824833|
824834|
824835|
824836|
824837|
824838|
824839|
824864|
824865|
824866|
824867|
824868|
824869|
824870|
824871|
824896|
824897|
824898|
824899|
824900|
824901|
824902|
824903|
824928|
824929|
824930|
824931|
824932|
824933|
824934|
824935|
824960|
824961|
824962|
824963|
824964|
824965|
824966|
824967|
824992|
824993|
824994|
824995|
824996|
824997|
824998|
824999|
825024|
825025|
825026|
825027|
825028|
825029|
825030|
825031|
825056|
825057|
825058|
825059|
825060|
825061|
825062|
825063|
825088|
825089|
825090|
825091|
825092|
825093|
825094|
825095|
825120|
825121|
825122|
825123|
825124|
825125|
825126|
825127|
825152|
825153|
825154|
825155|
825156|
825157|
825158|
825159|
825184|
825185|
825186|
825187|
825188|
825189|
825190|
825191|
825216|
825217|
825218|
825219|
825220|
825221|
825222|
825223|
825248|
825249|
825250|
825251|
825252|
825253|
825254|
825255|
825280|
825281|
825282|
825283|
825284|
825285|
825286|
825287|
825312|
825313|
825314|
825315|
825316|
825317|
825318|
825319|
825344|
825345|
825346|
825347|
825348|
825349|
825350|
825351|
825376|
825377|
825378|
825379|
825380|
825381|
825382|
825383|
825408|
825409|
825410|
825411|
825412|
825413|
825414|
825415|
825440|
825441|
825442|
825443|
825444|
825445|
825446|
825447|
825472|
825473|
825474|
825475|
825476|
825477|
825478|
825479|
825504|
825505|
825506|
825507|
825508|
825509|
825510|
825511|
825536|
825537|
825538|
825539|
825540|
825541|
825542|
825543|
825568|
825569|
825570|
825571|
825572|
825573|
825574|
825575|
825600|
825601|
825602|
825603|
825604|
825605|
825606|
825607|
825632|
825633|
825634|
825635|
825636|
825637|
825638|
825639|
825664|
825665|
825666|
825667|
825668|
825669|
825670|
825671|
825696|
825697|
825698|
825699|
825700|
825701|
825702|
825703|
825728|
825729|
825730|
825731|
825732|
825733|
825734|
825735|
825760|
825761|
825762|
825763|
825764|
825765|
825766|
825767|
825792|
825793|
825794|
825795|
825796|
825797|
825798|
825799|
825824|
825825|
825826|
825827|
825828|
825829|
825830|
825831|
825856|
825857|
825858|
825859|
825860|
825861|
825862|
825863|
825888|
825889|
825890|
825891|
825892|
825893|
825894|
825895|
825920|
825921|
825922|
825923|
825924|
825925|
825926|
825927|
825952|
825953|
825954|
825955|
825956|
825957|
825958|
825959|
825984|
825985|
825986|
825987|
825988|
825989|
825990|
825991|
826016|
826017|
826018|
826019|
826020|
826021|
826022|
826023|
826048|
826049|
826050|
826051|
826052|
826053|
826054|
826055|
826080|
826081|
826082|
826083|
826084|
826085|
826086|
826087|
826112|
826113|
826114|
826115|
826116|
826117|
826118|
826119|
826144|
826145|
826146|
826147|
826148|
826149|
826150|
826151|
826176|
826177|
826178|
826179|
826180|
826181|
826182|
826183|
826208|
826209|
826210|
826211|
826212|
826213|
826214|
826215|
826240|
826241|
826242|
826243|
826244|
826245|
826246|
826247|
826272|
826273|
826274|
826275|
826276|
826277|
826278|
826279|
826304|
826305|
826306|
826307|
826308|
826309|
826310|
826311|
826336|
826337|
826338|
826339|
826340|
826341|
826342|
826343|
826368|
826369|
826370|
826371|
826372|
826373|
826374|
826375|
826400|
826401|
826402|
826403|
826404|
826405|
826406|
826407|
826432|
826433|
826434|
826435|
826436|
826437|
826438|
826439|
826464|
826465|
826466|
826467|
826468|
826469|
826470|
826471|
826496|
826497|
826498|
826499|
826500|
826501|
826502|
826503|
826528|
826529|
826530|
826531|
826532|
826533|
826534|
826535|
826560|
826561|
826562|
826563|
826564|
826565|
826566|
826567|
826592|
826593|
826594|
826595|
826596|
826597|
826598|
826599|
826624|
826625|
826626|
826627|
826628|
826629|
826630|
826631|
826656|
826657|
826658|
826659|
826660|
826661|
826662|
826663|
826688|
826689|
826690|
826691|
826692|
826693|
826694|
826695|
826720|
826721|
826722|
826723|
826724|
826725|
826726|
826727|
826752|
826753|
826754|
826755|
826756|
826757|
826758|
826759|
826784|
826785|
826786|
826787|
826788|
826789|
826790|
826791|
826816|
826817|
826818|
826819|
826820|
826821|
826822|
826823|
826848|
826849|
826850|
826851|
826852|
826853|
826854|
826855|
826880|
826881|
826882|
826883|
826884|
826885|
826886|
826887|
826912|
826913|
826914|
826915|
826916|
826917|
826918|
826919|
826944|
826945|
826946|
826947|
826948|
826949|
826950|
826951|
826976|
826977|
826978|
826979|
826980|
826981|
826982|
826983|
827008|
827009|
827010|
827011|
827012|
827013|
827014|
827015|
827040|
827041|
827042|
827043|
827044|
827045|
827046|
827047|
827072|
827073|
827074|
827075|
827076|
827077|
827078|
827079|
827104|
827105|
827106|
827107|
827108|
827109|
827110|
827111|
827136|
827137|
827138|
827139|
827140|
827141|
827142|
827143|
827168|
827169|
827170|
827171|
827172|
827173|
827174|
827175|
827200|
827201|
827202|
827203|
827204|
827205|
827206|
827207|
827232|
827233|
827234|
827235|
827236|
827237|
827238|
827239|
827264|
827265|
827266|
827267|
827268|
827269|
827270|
827271|
827296|
827297|
827298|
827299|
827300|
827301|
827302|
827303|
827328|
827329|
827330|
827331|
827332|
827333|
827334|
827335|
827360|
827361|
827362|
827363|
827364|
827365|
827366|
827367|
827392|
827393|
827394|
827395|
827396|
827397|
827398|
827399|
827424|
827425|
827426|
827427|
827428|
827429|
827430|
827431|
827456|
827457|
827458|
827459|
827460|
827461|
827462|
827463|
827488|
827489|
827490|
827491|
827492|
827493|
827494|
827495|
827520|
827521|
827522|
827523|
827524|
827525|
827526|
827527|
827552|
827553|
827554|
827555|
827556|
827557|
827558|
827559|
827584|
827585|
827586|
827587|
827588|
827589|
827590|
827591|
827616|
827617|
827618|
827619|
827620|
827621|
827622|
827623|
827648|
827649|
827650|
827651|
827652|
827653|
827654|
827655|
827680|
827681|
827682|
827683|
827684|
827685|
827686|
827687|
827712|
827713|
827714|
827715|
827716|
827717|
827718|
827719|
827744|
827745|
827746|
827747|
827748|
827749|
827750|
827751|
827776|
827777|
827778|
827779|
827780|
827781|
827782|
827783|
827808|
827809|
827810|
827811|
827812|
827813|
827814|
827815|
827840|
827841|
827842|
827843|
827844|
827845|
827846|
827847|
827872|
827873|
827874|
827875|
827876|
827877|
827878|
827879|
827904|
827905|
827906|
827907|
827908|
827909|
827910|
827911|
827936|
827937|
827938|
827939|
827940|
827941|
827942|
827943|
827968|
827969|
827970|
827971|
827972|
827973|
827974|
827975|
828000|
