2033989|
2033990|
2033991|
2034016|
2034017|
2034018|
2034019|
2034020|
2034021|
2034022|
2034023|
2034048|
2034049|
2034050|
2034051|
2034052|
2034053|
2034054|
2034055|
2034080|
2034081|
2034082|
2034083|
2034084|
2034085|
2034086|
2034087|
2034112|
2034113|
2034114|
2034115|
2034116|
2034117|
2034118|
2034119|
2034144|
2034145|
2034146|
2034147|
2034148|
2034149|
2034150|
2034151|
2034176|
2034177|
2034178|
2034179|
2034180|
2034181|
2034182|
2034183|
2034208|
2034209|
2034210|
2034211|
2034212|
2034213|
2034214|
2034215|
2034240|
2034241|
2034242|
2034243|
2034244|
2034245|
2034246|
2034247|
2034272|
2034273|
2034274|
2034275|
2034276|
2034277|
2034278|
2034279|
2034304|
2034305|
2034306|
2034307|
2034308|
2034309|
2034310|
2034311|
2034336|
2034337|
2034338|
2034339|
2034340|
2034341|
2034342|
2034343|
2034368|
2034369|
2034370|
2034371|
2034372|
2034373|
2034374|
2034375|
2034400|
2034401|
2034402|
2034403|
2034404|
2034405|
2034406|
2034407|
2034432|
2034433|
2034434|
2034435|
2034436|
2034437|
2034438|
2034439|
2034464|
2034465|
2034466|
2034467|
2034468|
2034469|
2034470|
2034471|
2034496|
2034497|
2034498|
2034499|
2034500|
2034501|
2034502|
2034503|
2034528|
2034529|
2034530|
2034531|
2034532|
2034533|
2034534|
2034535|
2034560|
2034561|
2034562|
2034563|
2034564|
2034565|
2034566|
2034567|
2034592|
2034593|
2034594|
2034595|
2034596|
2034597|
2034598|
2034599|
2034624|
2034625|
2034626|
2034627|
2034628|
2034629|
2034630|
2034631|
2034656|
2034657|
2034658|
2034659|
2034660|
2034661|
2034662|
2034663|
2034688|
2034689|
2034690|
2034691|
2034692|
2034693|
2034694|
2034695|
2034720|
2034721|
2034722|
2034723|
2034724|
2034725|
2034726|
2034727|
2034752|
2034753|
2034754|
2034755|
2034756|
2034757|
2034758|
2034759|
2034784|
2034785|
2034786|
2034787|
2034788|
2034789|
2034790|
2034791|
2034816|
2034817|
2034818|
2034819|
2034820|
2034821|
2034822|
2034823|
2034848|
2034849|
2034850|
2034851|
2034852|
2034853|
2034854|
2034855|
2034880|
2034881|
2034882|
2034883|
2034884|
2034885|
2034886|
2034887|
2034912|
2034913|
2034914|
2034915|
2034916|
2034917|
2034918|
2034919|
2034944|
2034945|
2034946|
2034947|
2034948|
2034949|
2034950|
2034951|
2034976|
2034977|
2034978|
2034979|
2034980|
2034981|
2034982|
2034983|
2035008|
2035009|
2035010|
2035011|
2035012|
2035013|
2035014|
2035015|
2035040|
2035041|
2035042|
2035043|
2035044|
2035045|
2035046|
2035047|
2035072|
2035073|
2035074|
2035075|
2035076|
2035077|
2035078|
2035079|
2035104|
2035105|
2035106|
2035107|
2035108|
2035109|
2035110|
2035111|
2035136|
2035137|
2035138|
2035139|
2035140|
2035141|
2035142|
2035143|
2035168|
2035169|
2035170|
2035171|
2035172|
2035173|
2035174|
2035175|
2035200|
2035201|
2035202|
2035203|
2035204|
2035205|
2035206|
2035207|
2035232|
2035233|
2035234|
2035235|
2035236|
2035237|
2035238|
2035239|
2035264|
2035265|
2035266|
2035267|
2035268|
2035269|
2035270|
2035271|
2035296|
2035297|
2035298|
2035299|
2035300|
2035301|
2035302|
2035303|
2035328|
2035329|
2035330|
2035331|
2035332|
2035333|
2035334|
2035335|
2035360|
2035361|
2035362|
2035363|
2035364|
2035365|
2035366|
2035367|
2035392|
2035393|
2035394|
2035395|
2035396|
2035397|
2035398|
2035399|
2035424|
2035425|
2035426|
2035427|
2035428|
2035429|
2035430|
2035431|
2035456|
2035457|
2035458|
2035459|
2035460|
2035461|
2035462|
2035463|
2035488|
2035489|
2035490|
2035491|
2035492|
2035493|
2035494|
2035495|
2035520|
2035521|
2035522|
2035523|
2035524|
2035525|
2035526|
2035527|
2035552|
2035553|
2035554|
2035555|
2035556|
2035557|
2035558|
2035559|
2035584|
2035585|
2035586|
2035587|
2035588|
2035589|
2035590|
2035591|
2035616|
2035617|
2035618|
2035619|
2035620|
2035621|
2035622|
2035623|
2035648|
2035649|
2035650|
2035651|
2035652|
2035653|
2035654|
2035655|
2035680|
2035681|
2035682|
2035683|
2035684|
2035685|
2035686|
2035687|
2035712|
2035713|
2035714|
2035715|
2035716|
2035717|
2035718|
2035719|
2035744|
2035745|
2035746|
2035747|
2035748|
2035749|
2035750|
2035751|
2035776|
2035777|
2035778|
2035779|
2035780|
2035781|
2035782|
2035783|
2035808|
2035809|
2035810|
2035811|
2035812|
2035813|
2035814|
2035815|
2035840|
2035841|
2035842|
2035843|
2035844|
2035845|
2035846|
2035847|
2035872|
2035873|
2035874|
2035875|
2035876|
2035877|
2035878|
2035879|
2035904|
2035905|
2035906|
2035907|
2035908|
2035909|
2035910|
2035911|
2035936|
2035937|
2035938|
2035939|
2035940|
2035941|
2035942|
2035943|
2035968|
2035969|
2035970|
2035971|
2035972|
2035973|
2035974|
2035975|
2036000|
2036001|
2036002|
2036003|
2036004|
2036005|
2036006|
2036007|
2036032|
2036033|
2036034|
2036035|
2036036|
2036037|
2036038|
2036039|
2036064|
2036065|
2036066|
2036067|
2036068|
2036069|
2036070|
2036071|
2036096|
2036097|
2036098|
2036099|
2036100|
2036101|
2036102|
2036103|
2036128|
2036129|
2036130|
2036131|
2036132|
2036133|
2036134|
2036135|
2036160|
2036161|
2036162|
2036163|
2036164|
2036165|
2036166|
2036167|
2036192|
2036193|
2036194|
2036195|
2036196|
2036197|
2036198|
2036199|
2036224|
2036225|
2036226|
2036227|
2036228|
2036229|
2036230|
2036231|
2036256|
2036257|
2036258|
2036259|
2036260|
2036261|
2036262|
2036263|
2036288|
2036289|
2036290|
2036291|
2036292|
2036293|
2036294|
2036295|
2036320|
2036321|
2036322|
2036323|
2036324|
2036325|
2036326|
2036327|
2036352|
2036353|
2036354|
2036355|
2036356|
2036357|
2036358|
2036359|
2036384|
2036385|
2036386|
2036387|
2036388|
2036389|
2036390|
2036391|
2036416|
2036417|
2036418|
2036419|
2036420|
2036421|
2036422|
2036423|
2036448|
2036449|
2036450|
2036451|
2036452|
2036453|
2036454|
2036455|
2036480|
2036481|
2036482|
2036483|
2036484|
2036485|
2036486|
2036487|
2036512|
2036513|
2036514|
2036515|
2036516|
2036517|
2036518|
2036519|
2036544|
2036545|
2036546|
2036547|
2036548|
2036549|
2036550|
2036551|
2036576|
2036577|
2036578|
2036579|
2036580|
2036581|
2036582|
2036583|
2036608|
2036609|
2036610|
2036611|
2036612|
2036613|
2036614|
2036615|
2036640|
2036641|
2036642|
2036643|
2036644|
2036645|
2036646|
2036647|
2036672|
2036673|
2036674|
2036675|
2036676|
2036677|
2036678|
2036679|
2036704|
2036705|
2036706|
2036707|
2036708|
2036709|
2036710|
2036711|
2036736|
2036737|
2036738|
2036739|
2036740|
2036741|
2036742|
2036743|
2036768|
2036769|
2036770|
2036771|
2036772|
2036773|
2036774|
2036775|
2036800|
2036801|
2036802|
2036803|
2036804|
2036805|
2036806|
2036807|
2036832|
2036833|
2036834|
2036835|
2036836|
2036837|
2036838|
2036839|
2036864|
2036865|
2036866|
2036867|
2036868|
2036869|
2036870|
2036871|
2036896|
2036897|
2036898|
2036899|
2036900|
2036901|
2036902|
2036903|
2036928|
2036929|
2036930|
2036931|
2036932|
2036933|
2036934|
2036935|
2036960|
2036961|
2036962|
2036963|
2036964|
2036965|
2036966|
2036967|
2036992|
2036993|
2036994|
2036995|
2036996|
2036997|
2036998|
2036999|
2037024|
2037025|
2037026|
2037027|
2037028|
2037029|
2037030|
2037031|
2037056|
2037057|
2037058|
2037059|
2037060|
2037061|
2037062|
2037063|
2037088|
2037089|
2037090|
2037091|
2037092|
2037093|
2037094|
2037095|
2037120|
2037121|
2037122|
2037123|
2037124|
2037125|
2037126|
2037127|
2037152|
2037153|
2037154|
2037155|
2037156|
2037157|
2037158|
2037159|
2037184|
2037185|
2037186|
2037187|
2037188|
2037189|
2037190|
2037191|
2037216|
2037217|
2037218|
2037219|
2037220|
2037221|
2037222|
2037223|
2037248|
2037249|
2037250|
2037251|
2037252|
2037253|
2037254|
2037255|
2037280|
2037281|
2037282|
2037283|
2037284|
2037285|
2037286|
2037287|
2037312|
2037313|
2037314|
2037315|
2037316|
2037317|
2037318|
2037319|
2037344|
2037345|
2037346|
2037347|
2037348|
2037349|
2037350|
2037351|
2037376|
2037377|
2037378|
2037379|
2037380|
2037381|
2037382|
2037383|
2037408|
2037409|
2037410|
2037411|
2037412|
2037413|
2037414|
2037415|
2037440|
2037441|
2037442|
2037443|
2037444|
2037445|
2037446|
2037447|
2037472|
2037473|
2037474|
2037475|
2037476|
2037477|
2037478|
2037479|
2037504|
2037505|
2037506|
2037507|
2037508|
2037509|
2037510|
2037511|
2037536|
2037537|
2037538|
2037539|
2037540|
2037541|
2037542|
2037543|
2037568|
2037569|
2037570|
2037571|
2037572|
2037573|
2037574|
2037575|
2037600|
2037601|
2037602|
2037603|
2037604|
2037605|
2037606|
2037607|
2037632|
2037633|
2037634|
2037635|
2037636|
2037637|
2037638|
2037639|
2037664|
2037665|
2037666|
2037667|
2037668|
2037669|
2037670|
2037671|
2037696|
2037697|
2037698|
2037699|
2037700|
2037701|
2037702|
2037703|
2037728|
2037729|
2037730|
2037731|
2037732|
2037733|
2037734|
2037735|
2037760|
2037761|
2037762|
2037763|
2037764|
2037765|
2037766|
2037767|
2037792|
2037793|
2037794|
2037795|
2037796|
2037797|
2037798|
2037799|
2037824|
2037825|
2037826|
2037827|
2037828|
2037829|
2037830|
2037831|
2037856|
2037857|
2037858|
2037859|
2037860|
2037861|
2037862|
2037863|
2037888|
2037889|
2037890|
2037891|
2037892|
2037893|
2037894|
2037895|
2037920|
2037921|
2037922|
2037923|
2037924|
2037925|
2037926|
2037927|
2037952|
2037953|
2037954|
2037955|
2037956|
2037957|
2037958|
2037959|
2037984|
2037985|
2037986|
2037987|
2037988|
2037989|
2037990|
2037991|
2038016|
2038017|
2038018|
2038019|
2038020|
2038021|
2038022|
2038023|
2038048|
2038049|
2038050|
2038051|
2038052|
2038053|
2038054|
2038055|
2038080|
2038081|
2038082|
2038083|
2038084|
2038085|
2038086|
2038087|
2038112|
2038113|
2038114|
2038115|
2038116|
2038117|
2038118|
2038119|
2038144|
2038145|
2038146|
2038147|
2038148|
2038149|
2038150|
2038151|
2038176|
2038177|
2038178|
2038179|
2038180|
2038181|
2038182|
2038183|
2038208|
2038209|
2038210|
2038211|
2038212|
2038213|
2038214|
2038215|
2038240|
2038241|
2038242|
2038243|
2038244|
2038245|
2038246|
2038247|
2038272|
2038273|
2038274|
2038275|
2038276|
2038277|
2038278|
2038279|
2038304|
2038305|
2038306|
2038307|
2038308|
2038309|
2038310|
2038311|
2038336|
2038337|
2038338|
2038339|
2038340|
2038341|
2038342|
2038343|
2038368|
2038369|
2038370|
2038371|
2038372|
2038373|
2038374|
2038375|
2038400|
2038401|
2038402|
2038403|
2038404|
2038405|
2038406|
2038407|
2038432|
2038433|
2038434|
2038435|
2038436|
2038437|
2038438|
2038439|
2038464|
2038465|
2038466|
2038467|
2038468|
2038469|
2038470|
2038471|
2038496|
2038497|
2038498|
2038499|
2038500|
2038501|
2038502|
2038503|
2038528|
2038529|
2038530|
2038531|
2038532|
2038533|
2038534|
2038535|
2038560|
2038561|
2038562|
2038563|
2038564|
2038565|
2038566|
2038567|
2038592|
2038593|
2038594|
2038595|
2038596|
2038597|
2038598|
2038599|
2038624|
2038625|
2038626|
2038627|
2038628|
2038629|
2038630|
2038631|
2038656|
2038657|
2038658|
2038659|
2038660|
2038661|
2038662|
2038663|
2038688|
2038689|
2038690|
2038691|
2038692|
2038693|
2038694|
2038695|
2038720|
2038721|
2038722|
2038723|
2038724|
2038725|
2038726|
2038727|
2038752|
2038753|
2038754|
2038755|
2038756|
2038757|
2038758|
2038759|
2038784|
2038785|
2038786|
2038787|
2038788|
2038789|
2038790|
2038791|
2038816|
2038817|
2038818|
2038819|
2038820|
2038821|
2038822|
2038823|
2038848|
2038849|
2038850|
2038851|
2038852|
2038853|
2038854|
2038855|
2038880|
2038881|
2038882|
2038883|
2038884|
2038885|
2038886|
2038887|
2038912|
2038913|
2038914|
2038915|
2038916|
2038917|
2038918|
2038919|
2038944|
2038945|
2038946|
2038947|
2038948|
2038949|
2038950|
2038951|
2038976|
2038977|
2038978|
2038979|
2038980|
2038981|
2038982|
2038983|
2039008|
2039009|
2039010|
2039011|
2039012|
2039013|
2039014|
2039015|
2039040|
2039041|
2039042|
2039043|
2039044|
2039045|
2039046|
2039047|
2039072|
2039073|
2039074|
2039075|
2039076|
2039077|
2039078|
2039079|
2039104|
2039105|
2039106|
2039107|
2039108|
2039109|
2039110|
2039111|
2039136|
2039137|
2039138|
2039139|
2039140|
2039141|
2039142|
2039143|
2039168|
2039169|
2039170|
2039171|
2039172|
2039173|
2039174|
2039175|
2039200|
2039201|
2039202|
2039203|
2039204|
2039205|
2039206|
2039207|
2039232|
2039233|
2039234|
2039235|
2039236|
2039237|
2039238|
2039239|
2039264|
2039265|
2039266|
2039267|
2039268|
2039269|
2039270|
2039271|
2039296|
2039297|
2039298|
2039299|
2039300|
2039301|
2039302|
2039303|
2039328|
2039329|
2039330|
2039331|
2039332|
2039333|
2039334|
2039335|
2039360|
2039361|
2039362|
2039363|
2039364|
2039365|
2039366|
2039367|
2039392|
2039393|
2039394|
2039395|
2039396|
2039397|
2039398|
2039399|
2039424|
2039425|
2039426|
2039427|
2039428|
2039429|
2039430|
2039431|
2039456|
2039457|
2039458|
2039459|
2039460|
2039461|
2039462|
2039463|
2039488|
2039489|
2039490|
2039491|
2039492|
2039493|
2039494|
2039495|
2039520|
2039521|
2039522|
2039523|
2039524|
2039525|
2039526|
2039527|
2039552|
2039553|
2039554|
2039555|
2039556|
2039557|
2039558|
2039559|
2039584|
2039585|
2039586|
2039587|
2039588|
2039589|
2039590|
2039591|
2039616|
2039617|
2039618|
2039619|
2039620|
2039621|
2039622|
2039623|
2039648|
2039649|
2039650|
2039651|
2039652|
2039653|
2039654|
2039655|
2039680|
2039681|
2039682|
2039683|
2039684|
2039685|
2039686|
2039687|
2039712|
2039713|
2039714|
2039715|
2039716|
2039717|
2039718|
2039719|
2039744|
2039745|
2039746|
2039747|
2039748|
2039749|
2039750|
2039751|
2039776|
2039777|
2039778|
2039779|
2039780|
2039781|
2039782|
2039783|
2039808|
2039809|
2039810|
2039811|
2039812|
2039813|
2039814|
2039815|
2039840|
2039841|
2039842|
2039843|
2039844|
2039845|
2039846|
2039847|
2039872|
2039873|
2039874|
2039875|
2039876|
2039877|
2039878|
2039879|
2039904|
2039905|
2039906|
2039907|
2039908|
2039909|
2039910|
2039911|
2039936|
2039937|
2039938|
2039939|
2039940|
2039941|
2039942|
2039943|
2039968|
2039969|
2039970|
2039971|
2039972|
2039973|
2039974|
2039975|
2040000|
