2724001|
2724002|
2724003|
2724004|
2724005|
2724006|
2724007|
2724032|
2724033|
2724034|
2724035|
2724036|
2724037|
2724038|
2724039|
2724064|
2724065|
2724066|
2724067|
2724068|
2724069|
2724070|
2724071|
2724096|
2724097|
2724098|
2724099|
2724100|
2724101|
2724102|
2724103|
2724128|
2724129|
2724130|
2724131|
2724132|
2724133|
2724134|
2724135|
2724160|
2724161|
2724162|
2724163|
2724164|
2724165|
2724166|
2724167|
2724192|
2724193|
2724194|
2724195|
2724196|
2724197|
2724198|
2724199|
2724224|
2724225|
2724226|
2724227|
2724228|
2724229|
2724230|
2724231|
2724256|
2724257|
2724258|
2724259|
2724260|
2724261|
2724262|
2724263|
2724288|
2724289|
2724290|
2724291|
2724292|
2724293|
2724294|
2724295|
2724320|
2724321|
2724322|
2724323|
2724324|
2724325|
2724326|
2724327|
2724352|
2724353|
2724354|
2724355|
2724356|
2724357|
2724358|
2724359|
2724384|
2724385|
2724386|
2724387|
2724388|
2724389|
2724390|
2724391|
2724416|
2724417|
2724418|
2724419|
2724420|
2724421|
2724422|
2724423|
2724448|
2724449|
2724450|
2724451|
2724452|
2724453|
2724454|
2724455|
2724480|
2724481|
2724482|
2724483|
2724484|
2724485|
2724486|
2724487|
2724512|
2724513|
2724514|
2724515|
2724516|
2724517|
2724518|
2724519|
2724544|
2724545|
2724546|
2724547|
2724548|
2724549|
2724550|
2724551|
2724576|
2724577|
2724578|
2724579|
2724580|
2724581|
2724582|
2724583|
2724608|
2724609|
2724610|
2724611|
2724612|
2724613|
2724614|
2724615|
2724640|
2724641|
2724642|
2724643|
2724644|
2724645|
2724646|
2724647|
2724672|
2724673|
2724674|
2724675|
2724676|
2724677|
2724678|
2724679|
2724704|
2724705|
2724706|
2724707|
2724708|
2724709|
2724710|
2724711|
2724736|
2724737|
2724738|
2724739|
2724740|
2724741|
2724742|
2724743|
2724768|
2724769|
2724770|
2724771|
2724772|
2724773|
2724774|
2724775|
2724800|
2724801|
2724802|
2724803|
2724804|
2724805|
2724806|
2724807|
2724832|
2724833|
2724834|
2724835|
2724836|
2724837|
2724838|
2724839|
2724864|
2724865|
2724866|
2724867|
2724868|
2724869|
2724870|
2724871|
2724896|
2724897|
2724898|
2724899|
2724900|
2724901|
2724902|
2724903|
2724928|
2724929|
2724930|
2724931|
2724932|
2724933|
2724934|
2724935|
2724960|
2724961|
2724962|
2724963|
2724964|
2724965|
2724966|
2724967|
2724992|
2724993|
2724994|
2724995|
2724996|
2724997|
2724998|
2724999|
2725024|
2725025|
2725026|
2725027|
2725028|
2725029|
2725030|
2725031|
2725056|
2725057|
2725058|
2725059|
2725060|
2725061|
2725062|
2725063|
2725088|
2725089|
2725090|
2725091|
2725092|
2725093|
2725094|
2725095|
2725120|
2725121|
2725122|
2725123|
2725124|
2725125|
2725126|
2725127|
2725152|
2725153|
2725154|
2725155|
2725156|
2725157|
2725158|
2725159|
2725184|
2725185|
2725186|
2725187|
2725188|
2725189|
2725190|
2725191|
2725216|
2725217|
2725218|
2725219|
2725220|
2725221|
2725222|
2725223|
2725248|
2725249|
2725250|
2725251|
2725252|
2725253|
2725254|
2725255|
2725280|
2725281|
2725282|
2725283|
2725284|
2725285|
2725286|
2725287|
2725312|
2725313|
2725314|
2725315|
2725316|
2725317|
2725318|
2725319|
2725344|
2725345|
2725346|
2725347|
2725348|
2725349|
2725350|
2725351|
2725376|
2725377|
2725378|
2725379|
2725380|
2725381|
2725382|
2725383|
2725408|
2725409|
2725410|
2725411|
2725412|
2725413|
2725414|
2725415|
2725440|
2725441|
2725442|
2725443|
2725444|
2725445|
2725446|
2725447|
2725472|
2725473|
2725474|
2725475|
2725476|
2725477|
2725478|
2725479|
2725504|
2725505|
2725506|
2725507|
2725508|
2725509|
2725510|
2725511|
2725536|
2725537|
2725538|
2725539|
2725540|
2725541|
2725542|
2725543|
2725568|
2725569|
2725570|
2725571|
2725572|
2725573|
2725574|
2725575|
2725600|
2725601|
2725602|
2725603|
2725604|
2725605|
2725606|
2725607|
2725632|
2725633|
2725634|
2725635|
2725636|
2725637|
2725638|
2725639|
2725664|
2725665|
2725666|
2725667|
2725668|
2725669|
2725670|
2725671|
2725696|
2725697|
2725698|
2725699|
2725700|
2725701|
2725702|
2725703|
2725728|
2725729|
2725730|
2725731|
2725732|
2725733|
2725734|
2725735|
2725760|
2725761|
2725762|
2725763|
2725764|
2725765|
2725766|
2725767|
2725792|
2725793|
2725794|
2725795|
2725796|
2725797|
2725798|
2725799|
2725824|
2725825|
2725826|
2725827|
2725828|
2725829|
2725830|
2725831|
2725856|
2725857|
2725858|
2725859|
2725860|
2725861|
2725862|
2725863|
2725888|
2725889|
2725890|
2725891|
2725892|
2725893|
2725894|
2725895|
2725920|
2725921|
2725922|
2725923|
2725924|
2725925|
2725926|
2725927|
2725952|
2725953|
2725954|
2725955|
2725956|
2725957|
2725958|
2725959|
2725984|
2725985|
2725986|
2725987|
2725988|
2725989|
2725990|
2725991|
2726016|
2726017|
2726018|
2726019|
2726020|
2726021|
2726022|
2726023|
2726048|
2726049|
2726050|
2726051|
2726052|
2726053|
2726054|
2726055|
2726080|
2726081|
2726082|
2726083|
2726084|
2726085|
2726086|
2726087|
2726112|
2726113|
2726114|
2726115|
2726116|
2726117|
2726118|
2726119|
2726144|
2726145|
2726146|
2726147|
2726148|
2726149|
2726150|
2726151|
2726176|
2726177|
2726178|
2726179|
2726180|
2726181|
2726182|
2726183|
2726208|
2726209|
2726210|
2726211|
2726212|
2726213|
2726214|
2726215|
2726240|
2726241|
2726242|
2726243|
2726244|
2726245|
2726246|
2726247|
2726272|
2726273|
2726274|
2726275|
2726276|
2726277|
2726278|
2726279|
2726304|
2726305|
2726306|
2726307|
2726308|
2726309|
2726310|
2726311|
2726336|
2726337|
2726338|
2726339|
2726340|
2726341|
2726342|
2726343|
2726368|
2726369|
2726370|
2726371|
2726372|
2726373|
2726374|
2726375|
2726400|
2726401|
2726402|
2726403|
2726404|
2726405|
2726406|
2726407|
2726432|
2726433|
2726434|
2726435|
2726436|
2726437|
2726438|
2726439|
2726464|
2726465|
2726466|
2726467|
2726468|
2726469|
2726470|
2726471|
2726496|
2726497|
2726498|
2726499|
2726500|
2726501|
2726502|
2726503|
2726528|
2726529|
2726530|
2726531|
2726532|
2726533|
2726534|
2726535|
2726560|
2726561|
2726562|
2726563|
2726564|
2726565|
2726566|
2726567|
2726592|
2726593|
2726594|
2726595|
2726596|
2726597|
2726598|
2726599|
2726624|
2726625|
2726626|
2726627|
2726628|
2726629|
2726630|
2726631|
2726656|
2726657|
2726658|
2726659|
2726660|
2726661|
2726662|
2726663|
2726688|
2726689|
2726690|
2726691|
2726692|
2726693|
2726694|
2726695|
2726720|
2726721|
2726722|
2726723|
2726724|
2726725|
2726726|
2726727|
2726752|
2726753|
2726754|
2726755|
2726756|
2726757|
2726758|
2726759|
2726784|
2726785|
2726786|
2726787|
2726788|
2726789|
2726790|
2726791|
2726816|
2726817|
2726818|
2726819|
2726820|
2726821|
2726822|
2726823|
2726848|
2726849|
2726850|
2726851|
2726852|
2726853|
2726854|
2726855|
2726880|
2726881|
2726882|
2726883|
2726884|
2726885|
2726886|
2726887|
2726912|
2726913|
2726914|
2726915|
2726916|
2726917|
2726918|
2726919|
2726944|
2726945|
2726946|
2726947|
2726948|
2726949|
2726950|
2726951|
2726976|
2726977|
2726978|
2726979|
2726980|
2726981|
2726982|
2726983|
2727008|
2727009|
2727010|
2727011|
2727012|
2727013|
2727014|
2727015|
2727040|
2727041|
2727042|
2727043|
2727044|
2727045|
2727046|
2727047|
2727072|
2727073|
2727074|
2727075|
2727076|
2727077|
2727078|
2727079|
2727104|
2727105|
2727106|
2727107|
2727108|
2727109|
2727110|
2727111|
2727136|
2727137|
2727138|
2727139|
2727140|
2727141|
2727142|
2727143|
2727168|
2727169|
2727170|
2727171|
2727172|
2727173|
2727174|
2727175|
2727200|
2727201|
2727202|
2727203|
2727204|
2727205|
2727206|
2727207|
2727232|
2727233|
2727234|
2727235|
2727236|
2727237|
2727238|
2727239|
2727264|
2727265|
2727266|
2727267|
2727268|
2727269|
2727270|
2727271|
2727296|
2727297|
2727298|
2727299|
2727300|
2727301|
2727302|
2727303|
2727328|
2727329|
2727330|
2727331|
2727332|
2727333|
2727334|
2727335|
2727360|
2727361|
2727362|
2727363|
2727364|
2727365|
2727366|
2727367|
2727392|
2727393|
2727394|
2727395|
2727396|
2727397|
2727398|
2727399|
2727424|
2727425|
2727426|
2727427|
2727428|
2727429|
2727430|
2727431|
2727456|
2727457|
2727458|
2727459|
2727460|
2727461|
2727462|
2727463|
2727488|
2727489|
2727490|
2727491|
2727492|
2727493|
2727494|
2727495|
2727520|
2727521|
2727522|
2727523|
2727524|
2727525|
2727526|
2727527|
2727552|
2727553|
2727554|
2727555|
2727556|
2727557|
2727558|
2727559|
2727584|
2727585|
2727586|
2727587|
2727588|
2727589|
2727590|
2727591|
2727616|
2727617|
2727618|
2727619|
2727620|
2727621|
2727622|
2727623|
2727648|
2727649|
2727650|
2727651|
2727652|
2727653|
2727654|
2727655|
2727680|
2727681|
2727682|
2727683|
2727684|
2727685|
2727686|
2727687|
2727712|
2727713|
2727714|
2727715|
2727716|
2727717|
2727718|
2727719|
2727744|
2727745|
2727746|
2727747|
2727748|
2727749|
2727750|
2727751|
2727776|
2727777|
2727778|
2727779|
2727780|
2727781|
2727782|
2727783|
2727808|
2727809|
2727810|
2727811|
2727812|
2727813|
2727814|
2727815|
2727840|
2727841|
2727842|
2727843|
2727844|
2727845|
2727846|
2727847|
2727872|
2727873|
2727874|
2727875|
2727876|
2727877|
2727878|
2727879|
2727904|
2727905|
2727906|
2727907|
2727908|
2727909|
2727910|
2727911|
2727936|
2727937|
2727938|
2727939|
2727940|
2727941|
2727942|
2727943|
2727968|
2727969|
2727970|
2727971|
2727972|
2727973|
2727974|
2727975|
2728000|
2728001|
2728002|
2728003|
2728004|
2728005|
2728006|
2728007|
2728032|
2728033|
2728034|
2728035|
2728036|
2728037|
2728038|
2728039|
2728064|
2728065|
2728066|
2728067|
2728068|
2728069|
2728070|
2728071|
2728096|
2728097|
2728098|
2728099|
2728100|
2728101|
2728102|
2728103|
2728128|
2728129|
2728130|
2728131|
2728132|
2728133|
2728134|
2728135|
2728160|
2728161|
2728162|
2728163|
2728164|
2728165|
2728166|
2728167|
2728192|
2728193|
2728194|
2728195|
2728196|
2728197|
2728198|
2728199|
2728224|
2728225|
2728226|
2728227|
2728228|
2728229|
2728230|
2728231|
2728256|
2728257|
2728258|
2728259|
2728260|
2728261|
2728262|
2728263|
2728288|
2728289|
2728290|
2728291|
2728292|
2728293|
2728294|
2728295|
2728320|
2728321|
2728322|
2728323|
2728324|
2728325|
2728326|
2728327|
2728352|
2728353|
2728354|
2728355|
2728356|
2728357|
2728358|
2728359|
2728384|
2728385|
2728386|
2728387|
2728388|
2728389|
2728390|
2728391|
2728416|
2728417|
2728418|
2728419|
2728420|
2728421|
2728422|
2728423|
2728448|
2728449|
2728450|
2728451|
2728452|
2728453|
2728454|
2728455|
2728480|
2728481|
2728482|
2728483|
2728484|
2728485|
2728486|
2728487|
2728512|
2728513|
2728514|
2728515|
2728516|
2728517|
2728518|
2728519|
2728544|
2728545|
2728546|
2728547|
2728548|
2728549|
2728550|
2728551|
2728576|
2728577|
2728578|
2728579|
2728580|
2728581|
2728582|
2728583|
2728608|
2728609|
2728610|
2728611|
2728612|
2728613|
2728614|
2728615|
2728640|
2728641|
2728642|
2728643|
2728644|
2728645|
2728646|
2728647|
2728672|
2728673|
2728674|
2728675|
2728676|
2728677|
2728678|
2728679|
2728704|
2728705|
2728706|
2728707|
2728708|
2728709|
2728710|
2728711|
2728736|
2728737|
2728738|
2728739|
2728740|
2728741|
2728742|
2728743|
2728768|
2728769|
2728770|
2728771|
2728772|
2728773|
2728774|
2728775|
2728800|
2728801|
2728802|
2728803|
2728804|
2728805|
2728806|
2728807|
2728832|
2728833|
2728834|
2728835|
2728836|
2728837|
2728838|
2728839|
2728864|
2728865|
2728866|
2728867|
2728868|
2728869|
2728870|
2728871|
2728896|
2728897|
2728898|
2728899|
2728900|
2728901|
2728902|
2728903|
2728928|
2728929|
2728930|
2728931|
2728932|
2728933|
2728934|
2728935|
2728960|
2728961|
2728962|
2728963|
2728964|
2728965|
2728966|
2728967|
2728992|
2728993|
2728994|
2728995|
2728996|
2728997|
2728998|
2728999|
2729024|
2729025|
2729026|
2729027|
2729028|
2729029|
2729030|
2729031|
2729056|
2729057|
2729058|
2729059|
2729060|
2729061|
2729062|
2729063|
2729088|
2729089|
2729090|
2729091|
2729092|
2729093|
2729094|
2729095|
2729120|
2729121|
2729122|
2729123|
2729124|
2729125|
2729126|
2729127|
2729152|
2729153|
2729154|
2729155|
2729156|
2729157|
2729158|
2729159|
2729184|
2729185|
2729186|
2729187|
2729188|
2729189|
2729190|
2729191|
2729216|
2729217|
2729218|
2729219|
2729220|
2729221|
2729222|
2729223|
2729248|
2729249|
2729250|
2729251|
2729252|
2729253|
2729254|
2729255|
2729280|
2729281|
2729282|
2729283|
2729284|
2729285|
2729286|
2729287|
2729312|
2729313|
2729314|
2729315|
2729316|
2729317|
2729318|
2729319|
2729344|
2729345|
2729346|
2729347|
2729348|
2729349|
2729350|
2729351|
2729376|
2729377|
2729378|
2729379|
2729380|
2729381|
2729382|
2729383|
2729408|
2729409|
2729410|
2729411|
2729412|
2729413|
2729414|
2729415|
2729440|
2729441|
2729442|
2729443|
2729444|
2729445|
2729446|
2729447|
2729472|
2729473|
2729474|
2729475|
2729476|
2729477|
2729478|
2729479|
2729504|
2729505|
2729506|
2729507|
2729508|
2729509|
2729510|
2729511|
2729536|
2729537|
2729538|
2729539|
2729540|
2729541|
2729542|
2729543|
2729568|
2729569|
2729570|
2729571|
2729572|
2729573|
2729574|
2729575|
2729600|
2729601|
2729602|
2729603|
2729604|
2729605|
2729606|
2729607|
2729632|
2729633|
2729634|
2729635|
2729636|
2729637|
2729638|
2729639|
2729664|
2729665|
2729666|
2729667|
2729668|
2729669|
2729670|
2729671|
2729696|
2729697|
2729698|
2729699|
2729700|
2729701|
2729702|
2729703|
2729728|
2729729|
2729730|
2729731|
2729732|
2729733|
2729734|
2729735|
2729760|
2729761|
2729762|
2729763|
2729764|
2729765|
2729766|
2729767|
2729792|
2729793|
2729794|
2729795|
2729796|
2729797|
2729798|
2729799|
2729824|
2729825|
2729826|
2729827|
2729828|
2729829|
2729830|
2729831|
2729856|
2729857|
2729858|
2729859|
2729860|
2729861|
2729862|
2729863|
2729888|
2729889|
2729890|
2729891|
2729892|
2729893|
2729894|
2729895|
2729920|
2729921|
2729922|
2729923|
2729924|
2729925|
2729926|
2729927|
2729952|
2729953|
2729954|
2729955|
2729956|
2729957|
2729958|
2729959|
2729984|
2729985|
2729986|
2729987|
2729988|
