2832001|
2832002|
2832003|
2832004|
2832005|
2832006|
2832007|
2832032|
2832033|
2832034|
2832035|
2832036|
2832037|
2832038|
2832039|
2832064|
2832065|
2832066|
2832067|
2832068|
2832069|
2832070|
2832071|
2832096|
2832097|
2832098|
2832099|
2832100|
2832101|
2832102|
2832103|
2832128|
2832129|
2832130|
2832131|
2832132|
2832133|
2832134|
2832135|
2832160|
2832161|
2832162|
2832163|
2832164|
2832165|
2832166|
2832167|
2832192|
2832193|
2832194|
2832195|
2832196|
2832197|
2832198|
2832199|
2832224|
2832225|
2832226|
2832227|
2832228|
2832229|
2832230|
2832231|
2832256|
2832257|
2832258|
2832259|
2832260|
2832261|
2832262|
2832263|
2832288|
2832289|
2832290|
2832291|
2832292|
2832293|
2832294|
2832295|
2832320|
2832321|
2832322|
2832323|
2832324|
2832325|
2832326|
2832327|
2832352|
2832353|
2832354|
2832355|
2832356|
2832357|
2832358|
2832359|
2832384|
2832385|
2832386|
2832387|
2832388|
2832389|
2832390|
2832391|
2832416|
2832417|
2832418|
2832419|
2832420|
2832421|
2832422|
2832423|
2832448|
2832449|
2832450|
2832451|
2832452|
2832453|
2832454|
2832455|
2832480|
2832481|
2832482|
2832483|
2832484|
2832485|
2832486|
2832487|
2832512|
2832513|
2832514|
2832515|
2832516|
2832517|
2832518|
2832519|
2832544|
2832545|
2832546|
2832547|
2832548|
2832549|
2832550|
2832551|
2832576|
2832577|
2832578|
2832579|
2832580|
2832581|
2832582|
2832583|
2832608|
2832609|
2832610|
2832611|
2832612|
2832613|
2832614|
2832615|
2832640|
2832641|
2832642|
2832643|
2832644|
2832645|
2832646|
2832647|
2832672|
2832673|
2832674|
2832675|
2832676|
2832677|
2832678|
2832679|
2832704|
2832705|
2832706|
2832707|
2832708|
2832709|
2832710|
2832711|
2832736|
2832737|
2832738|
2832739|
2832740|
2832741|
2832742|
2832743|
2832768|
2832769|
2832770|
2832771|
2832772|
2832773|
2832774|
2832775|
2832800|
2832801|
2832802|
2832803|
2832804|
2832805|
2832806|
2832807|
2832832|
2832833|
2832834|
2832835|
2832836|
2832837|
2832838|
2832839|
2832864|
2832865|
2832866|
2832867|
2832868|
2832869|
2832870|
2832871|
2832896|
2832897|
2832898|
2832899|
2832900|
2832901|
2832902|
2832903|
2832928|
2832929|
2832930|
2832931|
2832932|
2832933|
2832934|
2832935|
2832960|
2832961|
2832962|
2832963|
2832964|
2832965|
2832966|
2832967|
2832992|
2832993|
2832994|
2832995|
2832996|
2832997|
2832998|
2832999|
2833024|
2833025|
2833026|
2833027|
2833028|
2833029|
2833030|
2833031|
2833056|
2833057|
2833058|
2833059|
2833060|
2833061|
2833062|
2833063|
2833088|
2833089|
2833090|
2833091|
2833092|
2833093|
2833094|
2833095|
2833120|
2833121|
2833122|
2833123|
2833124|
2833125|
2833126|
2833127|
2833152|
2833153|
2833154|
2833155|
2833156|
2833157|
2833158|
2833159|
2833184|
2833185|
2833186|
2833187|
2833188|
2833189|
2833190|
2833191|
2833216|
2833217|
2833218|
2833219|
2833220|
2833221|
2833222|
2833223|
2833248|
2833249|
2833250|
2833251|
2833252|
2833253|
2833254|
2833255|
2833280|
2833281|
2833282|
2833283|
2833284|
2833285|
2833286|
2833287|
2833312|
2833313|
2833314|
2833315|
2833316|
2833317|
2833318|
2833319|
2833344|
2833345|
2833346|
2833347|
2833348|
2833349|
2833350|
2833351|
2833376|
2833377|
2833378|
2833379|
2833380|
2833381|
2833382|
2833383|
2833408|
2833409|
2833410|
2833411|
2833412|
2833413|
2833414|
2833415|
2833440|
2833441|
2833442|
2833443|
2833444|
2833445|
2833446|
2833447|
2833472|
2833473|
2833474|
2833475|
2833476|
2833477|
2833478|
2833479|
2833504|
2833505|
2833506|
2833507|
2833508|
2833509|
2833510|
2833511|
2833536|
2833537|
2833538|
2833539|
2833540|
2833541|
2833542|
2833543|
2833568|
2833569|
2833570|
2833571|
2833572|
2833573|
2833574|
2833575|
2833600|
2833601|
2833602|
2833603|
2833604|
2833605|
2833606|
2833607|
2833632|
2833633|
2833634|
2833635|
2833636|
2833637|
2833638|
2833639|
2833664|
2833665|
2833666|
2833667|
2833668|
2833669|
2833670|
2833671|
2833696|
2833697|
2833698|
2833699|
2833700|
2833701|
2833702|
2833703|
2833728|
2833729|
2833730|
2833731|
2833732|
2833733|
2833734|
2833735|
2833760|
2833761|
2833762|
2833763|
2833764|
2833765|
2833766|
2833767|
2833792|
2833793|
2833794|
2833795|
2833796|
2833797|
2833798|
2833799|
2833824|
2833825|
2833826|
2833827|
2833828|
2833829|
2833830|
2833831|
2833856|
2833857|
2833858|
2833859|
2833860|
2833861|
2833862|
2833863|
2833888|
2833889|
2833890|
2833891|
2833892|
2833893|
2833894|
2833895|
2833920|
2833921|
2833922|
2833923|
2833924|
2833925|
2833926|
2833927|
2833952|
2833953|
2833954|
2833955|
2833956|
2833957|
2833958|
2833959|
2833984|
2833985|
2833986|
2833987|
2833988|
2833989|
2833990|
2833991|
2834016|
2834017|
2834018|
2834019|
2834020|
2834021|
2834022|
2834023|
2834048|
2834049|
2834050|
2834051|
2834052|
2834053|
2834054|
2834055|
2834080|
2834081|
2834082|
2834083|
2834084|
2834085|
2834086|
2834087|
2834112|
2834113|
2834114|
2834115|
2834116|
2834117|
2834118|
2834119|
2834144|
2834145|
2834146|
2834147|
2834148|
2834149|
2834150|
2834151|
2834176|
2834177|
2834178|
2834179|
2834180|
2834181|
2834182|
2834183|
2834208|
2834209|
2834210|
2834211|
2834212|
2834213|
2834214|
2834215|
2834240|
2834241|
2834242|
2834243|
2834244|
2834245|
2834246|
2834247|
2834272|
2834273|
2834274|
2834275|
2834276|
2834277|
2834278|
2834279|
2834304|
2834305|
2834306|
2834307|
2834308|
2834309|
2834310|
2834311|
2834336|
2834337|
2834338|
2834339|
2834340|
2834341|
2834342|
2834343|
2834368|
2834369|
2834370|
2834371|
2834372|
2834373|
2834374|
2834375|
2834400|
2834401|
2834402|
2834403|
2834404|
2834405|
2834406|
2834407|
2834432|
2834433|
2834434|
2834435|
2834436|
2834437|
2834438|
2834439|
2834464|
2834465|
2834466|
2834467|
2834468|
2834469|
2834470|
2834471|
2834496|
2834497|
2834498|
2834499|
2834500|
2834501|
2834502|
2834503|
2834528|
2834529|
2834530|
2834531|
2834532|
2834533|
2834534|
2834535|
2834560|
2834561|
2834562|
2834563|
2834564|
2834565|
2834566|
2834567|
2834592|
2834593|
2834594|
2834595|
2834596|
2834597|
2834598|
2834599|
2834624|
2834625|
2834626|
2834627|
2834628|
2834629|
2834630|
2834631|
2834656|
2834657|
2834658|
2834659|
2834660|
2834661|
2834662|
2834663|
2834688|
2834689|
2834690|
2834691|
2834692|
2834693|
2834694|
2834695|
2834720|
2834721|
2834722|
2834723|
2834724|
2834725|
2834726|
2834727|
2834752|
2834753|
2834754|
2834755|
2834756|
2834757|
2834758|
2834759|
2834784|
2834785|
2834786|
2834787|
2834788|
2834789|
2834790|
2834791|
2834816|
2834817|
2834818|
2834819|
2834820|
2834821|
2834822|
2834823|
2834848|
2834849|
2834850|
2834851|
2834852|
2834853|
2834854|
2834855|
2834880|
2834881|
2834882|
2834883|
2834884|
2834885|
2834886|
2834887|
2834912|
2834913|
2834914|
2834915|
2834916|
2834917|
2834918|
2834919|
2834944|
2834945|
2834946|
2834947|
2834948|
2834949|
2834950|
2834951|
2834976|
2834977|
2834978|
2834979|
2834980|
2834981|
2834982|
2834983|
2835008|
2835009|
2835010|
2835011|
2835012|
2835013|
2835014|
2835015|
2835040|
2835041|
2835042|
2835043|
2835044|
2835045|
2835046|
2835047|
2835072|
2835073|
2835074|
2835075|
2835076|
2835077|
2835078|
2835079|
2835104|
2835105|
2835106|
2835107|
2835108|
2835109|
2835110|
2835111|
2835136|
2835137|
2835138|
2835139|
2835140|
2835141|
2835142|
2835143|
2835168|
2835169|
2835170|
2835171|
2835172|
2835173|
2835174|
2835175|
2835200|
2835201|
2835202|
2835203|
2835204|
2835205|
2835206|
2835207|
2835232|
2835233|
2835234|
2835235|
2835236|
2835237|
2835238|
2835239|
2835264|
2835265|
2835266|
2835267|
2835268|
2835269|
2835270|
2835271|
2835296|
2835297|
2835298|
2835299|
2835300|
2835301|
2835302|
2835303|
2835328|
2835329|
2835330|
2835331|
2835332|
2835333|
2835334|
2835335|
2835360|
2835361|
2835362|
2835363|
2835364|
2835365|
2835366|
2835367|
2835392|
2835393|
2835394|
2835395|
2835396|
2835397|
2835398|
2835399|
2835424|
2835425|
2835426|
2835427|
2835428|
2835429|
2835430|
2835431|
2835456|
2835457|
2835458|
2835459|
2835460|
2835461|
2835462|
2835463|
2835488|
2835489|
2835490|
2835491|
2835492|
2835493|
2835494|
2835495|
2835520|
2835521|
2835522|
2835523|
2835524|
2835525|
2835526|
2835527|
2835552|
2835553|
2835554|
2835555|
2835556|
2835557|
2835558|
2835559|
2835584|
2835585|
2835586|
2835587|
2835588|
2835589|
2835590|
2835591|
2835616|
2835617|
2835618|
2835619|
2835620|
2835621|
2835622|
2835623|
2835648|
2835649|
2835650|
2835651|
2835652|
2835653|
2835654|
2835655|
2835680|
2835681|
2835682|
2835683|
2835684|
2835685|
2835686|
2835687|
2835712|
2835713|
2835714|
2835715|
2835716|
2835717|
2835718|
2835719|
2835744|
2835745|
2835746|
2835747|
2835748|
2835749|
2835750|
2835751|
2835776|
2835777|
2835778|
2835779|
2835780|
2835781|
2835782|
2835783|
2835808|
2835809|
2835810|
2835811|
2835812|
2835813|
2835814|
2835815|
2835840|
2835841|
2835842|
2835843|
2835844|
2835845|
2835846|
2835847|
2835872|
2835873|
2835874|
2835875|
2835876|
2835877|
2835878|
2835879|
2835904|
2835905|
2835906|
2835907|
2835908|
2835909|
2835910|
2835911|
2835936|
2835937|
2835938|
2835939|
2835940|
2835941|
2835942|
2835943|
2835968|
2835969|
2835970|
2835971|
2835972|
2835973|
2835974|
2835975|
2836000|
2836001|
2836002|
2836003|
2836004|
2836005|
2836006|
2836007|
2836032|
2836033|
2836034|
2836035|
2836036|
2836037|
2836038|
2836039|
2836064|
2836065|
2836066|
2836067|
2836068|
2836069|
2836070|
2836071|
2836096|
2836097|
2836098|
2836099|
2836100|
2836101|
2836102|
2836103|
2836128|
2836129|
2836130|
2836131|
2836132|
2836133|
2836134|
2836135|
2836160|
2836161|
2836162|
2836163|
2836164|
2836165|
2836166|
2836167|
2836192|
2836193|
2836194|
2836195|
2836196|
2836197|
2836198|
2836199|
2836224|
2836225|
2836226|
2836227|
2836228|
2836229|
2836230|
2836231|
2836256|
2836257|
2836258|
2836259|
2836260|
2836261|
2836262|
2836263|
2836288|
2836289|
2836290|
2836291|
2836292|
2836293|
2836294|
2836295|
2836320|
2836321|
2836322|
2836323|
2836324|
2836325|
2836326|
2836327|
2836352|
2836353|
2836354|
2836355|
2836356|
2836357|
2836358|
2836359|
2836384|
2836385|
2836386|
2836387|
2836388|
2836389|
2836390|
2836391|
2836416|
2836417|
2836418|
2836419|
2836420|
2836421|
2836422|
2836423|
2836448|
2836449|
2836450|
2836451|
2836452|
2836453|
2836454|
2836455|
2836480|
2836481|
2836482|
2836483|
2836484|
2836485|
2836486|
2836487|
2836512|
2836513|
2836514|
2836515|
2836516|
2836517|
2836518|
2836519|
2836544|
2836545|
2836546|
2836547|
2836548|
2836549|
2836550|
2836551|
2836576|
2836577|
2836578|
2836579|
2836580|
2836581|
2836582|
2836583|
2836608|
2836609|
2836610|
2836611|
2836612|
2836613|
2836614|
2836615|
2836640|
2836641|
2836642|
2836643|
2836644|
2836645|
2836646|
2836647|
2836672|
2836673|
2836674|
2836675|
2836676|
2836677|
2836678|
2836679|
2836704|
2836705|
2836706|
2836707|
2836708|
2836709|
2836710|
2836711|
2836736|
2836737|
2836738|
2836739|
2836740|
2836741|
2836742|
2836743|
2836768|
2836769|
2836770|
2836771|
2836772|
2836773|
2836774|
2836775|
2836800|
2836801|
2836802|
2836803|
2836804|
2836805|
2836806|
2836807|
2836832|
2836833|
2836834|
2836835|
2836836|
2836837|
2836838|
2836839|
2836864|
2836865|
2836866|
2836867|
2836868|
2836869|
2836870|
2836871|
2836896|
2836897|
2836898|
2836899|
2836900|
2836901|
2836902|
2836903|
2836928|
2836929|
2836930|
2836931|
2836932|
2836933|
2836934|
2836935|
2836960|
2836961|
2836962|
2836963|
2836964|
2836965|
2836966|
2836967|
2836992|
2836993|
2836994|
2836995|
2836996|
2836997|
2836998|
2836999|
2837024|
2837025|
2837026|
2837027|
2837028|
2837029|
2837030|
2837031|
2837056|
2837057|
2837058|
2837059|
2837060|
2837061|
2837062|
2837063|
2837088|
2837089|
2837090|
2837091|
2837092|
2837093|
2837094|
2837095|
2837120|
2837121|
2837122|
2837123|
2837124|
2837125|
2837126|
2837127|
2837152|
2837153|
2837154|
2837155|
2837156|
2837157|
2837158|
2837159|
2837184|
2837185|
2837186|
2837187|
2837188|
2837189|
2837190|
2837191|
2837216|
2837217|
2837218|
2837219|
2837220|
2837221|
2837222|
2837223|
2837248|
2837249|
2837250|
2837251|
2837252|
2837253|
2837254|
2837255|
2837280|
2837281|
2837282|
2837283|
2837284|
2837285|
2837286|
2837287|
2837312|
2837313|
2837314|
2837315|
2837316|
2837317|
2837318|
2837319|
2837344|
2837345|
2837346|
2837347|
2837348|
2837349|
2837350|
2837351|
2837376|
2837377|
2837378|
2837379|
2837380|
2837381|
2837382|
2837383|
2837408|
2837409|
2837410|
2837411|
2837412|
2837413|
2837414|
2837415|
2837440|
2837441|
2837442|
2837443|
2837444|
2837445|
2837446|
2837447|
2837472|
2837473|
2837474|
2837475|
2837476|
2837477|
2837478|
2837479|
2837504|
2837505|
2837506|
2837507|
2837508|
2837509|
2837510|
2837511|
2837536|
2837537|
2837538|
2837539|
2837540|
2837541|
2837542|
2837543|
2837568|
2837569|
2837570|
2837571|
2837572|
2837573|
2837574|
2837575|
2837600|
2837601|
2837602|
2837603|
2837604|
2837605|
2837606|
2837607|
2837632|
2837633|
2837634|
2837635|
2837636|
2837637|
2837638|
2837639|
2837664|
2837665|
2837666|
2837667|
2837668|
2837669|
2837670|
2837671|
2837696|
2837697|
2837698|
2837699|
2837700|
2837701|
2837702|
2837703|
2837728|
2837729|
2837730|
2837731|
2837732|
2837733|
2837734|
2837735|
2837760|
2837761|
2837762|
2837763|
2837764|
2837765|
2837766|
2837767|
2837792|
2837793|
2837794|
2837795|
2837796|
2837797|
2837798|
2837799|
2837824|
2837825|
2837826|
2837827|
2837828|
2837829|
2837830|
2837831|
2837856|
2837857|
2837858|
2837859|
2837860|
2837861|
2837862|
2837863|
2837888|
2837889|
2837890|
2837891|
2837892|
2837893|
2837894|
2837895|
2837920|
2837921|
2837922|
2837923|
2837924|
2837925|
2837926|
2837927|
2837952|
2837953|
2837954|
2837955|
2837956|
2837957|
2837958|
2837959|
2837984|
2837985|
2837986|
2837987|
2837988|
