1253989|
1253990|
1253991|
1254016|
1254017|
1254018|
1254019|
1254020|
1254021|
1254022|
1254023|
1254048|
1254049|
1254050|
1254051|
1254052|
1254053|
1254054|
1254055|
1254080|
1254081|
1254082|
1254083|
1254084|
1254085|
1254086|
1254087|
1254112|
1254113|
1254114|
1254115|
1254116|
1254117|
1254118|
1254119|
1254144|
1254145|
1254146|
1254147|
1254148|
1254149|
1254150|
1254151|
1254176|
1254177|
1254178|
1254179|
1254180|
1254181|
1254182|
1254183|
1254208|
1254209|
1254210|
1254211|
1254212|
1254213|
1254214|
1254215|
1254240|
1254241|
1254242|
1254243|
1254244|
1254245|
1254246|
1254247|
1254272|
1254273|
1254274|
1254275|
1254276|
1254277|
1254278|
1254279|
1254304|
1254305|
1254306|
1254307|
1254308|
1254309|
1254310|
1254311|
1254336|
1254337|
1254338|
1254339|
1254340|
1254341|
1254342|
1254343|
1254368|
1254369|
1254370|
1254371|
1254372|
1254373|
1254374|
1254375|
1254400|
1254401|
1254402|
1254403|
1254404|
1254405|
1254406|
1254407|
1254432|
1254433|
1254434|
1254435|
1254436|
1254437|
1254438|
1254439|
1254464|
1254465|
1254466|
1254467|
1254468|
1254469|
1254470|
1254471|
1254496|
1254497|
1254498|
1254499|
1254500|
1254501|
1254502|
1254503|
1254528|
1254529|
1254530|
1254531|
1254532|
1254533|
1254534|
1254535|
1254560|
1254561|
1254562|
1254563|
1254564|
1254565|
1254566|
1254567|
1254592|
1254593|
1254594|
1254595|
1254596|
1254597|
1254598|
1254599|
1254624|
1254625|
1254626|
1254627|
1254628|
1254629|
1254630|
1254631|
1254656|
1254657|
1254658|
1254659|
1254660|
1254661|
1254662|
1254663|
1254688|
1254689|
1254690|
1254691|
1254692|
1254693|
1254694|
1254695|
1254720|
1254721|
1254722|
1254723|
1254724|
1254725|
1254726|
1254727|
1254752|
1254753|
1254754|
1254755|
1254756|
1254757|
1254758|
1254759|
1254784|
1254785|
1254786|
1254787|
1254788|
1254789|
1254790|
1254791|
1254816|
1254817|
1254818|
1254819|
1254820|
1254821|
1254822|
1254823|
1254848|
1254849|
1254850|
1254851|
1254852|
1254853|
1254854|
1254855|
1254880|
1254881|
1254882|
1254883|
1254884|
1254885|
1254886|
1254887|
1254912|
1254913|
1254914|
1254915|
1254916|
1254917|
1254918|
1254919|
1254944|
1254945|
1254946|
1254947|
1254948|
1254949|
1254950|
1254951|
1254976|
1254977|
1254978|
1254979|
1254980|
1254981|
1254982|
1254983|
1255008|
1255009|
1255010|
1255011|
1255012|
1255013|
1255014|
1255015|
1255040|
1255041|
1255042|
1255043|
1255044|
1255045|
1255046|
1255047|
1255072|
1255073|
1255074|
1255075|
1255076|
1255077|
1255078|
1255079|
1255104|
1255105|
1255106|
1255107|
1255108|
1255109|
1255110|
1255111|
1255136|
1255137|
1255138|
1255139|
1255140|
1255141|
1255142|
1255143|
1255168|
1255169|
1255170|
1255171|
1255172|
1255173|
1255174|
1255175|
1255200|
1255201|
1255202|
1255203|
1255204|
1255205|
1255206|
1255207|
1255232|
1255233|
1255234|
1255235|
1255236|
1255237|
1255238|
1255239|
1255264|
1255265|
1255266|
1255267|
1255268|
1255269|
1255270|
1255271|
1255296|
1255297|
1255298|
1255299|
1255300|
1255301|
1255302|
1255303|
1255328|
1255329|
1255330|
1255331|
1255332|
1255333|
1255334|
1255335|
1255360|
1255361|
1255362|
1255363|
1255364|
1255365|
1255366|
1255367|
1255392|
1255393|
1255394|
1255395|
1255396|
1255397|
1255398|
1255399|
1255424|
1255425|
1255426|
1255427|
1255428|
1255429|
1255430|
1255431|
1255456|
1255457|
1255458|
1255459|
1255460|
1255461|
1255462|
1255463|
1255488|
1255489|
1255490|
1255491|
1255492|
1255493|
1255494|
1255495|
1255520|
1255521|
1255522|
1255523|
1255524|
1255525|
1255526|
1255527|
1255552|
1255553|
1255554|
1255555|
1255556|
1255557|
1255558|
1255559|
1255584|
1255585|
1255586|
1255587|
1255588|
1255589|
1255590|
1255591|
1255616|
1255617|
1255618|
1255619|
1255620|
1255621|
1255622|
1255623|
1255648|
1255649|
1255650|
1255651|
1255652|
1255653|
1255654|
1255655|
1255680|
1255681|
1255682|
1255683|
1255684|
1255685|
1255686|
1255687|
1255712|
1255713|
1255714|
1255715|
1255716|
1255717|
1255718|
1255719|
1255744|
1255745|
1255746|
1255747|
1255748|
1255749|
1255750|
1255751|
1255776|
1255777|
1255778|
1255779|
1255780|
1255781|
1255782|
1255783|
1255808|
1255809|
1255810|
1255811|
1255812|
1255813|
1255814|
1255815|
1255840|
1255841|
1255842|
1255843|
1255844|
1255845|
1255846|
1255847|
1255872|
1255873|
1255874|
1255875|
1255876|
1255877|
1255878|
1255879|
1255904|
1255905|
1255906|
1255907|
1255908|
1255909|
1255910|
1255911|
1255936|
1255937|
1255938|
1255939|
1255940|
1255941|
1255942|
1255943|
1255968|
1255969|
1255970|
1255971|
1255972|
1255973|
1255974|
1255975|
1256000|
1256001|
1256002|
1256003|
1256004|
1256005|
1256006|
1256007|
1256032|
1256033|
1256034|
1256035|
1256036|
1256037|
1256038|
1256039|
1256064|
1256065|
1256066|
1256067|
1256068|
1256069|
1256070|
1256071|
1256096|
1256097|
1256098|
1256099|
1256100|
1256101|
1256102|
1256103|
1256128|
1256129|
1256130|
1256131|
1256132|
1256133|
1256134|
1256135|
1256160|
1256161|
1256162|
1256163|
1256164|
1256165|
1256166|
1256167|
1256192|
1256193|
1256194|
1256195|
1256196|
1256197|
1256198|
1256199|
1256224|
1256225|
1256226|
1256227|
1256228|
1256229|
1256230|
1256231|
1256256|
1256257|
1256258|
1256259|
1256260|
1256261|
1256262|
1256263|
1256288|
1256289|
1256290|
1256291|
1256292|
1256293|
1256294|
1256295|
1256320|
1256321|
1256322|
1256323|
1256324|
1256325|
1256326|
1256327|
1256352|
1256353|
1256354|
1256355|
1256356|
1256357|
1256358|
1256359|
1256384|
1256385|
1256386|
1256387|
1256388|
1256389|
1256390|
1256391|
1256416|
1256417|
1256418|
1256419|
1256420|
1256421|
1256422|
1256423|
1256448|
1256449|
1256450|
1256451|
1256452|
1256453|
1256454|
1256455|
1256480|
1256481|
1256482|
1256483|
1256484|
1256485|
1256486|
1256487|
1256512|
1256513|
1256514|
1256515|
1256516|
1256517|
1256518|
1256519|
1256544|
1256545|
1256546|
1256547|
1256548|
1256549|
1256550|
1256551|
1256576|
1256577|
1256578|
1256579|
1256580|
1256581|
1256582|
1256583|
1256608|
1256609|
1256610|
1256611|
1256612|
1256613|
1256614|
1256615|
1256640|
1256641|
1256642|
1256643|
1256644|
1256645|
1256646|
1256647|
1256672|
1256673|
1256674|
1256675|
1256676|
1256677|
1256678|
1256679|
1256704|
1256705|
1256706|
1256707|
1256708|
1256709|
1256710|
1256711|
1256736|
1256737|
1256738|
1256739|
1256740|
1256741|
1256742|
1256743|
1256768|
1256769|
1256770|
1256771|
1256772|
1256773|
1256774|
1256775|
1256800|
1256801|
1256802|
1256803|
1256804|
1256805|
1256806|
1256807|
1256832|
1256833|
1256834|
1256835|
1256836|
1256837|
1256838|
1256839|
1256864|
1256865|
1256866|
1256867|
1256868|
1256869|
1256870|
1256871|
1256896|
1256897|
1256898|
1256899|
1256900|
1256901|
1256902|
1256903|
1256928|
1256929|
1256930|
1256931|
1256932|
1256933|
1256934|
1256935|
1256960|
1256961|
1256962|
1256963|
1256964|
1256965|
1256966|
1256967|
1256992|
1256993|
1256994|
1256995|
1256996|
1256997|
1256998|
1256999|
1257024|
1257025|
1257026|
1257027|
1257028|
1257029|
1257030|
1257031|
1257056|
1257057|
1257058|
1257059|
1257060|
1257061|
1257062|
1257063|
1257088|
1257089|
1257090|
1257091|
1257092|
1257093|
1257094|
1257095|
1257120|
1257121|
1257122|
1257123|
1257124|
1257125|
1257126|
1257127|
1257152|
1257153|
1257154|
1257155|
1257156|
1257157|
1257158|
1257159|
1257184|
1257185|
1257186|
1257187|
1257188|
1257189|
1257190|
1257191|
1257216|
1257217|
1257218|
1257219|
1257220|
1257221|
1257222|
1257223|
1257248|
1257249|
1257250|
1257251|
1257252|
1257253|
1257254|
1257255|
1257280|
1257281|
1257282|
1257283|
1257284|
1257285|
1257286|
1257287|
1257312|
1257313|
1257314|
1257315|
1257316|
1257317|
1257318|
1257319|
1257344|
1257345|
1257346|
1257347|
1257348|
1257349|
1257350|
1257351|
1257376|
1257377|
1257378|
1257379|
1257380|
1257381|
1257382|
1257383|
1257408|
1257409|
1257410|
1257411|
1257412|
1257413|
1257414|
1257415|
1257440|
1257441|
1257442|
1257443|
1257444|
1257445|
1257446|
1257447|
1257472|
1257473|
1257474|
1257475|
1257476|
1257477|
1257478|
1257479|
1257504|
1257505|
1257506|
1257507|
1257508|
1257509|
1257510|
1257511|
1257536|
1257537|
1257538|
1257539|
1257540|
1257541|
1257542|
1257543|
1257568|
1257569|
1257570|
1257571|
1257572|
1257573|
1257574|
1257575|
1257600|
1257601|
1257602|
1257603|
1257604|
1257605|
1257606|
1257607|
1257632|
1257633|
1257634|
1257635|
1257636|
1257637|
1257638|
1257639|
1257664|
1257665|
1257666|
1257667|
1257668|
1257669|
1257670|
1257671|
1257696|
1257697|
1257698|
1257699|
1257700|
1257701|
1257702|
1257703|
1257728|
1257729|
1257730|
1257731|
1257732|
1257733|
1257734|
1257735|
1257760|
1257761|
1257762|
1257763|
1257764|
1257765|
1257766|
1257767|
1257792|
1257793|
1257794|
1257795|
1257796|
1257797|
1257798|
1257799|
1257824|
1257825|
1257826|
1257827|
1257828|
1257829|
1257830|
1257831|
1257856|
1257857|
1257858|
1257859|
1257860|
1257861|
1257862|
1257863|
1257888|
1257889|
1257890|
1257891|
1257892|
1257893|
1257894|
1257895|
1257920|
1257921|
1257922|
1257923|
1257924|
1257925|
1257926|
1257927|
1257952|
1257953|
1257954|
1257955|
1257956|
1257957|
1257958|
1257959|
1257984|
1257985|
1257986|
1257987|
1257988|
1257989|
1257990|
1257991|
1258016|
1258017|
1258018|
1258019|
1258020|
1258021|
1258022|
1258023|
1258048|
1258049|
1258050|
1258051|
1258052|
1258053|
1258054|
1258055|
1258080|
1258081|
1258082|
1258083|
1258084|
1258085|
1258086|
1258087|
1258112|
1258113|
1258114|
1258115|
1258116|
1258117|
1258118|
1258119|
1258144|
1258145|
1258146|
1258147|
1258148|
1258149|
1258150|
1258151|
1258176|
1258177|
1258178|
1258179|
1258180|
1258181|
1258182|
1258183|
1258208|
1258209|
1258210|
1258211|
1258212|
1258213|
1258214|
1258215|
1258240|
1258241|
1258242|
1258243|
1258244|
1258245|
1258246|
1258247|
1258272|
1258273|
1258274|
1258275|
1258276|
1258277|
1258278|
1258279|
1258304|
1258305|
1258306|
1258307|
1258308|
1258309|
1258310|
1258311|
1258336|
1258337|
1258338|
1258339|
1258340|
1258341|
1258342|
1258343|
1258368|
1258369|
1258370|
1258371|
1258372|
1258373|
1258374|
1258375|
1258400|
1258401|
1258402|
1258403|
1258404|
1258405|
1258406|
1258407|
1258432|
1258433|
1258434|
1258435|
1258436|
1258437|
1258438|
1258439|
1258464|
1258465|
1258466|
1258467|
1258468|
1258469|
1258470|
1258471|
1258496|
1258497|
1258498|
1258499|
1258500|
1258501|
1258502|
1258503|
1258528|
1258529|
1258530|
1258531|
1258532|
1258533|
1258534|
1258535|
1258560|
1258561|
1258562|
1258563|
1258564|
1258565|
1258566|
1258567|
1258592|
1258593|
1258594|
1258595|
1258596|
1258597|
1258598|
1258599|
1258624|
1258625|
1258626|
1258627|
1258628|
1258629|
1258630|
1258631|
1258656|
1258657|
1258658|
1258659|
1258660|
1258661|
1258662|
1258663|
1258688|
1258689|
1258690|
1258691|
1258692|
1258693|
1258694|
1258695|
1258720|
1258721|
1258722|
1258723|
1258724|
1258725|
1258726|
1258727|
1258752|
1258753|
1258754|
1258755|
1258756|
1258757|
1258758|
1258759|
1258784|
1258785|
1258786|
1258787|
1258788|
1258789|
1258790|
1258791|
1258816|
1258817|
1258818|
1258819|
1258820|
1258821|
1258822|
1258823|
1258848|
1258849|
1258850|
1258851|
1258852|
1258853|
1258854|
1258855|
1258880|
1258881|
1258882|
1258883|
1258884|
1258885|
1258886|
1258887|
1258912|
1258913|
1258914|
1258915|
1258916|
1258917|
1258918|
1258919|
1258944|
1258945|
1258946|
1258947|
1258948|
1258949|
1258950|
1258951|
1258976|
1258977|
1258978|
1258979|
1258980|
1258981|
1258982|
1258983|
1259008|
1259009|
1259010|
1259011|
1259012|
1259013|
1259014|
1259015|
1259040|
1259041|
1259042|
1259043|
1259044|
1259045|
1259046|
1259047|
1259072|
1259073|
1259074|
1259075|
1259076|
1259077|
1259078|
1259079|
1259104|
1259105|
1259106|
1259107|
1259108|
1259109|
1259110|
1259111|
1259136|
1259137|
1259138|
1259139|
1259140|
1259141|
1259142|
1259143|
1259168|
1259169|
1259170|
1259171|
1259172|
1259173|
1259174|
1259175|
1259200|
1259201|
1259202|
1259203|
1259204|
1259205|
1259206|
1259207|
1259232|
1259233|
1259234|
1259235|
1259236|
1259237|
1259238|
1259239|
1259264|
1259265|
1259266|
1259267|
1259268|
1259269|
1259270|
1259271|
1259296|
1259297|
1259298|
1259299|
1259300|
1259301|
1259302|
1259303|
1259328|
1259329|
1259330|
1259331|
1259332|
1259333|
1259334|
1259335|
1259360|
1259361|
1259362|
1259363|
1259364|
1259365|
1259366|
1259367|
1259392|
1259393|
1259394|
1259395|
1259396|
1259397|
1259398|
1259399|
1259424|
1259425|
1259426|
1259427|
1259428|
1259429|
1259430|
1259431|
1259456|
1259457|
1259458|
1259459|
1259460|
1259461|
1259462|
1259463|
1259488|
1259489|
1259490|
1259491|
1259492|
1259493|
1259494|
1259495|
1259520|
1259521|
1259522|
1259523|
1259524|
1259525|
1259526|
1259527|
1259552|
1259553|
1259554|
1259555|
1259556|
1259557|
1259558|
1259559|
1259584|
1259585|
1259586|
1259587|
1259588|
1259589|
1259590|
1259591|
1259616|
1259617|
1259618|
1259619|
1259620|
1259621|
1259622|
1259623|
1259648|
1259649|
1259650|
1259651|
1259652|
1259653|
1259654|
1259655|
1259680|
1259681|
1259682|
1259683|
1259684|
1259685|
1259686|
1259687|
1259712|
1259713|
1259714|
1259715|
1259716|
1259717|
1259718|
1259719|
1259744|
1259745|
1259746|
1259747|
1259748|
1259749|
1259750|
1259751|
1259776|
1259777|
1259778|
1259779|
1259780|
1259781|
1259782|
1259783|
1259808|
1259809|
1259810|
1259811|
1259812|
1259813|
1259814|
1259815|
1259840|
1259841|
1259842|
1259843|
1259844|
1259845|
1259846|
1259847|
1259872|
1259873|
1259874|
1259875|
1259876|
1259877|
1259878|
1259879|
1259904|
1259905|
1259906|
1259907|
1259908|
1259909|
1259910|
1259911|
1259936|
1259937|
1259938|
1259939|
1259940|
1259941|
1259942|
1259943|
1259968|
1259969|
1259970|
1259971|
1259972|
1259973|
1259974|
1259975|
1260000|
