425989|
425990|
425991|
426016|
426017|
426018|
426019|
426020|
426021|
426022|
426023|
426048|
426049|
426050|
426051|
426052|
426053|
426054|
426055|
426080|
426081|
426082|
426083|
426084|
426085|
426086|
426087|
426112|
426113|
426114|
426115|
426116|
426117|
426118|
426119|
426144|
426145|
426146|
426147|
426148|
426149|
426150|
426151|
426176|
426177|
426178|
426179|
426180|
426181|
426182|
426183|
426208|
426209|
426210|
426211|
426212|
426213|
426214|
426215|
426240|
426241|
426242|
426243|
426244|
426245|
426246|
426247|
426272|
426273|
426274|
426275|
426276|
426277|
426278|
426279|
426304|
426305|
426306|
426307|
426308|
426309|
426310|
426311|
426336|
426337|
426338|
426339|
426340|
426341|
426342|
426343|
426368|
426369|
426370|
426371|
426372|
426373|
426374|
426375|
426400|
426401|
426402|
426403|
426404|
426405|
426406|
426407|
426432|
426433|
426434|
426435|
426436|
426437|
426438|
426439|
426464|
426465|
426466|
426467|
426468|
426469|
426470|
426471|
426496|
426497|
426498|
426499|
426500|
426501|
426502|
426503|
426528|
426529|
426530|
426531|
426532|
426533|
426534|
426535|
426560|
426561|
426562|
426563|
426564|
426565|
426566|
426567|
426592|
426593|
426594|
426595|
426596|
426597|
426598|
426599|
426624|
426625|
426626|
426627|
426628|
426629|
426630|
426631|
426656|
426657|
426658|
426659|
426660|
426661|
426662|
426663|
426688|
426689|
426690|
426691|
426692|
426693|
426694|
426695|
426720|
426721|
426722|
426723|
426724|
426725|
426726|
426727|
426752|
426753|
426754|
426755|
426756|
426757|
426758|
426759|
426784|
426785|
426786|
426787|
426788|
426789|
426790|
426791|
426816|
426817|
426818|
426819|
426820|
426821|
426822|
426823|
426848|
426849|
426850|
426851|
426852|
426853|
426854|
426855|
426880|
426881|
426882|
426883|
426884|
426885|
426886|
426887|
426912|
426913|
426914|
426915|
426916|
426917|
426918|
426919|
426944|
426945|
426946|
426947|
426948|
426949|
426950|
426951|
426976|
426977|
426978|
426979|
426980|
426981|
426982|
426983|
427008|
427009|
427010|
427011|
427012|
427013|
427014|
427015|
427040|
427041|
427042|
427043|
427044|
427045|
427046|
427047|
427072|
427073|
427074|
427075|
427076|
427077|
427078|
427079|
427104|
427105|
427106|
427107|
427108|
427109|
427110|
427111|
427136|
427137|
427138|
427139|
427140|
427141|
427142|
427143|
427168|
427169|
427170|
427171|
427172|
427173|
427174|
427175|
427200|
427201|
427202|
427203|
427204|
427205|
427206|
427207|
427232|
427233|
427234|
427235|
427236|
427237|
427238|
427239|
427264|
427265|
427266|
427267|
427268|
427269|
427270|
427271|
427296|
427297|
427298|
427299|
427300|
427301|
427302|
427303|
427328|
427329|
427330|
427331|
427332|
427333|
427334|
427335|
427360|
427361|
427362|
427363|
427364|
427365|
427366|
427367|
427392|
427393|
427394|
427395|
427396|
427397|
427398|
427399|
427424|
427425|
427426|
427427|
427428|
427429|
427430|
427431|
427456|
427457|
427458|
427459|
427460|
427461|
427462|
427463|
427488|
427489|
427490|
427491|
427492|
427493|
427494|
427495|
427520|
427521|
427522|
427523|
427524|
427525|
427526|
427527|
427552|
427553|
427554|
427555|
427556|
427557|
427558|
427559|
427584|
427585|
427586|
427587|
427588|
427589|
427590|
427591|
427616|
427617|
427618|
427619|
427620|
427621|
427622|
427623|
427648|
427649|
427650|
427651|
427652|
427653|
427654|
427655|
427680|
427681|
427682|
427683|
427684|
427685|
427686|
427687|
427712|
427713|
427714|
427715|
427716|
427717|
427718|
427719|
427744|
427745|
427746|
427747|
427748|
427749|
427750|
427751|
427776|
427777|
427778|
427779|
427780|
427781|
427782|
427783|
427808|
427809|
427810|
427811|
427812|
427813|
427814|
427815|
427840|
427841|
427842|
427843|
427844|
427845|
427846|
427847|
427872|
427873|
427874|
427875|
427876|
427877|
427878|
427879|
427904|
427905|
427906|
427907|
427908|
427909|
427910|
427911|
427936|
427937|
427938|
427939|
427940|
427941|
427942|
427943|
427968|
427969|
427970|
427971|
427972|
427973|
427974|
427975|
428000|
428001|
428002|
428003|
428004|
428005|
428006|
428007|
428032|
428033|
428034|
428035|
428036|
428037|
428038|
428039|
428064|
428065|
428066|
428067|
428068|
428069|
428070|
428071|
428096|
428097|
428098|
428099|
428100|
428101|
428102|
428103|
428128|
428129|
428130|
428131|
428132|
428133|
428134|
428135|
428160|
428161|
428162|
428163|
428164|
428165|
428166|
428167|
428192|
428193|
428194|
428195|
428196|
428197|
428198|
428199|
428224|
428225|
428226|
428227|
428228|
428229|
428230|
428231|
428256|
428257|
428258|
428259|
428260|
428261|
428262|
428263|
428288|
428289|
428290|
428291|
428292|
428293|
428294|
428295|
428320|
428321|
428322|
428323|
428324|
428325|
428326|
428327|
428352|
428353|
428354|
428355|
428356|
428357|
428358|
428359|
428384|
428385|
428386|
428387|
428388|
428389|
428390|
428391|
428416|
428417|
428418|
428419|
428420|
428421|
428422|
428423|
428448|
428449|
428450|
428451|
428452|
428453|
428454|
428455|
428480|
428481|
428482|
428483|
428484|
428485|
428486|
428487|
428512|
428513|
428514|
428515|
428516|
428517|
428518|
428519|
428544|
428545|
428546|
428547|
428548|
428549|
428550|
428551|
428576|
428577|
428578|
428579|
428580|
428581|
428582|
428583|
428608|
428609|
428610|
428611|
428612|
428613|
428614|
428615|
428640|
428641|
428642|
428643|
428644|
428645|
428646|
428647|
428672|
428673|
428674|
428675|
428676|
428677|
428678|
428679|
428704|
428705|
428706|
428707|
428708|
428709|
428710|
428711|
428736|
428737|
428738|
428739|
428740|
428741|
428742|
428743|
428768|
428769|
428770|
428771|
428772|
428773|
428774|
428775|
428800|
428801|
428802|
428803|
428804|
428805|
428806|
428807|
428832|
428833|
428834|
428835|
428836|
428837|
428838|
428839|
428864|
428865|
428866|
428867|
428868|
428869|
428870|
428871|
428896|
428897|
428898|
428899|
428900|
428901|
428902|
428903|
428928|
428929|
428930|
428931|
428932|
428933|
428934|
428935|
428960|
428961|
428962|
428963|
428964|
428965|
428966|
428967|
428992|
428993|
428994|
428995|
428996|
428997|
428998|
428999|
429024|
429025|
429026|
429027|
429028|
429029|
429030|
429031|
429056|
429057|
429058|
429059|
429060|
429061|
429062|
429063|
429088|
429089|
429090|
429091|
429092|
429093|
429094|
429095|
429120|
429121|
429122|
429123|
429124|
429125|
429126|
429127|
429152|
429153|
429154|
429155|
429156|
429157|
429158|
429159|
429184|
429185|
429186|
429187|
429188|
429189|
429190|
429191|
429216|
429217|
429218|
429219|
429220|
429221|
429222|
429223|
429248|
429249|
429250|
429251|
429252|
429253|
429254|
429255|
429280|
429281|
429282|
429283|
429284|
429285|
429286|
429287|
429312|
429313|
429314|
429315|
429316|
429317|
429318|
429319|
429344|
429345|
429346|
429347|
429348|
429349|
429350|
429351|
429376|
429377|
429378|
429379|
429380|
429381|
429382|
429383|
429408|
429409|
429410|
429411|
429412|
429413|
429414|
429415|
429440|
429441|
429442|
429443|
429444|
429445|
429446|
429447|
429472|
429473|
429474|
429475|
429476|
429477|
429478|
429479|
429504|
429505|
429506|
429507|
429508|
429509|
429510|
429511|
429536|
429537|
429538|
429539|
429540|
429541|
429542|
429543|
429568|
429569|
429570|
429571|
429572|
429573|
429574|
429575|
429600|
429601|
429602|
429603|
429604|
429605|
429606|
429607|
429632|
429633|
429634|
429635|
429636|
429637|
429638|
429639|
429664|
429665|
429666|
429667|
429668|
429669|
429670|
429671|
429696|
429697|
429698|
429699|
429700|
429701|
429702|
429703|
429728|
429729|
429730|
429731|
429732|
429733|
429734|
429735|
429760|
429761|
429762|
429763|
429764|
429765|
429766|
429767|
429792|
429793|
429794|
429795|
429796|
429797|
429798|
429799|
429824|
429825|
429826|
429827|
429828|
429829|
429830|
429831|
429856|
429857|
429858|
429859|
429860|
429861|
429862|
429863|
429888|
429889|
429890|
429891|
429892|
429893|
429894|
429895|
429920|
429921|
429922|
429923|
429924|
429925|
429926|
429927|
429952|
429953|
429954|
429955|
429956|
429957|
429958|
429959|
429984|
429985|
429986|
429987|
429988|
429989|
429990|
429991|
430016|
430017|
430018|
430019|
430020|
430021|
430022|
430023|
430048|
430049|
430050|
430051|
430052|
430053|
430054|
430055|
430080|
430081|
430082|
430083|
430084|
430085|
430086|
430087|
430112|
430113|
430114|
430115|
430116|
430117|
430118|
430119|
430144|
430145|
430146|
430147|
430148|
430149|
430150|
430151|
430176|
430177|
430178|
430179|
430180|
430181|
430182|
430183|
430208|
430209|
430210|
430211|
430212|
430213|
430214|
430215|
430240|
430241|
430242|
430243|
430244|
430245|
430246|
430247|
430272|
430273|
430274|
430275|
430276|
430277|
430278|
430279|
430304|
430305|
430306|
430307|
430308|
430309|
430310|
430311|
430336|
430337|
430338|
430339|
430340|
430341|
430342|
430343|
430368|
430369|
430370|
430371|
430372|
430373|
430374|
430375|
430400|
430401|
430402|
430403|
430404|
430405|
430406|
430407|
430432|
430433|
430434|
430435|
430436|
430437|
430438|
430439|
430464|
430465|
430466|
430467|
430468|
430469|
430470|
430471|
430496|
430497|
430498|
430499|
430500|
430501|
430502|
430503|
430528|
430529|
430530|
430531|
430532|
430533|
430534|
430535|
430560|
430561|
430562|
430563|
430564|
430565|
430566|
430567|
430592|
430593|
430594|
430595|
430596|
430597|
430598|
430599|
430624|
430625|
430626|
430627|
430628|
430629|
430630|
430631|
430656|
430657|
430658|
430659|
430660|
430661|
430662|
430663|
430688|
430689|
430690|
430691|
430692|
430693|
430694|
430695|
430720|
430721|
430722|
430723|
430724|
430725|
430726|
430727|
430752|
430753|
430754|
430755|
430756|
430757|
430758|
430759|
430784|
430785|
430786|
430787|
430788|
430789|
430790|
430791|
430816|
430817|
430818|
430819|
430820|
430821|
430822|
430823|
430848|
430849|
430850|
430851|
430852|
430853|
430854|
430855|
430880|
430881|
430882|
430883|
430884|
430885|
430886|
430887|
430912|
430913|
430914|
430915|
430916|
430917|
430918|
430919|
430944|
430945|
430946|
430947|
430948|
430949|
430950|
430951|
430976|
430977|
430978|
430979|
430980|
430981|
430982|
430983|
431008|
431009|
431010|
431011|
431012|
431013|
431014|
431015|
431040|
431041|
431042|
431043|
431044|
431045|
431046|
431047|
431072|
431073|
431074|
431075|
431076|
431077|
431078|
431079|
431104|
431105|
431106|
431107|
431108|
431109|
431110|
431111|
431136|
431137|
431138|
431139|
431140|
431141|
431142|
431143|
431168|
431169|
431170|
431171|
431172|
431173|
431174|
431175|
431200|
431201|
431202|
431203|
431204|
431205|
431206|
431207|
431232|
431233|
431234|
431235|
431236|
431237|
431238|
431239|
431264|
431265|
431266|
431267|
431268|
431269|
431270|
431271|
431296|
431297|
431298|
431299|
431300|
431301|
431302|
431303|
431328|
431329|
431330|
431331|
431332|
431333|
431334|
431335|
431360|
431361|
431362|
431363|
431364|
431365|
431366|
431367|
431392|
431393|
431394|
431395|
431396|
431397|
431398|
431399|
431424|
431425|
431426|
431427|
431428|
431429|
431430|
431431|
431456|
431457|
431458|
431459|
431460|
431461|
431462|
431463|
431488|
431489|
431490|
431491|
431492|
431493|
431494|
431495|
431520|
431521|
431522|
431523|
431524|
431525|
431526|
431527|
431552|
431553|
431554|
431555|
431556|
431557|
431558|
431559|
431584|
431585|
431586|
431587|
431588|
431589|
431590|
431591|
431616|
431617|
431618|
431619|
431620|
431621|
431622|
431623|
431648|
431649|
431650|
431651|
431652|
431653|
431654|
431655|
431680|
431681|
431682|
431683|
431684|
431685|
431686|
431687|
431712|
431713|
431714|
431715|
431716|
431717|
431718|
431719|
431744|
431745|
431746|
431747|
431748|
431749|
431750|
431751|
431776|
431777|
431778|
431779|
431780|
431781|
431782|
431783|
431808|
431809|
431810|
431811|
431812|
431813|
431814|
431815|
431840|
431841|
431842|
431843|
431844|
431845|
431846|
431847|
431872|
431873|
431874|
431875|
431876|
431877|
431878|
431879|
431904|
431905|
431906|
431907|
431908|
431909|
431910|
431911|
431936|
431937|
431938|
431939|
431940|
431941|
431942|
431943|
431968|
431969|
431970|
431971|
431972|
431973|
431974|
431975|
432000|
