1841989|
1841990|
1841991|
1842016|
1842017|
1842018|
1842019|
1842020|
1842021|
1842022|
1842023|
1842048|
1842049|
1842050|
1842051|
1842052|
1842053|
1842054|
1842055|
1842080|
1842081|
1842082|
1842083|
1842084|
1842085|
1842086|
1842087|
1842112|
1842113|
1842114|
1842115|
1842116|
1842117|
1842118|
1842119|
1842144|
1842145|
1842146|
1842147|
1842148|
1842149|
1842150|
1842151|
1842176|
1842177|
1842178|
1842179|
1842180|
1842181|
1842182|
1842183|
1842208|
1842209|
1842210|
1842211|
1842212|
1842213|
1842214|
1842215|
1842240|
1842241|
1842242|
1842243|
1842244|
1842245|
1842246|
1842247|
1842272|
1842273|
1842274|
1842275|
1842276|
1842277|
1842278|
1842279|
1842304|
1842305|
1842306|
1842307|
1842308|
1842309|
1842310|
1842311|
1842336|
1842337|
1842338|
1842339|
1842340|
1842341|
1842342|
1842343|
1842368|
1842369|
1842370|
1842371|
1842372|
1842373|
1842374|
1842375|
1842400|
1842401|
1842402|
1842403|
1842404|
1842405|
1842406|
1842407|
1842432|
1842433|
1842434|
1842435|
1842436|
1842437|
1842438|
1842439|
1842464|
1842465|
1842466|
1842467|
1842468|
1842469|
1842470|
1842471|
1842496|
1842497|
1842498|
1842499|
1842500|
1842501|
1842502|
1842503|
1842528|
1842529|
1842530|
1842531|
1842532|
1842533|
1842534|
1842535|
1842560|
1842561|
1842562|
1842563|
1842564|
1842565|
1842566|
1842567|
1842592|
1842593|
1842594|
1842595|
1842596|
1842597|
1842598|
1842599|
1842624|
1842625|
1842626|
1842627|
1842628|
1842629|
1842630|
1842631|
1842656|
1842657|
1842658|
1842659|
1842660|
1842661|
1842662|
1842663|
1842688|
1842689|
1842690|
1842691|
1842692|
1842693|
1842694|
1842695|
1842720|
1842721|
1842722|
1842723|
1842724|
1842725|
1842726|
1842727|
1842752|
1842753|
1842754|
1842755|
1842756|
1842757|
1842758|
1842759|
1842784|
1842785|
1842786|
1842787|
1842788|
1842789|
1842790|
1842791|
1842816|
1842817|
1842818|
1842819|
1842820|
1842821|
1842822|
1842823|
1842848|
1842849|
1842850|
1842851|
1842852|
1842853|
1842854|
1842855|
1842880|
1842881|
1842882|
1842883|
1842884|
1842885|
1842886|
1842887|
1842912|
1842913|
1842914|
1842915|
1842916|
1842917|
1842918|
1842919|
1842944|
1842945|
1842946|
1842947|
1842948|
1842949|
1842950|
1842951|
1842976|
1842977|
1842978|
1842979|
1842980|
1842981|
1842982|
1842983|
1843008|
1843009|
1843010|
1843011|
1843012|
1843013|
1843014|
1843015|
1843040|
1843041|
1843042|
1843043|
1843044|
1843045|
1843046|
1843047|
1843072|
1843073|
1843074|
1843075|
1843076|
1843077|
1843078|
1843079|
1843104|
1843105|
1843106|
1843107|
1843108|
1843109|
1843110|
1843111|
1843136|
1843137|
1843138|
1843139|
1843140|
1843141|
1843142|
1843143|
1843168|
1843169|
1843170|
1843171|
1843172|
1843173|
1843174|
1843175|
1843200|
1843201|
1843202|
1843203|
1843204|
1843205|
1843206|
1843207|
1843232|
1843233|
1843234|
1843235|
1843236|
1843237|
1843238|
1843239|
1843264|
1843265|
1843266|
1843267|
1843268|
1843269|
1843270|
1843271|
1843296|
1843297|
1843298|
1843299|
1843300|
1843301|
1843302|
1843303|
1843328|
1843329|
1843330|
1843331|
1843332|
1843333|
1843334|
1843335|
1843360|
1843361|
1843362|
1843363|
1843364|
1843365|
1843366|
1843367|
1843392|
1843393|
1843394|
1843395|
1843396|
1843397|
1843398|
1843399|
1843424|
1843425|
1843426|
1843427|
1843428|
1843429|
1843430|
1843431|
1843456|
1843457|
1843458|
1843459|
1843460|
1843461|
1843462|
1843463|
1843488|
1843489|
1843490|
1843491|
1843492|
1843493|
1843494|
1843495|
1843520|
1843521|
1843522|
1843523|
1843524|
1843525|
1843526|
1843527|
1843552|
1843553|
1843554|
1843555|
1843556|
1843557|
1843558|
1843559|
1843584|
1843585|
1843586|
1843587|
1843588|
1843589|
1843590|
1843591|
1843616|
1843617|
1843618|
1843619|
1843620|
1843621|
1843622|
1843623|
1843648|
1843649|
1843650|
1843651|
1843652|
1843653|
1843654|
1843655|
1843680|
1843681|
1843682|
1843683|
1843684|
1843685|
1843686|
1843687|
1843712|
1843713|
1843714|
1843715|
1843716|
1843717|
1843718|
1843719|
1843744|
1843745|
1843746|
1843747|
1843748|
1843749|
1843750|
1843751|
1843776|
1843777|
1843778|
1843779|
1843780|
1843781|
1843782|
1843783|
1843808|
1843809|
1843810|
1843811|
1843812|
1843813|
1843814|
1843815|
1843840|
1843841|
1843842|
1843843|
1843844|
1843845|
1843846|
1843847|
1843872|
1843873|
1843874|
1843875|
1843876|
1843877|
1843878|
1843879|
1843904|
1843905|
1843906|
1843907|
1843908|
1843909|
1843910|
1843911|
1843936|
1843937|
1843938|
1843939|
1843940|
1843941|
1843942|
1843943|
1843968|
1843969|
1843970|
1843971|
1843972|
1843973|
1843974|
1843975|
1844000|
1844001|
1844002|
1844003|
1844004|
1844005|
1844006|
1844007|
1844032|
1844033|
1844034|
1844035|
1844036|
1844037|
1844038|
1844039|
1844064|
1844065|
1844066|
1844067|
1844068|
1844069|
1844070|
1844071|
1844096|
1844097|
1844098|
1844099|
1844100|
1844101|
1844102|
1844103|
1844128|
1844129|
1844130|
1844131|
1844132|
1844133|
1844134|
1844135|
1844160|
1844161|
1844162|
1844163|
1844164|
1844165|
1844166|
1844167|
1844192|
1844193|
1844194|
1844195|
1844196|
1844197|
1844198|
1844199|
1844224|
1844225|
1844226|
1844227|
1844228|
1844229|
1844230|
1844231|
1844256|
1844257|
1844258|
1844259|
1844260|
1844261|
1844262|
1844263|
1844288|
1844289|
1844290|
1844291|
1844292|
1844293|
1844294|
1844295|
1844320|
1844321|
1844322|
1844323|
1844324|
1844325|
1844326|
1844327|
1844352|
1844353|
1844354|
1844355|
1844356|
1844357|
1844358|
1844359|
1844384|
1844385|
1844386|
1844387|
1844388|
1844389|
1844390|
1844391|
1844416|
1844417|
1844418|
1844419|
1844420|
1844421|
1844422|
1844423|
1844448|
1844449|
1844450|
1844451|
1844452|
1844453|
1844454|
1844455|
1844480|
1844481|
1844482|
1844483|
1844484|
1844485|
1844486|
1844487|
1844512|
1844513|
1844514|
1844515|
1844516|
1844517|
1844518|
1844519|
1844544|
1844545|
1844546|
1844547|
1844548|
1844549|
1844550|
1844551|
1844576|
1844577|
1844578|
1844579|
1844580|
1844581|
1844582|
1844583|
1844608|
1844609|
1844610|
1844611|
1844612|
1844613|
1844614|
1844615|
1844640|
1844641|
1844642|
1844643|
1844644|
1844645|
1844646|
1844647|
1844672|
1844673|
1844674|
1844675|
1844676|
1844677|
1844678|
1844679|
1844704|
1844705|
1844706|
1844707|
1844708|
1844709|
1844710|
1844711|
1844736|
1844737|
1844738|
1844739|
1844740|
1844741|
1844742|
1844743|
1844768|
1844769|
1844770|
1844771|
1844772|
1844773|
1844774|
1844775|
1844800|
1844801|
1844802|
1844803|
1844804|
1844805|
1844806|
1844807|
1844832|
1844833|
1844834|
1844835|
1844836|
1844837|
1844838|
1844839|
1844864|
1844865|
1844866|
1844867|
1844868|
1844869|
1844870|
1844871|
1844896|
1844897|
1844898|
1844899|
1844900|
1844901|
1844902|
1844903|
1844928|
1844929|
1844930|
1844931|
1844932|
1844933|
1844934|
1844935|
1844960|
1844961|
1844962|
1844963|
1844964|
1844965|
1844966|
1844967|
1844992|
1844993|
1844994|
1844995|
1844996|
1844997|
1844998|
1844999|
1845024|
1845025|
1845026|
1845027|
1845028|
1845029|
1845030|
1845031|
1845056|
1845057|
1845058|
1845059|
1845060|
1845061|
1845062|
1845063|
1845088|
1845089|
1845090|
1845091|
1845092|
1845093|
1845094|
1845095|
1845120|
1845121|
1845122|
1845123|
1845124|
1845125|
1845126|
1845127|
1845152|
1845153|
1845154|
1845155|
1845156|
1845157|
1845158|
1845159|
1845184|
1845185|
1845186|
1845187|
1845188|
1845189|
1845190|
1845191|
1845216|
1845217|
1845218|
1845219|
1845220|
1845221|
1845222|
1845223|
1845248|
1845249|
1845250|
1845251|
1845252|
1845253|
1845254|
1845255|
1845280|
1845281|
1845282|
1845283|
1845284|
1845285|
1845286|
1845287|
1845312|
1845313|
1845314|
1845315|
1845316|
1845317|
1845318|
1845319|
1845344|
1845345|
1845346|
1845347|
1845348|
1845349|
1845350|
1845351|
1845376|
1845377|
1845378|
1845379|
1845380|
1845381|
1845382|
1845383|
1845408|
1845409|
1845410|
1845411|
1845412|
1845413|
1845414|
1845415|
1845440|
1845441|
1845442|
1845443|
1845444|
1845445|
1845446|
1845447|
1845472|
1845473|
1845474|
1845475|
1845476|
1845477|
1845478|
1845479|
1845504|
1845505|
1845506|
1845507|
1845508|
1845509|
1845510|
1845511|
1845536|
1845537|
1845538|
1845539|
1845540|
1845541|
1845542|
1845543|
1845568|
1845569|
1845570|
1845571|
1845572|
1845573|
1845574|
1845575|
1845600|
1845601|
1845602|
1845603|
1845604|
1845605|
1845606|
1845607|
1845632|
1845633|
1845634|
1845635|
1845636|
1845637|
1845638|
1845639|
1845664|
1845665|
1845666|
1845667|
1845668|
1845669|
1845670|
1845671|
1845696|
1845697|
1845698|
1845699|
1845700|
1845701|
1845702|
1845703|
1845728|
1845729|
1845730|
1845731|
1845732|
1845733|
1845734|
1845735|
1845760|
1845761|
1845762|
1845763|
1845764|
1845765|
1845766|
1845767|
1845792|
1845793|
1845794|
1845795|
1845796|
1845797|
1845798|
1845799|
1845824|
1845825|
1845826|
1845827|
1845828|
1845829|
1845830|
1845831|
1845856|
1845857|
1845858|
1845859|
1845860|
1845861|
1845862|
1845863|
1845888|
1845889|
1845890|
1845891|
1845892|
1845893|
1845894|
1845895|
1845920|
1845921|
1845922|
1845923|
1845924|
1845925|
1845926|
1845927|
1845952|
1845953|
1845954|
1845955|
1845956|
1845957|
1845958|
1845959|
1845984|
1845985|
1845986|
1845987|
1845988|
1845989|
1845990|
1845991|
1846016|
1846017|
1846018|
1846019|
1846020|
1846021|
1846022|
1846023|
1846048|
1846049|
1846050|
1846051|
1846052|
1846053|
1846054|
1846055|
1846080|
1846081|
1846082|
1846083|
1846084|
1846085|
1846086|
1846087|
1846112|
1846113|
1846114|
1846115|
1846116|
1846117|
1846118|
1846119|
1846144|
1846145|
1846146|
1846147|
1846148|
1846149|
1846150|
1846151|
1846176|
1846177|
1846178|
1846179|
1846180|
1846181|
1846182|
1846183|
1846208|
1846209|
1846210|
1846211|
1846212|
1846213|
1846214|
1846215|
1846240|
1846241|
1846242|
1846243|
1846244|
1846245|
1846246|
1846247|
1846272|
1846273|
1846274|
1846275|
1846276|
1846277|
1846278|
1846279|
1846304|
1846305|
1846306|
1846307|
1846308|
1846309|
1846310|
1846311|
1846336|
1846337|
1846338|
1846339|
1846340|
1846341|
1846342|
1846343|
1846368|
1846369|
1846370|
1846371|
1846372|
1846373|
1846374|
1846375|
1846400|
1846401|
1846402|
1846403|
1846404|
1846405|
1846406|
1846407|
1846432|
1846433|
1846434|
1846435|
1846436|
1846437|
1846438|
1846439|
1846464|
1846465|
1846466|
1846467|
1846468|
1846469|
1846470|
1846471|
1846496|
1846497|
1846498|
1846499|
1846500|
1846501|
1846502|
1846503|
1846528|
1846529|
1846530|
1846531|
1846532|
1846533|
1846534|
1846535|
1846560|
1846561|
1846562|
1846563|
1846564|
1846565|
1846566|
1846567|
1846592|
1846593|
1846594|
1846595|
1846596|
1846597|
1846598|
1846599|
1846624|
1846625|
1846626|
1846627|
1846628|
1846629|
1846630|
1846631|
1846656|
1846657|
1846658|
1846659|
1846660|
1846661|
1846662|
1846663|
1846688|
1846689|
1846690|
1846691|
1846692|
1846693|
1846694|
1846695|
1846720|
1846721|
1846722|
1846723|
1846724|
1846725|
1846726|
1846727|
1846752|
1846753|
1846754|
1846755|
1846756|
1846757|
1846758|
1846759|
1846784|
1846785|
1846786|
1846787|
1846788|
1846789|
1846790|
1846791|
1846816|
1846817|
1846818|
1846819|
1846820|
1846821|
1846822|
1846823|
1846848|
1846849|
1846850|
1846851|
1846852|
1846853|
1846854|
1846855|
1846880|
1846881|
1846882|
1846883|
1846884|
1846885|
1846886|
1846887|
1846912|
1846913|
1846914|
1846915|
1846916|
1846917|
1846918|
1846919|
1846944|
1846945|
1846946|
1846947|
1846948|
1846949|
1846950|
1846951|
1846976|
1846977|
1846978|
1846979|
1846980|
1846981|
1846982|
1846983|
1847008|
1847009|
1847010|
1847011|
1847012|
1847013|
1847014|
1847015|
1847040|
1847041|
1847042|
1847043|
1847044|
1847045|
1847046|
1847047|
1847072|
1847073|
1847074|
1847075|
1847076|
1847077|
1847078|
1847079|
1847104|
1847105|
1847106|
1847107|
1847108|
1847109|
1847110|
1847111|
1847136|
1847137|
1847138|
1847139|
1847140|
1847141|
1847142|
1847143|
1847168|
1847169|
1847170|
1847171|
1847172|
1847173|
1847174|
1847175|
1847200|
1847201|
1847202|
1847203|
1847204|
1847205|
1847206|
1847207|
1847232|
1847233|
1847234|
1847235|
1847236|
1847237|
1847238|
1847239|
1847264|
1847265|
1847266|
1847267|
1847268|
1847269|
1847270|
1847271|
1847296|
1847297|
1847298|
1847299|
1847300|
1847301|
1847302|
1847303|
1847328|
1847329|
1847330|
1847331|
1847332|
1847333|
1847334|
1847335|
1847360|
1847361|
1847362|
1847363|
1847364|
1847365|
1847366|
1847367|
1847392|
1847393|
1847394|
1847395|
1847396|
1847397|
1847398|
1847399|
1847424|
1847425|
1847426|
1847427|
1847428|
1847429|
1847430|
1847431|
1847456|
1847457|
1847458|
1847459|
1847460|
1847461|
1847462|
1847463|
1847488|
1847489|
1847490|
1847491|
1847492|
1847493|
1847494|
1847495|
1847520|
1847521|
1847522|
1847523|
1847524|
1847525|
1847526|
1847527|
1847552|
1847553|
1847554|
1847555|
1847556|
1847557|
1847558|
1847559|
1847584|
1847585|
1847586|
1847587|
1847588|
1847589|
1847590|
1847591|
1847616|
1847617|
1847618|
1847619|
1847620|
1847621|
1847622|
1847623|
1847648|
1847649|
1847650|
1847651|
1847652|
1847653|
1847654|
1847655|
1847680|
1847681|
1847682|
1847683|
1847684|
1847685|
1847686|
1847687|
1847712|
1847713|
1847714|
1847715|
1847716|
1847717|
1847718|
1847719|
1847744|
1847745|
1847746|
1847747|
1847748|
1847749|
1847750|
1847751|
1847776|
1847777|
1847778|
1847779|
1847780|
1847781|
1847782|
1847783|
1847808|
1847809|
1847810|
1847811|
1847812|
1847813|
1847814|
1847815|
1847840|
1847841|
1847842|
1847843|
1847844|
1847845|
1847846|
1847847|
1847872|
1847873|
1847874|
1847875|
1847876|
1847877|
1847878|
1847879|
1847904|
1847905|
1847906|
1847907|
1847908|
1847909|
1847910|
1847911|
1847936|
1847937|
1847938|
1847939|
1847940|
1847941|
1847942|
1847943|
1847968|
1847969|
1847970|
1847971|
1847972|
1847973|
1847974|
1847975|
1848000|
