1716001|
1716002|
1716003|
1716004|
1716005|
1716006|
1716007|
1716032|
1716033|
1716034|
1716035|
1716036|
1716037|
1716038|
1716039|
1716064|
1716065|
1716066|
1716067|
1716068|
1716069|
1716070|
1716071|
1716096|
1716097|
1716098|
1716099|
1716100|
1716101|
1716102|
1716103|
1716128|
1716129|
1716130|
1716131|
1716132|
1716133|
1716134|
1716135|
1716160|
1716161|
1716162|
1716163|
1716164|
1716165|
1716166|
1716167|
1716192|
1716193|
1716194|
1716195|
1716196|
1716197|
1716198|
1716199|
1716224|
1716225|
1716226|
1716227|
1716228|
1716229|
1716230|
1716231|
1716256|
1716257|
1716258|
1716259|
1716260|
1716261|
1716262|
1716263|
1716288|
1716289|
1716290|
1716291|
1716292|
1716293|
1716294|
1716295|
1716320|
1716321|
1716322|
1716323|
1716324|
1716325|
1716326|
1716327|
1716352|
1716353|
1716354|
1716355|
1716356|
1716357|
1716358|
1716359|
1716384|
1716385|
1716386|
1716387|
1716388|
1716389|
1716390|
1716391|
1716416|
1716417|
1716418|
1716419|
1716420|
1716421|
1716422|
1716423|
1716448|
1716449|
1716450|
1716451|
1716452|
1716453|
1716454|
1716455|
1716480|
1716481|
1716482|
1716483|
1716484|
1716485|
1716486|
1716487|
1716512|
1716513|
1716514|
1716515|
1716516|
1716517|
1716518|
1716519|
1716544|
1716545|
1716546|
1716547|
1716548|
1716549|
1716550|
1716551|
1716576|
1716577|
1716578|
1716579|
1716580|
1716581|
1716582|
1716583|
1716608|
1716609|
1716610|
1716611|
1716612|
1716613|
1716614|
1716615|
1716640|
1716641|
1716642|
1716643|
1716644|
1716645|
1716646|
1716647|
1716672|
1716673|
1716674|
1716675|
1716676|
1716677|
1716678|
1716679|
1716704|
1716705|
1716706|
1716707|
1716708|
1716709|
1716710|
1716711|
1716736|
1716737|
1716738|
1716739|
1716740|
1716741|
1716742|
1716743|
1716768|
1716769|
1716770|
1716771|
1716772|
1716773|
1716774|
1716775|
1716800|
1716801|
1716802|
1716803|
1716804|
1716805|
1716806|
1716807|
1716832|
1716833|
1716834|
1716835|
1716836|
1716837|
1716838|
1716839|
1716864|
1716865|
1716866|
1716867|
1716868|
1716869|
1716870|
1716871|
1716896|
1716897|
1716898|
1716899|
1716900|
1716901|
1716902|
1716903|
1716928|
1716929|
1716930|
1716931|
1716932|
1716933|
1716934|
1716935|
1716960|
1716961|
1716962|
1716963|
1716964|
1716965|
1716966|
1716967|
1716992|
1716993|
1716994|
1716995|
1716996|
1716997|
1716998|
1716999|
1717024|
1717025|
1717026|
1717027|
1717028|
1717029|
1717030|
1717031|
1717056|
1717057|
1717058|
1717059|
1717060|
1717061|
1717062|
1717063|
1717088|
1717089|
1717090|
1717091|
1717092|
1717093|
1717094|
1717095|
1717120|
1717121|
1717122|
1717123|
1717124|
1717125|
1717126|
1717127|
1717152|
1717153|
1717154|
1717155|
1717156|
1717157|
1717158|
1717159|
1717184|
1717185|
1717186|
1717187|
1717188|
1717189|
1717190|
1717191|
1717216|
1717217|
1717218|
1717219|
1717220|
1717221|
1717222|
1717223|
1717248|
1717249|
1717250|
1717251|
1717252|
1717253|
1717254|
1717255|
1717280|
1717281|
1717282|
1717283|
1717284|
1717285|
1717286|
1717287|
1717312|
1717313|
1717314|
1717315|
1717316|
1717317|
1717318|
1717319|
1717344|
1717345|
1717346|
1717347|
1717348|
1717349|
1717350|
1717351|
1717376|
1717377|
1717378|
1717379|
1717380|
1717381|
1717382|
1717383|
1717408|
1717409|
1717410|
1717411|
1717412|
1717413|
1717414|
1717415|
1717440|
1717441|
1717442|
1717443|
1717444|
1717445|
1717446|
1717447|
1717472|
1717473|
1717474|
1717475|
1717476|
1717477|
1717478|
1717479|
1717504|
1717505|
1717506|
1717507|
1717508|
1717509|
1717510|
1717511|
1717536|
1717537|
1717538|
1717539|
1717540|
1717541|
1717542|
1717543|
1717568|
1717569|
1717570|
1717571|
1717572|
1717573|
1717574|
1717575|
1717600|
1717601|
1717602|
1717603|
1717604|
1717605|
1717606|
1717607|
1717632|
1717633|
1717634|
1717635|
1717636|
1717637|
1717638|
1717639|
1717664|
1717665|
1717666|
1717667|
1717668|
1717669|
1717670|
1717671|
1717696|
1717697|
1717698|
1717699|
1717700|
1717701|
1717702|
1717703|
1717728|
1717729|
1717730|
1717731|
1717732|
1717733|
1717734|
1717735|
1717760|
1717761|
1717762|
1717763|
1717764|
1717765|
1717766|
1717767|
1717792|
1717793|
1717794|
1717795|
1717796|
1717797|
1717798|
1717799|
1717824|
1717825|
1717826|
1717827|
1717828|
1717829|
1717830|
1717831|
1717856|
1717857|
1717858|
1717859|
1717860|
1717861|
1717862|
1717863|
1717888|
1717889|
1717890|
1717891|
1717892|
1717893|
1717894|
1717895|
1717920|
1717921|
1717922|
1717923|
1717924|
1717925|
1717926|
1717927|
1717952|
1717953|
1717954|
1717955|
1717956|
1717957|
1717958|
1717959|
1717984|
1717985|
1717986|
1717987|
1717988|
1717989|
1717990|
1717991|
1718016|
1718017|
1718018|
1718019|
1718020|
1718021|
1718022|
1718023|
1718048|
1718049|
1718050|
1718051|
1718052|
1718053|
1718054|
1718055|
1718080|
1718081|
1718082|
1718083|
1718084|
1718085|
1718086|
1718087|
1718112|
1718113|
1718114|
1718115|
1718116|
1718117|
1718118|
1718119|
1718144|
1718145|
1718146|
1718147|
1718148|
1718149|
1718150|
1718151|
1718176|
1718177|
1718178|
1718179|
1718180|
1718181|
1718182|
1718183|
1718208|
1718209|
1718210|
1718211|
1718212|
1718213|
1718214|
1718215|
1718240|
1718241|
1718242|
1718243|
1718244|
1718245|
1718246|
1718247|
1718272|
1718273|
1718274|
1718275|
1718276|
1718277|
1718278|
1718279|
1718304|
1718305|
1718306|
1718307|
1718308|
1718309|
1718310|
1718311|
1718336|
1718337|
1718338|
1718339|
1718340|
1718341|
1718342|
1718343|
1718368|
1718369|
1718370|
1718371|
1718372|
1718373|
1718374|
1718375|
1718400|
1718401|
1718402|
1718403|
1718404|
1718405|
1718406|
1718407|
1718432|
1718433|
1718434|
1718435|
1718436|
1718437|
1718438|
1718439|
1718464|
1718465|
1718466|
1718467|
1718468|
1718469|
1718470|
1718471|
1718496|
1718497|
1718498|
1718499|
1718500|
1718501|
1718502|
1718503|
1718528|
1718529|
1718530|
1718531|
1718532|
1718533|
1718534|
1718535|
1718560|
1718561|
1718562|
1718563|
1718564|
1718565|
1718566|
1718567|
1718592|
1718593|
1718594|
1718595|
1718596|
1718597|
1718598|
1718599|
1718624|
1718625|
1718626|
1718627|
1718628|
1718629|
1718630|
1718631|
1718656|
1718657|
1718658|
1718659|
1718660|
1718661|
1718662|
1718663|
1718688|
1718689|
1718690|
1718691|
1718692|
1718693|
1718694|
1718695|
1718720|
1718721|
1718722|
1718723|
1718724|
1718725|
1718726|
1718727|
1718752|
1718753|
1718754|
1718755|
1718756|
1718757|
1718758|
1718759|
1718784|
1718785|
1718786|
1718787|
1718788|
1718789|
1718790|
1718791|
1718816|
1718817|
1718818|
1718819|
1718820|
1718821|
1718822|
1718823|
1718848|
1718849|
1718850|
1718851|
1718852|
1718853|
1718854|
1718855|
1718880|
1718881|
1718882|
1718883|
1718884|
1718885|
1718886|
1718887|
1718912|
1718913|
1718914|
1718915|
1718916|
1718917|
1718918|
1718919|
1718944|
1718945|
1718946|
1718947|
1718948|
1718949|
1718950|
1718951|
1718976|
1718977|
1718978|
1718979|
1718980|
1718981|
1718982|
1718983|
1719008|
1719009|
1719010|
1719011|
1719012|
1719013|
1719014|
1719015|
1719040|
1719041|
1719042|
1719043|
1719044|
1719045|
1719046|
1719047|
1719072|
1719073|
1719074|
1719075|
1719076|
1719077|
1719078|
1719079|
1719104|
1719105|
1719106|
1719107|
1719108|
1719109|
1719110|
1719111|
1719136|
1719137|
1719138|
1719139|
1719140|
1719141|
1719142|
1719143|
1719168|
1719169|
1719170|
1719171|
1719172|
1719173|
1719174|
1719175|
1719200|
1719201|
1719202|
1719203|
1719204|
1719205|
1719206|
1719207|
1719232|
1719233|
1719234|
1719235|
1719236|
1719237|
1719238|
1719239|
1719264|
1719265|
1719266|
1719267|
1719268|
1719269|
1719270|
1719271|
1719296|
1719297|
1719298|
1719299|
1719300|
1719301|
1719302|
1719303|
1719328|
1719329|
1719330|
1719331|
1719332|
1719333|
1719334|
1719335|
1719360|
1719361|
1719362|
1719363|
1719364|
1719365|
1719366|
1719367|
1719392|
1719393|
1719394|
1719395|
1719396|
1719397|
1719398|
1719399|
1719424|
1719425|
1719426|
1719427|
1719428|
1719429|
1719430|
1719431|
1719456|
1719457|
1719458|
1719459|
1719460|
1719461|
1719462|
1719463|
1719488|
1719489|
1719490|
1719491|
1719492|
1719493|
1719494|
1719495|
1719520|
1719521|
1719522|
1719523|
1719524|
1719525|
1719526|
1719527|
1719552|
1719553|
1719554|
1719555|
1719556|
1719557|
1719558|
1719559|
1719584|
1719585|
1719586|
1719587|
1719588|
1719589|
1719590|
1719591|
1719616|
1719617|
1719618|
1719619|
1719620|
1719621|
1719622|
1719623|
1719648|
1719649|
1719650|
1719651|
1719652|
1719653|
1719654|
1719655|
1719680|
1719681|
1719682|
1719683|
1719684|
1719685|
1719686|
1719687|
1719712|
1719713|
1719714|
1719715|
1719716|
1719717|
1719718|
1719719|
1719744|
1719745|
1719746|
1719747|
1719748|
1719749|
1719750|
1719751|
1719776|
1719777|
1719778|
1719779|
1719780|
1719781|
1719782|
1719783|
1719808|
1719809|
1719810|
1719811|
1719812|
1719813|
1719814|
1719815|
1719840|
1719841|
1719842|
1719843|
1719844|
1719845|
1719846|
1719847|
1719872|
1719873|
1719874|
1719875|
1719876|
1719877|
1719878|
1719879|
1719904|
1719905|
1719906|
1719907|
1719908|
1719909|
1719910|
1719911|
1719936|
1719937|
1719938|
1719939|
1719940|
1719941|
1719942|
1719943|
1719968|
1719969|
1719970|
1719971|
1719972|
1719973|
1719974|
1719975|
1720000|
1720001|
1720002|
1720003|
1720004|
1720005|
1720006|
1720007|
1720032|
1720033|
1720034|
1720035|
1720036|
1720037|
1720038|
1720039|
1720064|
1720065|
1720066|
1720067|
1720068|
1720069|
1720070|
1720071|
1720096|
1720097|
1720098|
1720099|
1720100|
1720101|
1720102|
1720103|
1720128|
1720129|
1720130|
1720131|
1720132|
1720133|
1720134|
1720135|
1720160|
1720161|
1720162|
1720163|
1720164|
1720165|
1720166|
1720167|
1720192|
1720193|
1720194|
1720195|
1720196|
1720197|
1720198|
1720199|
1720224|
1720225|
1720226|
1720227|
1720228|
1720229|
1720230|
1720231|
1720256|
1720257|
1720258|
1720259|
1720260|
1720261|
1720262|
1720263|
1720288|
1720289|
1720290|
1720291|
1720292|
1720293|
1720294|
1720295|
1720320|
1720321|
1720322|
1720323|
1720324|
1720325|
1720326|
1720327|
1720352|
1720353|
1720354|
1720355|
1720356|
1720357|
1720358|
1720359|
1720384|
1720385|
1720386|
1720387|
1720388|
1720389|
1720390|
1720391|
1720416|
1720417|
1720418|
1720419|
1720420|
1720421|
1720422|
1720423|
1720448|
1720449|
1720450|
1720451|
1720452|
1720453|
1720454|
1720455|
1720480|
1720481|
1720482|
1720483|
1720484|
1720485|
1720486|
1720487|
1720512|
1720513|
1720514|
1720515|
1720516|
1720517|
1720518|
1720519|
1720544|
1720545|
1720546|
1720547|
1720548|
1720549|
1720550|
1720551|
1720576|
1720577|
1720578|
1720579|
1720580|
1720581|
1720582|
1720583|
1720608|
1720609|
1720610|
1720611|
1720612|
1720613|
1720614|
1720615|
1720640|
1720641|
1720642|
1720643|
1720644|
1720645|
1720646|
1720647|
1720672|
1720673|
1720674|
1720675|
1720676|
1720677|
1720678|
1720679|
1720704|
1720705|
1720706|
1720707|
1720708|
1720709|
1720710|
1720711|
1720736|
1720737|
1720738|
1720739|
1720740|
1720741|
1720742|
1720743|
1720768|
1720769|
1720770|
1720771|
1720772|
1720773|
1720774|
1720775|
1720800|
1720801|
1720802|
1720803|
1720804|
1720805|
1720806|
1720807|
1720832|
1720833|
1720834|
1720835|
1720836|
1720837|
1720838|
1720839|
1720864|
1720865|
1720866|
1720867|
1720868|
1720869|
1720870|
1720871|
1720896|
1720897|
1720898|
1720899|
1720900|
1720901|
1720902|
1720903|
1720928|
1720929|
1720930|
1720931|
1720932|
1720933|
1720934|
1720935|
1720960|
1720961|
1720962|
1720963|
1720964|
1720965|
1720966|
1720967|
1720992|
1720993|
1720994|
1720995|
1720996|
1720997|
1720998|
1720999|
1721024|
1721025|
1721026|
1721027|
1721028|
1721029|
1721030|
1721031|
1721056|
1721057|
1721058|
1721059|
1721060|
1721061|
1721062|
1721063|
1721088|
1721089|
1721090|
1721091|
1721092|
1721093|
1721094|
1721095|
1721120|
1721121|
1721122|
1721123|
1721124|
1721125|
1721126|
1721127|
1721152|
1721153|
1721154|
1721155|
1721156|
1721157|
1721158|
1721159|
1721184|
1721185|
1721186|
1721187|
1721188|
1721189|
1721190|
1721191|
1721216|
1721217|
1721218|
1721219|
1721220|
1721221|
1721222|
1721223|
1721248|
1721249|
1721250|
1721251|
1721252|
1721253|
1721254|
1721255|
1721280|
1721281|
1721282|
1721283|
1721284|
1721285|
1721286|
1721287|
1721312|
1721313|
1721314|
1721315|
1721316|
1721317|
1721318|
1721319|
1721344|
1721345|
1721346|
1721347|
1721348|
1721349|
1721350|
1721351|
1721376|
1721377|
1721378|
1721379|
1721380|
1721381|
1721382|
1721383|
1721408|
1721409|
1721410|
1721411|
1721412|
1721413|
1721414|
1721415|
1721440|
1721441|
1721442|
1721443|
1721444|
1721445|
1721446|
1721447|
1721472|
1721473|
1721474|
1721475|
1721476|
1721477|
1721478|
1721479|
1721504|
1721505|
1721506|
1721507|
1721508|
1721509|
1721510|
1721511|
1721536|
1721537|
1721538|
1721539|
1721540|
1721541|
1721542|
1721543|
1721568|
1721569|
1721570|
1721571|
1721572|
1721573|
1721574|
1721575|
1721600|
1721601|
1721602|
1721603|
1721604|
1721605|
1721606|
1721607|
1721632|
1721633|
1721634|
1721635|
1721636|
1721637|
1721638|
1721639|
1721664|
1721665|
1721666|
1721667|
1721668|
1721669|
1721670|
1721671|
1721696|
1721697|
1721698|
1721699|
1721700|
1721701|
1721702|
1721703|
1721728|
1721729|
1721730|
1721731|
1721732|
1721733|
1721734|
1721735|
1721760|
1721761|
1721762|
1721763|
1721764|
1721765|
1721766|
1721767|
1721792|
1721793|
1721794|
1721795|
1721796|
1721797|
1721798|
1721799|
1721824|
1721825|
1721826|
1721827|
1721828|
1721829|
1721830|
1721831|
1721856|
1721857|
1721858|
1721859|
1721860|
1721861|
1721862|
1721863|
1721888|
1721889|
1721890|
1721891|
1721892|
1721893|
1721894|
1721895|
1721920|
1721921|
1721922|
1721923|
1721924|
1721925|
1721926|
1721927|
1721952|
1721953|
1721954|
1721955|
1721956|
1721957|
1721958|
1721959|
1721984|
1721985|
1721986|
1721987|
1721988|
