336001|
336002|
336003|
336004|
336005|
336006|
336007|
336032|
336033|
336034|
336035|
336036|
336037|
336038|
336039|
336064|
336065|
336066|
336067|
336068|
336069|
336070|
336071|
336096|
336097|
336098|
336099|
336100|
336101|
336102|
336103|
336128|
336129|
336130|
336131|
336132|
336133|
336134|
336135|
336160|
336161|
336162|
336163|
336164|
336165|
336166|
336167|
336192|
336193|
336194|
336195|
336196|
336197|
336198|
336199|
336224|
336225|
336226|
336227|
336228|
336229|
336230|
336231|
336256|
336257|
336258|
336259|
336260|
336261|
336262|
336263|
336288|
336289|
336290|
336291|
336292|
336293|
336294|
336295|
336320|
336321|
336322|
336323|
336324|
336325|
336326|
336327|
336352|
336353|
336354|
336355|
336356|
336357|
336358|
336359|
336384|
336385|
336386|
336387|
336388|
336389|
336390|
336391|
336416|
336417|
336418|
336419|
336420|
336421|
336422|
336423|
336448|
336449|
336450|
336451|
336452|
336453|
336454|
336455|
336480|
336481|
336482|
336483|
336484|
336485|
336486|
336487|
336512|
336513|
336514|
336515|
336516|
336517|
336518|
336519|
336544|
336545|
336546|
336547|
336548|
336549|
336550|
336551|
336576|
336577|
336578|
336579|
336580|
336581|
336582|
336583|
336608|
336609|
336610|
336611|
336612|
336613|
336614|
336615|
336640|
336641|
336642|
336643|
336644|
336645|
336646|
336647|
336672|
336673|
336674|
336675|
336676|
336677|
336678|
336679|
336704|
336705|
336706|
336707|
336708|
336709|
336710|
336711|
336736|
336737|
336738|
336739|
336740|
336741|
336742|
336743|
336768|
336769|
336770|
336771|
336772|
336773|
336774|
336775|
336800|
336801|
336802|
336803|
336804|
336805|
336806|
336807|
336832|
336833|
336834|
336835|
336836|
336837|
336838|
336839|
336864|
336865|
336866|
336867|
336868|
336869|
336870|
336871|
336896|
336897|
336898|
336899|
336900|
336901|
336902|
336903|
336928|
336929|
336930|
336931|
336932|
336933|
336934|
336935|
336960|
336961|
336962|
336963|
336964|
336965|
336966|
336967|
336992|
336993|
336994|
336995|
336996|
336997|
336998|
336999|
337024|
337025|
337026|
337027|
337028|
337029|
337030|
337031|
337056|
337057|
337058|
337059|
337060|
337061|
337062|
337063|
337088|
337089|
337090|
337091|
337092|
337093|
337094|
337095|
337120|
337121|
337122|
337123|
337124|
337125|
337126|
337127|
337152|
337153|
337154|
337155|
337156|
337157|
337158|
337159|
337184|
337185|
337186|
337187|
337188|
337189|
337190|
337191|
337216|
337217|
337218|
337219|
337220|
337221|
337222|
337223|
337248|
337249|
337250|
337251|
337252|
337253|
337254|
337255|
337280|
337281|
337282|
337283|
337284|
337285|
337286|
337287|
337312|
337313|
337314|
337315|
337316|
337317|
337318|
337319|
337344|
337345|
337346|
337347|
337348|
337349|
337350|
337351|
337376|
337377|
337378|
337379|
337380|
337381|
337382|
337383|
337408|
337409|
337410|
337411|
337412|
337413|
337414|
337415|
337440|
337441|
337442|
337443|
337444|
337445|
337446|
337447|
337472|
337473|
337474|
337475|
337476|
337477|
337478|
337479|
337504|
337505|
337506|
337507|
337508|
337509|
337510|
337511|
337536|
337537|
337538|
337539|
337540|
337541|
337542|
337543|
337568|
337569|
337570|
337571|
337572|
337573|
337574|
337575|
337600|
337601|
337602|
337603|
337604|
337605|
337606|
337607|
337632|
337633|
337634|
337635|
337636|
337637|
337638|
337639|
337664|
337665|
337666|
337667|
337668|
337669|
337670|
337671|
337696|
337697|
337698|
337699|
337700|
337701|
337702|
337703|
337728|
337729|
337730|
337731|
337732|
337733|
337734|
337735|
337760|
337761|
337762|
337763|
337764|
337765|
337766|
337767|
337792|
337793|
337794|
337795|
337796|
337797|
337798|
337799|
337824|
337825|
337826|
337827|
337828|
337829|
337830|
337831|
337856|
337857|
337858|
337859|
337860|
337861|
337862|
337863|
337888|
337889|
337890|
337891|
337892|
337893|
337894|
337895|
337920|
337921|
337922|
337923|
337924|
337925|
337926|
337927|
337952|
337953|
337954|
337955|
337956|
337957|
337958|
337959|
337984|
337985|
337986|
337987|
337988|
337989|
337990|
337991|
338016|
338017|
338018|
338019|
338020|
338021|
338022|
338023|
338048|
338049|
338050|
338051|
338052|
338053|
338054|
338055|
338080|
338081|
338082|
338083|
338084|
338085|
338086|
338087|
338112|
338113|
338114|
338115|
338116|
338117|
338118|
338119|
338144|
338145|
338146|
338147|
338148|
338149|
338150|
338151|
338176|
338177|
338178|
338179|
338180|
338181|
338182|
338183|
338208|
338209|
338210|
338211|
338212|
338213|
338214|
338215|
338240|
338241|
338242|
338243|
338244|
338245|
338246|
338247|
338272|
338273|
338274|
338275|
338276|
338277|
338278|
338279|
338304|
338305|
338306|
338307|
338308|
338309|
338310|
338311|
338336|
338337|
338338|
338339|
338340|
338341|
338342|
338343|
338368|
338369|
338370|
338371|
338372|
338373|
338374|
338375|
338400|
338401|
338402|
338403|
338404|
338405|
338406|
338407|
338432|
338433|
338434|
338435|
338436|
338437|
338438|
338439|
338464|
338465|
338466|
338467|
338468|
338469|
338470|
338471|
338496|
338497|
338498|
338499|
338500|
338501|
338502|
338503|
338528|
338529|
338530|
338531|
338532|
338533|
338534|
338535|
338560|
338561|
338562|
338563|
338564|
338565|
338566|
338567|
338592|
338593|
338594|
338595|
338596|
338597|
338598|
338599|
338624|
338625|
338626|
338627|
338628|
338629|
338630|
338631|
338656|
338657|
338658|
338659|
338660|
338661|
338662|
338663|
338688|
338689|
338690|
338691|
338692|
338693|
338694|
338695|
338720|
338721|
338722|
338723|
338724|
338725|
338726|
338727|
338752|
338753|
338754|
338755|
338756|
338757|
338758|
338759|
338784|
338785|
338786|
338787|
338788|
338789|
338790|
338791|
338816|
338817|
338818|
338819|
338820|
338821|
338822|
338823|
338848|
338849|
338850|
338851|
338852|
338853|
338854|
338855|
338880|
338881|
338882|
338883|
338884|
338885|
338886|
338887|
338912|
338913|
338914|
338915|
338916|
338917|
338918|
338919|
338944|
338945|
338946|
338947|
338948|
338949|
338950|
338951|
338976|
338977|
338978|
338979|
338980|
338981|
338982|
338983|
339008|
339009|
339010|
339011|
339012|
339013|
339014|
339015|
339040|
339041|
339042|
339043|
339044|
339045|
339046|
339047|
339072|
339073|
339074|
339075|
339076|
339077|
339078|
339079|
339104|
339105|
339106|
339107|
339108|
339109|
339110|
339111|
339136|
339137|
339138|
339139|
339140|
339141|
339142|
339143|
339168|
339169|
339170|
339171|
339172|
339173|
339174|
339175|
339200|
339201|
339202|
339203|
339204|
339205|
339206|
339207|
339232|
339233|
339234|
339235|
339236|
339237|
339238|
339239|
339264|
339265|
339266|
339267|
339268|
339269|
339270|
339271|
339296|
339297|
339298|
339299|
339300|
339301|
339302|
339303|
339328|
339329|
339330|
339331|
339332|
339333|
339334|
339335|
339360|
339361|
339362|
339363|
339364|
339365|
339366|
339367|
339392|
339393|
339394|
339395|
339396|
339397|
339398|
339399|
339424|
339425|
339426|
339427|
339428|
339429|
339430|
339431|
339456|
339457|
339458|
339459|
339460|
339461|
339462|
339463|
339488|
339489|
339490|
339491|
339492|
339493|
339494|
339495|
339520|
339521|
339522|
339523|
339524|
339525|
339526|
339527|
339552|
339553|
339554|
339555|
339556|
339557|
339558|
339559|
339584|
339585|
339586|
339587|
339588|
339589|
339590|
339591|
339616|
339617|
339618|
339619|
339620|
339621|
339622|
339623|
339648|
339649|
339650|
339651|
339652|
339653|
339654|
339655|
339680|
339681|
339682|
339683|
339684|
339685|
339686|
339687|
339712|
339713|
339714|
339715|
339716|
339717|
339718|
339719|
339744|
339745|
339746|
339747|
339748|
339749|
339750|
339751|
339776|
339777|
339778|
339779|
339780|
339781|
339782|
339783|
339808|
339809|
339810|
339811|
339812|
339813|
339814|
339815|
339840|
339841|
339842|
339843|
339844|
339845|
339846|
339847|
339872|
339873|
339874|
339875|
339876|
339877|
339878|
339879|
339904|
339905|
339906|
339907|
339908|
339909|
339910|
339911|
339936|
339937|
339938|
339939|
339940|
339941|
339942|
339943|
339968|
339969|
339970|
339971|
339972|
339973|
339974|
339975|
340000|
340001|
340002|
340003|
340004|
340005|
340006|
340007|
340032|
340033|
340034|
340035|
340036|
340037|
340038|
340039|
340064|
340065|
340066|
340067|
340068|
340069|
340070|
340071|
340096|
340097|
340098|
340099|
340100|
340101|
340102|
340103|
340128|
340129|
340130|
340131|
340132|
340133|
340134|
340135|
340160|
340161|
340162|
340163|
340164|
340165|
340166|
340167|
340192|
340193|
340194|
340195|
340196|
340197|
340198|
340199|
340224|
340225|
340226|
340227|
340228|
340229|
340230|
340231|
340256|
340257|
340258|
340259|
340260|
340261|
340262|
340263|
340288|
340289|
340290|
340291|
340292|
340293|
340294|
340295|
340320|
340321|
340322|
340323|
340324|
340325|
340326|
340327|
340352|
340353|
340354|
340355|
340356|
340357|
340358|
340359|
340384|
340385|
340386|
340387|
340388|
340389|
340390|
340391|
340416|
340417|
340418|
340419|
340420|
340421|
340422|
340423|
340448|
340449|
340450|
340451|
340452|
340453|
340454|
340455|
340480|
340481|
340482|
340483|
340484|
340485|
340486|
340487|
340512|
340513|
340514|
340515|
340516|
340517|
340518|
340519|
340544|
340545|
340546|
340547|
340548|
340549|
340550|
340551|
340576|
340577|
340578|
340579|
340580|
340581|
340582|
340583|
340608|
340609|
340610|
340611|
340612|
340613|
340614|
340615|
340640|
340641|
340642|
340643|
340644|
340645|
340646|
340647|
340672|
340673|
340674|
340675|
340676|
340677|
340678|
340679|
340704|
340705|
340706|
340707|
340708|
340709|
340710|
340711|
340736|
340737|
340738|
340739|
340740|
340741|
340742|
340743|
340768|
340769|
340770|
340771|
340772|
340773|
340774|
340775|
340800|
340801|
340802|
340803|
340804|
340805|
340806|
340807|
340832|
340833|
340834|
340835|
340836|
340837|
340838|
340839|
340864|
340865|
340866|
340867|
340868|
340869|
340870|
340871|
340896|
340897|
340898|
340899|
340900|
340901|
340902|
340903|
340928|
340929|
340930|
340931|
340932|
340933|
340934|
340935|
340960|
340961|
340962|
340963|
340964|
340965|
340966|
340967|
340992|
340993|
340994|
340995|
340996|
340997|
340998|
340999|
341024|
341025|
341026|
341027|
341028|
341029|
341030|
341031|
341056|
341057|
341058|
341059|
341060|
341061|
341062|
341063|
341088|
341089|
341090|
341091|
341092|
341093|
341094|
341095|
341120|
341121|
341122|
341123|
341124|
341125|
341126|
341127|
341152|
341153|
341154|
341155|
341156|
341157|
341158|
341159|
341184|
341185|
341186|
341187|
341188|
341189|
341190|
341191|
341216|
341217|
341218|
341219|
341220|
341221|
341222|
341223|
341248|
341249|
341250|
341251|
341252|
341253|
341254|
341255|
341280|
341281|
341282|
341283|
341284|
341285|
341286|
341287|
341312|
341313|
341314|
341315|
341316|
341317|
341318|
341319|
341344|
341345|
341346|
341347|
341348|
341349|
341350|
341351|
341376|
341377|
341378|
341379|
341380|
341381|
341382|
341383|
341408|
341409|
341410|
341411|
341412|
341413|
341414|
341415|
341440|
341441|
341442|
341443|
341444|
341445|
341446|
341447|
341472|
341473|
341474|
341475|
341476|
341477|
341478|
341479|
341504|
341505|
341506|
341507|
341508|
341509|
341510|
341511|
341536|
341537|
341538|
341539|
341540|
341541|
341542|
341543|
341568|
341569|
341570|
341571|
341572|
341573|
341574|
341575|
341600|
341601|
341602|
341603|
341604|
341605|
341606|
341607|
341632|
341633|
341634|
341635|
341636|
341637|
341638|
341639|
341664|
341665|
341666|
341667|
341668|
341669|
341670|
341671|
341696|
341697|
341698|
341699|
341700|
341701|
341702|
341703|
341728|
341729|
341730|
341731|
341732|
341733|
341734|
341735|
341760|
341761|
341762|
341763|
341764|
341765|
341766|
341767|
341792|
341793|
341794|
341795|
341796|
341797|
341798|
341799|
341824|
341825|
341826|
341827|
341828|
341829|
341830|
341831|
341856|
341857|
341858|
341859|
341860|
341861|
341862|
341863|
341888|
341889|
341890|
341891|
341892|
341893|
341894|
341895|
341920|
341921|
341922|
341923|
341924|
341925|
341926|
341927|
341952|
341953|
341954|
341955|
341956|
341957|
341958|
341959|
341984|
341985|
341986|
341987|
341988|
