1889989|
1889990|
1889991|
1890016|
1890017|
1890018|
1890019|
1890020|
1890021|
1890022|
1890023|
1890048|
1890049|
1890050|
1890051|
1890052|
1890053|
1890054|
1890055|
1890080|
1890081|
1890082|
1890083|
1890084|
1890085|
1890086|
1890087|
1890112|
1890113|
1890114|
1890115|
1890116|
1890117|
1890118|
1890119|
1890144|
1890145|
1890146|
1890147|
1890148|
1890149|
1890150|
1890151|
1890176|
1890177|
1890178|
1890179|
1890180|
1890181|
1890182|
1890183|
1890208|
1890209|
1890210|
1890211|
1890212|
1890213|
1890214|
1890215|
1890240|
1890241|
1890242|
1890243|
1890244|
1890245|
1890246|
1890247|
1890272|
1890273|
1890274|
1890275|
1890276|
1890277|
1890278|
1890279|
1890304|
1890305|
1890306|
1890307|
1890308|
1890309|
1890310|
1890311|
1890336|
1890337|
1890338|
1890339|
1890340|
1890341|
1890342|
1890343|
1890368|
1890369|
1890370|
1890371|
1890372|
1890373|
1890374|
1890375|
1890400|
1890401|
1890402|
1890403|
1890404|
1890405|
1890406|
1890407|
1890432|
1890433|
1890434|
1890435|
1890436|
1890437|
1890438|
1890439|
1890464|
1890465|
1890466|
1890467|
1890468|
1890469|
1890470|
1890471|
1890496|
1890497|
1890498|
1890499|
1890500|
1890501|
1890502|
1890503|
1890528|
1890529|
1890530|
1890531|
1890532|
1890533|
1890534|
1890535|
1890560|
1890561|
1890562|
1890563|
1890564|
1890565|
1890566|
1890567|
1890592|
1890593|
1890594|
1890595|
1890596|
1890597|
1890598|
1890599|
1890624|
1890625|
1890626|
1890627|
1890628|
1890629|
1890630|
1890631|
1890656|
1890657|
1890658|
1890659|
1890660|
1890661|
1890662|
1890663|
1890688|
1890689|
1890690|
1890691|
1890692|
1890693|
1890694|
1890695|
1890720|
1890721|
1890722|
1890723|
1890724|
1890725|
1890726|
1890727|
1890752|
1890753|
1890754|
1890755|
1890756|
1890757|
1890758|
1890759|
1890784|
1890785|
1890786|
1890787|
1890788|
1890789|
1890790|
1890791|
1890816|
1890817|
1890818|
1890819|
1890820|
1890821|
1890822|
1890823|
1890848|
1890849|
1890850|
1890851|
1890852|
1890853|
1890854|
1890855|
1890880|
1890881|
1890882|
1890883|
1890884|
1890885|
1890886|
1890887|
1890912|
1890913|
1890914|
1890915|
1890916|
1890917|
1890918|
1890919|
1890944|
1890945|
1890946|
1890947|
1890948|
1890949|
1890950|
1890951|
1890976|
1890977|
1890978|
1890979|
1890980|
1890981|
1890982|
1890983|
1891008|
1891009|
1891010|
1891011|
1891012|
1891013|
1891014|
1891015|
1891040|
1891041|
1891042|
1891043|
1891044|
1891045|
1891046|
1891047|
1891072|
1891073|
1891074|
1891075|
1891076|
1891077|
1891078|
1891079|
1891104|
1891105|
1891106|
1891107|
1891108|
1891109|
1891110|
1891111|
1891136|
1891137|
1891138|
1891139|
1891140|
1891141|
1891142|
1891143|
1891168|
1891169|
1891170|
1891171|
1891172|
1891173|
1891174|
1891175|
1891200|
1891201|
1891202|
1891203|
1891204|
1891205|
1891206|
1891207|
1891232|
1891233|
1891234|
1891235|
1891236|
1891237|
1891238|
1891239|
1891264|
1891265|
1891266|
1891267|
1891268|
1891269|
1891270|
1891271|
1891296|
1891297|
1891298|
1891299|
1891300|
1891301|
1891302|
1891303|
1891328|
1891329|
1891330|
1891331|
1891332|
1891333|
1891334|
1891335|
1891360|
1891361|
1891362|
1891363|
1891364|
1891365|
1891366|
1891367|
1891392|
1891393|
1891394|
1891395|
1891396|
1891397|
1891398|
1891399|
1891424|
1891425|
1891426|
1891427|
1891428|
1891429|
1891430|
1891431|
1891456|
1891457|
1891458|
1891459|
1891460|
1891461|
1891462|
1891463|
1891488|
1891489|
1891490|
1891491|
1891492|
1891493|
1891494|
1891495|
1891520|
1891521|
1891522|
1891523|
1891524|
1891525|
1891526|
1891527|
1891552|
1891553|
1891554|
1891555|
1891556|
1891557|
1891558|
1891559|
1891584|
1891585|
1891586|
1891587|
1891588|
1891589|
1891590|
1891591|
1891616|
1891617|
1891618|
1891619|
1891620|
1891621|
1891622|
1891623|
1891648|
1891649|
1891650|
1891651|
1891652|
1891653|
1891654|
1891655|
1891680|
1891681|
1891682|
1891683|
1891684|
1891685|
1891686|
1891687|
1891712|
1891713|
1891714|
1891715|
1891716|
1891717|
1891718|
1891719|
1891744|
1891745|
1891746|
1891747|
1891748|
1891749|
1891750|
1891751|
1891776|
1891777|
1891778|
1891779|
1891780|
1891781|
1891782|
1891783|
1891808|
1891809|
1891810|
1891811|
1891812|
1891813|
1891814|
1891815|
1891840|
1891841|
1891842|
1891843|
1891844|
1891845|
1891846|
1891847|
1891872|
1891873|
1891874|
1891875|
1891876|
1891877|
1891878|
1891879|
1891904|
1891905|
1891906|
1891907|
1891908|
1891909|
1891910|
1891911|
1891936|
1891937|
1891938|
1891939|
1891940|
1891941|
1891942|
1891943|
1891968|
1891969|
1891970|
1891971|
1891972|
1891973|
1891974|
1891975|
1892000|
1892001|
1892002|
1892003|
1892004|
1892005|
1892006|
1892007|
1892032|
1892033|
1892034|
1892035|
1892036|
1892037|
1892038|
1892039|
1892064|
1892065|
1892066|
1892067|
1892068|
1892069|
1892070|
1892071|
1892096|
1892097|
1892098|
1892099|
1892100|
1892101|
1892102|
1892103|
1892128|
1892129|
1892130|
1892131|
1892132|
1892133|
1892134|
1892135|
1892160|
1892161|
1892162|
1892163|
1892164|
1892165|
1892166|
1892167|
1892192|
1892193|
1892194|
1892195|
1892196|
1892197|
1892198|
1892199|
1892224|
1892225|
1892226|
1892227|
1892228|
1892229|
1892230|
1892231|
1892256|
1892257|
1892258|
1892259|
1892260|
1892261|
1892262|
1892263|
1892288|
1892289|
1892290|
1892291|
1892292|
1892293|
1892294|
1892295|
1892320|
1892321|
1892322|
1892323|
1892324|
1892325|
1892326|
1892327|
1892352|
1892353|
1892354|
1892355|
1892356|
1892357|
1892358|
1892359|
1892384|
1892385|
1892386|
1892387|
1892388|
1892389|
1892390|
1892391|
1892416|
1892417|
1892418|
1892419|
1892420|
1892421|
1892422|
1892423|
1892448|
1892449|
1892450|
1892451|
1892452|
1892453|
1892454|
1892455|
1892480|
1892481|
1892482|
1892483|
1892484|
1892485|
1892486|
1892487|
1892512|
1892513|
1892514|
1892515|
1892516|
1892517|
1892518|
1892519|
1892544|
1892545|
1892546|
1892547|
1892548|
1892549|
1892550|
1892551|
1892576|
1892577|
1892578|
1892579|
1892580|
1892581|
1892582|
1892583|
1892608|
1892609|
1892610|
1892611|
1892612|
1892613|
1892614|
1892615|
1892640|
1892641|
1892642|
1892643|
1892644|
1892645|
1892646|
1892647|
1892672|
1892673|
1892674|
1892675|
1892676|
1892677|
1892678|
1892679|
1892704|
1892705|
1892706|
1892707|
1892708|
1892709|
1892710|
1892711|
1892736|
1892737|
1892738|
1892739|
1892740|
1892741|
1892742|
1892743|
1892768|
1892769|
1892770|
1892771|
1892772|
1892773|
1892774|
1892775|
1892800|
1892801|
1892802|
1892803|
1892804|
1892805|
1892806|
1892807|
1892832|
1892833|
1892834|
1892835|
1892836|
1892837|
1892838|
1892839|
1892864|
1892865|
1892866|
1892867|
1892868|
1892869|
1892870|
1892871|
1892896|
1892897|
1892898|
1892899|
1892900|
1892901|
1892902|
1892903|
1892928|
1892929|
1892930|
1892931|
1892932|
1892933|
1892934|
1892935|
1892960|
1892961|
1892962|
1892963|
1892964|
1892965|
1892966|
1892967|
1892992|
1892993|
1892994|
1892995|
1892996|
1892997|
1892998|
1892999|
1893024|
1893025|
1893026|
1893027|
1893028|
1893029|
1893030|
1893031|
1893056|
1893057|
1893058|
1893059|
1893060|
1893061|
1893062|
1893063|
1893088|
1893089|
1893090|
1893091|
1893092|
1893093|
1893094|
1893095|
1893120|
1893121|
1893122|
1893123|
1893124|
1893125|
1893126|
1893127|
1893152|
1893153|
1893154|
1893155|
1893156|
1893157|
1893158|
1893159|
1893184|
1893185|
1893186|
1893187|
1893188|
1893189|
1893190|
1893191|
1893216|
1893217|
1893218|
1893219|
1893220|
1893221|
1893222|
1893223|
1893248|
1893249|
1893250|
1893251|
1893252|
1893253|
1893254|
1893255|
1893280|
1893281|
1893282|
1893283|
1893284|
1893285|
1893286|
1893287|
1893312|
1893313|
1893314|
1893315|
1893316|
1893317|
1893318|
1893319|
1893344|
1893345|
1893346|
1893347|
1893348|
1893349|
1893350|
1893351|
1893376|
1893377|
1893378|
1893379|
1893380|
1893381|
1893382|
1893383|
1893408|
1893409|
1893410|
1893411|
1893412|
1893413|
1893414|
1893415|
1893440|
1893441|
1893442|
1893443|
1893444|
1893445|
1893446|
1893447|
1893472|
1893473|
1893474|
1893475|
1893476|
1893477|
1893478|
1893479|
1893504|
1893505|
1893506|
1893507|
1893508|
1893509|
1893510|
1893511|
1893536|
1893537|
1893538|
1893539|
1893540|
1893541|
1893542|
1893543|
1893568|
1893569|
1893570|
1893571|
1893572|
1893573|
1893574|
1893575|
1893600|
1893601|
1893602|
1893603|
1893604|
1893605|
1893606|
1893607|
1893632|
1893633|
1893634|
1893635|
1893636|
1893637|
1893638|
1893639|
1893664|
1893665|
1893666|
1893667|
1893668|
1893669|
1893670|
1893671|
1893696|
1893697|
1893698|
1893699|
1893700|
1893701|
1893702|
1893703|
1893728|
1893729|
1893730|
1893731|
1893732|
1893733|
1893734|
1893735|
1893760|
1893761|
1893762|
1893763|
1893764|
1893765|
1893766|
1893767|
1893792|
1893793|
1893794|
1893795|
1893796|
1893797|
1893798|
1893799|
1893824|
1893825|
1893826|
1893827|
1893828|
1893829|
1893830|
1893831|
1893856|
1893857|
1893858|
1893859|
1893860|
1893861|
1893862|
1893863|
1893888|
1893889|
1893890|
1893891|
1893892|
1893893|
1893894|
1893895|
1893920|
1893921|
1893922|
1893923|
1893924|
1893925|
1893926|
1893927|
1893952|
1893953|
1893954|
1893955|
1893956|
1893957|
1893958|
1893959|
1893984|
1893985|
1893986|
1893987|
1893988|
1893989|
1893990|
1893991|
1894016|
1894017|
1894018|
1894019|
1894020|
1894021|
1894022|
1894023|
1894048|
1894049|
1894050|
1894051|
1894052|
1894053|
1894054|
1894055|
1894080|
1894081|
1894082|
1894083|
1894084|
1894085|
1894086|
1894087|
1894112|
1894113|
1894114|
1894115|
1894116|
1894117|
1894118|
1894119|
1894144|
1894145|
1894146|
1894147|
1894148|
1894149|
1894150|
1894151|
1894176|
1894177|
1894178|
1894179|
1894180|
1894181|
1894182|
1894183|
1894208|
1894209|
1894210|
1894211|
1894212|
1894213|
1894214|
1894215|
1894240|
1894241|
1894242|
1894243|
1894244|
1894245|
1894246|
1894247|
1894272|
1894273|
1894274|
1894275|
1894276|
1894277|
1894278|
1894279|
1894304|
1894305|
1894306|
1894307|
1894308|
1894309|
1894310|
1894311|
1894336|
1894337|
1894338|
1894339|
1894340|
1894341|
1894342|
1894343|
1894368|
1894369|
1894370|
1894371|
1894372|
1894373|
1894374|
1894375|
1894400|
1894401|
1894402|
1894403|
1894404|
1894405|
1894406|
1894407|
1894432|
1894433|
1894434|
1894435|
1894436|
1894437|
1894438|
1894439|
1894464|
1894465|
1894466|
1894467|
1894468|
1894469|
1894470|
1894471|
1894496|
1894497|
1894498|
1894499|
1894500|
1894501|
1894502|
1894503|
1894528|
1894529|
1894530|
1894531|
1894532|
1894533|
1894534|
1894535|
1894560|
1894561|
1894562|
1894563|
1894564|
1894565|
1894566|
1894567|
1894592|
1894593|
1894594|
1894595|
1894596|
1894597|
1894598|
1894599|
1894624|
1894625|
1894626|
1894627|
1894628|
1894629|
1894630|
1894631|
1894656|
1894657|
1894658|
1894659|
1894660|
1894661|
1894662|
1894663|
1894688|
1894689|
1894690|
1894691|
1894692|
1894693|
1894694|
1894695|
1894720|
1894721|
1894722|
1894723|
1894724|
1894725|
1894726|
1894727|
1894752|
1894753|
1894754|
1894755|
1894756|
1894757|
1894758|
1894759|
1894784|
1894785|
1894786|
1894787|
1894788|
1894789|
1894790|
1894791|
1894816|
1894817|
1894818|
1894819|
1894820|
1894821|
1894822|
1894823|
1894848|
1894849|
1894850|
1894851|
1894852|
1894853|
1894854|
1894855|
1894880|
1894881|
1894882|
1894883|
1894884|
1894885|
1894886|
1894887|
1894912|
1894913|
1894914|
1894915|
1894916|
1894917|
1894918|
1894919|
1894944|
1894945|
1894946|
1894947|
1894948|
1894949|
1894950|
1894951|
1894976|
1894977|
1894978|
1894979|
1894980|
1894981|
1894982|
1894983|
1895008|
1895009|
1895010|
1895011|
1895012|
1895013|
1895014|
1895015|
1895040|
1895041|
1895042|
1895043|
1895044|
1895045|
1895046|
1895047|
1895072|
1895073|
1895074|
1895075|
1895076|
1895077|
1895078|
1895079|
1895104|
1895105|
1895106|
1895107|
1895108|
1895109|
1895110|
1895111|
1895136|
1895137|
1895138|
1895139|
1895140|
1895141|
1895142|
1895143|
1895168|
1895169|
1895170|
1895171|
1895172|
1895173|
1895174|
1895175|
1895200|
1895201|
1895202|
1895203|
1895204|
1895205|
1895206|
1895207|
1895232|
1895233|
1895234|
1895235|
1895236|
1895237|
1895238|
1895239|
1895264|
1895265|
1895266|
1895267|
1895268|
1895269|
1895270|
1895271|
1895296|
1895297|
1895298|
1895299|
1895300|
1895301|
1895302|
1895303|
1895328|
1895329|
1895330|
1895331|
1895332|
1895333|
1895334|
1895335|
1895360|
1895361|
1895362|
1895363|
1895364|
1895365|
1895366|
1895367|
1895392|
1895393|
1895394|
1895395|
1895396|
1895397|
1895398|
1895399|
1895424|
1895425|
1895426|
1895427|
1895428|
1895429|
1895430|
1895431|
1895456|
1895457|
1895458|
1895459|
1895460|
1895461|
1895462|
1895463|
1895488|
1895489|
1895490|
1895491|
1895492|
1895493|
1895494|
1895495|
1895520|
1895521|
1895522|
1895523|
1895524|
1895525|
1895526|
1895527|
1895552|
1895553|
1895554|
1895555|
1895556|
1895557|
1895558|
1895559|
1895584|
1895585|
1895586|
1895587|
1895588|
1895589|
1895590|
1895591|
1895616|
1895617|
1895618|
1895619|
1895620|
1895621|
1895622|
1895623|
1895648|
1895649|
1895650|
1895651|
1895652|
1895653|
1895654|
1895655|
1895680|
1895681|
1895682|
1895683|
1895684|
1895685|
1895686|
1895687|
1895712|
1895713|
1895714|
1895715|
1895716|
1895717|
1895718|
1895719|
1895744|
1895745|
1895746|
1895747|
1895748|
1895749|
1895750|
1895751|
1895776|
1895777|
1895778|
1895779|
1895780|
1895781|
1895782|
1895783|
1895808|
1895809|
1895810|
1895811|
1895812|
1895813|
1895814|
1895815|
1895840|
1895841|
1895842|
1895843|
1895844|
1895845|
1895846|
1895847|
1895872|
1895873|
1895874|
1895875|
1895876|
1895877|
1895878|
1895879|
1895904|
1895905|
1895906|
1895907|
1895908|
1895909|
1895910|
1895911|
1895936|
1895937|
1895938|
1895939|
1895940|
1895941|
1895942|
1895943|
1895968|
1895969|
1895970|
1895971|
1895972|
1895973|
1895974|
1895975|
1896000|
