2957989|
2957990|
2957991|
2958016|
2958017|
2958018|
2958019|
2958020|
2958021|
2958022|
2958023|
2958048|
2958049|
2958050|
2958051|
2958052|
2958053|
2958054|
2958055|
2958080|
2958081|
2958082|
2958083|
2958084|
2958085|
2958086|
2958087|
2958112|
2958113|
2958114|
2958115|
2958116|
2958117|
2958118|
2958119|
2958144|
2958145|
2958146|
2958147|
2958148|
2958149|
2958150|
2958151|
2958176|
2958177|
2958178|
2958179|
2958180|
2958181|
2958182|
2958183|
2958208|
2958209|
2958210|
2958211|
2958212|
2958213|
2958214|
2958215|
2958240|
2958241|
2958242|
2958243|
2958244|
2958245|
2958246|
2958247|
2958272|
2958273|
2958274|
2958275|
2958276|
2958277|
2958278|
2958279|
2958304|
2958305|
2958306|
2958307|
2958308|
2958309|
2958310|
2958311|
2958336|
2958337|
2958338|
2958339|
2958340|
2958341|
2958342|
2958343|
2958368|
2958369|
2958370|
2958371|
2958372|
2958373|
2958374|
2958375|
2958400|
2958401|
2958402|
2958403|
2958404|
2958405|
2958406|
2958407|
2958432|
2958433|
2958434|
2958435|
2958436|
2958437|
2958438|
2958439|
2958464|
2958465|
2958466|
2958467|
2958468|
2958469|
2958470|
2958471|
2958496|
2958497|
2958498|
2958499|
2958500|
2958501|
2958502|
2958503|
2958528|
2958529|
2958530|
2958531|
2958532|
2958533|
2958534|
2958535|
2958560|
2958561|
2958562|
2958563|
2958564|
2958565|
2958566|
2958567|
2958592|
2958593|
2958594|
2958595|
2958596|
2958597|
2958598|
2958599|
2958624|
2958625|
2958626|
2958627|
2958628|
2958629|
2958630|
2958631|
2958656|
2958657|
2958658|
2958659|
2958660|
2958661|
2958662|
2958663|
2958688|
2958689|
2958690|
2958691|
2958692|
2958693|
2958694|
2958695|
2958720|
2958721|
2958722|
2958723|
2958724|
2958725|
2958726|
2958727|
2958752|
2958753|
2958754|
2958755|
2958756|
2958757|
2958758|
2958759|
2958784|
2958785|
2958786|
2958787|
2958788|
2958789|
2958790|
2958791|
2958816|
2958817|
2958818|
2958819|
2958820|
2958821|
2958822|
2958823|
2958848|
2958849|
2958850|
2958851|
2958852|
2958853|
2958854|
2958855|
2958880|
2958881|
2958882|
2958883|
2958884|
2958885|
2958886|
2958887|
2958912|
2958913|
2958914|
2958915|
2958916|
2958917|
2958918|
2958919|
2958944|
2958945|
2958946|
2958947|
2958948|
2958949|
2958950|
2958951|
2958976|
2958977|
2958978|
2958979|
2958980|
2958981|
2958982|
2958983|
2959008|
2959009|
2959010|
2959011|
2959012|
2959013|
2959014|
2959015|
2959040|
2959041|
2959042|
2959043|
2959044|
2959045|
2959046|
2959047|
2959072|
2959073|
2959074|
2959075|
2959076|
2959077|
2959078|
2959079|
2959104|
2959105|
2959106|
2959107|
2959108|
2959109|
2959110|
2959111|
2959136|
2959137|
2959138|
2959139|
2959140|
2959141|
2959142|
2959143|
2959168|
2959169|
2959170|
2959171|
2959172|
2959173|
2959174|
2959175|
2959200|
2959201|
2959202|
2959203|
2959204|
2959205|
2959206|
2959207|
2959232|
2959233|
2959234|
2959235|
2959236|
2959237|
2959238|
2959239|
2959264|
2959265|
2959266|
2959267|
2959268|
2959269|
2959270|
2959271|
2959296|
2959297|
2959298|
2959299|
2959300|
2959301|
2959302|
2959303|
2959328|
2959329|
2959330|
2959331|
2959332|
2959333|
2959334|
2959335|
2959360|
2959361|
2959362|
2959363|
2959364|
2959365|
2959366|
2959367|
2959392|
2959393|
2959394|
2959395|
2959396|
2959397|
2959398|
2959399|
2959424|
2959425|
2959426|
2959427|
2959428|
2959429|
2959430|
2959431|
2959456|
2959457|
2959458|
2959459|
2959460|
2959461|
2959462|
2959463|
2959488|
2959489|
2959490|
2959491|
2959492|
2959493|
2959494|
2959495|
2959520|
2959521|
2959522|
2959523|
2959524|
2959525|
2959526|
2959527|
2959552|
2959553|
2959554|
2959555|
2959556|
2959557|
2959558|
2959559|
2959584|
2959585|
2959586|
2959587|
2959588|
2959589|
2959590|
2959591|
2959616|
2959617|
2959618|
2959619|
2959620|
2959621|
2959622|
2959623|
2959648|
2959649|
2959650|
2959651|
2959652|
2959653|
2959654|
2959655|
2959680|
2959681|
2959682|
2959683|
2959684|
2959685|
2959686|
2959687|
2959712|
2959713|
2959714|
2959715|
2959716|
2959717|
2959718|
2959719|
2959744|
2959745|
2959746|
2959747|
2959748|
2959749|
2959750|
2959751|
2959776|
2959777|
2959778|
2959779|
2959780|
2959781|
2959782|
2959783|
2959808|
2959809|
2959810|
2959811|
2959812|
2959813|
2959814|
2959815|
2959840|
2959841|
2959842|
2959843|
2959844|
2959845|
2959846|
2959847|
2959872|
2959873|
2959874|
2959875|
2959876|
2959877|
2959878|
2959879|
2959904|
2959905|
2959906|
2959907|
2959908|
2959909|
2959910|
2959911|
2959936|
2959937|
2959938|
2959939|
2959940|
2959941|
2959942|
2959943|
2959968|
2959969|
2959970|
2959971|
2959972|
2959973|
2959974|
2959975|
2960000|
2960001|
2960002|
2960003|
2960004|
2960005|
2960006|
2960007|
2960032|
2960033|
2960034|
2960035|
2960036|
2960037|
2960038|
2960039|
2960064|
2960065|
2960066|
2960067|
2960068|
2960069|
2960070|
2960071|
2960096|
2960097|
2960098|
2960099|
2960100|
2960101|
2960102|
2960103|
2960128|
2960129|
2960130|
2960131|
2960132|
2960133|
2960134|
2960135|
2960160|
2960161|
2960162|
2960163|
2960164|
2960165|
2960166|
2960167|
2960192|
2960193|
2960194|
2960195|
2960196|
2960197|
2960198|
2960199|
2960224|
2960225|
2960226|
2960227|
2960228|
2960229|
2960230|
2960231|
2960256|
2960257|
2960258|
2960259|
2960260|
2960261|
2960262|
2960263|
2960288|
2960289|
2960290|
2960291|
2960292|
2960293|
2960294|
2960295|
2960320|
2960321|
2960322|
2960323|
2960324|
2960325|
2960326|
2960327|
2960352|
2960353|
2960354|
2960355|
2960356|
2960357|
2960358|
2960359|
2960384|
2960385|
2960386|
2960387|
2960388|
2960389|
2960390|
2960391|
2960416|
2960417|
2960418|
2960419|
2960420|
2960421|
2960422|
2960423|
2960448|
2960449|
2960450|
2960451|
2960452|
2960453|
2960454|
2960455|
2960480|
2960481|
2960482|
2960483|
2960484|
2960485|
2960486|
2960487|
2960512|
2960513|
2960514|
2960515|
2960516|
2960517|
2960518|
2960519|
2960544|
2960545|
2960546|
2960547|
2960548|
2960549|
2960550|
2960551|
2960576|
2960577|
2960578|
2960579|
2960580|
2960581|
2960582|
2960583|
2960608|
2960609|
2960610|
2960611|
2960612|
2960613|
2960614|
2960615|
2960640|
2960641|
2960642|
2960643|
2960644|
2960645|
2960646|
2960647|
2960672|
2960673|
2960674|
2960675|
2960676|
2960677|
2960678|
2960679|
2960704|
2960705|
2960706|
2960707|
2960708|
2960709|
2960710|
2960711|
2960736|
2960737|
2960738|
2960739|
2960740|
2960741|
2960742|
2960743|
2960768|
2960769|
2960770|
2960771|
2960772|
2960773|
2960774|
2960775|
2960800|
2960801|
2960802|
2960803|
2960804|
2960805|
2960806|
2960807|
2960832|
2960833|
2960834|
2960835|
2960836|
2960837|
2960838|
2960839|
2960864|
2960865|
2960866|
2960867|
2960868|
2960869|
2960870|
2960871|
2960896|
2960897|
2960898|
2960899|
2960900|
2960901|
2960902|
2960903|
2960928|
2960929|
2960930|
2960931|
2960932|
2960933|
2960934|
2960935|
2960960|
2960961|
2960962|
2960963|
2960964|
2960965|
2960966|
2960967|
2960992|
2960993|
2960994|
2960995|
2960996|
2960997|
2960998|
2960999|
2961024|
2961025|
2961026|
2961027|
2961028|
2961029|
2961030|
2961031|
2961056|
2961057|
2961058|
2961059|
2961060|
2961061|
2961062|
2961063|
2961088|
2961089|
2961090|
2961091|
2961092|
2961093|
2961094|
2961095|
2961120|
2961121|
2961122|
2961123|
2961124|
2961125|
2961126|
2961127|
2961152|
2961153|
2961154|
2961155|
2961156|
2961157|
2961158|
2961159|
2961184|
2961185|
2961186|
2961187|
2961188|
2961189|
2961190|
2961191|
2961216|
2961217|
2961218|
2961219|
2961220|
2961221|
2961222|
2961223|
2961248|
2961249|
2961250|
2961251|
2961252|
2961253|
2961254|
2961255|
2961280|
2961281|
2961282|
2961283|
2961284|
2961285|
2961286|
2961287|
2961312|
2961313|
2961314|
2961315|
2961316|
2961317|
2961318|
2961319|
2961344|
2961345|
2961346|
2961347|
2961348|
2961349|
2961350|
2961351|
2961376|
2961377|
2961378|
2961379|
2961380|
2961381|
2961382|
2961383|
2961408|
2961409|
2961410|
2961411|
2961412|
2961413|
2961414|
2961415|
2961440|
2961441|
2961442|
2961443|
2961444|
2961445|
2961446|
2961447|
2961472|
2961473|
2961474|
2961475|
2961476|
2961477|
2961478|
2961479|
2961504|
2961505|
2961506|
2961507|
2961508|
2961509|
2961510|
2961511|
2961536|
2961537|
2961538|
2961539|
2961540|
2961541|
2961542|
2961543|
2961568|
2961569|
2961570|
2961571|
2961572|
2961573|
2961574|
2961575|
2961600|
2961601|
2961602|
2961603|
2961604|
2961605|
2961606|
2961607|
2961632|
2961633|
2961634|
2961635|
2961636|
2961637|
2961638|
2961639|
2961664|
2961665|
2961666|
2961667|
2961668|
2961669|
2961670|
2961671|
2961696|
2961697|
2961698|
2961699|
2961700|
2961701|
2961702|
2961703|
2961728|
2961729|
2961730|
2961731|
2961732|
2961733|
2961734|
2961735|
2961760|
2961761|
2961762|
2961763|
2961764|
2961765|
2961766|
2961767|
2961792|
2961793|
2961794|
2961795|
2961796|
2961797|
2961798|
2961799|
2961824|
2961825|
2961826|
2961827|
2961828|
2961829|
2961830|
2961831|
2961856|
2961857|
2961858|
2961859|
2961860|
2961861|
2961862|
2961863|
2961888|
2961889|
2961890|
2961891|
2961892|
2961893|
2961894|
2961895|
2961920|
2961921|
2961922|
2961923|
2961924|
2961925|
2961926|
2961927|
2961952|
2961953|
2961954|
2961955|
2961956|
2961957|
2961958|
2961959|
2961984|
2961985|
2961986|
2961987|
2961988|
2961989|
2961990|
2961991|
2962016|
2962017|
2962018|
2962019|
2962020|
2962021|
2962022|
2962023|
2962048|
2962049|
2962050|
2962051|
2962052|
2962053|
2962054|
2962055|
2962080|
2962081|
2962082|
2962083|
2962084|
2962085|
2962086|
2962087|
2962112|
2962113|
2962114|
2962115|
2962116|
2962117|
2962118|
2962119|
2962144|
2962145|
2962146|
2962147|
2962148|
2962149|
2962150|
2962151|
2962176|
2962177|
2962178|
2962179|
2962180|
2962181|
2962182|
2962183|
2962208|
2962209|
2962210|
2962211|
2962212|
2962213|
2962214|
2962215|
2962240|
2962241|
2962242|
2962243|
2962244|
2962245|
2962246|
2962247|
2962272|
2962273|
2962274|
2962275|
2962276|
2962277|
2962278|
2962279|
2962304|
2962305|
2962306|
2962307|
2962308|
2962309|
2962310|
2962311|
2962336|
2962337|
2962338|
2962339|
2962340|
2962341|
2962342|
2962343|
2962368|
2962369|
2962370|
2962371|
2962372|
2962373|
2962374|
2962375|
2962400|
2962401|
2962402|
2962403|
2962404|
2962405|
2962406|
2962407|
2962432|
2962433|
2962434|
2962435|
2962436|
2962437|
2962438|
2962439|
2962464|
2962465|
2962466|
2962467|
2962468|
2962469|
2962470|
2962471|
2962496|
2962497|
2962498|
2962499|
2962500|
2962501|
2962502|
2962503|
2962528|
2962529|
2962530|
2962531|
2962532|
2962533|
2962534|
2962535|
2962560|
2962561|
2962562|
2962563|
2962564|
2962565|
2962566|
2962567|
2962592|
2962593|
2962594|
2962595|
2962596|
2962597|
2962598|
2962599|
2962624|
2962625|
2962626|
2962627|
2962628|
2962629|
2962630|
2962631|
2962656|
2962657|
2962658|
2962659|
2962660|
2962661|
2962662|
2962663|
2962688|
2962689|
2962690|
2962691|
2962692|
2962693|
2962694|
2962695|
2962720|
2962721|
2962722|
2962723|
2962724|
2962725|
2962726|
2962727|
2962752|
2962753|
2962754|
2962755|
2962756|
2962757|
2962758|
2962759|
2962784|
2962785|
2962786|
2962787|
2962788|
2962789|
2962790|
2962791|
2962816|
2962817|
2962818|
2962819|
2962820|
2962821|
2962822|
2962823|
2962848|
2962849|
2962850|
2962851|
2962852|
2962853|
2962854|
2962855|
2962880|
2962881|
2962882|
2962883|
2962884|
2962885|
2962886|
2962887|
2962912|
2962913|
2962914|
2962915|
2962916|
2962917|
2962918|
2962919|
2962944|
2962945|
2962946|
2962947|
2962948|
2962949|
2962950|
2962951|
2962976|
2962977|
2962978|
2962979|
2962980|
2962981|
2962982|
2962983|
2963008|
2963009|
2963010|
2963011|
2963012|
2963013|
2963014|
2963015|
2963040|
2963041|
2963042|
2963043|
2963044|
2963045|
2963046|
2963047|
2963072|
2963073|
2963074|
2963075|
2963076|
2963077|
2963078|
2963079|
2963104|
2963105|
2963106|
2963107|
2963108|
2963109|
2963110|
2963111|
2963136|
2963137|
2963138|
2963139|
2963140|
2963141|
2963142|
2963143|
2963168|
2963169|
2963170|
2963171|
2963172|
2963173|
2963174|
2963175|
2963200|
2963201|
2963202|
2963203|
2963204|
2963205|
2963206|
2963207|
2963232|
2963233|
2963234|
2963235|
2963236|
2963237|
2963238|
2963239|
2963264|
2963265|
2963266|
2963267|
2963268|
2963269|
2963270|
2963271|
2963296|
2963297|
2963298|
2963299|
2963300|
2963301|
2963302|
2963303|
2963328|
2963329|
2963330|
2963331|
2963332|
2963333|
2963334|
2963335|
2963360|
2963361|
2963362|
2963363|
2963364|
2963365|
2963366|
2963367|
2963392|
2963393|
2963394|
2963395|
2963396|
2963397|
2963398|
2963399|
2963424|
2963425|
2963426|
2963427|
2963428|
2963429|
2963430|
2963431|
2963456|
2963457|
2963458|
2963459|
2963460|
2963461|
2963462|
2963463|
2963488|
2963489|
2963490|
2963491|
2963492|
2963493|
2963494|
2963495|
2963520|
2963521|
2963522|
2963523|
2963524|
2963525|
2963526|
2963527|
2963552|
2963553|
2963554|
2963555|
2963556|
2963557|
2963558|
2963559|
2963584|
2963585|
2963586|
2963587|
2963588|
2963589|
2963590|
2963591|
2963616|
2963617|
2963618|
2963619|
2963620|
2963621|
2963622|
2963623|
2963648|
2963649|
2963650|
2963651|
2963652|
2963653|
2963654|
2963655|
2963680|
2963681|
2963682|
2963683|
2963684|
2963685|
2963686|
2963687|
2963712|
2963713|
2963714|
2963715|
2963716|
2963717|
2963718|
2963719|
2963744|
2963745|
2963746|
2963747|
2963748|
2963749|
2963750|
2963751|
2963776|
2963777|
2963778|
2963779|
2963780|
2963781|
2963782|
2963783|
2963808|
2963809|
2963810|
2963811|
2963812|
2963813|
2963814|
2963815|
2963840|
2963841|
2963842|
2963843|
2963844|
2963845|
2963846|
2963847|
2963872|
2963873|
2963874|
2963875|
2963876|
2963877|
2963878|
2963879|
2963904|
2963905|
2963906|
2963907|
2963908|
2963909|
2963910|
2963911|
2963936|
2963937|
2963938|
2963939|
2963940|
2963941|
2963942|
2963943|
2963968|
2963969|
2963970|
2963971|
2963972|
2963973|
2963974|
2963975|
2964000|
