1505989|
1505990|
1505991|
1506016|
1506017|
1506018|
1506019|
1506020|
1506021|
1506022|
1506023|
1506048|
1506049|
1506050|
1506051|
1506052|
1506053|
1506054|
1506055|
1506080|
1506081|
1506082|
1506083|
1506084|
1506085|
1506086|
1506087|
1506112|
1506113|
1506114|
1506115|
1506116|
1506117|
1506118|
1506119|
1506144|
1506145|
1506146|
1506147|
1506148|
1506149|
1506150|
1506151|
1506176|
1506177|
1506178|
1506179|
1506180|
1506181|
1506182|
1506183|
1506208|
1506209|
1506210|
1506211|
1506212|
1506213|
1506214|
1506215|
1506240|
1506241|
1506242|
1506243|
1506244|
1506245|
1506246|
1506247|
1506272|
1506273|
1506274|
1506275|
1506276|
1506277|
1506278|
1506279|
1506304|
1506305|
1506306|
1506307|
1506308|
1506309|
1506310|
1506311|
1506336|
1506337|
1506338|
1506339|
1506340|
1506341|
1506342|
1506343|
1506368|
1506369|
1506370|
1506371|
1506372|
1506373|
1506374|
1506375|
1506400|
1506401|
1506402|
1506403|
1506404|
1506405|
1506406|
1506407|
1506432|
1506433|
1506434|
1506435|
1506436|
1506437|
1506438|
1506439|
1506464|
1506465|
1506466|
1506467|
1506468|
1506469|
1506470|
1506471|
1506496|
1506497|
1506498|
1506499|
1506500|
1506501|
1506502|
1506503|
1506528|
1506529|
1506530|
1506531|
1506532|
1506533|
1506534|
1506535|
1506560|
1506561|
1506562|
1506563|
1506564|
1506565|
1506566|
1506567|
1506592|
1506593|
1506594|
1506595|
1506596|
1506597|
1506598|
1506599|
1506624|
1506625|
1506626|
1506627|
1506628|
1506629|
1506630|
1506631|
1506656|
1506657|
1506658|
1506659|
1506660|
1506661|
1506662|
1506663|
1506688|
1506689|
1506690|
1506691|
1506692|
1506693|
1506694|
1506695|
1506720|
1506721|
1506722|
1506723|
1506724|
1506725|
1506726|
1506727|
1506752|
1506753|
1506754|
1506755|
1506756|
1506757|
1506758|
1506759|
1506784|
1506785|
1506786|
1506787|
1506788|
1506789|
1506790|
1506791|
1506816|
1506817|
1506818|
1506819|
1506820|
1506821|
1506822|
1506823|
1506848|
1506849|
1506850|
1506851|
1506852|
1506853|
1506854|
1506855|
1506880|
1506881|
1506882|
1506883|
1506884|
1506885|
1506886|
1506887|
1506912|
1506913|
1506914|
1506915|
1506916|
1506917|
1506918|
1506919|
1506944|
1506945|
1506946|
1506947|
1506948|
1506949|
1506950|
1506951|
1506976|
1506977|
1506978|
1506979|
1506980|
1506981|
1506982|
1506983|
1507008|
1507009|
1507010|
1507011|
1507012|
1507013|
1507014|
1507015|
1507040|
1507041|
1507042|
1507043|
1507044|
1507045|
1507046|
1507047|
1507072|
1507073|
1507074|
1507075|
1507076|
1507077|
1507078|
1507079|
1507104|
1507105|
1507106|
1507107|
1507108|
1507109|
1507110|
1507111|
1507136|
1507137|
1507138|
1507139|
1507140|
1507141|
1507142|
1507143|
1507168|
1507169|
1507170|
1507171|
1507172|
1507173|
1507174|
1507175|
1507200|
1507201|
1507202|
1507203|
1507204|
1507205|
1507206|
1507207|
1507232|
1507233|
1507234|
1507235|
1507236|
1507237|
1507238|
1507239|
1507264|
1507265|
1507266|
1507267|
1507268|
1507269|
1507270|
1507271|
1507296|
1507297|
1507298|
1507299|
1507300|
1507301|
1507302|
1507303|
1507328|
1507329|
1507330|
1507331|
1507332|
1507333|
1507334|
1507335|
1507360|
1507361|
1507362|
1507363|
1507364|
1507365|
1507366|
1507367|
1507392|
1507393|
1507394|
1507395|
1507396|
1507397|
1507398|
1507399|
1507424|
1507425|
1507426|
1507427|
1507428|
1507429|
1507430|
1507431|
1507456|
1507457|
1507458|
1507459|
1507460|
1507461|
1507462|
1507463|
1507488|
1507489|
1507490|
1507491|
1507492|
1507493|
1507494|
1507495|
1507520|
1507521|
1507522|
1507523|
1507524|
1507525|
1507526|
1507527|
1507552|
1507553|
1507554|
1507555|
1507556|
1507557|
1507558|
1507559|
1507584|
1507585|
1507586|
1507587|
1507588|
1507589|
1507590|
1507591|
1507616|
1507617|
1507618|
1507619|
1507620|
1507621|
1507622|
1507623|
1507648|
1507649|
1507650|
1507651|
1507652|
1507653|
1507654|
1507655|
1507680|
1507681|
1507682|
1507683|
1507684|
1507685|
1507686|
1507687|
1507712|
1507713|
1507714|
1507715|
1507716|
1507717|
1507718|
1507719|
1507744|
1507745|
1507746|
1507747|
1507748|
1507749|
1507750|
1507751|
1507776|
1507777|
1507778|
1507779|
1507780|
1507781|
1507782|
1507783|
1507808|
1507809|
1507810|
1507811|
1507812|
1507813|
1507814|
1507815|
1507840|
1507841|
1507842|
1507843|
1507844|
1507845|
1507846|
1507847|
1507872|
1507873|
1507874|
1507875|
1507876|
1507877|
1507878|
1507879|
1507904|
1507905|
1507906|
1507907|
1507908|
1507909|
1507910|
1507911|
1507936|
1507937|
1507938|
1507939|
1507940|
1507941|
1507942|
1507943|
1507968|
1507969|
1507970|
1507971|
1507972|
1507973|
1507974|
1507975|
1508000|
1508001|
1508002|
1508003|
1508004|
1508005|
1508006|
1508007|
1508032|
1508033|
1508034|
1508035|
1508036|
1508037|
1508038|
1508039|
1508064|
1508065|
1508066|
1508067|
1508068|
1508069|
1508070|
1508071|
1508096|
1508097|
1508098|
1508099|
1508100|
1508101|
1508102|
1508103|
1508128|
1508129|
1508130|
1508131|
1508132|
1508133|
1508134|
1508135|
1508160|
1508161|
1508162|
1508163|
1508164|
1508165|
1508166|
1508167|
1508192|
1508193|
1508194|
1508195|
1508196|
1508197|
1508198|
1508199|
1508224|
1508225|
1508226|
1508227|
1508228|
1508229|
1508230|
1508231|
1508256|
1508257|
1508258|
1508259|
1508260|
1508261|
1508262|
1508263|
1508288|
1508289|
1508290|
1508291|
1508292|
1508293|
1508294|
1508295|
1508320|
1508321|
1508322|
1508323|
1508324|
1508325|
1508326|
1508327|
1508352|
1508353|
1508354|
1508355|
1508356|
1508357|
1508358|
1508359|
1508384|
1508385|
1508386|
1508387|
1508388|
1508389|
1508390|
1508391|
1508416|
1508417|
1508418|
1508419|
1508420|
1508421|
1508422|
1508423|
1508448|
1508449|
1508450|
1508451|
1508452|
1508453|
1508454|
1508455|
1508480|
1508481|
1508482|
1508483|
1508484|
1508485|
1508486|
1508487|
1508512|
1508513|
1508514|
1508515|
1508516|
1508517|
1508518|
1508519|
1508544|
1508545|
1508546|
1508547|
1508548|
1508549|
1508550|
1508551|
1508576|
1508577|
1508578|
1508579|
1508580|
1508581|
1508582|
1508583|
1508608|
1508609|
1508610|
1508611|
1508612|
1508613|
1508614|
1508615|
1508640|
1508641|
1508642|
1508643|
1508644|
1508645|
1508646|
1508647|
1508672|
1508673|
1508674|
1508675|
1508676|
1508677|
1508678|
1508679|
1508704|
1508705|
1508706|
1508707|
1508708|
1508709|
1508710|
1508711|
1508736|
1508737|
1508738|
1508739|
1508740|
1508741|
1508742|
1508743|
1508768|
1508769|
1508770|
1508771|
1508772|
1508773|
1508774|
1508775|
1508800|
1508801|
1508802|
1508803|
1508804|
1508805|
1508806|
1508807|
1508832|
1508833|
1508834|
1508835|
1508836|
1508837|
1508838|
1508839|
1508864|
1508865|
1508866|
1508867|
1508868|
1508869|
1508870|
1508871|
1508896|
1508897|
1508898|
1508899|
1508900|
1508901|
1508902|
1508903|
1508928|
1508929|
1508930|
1508931|
1508932|
1508933|
1508934|
1508935|
1508960|
1508961|
1508962|
1508963|
1508964|
1508965|
1508966|
1508967|
1508992|
1508993|
1508994|
1508995|
1508996|
1508997|
1508998|
1508999|
1509024|
1509025|
1509026|
1509027|
1509028|
1509029|
1509030|
1509031|
1509056|
1509057|
1509058|
1509059|
1509060|
1509061|
1509062|
1509063|
1509088|
1509089|
1509090|
1509091|
1509092|
1509093|
1509094|
1509095|
1509120|
1509121|
1509122|
1509123|
1509124|
1509125|
1509126|
1509127|
1509152|
1509153|
1509154|
1509155|
1509156|
1509157|
1509158|
1509159|
1509184|
1509185|
1509186|
1509187|
1509188|
1509189|
1509190|
1509191|
1509216|
1509217|
1509218|
1509219|
1509220|
1509221|
1509222|
1509223|
1509248|
1509249|
1509250|
1509251|
1509252|
1509253|
1509254|
1509255|
1509280|
1509281|
1509282|
1509283|
1509284|
1509285|
1509286|
1509287|
1509312|
1509313|
1509314|
1509315|
1509316|
1509317|
1509318|
1509319|
1509344|
1509345|
1509346|
1509347|
1509348|
1509349|
1509350|
1509351|
1509376|
1509377|
1509378|
1509379|
1509380|
1509381|
1509382|
1509383|
1509408|
1509409|
1509410|
1509411|
1509412|
1509413|
1509414|
1509415|
1509440|
1509441|
1509442|
1509443|
1509444|
1509445|
1509446|
1509447|
1509472|
1509473|
1509474|
1509475|
1509476|
1509477|
1509478|
1509479|
1509504|
1509505|
1509506|
1509507|
1509508|
1509509|
1509510|
1509511|
1509536|
1509537|
1509538|
1509539|
1509540|
1509541|
1509542|
1509543|
1509568|
1509569|
1509570|
1509571|
1509572|
1509573|
1509574|
1509575|
1509600|
1509601|
1509602|
1509603|
1509604|
1509605|
1509606|
1509607|
1509632|
1509633|
1509634|
1509635|
1509636|
1509637|
1509638|
1509639|
1509664|
1509665|
1509666|
1509667|
1509668|
1509669|
1509670|
1509671|
1509696|
1509697|
1509698|
1509699|
1509700|
1509701|
1509702|
1509703|
1509728|
1509729|
1509730|
1509731|
1509732|
1509733|
1509734|
1509735|
1509760|
1509761|
1509762|
1509763|
1509764|
1509765|
1509766|
1509767|
1509792|
1509793|
1509794|
1509795|
1509796|
1509797|
1509798|
1509799|
1509824|
1509825|
1509826|
1509827|
1509828|
1509829|
1509830|
1509831|
1509856|
1509857|
1509858|
1509859|
1509860|
1509861|
1509862|
1509863|
1509888|
1509889|
1509890|
1509891|
1509892|
1509893|
1509894|
1509895|
1509920|
1509921|
1509922|
1509923|
1509924|
1509925|
1509926|
1509927|
1509952|
1509953|
1509954|
1509955|
1509956|
1509957|
1509958|
1509959|
1509984|
1509985|
1509986|
1509987|
1509988|
1509989|
1509990|
1509991|
1510016|
1510017|
1510018|
1510019|
1510020|
1510021|
1510022|
1510023|
1510048|
1510049|
1510050|
1510051|
1510052|
1510053|
1510054|
1510055|
1510080|
1510081|
1510082|
1510083|
1510084|
1510085|
1510086|
1510087|
1510112|
1510113|
1510114|
1510115|
1510116|
1510117|
1510118|
1510119|
1510144|
1510145|
1510146|
1510147|
1510148|
1510149|
1510150|
1510151|
1510176|
1510177|
1510178|
1510179|
1510180|
1510181|
1510182|
1510183|
1510208|
1510209|
1510210|
1510211|
1510212|
1510213|
1510214|
1510215|
1510240|
1510241|
1510242|
1510243|
1510244|
1510245|
1510246|
1510247|
1510272|
1510273|
1510274|
1510275|
1510276|
1510277|
1510278|
1510279|
1510304|
1510305|
1510306|
1510307|
1510308|
1510309|
1510310|
1510311|
1510336|
1510337|
1510338|
1510339|
1510340|
1510341|
1510342|
1510343|
1510368|
1510369|
1510370|
1510371|
1510372|
1510373|
1510374|
1510375|
1510400|
1510401|
1510402|
1510403|
1510404|
1510405|
1510406|
1510407|
1510432|
1510433|
1510434|
1510435|
1510436|
1510437|
1510438|
1510439|
1510464|
1510465|
1510466|
1510467|
1510468|
1510469|
1510470|
1510471|
1510496|
1510497|
1510498|
1510499|
1510500|
1510501|
1510502|
1510503|
1510528|
1510529|
1510530|
1510531|
1510532|
1510533|
1510534|
1510535|
1510560|
1510561|
1510562|
1510563|
1510564|
1510565|
1510566|
1510567|
1510592|
1510593|
1510594|
1510595|
1510596|
1510597|
1510598|
1510599|
1510624|
1510625|
1510626|
1510627|
1510628|
1510629|
1510630|
1510631|
1510656|
1510657|
1510658|
1510659|
1510660|
1510661|
1510662|
1510663|
1510688|
1510689|
1510690|
1510691|
1510692|
1510693|
1510694|
1510695|
1510720|
1510721|
1510722|
1510723|
1510724|
1510725|
1510726|
1510727|
1510752|
1510753|
1510754|
1510755|
1510756|
1510757|
1510758|
1510759|
1510784|
1510785|
1510786|
1510787|
1510788|
1510789|
1510790|
1510791|
1510816|
1510817|
1510818|
1510819|
1510820|
1510821|
1510822|
1510823|
1510848|
1510849|
1510850|
1510851|
1510852|
1510853|
1510854|
1510855|
1510880|
1510881|
1510882|
1510883|
1510884|
1510885|
1510886|
1510887|
1510912|
1510913|
1510914|
1510915|
1510916|
1510917|
1510918|
1510919|
1510944|
1510945|
1510946|
1510947|
1510948|
1510949|
1510950|
1510951|
1510976|
1510977|
1510978|
1510979|
1510980|
1510981|
1510982|
1510983|
1511008|
1511009|
1511010|
1511011|
1511012|
1511013|
1511014|
1511015|
1511040|
1511041|
1511042|
1511043|
1511044|
1511045|
1511046|
1511047|
1511072|
1511073|
1511074|
1511075|
1511076|
1511077|
1511078|
1511079|
1511104|
1511105|
1511106|
1511107|
1511108|
1511109|
1511110|
1511111|
1511136|
1511137|
1511138|
1511139|
1511140|
1511141|
1511142|
1511143|
1511168|
1511169|
1511170|
1511171|
1511172|
1511173|
1511174|
1511175|
1511200|
1511201|
1511202|
1511203|
1511204|
1511205|
1511206|
1511207|
1511232|
1511233|
1511234|
1511235|
1511236|
1511237|
1511238|
1511239|
1511264|
1511265|
1511266|
1511267|
1511268|
1511269|
1511270|
1511271|
1511296|
1511297|
1511298|
1511299|
1511300|
1511301|
1511302|
1511303|
1511328|
1511329|
1511330|
1511331|
1511332|
1511333|
1511334|
1511335|
1511360|
1511361|
1511362|
1511363|
1511364|
1511365|
1511366|
1511367|
1511392|
1511393|
1511394|
1511395|
1511396|
1511397|
1511398|
1511399|
1511424|
1511425|
1511426|
1511427|
1511428|
1511429|
1511430|
1511431|
1511456|
1511457|
1511458|
1511459|
1511460|
1511461|
1511462|
1511463|
1511488|
1511489|
1511490|
1511491|
1511492|
1511493|
1511494|
1511495|
1511520|
1511521|
1511522|
1511523|
1511524|
1511525|
1511526|
1511527|
1511552|
1511553|
1511554|
1511555|
1511556|
1511557|
1511558|
1511559|
1511584|
1511585|
1511586|
1511587|
1511588|
1511589|
1511590|
1511591|
1511616|
1511617|
1511618|
1511619|
1511620|
1511621|
1511622|
1511623|
1511648|
1511649|
1511650|
1511651|
1511652|
1511653|
1511654|
1511655|
1511680|
1511681|
1511682|
1511683|
1511684|
1511685|
1511686|
1511687|
1511712|
1511713|
1511714|
1511715|
1511716|
1511717|
1511718|
1511719|
1511744|
1511745|
1511746|
1511747|
1511748|
1511749|
1511750|
1511751|
1511776|
1511777|
1511778|
1511779|
1511780|
1511781|
1511782|
1511783|
1511808|
1511809|
1511810|
1511811|
1511812|
1511813|
1511814|
1511815|
1511840|
1511841|
1511842|
1511843|
1511844|
1511845|
1511846|
1511847|
1511872|
1511873|
1511874|
1511875|
1511876|
1511877|
1511878|
1511879|
1511904|
1511905|
1511906|
1511907|
1511908|
1511909|
1511910|
1511911|
1511936|
1511937|
1511938|
1511939|
1511940|
1511941|
1511942|
1511943|
1511968|
1511969|
1511970|
1511971|
1511972|
1511973|
1511974|
1511975|
1512000|
