2753989|
2753990|
2753991|
2754016|
2754017|
2754018|
2754019|
2754020|
2754021|
2754022|
2754023|
2754048|
2754049|
2754050|
2754051|
2754052|
2754053|
2754054|
2754055|
2754080|
2754081|
2754082|
2754083|
2754084|
2754085|
2754086|
2754087|
2754112|
2754113|
2754114|
2754115|
2754116|
2754117|
2754118|
2754119|
2754144|
2754145|
2754146|
2754147|
2754148|
2754149|
2754150|
2754151|
2754176|
2754177|
2754178|
2754179|
2754180|
2754181|
2754182|
2754183|
2754208|
2754209|
2754210|
2754211|
2754212|
2754213|
2754214|
2754215|
2754240|
2754241|
2754242|
2754243|
2754244|
2754245|
2754246|
2754247|
2754272|
2754273|
2754274|
2754275|
2754276|
2754277|
2754278|
2754279|
2754304|
2754305|
2754306|
2754307|
2754308|
2754309|
2754310|
2754311|
2754336|
2754337|
2754338|
2754339|
2754340|
2754341|
2754342|
2754343|
2754368|
2754369|
2754370|
2754371|
2754372|
2754373|
2754374|
2754375|
2754400|
2754401|
2754402|
2754403|
2754404|
2754405|
2754406|
2754407|
2754432|
2754433|
2754434|
2754435|
2754436|
2754437|
2754438|
2754439|
2754464|
2754465|
2754466|
2754467|
2754468|
2754469|
2754470|
2754471|
2754496|
2754497|
2754498|
2754499|
2754500|
2754501|
2754502|
2754503|
2754528|
2754529|
2754530|
2754531|
2754532|
2754533|
2754534|
2754535|
2754560|
2754561|
2754562|
2754563|
2754564|
2754565|
2754566|
2754567|
2754592|
2754593|
2754594|
2754595|
2754596|
2754597|
2754598|
2754599|
2754624|
2754625|
2754626|
2754627|
2754628|
2754629|
2754630|
2754631|
2754656|
2754657|
2754658|
2754659|
2754660|
2754661|
2754662|
2754663|
2754688|
2754689|
2754690|
2754691|
2754692|
2754693|
2754694|
2754695|
2754720|
2754721|
2754722|
2754723|
2754724|
2754725|
2754726|
2754727|
2754752|
2754753|
2754754|
2754755|
2754756|
2754757|
2754758|
2754759|
2754784|
2754785|
2754786|
2754787|
2754788|
2754789|
2754790|
2754791|
2754816|
2754817|
2754818|
2754819|
2754820|
2754821|
2754822|
2754823|
2754848|
2754849|
2754850|
2754851|
2754852|
2754853|
2754854|
2754855|
2754880|
2754881|
2754882|
2754883|
2754884|
2754885|
2754886|
2754887|
2754912|
2754913|
2754914|
2754915|
2754916|
2754917|
2754918|
2754919|
2754944|
2754945|
2754946|
2754947|
2754948|
2754949|
2754950|
2754951|
2754976|
2754977|
2754978|
2754979|
2754980|
2754981|
2754982|
2754983|
2755008|
2755009|
2755010|
2755011|
2755012|
2755013|
2755014|
2755015|
2755040|
2755041|
2755042|
2755043|
2755044|
2755045|
2755046|
2755047|
2755072|
2755073|
2755074|
2755075|
2755076|
2755077|
2755078|
2755079|
2755104|
2755105|
2755106|
2755107|
2755108|
2755109|
2755110|
2755111|
2755136|
2755137|
2755138|
2755139|
2755140|
2755141|
2755142|
2755143|
2755168|
2755169|
2755170|
2755171|
2755172|
2755173|
2755174|
2755175|
2755200|
2755201|
2755202|
2755203|
2755204|
2755205|
2755206|
2755207|
2755232|
2755233|
2755234|
2755235|
2755236|
2755237|
2755238|
2755239|
2755264|
2755265|
2755266|
2755267|
2755268|
2755269|
2755270|
2755271|
2755296|
2755297|
2755298|
2755299|
2755300|
2755301|
2755302|
2755303|
2755328|
2755329|
2755330|
2755331|
2755332|
2755333|
2755334|
2755335|
2755360|
2755361|
2755362|
2755363|
2755364|
2755365|
2755366|
2755367|
2755392|
2755393|
2755394|
2755395|
2755396|
2755397|
2755398|
2755399|
2755424|
2755425|
2755426|
2755427|
2755428|
2755429|
2755430|
2755431|
2755456|
2755457|
2755458|
2755459|
2755460|
2755461|
2755462|
2755463|
2755488|
2755489|
2755490|
2755491|
2755492|
2755493|
2755494|
2755495|
2755520|
2755521|
2755522|
2755523|
2755524|
2755525|
2755526|
2755527|
2755552|
2755553|
2755554|
2755555|
2755556|
2755557|
2755558|
2755559|
2755584|
2755585|
2755586|
2755587|
2755588|
2755589|
2755590|
2755591|
2755616|
2755617|
2755618|
2755619|
2755620|
2755621|
2755622|
2755623|
2755648|
2755649|
2755650|
2755651|
2755652|
2755653|
2755654|
2755655|
2755680|
2755681|
2755682|
2755683|
2755684|
2755685|
2755686|
2755687|
2755712|
2755713|
2755714|
2755715|
2755716|
2755717|
2755718|
2755719|
2755744|
2755745|
2755746|
2755747|
2755748|
2755749|
2755750|
2755751|
2755776|
2755777|
2755778|
2755779|
2755780|
2755781|
2755782|
2755783|
2755808|
2755809|
2755810|
2755811|
2755812|
2755813|
2755814|
2755815|
2755840|
2755841|
2755842|
2755843|
2755844|
2755845|
2755846|
2755847|
2755872|
2755873|
2755874|
2755875|
2755876|
2755877|
2755878|
2755879|
2755904|
2755905|
2755906|
2755907|
2755908|
2755909|
2755910|
2755911|
2755936|
2755937|
2755938|
2755939|
2755940|
2755941|
2755942|
2755943|
2755968|
2755969|
2755970|
2755971|
2755972|
2755973|
2755974|
2755975|
2756000|
2756001|
2756002|
2756003|
2756004|
2756005|
2756006|
2756007|
2756032|
2756033|
2756034|
2756035|
2756036|
2756037|
2756038|
2756039|
2756064|
2756065|
2756066|
2756067|
2756068|
2756069|
2756070|
2756071|
2756096|
2756097|
2756098|
2756099|
2756100|
2756101|
2756102|
2756103|
2756128|
2756129|
2756130|
2756131|
2756132|
2756133|
2756134|
2756135|
2756160|
2756161|
2756162|
2756163|
2756164|
2756165|
2756166|
2756167|
2756192|
2756193|
2756194|
2756195|
2756196|
2756197|
2756198|
2756199|
2756224|
2756225|
2756226|
2756227|
2756228|
2756229|
2756230|
2756231|
2756256|
2756257|
2756258|
2756259|
2756260|
2756261|
2756262|
2756263|
2756288|
2756289|
2756290|
2756291|
2756292|
2756293|
2756294|
2756295|
2756320|
2756321|
2756322|
2756323|
2756324|
2756325|
2756326|
2756327|
2756352|
2756353|
2756354|
2756355|
2756356|
2756357|
2756358|
2756359|
2756384|
2756385|
2756386|
2756387|
2756388|
2756389|
2756390|
2756391|
2756416|
2756417|
2756418|
2756419|
2756420|
2756421|
2756422|
2756423|
2756448|
2756449|
2756450|
2756451|
2756452|
2756453|
2756454|
2756455|
2756480|
2756481|
2756482|
2756483|
2756484|
2756485|
2756486|
2756487|
2756512|
2756513|
2756514|
2756515|
2756516|
2756517|
2756518|
2756519|
2756544|
2756545|
2756546|
2756547|
2756548|
2756549|
2756550|
2756551|
2756576|
2756577|
2756578|
2756579|
2756580|
2756581|
2756582|
2756583|
2756608|
2756609|
2756610|
2756611|
2756612|
2756613|
2756614|
2756615|
2756640|
2756641|
2756642|
2756643|
2756644|
2756645|
2756646|
2756647|
2756672|
2756673|
2756674|
2756675|
2756676|
2756677|
2756678|
2756679|
2756704|
2756705|
2756706|
2756707|
2756708|
2756709|
2756710|
2756711|
2756736|
2756737|
2756738|
2756739|
2756740|
2756741|
2756742|
2756743|
2756768|
2756769|
2756770|
2756771|
2756772|
2756773|
2756774|
2756775|
2756800|
2756801|
2756802|
2756803|
2756804|
2756805|
2756806|
2756807|
2756832|
2756833|
2756834|
2756835|
2756836|
2756837|
2756838|
2756839|
2756864|
2756865|
2756866|
2756867|
2756868|
2756869|
2756870|
2756871|
2756896|
2756897|
2756898|
2756899|
2756900|
2756901|
2756902|
2756903|
2756928|
2756929|
2756930|
2756931|
2756932|
2756933|
2756934|
2756935|
2756960|
2756961|
2756962|
2756963|
2756964|
2756965|
2756966|
2756967|
2756992|
2756993|
2756994|
2756995|
2756996|
2756997|
2756998|
2756999|
2757024|
2757025|
2757026|
2757027|
2757028|
2757029|
2757030|
2757031|
2757056|
2757057|
2757058|
2757059|
2757060|
2757061|
2757062|
2757063|
2757088|
2757089|
2757090|
2757091|
2757092|
2757093|
2757094|
2757095|
2757120|
2757121|
2757122|
2757123|
2757124|
2757125|
2757126|
2757127|
2757152|
2757153|
2757154|
2757155|
2757156|
2757157|
2757158|
2757159|
2757184|
2757185|
2757186|
2757187|
2757188|
2757189|
2757190|
2757191|
2757216|
2757217|
2757218|
2757219|
2757220|
2757221|
2757222|
2757223|
2757248|
2757249|
2757250|
2757251|
2757252|
2757253|
2757254|
2757255|
2757280|
2757281|
2757282|
2757283|
2757284|
2757285|
2757286|
2757287|
2757312|
2757313|
2757314|
2757315|
2757316|
2757317|
2757318|
2757319|
2757344|
2757345|
2757346|
2757347|
2757348|
2757349|
2757350|
2757351|
2757376|
2757377|
2757378|
2757379|
2757380|
2757381|
2757382|
2757383|
2757408|
2757409|
2757410|
2757411|
2757412|
2757413|
2757414|
2757415|
2757440|
2757441|
2757442|
2757443|
2757444|
2757445|
2757446|
2757447|
2757472|
2757473|
2757474|
2757475|
2757476|
2757477|
2757478|
2757479|
2757504|
2757505|
2757506|
2757507|
2757508|
2757509|
2757510|
2757511|
2757536|
2757537|
2757538|
2757539|
2757540|
2757541|
2757542|
2757543|
2757568|
2757569|
2757570|
2757571|
2757572|
2757573|
2757574|
2757575|
2757600|
2757601|
2757602|
2757603|
2757604|
2757605|
2757606|
2757607|
2757632|
2757633|
2757634|
2757635|
2757636|
2757637|
2757638|
2757639|
2757664|
2757665|
2757666|
2757667|
2757668|
2757669|
2757670|
2757671|
2757696|
2757697|
2757698|
2757699|
2757700|
2757701|
2757702|
2757703|
2757728|
2757729|
2757730|
2757731|
2757732|
2757733|
2757734|
2757735|
2757760|
2757761|
2757762|
2757763|
2757764|
2757765|
2757766|
2757767|
2757792|
2757793|
2757794|
2757795|
2757796|
2757797|
2757798|
2757799|
2757824|
2757825|
2757826|
2757827|
2757828|
2757829|
2757830|
2757831|
2757856|
2757857|
2757858|
2757859|
2757860|
2757861|
2757862|
2757863|
2757888|
2757889|
2757890|
2757891|
2757892|
2757893|
2757894|
2757895|
2757920|
2757921|
2757922|
2757923|
2757924|
2757925|
2757926|
2757927|
2757952|
2757953|
2757954|
2757955|
2757956|
2757957|
2757958|
2757959|
2757984|
2757985|
2757986|
2757987|
2757988|
2757989|
2757990|
2757991|
2758016|
2758017|
2758018|
2758019|
2758020|
2758021|
2758022|
2758023|
2758048|
2758049|
2758050|
2758051|
2758052|
2758053|
2758054|
2758055|
2758080|
2758081|
2758082|
2758083|
2758084|
2758085|
2758086|
2758087|
2758112|
2758113|
2758114|
2758115|
2758116|
2758117|
2758118|
2758119|
2758144|
2758145|
2758146|
2758147|
2758148|
2758149|
2758150|
2758151|
2758176|
2758177|
2758178|
2758179|
2758180|
2758181|
2758182|
2758183|
2758208|
2758209|
2758210|
2758211|
2758212|
2758213|
2758214|
2758215|
2758240|
2758241|
2758242|
2758243|
2758244|
2758245|
2758246|
2758247|
2758272|
2758273|
2758274|
2758275|
2758276|
2758277|
2758278|
2758279|
2758304|
2758305|
2758306|
2758307|
2758308|
2758309|
2758310|
2758311|
2758336|
2758337|
2758338|
2758339|
2758340|
2758341|
2758342|
2758343|
2758368|
2758369|
2758370|
2758371|
2758372|
2758373|
2758374|
2758375|
2758400|
2758401|
2758402|
2758403|
2758404|
2758405|
2758406|
2758407|
2758432|
2758433|
2758434|
2758435|
2758436|
2758437|
2758438|
2758439|
2758464|
2758465|
2758466|
2758467|
2758468|
2758469|
2758470|
2758471|
2758496|
2758497|
2758498|
2758499|
2758500|
2758501|
2758502|
2758503|
2758528|
2758529|
2758530|
2758531|
2758532|
2758533|
2758534|
2758535|
2758560|
2758561|
2758562|
2758563|
2758564|
2758565|
2758566|
2758567|
2758592|
2758593|
2758594|
2758595|
2758596|
2758597|
2758598|
2758599|
2758624|
2758625|
2758626|
2758627|
2758628|
2758629|
2758630|
2758631|
2758656|
2758657|
2758658|
2758659|
2758660|
2758661|
2758662|
2758663|
2758688|
2758689|
2758690|
2758691|
2758692|
2758693|
2758694|
2758695|
2758720|
2758721|
2758722|
2758723|
2758724|
2758725|
2758726|
2758727|
2758752|
2758753|
2758754|
2758755|
2758756|
2758757|
2758758|
2758759|
2758784|
2758785|
2758786|
2758787|
2758788|
2758789|
2758790|
2758791|
2758816|
2758817|
2758818|
2758819|
2758820|
2758821|
2758822|
2758823|
2758848|
2758849|
2758850|
2758851|
2758852|
2758853|
2758854|
2758855|
2758880|
2758881|
2758882|
2758883|
2758884|
2758885|
2758886|
2758887|
2758912|
2758913|
2758914|
2758915|
2758916|
2758917|
2758918|
2758919|
2758944|
2758945|
2758946|
2758947|
2758948|
2758949|
2758950|
2758951|
2758976|
2758977|
2758978|
2758979|
2758980|
2758981|
2758982|
2758983|
2759008|
2759009|
2759010|
2759011|
2759012|
2759013|
2759014|
2759015|
2759040|
2759041|
2759042|
2759043|
2759044|
2759045|
2759046|
2759047|
2759072|
2759073|
2759074|
2759075|
2759076|
2759077|
2759078|
2759079|
2759104|
2759105|
2759106|
2759107|
2759108|
2759109|
2759110|
2759111|
2759136|
2759137|
2759138|
2759139|
2759140|
2759141|
2759142|
2759143|
2759168|
2759169|
2759170|
2759171|
2759172|
2759173|
2759174|
2759175|
2759200|
2759201|
2759202|
2759203|
2759204|
2759205|
2759206|
2759207|
2759232|
2759233|
2759234|
2759235|
2759236|
2759237|
2759238|
2759239|
2759264|
2759265|
2759266|
2759267|
2759268|
2759269|
2759270|
2759271|
2759296|
2759297|
2759298|
2759299|
2759300|
2759301|
2759302|
2759303|
2759328|
2759329|
2759330|
2759331|
2759332|
2759333|
2759334|
2759335|
2759360|
2759361|
2759362|
2759363|
2759364|
2759365|
2759366|
2759367|
2759392|
2759393|
2759394|
2759395|
2759396|
2759397|
2759398|
2759399|
2759424|
2759425|
2759426|
2759427|
2759428|
2759429|
2759430|
2759431|
2759456|
2759457|
2759458|
2759459|
2759460|
2759461|
2759462|
2759463|
2759488|
2759489|
2759490|
2759491|
2759492|
2759493|
2759494|
2759495|
2759520|
2759521|
2759522|
2759523|
2759524|
2759525|
2759526|
2759527|
2759552|
2759553|
2759554|
2759555|
2759556|
2759557|
2759558|
2759559|
2759584|
2759585|
2759586|
2759587|
2759588|
2759589|
2759590|
2759591|
2759616|
2759617|
2759618|
2759619|
2759620|
2759621|
2759622|
2759623|
2759648|
2759649|
2759650|
2759651|
2759652|
2759653|
2759654|
2759655|
2759680|
2759681|
2759682|
2759683|
2759684|
2759685|
2759686|
2759687|
2759712|
2759713|
2759714|
2759715|
2759716|
2759717|
2759718|
2759719|
2759744|
2759745|
2759746|
2759747|
2759748|
2759749|
2759750|
2759751|
2759776|
2759777|
2759778|
2759779|
2759780|
2759781|
2759782|
2759783|
2759808|
2759809|
2759810|
2759811|
2759812|
2759813|
2759814|
2759815|
2759840|
2759841|
2759842|
2759843|
2759844|
2759845|
2759846|
2759847|
2759872|
2759873|
2759874|
2759875|
2759876|
2759877|
2759878|
2759879|
2759904|
2759905|
2759906|
2759907|
2759908|
2759909|
2759910|
2759911|
2759936|
2759937|
2759938|
2759939|
2759940|
2759941|
2759942|
2759943|
2759968|
2759969|
2759970|
2759971|
2759972|
2759973|
2759974|
2759975|
2760000|
