1152001|
1152002|
1152003|
1152004|
1152005|
1152006|
1152007|
1152032|
1152033|
1152034|
1152035|
1152036|
1152037|
1152038|
1152039|
1152064|
1152065|
1152066|
1152067|
1152068|
1152069|
1152070|
1152071|
1152096|
1152097|
1152098|
1152099|
1152100|
1152101|
1152102|
1152103|
1152128|
1152129|
1152130|
1152131|
1152132|
1152133|
1152134|
1152135|
1152160|
1152161|
1152162|
1152163|
1152164|
1152165|
1152166|
1152167|
1152192|
1152193|
1152194|
1152195|
1152196|
1152197|
1152198|
1152199|
1152224|
1152225|
1152226|
1152227|
1152228|
1152229|
1152230|
1152231|
1152256|
1152257|
1152258|
1152259|
1152260|
1152261|
1152262|
1152263|
1152288|
1152289|
1152290|
1152291|
1152292|
1152293|
1152294|
1152295|
1152320|
1152321|
1152322|
1152323|
1152324|
1152325|
1152326|
1152327|
1152352|
1152353|
1152354|
1152355|
1152356|
1152357|
1152358|
1152359|
1152384|
1152385|
1152386|
1152387|
1152388|
1152389|
1152390|
1152391|
1152416|
1152417|
1152418|
1152419|
1152420|
1152421|
1152422|
1152423|
1152448|
1152449|
1152450|
1152451|
1152452|
1152453|
1152454|
1152455|
1152480|
1152481|
1152482|
1152483|
1152484|
1152485|
1152486|
1152487|
1152512|
1152513|
1152514|
1152515|
1152516|
1152517|
1152518|
1152519|
1152544|
1152545|
1152546|
1152547|
1152548|
1152549|
1152550|
1152551|
1152576|
1152577|
1152578|
1152579|
1152580|
1152581|
1152582|
1152583|
1152608|
1152609|
1152610|
1152611|
1152612|
1152613|
1152614|
1152615|
1152640|
1152641|
1152642|
1152643|
1152644|
1152645|
1152646|
1152647|
1152672|
1152673|
1152674|
1152675|
1152676|
1152677|
1152678|
1152679|
1152704|
1152705|
1152706|
1152707|
1152708|
1152709|
1152710|
1152711|
1152736|
1152737|
1152738|
1152739|
1152740|
1152741|
1152742|
1152743|
1152768|
1152769|
1152770|
1152771|
1152772|
1152773|
1152774|
1152775|
1152800|
1152801|
1152802|
1152803|
1152804|
1152805|
1152806|
1152807|
1152832|
1152833|
1152834|
1152835|
1152836|
1152837|
1152838|
1152839|
1152864|
1152865|
1152866|
1152867|
1152868|
1152869|
1152870|
1152871|
1152896|
1152897|
1152898|
1152899|
1152900|
1152901|
1152902|
1152903|
1152928|
1152929|
1152930|
1152931|
1152932|
1152933|
1152934|
1152935|
1152960|
1152961|
1152962|
1152963|
1152964|
1152965|
1152966|
1152967|
1152992|
1152993|
1152994|
1152995|
1152996|
1152997|
1152998|
1152999|
1153024|
1153025|
1153026|
1153027|
1153028|
1153029|
1153030|
1153031|
1153056|
1153057|
1153058|
1153059|
1153060|
1153061|
1153062|
1153063|
1153088|
1153089|
1153090|
1153091|
1153092|
1153093|
1153094|
1153095|
1153120|
1153121|
1153122|
1153123|
1153124|
1153125|
1153126|
1153127|
1153152|
1153153|
1153154|
1153155|
1153156|
1153157|
1153158|
1153159|
1153184|
1153185|
1153186|
1153187|
1153188|
1153189|
1153190|
1153191|
1153216|
1153217|
1153218|
1153219|
1153220|
1153221|
1153222|
1153223|
1153248|
1153249|
1153250|
1153251|
1153252|
1153253|
1153254|
1153255|
1153280|
1153281|
1153282|
1153283|
1153284|
1153285|
1153286|
1153287|
1153312|
1153313|
1153314|
1153315|
1153316|
1153317|
1153318|
1153319|
1153344|
1153345|
1153346|
1153347|
1153348|
1153349|
1153350|
1153351|
1153376|
1153377|
1153378|
1153379|
1153380|
1153381|
1153382|
1153383|
1153408|
1153409|
1153410|
1153411|
1153412|
1153413|
1153414|
1153415|
1153440|
1153441|
1153442|
1153443|
1153444|
1153445|
1153446|
1153447|
1153472|
1153473|
1153474|
1153475|
1153476|
1153477|
1153478|
1153479|
1153504|
1153505|
1153506|
1153507|
1153508|
1153509|
1153510|
1153511|
1153536|
1153537|
1153538|
1153539|
1153540|
1153541|
1153542|
1153543|
1153568|
1153569|
1153570|
1153571|
1153572|
1153573|
1153574|
1153575|
1153600|
1153601|
1153602|
1153603|
1153604|
1153605|
1153606|
1153607|
1153632|
1153633|
1153634|
1153635|
1153636|
1153637|
1153638|
1153639|
1153664|
1153665|
1153666|
1153667|
1153668|
1153669|
1153670|
1153671|
1153696|
1153697|
1153698|
1153699|
1153700|
1153701|
1153702|
1153703|
1153728|
1153729|
1153730|
1153731|
1153732|
1153733|
1153734|
1153735|
1153760|
1153761|
1153762|
1153763|
1153764|
1153765|
1153766|
1153767|
1153792|
1153793|
1153794|
1153795|
1153796|
1153797|
1153798|
1153799|
1153824|
1153825|
1153826|
1153827|
1153828|
1153829|
1153830|
1153831|
1153856|
1153857|
1153858|
1153859|
1153860|
1153861|
1153862|
1153863|
1153888|
1153889|
1153890|
1153891|
1153892|
1153893|
1153894|
1153895|
1153920|
1153921|
1153922|
1153923|
1153924|
1153925|
1153926|
1153927|
1153952|
1153953|
1153954|
1153955|
1153956|
1153957|
1153958|
1153959|
1153984|
1153985|
1153986|
1153987|
1153988|
1153989|
1153990|
1153991|
1154016|
1154017|
1154018|
1154019|
1154020|
1154021|
1154022|
1154023|
1154048|
1154049|
1154050|
1154051|
1154052|
1154053|
1154054|
1154055|
1154080|
1154081|
1154082|
1154083|
1154084|
1154085|
1154086|
1154087|
1154112|
1154113|
1154114|
1154115|
1154116|
1154117|
1154118|
1154119|
1154144|
1154145|
1154146|
1154147|
1154148|
1154149|
1154150|
1154151|
1154176|
1154177|
1154178|
1154179|
1154180|
1154181|
1154182|
1154183|
1154208|
1154209|
1154210|
1154211|
1154212|
1154213|
1154214|
1154215|
1154240|
1154241|
1154242|
1154243|
1154244|
1154245|
1154246|
1154247|
1154272|
1154273|
1154274|
1154275|
1154276|
1154277|
1154278|
1154279|
1154304|
1154305|
1154306|
1154307|
1154308|
1154309|
1154310|
1154311|
1154336|
1154337|
1154338|
1154339|
1154340|
1154341|
1154342|
1154343|
1154368|
1154369|
1154370|
1154371|
1154372|
1154373|
1154374|
1154375|
1154400|
1154401|
1154402|
1154403|
1154404|
1154405|
1154406|
1154407|
1154432|
1154433|
1154434|
1154435|
1154436|
1154437|
1154438|
1154439|
1154464|
1154465|
1154466|
1154467|
1154468|
1154469|
1154470|
1154471|
1154496|
1154497|
1154498|
1154499|
1154500|
1154501|
1154502|
1154503|
1154528|
1154529|
1154530|
1154531|
1154532|
1154533|
1154534|
1154535|
1154560|
1154561|
1154562|
1154563|
1154564|
1154565|
1154566|
1154567|
1154592|
1154593|
1154594|
1154595|
1154596|
1154597|
1154598|
1154599|
1154624|
1154625|
1154626|
1154627|
1154628|
1154629|
1154630|
1154631|
1154656|
1154657|
1154658|
1154659|
1154660|
1154661|
1154662|
1154663|
1154688|
1154689|
1154690|
1154691|
1154692|
1154693|
1154694|
1154695|
1154720|
1154721|
1154722|
1154723|
1154724|
1154725|
1154726|
1154727|
1154752|
1154753|
1154754|
1154755|
1154756|
1154757|
1154758|
1154759|
1154784|
1154785|
1154786|
1154787|
1154788|
1154789|
1154790|
1154791|
1154816|
1154817|
1154818|
1154819|
1154820|
1154821|
1154822|
1154823|
1154848|
1154849|
1154850|
1154851|
1154852|
1154853|
1154854|
1154855|
1154880|
1154881|
1154882|
1154883|
1154884|
1154885|
1154886|
1154887|
1154912|
1154913|
1154914|
1154915|
1154916|
1154917|
1154918|
1154919|
1154944|
1154945|
1154946|
1154947|
1154948|
1154949|
1154950|
1154951|
1154976|
1154977|
1154978|
1154979|
1154980|
1154981|
1154982|
1154983|
1155008|
1155009|
1155010|
1155011|
1155012|
1155013|
1155014|
1155015|
1155040|
1155041|
1155042|
1155043|
1155044|
1155045|
1155046|
1155047|
1155072|
1155073|
1155074|
1155075|
1155076|
1155077|
1155078|
1155079|
1155104|
1155105|
1155106|
1155107|
1155108|
1155109|
1155110|
1155111|
1155136|
1155137|
1155138|
1155139|
1155140|
1155141|
1155142|
1155143|
1155168|
1155169|
1155170|
1155171|
1155172|
1155173|
1155174|
1155175|
1155200|
1155201|
1155202|
1155203|
1155204|
1155205|
1155206|
1155207|
1155232|
1155233|
1155234|
1155235|
1155236|
1155237|
1155238|
1155239|
1155264|
1155265|
1155266|
1155267|
1155268|
1155269|
1155270|
1155271|
1155296|
1155297|
1155298|
1155299|
1155300|
1155301|
1155302|
1155303|
1155328|
1155329|
1155330|
1155331|
1155332|
1155333|
1155334|
1155335|
1155360|
1155361|
1155362|
1155363|
1155364|
1155365|
1155366|
1155367|
1155392|
1155393|
1155394|
1155395|
1155396|
1155397|
1155398|
1155399|
1155424|
1155425|
1155426|
1155427|
1155428|
1155429|
1155430|
1155431|
1155456|
1155457|
1155458|
1155459|
1155460|
1155461|
1155462|
1155463|
1155488|
1155489|
1155490|
1155491|
1155492|
1155493|
1155494|
1155495|
1155520|
1155521|
1155522|
1155523|
1155524|
1155525|
1155526|
1155527|
1155552|
1155553|
1155554|
1155555|
1155556|
1155557|
1155558|
1155559|
1155584|
1155585|
1155586|
1155587|
1155588|
1155589|
1155590|
1155591|
1155616|
1155617|
1155618|
1155619|
1155620|
1155621|
1155622|
1155623|
1155648|
1155649|
1155650|
1155651|
1155652|
1155653|
1155654|
1155655|
1155680|
1155681|
1155682|
1155683|
1155684|
1155685|
1155686|
1155687|
1155712|
1155713|
1155714|
1155715|
1155716|
1155717|
1155718|
1155719|
1155744|
1155745|
1155746|
1155747|
1155748|
1155749|
1155750|
1155751|
1155776|
1155777|
1155778|
1155779|
1155780|
1155781|
1155782|
1155783|
1155808|
1155809|
1155810|
1155811|
1155812|
1155813|
1155814|
1155815|
1155840|
1155841|
1155842|
1155843|
1155844|
1155845|
1155846|
1155847|
1155872|
1155873|
1155874|
1155875|
1155876|
1155877|
1155878|
1155879|
1155904|
1155905|
1155906|
1155907|
1155908|
1155909|
1155910|
1155911|
1155936|
1155937|
1155938|
1155939|
1155940|
1155941|
1155942|
1155943|
1155968|
1155969|
1155970|
1155971|
1155972|
1155973|
1155974|
1155975|
1156000|
1156001|
1156002|
1156003|
1156004|
1156005|
1156006|
1156007|
1156032|
1156033|
1156034|
1156035|
1156036|
1156037|
1156038|
1156039|
1156064|
1156065|
1156066|
1156067|
1156068|
1156069|
1156070|
1156071|
1156096|
1156097|
1156098|
1156099|
1156100|
1156101|
1156102|
1156103|
1156128|
1156129|
1156130|
1156131|
1156132|
1156133|
1156134|
1156135|
1156160|
1156161|
1156162|
1156163|
1156164|
1156165|
1156166|
1156167|
1156192|
1156193|
1156194|
1156195|
1156196|
1156197|
1156198|
1156199|
1156224|
1156225|
1156226|
1156227|
1156228|
1156229|
1156230|
1156231|
1156256|
1156257|
1156258|
1156259|
1156260|
1156261|
1156262|
1156263|
1156288|
1156289|
1156290|
1156291|
1156292|
1156293|
1156294|
1156295|
1156320|
1156321|
1156322|
1156323|
1156324|
1156325|
1156326|
1156327|
1156352|
1156353|
1156354|
1156355|
1156356|
1156357|
1156358|
1156359|
1156384|
1156385|
1156386|
1156387|
1156388|
1156389|
1156390|
1156391|
1156416|
1156417|
1156418|
1156419|
1156420|
1156421|
1156422|
1156423|
1156448|
1156449|
1156450|
1156451|
1156452|
1156453|
1156454|
1156455|
1156480|
1156481|
1156482|
1156483|
1156484|
1156485|
1156486|
1156487|
1156512|
1156513|
1156514|
1156515|
1156516|
1156517|
1156518|
1156519|
1156544|
1156545|
1156546|
1156547|
1156548|
1156549|
1156550|
1156551|
1156576|
1156577|
1156578|
1156579|
1156580|
1156581|
1156582|
1156583|
1156608|
1156609|
1156610|
1156611|
1156612|
1156613|
1156614|
1156615|
1156640|
1156641|
1156642|
1156643|
1156644|
1156645|
1156646|
1156647|
1156672|
1156673|
1156674|
1156675|
1156676|
1156677|
1156678|
1156679|
1156704|
1156705|
1156706|
1156707|
1156708|
1156709|
1156710|
1156711|
1156736|
1156737|
1156738|
1156739|
1156740|
1156741|
1156742|
1156743|
1156768|
1156769|
1156770|
1156771|
1156772|
1156773|
1156774|
1156775|
1156800|
1156801|
1156802|
1156803|
1156804|
1156805|
1156806|
1156807|
1156832|
1156833|
1156834|
1156835|
1156836|
1156837|
1156838|
1156839|
1156864|
1156865|
1156866|
1156867|
1156868|
1156869|
1156870|
1156871|
1156896|
1156897|
1156898|
1156899|
1156900|
1156901|
1156902|
1156903|
1156928|
1156929|
1156930|
1156931|
1156932|
1156933|
1156934|
1156935|
1156960|
1156961|
1156962|
1156963|
1156964|
1156965|
1156966|
1156967|
1156992|
1156993|
1156994|
1156995|
1156996|
1156997|
1156998|
1156999|
1157024|
1157025|
1157026|
1157027|
1157028|
1157029|
1157030|
1157031|
1157056|
1157057|
1157058|
1157059|
1157060|
1157061|
1157062|
1157063|
1157088|
1157089|
1157090|
1157091|
1157092|
1157093|
1157094|
1157095|
1157120|
1157121|
1157122|
1157123|
1157124|
1157125|
1157126|
1157127|
1157152|
1157153|
1157154|
1157155|
1157156|
1157157|
1157158|
1157159|
1157184|
1157185|
1157186|
1157187|
1157188|
1157189|
1157190|
1157191|
1157216|
1157217|
1157218|
1157219|
1157220|
1157221|
1157222|
1157223|
1157248|
1157249|
1157250|
1157251|
1157252|
1157253|
1157254|
1157255|
1157280|
1157281|
1157282|
1157283|
1157284|
1157285|
1157286|
1157287|
1157312|
1157313|
1157314|
1157315|
1157316|
1157317|
1157318|
1157319|
1157344|
1157345|
1157346|
1157347|
1157348|
1157349|
1157350|
1157351|
1157376|
1157377|
1157378|
1157379|
1157380|
1157381|
1157382|
1157383|
1157408|
1157409|
1157410|
1157411|
1157412|
1157413|
1157414|
1157415|
1157440|
1157441|
1157442|
1157443|
1157444|
1157445|
1157446|
1157447|
1157472|
1157473|
1157474|
1157475|
1157476|
1157477|
1157478|
1157479|
1157504|
1157505|
1157506|
1157507|
1157508|
1157509|
1157510|
1157511|
1157536|
1157537|
1157538|
1157539|
1157540|
1157541|
1157542|
1157543|
1157568|
1157569|
1157570|
1157571|
1157572|
1157573|
1157574|
1157575|
1157600|
1157601|
1157602|
1157603|
1157604|
1157605|
1157606|
1157607|
1157632|
1157633|
1157634|
1157635|
1157636|
1157637|
1157638|
1157639|
1157664|
1157665|
1157666|
1157667|
1157668|
1157669|
1157670|
1157671|
1157696|
1157697|
1157698|
1157699|
1157700|
1157701|
1157702|
1157703|
1157728|
1157729|
1157730|
1157731|
1157732|
1157733|
1157734|
1157735|
1157760|
1157761|
1157762|
1157763|
1157764|
1157765|
1157766|
1157767|
1157792|
1157793|
1157794|
1157795|
1157796|
1157797|
1157798|
1157799|
1157824|
1157825|
1157826|
1157827|
1157828|
1157829|
1157830|
1157831|
1157856|
1157857|
1157858|
1157859|
1157860|
1157861|
1157862|
1157863|
1157888|
1157889|
1157890|
1157891|
1157892|
1157893|
1157894|
1157895|
1157920|
1157921|
1157922|
1157923|
1157924|
1157925|
1157926|
1157927|
1157952|
1157953|
1157954|
1157955|
1157956|
1157957|
1157958|
1157959|
1157984|
1157985|
1157986|
1157987|
1157988|
