521989|
521990|
521991|
522016|
522017|
522018|
522019|
522020|
522021|
522022|
522023|
522048|
522049|
522050|
522051|
522052|
522053|
522054|
522055|
522080|
522081|
522082|
522083|
522084|
522085|
522086|
522087|
522112|
522113|
522114|
522115|
522116|
522117|
522118|
522119|
522144|
522145|
522146|
522147|
522148|
522149|
522150|
522151|
522176|
522177|
522178|
522179|
522180|
522181|
522182|
522183|
522208|
522209|
522210|
522211|
522212|
522213|
522214|
522215|
522240|
522241|
522242|
522243|
522244|
522245|
522246|
522247|
522272|
522273|
522274|
522275|
522276|
522277|
522278|
522279|
522304|
522305|
522306|
522307|
522308|
522309|
522310|
522311|
522336|
522337|
522338|
522339|
522340|
522341|
522342|
522343|
522368|
522369|
522370|
522371|
522372|
522373|
522374|
522375|
522400|
522401|
522402|
522403|
522404|
522405|
522406|
522407|
522432|
522433|
522434|
522435|
522436|
522437|
522438|
522439|
522464|
522465|
522466|
522467|
522468|
522469|
522470|
522471|
522496|
522497|
522498|
522499|
522500|
522501|
522502|
522503|
522528|
522529|
522530|
522531|
522532|
522533|
522534|
522535|
522560|
522561|
522562|
522563|
522564|
522565|
522566|
522567|
522592|
522593|
522594|
522595|
522596|
522597|
522598|
522599|
522624|
522625|
522626|
522627|
522628|
522629|
522630|
522631|
522656|
522657|
522658|
522659|
522660|
522661|
522662|
522663|
522688|
522689|
522690|
522691|
522692|
522693|
522694|
522695|
522720|
522721|
522722|
522723|
522724|
522725|
522726|
522727|
522752|
522753|
522754|
522755|
522756|
522757|
522758|
522759|
522784|
522785|
522786|
522787|
522788|
522789|
522790|
522791|
522816|
522817|
522818|
522819|
522820|
522821|
522822|
522823|
522848|
522849|
522850|
522851|
522852|
522853|
522854|
522855|
522880|
522881|
522882|
522883|
522884|
522885|
522886|
522887|
522912|
522913|
522914|
522915|
522916|
522917|
522918|
522919|
522944|
522945|
522946|
522947|
522948|
522949|
522950|
522951|
522976|
522977|
522978|
522979|
522980|
522981|
522982|
522983|
523008|
523009|
523010|
523011|
523012|
523013|
523014|
523015|
523040|
523041|
523042|
523043|
523044|
523045|
523046|
523047|
523072|
523073|
523074|
523075|
523076|
523077|
523078|
523079|
523104|
523105|
523106|
523107|
523108|
523109|
523110|
523111|
523136|
523137|
523138|
523139|
523140|
523141|
523142|
523143|
523168|
523169|
523170|
523171|
523172|
523173|
523174|
523175|
523200|
523201|
523202|
523203|
523204|
523205|
523206|
523207|
523232|
523233|
523234|
523235|
523236|
523237|
523238|
523239|
523264|
523265|
523266|
523267|
523268|
523269|
523270|
523271|
523296|
523297|
523298|
523299|
523300|
523301|
523302|
523303|
523328|
523329|
523330|
523331|
523332|
523333|
523334|
523335|
523360|
523361|
523362|
523363|
523364|
523365|
523366|
523367|
523392|
523393|
523394|
523395|
523396|
523397|
523398|
523399|
523424|
523425|
523426|
523427|
523428|
523429|
523430|
523431|
523456|
523457|
523458|
523459|
523460|
523461|
523462|
523463|
523488|
523489|
523490|
523491|
523492|
523493|
523494|
523495|
523520|
523521|
523522|
523523|
523524|
523525|
523526|
523527|
523552|
523553|
523554|
523555|
523556|
523557|
523558|
523559|
523584|
523585|
523586|
523587|
523588|
523589|
523590|
523591|
523616|
523617|
523618|
523619|
523620|
523621|
523622|
523623|
523648|
523649|
523650|
523651|
523652|
523653|
523654|
523655|
523680|
523681|
523682|
523683|
523684|
523685|
523686|
523687|
523712|
523713|
523714|
523715|
523716|
523717|
523718|
523719|
523744|
523745|
523746|
523747|
523748|
523749|
523750|
523751|
523776|
523777|
523778|
523779|
523780|
523781|
523782|
523783|
523808|
523809|
523810|
523811|
523812|
523813|
523814|
523815|
523840|
523841|
523842|
523843|
523844|
523845|
523846|
523847|
523872|
523873|
523874|
523875|
523876|
523877|
523878|
523879|
523904|
523905|
523906|
523907|
523908|
523909|
523910|
523911|
523936|
523937|
523938|
523939|
523940|
523941|
523942|
523943|
523968|
523969|
523970|
523971|
523972|
523973|
523974|
523975|
524000|
524001|
524002|
524003|
524004|
524005|
524006|
524007|
524032|
524033|
524034|
524035|
524036|
524037|
524038|
524039|
524064|
524065|
524066|
524067|
524068|
524069|
524070|
524071|
524096|
524097|
524098|
524099|
524100|
524101|
524102|
524103|
524128|
524129|
524130|
524131|
524132|
524133|
524134|
524135|
524160|
524161|
524162|
524163|
524164|
524165|
524166|
524167|
524192|
524193|
524194|
524195|
524196|
524197|
524198|
524199|
524224|
524225|
524226|
524227|
524228|
524229|
524230|
524231|
524256|
524257|
524258|
524259|
524260|
524261|
524262|
524263|
524288|
524289|
524290|
524291|
524292|
524293|
524294|
524295|
524320|
524321|
524322|
524323|
524324|
524325|
524326|
524327|
524352|
524353|
524354|
524355|
524356|
524357|
524358|
524359|
524384|
524385|
524386|
524387|
524388|
524389|
524390|
524391|
524416|
524417|
524418|
524419|
524420|
524421|
524422|
524423|
524448|
524449|
524450|
524451|
524452|
524453|
524454|
524455|
524480|
524481|
524482|
524483|
524484|
524485|
524486|
524487|
524512|
524513|
524514|
524515|
524516|
524517|
524518|
524519|
524544|
524545|
524546|
524547|
524548|
524549|
524550|
524551|
524576|
524577|
524578|
524579|
524580|
524581|
524582|
524583|
524608|
524609|
524610|
524611|
524612|
524613|
524614|
524615|
524640|
524641|
524642|
524643|
524644|
524645|
524646|
524647|
524672|
524673|
524674|
524675|
524676|
524677|
524678|
524679|
524704|
524705|
524706|
524707|
524708|
524709|
524710|
524711|
524736|
524737|
524738|
524739|
524740|
524741|
524742|
524743|
524768|
524769|
524770|
524771|
524772|
524773|
524774|
524775|
524800|
524801|
524802|
524803|
524804|
524805|
524806|
524807|
524832|
524833|
524834|
524835|
524836|
524837|
524838|
524839|
524864|
524865|
524866|
524867|
524868|
524869|
524870|
524871|
524896|
524897|
524898|
524899|
524900|
524901|
524902|
524903|
524928|
524929|
524930|
524931|
524932|
524933|
524934|
524935|
524960|
524961|
524962|
524963|
524964|
524965|
524966|
524967|
524992|
524993|
524994|
524995|
524996|
524997|
524998|
524999|
525024|
525025|
525026|
525027|
525028|
525029|
525030|
525031|
525056|
525057|
525058|
525059|
525060|
525061|
525062|
525063|
525088|
525089|
525090|
525091|
525092|
525093|
525094|
525095|
525120|
525121|
525122|
525123|
525124|
525125|
525126|
525127|
525152|
525153|
525154|
525155|
525156|
525157|
525158|
525159|
525184|
525185|
525186|
525187|
525188|
525189|
525190|
525191|
525216|
525217|
525218|
525219|
525220|
525221|
525222|
525223|
525248|
525249|
525250|
525251|
525252|
525253|
525254|
525255|
525280|
525281|
525282|
525283|
525284|
525285|
525286|
525287|
525312|
525313|
525314|
525315|
525316|
525317|
525318|
525319|
525344|
525345|
525346|
525347|
525348|
525349|
525350|
525351|
525376|
525377|
525378|
525379|
525380|
525381|
525382|
525383|
525408|
525409|
525410|
525411|
525412|
525413|
525414|
525415|
525440|
525441|
525442|
525443|
525444|
525445|
525446|
525447|
525472|
525473|
525474|
525475|
525476|
525477|
525478|
525479|
525504|
525505|
525506|
525507|
525508|
525509|
525510|
525511|
525536|
525537|
525538|
525539|
525540|
525541|
525542|
525543|
525568|
525569|
525570|
525571|
525572|
525573|
525574|
525575|
525600|
525601|
525602|
525603|
525604|
525605|
525606|
525607|
525632|
525633|
525634|
525635|
525636|
525637|
525638|
525639|
525664|
525665|
525666|
525667|
525668|
525669|
525670|
525671|
525696|
525697|
525698|
525699|
525700|
525701|
525702|
525703|
525728|
525729|
525730|
525731|
525732|
525733|
525734|
525735|
525760|
525761|
525762|
525763|
525764|
525765|
525766|
525767|
525792|
525793|
525794|
525795|
525796|
525797|
525798|
525799|
525824|
525825|
525826|
525827|
525828|
525829|
525830|
525831|
525856|
525857|
525858|
525859|
525860|
525861|
525862|
525863|
525888|
525889|
525890|
525891|
525892|
525893|
525894|
525895|
525920|
525921|
525922|
525923|
525924|
525925|
525926|
525927|
525952|
525953|
525954|
525955|
525956|
525957|
525958|
525959|
525984|
525985|
525986|
525987|
525988|
525989|
525990|
525991|
526016|
526017|
526018|
526019|
526020|
526021|
526022|
526023|
526048|
526049|
526050|
526051|
526052|
526053|
526054|
526055|
526080|
526081|
526082|
526083|
526084|
526085|
526086|
526087|
526112|
526113|
526114|
526115|
526116|
526117|
526118|
526119|
526144|
526145|
526146|
526147|
526148|
526149|
526150|
526151|
526176|
526177|
526178|
526179|
526180|
526181|
526182|
526183|
526208|
526209|
526210|
526211|
526212|
526213|
526214|
526215|
526240|
526241|
526242|
526243|
526244|
526245|
526246|
526247|
526272|
526273|
526274|
526275|
526276|
526277|
526278|
526279|
526304|
526305|
526306|
526307|
526308|
526309|
526310|
526311|
526336|
526337|
526338|
526339|
526340|
526341|
526342|
526343|
526368|
526369|
526370|
526371|
526372|
526373|
526374|
526375|
526400|
526401|
526402|
526403|
526404|
526405|
526406|
526407|
526432|
526433|
526434|
526435|
526436|
526437|
526438|
526439|
526464|
526465|
526466|
526467|
526468|
526469|
526470|
526471|
526496|
526497|
526498|
526499|
526500|
526501|
526502|
526503|
526528|
526529|
526530|
526531|
526532|
526533|
526534|
526535|
526560|
526561|
526562|
526563|
526564|
526565|
526566|
526567|
526592|
526593|
526594|
526595|
526596|
526597|
526598|
526599|
526624|
526625|
526626|
526627|
526628|
526629|
526630|
526631|
526656|
526657|
526658|
526659|
526660|
526661|
526662|
526663|
526688|
526689|
526690|
526691|
526692|
526693|
526694|
526695|
526720|
526721|
526722|
526723|
526724|
526725|
526726|
526727|
526752|
526753|
526754|
526755|
526756|
526757|
526758|
526759|
526784|
526785|
526786|
526787|
526788|
526789|
526790|
526791|
526816|
526817|
526818|
526819|
526820|
526821|
526822|
526823|
526848|
526849|
526850|
526851|
526852|
526853|
526854|
526855|
526880|
526881|
526882|
526883|
526884|
526885|
526886|
526887|
526912|
526913|
526914|
526915|
526916|
526917|
526918|
526919|
526944|
526945|
526946|
526947|
526948|
526949|
526950|
526951|
526976|
526977|
526978|
526979|
526980|
526981|
526982|
526983|
527008|
527009|
527010|
527011|
527012|
527013|
527014|
527015|
527040|
527041|
527042|
527043|
527044|
527045|
527046|
527047|
527072|
527073|
527074|
527075|
527076|
527077|
527078|
527079|
527104|
527105|
527106|
527107|
527108|
527109|
527110|
527111|
527136|
527137|
527138|
527139|
527140|
527141|
527142|
527143|
527168|
527169|
527170|
527171|
527172|
527173|
527174|
527175|
527200|
527201|
527202|
527203|
527204|
527205|
527206|
527207|
527232|
527233|
527234|
527235|
527236|
527237|
527238|
527239|
527264|
527265|
527266|
527267|
527268|
527269|
527270|
527271|
527296|
527297|
527298|
527299|
527300|
527301|
527302|
527303|
527328|
527329|
527330|
527331|
527332|
527333|
527334|
527335|
527360|
527361|
527362|
527363|
527364|
527365|
527366|
527367|
527392|
527393|
527394|
527395|
527396|
527397|
527398|
527399|
527424|
527425|
527426|
527427|
527428|
527429|
527430|
527431|
527456|
527457|
527458|
527459|
527460|
527461|
527462|
527463|
527488|
527489|
527490|
527491|
527492|
527493|
527494|
527495|
527520|
527521|
527522|
527523|
527524|
527525|
527526|
527527|
527552|
527553|
527554|
527555|
527556|
527557|
527558|
527559|
527584|
527585|
527586|
527587|
527588|
527589|
527590|
527591|
527616|
527617|
527618|
527619|
527620|
527621|
527622|
527623|
527648|
527649|
527650|
527651|
527652|
527653|
527654|
527655|
527680|
527681|
527682|
527683|
527684|
527685|
527686|
527687|
527712|
527713|
527714|
527715|
527716|
527717|
527718|
527719|
527744|
527745|
527746|
527747|
527748|
527749|
527750|
527751|
527776|
527777|
527778|
527779|
527780|
527781|
527782|
527783|
527808|
527809|
527810|
527811|
527812|
527813|
527814|
527815|
527840|
527841|
527842|
527843|
527844|
527845|
527846|
527847|
527872|
527873|
527874|
527875|
527876|
527877|
527878|
527879|
527904|
527905|
527906|
527907|
527908|
527909|
527910|
527911|
527936|
527937|
527938|
527939|
527940|
527941|
527942|
527943|
527968|
527969|
527970|
527971|
527972|
527973|
527974|
527975|
528000|
