2316001|
2316002|
2316003|
2316004|
2316005|
2316006|
2316007|
2316032|
2316033|
2316034|
2316035|
2316036|
2316037|
2316038|
2316039|
2316064|
2316065|
2316066|
2316067|
2316068|
2316069|
2316070|
2316071|
2316096|
2316097|
2316098|
2316099|
2316100|
2316101|
2316102|
2316103|
2316128|
2316129|
2316130|
2316131|
2316132|
2316133|
2316134|
2316135|
2316160|
2316161|
2316162|
2316163|
2316164|
2316165|
2316166|
2316167|
2316192|
2316193|
2316194|
2316195|
2316196|
2316197|
2316198|
2316199|
2316224|
2316225|
2316226|
2316227|
2316228|
2316229|
2316230|
2316231|
2316256|
2316257|
2316258|
2316259|
2316260|
2316261|
2316262|
2316263|
2316288|
2316289|
2316290|
2316291|
2316292|
2316293|
2316294|
2316295|
2316320|
2316321|
2316322|
2316323|
2316324|
2316325|
2316326|
2316327|
2316352|
2316353|
2316354|
2316355|
2316356|
2316357|
2316358|
2316359|
2316384|
2316385|
2316386|
2316387|
2316388|
2316389|
2316390|
2316391|
2316416|
2316417|
2316418|
2316419|
2316420|
2316421|
2316422|
2316423|
2316448|
2316449|
2316450|
2316451|
2316452|
2316453|
2316454|
2316455|
2316480|
2316481|
2316482|
2316483|
2316484|
2316485|
2316486|
2316487|
2316512|
2316513|
2316514|
2316515|
2316516|
2316517|
2316518|
2316519|
2316544|
2316545|
2316546|
2316547|
2316548|
2316549|
2316550|
2316551|
2316576|
2316577|
2316578|
2316579|
2316580|
2316581|
2316582|
2316583|
2316608|
2316609|
2316610|
2316611|
2316612|
2316613|
2316614|
2316615|
2316640|
2316641|
2316642|
2316643|
2316644|
2316645|
2316646|
2316647|
2316672|
2316673|
2316674|
2316675|
2316676|
2316677|
2316678|
2316679|
2316704|
2316705|
2316706|
2316707|
2316708|
2316709|
2316710|
2316711|
2316736|
2316737|
2316738|
2316739|
2316740|
2316741|
2316742|
2316743|
2316768|
2316769|
2316770|
2316771|
2316772|
2316773|
2316774|
2316775|
2316800|
2316801|
2316802|
2316803|
2316804|
2316805|
2316806|
2316807|
2316832|
2316833|
2316834|
2316835|
2316836|
2316837|
2316838|
2316839|
2316864|
2316865|
2316866|
2316867|
2316868|
2316869|
2316870|
2316871|
2316896|
2316897|
2316898|
2316899|
2316900|
2316901|
2316902|
2316903|
2316928|
2316929|
2316930|
2316931|
2316932|
2316933|
2316934|
2316935|
2316960|
2316961|
2316962|
2316963|
2316964|
2316965|
2316966|
2316967|
2316992|
2316993|
2316994|
2316995|
2316996|
2316997|
2316998|
2316999|
2317024|
2317025|
2317026|
2317027|
2317028|
2317029|
2317030|
2317031|
2317056|
2317057|
2317058|
2317059|
2317060|
2317061|
2317062|
2317063|
2317088|
2317089|
2317090|
2317091|
2317092|
2317093|
2317094|
2317095|
2317120|
2317121|
2317122|
2317123|
2317124|
2317125|
2317126|
2317127|
2317152|
2317153|
2317154|
2317155|
2317156|
2317157|
2317158|
2317159|
2317184|
2317185|
2317186|
2317187|
2317188|
2317189|
2317190|
2317191|
2317216|
2317217|
2317218|
2317219|
2317220|
2317221|
2317222|
2317223|
2317248|
2317249|
2317250|
2317251|
2317252|
2317253|
2317254|
2317255|
2317280|
2317281|
2317282|
2317283|
2317284|
2317285|
2317286|
2317287|
2317312|
2317313|
2317314|
2317315|
2317316|
2317317|
2317318|
2317319|
2317344|
2317345|
2317346|
2317347|
2317348|
2317349|
2317350|
2317351|
2317376|
2317377|
2317378|
2317379|
2317380|
2317381|
2317382|
2317383|
2317408|
2317409|
2317410|
2317411|
2317412|
2317413|
2317414|
2317415|
2317440|
2317441|
2317442|
2317443|
2317444|
2317445|
2317446|
2317447|
2317472|
2317473|
2317474|
2317475|
2317476|
2317477|
2317478|
2317479|
2317504|
2317505|
2317506|
2317507|
2317508|
2317509|
2317510|
2317511|
2317536|
2317537|
2317538|
2317539|
2317540|
2317541|
2317542|
2317543|
2317568|
2317569|
2317570|
2317571|
2317572|
2317573|
2317574|
2317575|
2317600|
2317601|
2317602|
2317603|
2317604|
2317605|
2317606|
2317607|
2317632|
2317633|
2317634|
2317635|
2317636|
2317637|
2317638|
2317639|
2317664|
2317665|
2317666|
2317667|
2317668|
2317669|
2317670|
2317671|
2317696|
2317697|
2317698|
2317699|
2317700|
2317701|
2317702|
2317703|
2317728|
2317729|
2317730|
2317731|
2317732|
2317733|
2317734|
2317735|
2317760|
2317761|
2317762|
2317763|
2317764|
2317765|
2317766|
2317767|
2317792|
2317793|
2317794|
2317795|
2317796|
2317797|
2317798|
2317799|
2317824|
2317825|
2317826|
2317827|
2317828|
2317829|
2317830|
2317831|
2317856|
2317857|
2317858|
2317859|
2317860|
2317861|
2317862|
2317863|
2317888|
2317889|
2317890|
2317891|
2317892|
2317893|
2317894|
2317895|
2317920|
2317921|
2317922|
2317923|
2317924|
2317925|
2317926|
2317927|
2317952|
2317953|
2317954|
2317955|
2317956|
2317957|
2317958|
2317959|
2317984|
2317985|
2317986|
2317987|
2317988|
2317989|
2317990|
2317991|
2318016|
2318017|
2318018|
2318019|
2318020|
2318021|
2318022|
2318023|
2318048|
2318049|
2318050|
2318051|
2318052|
2318053|
2318054|
2318055|
2318080|
2318081|
2318082|
2318083|
2318084|
2318085|
2318086|
2318087|
2318112|
2318113|
2318114|
2318115|
2318116|
2318117|
2318118|
2318119|
2318144|
2318145|
2318146|
2318147|
2318148|
2318149|
2318150|
2318151|
2318176|
2318177|
2318178|
2318179|
2318180|
2318181|
2318182|
2318183|
2318208|
2318209|
2318210|
2318211|
2318212|
2318213|
2318214|
2318215|
2318240|
2318241|
2318242|
2318243|
2318244|
2318245|
2318246|
2318247|
2318272|
2318273|
2318274|
2318275|
2318276|
2318277|
2318278|
2318279|
2318304|
2318305|
2318306|
2318307|
2318308|
2318309|
2318310|
2318311|
2318336|
2318337|
2318338|
2318339|
2318340|
2318341|
2318342|
2318343|
2318368|
2318369|
2318370|
2318371|
2318372|
2318373|
2318374|
2318375|
2318400|
2318401|
2318402|
2318403|
2318404|
2318405|
2318406|
2318407|
2318432|
2318433|
2318434|
2318435|
2318436|
2318437|
2318438|
2318439|
2318464|
2318465|
2318466|
2318467|
2318468|
2318469|
2318470|
2318471|
2318496|
2318497|
2318498|
2318499|
2318500|
2318501|
2318502|
2318503|
2318528|
2318529|
2318530|
2318531|
2318532|
2318533|
2318534|
2318535|
2318560|
2318561|
2318562|
2318563|
2318564|
2318565|
2318566|
2318567|
2318592|
2318593|
2318594|
2318595|
2318596|
2318597|
2318598|
2318599|
2318624|
2318625|
2318626|
2318627|
2318628|
2318629|
2318630|
2318631|
2318656|
2318657|
2318658|
2318659|
2318660|
2318661|
2318662|
2318663|
2318688|
2318689|
2318690|
2318691|
2318692|
2318693|
2318694|
2318695|
2318720|
2318721|
2318722|
2318723|
2318724|
2318725|
2318726|
2318727|
2318752|
2318753|
2318754|
2318755|
2318756|
2318757|
2318758|
2318759|
2318784|
2318785|
2318786|
2318787|
2318788|
2318789|
2318790|
2318791|
2318816|
2318817|
2318818|
2318819|
2318820|
2318821|
2318822|
2318823|
2318848|
2318849|
2318850|
2318851|
2318852|
2318853|
2318854|
2318855|
2318880|
2318881|
2318882|
2318883|
2318884|
2318885|
2318886|
2318887|
2318912|
2318913|
2318914|
2318915|
2318916|
2318917|
2318918|
2318919|
2318944|
2318945|
2318946|
2318947|
2318948|
2318949|
2318950|
2318951|
2318976|
2318977|
2318978|
2318979|
2318980|
2318981|
2318982|
2318983|
2319008|
2319009|
2319010|
2319011|
2319012|
2319013|
2319014|
2319015|
2319040|
2319041|
2319042|
2319043|
2319044|
2319045|
2319046|
2319047|
2319072|
2319073|
2319074|
2319075|
2319076|
2319077|
2319078|
2319079|
2319104|
2319105|
2319106|
2319107|
2319108|
2319109|
2319110|
2319111|
2319136|
2319137|
2319138|
2319139|
2319140|
2319141|
2319142|
2319143|
2319168|
2319169|
2319170|
2319171|
2319172|
2319173|
2319174|
2319175|
2319200|
2319201|
2319202|
2319203|
2319204|
2319205|
2319206|
2319207|
2319232|
2319233|
2319234|
2319235|
2319236|
2319237|
2319238|
2319239|
2319264|
2319265|
2319266|
2319267|
2319268|
2319269|
2319270|
2319271|
2319296|
2319297|
2319298|
2319299|
2319300|
2319301|
2319302|
2319303|
2319328|
2319329|
2319330|
2319331|
2319332|
2319333|
2319334|
2319335|
2319360|
2319361|
2319362|
2319363|
2319364|
2319365|
2319366|
2319367|
2319392|
2319393|
2319394|
2319395|
2319396|
2319397|
2319398|
2319399|
2319424|
2319425|
2319426|
2319427|
2319428|
2319429|
2319430|
2319431|
2319456|
2319457|
2319458|
2319459|
2319460|
2319461|
2319462|
2319463|
2319488|
2319489|
2319490|
2319491|
2319492|
2319493|
2319494|
2319495|
2319520|
2319521|
2319522|
2319523|
2319524|
2319525|
2319526|
2319527|
2319552|
2319553|
2319554|
2319555|
2319556|
2319557|
2319558|
2319559|
2319584|
2319585|
2319586|
2319587|
2319588|
2319589|
2319590|
2319591|
2319616|
2319617|
2319618|
2319619|
2319620|
2319621|
2319622|
2319623|
2319648|
2319649|
2319650|
2319651|
2319652|
2319653|
2319654|
2319655|
2319680|
2319681|
2319682|
2319683|
2319684|
2319685|
2319686|
2319687|
2319712|
2319713|
2319714|
2319715|
2319716|
2319717|
2319718|
2319719|
2319744|
2319745|
2319746|
2319747|
2319748|
2319749|
2319750|
2319751|
2319776|
2319777|
2319778|
2319779|
2319780|
2319781|
2319782|
2319783|
2319808|
2319809|
2319810|
2319811|
2319812|
2319813|
2319814|
2319815|
2319840|
2319841|
2319842|
2319843|
2319844|
2319845|
2319846|
2319847|
2319872|
2319873|
2319874|
2319875|
2319876|
2319877|
2319878|
2319879|
2319904|
2319905|
2319906|
2319907|
2319908|
2319909|
2319910|
2319911|
2319936|
2319937|
2319938|
2319939|
2319940|
2319941|
2319942|
2319943|
2319968|
2319969|
2319970|
2319971|
2319972|
2319973|
2319974|
2319975|
2320000|
2320001|
2320002|
2320003|
2320004|
2320005|
2320006|
2320007|
2320032|
2320033|
2320034|
2320035|
2320036|
2320037|
2320038|
2320039|
2320064|
2320065|
2320066|
2320067|
2320068|
2320069|
2320070|
2320071|
2320096|
2320097|
2320098|
2320099|
2320100|
2320101|
2320102|
2320103|
2320128|
2320129|
2320130|
2320131|
2320132|
2320133|
2320134|
2320135|
2320160|
2320161|
2320162|
2320163|
2320164|
2320165|
2320166|
2320167|
2320192|
2320193|
2320194|
2320195|
2320196|
2320197|
2320198|
2320199|
2320224|
2320225|
2320226|
2320227|
2320228|
2320229|
2320230|
2320231|
2320256|
2320257|
2320258|
2320259|
2320260|
2320261|
2320262|
2320263|
2320288|
2320289|
2320290|
2320291|
2320292|
2320293|
2320294|
2320295|
2320320|
2320321|
2320322|
2320323|
2320324|
2320325|
2320326|
2320327|
2320352|
2320353|
2320354|
2320355|
2320356|
2320357|
2320358|
2320359|
2320384|
2320385|
2320386|
2320387|
2320388|
2320389|
2320390|
2320391|
2320416|
2320417|
2320418|
2320419|
2320420|
2320421|
2320422|
2320423|
2320448|
2320449|
2320450|
2320451|
2320452|
2320453|
2320454|
2320455|
2320480|
2320481|
2320482|
2320483|
2320484|
2320485|
2320486|
2320487|
2320512|
2320513|
2320514|
2320515|
2320516|
2320517|
2320518|
2320519|
2320544|
2320545|
2320546|
2320547|
2320548|
2320549|
2320550|
2320551|
2320576|
2320577|
2320578|
2320579|
2320580|
2320581|
2320582|
2320583|
2320608|
2320609|
2320610|
2320611|
2320612|
2320613|
2320614|
2320615|
2320640|
2320641|
2320642|
2320643|
2320644|
2320645|
2320646|
2320647|
2320672|
2320673|
2320674|
2320675|
2320676|
2320677|
2320678|
2320679|
2320704|
2320705|
2320706|
2320707|
2320708|
2320709|
2320710|
2320711|
2320736|
2320737|
2320738|
2320739|
2320740|
2320741|
2320742|
2320743|
2320768|
2320769|
2320770|
2320771|
2320772|
2320773|
2320774|
2320775|
2320800|
2320801|
2320802|
2320803|
2320804|
2320805|
2320806|
2320807|
2320832|
2320833|
2320834|
2320835|
2320836|
2320837|
2320838|
2320839|
2320864|
2320865|
2320866|
2320867|
2320868|
2320869|
2320870|
2320871|
2320896|
2320897|
2320898|
2320899|
2320900|
2320901|
2320902|
2320903|
2320928|
2320929|
2320930|
2320931|
2320932|
2320933|
2320934|
2320935|
2320960|
2320961|
2320962|
2320963|
2320964|
2320965|
2320966|
2320967|
2320992|
2320993|
2320994|
2320995|
2320996|
2320997|
2320998|
2320999|
2321024|
2321025|
2321026|
2321027|
2321028|
2321029|
2321030|
2321031|
2321056|
2321057|
2321058|
2321059|
2321060|
2321061|
2321062|
2321063|
2321088|
2321089|
2321090|
2321091|
2321092|
2321093|
2321094|
2321095|
2321120|
2321121|
2321122|
2321123|
2321124|
2321125|
2321126|
2321127|
2321152|
2321153|
2321154|
2321155|
2321156|
2321157|
2321158|
2321159|
2321184|
2321185|
2321186|
2321187|
2321188|
2321189|
2321190|
2321191|
2321216|
2321217|
2321218|
2321219|
2321220|
2321221|
2321222|
2321223|
2321248|
2321249|
2321250|
2321251|
2321252|
2321253|
2321254|
2321255|
2321280|
2321281|
2321282|
2321283|
2321284|
2321285|
2321286|
2321287|
2321312|
2321313|
2321314|
2321315|
2321316|
2321317|
2321318|
2321319|
2321344|
2321345|
2321346|
2321347|
2321348|
2321349|
2321350|
2321351|
2321376|
2321377|
2321378|
2321379|
2321380|
2321381|
2321382|
2321383|
2321408|
2321409|
2321410|
2321411|
2321412|
2321413|
2321414|
2321415|
2321440|
2321441|
2321442|
2321443|
2321444|
2321445|
2321446|
2321447|
2321472|
2321473|
2321474|
2321475|
2321476|
2321477|
2321478|
2321479|
2321504|
2321505|
2321506|
2321507|
2321508|
2321509|
2321510|
2321511|
2321536|
2321537|
2321538|
2321539|
2321540|
2321541|
2321542|
2321543|
2321568|
2321569|
2321570|
2321571|
2321572|
2321573|
2321574|
2321575|
2321600|
2321601|
2321602|
2321603|
2321604|
2321605|
2321606|
2321607|
2321632|
2321633|
2321634|
2321635|
2321636|
2321637|
2321638|
2321639|
2321664|
2321665|
2321666|
2321667|
2321668|
2321669|
2321670|
2321671|
2321696|
2321697|
2321698|
2321699|
2321700|
2321701|
2321702|
2321703|
2321728|
2321729|
2321730|
2321731|
2321732|
2321733|
2321734|
2321735|
2321760|
2321761|
2321762|
2321763|
2321764|
2321765|
2321766|
2321767|
2321792|
2321793|
2321794|
2321795|
2321796|
2321797|
2321798|
2321799|
2321824|
2321825|
2321826|
2321827|
2321828|
2321829|
2321830|
2321831|
2321856|
2321857|
2321858|
2321859|
2321860|
2321861|
2321862|
2321863|
2321888|
2321889|
2321890|
2321891|
2321892|
2321893|
2321894|
2321895|
2321920|
2321921|
2321922|
2321923|
2321924|
2321925|
2321926|
2321927|
2321952|
2321953|
2321954|
2321955|
2321956|
2321957|
2321958|
2321959|
2321984|
2321985|
2321986|
2321987|
2321988|
