2909989|
2909990|
2909991|
2910016|
2910017|
2910018|
2910019|
2910020|
2910021|
2910022|
2910023|
2910048|
2910049|
2910050|
2910051|
2910052|
2910053|
2910054|
2910055|
2910080|
2910081|
2910082|
2910083|
2910084|
2910085|
2910086|
2910087|
2910112|
2910113|
2910114|
2910115|
2910116|
2910117|
2910118|
2910119|
2910144|
2910145|
2910146|
2910147|
2910148|
2910149|
2910150|
2910151|
2910176|
2910177|
2910178|
2910179|
2910180|
2910181|
2910182|
2910183|
2910208|
2910209|
2910210|
2910211|
2910212|
2910213|
2910214|
2910215|
2910240|
2910241|
2910242|
2910243|
2910244|
2910245|
2910246|
2910247|
2910272|
2910273|
2910274|
2910275|
2910276|
2910277|
2910278|
2910279|
2910304|
2910305|
2910306|
2910307|
2910308|
2910309|
2910310|
2910311|
2910336|
2910337|
2910338|
2910339|
2910340|
2910341|
2910342|
2910343|
2910368|
2910369|
2910370|
2910371|
2910372|
2910373|
2910374|
2910375|
2910400|
2910401|
2910402|
2910403|
2910404|
2910405|
2910406|
2910407|
2910432|
2910433|
2910434|
2910435|
2910436|
2910437|
2910438|
2910439|
2910464|
2910465|
2910466|
2910467|
2910468|
2910469|
2910470|
2910471|
2910496|
2910497|
2910498|
2910499|
2910500|
2910501|
2910502|
2910503|
2910528|
2910529|
2910530|
2910531|
2910532|
2910533|
2910534|
2910535|
2910560|
2910561|
2910562|
2910563|
2910564|
2910565|
2910566|
2910567|
2910592|
2910593|
2910594|
2910595|
2910596|
2910597|
2910598|
2910599|
2910624|
2910625|
2910626|
2910627|
2910628|
2910629|
2910630|
2910631|
2910656|
2910657|
2910658|
2910659|
2910660|
2910661|
2910662|
2910663|
2910688|
2910689|
2910690|
2910691|
2910692|
2910693|
2910694|
2910695|
2910720|
2910721|
2910722|
2910723|
2910724|
2910725|
2910726|
2910727|
2910752|
2910753|
2910754|
2910755|
2910756|
2910757|
2910758|
2910759|
2910784|
2910785|
2910786|
2910787|
2910788|
2910789|
2910790|
2910791|
2910816|
2910817|
2910818|
2910819|
2910820|
2910821|
2910822|
2910823|
2910848|
2910849|
2910850|
2910851|
2910852|
2910853|
2910854|
2910855|
2910880|
2910881|
2910882|
2910883|
2910884|
2910885|
2910886|
2910887|
2910912|
2910913|
2910914|
2910915|
2910916|
2910917|
2910918|
2910919|
2910944|
2910945|
2910946|
2910947|
2910948|
2910949|
2910950|
2910951|
2910976|
2910977|
2910978|
2910979|
2910980|
2910981|
2910982|
2910983|
2911008|
2911009|
2911010|
2911011|
2911012|
2911013|
2911014|
2911015|
2911040|
2911041|
2911042|
2911043|
2911044|
2911045|
2911046|
2911047|
2911072|
2911073|
2911074|
2911075|
2911076|
2911077|
2911078|
2911079|
2911104|
2911105|
2911106|
2911107|
2911108|
2911109|
2911110|
2911111|
2911136|
2911137|
2911138|
2911139|
2911140|
2911141|
2911142|
2911143|
2911168|
2911169|
2911170|
2911171|
2911172|
2911173|
2911174|
2911175|
2911200|
2911201|
2911202|
2911203|
2911204|
2911205|
2911206|
2911207|
2911232|
2911233|
2911234|
2911235|
2911236|
2911237|
2911238|
2911239|
2911264|
2911265|
2911266|
2911267|
2911268|
2911269|
2911270|
2911271|
2911296|
2911297|
2911298|
2911299|
2911300|
2911301|
2911302|
2911303|
2911328|
2911329|
2911330|
2911331|
2911332|
2911333|
2911334|
2911335|
2911360|
2911361|
2911362|
2911363|
2911364|
2911365|
2911366|
2911367|
2911392|
2911393|
2911394|
2911395|
2911396|
2911397|
2911398|
2911399|
2911424|
2911425|
2911426|
2911427|
2911428|
2911429|
2911430|
2911431|
2911456|
2911457|
2911458|
2911459|
2911460|
2911461|
2911462|
2911463|
2911488|
2911489|
2911490|
2911491|
2911492|
2911493|
2911494|
2911495|
2911520|
2911521|
2911522|
2911523|
2911524|
2911525|
2911526|
2911527|
2911552|
2911553|
2911554|
2911555|
2911556|
2911557|
2911558|
2911559|
2911584|
2911585|
2911586|
2911587|
2911588|
2911589|
2911590|
2911591|
2911616|
2911617|
2911618|
2911619|
2911620|
2911621|
2911622|
2911623|
2911648|
2911649|
2911650|
2911651|
2911652|
2911653|
2911654|
2911655|
2911680|
2911681|
2911682|
2911683|
2911684|
2911685|
2911686|
2911687|
2911712|
2911713|
2911714|
2911715|
2911716|
2911717|
2911718|
2911719|
2911744|
2911745|
2911746|
2911747|
2911748|
2911749|
2911750|
2911751|
2911776|
2911777|
2911778|
2911779|
2911780|
2911781|
2911782|
2911783|
2911808|
2911809|
2911810|
2911811|
2911812|
2911813|
2911814|
2911815|
2911840|
2911841|
2911842|
2911843|
2911844|
2911845|
2911846|
2911847|
2911872|
2911873|
2911874|
2911875|
2911876|
2911877|
2911878|
2911879|
2911904|
2911905|
2911906|
2911907|
2911908|
2911909|
2911910|
2911911|
2911936|
2911937|
2911938|
2911939|
2911940|
2911941|
2911942|
2911943|
2911968|
2911969|
2911970|
2911971|
2911972|
2911973|
2911974|
2911975|
2912000|
2912001|
2912002|
2912003|
2912004|
2912005|
2912006|
2912007|
2912032|
2912033|
2912034|
2912035|
2912036|
2912037|
2912038|
2912039|
2912064|
2912065|
2912066|
2912067|
2912068|
2912069|
2912070|
2912071|
2912096|
2912097|
2912098|
2912099|
2912100|
2912101|
2912102|
2912103|
2912128|
2912129|
2912130|
2912131|
2912132|
2912133|
2912134|
2912135|
2912160|
2912161|
2912162|
2912163|
2912164|
2912165|
2912166|
2912167|
2912192|
2912193|
2912194|
2912195|
2912196|
2912197|
2912198|
2912199|
2912224|
2912225|
2912226|
2912227|
2912228|
2912229|
2912230|
2912231|
2912256|
2912257|
2912258|
2912259|
2912260|
2912261|
2912262|
2912263|
2912288|
2912289|
2912290|
2912291|
2912292|
2912293|
2912294|
2912295|
2912320|
2912321|
2912322|
2912323|
2912324|
2912325|
2912326|
2912327|
2912352|
2912353|
2912354|
2912355|
2912356|
2912357|
2912358|
2912359|
2912384|
2912385|
2912386|
2912387|
2912388|
2912389|
2912390|
2912391|
2912416|
2912417|
2912418|
2912419|
2912420|
2912421|
2912422|
2912423|
2912448|
2912449|
2912450|
2912451|
2912452|
2912453|
2912454|
2912455|
2912480|
2912481|
2912482|
2912483|
2912484|
2912485|
2912486|
2912487|
2912512|
2912513|
2912514|
2912515|
2912516|
2912517|
2912518|
2912519|
2912544|
2912545|
2912546|
2912547|
2912548|
2912549|
2912550|
2912551|
2912576|
2912577|
2912578|
2912579|
2912580|
2912581|
2912582|
2912583|
2912608|
2912609|
2912610|
2912611|
2912612|
2912613|
2912614|
2912615|
2912640|
2912641|
2912642|
2912643|
2912644|
2912645|
2912646|
2912647|
2912672|
2912673|
2912674|
2912675|
2912676|
2912677|
2912678|
2912679|
2912704|
2912705|
2912706|
2912707|
2912708|
2912709|
2912710|
2912711|
2912736|
2912737|
2912738|
2912739|
2912740|
2912741|
2912742|
2912743|
2912768|
2912769|
2912770|
2912771|
2912772|
2912773|
2912774|
2912775|
2912800|
2912801|
2912802|
2912803|
2912804|
2912805|
2912806|
2912807|
2912832|
2912833|
2912834|
2912835|
2912836|
2912837|
2912838|
2912839|
2912864|
2912865|
2912866|
2912867|
2912868|
2912869|
2912870|
2912871|
2912896|
2912897|
2912898|
2912899|
2912900|
2912901|
2912902|
2912903|
2912928|
2912929|
2912930|
2912931|
2912932|
2912933|
2912934|
2912935|
2912960|
2912961|
2912962|
2912963|
2912964|
2912965|
2912966|
2912967|
2912992|
2912993|
2912994|
2912995|
2912996|
2912997|
2912998|
2912999|
2913024|
2913025|
2913026|
2913027|
2913028|
2913029|
2913030|
2913031|
2913056|
2913057|
2913058|
2913059|
2913060|
2913061|
2913062|
2913063|
2913088|
2913089|
2913090|
2913091|
2913092|
2913093|
2913094|
2913095|
2913120|
2913121|
2913122|
2913123|
2913124|
2913125|
2913126|
2913127|
2913152|
2913153|
2913154|
2913155|
2913156|
2913157|
2913158|
2913159|
2913184|
2913185|
2913186|
2913187|
2913188|
2913189|
2913190|
2913191|
2913216|
2913217|
2913218|
2913219|
2913220|
2913221|
2913222|
2913223|
2913248|
2913249|
2913250|
2913251|
2913252|
2913253|
2913254|
2913255|
2913280|
2913281|
2913282|
2913283|
2913284|
2913285|
2913286|
2913287|
2913312|
2913313|
2913314|
2913315|
2913316|
2913317|
2913318|
2913319|
2913344|
2913345|
2913346|
2913347|
2913348|
2913349|
2913350|
2913351|
2913376|
2913377|
2913378|
2913379|
2913380|
2913381|
2913382|
2913383|
2913408|
2913409|
2913410|
2913411|
2913412|
2913413|
2913414|
2913415|
2913440|
2913441|
2913442|
2913443|
2913444|
2913445|
2913446|
2913447|
2913472|
2913473|
2913474|
2913475|
2913476|
2913477|
2913478|
2913479|
2913504|
2913505|
2913506|
2913507|
2913508|
2913509|
2913510|
2913511|
2913536|
2913537|
2913538|
2913539|
2913540|
2913541|
2913542|
2913543|
2913568|
2913569|
2913570|
2913571|
2913572|
2913573|
2913574|
2913575|
2913600|
2913601|
2913602|
2913603|
2913604|
2913605|
2913606|
2913607|
2913632|
2913633|
2913634|
2913635|
2913636|
2913637|
2913638|
2913639|
2913664|
2913665|
2913666|
2913667|
2913668|
2913669|
2913670|
2913671|
2913696|
2913697|
2913698|
2913699|
2913700|
2913701|
2913702|
2913703|
2913728|
2913729|
2913730|
2913731|
2913732|
2913733|
2913734|
2913735|
2913760|
2913761|
2913762|
2913763|
2913764|
2913765|
2913766|
2913767|
2913792|
2913793|
2913794|
2913795|
2913796|
2913797|
2913798|
2913799|
2913824|
2913825|
2913826|
2913827|
2913828|
2913829|
2913830|
2913831|
2913856|
2913857|
2913858|
2913859|
2913860|
2913861|
2913862|
2913863|
2913888|
2913889|
2913890|
2913891|
2913892|
2913893|
2913894|
2913895|
2913920|
2913921|
2913922|
2913923|
2913924|
2913925|
2913926|
2913927|
2913952|
2913953|
2913954|
2913955|
2913956|
2913957|
2913958|
2913959|
2913984|
2913985|
2913986|
2913987|
2913988|
2913989|
2913990|
2913991|
2914016|
2914017|
2914018|
2914019|
2914020|
2914021|
2914022|
2914023|
2914048|
2914049|
2914050|
2914051|
2914052|
2914053|
2914054|
2914055|
2914080|
2914081|
2914082|
2914083|
2914084|
2914085|
2914086|
2914087|
2914112|
2914113|
2914114|
2914115|
2914116|
2914117|
2914118|
2914119|
2914144|
2914145|
2914146|
2914147|
2914148|
2914149|
2914150|
2914151|
2914176|
2914177|
2914178|
2914179|
2914180|
2914181|
2914182|
2914183|
2914208|
2914209|
2914210|
2914211|
2914212|
2914213|
2914214|
2914215|
2914240|
2914241|
2914242|
2914243|
2914244|
2914245|
2914246|
2914247|
2914272|
2914273|
2914274|
2914275|
2914276|
2914277|
2914278|
2914279|
2914304|
2914305|
2914306|
2914307|
2914308|
2914309|
2914310|
2914311|
2914336|
2914337|
2914338|
2914339|
2914340|
2914341|
2914342|
2914343|
2914368|
2914369|
2914370|
2914371|
2914372|
2914373|
2914374|
2914375|
2914400|
2914401|
2914402|
2914403|
2914404|
2914405|
2914406|
2914407|
2914432|
2914433|
2914434|
2914435|
2914436|
2914437|
2914438|
2914439|
2914464|
2914465|
2914466|
2914467|
2914468|
2914469|
2914470|
2914471|
2914496|
2914497|
2914498|
2914499|
2914500|
2914501|
2914502|
2914503|
2914528|
2914529|
2914530|
2914531|
2914532|
2914533|
2914534|
2914535|
2914560|
2914561|
2914562|
2914563|
2914564|
2914565|
2914566|
2914567|
2914592|
2914593|
2914594|
2914595|
2914596|
2914597|
2914598|
2914599|
2914624|
2914625|
2914626|
2914627|
2914628|
2914629|
2914630|
2914631|
2914656|
2914657|
2914658|
2914659|
2914660|
2914661|
2914662|
2914663|
2914688|
2914689|
2914690|
2914691|
2914692|
2914693|
2914694|
2914695|
2914720|
2914721|
2914722|
2914723|
2914724|
2914725|
2914726|
2914727|
2914752|
2914753|
2914754|
2914755|
2914756|
2914757|
2914758|
2914759|
2914784|
2914785|
2914786|
2914787|
2914788|
2914789|
2914790|
2914791|
2914816|
2914817|
2914818|
2914819|
2914820|
2914821|
2914822|
2914823|
2914848|
2914849|
2914850|
2914851|
2914852|
2914853|
2914854|
2914855|
2914880|
2914881|
2914882|
2914883|
2914884|
2914885|
2914886|
2914887|
2914912|
2914913|
2914914|
2914915|
2914916|
2914917|
2914918|
2914919|
2914944|
2914945|
2914946|
2914947|
2914948|
2914949|
2914950|
2914951|
2914976|
2914977|
2914978|
2914979|
2914980|
2914981|
2914982|
2914983|
2915008|
2915009|
2915010|
2915011|
2915012|
2915013|
2915014|
2915015|
2915040|
2915041|
2915042|
2915043|
2915044|
2915045|
2915046|
2915047|
2915072|
2915073|
2915074|
2915075|
2915076|
2915077|
2915078|
2915079|
2915104|
2915105|
2915106|
2915107|
2915108|
2915109|
2915110|
2915111|
2915136|
2915137|
2915138|
2915139|
2915140|
2915141|
2915142|
2915143|
2915168|
2915169|
2915170|
2915171|
2915172|
2915173|
2915174|
2915175|
2915200|
2915201|
2915202|
2915203|
2915204|
2915205|
2915206|
2915207|
2915232|
2915233|
2915234|
2915235|
2915236|
2915237|
2915238|
2915239|
2915264|
2915265|
2915266|
2915267|
2915268|
2915269|
2915270|
2915271|
2915296|
2915297|
2915298|
2915299|
2915300|
2915301|
2915302|
2915303|
2915328|
2915329|
2915330|
2915331|
2915332|
2915333|
2915334|
2915335|
2915360|
2915361|
2915362|
2915363|
2915364|
2915365|
2915366|
2915367|
2915392|
2915393|
2915394|
2915395|
2915396|
2915397|
2915398|
2915399|
2915424|
2915425|
2915426|
2915427|
2915428|
2915429|
2915430|
2915431|
2915456|
2915457|
2915458|
2915459|
2915460|
2915461|
2915462|
2915463|
2915488|
2915489|
2915490|
2915491|
2915492|
2915493|
2915494|
2915495|
2915520|
2915521|
2915522|
2915523|
2915524|
2915525|
2915526|
2915527|
2915552|
2915553|
2915554|
2915555|
2915556|
2915557|
2915558|
2915559|
2915584|
2915585|
2915586|
2915587|
2915588|
2915589|
2915590|
2915591|
2915616|
2915617|
2915618|
2915619|
2915620|
2915621|
2915622|
2915623|
2915648|
2915649|
2915650|
2915651|
2915652|
2915653|
2915654|
2915655|
2915680|
2915681|
2915682|
2915683|
2915684|
2915685|
2915686|
2915687|
2915712|
2915713|
2915714|
2915715|
2915716|
2915717|
2915718|
2915719|
2915744|
2915745|
2915746|
2915747|
2915748|
2915749|
2915750|
2915751|
2915776|
2915777|
2915778|
2915779|
2915780|
2915781|
2915782|
2915783|
2915808|
2915809|
2915810|
2915811|
2915812|
2915813|
2915814|
2915815|
2915840|
2915841|
2915842|
2915843|
2915844|
2915845|
2915846|
2915847|
2915872|
2915873|
2915874|
2915875|
2915876|
2915877|
2915878|
2915879|
2915904|
2915905|
2915906|
2915907|
2915908|
2915909|
2915910|
2915911|
2915936|
2915937|
2915938|
2915939|
2915940|
2915941|
2915942|
2915943|
2915968|
2915969|
2915970|
2915971|
2915972|
2915973|
2915974|
2915975|
2916000|
