1548001|
1548002|
1548003|
1548004|
1548005|
1548006|
1548007|
1548032|
1548033|
1548034|
1548035|
1548036|
1548037|
1548038|
1548039|
1548064|
1548065|
1548066|
1548067|
1548068|
1548069|
1548070|
1548071|
1548096|
1548097|
1548098|
1548099|
1548100|
1548101|
1548102|
1548103|
1548128|
1548129|
1548130|
1548131|
1548132|
1548133|
1548134|
1548135|
1548160|
1548161|
1548162|
1548163|
1548164|
1548165|
1548166|
1548167|
1548192|
1548193|
1548194|
1548195|
1548196|
1548197|
1548198|
1548199|
1548224|
1548225|
1548226|
1548227|
1548228|
1548229|
1548230|
1548231|
1548256|
1548257|
1548258|
1548259|
1548260|
1548261|
1548262|
1548263|
1548288|
1548289|
1548290|
1548291|
1548292|
1548293|
1548294|
1548295|
1548320|
1548321|
1548322|
1548323|
1548324|
1548325|
1548326|
1548327|
1548352|
1548353|
1548354|
1548355|
1548356|
1548357|
1548358|
1548359|
1548384|
1548385|
1548386|
1548387|
1548388|
1548389|
1548390|
1548391|
1548416|
1548417|
1548418|
1548419|
1548420|
1548421|
1548422|
1548423|
1548448|
1548449|
1548450|
1548451|
1548452|
1548453|
1548454|
1548455|
1548480|
1548481|
1548482|
1548483|
1548484|
1548485|
1548486|
1548487|
1548512|
1548513|
1548514|
1548515|
1548516|
1548517|
1548518|
1548519|
1548544|
1548545|
1548546|
1548547|
1548548|
1548549|
1548550|
1548551|
1548576|
1548577|
1548578|
1548579|
1548580|
1548581|
1548582|
1548583|
1548608|
1548609|
1548610|
1548611|
1548612|
1548613|
1548614|
1548615|
1548640|
1548641|
1548642|
1548643|
1548644|
1548645|
1548646|
1548647|
1548672|
1548673|
1548674|
1548675|
1548676|
1548677|
1548678|
1548679|
1548704|
1548705|
1548706|
1548707|
1548708|
1548709|
1548710|
1548711|
1548736|
1548737|
1548738|
1548739|
1548740|
1548741|
1548742|
1548743|
1548768|
1548769|
1548770|
1548771|
1548772|
1548773|
1548774|
1548775|
1548800|
1548801|
1548802|
1548803|
1548804|
1548805|
1548806|
1548807|
1548832|
1548833|
1548834|
1548835|
1548836|
1548837|
1548838|
1548839|
1548864|
1548865|
1548866|
1548867|
1548868|
1548869|
1548870|
1548871|
1548896|
1548897|
1548898|
1548899|
1548900|
1548901|
1548902|
1548903|
1548928|
1548929|
1548930|
1548931|
1548932|
1548933|
1548934|
1548935|
1548960|
1548961|
1548962|
1548963|
1548964|
1548965|
1548966|
1548967|
1548992|
1548993|
1548994|
1548995|
1548996|
1548997|
1548998|
1548999|
1549024|
1549025|
1549026|
1549027|
1549028|
1549029|
1549030|
1549031|
1549056|
1549057|
1549058|
1549059|
1549060|
1549061|
1549062|
1549063|
1549088|
1549089|
1549090|
1549091|
1549092|
1549093|
1549094|
1549095|
1549120|
1549121|
1549122|
1549123|
1549124|
1549125|
1549126|
1549127|
1549152|
1549153|
1549154|
1549155|
1549156|
1549157|
1549158|
1549159|
1549184|
1549185|
1549186|
1549187|
1549188|
1549189|
1549190|
1549191|
1549216|
1549217|
1549218|
1549219|
1549220|
1549221|
1549222|
1549223|
1549248|
1549249|
1549250|
1549251|
1549252|
1549253|
1549254|
1549255|
1549280|
1549281|
1549282|
1549283|
1549284|
1549285|
1549286|
1549287|
1549312|
1549313|
1549314|
1549315|
1549316|
1549317|
1549318|
1549319|
1549344|
1549345|
1549346|
1549347|
1549348|
1549349|
1549350|
1549351|
1549376|
1549377|
1549378|
1549379|
1549380|
1549381|
1549382|
1549383|
1549408|
1549409|
1549410|
1549411|
1549412|
1549413|
1549414|
1549415|
1549440|
1549441|
1549442|
1549443|
1549444|
1549445|
1549446|
1549447|
1549472|
1549473|
1549474|
1549475|
1549476|
1549477|
1549478|
1549479|
1549504|
1549505|
1549506|
1549507|
1549508|
1549509|
1549510|
1549511|
1549536|
1549537|
1549538|
1549539|
1549540|
1549541|
1549542|
1549543|
1549568|
1549569|
1549570|
1549571|
1549572|
1549573|
1549574|
1549575|
1549600|
1549601|
1549602|
1549603|
1549604|
1549605|
1549606|
1549607|
1549632|
1549633|
1549634|
1549635|
1549636|
1549637|
1549638|
1549639|
1549664|
1549665|
1549666|
1549667|
1549668|
1549669|
1549670|
1549671|
1549696|
1549697|
1549698|
1549699|
1549700|
1549701|
1549702|
1549703|
1549728|
1549729|
1549730|
1549731|
1549732|
1549733|
1549734|
1549735|
1549760|
1549761|
1549762|
1549763|
1549764|
1549765|
1549766|
1549767|
1549792|
1549793|
1549794|
1549795|
1549796|
1549797|
1549798|
1549799|
1549824|
1549825|
1549826|
1549827|
1549828|
1549829|
1549830|
1549831|
1549856|
1549857|
1549858|
1549859|
1549860|
1549861|
1549862|
1549863|
1549888|
1549889|
1549890|
1549891|
1549892|
1549893|
1549894|
1549895|
1549920|
1549921|
1549922|
1549923|
1549924|
1549925|
1549926|
1549927|
1549952|
1549953|
1549954|
1549955|
1549956|
1549957|
1549958|
1549959|
1549984|
1549985|
1549986|
1549987|
1549988|
1549989|
1549990|
1549991|
1550016|
1550017|
1550018|
1550019|
1550020|
1550021|
1550022|
1550023|
1550048|
1550049|
1550050|
1550051|
1550052|
1550053|
1550054|
1550055|
1550080|
1550081|
1550082|
1550083|
1550084|
1550085|
1550086|
1550087|
1550112|
1550113|
1550114|
1550115|
1550116|
1550117|
1550118|
1550119|
1550144|
1550145|
1550146|
1550147|
1550148|
1550149|
1550150|
1550151|
1550176|
1550177|
1550178|
1550179|
1550180|
1550181|
1550182|
1550183|
1550208|
1550209|
1550210|
1550211|
1550212|
1550213|
1550214|
1550215|
1550240|
1550241|
1550242|
1550243|
1550244|
1550245|
1550246|
1550247|
1550272|
1550273|
1550274|
1550275|
1550276|
1550277|
1550278|
1550279|
1550304|
1550305|
1550306|
1550307|
1550308|
1550309|
1550310|
1550311|
1550336|
1550337|
1550338|
1550339|
1550340|
1550341|
1550342|
1550343|
1550368|
1550369|
1550370|
1550371|
1550372|
1550373|
1550374|
1550375|
1550400|
1550401|
1550402|
1550403|
1550404|
1550405|
1550406|
1550407|
1550432|
1550433|
1550434|
1550435|
1550436|
1550437|
1550438|
1550439|
1550464|
1550465|
1550466|
1550467|
1550468|
1550469|
1550470|
1550471|
1550496|
1550497|
1550498|
1550499|
1550500|
1550501|
1550502|
1550503|
1550528|
1550529|
1550530|
1550531|
1550532|
1550533|
1550534|
1550535|
1550560|
1550561|
1550562|
1550563|
1550564|
1550565|
1550566|
1550567|
1550592|
1550593|
1550594|
1550595|
1550596|
1550597|
1550598|
1550599|
1550624|
1550625|
1550626|
1550627|
1550628|
1550629|
1550630|
1550631|
1550656|
1550657|
1550658|
1550659|
1550660|
1550661|
1550662|
1550663|
1550688|
1550689|
1550690|
1550691|
1550692|
1550693|
1550694|
1550695|
1550720|
1550721|
1550722|
1550723|
1550724|
1550725|
1550726|
1550727|
1550752|
1550753|
1550754|
1550755|
1550756|
1550757|
1550758|
1550759|
1550784|
1550785|
1550786|
1550787|
1550788|
1550789|
1550790|
1550791|
1550816|
1550817|
1550818|
1550819|
1550820|
1550821|
1550822|
1550823|
1550848|
1550849|
1550850|
1550851|
1550852|
1550853|
1550854|
1550855|
1550880|
1550881|
1550882|
1550883|
1550884|
1550885|
1550886|
1550887|
1550912|
1550913|
1550914|
1550915|
1550916|
1550917|
1550918|
1550919|
1550944|
1550945|
1550946|
1550947|
1550948|
1550949|
1550950|
1550951|
1550976|
1550977|
1550978|
1550979|
1550980|
1550981|
1550982|
1550983|
1551008|
1551009|
1551010|
1551011|
1551012|
1551013|
1551014|
1551015|
1551040|
1551041|
1551042|
1551043|
1551044|
1551045|
1551046|
1551047|
1551072|
1551073|
1551074|
1551075|
1551076|
1551077|
1551078|
1551079|
1551104|
1551105|
1551106|
1551107|
1551108|
1551109|
1551110|
1551111|
1551136|
1551137|
1551138|
1551139|
1551140|
1551141|
1551142|
1551143|
1551168|
1551169|
1551170|
1551171|
1551172|
1551173|
1551174|
1551175|
1551200|
1551201|
1551202|
1551203|
1551204|
1551205|
1551206|
1551207|
1551232|
1551233|
1551234|
1551235|
1551236|
1551237|
1551238|
1551239|
1551264|
1551265|
1551266|
1551267|
1551268|
1551269|
1551270|
1551271|
1551296|
1551297|
1551298|
1551299|
1551300|
1551301|
1551302|
1551303|
1551328|
1551329|
1551330|
1551331|
1551332|
1551333|
1551334|
1551335|
1551360|
1551361|
1551362|
1551363|
1551364|
1551365|
1551366|
1551367|
1551392|
1551393|
1551394|
1551395|
1551396|
1551397|
1551398|
1551399|
1551424|
1551425|
1551426|
1551427|
1551428|
1551429|
1551430|
1551431|
1551456|
1551457|
1551458|
1551459|
1551460|
1551461|
1551462|
1551463|
1551488|
1551489|
1551490|
1551491|
1551492|
1551493|
1551494|
1551495|
1551520|
1551521|
1551522|
1551523|
1551524|
1551525|
1551526|
1551527|
1551552|
1551553|
1551554|
1551555|
1551556|
1551557|
1551558|
1551559|
1551584|
1551585|
1551586|
1551587|
1551588|
1551589|
1551590|
1551591|
1551616|
1551617|
1551618|
1551619|
1551620|
1551621|
1551622|
1551623|
1551648|
1551649|
1551650|
1551651|
1551652|
1551653|
1551654|
1551655|
1551680|
1551681|
1551682|
1551683|
1551684|
1551685|
1551686|
1551687|
1551712|
1551713|
1551714|
1551715|
1551716|
1551717|
1551718|
1551719|
1551744|
1551745|
1551746|
1551747|
1551748|
1551749|
1551750|
1551751|
1551776|
1551777|
1551778|
1551779|
1551780|
1551781|
1551782|
1551783|
1551808|
1551809|
1551810|
1551811|
1551812|
1551813|
1551814|
1551815|
1551840|
1551841|
1551842|
1551843|
1551844|
1551845|
1551846|
1551847|
1551872|
1551873|
1551874|
1551875|
1551876|
1551877|
1551878|
1551879|
1551904|
1551905|
1551906|
1551907|
1551908|
1551909|
1551910|
1551911|
1551936|
1551937|
1551938|
1551939|
1551940|
1551941|
1551942|
1551943|
1551968|
1551969|
1551970|
1551971|
1551972|
1551973|
1551974|
1551975|
1552000|
1552001|
1552002|
1552003|
1552004|
1552005|
1552006|
1552007|
1552032|
1552033|
1552034|
1552035|
1552036|
1552037|
1552038|
1552039|
1552064|
1552065|
1552066|
1552067|
1552068|
1552069|
1552070|
1552071|
1552096|
1552097|
1552098|
1552099|
1552100|
1552101|
1552102|
1552103|
1552128|
1552129|
1552130|
1552131|
1552132|
1552133|
1552134|
1552135|
1552160|
1552161|
1552162|
1552163|
1552164|
1552165|
1552166|
1552167|
1552192|
1552193|
1552194|
1552195|
1552196|
1552197|
1552198|
1552199|
1552224|
1552225|
1552226|
1552227|
1552228|
1552229|
1552230|
1552231|
1552256|
1552257|
1552258|
1552259|
1552260|
1552261|
1552262|
1552263|
1552288|
1552289|
1552290|
1552291|
1552292|
1552293|
1552294|
1552295|
1552320|
1552321|
1552322|
1552323|
1552324|
1552325|
1552326|
1552327|
1552352|
1552353|
1552354|
1552355|
1552356|
1552357|
1552358|
1552359|
1552384|
1552385|
1552386|
1552387|
1552388|
1552389|
1552390|
1552391|
1552416|
1552417|
1552418|
1552419|
1552420|
1552421|
1552422|
1552423|
1552448|
1552449|
1552450|
1552451|
1552452|
1552453|
1552454|
1552455|
1552480|
1552481|
1552482|
1552483|
1552484|
1552485|
1552486|
1552487|
1552512|
1552513|
1552514|
1552515|
1552516|
1552517|
1552518|
1552519|
1552544|
1552545|
1552546|
1552547|
1552548|
1552549|
1552550|
1552551|
1552576|
1552577|
1552578|
1552579|
1552580|
1552581|
1552582|
1552583|
1552608|
1552609|
1552610|
1552611|
1552612|
1552613|
1552614|
1552615|
1552640|
1552641|
1552642|
1552643|
1552644|
1552645|
1552646|
1552647|
1552672|
1552673|
1552674|
1552675|
1552676|
1552677|
1552678|
1552679|
1552704|
1552705|
1552706|
1552707|
1552708|
1552709|
1552710|
1552711|
1552736|
1552737|
1552738|
1552739|
1552740|
1552741|
1552742|
1552743|
1552768|
1552769|
1552770|
1552771|
1552772|
1552773|
1552774|
1552775|
1552800|
1552801|
1552802|
1552803|
1552804|
1552805|
1552806|
1552807|
1552832|
1552833|
1552834|
1552835|
1552836|
1552837|
1552838|
1552839|
1552864|
1552865|
1552866|
1552867|
1552868|
1552869|
1552870|
1552871|
1552896|
1552897|
1552898|
1552899|
1552900|
1552901|
1552902|
1552903|
1552928|
1552929|
1552930|
1552931|
1552932|
1552933|
1552934|
1552935|
1552960|
1552961|
1552962|
1552963|
1552964|
1552965|
1552966|
1552967|
1552992|
1552993|
1552994|
1552995|
1552996|
1552997|
1552998|
1552999|
1553024|
1553025|
1553026|
1553027|
1553028|
1553029|
1553030|
1553031|
1553056|
1553057|
1553058|
1553059|
1553060|
1553061|
1553062|
1553063|
1553088|
1553089|
1553090|
1553091|
1553092|
1553093|
1553094|
1553095|
1553120|
1553121|
1553122|
1553123|
1553124|
1553125|
1553126|
1553127|
1553152|
1553153|
1553154|
1553155|
1553156|
1553157|
1553158|
1553159|
1553184|
1553185|
1553186|
1553187|
1553188|
1553189|
1553190|
1553191|
1553216|
1553217|
1553218|
1553219|
1553220|
1553221|
1553222|
1553223|
1553248|
1553249|
1553250|
1553251|
1553252|
1553253|
1553254|
1553255|
1553280|
1553281|
1553282|
1553283|
1553284|
1553285|
1553286|
1553287|
1553312|
1553313|
1553314|
1553315|
1553316|
1553317|
1553318|
1553319|
1553344|
1553345|
1553346|
1553347|
1553348|
1553349|
1553350|
1553351|
1553376|
1553377|
1553378|
1553379|
1553380|
1553381|
1553382|
1553383|
1553408|
1553409|
1553410|
1553411|
1553412|
1553413|
1553414|
1553415|
1553440|
1553441|
1553442|
1553443|
1553444|
1553445|
1553446|
1553447|
1553472|
1553473|
1553474|
1553475|
1553476|
1553477|
1553478|
1553479|
1553504|
1553505|
1553506|
1553507|
1553508|
1553509|
1553510|
1553511|
1553536|
1553537|
1553538|
1553539|
1553540|
1553541|
1553542|
1553543|
1553568|
1553569|
1553570|
1553571|
1553572|
1553573|
1553574|
1553575|
1553600|
1553601|
1553602|
1553603|
1553604|
1553605|
1553606|
1553607|
1553632|
1553633|
1553634|
1553635|
1553636|
1553637|
1553638|
1553639|
1553664|
1553665|
1553666|
1553667|
1553668|
1553669|
1553670|
1553671|
1553696|
1553697|
1553698|
1553699|
1553700|
1553701|
1553702|
1553703|
1553728|
1553729|
1553730|
1553731|
1553732|
1553733|
1553734|
1553735|
1553760|
1553761|
1553762|
1553763|
1553764|
1553765|
1553766|
1553767|
1553792|
1553793|
1553794|
1553795|
1553796|
1553797|
1553798|
1553799|
1553824|
1553825|
1553826|
1553827|
1553828|
1553829|
1553830|
1553831|
1553856|
1553857|
1553858|
1553859|
1553860|
1553861|
1553862|
1553863|
1553888|
1553889|
1553890|
1553891|
1553892|
1553893|
1553894|
1553895|
1553920|
1553921|
1553922|
1553923|
1553924|
1553925|
1553926|
1553927|
1553952|
1553953|
1553954|
1553955|
1553956|
1553957|
1553958|
1553959|
1553984|
1553985|
1553986|
1553987|
1553988|
