2196001|
2196002|
2196003|
2196004|
2196005|
2196006|
2196007|
2196032|
2196033|
2196034|
2196035|
2196036|
2196037|
2196038|
2196039|
2196064|
2196065|
2196066|
2196067|
2196068|
2196069|
2196070|
2196071|
2196096|
2196097|
2196098|
2196099|
2196100|
2196101|
2196102|
2196103|
2196128|
2196129|
2196130|
2196131|
2196132|
2196133|
2196134|
2196135|
2196160|
2196161|
2196162|
2196163|
2196164|
2196165|
2196166|
2196167|
2196192|
2196193|
2196194|
2196195|
2196196|
2196197|
2196198|
2196199|
2196224|
2196225|
2196226|
2196227|
2196228|
2196229|
2196230|
2196231|
2196256|
2196257|
2196258|
2196259|
2196260|
2196261|
2196262|
2196263|
2196288|
2196289|
2196290|
2196291|
2196292|
2196293|
2196294|
2196295|
2196320|
2196321|
2196322|
2196323|
2196324|
2196325|
2196326|
2196327|
2196352|
2196353|
2196354|
2196355|
2196356|
2196357|
2196358|
2196359|
2196384|
2196385|
2196386|
2196387|
2196388|
2196389|
2196390|
2196391|
2196416|
2196417|
2196418|
2196419|
2196420|
2196421|
2196422|
2196423|
2196448|
2196449|
2196450|
2196451|
2196452|
2196453|
2196454|
2196455|
2196480|
2196481|
2196482|
2196483|
2196484|
2196485|
2196486|
2196487|
2196512|
2196513|
2196514|
2196515|
2196516|
2196517|
2196518|
2196519|
2196544|
2196545|
2196546|
2196547|
2196548|
2196549|
2196550|
2196551|
2196576|
2196577|
2196578|
2196579|
2196580|
2196581|
2196582|
2196583|
2196608|
2196609|
2196610|
2196611|
2196612|
2196613|
2196614|
2196615|
2196640|
2196641|
2196642|
2196643|
2196644|
2196645|
2196646|
2196647|
2196672|
2196673|
2196674|
2196675|
2196676|
2196677|
2196678|
2196679|
2196704|
2196705|
2196706|
2196707|
2196708|
2196709|
2196710|
2196711|
2196736|
2196737|
2196738|
2196739|
2196740|
2196741|
2196742|
2196743|
2196768|
2196769|
2196770|
2196771|
2196772|
2196773|
2196774|
2196775|
2196800|
2196801|
2196802|
2196803|
2196804|
2196805|
2196806|
2196807|
2196832|
2196833|
2196834|
2196835|
2196836|
2196837|
2196838|
2196839|
2196864|
2196865|
2196866|
2196867|
2196868|
2196869|
2196870|
2196871|
2196896|
2196897|
2196898|
2196899|
2196900|
2196901|
2196902|
2196903|
2196928|
2196929|
2196930|
2196931|
2196932|
2196933|
2196934|
2196935|
2196960|
2196961|
2196962|
2196963|
2196964|
2196965|
2196966|
2196967|
2196992|
2196993|
2196994|
2196995|
2196996|
2196997|
2196998|
2196999|
2197024|
2197025|
2197026|
2197027|
2197028|
2197029|
2197030|
2197031|
2197056|
2197057|
2197058|
2197059|
2197060|
2197061|
2197062|
2197063|
2197088|
2197089|
2197090|
2197091|
2197092|
2197093|
2197094|
2197095|
2197120|
2197121|
2197122|
2197123|
2197124|
2197125|
2197126|
2197127|
2197152|
2197153|
2197154|
2197155|
2197156|
2197157|
2197158|
2197159|
2197184|
2197185|
2197186|
2197187|
2197188|
2197189|
2197190|
2197191|
2197216|
2197217|
2197218|
2197219|
2197220|
2197221|
2197222|
2197223|
2197248|
2197249|
2197250|
2197251|
2197252|
2197253|
2197254|
2197255|
2197280|
2197281|
2197282|
2197283|
2197284|
2197285|
2197286|
2197287|
2197312|
2197313|
2197314|
2197315|
2197316|
2197317|
2197318|
2197319|
2197344|
2197345|
2197346|
2197347|
2197348|
2197349|
2197350|
2197351|
2197376|
2197377|
2197378|
2197379|
2197380|
2197381|
2197382|
2197383|
2197408|
2197409|
2197410|
2197411|
2197412|
2197413|
2197414|
2197415|
2197440|
2197441|
2197442|
2197443|
2197444|
2197445|
2197446|
2197447|
2197472|
2197473|
2197474|
2197475|
2197476|
2197477|
2197478|
2197479|
2197504|
2197505|
2197506|
2197507|
2197508|
2197509|
2197510|
2197511|
2197536|
2197537|
2197538|
2197539|
2197540|
2197541|
2197542|
2197543|
2197568|
2197569|
2197570|
2197571|
2197572|
2197573|
2197574|
2197575|
2197600|
2197601|
2197602|
2197603|
2197604|
2197605|
2197606|
2197607|
2197632|
2197633|
2197634|
2197635|
2197636|
2197637|
2197638|
2197639|
2197664|
2197665|
2197666|
2197667|
2197668|
2197669|
2197670|
2197671|
2197696|
2197697|
2197698|
2197699|
2197700|
2197701|
2197702|
2197703|
2197728|
2197729|
2197730|
2197731|
2197732|
2197733|
2197734|
2197735|
2197760|
2197761|
2197762|
2197763|
2197764|
2197765|
2197766|
2197767|
2197792|
2197793|
2197794|
2197795|
2197796|
2197797|
2197798|
2197799|
2197824|
2197825|
2197826|
2197827|
2197828|
2197829|
2197830|
2197831|
2197856|
2197857|
2197858|
2197859|
2197860|
2197861|
2197862|
2197863|
2197888|
2197889|
2197890|
2197891|
2197892|
2197893|
2197894|
2197895|
2197920|
2197921|
2197922|
2197923|
2197924|
2197925|
2197926|
2197927|
2197952|
2197953|
2197954|
2197955|
2197956|
2197957|
2197958|
2197959|
2197984|
2197985|
2197986|
2197987|
2197988|
2197989|
2197990|
2197991|
2198016|
2198017|
2198018|
2198019|
2198020|
2198021|
2198022|
2198023|
2198048|
2198049|
2198050|
2198051|
2198052|
2198053|
2198054|
2198055|
2198080|
2198081|
2198082|
2198083|
2198084|
2198085|
2198086|
2198087|
2198112|
2198113|
2198114|
2198115|
2198116|
2198117|
2198118|
2198119|
2198144|
2198145|
2198146|
2198147|
2198148|
2198149|
2198150|
2198151|
2198176|
2198177|
2198178|
2198179|
2198180|
2198181|
2198182|
2198183|
2198208|
2198209|
2198210|
2198211|
2198212|
2198213|
2198214|
2198215|
2198240|
2198241|
2198242|
2198243|
2198244|
2198245|
2198246|
2198247|
2198272|
2198273|
2198274|
2198275|
2198276|
2198277|
2198278|
2198279|
2198304|
2198305|
2198306|
2198307|
2198308|
2198309|
2198310|
2198311|
2198336|
2198337|
2198338|
2198339|
2198340|
2198341|
2198342|
2198343|
2198368|
2198369|
2198370|
2198371|
2198372|
2198373|
2198374|
2198375|
2198400|
2198401|
2198402|
2198403|
2198404|
2198405|
2198406|
2198407|
2198432|
2198433|
2198434|
2198435|
2198436|
2198437|
2198438|
2198439|
2198464|
2198465|
2198466|
2198467|
2198468|
2198469|
2198470|
2198471|
2198496|
2198497|
2198498|
2198499|
2198500|
2198501|
2198502|
2198503|
2198528|
2198529|
2198530|
2198531|
2198532|
2198533|
2198534|
2198535|
2198560|
2198561|
2198562|
2198563|
2198564|
2198565|
2198566|
2198567|
2198592|
2198593|
2198594|
2198595|
2198596|
2198597|
2198598|
2198599|
2198624|
2198625|
2198626|
2198627|
2198628|
2198629|
2198630|
2198631|
2198656|
2198657|
2198658|
2198659|
2198660|
2198661|
2198662|
2198663|
2198688|
2198689|
2198690|
2198691|
2198692|
2198693|
2198694|
2198695|
2198720|
2198721|
2198722|
2198723|
2198724|
2198725|
2198726|
2198727|
2198752|
2198753|
2198754|
2198755|
2198756|
2198757|
2198758|
2198759|
2198784|
2198785|
2198786|
2198787|
2198788|
2198789|
2198790|
2198791|
2198816|
2198817|
2198818|
2198819|
2198820|
2198821|
2198822|
2198823|
2198848|
2198849|
2198850|
2198851|
2198852|
2198853|
2198854|
2198855|
2198880|
2198881|
2198882|
2198883|
2198884|
2198885|
2198886|
2198887|
2198912|
2198913|
2198914|
2198915|
2198916|
2198917|
2198918|
2198919|
2198944|
2198945|
2198946|
2198947|
2198948|
2198949|
2198950|
2198951|
2198976|
2198977|
2198978|
2198979|
2198980|
2198981|
2198982|
2198983|
2199008|
2199009|
2199010|
2199011|
2199012|
2199013|
2199014|
2199015|
2199040|
2199041|
2199042|
2199043|
2199044|
2199045|
2199046|
2199047|
2199072|
2199073|
2199074|
2199075|
2199076|
2199077|
2199078|
2199079|
2199104|
2199105|
2199106|
2199107|
2199108|
2199109|
2199110|
2199111|
2199136|
2199137|
2199138|
2199139|
2199140|
2199141|
2199142|
2199143|
2199168|
2199169|
2199170|
2199171|
2199172|
2199173|
2199174|
2199175|
2199200|
2199201|
2199202|
2199203|
2199204|
2199205|
2199206|
2199207|
2199232|
2199233|
2199234|
2199235|
2199236|
2199237|
2199238|
2199239|
2199264|
2199265|
2199266|
2199267|
2199268|
2199269|
2199270|
2199271|
2199296|
2199297|
2199298|
2199299|
2199300|
2199301|
2199302|
2199303|
2199328|
2199329|
2199330|
2199331|
2199332|
2199333|
2199334|
2199335|
2199360|
2199361|
2199362|
2199363|
2199364|
2199365|
2199366|
2199367|
2199392|
2199393|
2199394|
2199395|
2199396|
2199397|
2199398|
2199399|
2199424|
2199425|
2199426|
2199427|
2199428|
2199429|
2199430|
2199431|
2199456|
2199457|
2199458|
2199459|
2199460|
2199461|
2199462|
2199463|
2199488|
2199489|
2199490|
2199491|
2199492|
2199493|
2199494|
2199495|
2199520|
2199521|
2199522|
2199523|
2199524|
2199525|
2199526|
2199527|
2199552|
2199553|
2199554|
2199555|
2199556|
2199557|
2199558|
2199559|
2199584|
2199585|
2199586|
2199587|
2199588|
2199589|
2199590|
2199591|
2199616|
2199617|
2199618|
2199619|
2199620|
2199621|
2199622|
2199623|
2199648|
2199649|
2199650|
2199651|
2199652|
2199653|
2199654|
2199655|
2199680|
2199681|
2199682|
2199683|
2199684|
2199685|
2199686|
2199687|
2199712|
2199713|
2199714|
2199715|
2199716|
2199717|
2199718|
2199719|
2199744|
2199745|
2199746|
2199747|
2199748|
2199749|
2199750|
2199751|
2199776|
2199777|
2199778|
2199779|
2199780|
2199781|
2199782|
2199783|
2199808|
2199809|
2199810|
2199811|
2199812|
2199813|
2199814|
2199815|
2199840|
2199841|
2199842|
2199843|
2199844|
2199845|
2199846|
2199847|
2199872|
2199873|
2199874|
2199875|
2199876|
2199877|
2199878|
2199879|
2199904|
2199905|
2199906|
2199907|
2199908|
2199909|
2199910|
2199911|
2199936|
2199937|
2199938|
2199939|
2199940|
2199941|
2199942|
2199943|
2199968|
2199969|
2199970|
2199971|
2199972|
2199973|
2199974|
2199975|
2200000|
2200001|
2200002|
2200003|
2200004|
2200005|
2200006|
2200007|
2200032|
2200033|
2200034|
2200035|
2200036|
2200037|
2200038|
2200039|
2200064|
2200065|
2200066|
2200067|
2200068|
2200069|
2200070|
2200071|
2200096|
2200097|
2200098|
2200099|
2200100|
2200101|
2200102|
2200103|
2200128|
2200129|
2200130|
2200131|
2200132|
2200133|
2200134|
2200135|
2200160|
2200161|
2200162|
2200163|
2200164|
2200165|
2200166|
2200167|
2200192|
2200193|
2200194|
2200195|
2200196|
2200197|
2200198|
2200199|
2200224|
2200225|
2200226|
2200227|
2200228|
2200229|
2200230|
2200231|
2200256|
2200257|
2200258|
2200259|
2200260|
2200261|
2200262|
2200263|
2200288|
2200289|
2200290|
2200291|
2200292|
2200293|
2200294|
2200295|
2200320|
2200321|
2200322|
2200323|
2200324|
2200325|
2200326|
2200327|
2200352|
2200353|
2200354|
2200355|
2200356|
2200357|
2200358|
2200359|
2200384|
2200385|
2200386|
2200387|
2200388|
2200389|
2200390|
2200391|
2200416|
2200417|
2200418|
2200419|
2200420|
2200421|
2200422|
2200423|
2200448|
2200449|
2200450|
2200451|
2200452|
2200453|
2200454|
2200455|
2200480|
2200481|
2200482|
2200483|
2200484|
2200485|
2200486|
2200487|
2200512|
2200513|
2200514|
2200515|
2200516|
2200517|
2200518|
2200519|
2200544|
2200545|
2200546|
2200547|
2200548|
2200549|
2200550|
2200551|
2200576|
2200577|
2200578|
2200579|
2200580|
2200581|
2200582|
2200583|
2200608|
2200609|
2200610|
2200611|
2200612|
2200613|
2200614|
2200615|
2200640|
2200641|
2200642|
2200643|
2200644|
2200645|
2200646|
2200647|
2200672|
2200673|
2200674|
2200675|
2200676|
2200677|
2200678|
2200679|
2200704|
2200705|
2200706|
2200707|
2200708|
2200709|
2200710|
2200711|
2200736|
2200737|
2200738|
2200739|
2200740|
2200741|
2200742|
2200743|
2200768|
2200769|
2200770|
2200771|
2200772|
2200773|
2200774|
2200775|
2200800|
2200801|
2200802|
2200803|
2200804|
2200805|
2200806|
2200807|
2200832|
2200833|
2200834|
2200835|
2200836|
2200837|
2200838|
2200839|
2200864|
2200865|
2200866|
2200867|
2200868|
2200869|
2200870|
2200871|
2200896|
2200897|
2200898|
2200899|
2200900|
2200901|
2200902|
2200903|
2200928|
2200929|
2200930|
2200931|
2200932|
2200933|
2200934|
2200935|
2200960|
2200961|
2200962|
2200963|
2200964|
2200965|
2200966|
2200967|
2200992|
2200993|
2200994|
2200995|
2200996|
2200997|
2200998|
2200999|
2201024|
2201025|
2201026|
2201027|
2201028|
2201029|
2201030|
2201031|
2201056|
2201057|
2201058|
2201059|
2201060|
2201061|
2201062|
2201063|
2201088|
2201089|
2201090|
2201091|
2201092|
2201093|
2201094|
2201095|
2201120|
2201121|
2201122|
2201123|
2201124|
2201125|
2201126|
2201127|
2201152|
2201153|
2201154|
2201155|
2201156|
2201157|
2201158|
2201159|
2201184|
2201185|
2201186|
2201187|
2201188|
2201189|
2201190|
2201191|
2201216|
2201217|
2201218|
2201219|
2201220|
2201221|
2201222|
2201223|
2201248|
2201249|
2201250|
2201251|
2201252|
2201253|
2201254|
2201255|
2201280|
2201281|
2201282|
2201283|
2201284|
2201285|
2201286|
2201287|
2201312|
2201313|
2201314|
2201315|
2201316|
2201317|
2201318|
2201319|
2201344|
2201345|
2201346|
2201347|
2201348|
2201349|
2201350|
2201351|
2201376|
2201377|
2201378|
2201379|
2201380|
2201381|
2201382|
2201383|
2201408|
2201409|
2201410|
2201411|
2201412|
2201413|
2201414|
2201415|
2201440|
2201441|
2201442|
2201443|
2201444|
2201445|
2201446|
2201447|
2201472|
2201473|
2201474|
2201475|
2201476|
2201477|
2201478|
2201479|
2201504|
2201505|
2201506|
2201507|
2201508|
2201509|
2201510|
2201511|
2201536|
2201537|
2201538|
2201539|
2201540|
2201541|
2201542|
2201543|
2201568|
2201569|
2201570|
2201571|
2201572|
2201573|
2201574|
2201575|
2201600|
2201601|
2201602|
2201603|
2201604|
2201605|
2201606|
2201607|
2201632|
2201633|
2201634|
2201635|
2201636|
2201637|
2201638|
2201639|
2201664|
2201665|
2201666|
2201667|
2201668|
2201669|
2201670|
2201671|
2201696|
2201697|
2201698|
2201699|
2201700|
2201701|
2201702|
2201703|
2201728|
2201729|
2201730|
2201731|
2201732|
2201733|
2201734|
2201735|
2201760|
2201761|
2201762|
2201763|
2201764|
2201765|
2201766|
2201767|
2201792|
2201793|
2201794|
2201795|
2201796|
2201797|
2201798|
2201799|
2201824|
2201825|
2201826|
2201827|
2201828|
2201829|
2201830|
2201831|
2201856|
2201857|
2201858|
2201859|
2201860|
2201861|
2201862|
2201863|
2201888|
2201889|
2201890|
2201891|
2201892|
2201893|
2201894|
2201895|
2201920|
2201921|
2201922|
2201923|
2201924|
2201925|
2201926|
2201927|
2201952|
2201953|
2201954|
2201955|
2201956|
2201957|
2201958|
2201959|
2201984|
2201985|
2201986|
2201987|
2201988|
