816001|
816002|
816003|
816004|
816005|
816006|
816007|
816032|
816033|
816034|
816035|
816036|
816037|
816038|
816039|
816064|
816065|
816066|
816067|
816068|
816069|
816070|
816071|
816096|
816097|
816098|
816099|
816100|
816101|
816102|
816103|
816128|
816129|
816130|
816131|
816132|
816133|
816134|
816135|
816160|
816161|
816162|
816163|
816164|
816165|
816166|
816167|
816192|
816193|
816194|
816195|
816196|
816197|
816198|
816199|
816224|
816225|
816226|
816227|
816228|
816229|
816230|
816231|
816256|
816257|
816258|
816259|
816260|
816261|
816262|
816263|
816288|
816289|
816290|
816291|
816292|
816293|
816294|
816295|
816320|
816321|
816322|
816323|
816324|
816325|
816326|
816327|
816352|
816353|
816354|
816355|
816356|
816357|
816358|
816359|
816384|
816385|
816386|
816387|
816388|
816389|
816390|
816391|
816416|
816417|
816418|
816419|
816420|
816421|
816422|
816423|
816448|
816449|
816450|
816451|
816452|
816453|
816454|
816455|
816480|
816481|
816482|
816483|
816484|
816485|
816486|
816487|
816512|
816513|
816514|
816515|
816516|
816517|
816518|
816519|
816544|
816545|
816546|
816547|
816548|
816549|
816550|
816551|
816576|
816577|
816578|
816579|
816580|
816581|
816582|
816583|
816608|
816609|
816610|
816611|
816612|
816613|
816614|
816615|
816640|
816641|
816642|
816643|
816644|
816645|
816646|
816647|
816672|
816673|
816674|
816675|
816676|
816677|
816678|
816679|
816704|
816705|
816706|
816707|
816708|
816709|
816710|
816711|
816736|
816737|
816738|
816739|
816740|
816741|
816742|
816743|
816768|
816769|
816770|
816771|
816772|
816773|
816774|
816775|
816800|
816801|
816802|
816803|
816804|
816805|
816806|
816807|
816832|
816833|
816834|
816835|
816836|
816837|
816838|
816839|
816864|
816865|
816866|
816867|
816868|
816869|
816870|
816871|
816896|
816897|
816898|
816899|
816900|
816901|
816902|
816903|
816928|
816929|
816930|
816931|
816932|
816933|
816934|
816935|
816960|
816961|
816962|
816963|
816964|
816965|
816966|
816967|
816992|
816993|
816994|
816995|
816996|
816997|
816998|
816999|
817024|
817025|
817026|
817027|
817028|
817029|
817030|
817031|
817056|
817057|
817058|
817059|
817060|
817061|
817062|
817063|
817088|
817089|
817090|
817091|
817092|
817093|
817094|
817095|
817120|
817121|
817122|
817123|
817124|
817125|
817126|
817127|
817152|
817153|
817154|
817155|
817156|
817157|
817158|
817159|
817184|
817185|
817186|
817187|
817188|
817189|
817190|
817191|
817216|
817217|
817218|
817219|
817220|
817221|
817222|
817223|
817248|
817249|
817250|
817251|
817252|
817253|
817254|
817255|
817280|
817281|
817282|
817283|
817284|
817285|
817286|
817287|
817312|
817313|
817314|
817315|
817316|
817317|
817318|
817319|
817344|
817345|
817346|
817347|
817348|
817349|
817350|
817351|
817376|
817377|
817378|
817379|
817380|
817381|
817382|
817383|
817408|
817409|
817410|
817411|
817412|
817413|
817414|
817415|
817440|
817441|
817442|
817443|
817444|
817445|
817446|
817447|
817472|
817473|
817474|
817475|
817476|
817477|
817478|
817479|
817504|
817505|
817506|
817507|
817508|
817509|
817510|
817511|
817536|
817537|
817538|
817539|
817540|
817541|
817542|
817543|
817568|
817569|
817570|
817571|
817572|
817573|
817574|
817575|
817600|
817601|
817602|
817603|
817604|
817605|
817606|
817607|
817632|
817633|
817634|
817635|
817636|
817637|
817638|
817639|
817664|
817665|
817666|
817667|
817668|
817669|
817670|
817671|
817696|
817697|
817698|
817699|
817700|
817701|
817702|
817703|
817728|
817729|
817730|
817731|
817732|
817733|
817734|
817735|
817760|
817761|
817762|
817763|
817764|
817765|
817766|
817767|
817792|
817793|
817794|
817795|
817796|
817797|
817798|
817799|
817824|
817825|
817826|
817827|
817828|
817829|
817830|
817831|
817856|
817857|
817858|
817859|
817860|
817861|
817862|
817863|
817888|
817889|
817890|
817891|
817892|
817893|
817894|
817895|
817920|
817921|
817922|
817923|
817924|
817925|
817926|
817927|
817952|
817953|
817954|
817955|
817956|
817957|
817958|
817959|
817984|
817985|
817986|
817987|
817988|
817989|
817990|
817991|
818016|
818017|
818018|
818019|
818020|
818021|
818022|
818023|
818048|
818049|
818050|
818051|
818052|
818053|
818054|
818055|
818080|
818081|
818082|
818083|
818084|
818085|
818086|
818087|
818112|
818113|
818114|
818115|
818116|
818117|
818118|
818119|
818144|
818145|
818146|
818147|
818148|
818149|
818150|
818151|
818176|
818177|
818178|
818179|
818180|
818181|
818182|
818183|
818208|
818209|
818210|
818211|
818212|
818213|
818214|
818215|
818240|
818241|
818242|
818243|
818244|
818245|
818246|
818247|
818272|
818273|
818274|
818275|
818276|
818277|
818278|
818279|
818304|
818305|
818306|
818307|
818308|
818309|
818310|
818311|
818336|
818337|
818338|
818339|
818340|
818341|
818342|
818343|
818368|
818369|
818370|
818371|
818372|
818373|
818374|
818375|
818400|
818401|
818402|
818403|
818404|
818405|
818406|
818407|
818432|
818433|
818434|
818435|
818436|
818437|
818438|
818439|
818464|
818465|
818466|
818467|
818468|
818469|
818470|
818471|
818496|
818497|
818498|
818499|
818500|
818501|
818502|
818503|
818528|
818529|
818530|
818531|
818532|
818533|
818534|
818535|
818560|
818561|
818562|
818563|
818564|
818565|
818566|
818567|
818592|
818593|
818594|
818595|
818596|
818597|
818598|
818599|
818624|
818625|
818626|
818627|
818628|
818629|
818630|
818631|
818656|
818657|
818658|
818659|
818660|
818661|
818662|
818663|
818688|
818689|
818690|
818691|
818692|
818693|
818694|
818695|
818720|
818721|
818722|
818723|
818724|
818725|
818726|
818727|
818752|
818753|
818754|
818755|
818756|
818757|
818758|
818759|
818784|
818785|
818786|
818787|
818788|
818789|
818790|
818791|
818816|
818817|
818818|
818819|
818820|
818821|
818822|
818823|
818848|
818849|
818850|
818851|
818852|
818853|
818854|
818855|
818880|
818881|
818882|
818883|
818884|
818885|
818886|
818887|
818912|
818913|
818914|
818915|
818916|
818917|
818918|
818919|
818944|
818945|
818946|
818947|
818948|
818949|
818950|
818951|
818976|
818977|
818978|
818979|
818980|
818981|
818982|
818983|
819008|
819009|
819010|
819011|
819012|
819013|
819014|
819015|
819040|
819041|
819042|
819043|
819044|
819045|
819046|
819047|
819072|
819073|
819074|
819075|
819076|
819077|
819078|
819079|
819104|
819105|
819106|
819107|
819108|
819109|
819110|
819111|
819136|
819137|
819138|
819139|
819140|
819141|
819142|
819143|
819168|
819169|
819170|
819171|
819172|
819173|
819174|
819175|
819200|
819201|
819202|
819203|
819204|
819205|
819206|
819207|
819232|
819233|
819234|
819235|
819236|
819237|
819238|
819239|
819264|
819265|
819266|
819267|
819268|
819269|
819270|
819271|
819296|
819297|
819298|
819299|
819300|
819301|
819302|
819303|
819328|
819329|
819330|
819331|
819332|
819333|
819334|
819335|
819360|
819361|
819362|
819363|
819364|
819365|
819366|
819367|
819392|
819393|
819394|
819395|
819396|
819397|
819398|
819399|
819424|
819425|
819426|
819427|
819428|
819429|
819430|
819431|
819456|
819457|
819458|
819459|
819460|
819461|
819462|
819463|
819488|
819489|
819490|
819491|
819492|
819493|
819494|
819495|
819520|
819521|
819522|
819523|
819524|
819525|
819526|
819527|
819552|
819553|
819554|
819555|
819556|
819557|
819558|
819559|
819584|
819585|
819586|
819587|
819588|
819589|
819590|
819591|
819616|
819617|
819618|
819619|
819620|
819621|
819622|
819623|
819648|
819649|
819650|
819651|
819652|
819653|
819654|
819655|
819680|
819681|
819682|
819683|
819684|
819685|
819686|
819687|
819712|
819713|
819714|
819715|
819716|
819717|
819718|
819719|
819744|
819745|
819746|
819747|
819748|
819749|
819750|
819751|
819776|
819777|
819778|
819779|
819780|
819781|
819782|
819783|
819808|
819809|
819810|
819811|
819812|
819813|
819814|
819815|
819840|
819841|
819842|
819843|
819844|
819845|
819846|
819847|
819872|
819873|
819874|
819875|
819876|
819877|
819878|
819879|
819904|
819905|
819906|
819907|
819908|
819909|
819910|
819911|
819936|
819937|
819938|
819939|
819940|
819941|
819942|
819943|
819968|
819969|
819970|
819971|
819972|
819973|
819974|
819975|
820000|
820001|
820002|
820003|
820004|
820005|
820006|
820007|
820032|
820033|
820034|
820035|
820036|
820037|
820038|
820039|
820064|
820065|
820066|
820067|
820068|
820069|
820070|
820071|
820096|
820097|
820098|
820099|
820100|
820101|
820102|
820103|
820128|
820129|
820130|
820131|
820132|
820133|
820134|
820135|
820160|
820161|
820162|
820163|
820164|
820165|
820166|
820167|
820192|
820193|
820194|
820195|
820196|
820197|
820198|
820199|
820224|
820225|
820226|
820227|
820228|
820229|
820230|
820231|
820256|
820257|
820258|
820259|
820260|
820261|
820262|
820263|
820288|
820289|
820290|
820291|
820292|
820293|
820294|
820295|
820320|
820321|
820322|
820323|
820324|
820325|
820326|
820327|
820352|
820353|
820354|
820355|
820356|
820357|
820358|
820359|
820384|
820385|
820386|
820387|
820388|
820389|
820390|
820391|
820416|
820417|
820418|
820419|
820420|
820421|
820422|
820423|
820448|
820449|
820450|
820451|
820452|
820453|
820454|
820455|
820480|
820481|
820482|
820483|
820484|
820485|
820486|
820487|
820512|
820513|
820514|
820515|
820516|
820517|
820518|
820519|
820544|
820545|
820546|
820547|
820548|
820549|
820550|
820551|
820576|
820577|
820578|
820579|
820580|
820581|
820582|
820583|
820608|
820609|
820610|
820611|
820612|
820613|
820614|
820615|
820640|
820641|
820642|
820643|
820644|
820645|
820646|
820647|
820672|
820673|
820674|
820675|
820676|
820677|
820678|
820679|
820704|
820705|
820706|
820707|
820708|
820709|
820710|
820711|
820736|
820737|
820738|
820739|
820740|
820741|
820742|
820743|
820768|
820769|
820770|
820771|
820772|
820773|
820774|
820775|
820800|
820801|
820802|
820803|
820804|
820805|
820806|
820807|
820832|
820833|
820834|
820835|
820836|
820837|
820838|
820839|
820864|
820865|
820866|
820867|
820868|
820869|
820870|
820871|
820896|
820897|
820898|
820899|
820900|
820901|
820902|
820903|
820928|
820929|
820930|
820931|
820932|
820933|
820934|
820935|
820960|
820961|
820962|
820963|
820964|
820965|
820966|
820967|
820992|
820993|
820994|
820995|
820996|
820997|
820998|
820999|
821024|
821025|
821026|
821027|
821028|
821029|
821030|
821031|
821056|
821057|
821058|
821059|
821060|
821061|
821062|
821063|
821088|
821089|
821090|
821091|
821092|
821093|
821094|
821095|
821120|
821121|
821122|
821123|
821124|
821125|
821126|
821127|
821152|
821153|
821154|
821155|
821156|
821157|
821158|
821159|
821184|
821185|
821186|
821187|
821188|
821189|
821190|
821191|
821216|
821217|
821218|
821219|
821220|
821221|
821222|
821223|
821248|
821249|
821250|
821251|
821252|
821253|
821254|
821255|
821280|
821281|
821282|
821283|
821284|
821285|
821286|
821287|
821312|
821313|
821314|
821315|
821316|
821317|
821318|
821319|
821344|
821345|
821346|
821347|
821348|
821349|
821350|
821351|
821376|
821377|
821378|
821379|
821380|
821381|
821382|
821383|
821408|
821409|
821410|
821411|
821412|
821413|
821414|
821415|
821440|
821441|
821442|
821443|
821444|
821445|
821446|
821447|
821472|
821473|
821474|
821475|
821476|
821477|
821478|
821479|
821504|
821505|
821506|
821507|
821508|
821509|
821510|
821511|
821536|
821537|
821538|
821539|
821540|
821541|
821542|
821543|
821568|
821569|
821570|
821571|
821572|
821573|
821574|
821575|
821600|
821601|
821602|
821603|
821604|
821605|
821606|
821607|
821632|
821633|
821634|
821635|
821636|
821637|
821638|
821639|
821664|
821665|
821666|
821667|
821668|
821669|
821670|
821671|
821696|
821697|
821698|
821699|
821700|
821701|
821702|
821703|
821728|
821729|
821730|
821731|
821732|
821733|
821734|
821735|
821760|
821761|
821762|
821763|
821764|
821765|
821766|
821767|
821792|
821793|
821794|
821795|
821796|
821797|
821798|
821799|
821824|
821825|
821826|
821827|
821828|
821829|
821830|
821831|
821856|
821857|
821858|
821859|
821860|
821861|
821862|
821863|
821888|
821889|
821890|
821891|
821892|
821893|
821894|
821895|
821920|
821921|
821922|
821923|
821924|
821925|
821926|
821927|
821952|
821953|
821954|
821955|
821956|
821957|
821958|
821959|
821984|
821985|
821986|
821987|
821988|
