1829989|
1829990|
1829991|
1830016|
1830017|
1830018|
1830019|
1830020|
1830021|
1830022|
1830023|
1830048|
1830049|
1830050|
1830051|
1830052|
1830053|
1830054|
1830055|
1830080|
1830081|
1830082|
1830083|
1830084|
1830085|
1830086|
1830087|
1830112|
1830113|
1830114|
1830115|
1830116|
1830117|
1830118|
1830119|
1830144|
1830145|
1830146|
1830147|
1830148|
1830149|
1830150|
1830151|
1830176|
1830177|
1830178|
1830179|
1830180|
1830181|
1830182|
1830183|
1830208|
1830209|
1830210|
1830211|
1830212|
1830213|
1830214|
1830215|
1830240|
1830241|
1830242|
1830243|
1830244|
1830245|
1830246|
1830247|
1830272|
1830273|
1830274|
1830275|
1830276|
1830277|
1830278|
1830279|
1830304|
1830305|
1830306|
1830307|
1830308|
1830309|
1830310|
1830311|
1830336|
1830337|
1830338|
1830339|
1830340|
1830341|
1830342|
1830343|
1830368|
1830369|
1830370|
1830371|
1830372|
1830373|
1830374|
1830375|
1830400|
1830401|
1830402|
1830403|
1830404|
1830405|
1830406|
1830407|
1830432|
1830433|
1830434|
1830435|
1830436|
1830437|
1830438|
1830439|
1830464|
1830465|
1830466|
1830467|
1830468|
1830469|
1830470|
1830471|
1830496|
1830497|
1830498|
1830499|
1830500|
1830501|
1830502|
1830503|
1830528|
1830529|
1830530|
1830531|
1830532|
1830533|
1830534|
1830535|
1830560|
1830561|
1830562|
1830563|
1830564|
1830565|
1830566|
1830567|
1830592|
1830593|
1830594|
1830595|
1830596|
1830597|
1830598|
1830599|
1830624|
1830625|
1830626|
1830627|
1830628|
1830629|
1830630|
1830631|
1830656|
1830657|
1830658|
1830659|
1830660|
1830661|
1830662|
1830663|
1830688|
1830689|
1830690|
1830691|
1830692|
1830693|
1830694|
1830695|
1830720|
1830721|
1830722|
1830723|
1830724|
1830725|
1830726|
1830727|
1830752|
1830753|
1830754|
1830755|
1830756|
1830757|
1830758|
1830759|
1830784|
1830785|
1830786|
1830787|
1830788|
1830789|
1830790|
1830791|
1830816|
1830817|
1830818|
1830819|
1830820|
1830821|
1830822|
1830823|
1830848|
1830849|
1830850|
1830851|
1830852|
1830853|
1830854|
1830855|
1830880|
1830881|
1830882|
1830883|
1830884|
1830885|
1830886|
1830887|
1830912|
1830913|
1830914|
1830915|
1830916|
1830917|
1830918|
1830919|
1830944|
1830945|
1830946|
1830947|
1830948|
1830949|
1830950|
1830951|
1830976|
1830977|
1830978|
1830979|
1830980|
1830981|
1830982|
1830983|
1831008|
1831009|
1831010|
1831011|
1831012|
1831013|
1831014|
1831015|
1831040|
1831041|
1831042|
1831043|
1831044|
1831045|
1831046|
1831047|
1831072|
1831073|
1831074|
1831075|
1831076|
1831077|
1831078|
1831079|
1831104|
1831105|
1831106|
1831107|
1831108|
1831109|
1831110|
1831111|
1831136|
1831137|
1831138|
1831139|
1831140|
1831141|
1831142|
1831143|
1831168|
1831169|
1831170|
1831171|
1831172|
1831173|
1831174|
1831175|
1831200|
1831201|
1831202|
1831203|
1831204|
1831205|
1831206|
1831207|
1831232|
1831233|
1831234|
1831235|
1831236|
1831237|
1831238|
1831239|
1831264|
1831265|
1831266|
1831267|
1831268|
1831269|
1831270|
1831271|
1831296|
1831297|
1831298|
1831299|
1831300|
1831301|
1831302|
1831303|
1831328|
1831329|
1831330|
1831331|
1831332|
1831333|
1831334|
1831335|
1831360|
1831361|
1831362|
1831363|
1831364|
1831365|
1831366|
1831367|
1831392|
1831393|
1831394|
1831395|
1831396|
1831397|
1831398|
1831399|
1831424|
1831425|
1831426|
1831427|
1831428|
1831429|
1831430|
1831431|
1831456|
1831457|
1831458|
1831459|
1831460|
1831461|
1831462|
1831463|
1831488|
1831489|
1831490|
1831491|
1831492|
1831493|
1831494|
1831495|
1831520|
1831521|
1831522|
1831523|
1831524|
1831525|
1831526|
1831527|
1831552|
1831553|
1831554|
1831555|
1831556|
1831557|
1831558|
1831559|
1831584|
1831585|
1831586|
1831587|
1831588|
1831589|
1831590|
1831591|
1831616|
1831617|
1831618|
1831619|
1831620|
1831621|
1831622|
1831623|
1831648|
1831649|
1831650|
1831651|
1831652|
1831653|
1831654|
1831655|
1831680|
1831681|
1831682|
1831683|
1831684|
1831685|
1831686|
1831687|
1831712|
1831713|
1831714|
1831715|
1831716|
1831717|
1831718|
1831719|
1831744|
1831745|
1831746|
1831747|
1831748|
1831749|
1831750|
1831751|
1831776|
1831777|
1831778|
1831779|
1831780|
1831781|
1831782|
1831783|
1831808|
1831809|
1831810|
1831811|
1831812|
1831813|
1831814|
1831815|
1831840|
1831841|
1831842|
1831843|
1831844|
1831845|
1831846|
1831847|
1831872|
1831873|
1831874|
1831875|
1831876|
1831877|
1831878|
1831879|
1831904|
1831905|
1831906|
1831907|
1831908|
1831909|
1831910|
1831911|
1831936|
1831937|
1831938|
1831939|
1831940|
1831941|
1831942|
1831943|
1831968|
1831969|
1831970|
1831971|
1831972|
1831973|
1831974|
1831975|
1832000|
1832001|
1832002|
1832003|
1832004|
1832005|
1832006|
1832007|
1832032|
1832033|
1832034|
1832035|
1832036|
1832037|
1832038|
1832039|
1832064|
1832065|
1832066|
1832067|
1832068|
1832069|
1832070|
1832071|
1832096|
1832097|
1832098|
1832099|
1832100|
1832101|
1832102|
1832103|
1832128|
1832129|
1832130|
1832131|
1832132|
1832133|
1832134|
1832135|
1832160|
1832161|
1832162|
1832163|
1832164|
1832165|
1832166|
1832167|
1832192|
1832193|
1832194|
1832195|
1832196|
1832197|
1832198|
1832199|
1832224|
1832225|
1832226|
1832227|
1832228|
1832229|
1832230|
1832231|
1832256|
1832257|
1832258|
1832259|
1832260|
1832261|
1832262|
1832263|
1832288|
1832289|
1832290|
1832291|
1832292|
1832293|
1832294|
1832295|
1832320|
1832321|
1832322|
1832323|
1832324|
1832325|
1832326|
1832327|
1832352|
1832353|
1832354|
1832355|
1832356|
1832357|
1832358|
1832359|
1832384|
1832385|
1832386|
1832387|
1832388|
1832389|
1832390|
1832391|
1832416|
1832417|
1832418|
1832419|
1832420|
1832421|
1832422|
1832423|
1832448|
1832449|
1832450|
1832451|
1832452|
1832453|
1832454|
1832455|
1832480|
1832481|
1832482|
1832483|
1832484|
1832485|
1832486|
1832487|
1832512|
1832513|
1832514|
1832515|
1832516|
1832517|
1832518|
1832519|
1832544|
1832545|
1832546|
1832547|
1832548|
1832549|
1832550|
1832551|
1832576|
1832577|
1832578|
1832579|
1832580|
1832581|
1832582|
1832583|
1832608|
1832609|
1832610|
1832611|
1832612|
1832613|
1832614|
1832615|
1832640|
1832641|
1832642|
1832643|
1832644|
1832645|
1832646|
1832647|
1832672|
1832673|
1832674|
1832675|
1832676|
1832677|
1832678|
1832679|
1832704|
1832705|
1832706|
1832707|
1832708|
1832709|
1832710|
1832711|
1832736|
1832737|
1832738|
1832739|
1832740|
1832741|
1832742|
1832743|
1832768|
1832769|
1832770|
1832771|
1832772|
1832773|
1832774|
1832775|
1832800|
1832801|
1832802|
1832803|
1832804|
1832805|
1832806|
1832807|
1832832|
1832833|
1832834|
1832835|
1832836|
1832837|
1832838|
1832839|
1832864|
1832865|
1832866|
1832867|
1832868|
1832869|
1832870|
1832871|
1832896|
1832897|
1832898|
1832899|
1832900|
1832901|
1832902|
1832903|
1832928|
1832929|
1832930|
1832931|
1832932|
1832933|
1832934|
1832935|
1832960|
1832961|
1832962|
1832963|
1832964|
1832965|
1832966|
1832967|
1832992|
1832993|
1832994|
1832995|
1832996|
1832997|
1832998|
1832999|
1833024|
1833025|
1833026|
1833027|
1833028|
1833029|
1833030|
1833031|
1833056|
1833057|
1833058|
1833059|
1833060|
1833061|
1833062|
1833063|
1833088|
1833089|
1833090|
1833091|
1833092|
1833093|
1833094|
1833095|
1833120|
1833121|
1833122|
1833123|
1833124|
1833125|
1833126|
1833127|
1833152|
1833153|
1833154|
1833155|
1833156|
1833157|
1833158|
1833159|
1833184|
1833185|
1833186|
1833187|
1833188|
1833189|
1833190|
1833191|
1833216|
1833217|
1833218|
1833219|
1833220|
1833221|
1833222|
1833223|
1833248|
1833249|
1833250|
1833251|
1833252|
1833253|
1833254|
1833255|
1833280|
1833281|
1833282|
1833283|
1833284|
1833285|
1833286|
1833287|
1833312|
1833313|
1833314|
1833315|
1833316|
1833317|
1833318|
1833319|
1833344|
1833345|
1833346|
1833347|
1833348|
1833349|
1833350|
1833351|
1833376|
1833377|
1833378|
1833379|
1833380|
1833381|
1833382|
1833383|
1833408|
1833409|
1833410|
1833411|
1833412|
1833413|
1833414|
1833415|
1833440|
1833441|
1833442|
1833443|
1833444|
1833445|
1833446|
1833447|
1833472|
1833473|
1833474|
1833475|
1833476|
1833477|
1833478|
1833479|
1833504|
1833505|
1833506|
1833507|
1833508|
1833509|
1833510|
1833511|
1833536|
1833537|
1833538|
1833539|
1833540|
1833541|
1833542|
1833543|
1833568|
1833569|
1833570|
1833571|
1833572|
1833573|
1833574|
1833575|
1833600|
1833601|
1833602|
1833603|
1833604|
1833605|
1833606|
1833607|
1833632|
1833633|
1833634|
1833635|
1833636|
1833637|
1833638|
1833639|
1833664|
1833665|
1833666|
1833667|
1833668|
1833669|
1833670|
1833671|
1833696|
1833697|
1833698|
1833699|
1833700|
1833701|
1833702|
1833703|
1833728|
1833729|
1833730|
1833731|
1833732|
1833733|
1833734|
1833735|
1833760|
1833761|
1833762|
1833763|
1833764|
1833765|
1833766|
1833767|
1833792|
1833793|
1833794|
1833795|
1833796|
1833797|
1833798|
1833799|
1833824|
1833825|
1833826|
1833827|
1833828|
1833829|
1833830|
1833831|
1833856|
1833857|
1833858|
1833859|
1833860|
1833861|
1833862|
1833863|
1833888|
1833889|
1833890|
1833891|
1833892|
1833893|
1833894|
1833895|
1833920|
1833921|
1833922|
1833923|
1833924|
1833925|
1833926|
1833927|
1833952|
1833953|
1833954|
1833955|
1833956|
1833957|
1833958|
1833959|
1833984|
1833985|
1833986|
1833987|
1833988|
1833989|
1833990|
1833991|
1834016|
1834017|
1834018|
1834019|
1834020|
1834021|
1834022|
1834023|
1834048|
1834049|
1834050|
1834051|
1834052|
1834053|
1834054|
1834055|
1834080|
1834081|
1834082|
1834083|
1834084|
1834085|
1834086|
1834087|
1834112|
1834113|
1834114|
1834115|
1834116|
1834117|
1834118|
1834119|
1834144|
1834145|
1834146|
1834147|
1834148|
1834149|
1834150|
1834151|
1834176|
1834177|
1834178|
1834179|
1834180|
1834181|
1834182|
1834183|
1834208|
1834209|
1834210|
1834211|
1834212|
1834213|
1834214|
1834215|
1834240|
1834241|
1834242|
1834243|
1834244|
1834245|
1834246|
1834247|
1834272|
1834273|
1834274|
1834275|
1834276|
1834277|
1834278|
1834279|
1834304|
1834305|
1834306|
1834307|
1834308|
1834309|
1834310|
1834311|
1834336|
1834337|
1834338|
1834339|
1834340|
1834341|
1834342|
1834343|
1834368|
1834369|
1834370|
1834371|
1834372|
1834373|
1834374|
1834375|
1834400|
1834401|
1834402|
1834403|
1834404|
1834405|
1834406|
1834407|
1834432|
1834433|
1834434|
1834435|
1834436|
1834437|
1834438|
1834439|
1834464|
1834465|
1834466|
1834467|
1834468|
1834469|
1834470|
1834471|
1834496|
1834497|
1834498|
1834499|
1834500|
1834501|
1834502|
1834503|
1834528|
1834529|
1834530|
1834531|
1834532|
1834533|
1834534|
1834535|
1834560|
1834561|
1834562|
1834563|
1834564|
1834565|
1834566|
1834567|
1834592|
1834593|
1834594|
1834595|
1834596|
1834597|
1834598|
1834599|
1834624|
1834625|
1834626|
1834627|
1834628|
1834629|
1834630|
1834631|
1834656|
1834657|
1834658|
1834659|
1834660|
1834661|
1834662|
1834663|
1834688|
1834689|
1834690|
1834691|
1834692|
1834693|
1834694|
1834695|
1834720|
1834721|
1834722|
1834723|
1834724|
1834725|
1834726|
1834727|
1834752|
1834753|
1834754|
1834755|
1834756|
1834757|
1834758|
1834759|
1834784|
1834785|
1834786|
1834787|
1834788|
1834789|
1834790|
1834791|
1834816|
1834817|
1834818|
1834819|
1834820|
1834821|
1834822|
1834823|
1834848|
1834849|
1834850|
1834851|
1834852|
1834853|
1834854|
1834855|
1834880|
1834881|
1834882|
1834883|
1834884|
1834885|
1834886|
1834887|
1834912|
1834913|
1834914|
1834915|
1834916|
1834917|
1834918|
1834919|
1834944|
1834945|
1834946|
1834947|
1834948|
1834949|
1834950|
1834951|
1834976|
1834977|
1834978|
1834979|
1834980|
1834981|
1834982|
1834983|
1835008|
1835009|
1835010|
1835011|
1835012|
1835013|
1835014|
1835015|
1835040|
1835041|
1835042|
1835043|
1835044|
1835045|
1835046|
1835047|
1835072|
1835073|
1835074|
1835075|
1835076|
1835077|
1835078|
1835079|
1835104|
1835105|
1835106|
1835107|
1835108|
1835109|
1835110|
1835111|
1835136|
1835137|
1835138|
1835139|
1835140|
1835141|
1835142|
1835143|
1835168|
1835169|
1835170|
1835171|
1835172|
1835173|
1835174|
1835175|
1835200|
1835201|
1835202|
1835203|
1835204|
1835205|
1835206|
1835207|
1835232|
1835233|
1835234|
1835235|
1835236|
1835237|
1835238|
1835239|
1835264|
1835265|
1835266|
1835267|
1835268|
1835269|
1835270|
1835271|
1835296|
1835297|
1835298|
1835299|
1835300|
1835301|
1835302|
1835303|
1835328|
1835329|
1835330|
1835331|
1835332|
1835333|
1835334|
1835335|
1835360|
1835361|
1835362|
1835363|
1835364|
1835365|
1835366|
1835367|
1835392|
1835393|
1835394|
1835395|
1835396|
1835397|
1835398|
1835399|
1835424|
1835425|
1835426|
1835427|
1835428|
1835429|
1835430|
1835431|
1835456|
1835457|
1835458|
1835459|
1835460|
1835461|
1835462|
1835463|
1835488|
1835489|
1835490|
1835491|
1835492|
1835493|
1835494|
1835495|
1835520|
1835521|
1835522|
1835523|
1835524|
1835525|
1835526|
1835527|
1835552|
1835553|
1835554|
1835555|
1835556|
1835557|
1835558|
1835559|
1835584|
1835585|
1835586|
1835587|
1835588|
1835589|
1835590|
1835591|
1835616|
1835617|
1835618|
1835619|
1835620|
1835621|
1835622|
1835623|
1835648|
1835649|
1835650|
1835651|
1835652|
1835653|
1835654|
1835655|
1835680|
1835681|
1835682|
1835683|
1835684|
1835685|
1835686|
1835687|
1835712|
1835713|
1835714|
1835715|
1835716|
1835717|
1835718|
1835719|
1835744|
1835745|
1835746|
1835747|
1835748|
1835749|
1835750|
1835751|
1835776|
1835777|
1835778|
1835779|
1835780|
1835781|
1835782|
1835783|
1835808|
1835809|
1835810|
1835811|
1835812|
1835813|
1835814|
1835815|
1835840|
1835841|
1835842|
1835843|
1835844|
1835845|
1835846|
1835847|
1835872|
1835873|
1835874|
1835875|
1835876|
1835877|
1835878|
1835879|
1835904|
1835905|
1835906|
1835907|
1835908|
1835909|
1835910|
1835911|
1835936|
1835937|
1835938|
1835939|
1835940|
1835941|
1835942|
1835943|
1835968|
1835969|
1835970|
1835971|
1835972|
1835973|
1835974|
1835975|
1836000|
