1553989|
1553990|
1553991|
1554016|
1554017|
1554018|
1554019|
1554020|
1554021|
1554022|
1554023|
1554048|
1554049|
1554050|
1554051|
1554052|
1554053|
1554054|
1554055|
1554080|
1554081|
1554082|
1554083|
1554084|
1554085|
1554086|
1554087|
1554112|
1554113|
1554114|
1554115|
1554116|
1554117|
1554118|
1554119|
1554144|
1554145|
1554146|
1554147|
1554148|
1554149|
1554150|
1554151|
1554176|
1554177|
1554178|
1554179|
1554180|
1554181|
1554182|
1554183|
1554208|
1554209|
1554210|
1554211|
1554212|
1554213|
1554214|
1554215|
1554240|
1554241|
1554242|
1554243|
1554244|
1554245|
1554246|
1554247|
1554272|
1554273|
1554274|
1554275|
1554276|
1554277|
1554278|
1554279|
1554304|
1554305|
1554306|
1554307|
1554308|
1554309|
1554310|
1554311|
1554336|
1554337|
1554338|
1554339|
1554340|
1554341|
1554342|
1554343|
1554368|
1554369|
1554370|
1554371|
1554372|
1554373|
1554374|
1554375|
1554400|
1554401|
1554402|
1554403|
1554404|
1554405|
1554406|
1554407|
1554432|
1554433|
1554434|
1554435|
1554436|
1554437|
1554438|
1554439|
1554464|
1554465|
1554466|
1554467|
1554468|
1554469|
1554470|
1554471|
1554496|
1554497|
1554498|
1554499|
1554500|
1554501|
1554502|
1554503|
1554528|
1554529|
1554530|
1554531|
1554532|
1554533|
1554534|
1554535|
1554560|
1554561|
1554562|
1554563|
1554564|
1554565|
1554566|
1554567|
1554592|
1554593|
1554594|
1554595|
1554596|
1554597|
1554598|
1554599|
1554624|
1554625|
1554626|
1554627|
1554628|
1554629|
1554630|
1554631|
1554656|
1554657|
1554658|
1554659|
1554660|
1554661|
1554662|
1554663|
1554688|
1554689|
1554690|
1554691|
1554692|
1554693|
1554694|
1554695|
1554720|
1554721|
1554722|
1554723|
1554724|
1554725|
1554726|
1554727|
1554752|
1554753|
1554754|
1554755|
1554756|
1554757|
1554758|
1554759|
1554784|
1554785|
1554786|
1554787|
1554788|
1554789|
1554790|
1554791|
1554816|
1554817|
1554818|
1554819|
1554820|
1554821|
1554822|
1554823|
1554848|
1554849|
1554850|
1554851|
1554852|
1554853|
1554854|
1554855|
1554880|
1554881|
1554882|
1554883|
1554884|
1554885|
1554886|
1554887|
1554912|
1554913|
1554914|
1554915|
1554916|
1554917|
1554918|
1554919|
1554944|
1554945|
1554946|
1554947|
1554948|
1554949|
1554950|
1554951|
1554976|
1554977|
1554978|
1554979|
1554980|
1554981|
1554982|
1554983|
1555008|
1555009|
1555010|
1555011|
1555012|
1555013|
1555014|
1555015|
1555040|
1555041|
1555042|
1555043|
1555044|
1555045|
1555046|
1555047|
1555072|
1555073|
1555074|
1555075|
1555076|
1555077|
1555078|
1555079|
1555104|
1555105|
1555106|
1555107|
1555108|
1555109|
1555110|
1555111|
1555136|
1555137|
1555138|
1555139|
1555140|
1555141|
1555142|
1555143|
1555168|
1555169|
1555170|
1555171|
1555172|
1555173|
1555174|
1555175|
1555200|
1555201|
1555202|
1555203|
1555204|
1555205|
1555206|
1555207|
1555232|
1555233|
1555234|
1555235|
1555236|
1555237|
1555238|
1555239|
1555264|
1555265|
1555266|
1555267|
1555268|
1555269|
1555270|
1555271|
1555296|
1555297|
1555298|
1555299|
1555300|
1555301|
1555302|
1555303|
1555328|
1555329|
1555330|
1555331|
1555332|
1555333|
1555334|
1555335|
1555360|
1555361|
1555362|
1555363|
1555364|
1555365|
1555366|
1555367|
1555392|
1555393|
1555394|
1555395|
1555396|
1555397|
1555398|
1555399|
1555424|
1555425|
1555426|
1555427|
1555428|
1555429|
1555430|
1555431|
1555456|
1555457|
1555458|
1555459|
1555460|
1555461|
1555462|
1555463|
1555488|
1555489|
1555490|
1555491|
1555492|
1555493|
1555494|
1555495|
1555520|
1555521|
1555522|
1555523|
1555524|
1555525|
1555526|
1555527|
1555552|
1555553|
1555554|
1555555|
1555556|
1555557|
1555558|
1555559|
1555584|
1555585|
1555586|
1555587|
1555588|
1555589|
1555590|
1555591|
1555616|
1555617|
1555618|
1555619|
1555620|
1555621|
1555622|
1555623|
1555648|
1555649|
1555650|
1555651|
1555652|
1555653|
1555654|
1555655|
1555680|
1555681|
1555682|
1555683|
1555684|
1555685|
1555686|
1555687|
1555712|
1555713|
1555714|
1555715|
1555716|
1555717|
1555718|
1555719|
1555744|
1555745|
1555746|
1555747|
1555748|
1555749|
1555750|
1555751|
1555776|
1555777|
1555778|
1555779|
1555780|
1555781|
1555782|
1555783|
1555808|
1555809|
1555810|
1555811|
1555812|
1555813|
1555814|
1555815|
1555840|
1555841|
1555842|
1555843|
1555844|
1555845|
1555846|
1555847|
1555872|
1555873|
1555874|
1555875|
1555876|
1555877|
1555878|
1555879|
1555904|
1555905|
1555906|
1555907|
1555908|
1555909|
1555910|
1555911|
1555936|
1555937|
1555938|
1555939|
1555940|
1555941|
1555942|
1555943|
1555968|
1555969|
1555970|
1555971|
1555972|
1555973|
1555974|
1555975|
1556000|
1556001|
1556002|
1556003|
1556004|
1556005|
1556006|
1556007|
1556032|
1556033|
1556034|
1556035|
1556036|
1556037|
1556038|
1556039|
1556064|
1556065|
1556066|
1556067|
1556068|
1556069|
1556070|
1556071|
1556096|
1556097|
1556098|
1556099|
1556100|
1556101|
1556102|
1556103|
1556128|
1556129|
1556130|
1556131|
1556132|
1556133|
1556134|
1556135|
1556160|
1556161|
1556162|
1556163|
1556164|
1556165|
1556166|
1556167|
1556192|
1556193|
1556194|
1556195|
1556196|
1556197|
1556198|
1556199|
1556224|
1556225|
1556226|
1556227|
1556228|
1556229|
1556230|
1556231|
1556256|
1556257|
1556258|
1556259|
1556260|
1556261|
1556262|
1556263|
1556288|
1556289|
1556290|
1556291|
1556292|
1556293|
1556294|
1556295|
1556320|
1556321|
1556322|
1556323|
1556324|
1556325|
1556326|
1556327|
1556352|
1556353|
1556354|
1556355|
1556356|
1556357|
1556358|
1556359|
1556384|
1556385|
1556386|
1556387|
1556388|
1556389|
1556390|
1556391|
1556416|
1556417|
1556418|
1556419|
1556420|
1556421|
1556422|
1556423|
1556448|
1556449|
1556450|
1556451|
1556452|
1556453|
1556454|
1556455|
1556480|
1556481|
1556482|
1556483|
1556484|
1556485|
1556486|
1556487|
1556512|
1556513|
1556514|
1556515|
1556516|
1556517|
1556518|
1556519|
1556544|
1556545|
1556546|
1556547|
1556548|
1556549|
1556550|
1556551|
1556576|
1556577|
1556578|
1556579|
1556580|
1556581|
1556582|
1556583|
1556608|
1556609|
1556610|
1556611|
1556612|
1556613|
1556614|
1556615|
1556640|
1556641|
1556642|
1556643|
1556644|
1556645|
1556646|
1556647|
1556672|
1556673|
1556674|
1556675|
1556676|
1556677|
1556678|
1556679|
1556704|
1556705|
1556706|
1556707|
1556708|
1556709|
1556710|
1556711|
1556736|
1556737|
1556738|
1556739|
1556740|
1556741|
1556742|
1556743|
1556768|
1556769|
1556770|
1556771|
1556772|
1556773|
1556774|
1556775|
1556800|
1556801|
1556802|
1556803|
1556804|
1556805|
1556806|
1556807|
1556832|
1556833|
1556834|
1556835|
1556836|
1556837|
1556838|
1556839|
1556864|
1556865|
1556866|
1556867|
1556868|
1556869|
1556870|
1556871|
1556896|
1556897|
1556898|
1556899|
1556900|
1556901|
1556902|
1556903|
1556928|
1556929|
1556930|
1556931|
1556932|
1556933|
1556934|
1556935|
1556960|
1556961|
1556962|
1556963|
1556964|
1556965|
1556966|
1556967|
1556992|
1556993|
1556994|
1556995|
1556996|
1556997|
1556998|
1556999|
1557024|
1557025|
1557026|
1557027|
1557028|
1557029|
1557030|
1557031|
1557056|
1557057|
1557058|
1557059|
1557060|
1557061|
1557062|
1557063|
1557088|
1557089|
1557090|
1557091|
1557092|
1557093|
1557094|
1557095|
1557120|
1557121|
1557122|
1557123|
1557124|
1557125|
1557126|
1557127|
1557152|
1557153|
1557154|
1557155|
1557156|
1557157|
1557158|
1557159|
1557184|
1557185|
1557186|
1557187|
1557188|
1557189|
1557190|
1557191|
1557216|
1557217|
1557218|
1557219|
1557220|
1557221|
1557222|
1557223|
1557248|
1557249|
1557250|
1557251|
1557252|
1557253|
1557254|
1557255|
1557280|
1557281|
1557282|
1557283|
1557284|
1557285|
1557286|
1557287|
1557312|
1557313|
1557314|
1557315|
1557316|
1557317|
1557318|
1557319|
1557344|
1557345|
1557346|
1557347|
1557348|
1557349|
1557350|
1557351|
1557376|
1557377|
1557378|
1557379|
1557380|
1557381|
1557382|
1557383|
1557408|
1557409|
1557410|
1557411|
1557412|
1557413|
1557414|
1557415|
1557440|
1557441|
1557442|
1557443|
1557444|
1557445|
1557446|
1557447|
1557472|
1557473|
1557474|
1557475|
1557476|
1557477|
1557478|
1557479|
1557504|
1557505|
1557506|
1557507|
1557508|
1557509|
1557510|
1557511|
1557536|
1557537|
1557538|
1557539|
1557540|
1557541|
1557542|
1557543|
1557568|
1557569|
1557570|
1557571|
1557572|
1557573|
1557574|
1557575|
1557600|
1557601|
1557602|
1557603|
1557604|
1557605|
1557606|
1557607|
1557632|
1557633|
1557634|
1557635|
1557636|
1557637|
1557638|
1557639|
1557664|
1557665|
1557666|
1557667|
1557668|
1557669|
1557670|
1557671|
1557696|
1557697|
1557698|
1557699|
1557700|
1557701|
1557702|
1557703|
1557728|
1557729|
1557730|
1557731|
1557732|
1557733|
1557734|
1557735|
1557760|
1557761|
1557762|
1557763|
1557764|
1557765|
1557766|
1557767|
1557792|
1557793|
1557794|
1557795|
1557796|
1557797|
1557798|
1557799|
1557824|
1557825|
1557826|
1557827|
1557828|
1557829|
1557830|
1557831|
1557856|
1557857|
1557858|
1557859|
1557860|
1557861|
1557862|
1557863|
1557888|
1557889|
1557890|
1557891|
1557892|
1557893|
1557894|
1557895|
1557920|
1557921|
1557922|
1557923|
1557924|
1557925|
1557926|
1557927|
1557952|
1557953|
1557954|
1557955|
1557956|
1557957|
1557958|
1557959|
1557984|
1557985|
1557986|
1557987|
1557988|
1557989|
1557990|
1557991|
1558016|
1558017|
1558018|
1558019|
1558020|
1558021|
1558022|
1558023|
1558048|
1558049|
1558050|
1558051|
1558052|
1558053|
1558054|
1558055|
1558080|
1558081|
1558082|
1558083|
1558084|
1558085|
1558086|
1558087|
1558112|
1558113|
1558114|
1558115|
1558116|
1558117|
1558118|
1558119|
1558144|
1558145|
1558146|
1558147|
1558148|
1558149|
1558150|
1558151|
1558176|
1558177|
1558178|
1558179|
1558180|
1558181|
1558182|
1558183|
1558208|
1558209|
1558210|
1558211|
1558212|
1558213|
1558214|
1558215|
1558240|
1558241|
1558242|
1558243|
1558244|
1558245|
1558246|
1558247|
1558272|
1558273|
1558274|
1558275|
1558276|
1558277|
1558278|
1558279|
1558304|
1558305|
1558306|
1558307|
1558308|
1558309|
1558310|
1558311|
1558336|
1558337|
1558338|
1558339|
1558340|
1558341|
1558342|
1558343|
1558368|
1558369|
1558370|
1558371|
1558372|
1558373|
1558374|
1558375|
1558400|
1558401|
1558402|
1558403|
1558404|
1558405|
1558406|
1558407|
1558432|
1558433|
1558434|
1558435|
1558436|
1558437|
1558438|
1558439|
1558464|
1558465|
1558466|
1558467|
1558468|
1558469|
1558470|
1558471|
1558496|
1558497|
1558498|
1558499|
1558500|
1558501|
1558502|
1558503|
1558528|
1558529|
1558530|
1558531|
1558532|
1558533|
1558534|
1558535|
1558560|
1558561|
1558562|
1558563|
1558564|
1558565|
1558566|
1558567|
1558592|
1558593|
1558594|
1558595|
1558596|
1558597|
1558598|
1558599|
1558624|
1558625|
1558626|
1558627|
1558628|
1558629|
1558630|
1558631|
1558656|
1558657|
1558658|
1558659|
1558660|
1558661|
1558662|
1558663|
1558688|
1558689|
1558690|
1558691|
1558692|
1558693|
1558694|
1558695|
1558720|
1558721|
1558722|
1558723|
1558724|
1558725|
1558726|
1558727|
1558752|
1558753|
1558754|
1558755|
1558756|
1558757|
1558758|
1558759|
1558784|
1558785|
1558786|
1558787|
1558788|
1558789|
1558790|
1558791|
1558816|
1558817|
1558818|
1558819|
1558820|
1558821|
1558822|
1558823|
1558848|
1558849|
1558850|
1558851|
1558852|
1558853|
1558854|
1558855|
1558880|
1558881|
1558882|
1558883|
1558884|
1558885|
1558886|
1558887|
1558912|
1558913|
1558914|
1558915|
1558916|
1558917|
1558918|
1558919|
1558944|
1558945|
1558946|
1558947|
1558948|
1558949|
1558950|
1558951|
1558976|
1558977|
1558978|
1558979|
1558980|
1558981|
1558982|
1558983|
1559008|
1559009|
1559010|
1559011|
1559012|
1559013|
1559014|
1559015|
1559040|
1559041|
1559042|
1559043|
1559044|
1559045|
1559046|
1559047|
1559072|
1559073|
1559074|
1559075|
1559076|
1559077|
1559078|
1559079|
1559104|
1559105|
1559106|
1559107|
1559108|
1559109|
1559110|
1559111|
1559136|
1559137|
1559138|
1559139|
1559140|
1559141|
1559142|
1559143|
1559168|
1559169|
1559170|
1559171|
1559172|
1559173|
1559174|
1559175|
1559200|
1559201|
1559202|
1559203|
1559204|
1559205|
1559206|
1559207|
1559232|
1559233|
1559234|
1559235|
1559236|
1559237|
1559238|
1559239|
1559264|
1559265|
1559266|
1559267|
1559268|
1559269|
1559270|
1559271|
1559296|
1559297|
1559298|
1559299|
1559300|
1559301|
1559302|
1559303|
1559328|
1559329|
1559330|
1559331|
1559332|
1559333|
1559334|
1559335|
1559360|
1559361|
1559362|
1559363|
1559364|
1559365|
1559366|
1559367|
1559392|
1559393|
1559394|
1559395|
1559396|
1559397|
1559398|
1559399|
1559424|
1559425|
1559426|
1559427|
1559428|
1559429|
1559430|
1559431|
1559456|
1559457|
1559458|
1559459|
1559460|
1559461|
1559462|
1559463|
1559488|
1559489|
1559490|
1559491|
1559492|
1559493|
1559494|
1559495|
1559520|
1559521|
1559522|
1559523|
1559524|
1559525|
1559526|
1559527|
1559552|
1559553|
1559554|
1559555|
1559556|
1559557|
1559558|
1559559|
1559584|
1559585|
1559586|
1559587|
1559588|
1559589|
1559590|
1559591|
1559616|
1559617|
1559618|
1559619|
1559620|
1559621|
1559622|
1559623|
1559648|
1559649|
1559650|
1559651|
1559652|
1559653|
1559654|
1559655|
1559680|
1559681|
1559682|
1559683|
1559684|
1559685|
1559686|
1559687|
1559712|
1559713|
1559714|
1559715|
1559716|
1559717|
1559718|
1559719|
1559744|
1559745|
1559746|
1559747|
1559748|
1559749|
1559750|
1559751|
1559776|
1559777|
1559778|
1559779|
1559780|
1559781|
1559782|
1559783|
1559808|
1559809|
1559810|
1559811|
1559812|
1559813|
1559814|
1559815|
1559840|
1559841|
1559842|
1559843|
1559844|
1559845|
1559846|
1559847|
1559872|
1559873|
1559874|
1559875|
1559876|
1559877|
1559878|
1559879|
1559904|
1559905|
1559906|
1559907|
1559908|
1559909|
1559910|
1559911|
1559936|
1559937|
1559938|
1559939|
1559940|
1559941|
1559942|
1559943|
1559968|
1559969|
1559970|
1559971|
1559972|
1559973|
1559974|
1559975|
1560000|
