2460001|
2460002|
2460003|
2460004|
2460005|
2460006|
2460007|
2460032|
2460033|
2460034|
2460035|
2460036|
2460037|
2460038|
2460039|
2460064|
2460065|
2460066|
2460067|
2460068|
2460069|
2460070|
2460071|
2460096|
2460097|
2460098|
2460099|
2460100|
2460101|
2460102|
2460103|
2460128|
2460129|
2460130|
2460131|
2460132|
2460133|
2460134|
2460135|
2460160|
2460161|
2460162|
2460163|
2460164|
2460165|
2460166|
2460167|
2460192|
2460193|
2460194|
2460195|
2460196|
2460197|
2460198|
2460199|
2460224|
2460225|
2460226|
2460227|
2460228|
2460229|
2460230|
2460231|
2460256|
2460257|
2460258|
2460259|
2460260|
2460261|
2460262|
2460263|
2460288|
2460289|
2460290|
2460291|
2460292|
2460293|
2460294|
2460295|
2460320|
2460321|
2460322|
2460323|
2460324|
2460325|
2460326|
2460327|
2460352|
2460353|
2460354|
2460355|
2460356|
2460357|
2460358|
2460359|
2460384|
2460385|
2460386|
2460387|
2460388|
2460389|
2460390|
2460391|
2460416|
2460417|
2460418|
2460419|
2460420|
2460421|
2460422|
2460423|
2460448|
2460449|
2460450|
2460451|
2460452|
2460453|
2460454|
2460455|
2460480|
2460481|
2460482|
2460483|
2460484|
2460485|
2460486|
2460487|
2460512|
2460513|
2460514|
2460515|
2460516|
2460517|
2460518|
2460519|
2460544|
2460545|
2460546|
2460547|
2460548|
2460549|
2460550|
2460551|
2460576|
2460577|
2460578|
2460579|
2460580|
2460581|
2460582|
2460583|
2460608|
2460609|
2460610|
2460611|
2460612|
2460613|
2460614|
2460615|
2460640|
2460641|
2460642|
2460643|
2460644|
2460645|
2460646|
2460647|
2460672|
2460673|
2460674|
2460675|
2460676|
2460677|
2460678|
2460679|
2460704|
2460705|
2460706|
2460707|
2460708|
2460709|
2460710|
2460711|
2460736|
2460737|
2460738|
2460739|
2460740|
2460741|
2460742|
2460743|
2460768|
2460769|
2460770|
2460771|
2460772|
2460773|
2460774|
2460775|
2460800|
2460801|
2460802|
2460803|
2460804|
2460805|
2460806|
2460807|
2460832|
2460833|
2460834|
2460835|
2460836|
2460837|
2460838|
2460839|
2460864|
2460865|
2460866|
2460867|
2460868|
2460869|
2460870|
2460871|
2460896|
2460897|
2460898|
2460899|
2460900|
2460901|
2460902|
2460903|
2460928|
2460929|
2460930|
2460931|
2460932|
2460933|
2460934|
2460935|
2460960|
2460961|
2460962|
2460963|
2460964|
2460965|
2460966|
2460967|
2460992|
2460993|
2460994|
2460995|
2460996|
2460997|
2460998|
2460999|
2461024|
2461025|
2461026|
2461027|
2461028|
2461029|
2461030|
2461031|
2461056|
2461057|
2461058|
2461059|
2461060|
2461061|
2461062|
2461063|
2461088|
2461089|
2461090|
2461091|
2461092|
2461093|
2461094|
2461095|
2461120|
2461121|
2461122|
2461123|
2461124|
2461125|
2461126|
2461127|
2461152|
2461153|
2461154|
2461155|
2461156|
2461157|
2461158|
2461159|
2461184|
2461185|
2461186|
2461187|
2461188|
2461189|
2461190|
2461191|
2461216|
2461217|
2461218|
2461219|
2461220|
2461221|
2461222|
2461223|
2461248|
2461249|
2461250|
2461251|
2461252|
2461253|
2461254|
2461255|
2461280|
2461281|
2461282|
2461283|
2461284|
2461285|
2461286|
2461287|
2461312|
2461313|
2461314|
2461315|
2461316|
2461317|
2461318|
2461319|
2461344|
2461345|
2461346|
2461347|
2461348|
2461349|
2461350|
2461351|
2461376|
2461377|
2461378|
2461379|
2461380|
2461381|
2461382|
2461383|
2461408|
2461409|
2461410|
2461411|
2461412|
2461413|
2461414|
2461415|
2461440|
2461441|
2461442|
2461443|
2461444|
2461445|
2461446|
2461447|
2461472|
2461473|
2461474|
2461475|
2461476|
2461477|
2461478|
2461479|
2461504|
2461505|
2461506|
2461507|
2461508|
2461509|
2461510|
2461511|
2461536|
2461537|
2461538|
2461539|
2461540|
2461541|
2461542|
2461543|
2461568|
2461569|
2461570|
2461571|
2461572|
2461573|
2461574|
2461575|
2461600|
2461601|
2461602|
2461603|
2461604|
2461605|
2461606|
2461607|
2461632|
2461633|
2461634|
2461635|
2461636|
2461637|
2461638|
2461639|
2461664|
2461665|
2461666|
2461667|
2461668|
2461669|
2461670|
2461671|
2461696|
2461697|
2461698|
2461699|
2461700|
2461701|
2461702|
2461703|
2461728|
2461729|
2461730|
2461731|
2461732|
2461733|
2461734|
2461735|
2461760|
2461761|
2461762|
2461763|
2461764|
2461765|
2461766|
2461767|
2461792|
2461793|
2461794|
2461795|
2461796|
2461797|
2461798|
2461799|
2461824|
2461825|
2461826|
2461827|
2461828|
2461829|
2461830|
2461831|
2461856|
2461857|
2461858|
2461859|
2461860|
2461861|
2461862|
2461863|
2461888|
2461889|
2461890|
2461891|
2461892|
2461893|
2461894|
2461895|
2461920|
2461921|
2461922|
2461923|
2461924|
2461925|
2461926|
2461927|
2461952|
2461953|
2461954|
2461955|
2461956|
2461957|
2461958|
2461959|
2461984|
2461985|
2461986|
2461987|
2461988|
2461989|
2461990|
2461991|
2462016|
2462017|
2462018|
2462019|
2462020|
2462021|
2462022|
2462023|
2462048|
2462049|
2462050|
2462051|
2462052|
2462053|
2462054|
2462055|
2462080|
2462081|
2462082|
2462083|
2462084|
2462085|
2462086|
2462087|
2462112|
2462113|
2462114|
2462115|
2462116|
2462117|
2462118|
2462119|
2462144|
2462145|
2462146|
2462147|
2462148|
2462149|
2462150|
2462151|
2462176|
2462177|
2462178|
2462179|
2462180|
2462181|
2462182|
2462183|
2462208|
2462209|
2462210|
2462211|
2462212|
2462213|
2462214|
2462215|
2462240|
2462241|
2462242|
2462243|
2462244|
2462245|
2462246|
2462247|
2462272|
2462273|
2462274|
2462275|
2462276|
2462277|
2462278|
2462279|
2462304|
2462305|
2462306|
2462307|
2462308|
2462309|
2462310|
2462311|
2462336|
2462337|
2462338|
2462339|
2462340|
2462341|
2462342|
2462343|
2462368|
2462369|
2462370|
2462371|
2462372|
2462373|
2462374|
2462375|
2462400|
2462401|
2462402|
2462403|
2462404|
2462405|
2462406|
2462407|
2462432|
2462433|
2462434|
2462435|
2462436|
2462437|
2462438|
2462439|
2462464|
2462465|
2462466|
2462467|
2462468|
2462469|
2462470|
2462471|
2462496|
2462497|
2462498|
2462499|
2462500|
2462501|
2462502|
2462503|
2462528|
2462529|
2462530|
2462531|
2462532|
2462533|
2462534|
2462535|
2462560|
2462561|
2462562|
2462563|
2462564|
2462565|
2462566|
2462567|
2462592|
2462593|
2462594|
2462595|
2462596|
2462597|
2462598|
2462599|
2462624|
2462625|
2462626|
2462627|
2462628|
2462629|
2462630|
2462631|
2462656|
2462657|
2462658|
2462659|
2462660|
2462661|
2462662|
2462663|
2462688|
2462689|
2462690|
2462691|
2462692|
2462693|
2462694|
2462695|
2462720|
2462721|
2462722|
2462723|
2462724|
2462725|
2462726|
2462727|
2462752|
2462753|
2462754|
2462755|
2462756|
2462757|
2462758|
2462759|
2462784|
2462785|
2462786|
2462787|
2462788|
2462789|
2462790|
2462791|
2462816|
2462817|
2462818|
2462819|
2462820|
2462821|
2462822|
2462823|
2462848|
2462849|
2462850|
2462851|
2462852|
2462853|
2462854|
2462855|
2462880|
2462881|
2462882|
2462883|
2462884|
2462885|
2462886|
2462887|
2462912|
2462913|
2462914|
2462915|
2462916|
2462917|
2462918|
2462919|
2462944|
2462945|
2462946|
2462947|
2462948|
2462949|
2462950|
2462951|
2462976|
2462977|
2462978|
2462979|
2462980|
2462981|
2462982|
2462983|
2463008|
2463009|
2463010|
2463011|
2463012|
2463013|
2463014|
2463015|
2463040|
2463041|
2463042|
2463043|
2463044|
2463045|
2463046|
2463047|
2463072|
2463073|
2463074|
2463075|
2463076|
2463077|
2463078|
2463079|
2463104|
2463105|
2463106|
2463107|
2463108|
2463109|
2463110|
2463111|
2463136|
2463137|
2463138|
2463139|
2463140|
2463141|
2463142|
2463143|
2463168|
2463169|
2463170|
2463171|
2463172|
2463173|
2463174|
2463175|
2463200|
2463201|
2463202|
2463203|
2463204|
2463205|
2463206|
2463207|
2463232|
2463233|
2463234|
2463235|
2463236|
2463237|
2463238|
2463239|
2463264|
2463265|
2463266|
2463267|
2463268|
2463269|
2463270|
2463271|
2463296|
2463297|
2463298|
2463299|
2463300|
2463301|
2463302|
2463303|
2463328|
2463329|
2463330|
2463331|
2463332|
2463333|
2463334|
2463335|
2463360|
2463361|
2463362|
2463363|
2463364|
2463365|
2463366|
2463367|
2463392|
2463393|
2463394|
2463395|
2463396|
2463397|
2463398|
2463399|
2463424|
2463425|
2463426|
2463427|
2463428|
2463429|
2463430|
2463431|
2463456|
2463457|
2463458|
2463459|
2463460|
2463461|
2463462|
2463463|
2463488|
2463489|
2463490|
2463491|
2463492|
2463493|
2463494|
2463495|
2463520|
2463521|
2463522|
2463523|
2463524|
2463525|
2463526|
2463527|
2463552|
2463553|
2463554|
2463555|
2463556|
2463557|
2463558|
2463559|
2463584|
2463585|
2463586|
2463587|
2463588|
2463589|
2463590|
2463591|
2463616|
2463617|
2463618|
2463619|
2463620|
2463621|
2463622|
2463623|
2463648|
2463649|
2463650|
2463651|
2463652|
2463653|
2463654|
2463655|
2463680|
2463681|
2463682|
2463683|
2463684|
2463685|
2463686|
2463687|
2463712|
2463713|
2463714|
2463715|
2463716|
2463717|
2463718|
2463719|
2463744|
2463745|
2463746|
2463747|
2463748|
2463749|
2463750|
2463751|
2463776|
2463777|
2463778|
2463779|
2463780|
2463781|
2463782|
2463783|
2463808|
2463809|
2463810|
2463811|
2463812|
2463813|
2463814|
2463815|
2463840|
2463841|
2463842|
2463843|
2463844|
2463845|
2463846|
2463847|
2463872|
2463873|
2463874|
2463875|
2463876|
2463877|
2463878|
2463879|
2463904|
2463905|
2463906|
2463907|
2463908|
2463909|
2463910|
2463911|
2463936|
2463937|
2463938|
2463939|
2463940|
2463941|
2463942|
2463943|
2463968|
2463969|
2463970|
2463971|
2463972|
2463973|
2463974|
2463975|
2464000|
2464001|
2464002|
2464003|
2464004|
2464005|
2464006|
2464007|
2464032|
2464033|
2464034|
2464035|
2464036|
2464037|
2464038|
2464039|
2464064|
2464065|
2464066|
2464067|
2464068|
2464069|
2464070|
2464071|
2464096|
2464097|
2464098|
2464099|
2464100|
2464101|
2464102|
2464103|
2464128|
2464129|
2464130|
2464131|
2464132|
2464133|
2464134|
2464135|
2464160|
2464161|
2464162|
2464163|
2464164|
2464165|
2464166|
2464167|
2464192|
2464193|
2464194|
2464195|
2464196|
2464197|
2464198|
2464199|
2464224|
2464225|
2464226|
2464227|
2464228|
2464229|
2464230|
2464231|
2464256|
2464257|
2464258|
2464259|
2464260|
2464261|
2464262|
2464263|
2464288|
2464289|
2464290|
2464291|
2464292|
2464293|
2464294|
2464295|
2464320|
2464321|
2464322|
2464323|
2464324|
2464325|
2464326|
2464327|
2464352|
2464353|
2464354|
2464355|
2464356|
2464357|
2464358|
2464359|
2464384|
2464385|
2464386|
2464387|
2464388|
2464389|
2464390|
2464391|
2464416|
2464417|
2464418|
2464419|
2464420|
2464421|
2464422|
2464423|
2464448|
2464449|
2464450|
2464451|
2464452|
2464453|
2464454|
2464455|
2464480|
2464481|
2464482|
2464483|
2464484|
2464485|
2464486|
2464487|
2464512|
2464513|
2464514|
2464515|
2464516|
2464517|
2464518|
2464519|
2464544|
2464545|
2464546|
2464547|
2464548|
2464549|
2464550|
2464551|
2464576|
2464577|
2464578|
2464579|
2464580|
2464581|
2464582|
2464583|
2464608|
2464609|
2464610|
2464611|
2464612|
2464613|
2464614|
2464615|
2464640|
2464641|
2464642|
2464643|
2464644|
2464645|
2464646|
2464647|
2464672|
2464673|
2464674|
2464675|
2464676|
2464677|
2464678|
2464679|
2464704|
2464705|
2464706|
2464707|
2464708|
2464709|
2464710|
2464711|
2464736|
2464737|
2464738|
2464739|
2464740|
2464741|
2464742|
2464743|
2464768|
2464769|
2464770|
2464771|
2464772|
2464773|
2464774|
2464775|
2464800|
2464801|
2464802|
2464803|
2464804|
2464805|
2464806|
2464807|
2464832|
2464833|
2464834|
2464835|
2464836|
2464837|
2464838|
2464839|
2464864|
2464865|
2464866|
2464867|
2464868|
2464869|
2464870|
2464871|
2464896|
2464897|
2464898|
2464899|
2464900|
2464901|
2464902|
2464903|
2464928|
2464929|
2464930|
2464931|
2464932|
2464933|
2464934|
2464935|
2464960|
2464961|
2464962|
2464963|
2464964|
2464965|
2464966|
2464967|
2464992|
2464993|
2464994|
2464995|
2464996|
2464997|
2464998|
2464999|
2465024|
2465025|
2465026|
2465027|
2465028|
2465029|
2465030|
2465031|
2465056|
2465057|
2465058|
2465059|
2465060|
2465061|
2465062|
2465063|
2465088|
2465089|
2465090|
2465091|
2465092|
2465093|
2465094|
2465095|
2465120|
2465121|
2465122|
2465123|
2465124|
2465125|
2465126|
2465127|
2465152|
2465153|
2465154|
2465155|
2465156|
2465157|
2465158|
2465159|
2465184|
2465185|
2465186|
2465187|
2465188|
2465189|
2465190|
2465191|
2465216|
2465217|
2465218|
2465219|
2465220|
2465221|
2465222|
2465223|
2465248|
2465249|
2465250|
2465251|
2465252|
2465253|
2465254|
2465255|
2465280|
2465281|
2465282|
2465283|
2465284|
2465285|
2465286|
2465287|
2465312|
2465313|
2465314|
2465315|
2465316|
2465317|
2465318|
2465319|
2465344|
2465345|
2465346|
2465347|
2465348|
2465349|
2465350|
2465351|
2465376|
2465377|
2465378|
2465379|
2465380|
2465381|
2465382|
2465383|
2465408|
2465409|
2465410|
2465411|
2465412|
2465413|
2465414|
2465415|
2465440|
2465441|
2465442|
2465443|
2465444|
2465445|
2465446|
2465447|
2465472|
2465473|
2465474|
2465475|
2465476|
2465477|
2465478|
2465479|
2465504|
2465505|
2465506|
2465507|
2465508|
2465509|
2465510|
2465511|
2465536|
2465537|
2465538|
2465539|
2465540|
2465541|
2465542|
2465543|
2465568|
2465569|
2465570|
2465571|
2465572|
2465573|
2465574|
2465575|
2465600|
2465601|
2465602|
2465603|
2465604|
2465605|
2465606|
2465607|
2465632|
2465633|
2465634|
2465635|
2465636|
2465637|
2465638|
2465639|
2465664|
2465665|
2465666|
2465667|
2465668|
2465669|
2465670|
2465671|
2465696|
2465697|
2465698|
2465699|
2465700|
2465701|
2465702|
2465703|
2465728|
2465729|
2465730|
2465731|
2465732|
2465733|
2465734|
2465735|
2465760|
2465761|
2465762|
2465763|
2465764|
2465765|
2465766|
2465767|
2465792|
2465793|
2465794|
2465795|
2465796|
2465797|
2465798|
2465799|
2465824|
2465825|
2465826|
2465827|
2465828|
2465829|
2465830|
2465831|
2465856|
2465857|
2465858|
2465859|
2465860|
2465861|
2465862|
2465863|
2465888|
2465889|
2465890|
2465891|
2465892|
2465893|
2465894|
2465895|
2465920|
2465921|
2465922|
2465923|
2465924|
2465925|
2465926|
2465927|
2465952|
2465953|
2465954|
2465955|
2465956|
2465957|
2465958|
2465959|
2465984|
2465985|
2465986|
2465987|
2465988|
