2009989|
2009990|
2009991|
2010016|
2010017|
2010018|
2010019|
2010020|
2010021|
2010022|
2010023|
2010048|
2010049|
2010050|
2010051|
2010052|
2010053|
2010054|
2010055|
2010080|
2010081|
2010082|
2010083|
2010084|
2010085|
2010086|
2010087|
2010112|
2010113|
2010114|
2010115|
2010116|
2010117|
2010118|
2010119|
2010144|
2010145|
2010146|
2010147|
2010148|
2010149|
2010150|
2010151|
2010176|
2010177|
2010178|
2010179|
2010180|
2010181|
2010182|
2010183|
2010208|
2010209|
2010210|
2010211|
2010212|
2010213|
2010214|
2010215|
2010240|
2010241|
2010242|
2010243|
2010244|
2010245|
2010246|
2010247|
2010272|
2010273|
2010274|
2010275|
2010276|
2010277|
2010278|
2010279|
2010304|
2010305|
2010306|
2010307|
2010308|
2010309|
2010310|
2010311|
2010336|
2010337|
2010338|
2010339|
2010340|
2010341|
2010342|
2010343|
2010368|
2010369|
2010370|
2010371|
2010372|
2010373|
2010374|
2010375|
2010400|
2010401|
2010402|
2010403|
2010404|
2010405|
2010406|
2010407|
2010432|
2010433|
2010434|
2010435|
2010436|
2010437|
2010438|
2010439|
2010464|
2010465|
2010466|
2010467|
2010468|
2010469|
2010470|
2010471|
2010496|
2010497|
2010498|
2010499|
2010500|
2010501|
2010502|
2010503|
2010528|
2010529|
2010530|
2010531|
2010532|
2010533|
2010534|
2010535|
2010560|
2010561|
2010562|
2010563|
2010564|
2010565|
2010566|
2010567|
2010592|
2010593|
2010594|
2010595|
2010596|
2010597|
2010598|
2010599|
2010624|
2010625|
2010626|
2010627|
2010628|
2010629|
2010630|
2010631|
2010656|
2010657|
2010658|
2010659|
2010660|
2010661|
2010662|
2010663|
2010688|
2010689|
2010690|
2010691|
2010692|
2010693|
2010694|
2010695|
2010720|
2010721|
2010722|
2010723|
2010724|
2010725|
2010726|
2010727|
2010752|
2010753|
2010754|
2010755|
2010756|
2010757|
2010758|
2010759|
2010784|
2010785|
2010786|
2010787|
2010788|
2010789|
2010790|
2010791|
2010816|
2010817|
2010818|
2010819|
2010820|
2010821|
2010822|
2010823|
2010848|
2010849|
2010850|
2010851|
2010852|
2010853|
2010854|
2010855|
2010880|
2010881|
2010882|
2010883|
2010884|
2010885|
2010886|
2010887|
2010912|
2010913|
2010914|
2010915|
2010916|
2010917|
2010918|
2010919|
2010944|
2010945|
2010946|
2010947|
2010948|
2010949|
2010950|
2010951|
2010976|
2010977|
2010978|
2010979|
2010980|
2010981|
2010982|
2010983|
2011008|
2011009|
2011010|
2011011|
2011012|
2011013|
2011014|
2011015|
2011040|
2011041|
2011042|
2011043|
2011044|
2011045|
2011046|
2011047|
2011072|
2011073|
2011074|
2011075|
2011076|
2011077|
2011078|
2011079|
2011104|
2011105|
2011106|
2011107|
2011108|
2011109|
2011110|
2011111|
2011136|
2011137|
2011138|
2011139|
2011140|
2011141|
2011142|
2011143|
2011168|
2011169|
2011170|
2011171|
2011172|
2011173|
2011174|
2011175|
2011200|
2011201|
2011202|
2011203|
2011204|
2011205|
2011206|
2011207|
2011232|
2011233|
2011234|
2011235|
2011236|
2011237|
2011238|
2011239|
2011264|
2011265|
2011266|
2011267|
2011268|
2011269|
2011270|
2011271|
2011296|
2011297|
2011298|
2011299|
2011300|
2011301|
2011302|
2011303|
2011328|
2011329|
2011330|
2011331|
2011332|
2011333|
2011334|
2011335|
2011360|
2011361|
2011362|
2011363|
2011364|
2011365|
2011366|
2011367|
2011392|
2011393|
2011394|
2011395|
2011396|
2011397|
2011398|
2011399|
2011424|
2011425|
2011426|
2011427|
2011428|
2011429|
2011430|
2011431|
2011456|
2011457|
2011458|
2011459|
2011460|
2011461|
2011462|
2011463|
2011488|
2011489|
2011490|
2011491|
2011492|
2011493|
2011494|
2011495|
2011520|
2011521|
2011522|
2011523|
2011524|
2011525|
2011526|
2011527|
2011552|
2011553|
2011554|
2011555|
2011556|
2011557|
2011558|
2011559|
2011584|
2011585|
2011586|
2011587|
2011588|
2011589|
2011590|
2011591|
2011616|
2011617|
2011618|
2011619|
2011620|
2011621|
2011622|
2011623|
2011648|
2011649|
2011650|
2011651|
2011652|
2011653|
2011654|
2011655|
2011680|
2011681|
2011682|
2011683|
2011684|
2011685|
2011686|
2011687|
2011712|
2011713|
2011714|
2011715|
2011716|
2011717|
2011718|
2011719|
2011744|
2011745|
2011746|
2011747|
2011748|
2011749|
2011750|
2011751|
2011776|
2011777|
2011778|
2011779|
2011780|
2011781|
2011782|
2011783|
2011808|
2011809|
2011810|
2011811|
2011812|
2011813|
2011814|
2011815|
2011840|
2011841|
2011842|
2011843|
2011844|
2011845|
2011846|
2011847|
2011872|
2011873|
2011874|
2011875|
2011876|
2011877|
2011878|
2011879|
2011904|
2011905|
2011906|
2011907|
2011908|
2011909|
2011910|
2011911|
2011936|
2011937|
2011938|
2011939|
2011940|
2011941|
2011942|
2011943|
2011968|
2011969|
2011970|
2011971|
2011972|
2011973|
2011974|
2011975|
2012000|
2012001|
2012002|
2012003|
2012004|
2012005|
2012006|
2012007|
2012032|
2012033|
2012034|
2012035|
2012036|
2012037|
2012038|
2012039|
2012064|
2012065|
2012066|
2012067|
2012068|
2012069|
2012070|
2012071|
2012096|
2012097|
2012098|
2012099|
2012100|
2012101|
2012102|
2012103|
2012128|
2012129|
2012130|
2012131|
2012132|
2012133|
2012134|
2012135|
2012160|
2012161|
2012162|
2012163|
2012164|
2012165|
2012166|
2012167|
2012192|
2012193|
2012194|
2012195|
2012196|
2012197|
2012198|
2012199|
2012224|
2012225|
2012226|
2012227|
2012228|
2012229|
2012230|
2012231|
2012256|
2012257|
2012258|
2012259|
2012260|
2012261|
2012262|
2012263|
2012288|
2012289|
2012290|
2012291|
2012292|
2012293|
2012294|
2012295|
2012320|
2012321|
2012322|
2012323|
2012324|
2012325|
2012326|
2012327|
2012352|
2012353|
2012354|
2012355|
2012356|
2012357|
2012358|
2012359|
2012384|
2012385|
2012386|
2012387|
2012388|
2012389|
2012390|
2012391|
2012416|
2012417|
2012418|
2012419|
2012420|
2012421|
2012422|
2012423|
2012448|
2012449|
2012450|
2012451|
2012452|
2012453|
2012454|
2012455|
2012480|
2012481|
2012482|
2012483|
2012484|
2012485|
2012486|
2012487|
2012512|
2012513|
2012514|
2012515|
2012516|
2012517|
2012518|
2012519|
2012544|
2012545|
2012546|
2012547|
2012548|
2012549|
2012550|
2012551|
2012576|
2012577|
2012578|
2012579|
2012580|
2012581|
2012582|
2012583|
2012608|
2012609|
2012610|
2012611|
2012612|
2012613|
2012614|
2012615|
2012640|
2012641|
2012642|
2012643|
2012644|
2012645|
2012646|
2012647|
2012672|
2012673|
2012674|
2012675|
2012676|
2012677|
2012678|
2012679|
2012704|
2012705|
2012706|
2012707|
2012708|
2012709|
2012710|
2012711|
2012736|
2012737|
2012738|
2012739|
2012740|
2012741|
2012742|
2012743|
2012768|
2012769|
2012770|
2012771|
2012772|
2012773|
2012774|
2012775|
2012800|
2012801|
2012802|
2012803|
2012804|
2012805|
2012806|
2012807|
2012832|
2012833|
2012834|
2012835|
2012836|
2012837|
2012838|
2012839|
2012864|
2012865|
2012866|
2012867|
2012868|
2012869|
2012870|
2012871|
2012896|
2012897|
2012898|
2012899|
2012900|
2012901|
2012902|
2012903|
2012928|
2012929|
2012930|
2012931|
2012932|
2012933|
2012934|
2012935|
2012960|
2012961|
2012962|
2012963|
2012964|
2012965|
2012966|
2012967|
2012992|
2012993|
2012994|
2012995|
2012996|
2012997|
2012998|
2012999|
2013024|
2013025|
2013026|
2013027|
2013028|
2013029|
2013030|
2013031|
2013056|
2013057|
2013058|
2013059|
2013060|
2013061|
2013062|
2013063|
2013088|
2013089|
2013090|
2013091|
2013092|
2013093|
2013094|
2013095|
2013120|
2013121|
2013122|
2013123|
2013124|
2013125|
2013126|
2013127|
2013152|
2013153|
2013154|
2013155|
2013156|
2013157|
2013158|
2013159|
2013184|
2013185|
2013186|
2013187|
2013188|
2013189|
2013190|
2013191|
2013216|
2013217|
2013218|
2013219|
2013220|
2013221|
2013222|
2013223|
2013248|
2013249|
2013250|
2013251|
2013252|
2013253|
2013254|
2013255|
2013280|
2013281|
2013282|
2013283|
2013284|
2013285|
2013286|
2013287|
2013312|
2013313|
2013314|
2013315|
2013316|
2013317|
2013318|
2013319|
2013344|
2013345|
2013346|
2013347|
2013348|
2013349|
2013350|
2013351|
2013376|
2013377|
2013378|
2013379|
2013380|
2013381|
2013382|
2013383|
2013408|
2013409|
2013410|
2013411|
2013412|
2013413|
2013414|
2013415|
2013440|
2013441|
2013442|
2013443|
2013444|
2013445|
2013446|
2013447|
2013472|
2013473|
2013474|
2013475|
2013476|
2013477|
2013478|
2013479|
2013504|
2013505|
2013506|
2013507|
2013508|
2013509|
2013510|
2013511|
2013536|
2013537|
2013538|
2013539|
2013540|
2013541|
2013542|
2013543|
2013568|
2013569|
2013570|
2013571|
2013572|
2013573|
2013574|
2013575|
2013600|
2013601|
2013602|
2013603|
2013604|
2013605|
2013606|
2013607|
2013632|
2013633|
2013634|
2013635|
2013636|
2013637|
2013638|
2013639|
2013664|
2013665|
2013666|
2013667|
2013668|
2013669|
2013670|
2013671|
2013696|
2013697|
2013698|
2013699|
2013700|
2013701|
2013702|
2013703|
2013728|
2013729|
2013730|
2013731|
2013732|
2013733|
2013734|
2013735|
2013760|
2013761|
2013762|
2013763|
2013764|
2013765|
2013766|
2013767|
2013792|
2013793|
2013794|
2013795|
2013796|
2013797|
2013798|
2013799|
2013824|
2013825|
2013826|
2013827|
2013828|
2013829|
2013830|
2013831|
2013856|
2013857|
2013858|
2013859|
2013860|
2013861|
2013862|
2013863|
2013888|
2013889|
2013890|
2013891|
2013892|
2013893|
2013894|
2013895|
2013920|
2013921|
2013922|
2013923|
2013924|
2013925|
2013926|
2013927|
2013952|
2013953|
2013954|
2013955|
2013956|
2013957|
2013958|
2013959|
2013984|
2013985|
2013986|
2013987|
2013988|
2013989|
2013990|
2013991|
2014016|
2014017|
2014018|
2014019|
2014020|
2014021|
2014022|
2014023|
2014048|
2014049|
2014050|
2014051|
2014052|
2014053|
2014054|
2014055|
2014080|
2014081|
2014082|
2014083|
2014084|
2014085|
2014086|
2014087|
2014112|
2014113|
2014114|
2014115|
2014116|
2014117|
2014118|
2014119|
2014144|
2014145|
2014146|
2014147|
2014148|
2014149|
2014150|
2014151|
2014176|
2014177|
2014178|
2014179|
2014180|
2014181|
2014182|
2014183|
2014208|
2014209|
2014210|
2014211|
2014212|
2014213|
2014214|
2014215|
2014240|
2014241|
2014242|
2014243|
2014244|
2014245|
2014246|
2014247|
2014272|
2014273|
2014274|
2014275|
2014276|
2014277|
2014278|
2014279|
2014304|
2014305|
2014306|
2014307|
2014308|
2014309|
2014310|
2014311|
2014336|
2014337|
2014338|
2014339|
2014340|
2014341|
2014342|
2014343|
2014368|
2014369|
2014370|
2014371|
2014372|
2014373|
2014374|
2014375|
2014400|
2014401|
2014402|
2014403|
2014404|
2014405|
2014406|
2014407|
2014432|
2014433|
2014434|
2014435|
2014436|
2014437|
2014438|
2014439|
2014464|
2014465|
2014466|
2014467|
2014468|
2014469|
2014470|
2014471|
2014496|
2014497|
2014498|
2014499|
2014500|
2014501|
2014502|
2014503|
2014528|
2014529|
2014530|
2014531|
2014532|
2014533|
2014534|
2014535|
2014560|
2014561|
2014562|
2014563|
2014564|
2014565|
2014566|
2014567|
2014592|
2014593|
2014594|
2014595|
2014596|
2014597|
2014598|
2014599|
2014624|
2014625|
2014626|
2014627|
2014628|
2014629|
2014630|
2014631|
2014656|
2014657|
2014658|
2014659|
2014660|
2014661|
2014662|
2014663|
2014688|
2014689|
2014690|
2014691|
2014692|
2014693|
2014694|
2014695|
2014720|
2014721|
2014722|
2014723|
2014724|
2014725|
2014726|
2014727|
2014752|
2014753|
2014754|
2014755|
2014756|
2014757|
2014758|
2014759|
2014784|
2014785|
2014786|
2014787|
2014788|
2014789|
2014790|
2014791|
2014816|
2014817|
2014818|
2014819|
2014820|
2014821|
2014822|
2014823|
2014848|
2014849|
2014850|
2014851|
2014852|
2014853|
2014854|
2014855|
2014880|
2014881|
2014882|
2014883|
2014884|
2014885|
2014886|
2014887|
2014912|
2014913|
2014914|
2014915|
2014916|
2014917|
2014918|
2014919|
2014944|
2014945|
2014946|
2014947|
2014948|
2014949|
2014950|
2014951|
2014976|
2014977|
2014978|
2014979|
2014980|
2014981|
2014982|
2014983|
2015008|
2015009|
2015010|
2015011|
2015012|
2015013|
2015014|
2015015|
2015040|
2015041|
2015042|
2015043|
2015044|
2015045|
2015046|
2015047|
2015072|
2015073|
2015074|
2015075|
2015076|
2015077|
2015078|
2015079|
2015104|
2015105|
2015106|
2015107|
2015108|
2015109|
2015110|
2015111|
2015136|
2015137|
2015138|
2015139|
2015140|
2015141|
2015142|
2015143|
2015168|
2015169|
2015170|
2015171|
2015172|
2015173|
2015174|
2015175|
2015200|
2015201|
2015202|
2015203|
2015204|
2015205|
2015206|
2015207|
2015232|
2015233|
2015234|
2015235|
2015236|
2015237|
2015238|
2015239|
2015264|
2015265|
2015266|
2015267|
2015268|
2015269|
2015270|
2015271|
2015296|
2015297|
2015298|
2015299|
2015300|
2015301|
2015302|
2015303|
2015328|
2015329|
2015330|
2015331|
2015332|
2015333|
2015334|
2015335|
2015360|
2015361|
2015362|
2015363|
2015364|
2015365|
2015366|
2015367|
2015392|
2015393|
2015394|
2015395|
2015396|
2015397|
2015398|
2015399|
2015424|
2015425|
2015426|
2015427|
2015428|
2015429|
2015430|
2015431|
2015456|
2015457|
2015458|
2015459|
2015460|
2015461|
2015462|
2015463|
2015488|
2015489|
2015490|
2015491|
2015492|
2015493|
2015494|
2015495|
2015520|
2015521|
2015522|
2015523|
2015524|
2015525|
2015526|
2015527|
2015552|
2015553|
2015554|
2015555|
2015556|
2015557|
2015558|
2015559|
2015584|
2015585|
2015586|
2015587|
2015588|
2015589|
2015590|
2015591|
2015616|
2015617|
2015618|
2015619|
2015620|
2015621|
2015622|
2015623|
2015648|
2015649|
2015650|
2015651|
2015652|
2015653|
2015654|
2015655|
2015680|
2015681|
2015682|
2015683|
2015684|
2015685|
2015686|
2015687|
2015712|
2015713|
2015714|
2015715|
2015716|
2015717|
2015718|
2015719|
2015744|
2015745|
2015746|
2015747|
2015748|
2015749|
2015750|
2015751|
2015776|
2015777|
2015778|
2015779|
2015780|
2015781|
2015782|
2015783|
2015808|
2015809|
2015810|
2015811|
2015812|
2015813|
2015814|
2015815|
2015840|
2015841|
2015842|
2015843|
2015844|
2015845|
2015846|
2015847|
2015872|
2015873|
2015874|
2015875|
2015876|
2015877|
2015878|
2015879|
2015904|
2015905|
2015906|
2015907|
2015908|
2015909|
2015910|
2015911|
2015936|
2015937|
2015938|
2015939|
2015940|
2015941|
2015942|
2015943|
2015968|
2015969|
2015970|
2015971|
2015972|
2015973|
2015974|
2015975|
2016000|
