2160001|
2160002|
2160003|
2160004|
2160005|
2160006|
2160007|
2160032|
2160033|
2160034|
2160035|
2160036|
2160037|
2160038|
2160039|
2160064|
2160065|
2160066|
2160067|
2160068|
2160069|
2160070|
2160071|
2160096|
2160097|
2160098|
2160099|
2160100|
2160101|
2160102|
2160103|
2160128|
2160129|
2160130|
2160131|
2160132|
2160133|
2160134|
2160135|
2160160|
2160161|
2160162|
2160163|
2160164|
2160165|
2160166|
2160167|
2160192|
2160193|
2160194|
2160195|
2160196|
2160197|
2160198|
2160199|
2160224|
2160225|
2160226|
2160227|
2160228|
2160229|
2160230|
2160231|
2160256|
2160257|
2160258|
2160259|
2160260|
2160261|
2160262|
2160263|
2160288|
2160289|
2160290|
2160291|
2160292|
2160293|
2160294|
2160295|
2160320|
2160321|
2160322|
2160323|
2160324|
2160325|
2160326|
2160327|
2160352|
2160353|
2160354|
2160355|
2160356|
2160357|
2160358|
2160359|
2160384|
2160385|
2160386|
2160387|
2160388|
2160389|
2160390|
2160391|
2160416|
2160417|
2160418|
2160419|
2160420|
2160421|
2160422|
2160423|
2160448|
2160449|
2160450|
2160451|
2160452|
2160453|
2160454|
2160455|
2160480|
2160481|
2160482|
2160483|
2160484|
2160485|
2160486|
2160487|
2160512|
2160513|
2160514|
2160515|
2160516|
2160517|
2160518|
2160519|
2160544|
2160545|
2160546|
2160547|
2160548|
2160549|
2160550|
2160551|
2160576|
2160577|
2160578|
2160579|
2160580|
2160581|
2160582|
2160583|
2160608|
2160609|
2160610|
2160611|
2160612|
2160613|
2160614|
2160615|
2160640|
2160641|
2160642|
2160643|
2160644|
2160645|
2160646|
2160647|
2160672|
2160673|
2160674|
2160675|
2160676|
2160677|
2160678|
2160679|
2160704|
2160705|
2160706|
2160707|
2160708|
2160709|
2160710|
2160711|
2160736|
2160737|
2160738|
2160739|
2160740|
2160741|
2160742|
2160743|
2160768|
2160769|
2160770|
2160771|
2160772|
2160773|
2160774|
2160775|
2160800|
2160801|
2160802|
2160803|
2160804|
2160805|
2160806|
2160807|
2160832|
2160833|
2160834|
2160835|
2160836|
2160837|
2160838|
2160839|
2160864|
2160865|
2160866|
2160867|
2160868|
2160869|
2160870|
2160871|
2160896|
2160897|
2160898|
2160899|
2160900|
2160901|
2160902|
2160903|
2160928|
2160929|
2160930|
2160931|
2160932|
2160933|
2160934|
2160935|
2160960|
2160961|
2160962|
2160963|
2160964|
2160965|
2160966|
2160967|
2160992|
2160993|
2160994|
2160995|
2160996|
2160997|
2160998|
2160999|
2161024|
2161025|
2161026|
2161027|
2161028|
2161029|
2161030|
2161031|
2161056|
2161057|
2161058|
2161059|
2161060|
2161061|
2161062|
2161063|
2161088|
2161089|
2161090|
2161091|
2161092|
2161093|
2161094|
2161095|
2161120|
2161121|
2161122|
2161123|
2161124|
2161125|
2161126|
2161127|
2161152|
2161153|
2161154|
2161155|
2161156|
2161157|
2161158|
2161159|
2161184|
2161185|
2161186|
2161187|
2161188|
2161189|
2161190|
2161191|
2161216|
2161217|
2161218|
2161219|
2161220|
2161221|
2161222|
2161223|
2161248|
2161249|
2161250|
2161251|
2161252|
2161253|
2161254|
2161255|
2161280|
2161281|
2161282|
2161283|
2161284|
2161285|
2161286|
2161287|
2161312|
2161313|
2161314|
2161315|
2161316|
2161317|
2161318|
2161319|
2161344|
2161345|
2161346|
2161347|
2161348|
2161349|
2161350|
2161351|
2161376|
2161377|
2161378|
2161379|
2161380|
2161381|
2161382|
2161383|
2161408|
2161409|
2161410|
2161411|
2161412|
2161413|
2161414|
2161415|
2161440|
2161441|
2161442|
2161443|
2161444|
2161445|
2161446|
2161447|
2161472|
2161473|
2161474|
2161475|
2161476|
2161477|
2161478|
2161479|
2161504|
2161505|
2161506|
2161507|
2161508|
2161509|
2161510|
2161511|
2161536|
2161537|
2161538|
2161539|
2161540|
2161541|
2161542|
2161543|
2161568|
2161569|
2161570|
2161571|
2161572|
2161573|
2161574|
2161575|
2161600|
2161601|
2161602|
2161603|
2161604|
2161605|
2161606|
2161607|
2161632|
2161633|
2161634|
2161635|
2161636|
2161637|
2161638|
2161639|
2161664|
2161665|
2161666|
2161667|
2161668|
2161669|
2161670|
2161671|
2161696|
2161697|
2161698|
2161699|
2161700|
2161701|
2161702|
2161703|
2161728|
2161729|
2161730|
2161731|
2161732|
2161733|
2161734|
2161735|
2161760|
2161761|
2161762|
2161763|
2161764|
2161765|
2161766|
2161767|
2161792|
2161793|
2161794|
2161795|
2161796|
2161797|
2161798|
2161799|
2161824|
2161825|
2161826|
2161827|
2161828|
2161829|
2161830|
2161831|
2161856|
2161857|
2161858|
2161859|
2161860|
2161861|
2161862|
2161863|
2161888|
2161889|
2161890|
2161891|
2161892|
2161893|
2161894|
2161895|
2161920|
2161921|
2161922|
2161923|
2161924|
2161925|
2161926|
2161927|
2161952|
2161953|
2161954|
2161955|
2161956|
2161957|
2161958|
2161959|
2161984|
2161985|
2161986|
2161987|
2161988|
2161989|
2161990|
2161991|
2162016|
2162017|
2162018|
2162019|
2162020|
2162021|
2162022|
2162023|
2162048|
2162049|
2162050|
2162051|
2162052|
2162053|
2162054|
2162055|
2162080|
2162081|
2162082|
2162083|
2162084|
2162085|
2162086|
2162087|
2162112|
2162113|
2162114|
2162115|
2162116|
2162117|
2162118|
2162119|
2162144|
2162145|
2162146|
2162147|
2162148|
2162149|
2162150|
2162151|
2162176|
2162177|
2162178|
2162179|
2162180|
2162181|
2162182|
2162183|
2162208|
2162209|
2162210|
2162211|
2162212|
2162213|
2162214|
2162215|
2162240|
2162241|
2162242|
2162243|
2162244|
2162245|
2162246|
2162247|
2162272|
2162273|
2162274|
2162275|
2162276|
2162277|
2162278|
2162279|
2162304|
2162305|
2162306|
2162307|
2162308|
2162309|
2162310|
2162311|
2162336|
2162337|
2162338|
2162339|
2162340|
2162341|
2162342|
2162343|
2162368|
2162369|
2162370|
2162371|
2162372|
2162373|
2162374|
2162375|
2162400|
2162401|
2162402|
2162403|
2162404|
2162405|
2162406|
2162407|
2162432|
2162433|
2162434|
2162435|
2162436|
2162437|
2162438|
2162439|
2162464|
2162465|
2162466|
2162467|
2162468|
2162469|
2162470|
2162471|
2162496|
2162497|
2162498|
2162499|
2162500|
2162501|
2162502|
2162503|
2162528|
2162529|
2162530|
2162531|
2162532|
2162533|
2162534|
2162535|
2162560|
2162561|
2162562|
2162563|
2162564|
2162565|
2162566|
2162567|
2162592|
2162593|
2162594|
2162595|
2162596|
2162597|
2162598|
2162599|
2162624|
2162625|
2162626|
2162627|
2162628|
2162629|
2162630|
2162631|
2162656|
2162657|
2162658|
2162659|
2162660|
2162661|
2162662|
2162663|
2162688|
2162689|
2162690|
2162691|
2162692|
2162693|
2162694|
2162695|
2162720|
2162721|
2162722|
2162723|
2162724|
2162725|
2162726|
2162727|
2162752|
2162753|
2162754|
2162755|
2162756|
2162757|
2162758|
2162759|
2162784|
2162785|
2162786|
2162787|
2162788|
2162789|
2162790|
2162791|
2162816|
2162817|
2162818|
2162819|
2162820|
2162821|
2162822|
2162823|
2162848|
2162849|
2162850|
2162851|
2162852|
2162853|
2162854|
2162855|
2162880|
2162881|
2162882|
2162883|
2162884|
2162885|
2162886|
2162887|
2162912|
2162913|
2162914|
2162915|
2162916|
2162917|
2162918|
2162919|
2162944|
2162945|
2162946|
2162947|
2162948|
2162949|
2162950|
2162951|
2162976|
2162977|
2162978|
2162979|
2162980|
2162981|
2162982|
2162983|
2163008|
2163009|
2163010|
2163011|
2163012|
2163013|
2163014|
2163015|
2163040|
2163041|
2163042|
2163043|
2163044|
2163045|
2163046|
2163047|
2163072|
2163073|
2163074|
2163075|
2163076|
2163077|
2163078|
2163079|
2163104|
2163105|
2163106|
2163107|
2163108|
2163109|
2163110|
2163111|
2163136|
2163137|
2163138|
2163139|
2163140|
2163141|
2163142|
2163143|
2163168|
2163169|
2163170|
2163171|
2163172|
2163173|
2163174|
2163175|
2163200|
2163201|
2163202|
2163203|
2163204|
2163205|
2163206|
2163207|
2163232|
2163233|
2163234|
2163235|
2163236|
2163237|
2163238|
2163239|
2163264|
2163265|
2163266|
2163267|
2163268|
2163269|
2163270|
2163271|
2163296|
2163297|
2163298|
2163299|
2163300|
2163301|
2163302|
2163303|
2163328|
2163329|
2163330|
2163331|
2163332|
2163333|
2163334|
2163335|
2163360|
2163361|
2163362|
2163363|
2163364|
2163365|
2163366|
2163367|
2163392|
2163393|
2163394|
2163395|
2163396|
2163397|
2163398|
2163399|
2163424|
2163425|
2163426|
2163427|
2163428|
2163429|
2163430|
2163431|
2163456|
2163457|
2163458|
2163459|
2163460|
2163461|
2163462|
2163463|
2163488|
2163489|
2163490|
2163491|
2163492|
2163493|
2163494|
2163495|
2163520|
2163521|
2163522|
2163523|
2163524|
2163525|
2163526|
2163527|
2163552|
2163553|
2163554|
2163555|
2163556|
2163557|
2163558|
2163559|
2163584|
2163585|
2163586|
2163587|
2163588|
2163589|
2163590|
2163591|
2163616|
2163617|
2163618|
2163619|
2163620|
2163621|
2163622|
2163623|
2163648|
2163649|
2163650|
2163651|
2163652|
2163653|
2163654|
2163655|
2163680|
2163681|
2163682|
2163683|
2163684|
2163685|
2163686|
2163687|
2163712|
2163713|
2163714|
2163715|
2163716|
2163717|
2163718|
2163719|
2163744|
2163745|
2163746|
2163747|
2163748|
2163749|
2163750|
2163751|
2163776|
2163777|
2163778|
2163779|
2163780|
2163781|
2163782|
2163783|
2163808|
2163809|
2163810|
2163811|
2163812|
2163813|
2163814|
2163815|
2163840|
2163841|
2163842|
2163843|
2163844|
2163845|
2163846|
2163847|
2163872|
2163873|
2163874|
2163875|
2163876|
2163877|
2163878|
2163879|
2163904|
2163905|
2163906|
2163907|
2163908|
2163909|
2163910|
2163911|
2163936|
2163937|
2163938|
2163939|
2163940|
2163941|
2163942|
2163943|
2163968|
2163969|
2163970|
2163971|
2163972|
2163973|
2163974|
2163975|
2164000|
2164001|
2164002|
2164003|
2164004|
2164005|
2164006|
2164007|
2164032|
2164033|
2164034|
2164035|
2164036|
2164037|
2164038|
2164039|
2164064|
2164065|
2164066|
2164067|
2164068|
2164069|
2164070|
2164071|
2164096|
2164097|
2164098|
2164099|
2164100|
2164101|
2164102|
2164103|
2164128|
2164129|
2164130|
2164131|
2164132|
2164133|
2164134|
2164135|
2164160|
2164161|
2164162|
2164163|
2164164|
2164165|
2164166|
2164167|
2164192|
2164193|
2164194|
2164195|
2164196|
2164197|
2164198|
2164199|
2164224|
2164225|
2164226|
2164227|
2164228|
2164229|
2164230|
2164231|
2164256|
2164257|
2164258|
2164259|
2164260|
2164261|
2164262|
2164263|
2164288|
2164289|
2164290|
2164291|
2164292|
2164293|
2164294|
2164295|
2164320|
2164321|
2164322|
2164323|
2164324|
2164325|
2164326|
2164327|
2164352|
2164353|
2164354|
2164355|
2164356|
2164357|
2164358|
2164359|
2164384|
2164385|
2164386|
2164387|
2164388|
2164389|
2164390|
2164391|
2164416|
2164417|
2164418|
2164419|
2164420|
2164421|
2164422|
2164423|
2164448|
2164449|
2164450|
2164451|
2164452|
2164453|
2164454|
2164455|
2164480|
2164481|
2164482|
2164483|
2164484|
2164485|
2164486|
2164487|
2164512|
2164513|
2164514|
2164515|
2164516|
2164517|
2164518|
2164519|
2164544|
2164545|
2164546|
2164547|
2164548|
2164549|
2164550|
2164551|
2164576|
2164577|
2164578|
2164579|
2164580|
2164581|
2164582|
2164583|
2164608|
2164609|
2164610|
2164611|
2164612|
2164613|
2164614|
2164615|
2164640|
2164641|
2164642|
2164643|
2164644|
2164645|
2164646|
2164647|
2164672|
2164673|
2164674|
2164675|
2164676|
2164677|
2164678|
2164679|
2164704|
2164705|
2164706|
2164707|
2164708|
2164709|
2164710|
2164711|
2164736|
2164737|
2164738|
2164739|
2164740|
2164741|
2164742|
2164743|
2164768|
2164769|
2164770|
2164771|
2164772|
2164773|
2164774|
2164775|
2164800|
2164801|
2164802|
2164803|
2164804|
2164805|
2164806|
2164807|
2164832|
2164833|
2164834|
2164835|
2164836|
2164837|
2164838|
2164839|
2164864|
2164865|
2164866|
2164867|
2164868|
2164869|
2164870|
2164871|
2164896|
2164897|
2164898|
2164899|
2164900|
2164901|
2164902|
2164903|
2164928|
2164929|
2164930|
2164931|
2164932|
2164933|
2164934|
2164935|
2164960|
2164961|
2164962|
2164963|
2164964|
2164965|
2164966|
2164967|
2164992|
2164993|
2164994|
2164995|
2164996|
2164997|
2164998|
2164999|
2165024|
2165025|
2165026|
2165027|
2165028|
2165029|
2165030|
2165031|
2165056|
2165057|
2165058|
2165059|
2165060|
2165061|
2165062|
2165063|
2165088|
2165089|
2165090|
2165091|
2165092|
2165093|
2165094|
2165095|
2165120|
2165121|
2165122|
2165123|
2165124|
2165125|
2165126|
2165127|
2165152|
2165153|
2165154|
2165155|
2165156|
2165157|
2165158|
2165159|
2165184|
2165185|
2165186|
2165187|
2165188|
2165189|
2165190|
2165191|
2165216|
2165217|
2165218|
2165219|
2165220|
2165221|
2165222|
2165223|
2165248|
2165249|
2165250|
2165251|
2165252|
2165253|
2165254|
2165255|
2165280|
2165281|
2165282|
2165283|
2165284|
2165285|
2165286|
2165287|
2165312|
2165313|
2165314|
2165315|
2165316|
2165317|
2165318|
2165319|
2165344|
2165345|
2165346|
2165347|
2165348|
2165349|
2165350|
2165351|
2165376|
2165377|
2165378|
2165379|
2165380|
2165381|
2165382|
2165383|
2165408|
2165409|
2165410|
2165411|
2165412|
2165413|
2165414|
2165415|
2165440|
2165441|
2165442|
2165443|
2165444|
2165445|
2165446|
2165447|
2165472|
2165473|
2165474|
2165475|
2165476|
2165477|
2165478|
2165479|
2165504|
2165505|
2165506|
2165507|
2165508|
2165509|
2165510|
2165511|
2165536|
2165537|
2165538|
2165539|
2165540|
2165541|
2165542|
2165543|
2165568|
2165569|
2165570|
2165571|
2165572|
2165573|
2165574|
2165575|
2165600|
2165601|
2165602|
2165603|
2165604|
2165605|
2165606|
2165607|
2165632|
2165633|
2165634|
2165635|
2165636|
2165637|
2165638|
2165639|
2165664|
2165665|
2165666|
2165667|
2165668|
2165669|
2165670|
2165671|
2165696|
2165697|
2165698|
2165699|
2165700|
2165701|
2165702|
2165703|
2165728|
2165729|
2165730|
2165731|
2165732|
2165733|
2165734|
2165735|
2165760|
2165761|
2165762|
2165763|
2165764|
2165765|
2165766|
2165767|
2165792|
2165793|
2165794|
2165795|
2165796|
2165797|
2165798|
2165799|
2165824|
2165825|
2165826|
2165827|
2165828|
2165829|
2165830|
2165831|
2165856|
2165857|
2165858|
2165859|
2165860|
2165861|
2165862|
2165863|
2165888|
2165889|
2165890|
2165891|
2165892|
2165893|
2165894|
2165895|
2165920|
2165921|
2165922|
2165923|
2165924|
2165925|
2165926|
2165927|
2165952|
2165953|
2165954|
2165955|
2165956|
2165957|
2165958|
2165959|
2165984|
2165985|
2165986|
2165987|
2165988|
