2628001|
2628002|
2628003|
2628004|
2628005|
2628006|
2628007|
2628032|
2628033|
2628034|
2628035|
2628036|
2628037|
2628038|
2628039|
2628064|
2628065|
2628066|
2628067|
2628068|
2628069|
2628070|
2628071|
2628096|
2628097|
2628098|
2628099|
2628100|
2628101|
2628102|
2628103|
2628128|
2628129|
2628130|
2628131|
2628132|
2628133|
2628134|
2628135|
2628160|
2628161|
2628162|
2628163|
2628164|
2628165|
2628166|
2628167|
2628192|
2628193|
2628194|
2628195|
2628196|
2628197|
2628198|
2628199|
2628224|
2628225|
2628226|
2628227|
2628228|
2628229|
2628230|
2628231|
2628256|
2628257|
2628258|
2628259|
2628260|
2628261|
2628262|
2628263|
2628288|
2628289|
2628290|
2628291|
2628292|
2628293|
2628294|
2628295|
2628320|
2628321|
2628322|
2628323|
2628324|
2628325|
2628326|
2628327|
2628352|
2628353|
2628354|
2628355|
2628356|
2628357|
2628358|
2628359|
2628384|
2628385|
2628386|
2628387|
2628388|
2628389|
2628390|
2628391|
2628416|
2628417|
2628418|
2628419|
2628420|
2628421|
2628422|
2628423|
2628448|
2628449|
2628450|
2628451|
2628452|
2628453|
2628454|
2628455|
2628480|
2628481|
2628482|
2628483|
2628484|
2628485|
2628486|
2628487|
2628512|
2628513|
2628514|
2628515|
2628516|
2628517|
2628518|
2628519|
2628544|
2628545|
2628546|
2628547|
2628548|
2628549|
2628550|
2628551|
2628576|
2628577|
2628578|
2628579|
2628580|
2628581|
2628582|
2628583|
2628608|
2628609|
2628610|
2628611|
2628612|
2628613|
2628614|
2628615|
2628640|
2628641|
2628642|
2628643|
2628644|
2628645|
2628646|
2628647|
2628672|
2628673|
2628674|
2628675|
2628676|
2628677|
2628678|
2628679|
2628704|
2628705|
2628706|
2628707|
2628708|
2628709|
2628710|
2628711|
2628736|
2628737|
2628738|
2628739|
2628740|
2628741|
2628742|
2628743|
2628768|
2628769|
2628770|
2628771|
2628772|
2628773|
2628774|
2628775|
2628800|
2628801|
2628802|
2628803|
2628804|
2628805|
2628806|
2628807|
2628832|
2628833|
2628834|
2628835|
2628836|
2628837|
2628838|
2628839|
2628864|
2628865|
2628866|
2628867|
2628868|
2628869|
2628870|
2628871|
2628896|
2628897|
2628898|
2628899|
2628900|
2628901|
2628902|
2628903|
2628928|
2628929|
2628930|
2628931|
2628932|
2628933|
2628934|
2628935|
2628960|
2628961|
2628962|
2628963|
2628964|
2628965|
2628966|
2628967|
2628992|
2628993|
2628994|
2628995|
2628996|
2628997|
2628998|
2628999|
2629024|
2629025|
2629026|
2629027|
2629028|
2629029|
2629030|
2629031|
2629056|
2629057|
2629058|
2629059|
2629060|
2629061|
2629062|
2629063|
2629088|
2629089|
2629090|
2629091|
2629092|
2629093|
2629094|
2629095|
2629120|
2629121|
2629122|
2629123|
2629124|
2629125|
2629126|
2629127|
2629152|
2629153|
2629154|
2629155|
2629156|
2629157|
2629158|
2629159|
2629184|
2629185|
2629186|
2629187|
2629188|
2629189|
2629190|
2629191|
2629216|
2629217|
2629218|
2629219|
2629220|
2629221|
2629222|
2629223|
2629248|
2629249|
2629250|
2629251|
2629252|
2629253|
2629254|
2629255|
2629280|
2629281|
2629282|
2629283|
2629284|
2629285|
2629286|
2629287|
2629312|
2629313|
2629314|
2629315|
2629316|
2629317|
2629318|
2629319|
2629344|
2629345|
2629346|
2629347|
2629348|
2629349|
2629350|
2629351|
2629376|
2629377|
2629378|
2629379|
2629380|
2629381|
2629382|
2629383|
2629408|
2629409|
2629410|
2629411|
2629412|
2629413|
2629414|
2629415|
2629440|
2629441|
2629442|
2629443|
2629444|
2629445|
2629446|
2629447|
2629472|
2629473|
2629474|
2629475|
2629476|
2629477|
2629478|
2629479|
2629504|
2629505|
2629506|
2629507|
2629508|
2629509|
2629510|
2629511|
2629536|
2629537|
2629538|
2629539|
2629540|
2629541|
2629542|
2629543|
2629568|
2629569|
2629570|
2629571|
2629572|
2629573|
2629574|
2629575|
2629600|
2629601|
2629602|
2629603|
2629604|
2629605|
2629606|
2629607|
2629632|
2629633|
2629634|
2629635|
2629636|
2629637|
2629638|
2629639|
2629664|
2629665|
2629666|
2629667|
2629668|
2629669|
2629670|
2629671|
2629696|
2629697|
2629698|
2629699|
2629700|
2629701|
2629702|
2629703|
2629728|
2629729|
2629730|
2629731|
2629732|
2629733|
2629734|
2629735|
2629760|
2629761|
2629762|
2629763|
2629764|
2629765|
2629766|
2629767|
2629792|
2629793|
2629794|
2629795|
2629796|
2629797|
2629798|
2629799|
2629824|
2629825|
2629826|
2629827|
2629828|
2629829|
2629830|
2629831|
2629856|
2629857|
2629858|
2629859|
2629860|
2629861|
2629862|
2629863|
2629888|
2629889|
2629890|
2629891|
2629892|
2629893|
2629894|
2629895|
2629920|
2629921|
2629922|
2629923|
2629924|
2629925|
2629926|
2629927|
2629952|
2629953|
2629954|
2629955|
2629956|
2629957|
2629958|
2629959|
2629984|
2629985|
2629986|
2629987|
2629988|
2629989|
2629990|
2629991|
2630016|
2630017|
2630018|
2630019|
2630020|
2630021|
2630022|
2630023|
2630048|
2630049|
2630050|
2630051|
2630052|
2630053|
2630054|
2630055|
2630080|
2630081|
2630082|
2630083|
2630084|
2630085|
2630086|
2630087|
2630112|
2630113|
2630114|
2630115|
2630116|
2630117|
2630118|
2630119|
2630144|
2630145|
2630146|
2630147|
2630148|
2630149|
2630150|
2630151|
2630176|
2630177|
2630178|
2630179|
2630180|
2630181|
2630182|
2630183|
2630208|
2630209|
2630210|
2630211|
2630212|
2630213|
2630214|
2630215|
2630240|
2630241|
2630242|
2630243|
2630244|
2630245|
2630246|
2630247|
2630272|
2630273|
2630274|
2630275|
2630276|
2630277|
2630278|
2630279|
2630304|
2630305|
2630306|
2630307|
2630308|
2630309|
2630310|
2630311|
2630336|
2630337|
2630338|
2630339|
2630340|
2630341|
2630342|
2630343|
2630368|
2630369|
2630370|
2630371|
2630372|
2630373|
2630374|
2630375|
2630400|
2630401|
2630402|
2630403|
2630404|
2630405|
2630406|
2630407|
2630432|
2630433|
2630434|
2630435|
2630436|
2630437|
2630438|
2630439|
2630464|
2630465|
2630466|
2630467|
2630468|
2630469|
2630470|
2630471|
2630496|
2630497|
2630498|
2630499|
2630500|
2630501|
2630502|
2630503|
2630528|
2630529|
2630530|
2630531|
2630532|
2630533|
2630534|
2630535|
2630560|
2630561|
2630562|
2630563|
2630564|
2630565|
2630566|
2630567|
2630592|
2630593|
2630594|
2630595|
2630596|
2630597|
2630598|
2630599|
2630624|
2630625|
2630626|
2630627|
2630628|
2630629|
2630630|
2630631|
2630656|
2630657|
2630658|
2630659|
2630660|
2630661|
2630662|
2630663|
2630688|
2630689|
2630690|
2630691|
2630692|
2630693|
2630694|
2630695|
2630720|
2630721|
2630722|
2630723|
2630724|
2630725|
2630726|
2630727|
2630752|
2630753|
2630754|
2630755|
2630756|
2630757|
2630758|
2630759|
2630784|
2630785|
2630786|
2630787|
2630788|
2630789|
2630790|
2630791|
2630816|
2630817|
2630818|
2630819|
2630820|
2630821|
2630822|
2630823|
2630848|
2630849|
2630850|
2630851|
2630852|
2630853|
2630854|
2630855|
2630880|
2630881|
2630882|
2630883|
2630884|
2630885|
2630886|
2630887|
2630912|
2630913|
2630914|
2630915|
2630916|
2630917|
2630918|
2630919|
2630944|
2630945|
2630946|
2630947|
2630948|
2630949|
2630950|
2630951|
2630976|
2630977|
2630978|
2630979|
2630980|
2630981|
2630982|
2630983|
2631008|
2631009|
2631010|
2631011|
2631012|
2631013|
2631014|
2631015|
2631040|
2631041|
2631042|
2631043|
2631044|
2631045|
2631046|
2631047|
2631072|
2631073|
2631074|
2631075|
2631076|
2631077|
2631078|
2631079|
2631104|
2631105|
2631106|
2631107|
2631108|
2631109|
2631110|
2631111|
2631136|
2631137|
2631138|
2631139|
2631140|
2631141|
2631142|
2631143|
2631168|
2631169|
2631170|
2631171|
2631172|
2631173|
2631174|
2631175|
2631200|
2631201|
2631202|
2631203|
2631204|
2631205|
2631206|
2631207|
2631232|
2631233|
2631234|
2631235|
2631236|
2631237|
2631238|
2631239|
2631264|
2631265|
2631266|
2631267|
2631268|
2631269|
2631270|
2631271|
2631296|
2631297|
2631298|
2631299|
2631300|
2631301|
2631302|
2631303|
2631328|
2631329|
2631330|
2631331|
2631332|
2631333|
2631334|
2631335|
2631360|
2631361|
2631362|
2631363|
2631364|
2631365|
2631366|
2631367|
2631392|
2631393|
2631394|
2631395|
2631396|
2631397|
2631398|
2631399|
2631424|
2631425|
2631426|
2631427|
2631428|
2631429|
2631430|
2631431|
2631456|
2631457|
2631458|
2631459|
2631460|
2631461|
2631462|
2631463|
2631488|
2631489|
2631490|
2631491|
2631492|
2631493|
2631494|
2631495|
2631520|
2631521|
2631522|
2631523|
2631524|
2631525|
2631526|
2631527|
2631552|
2631553|
2631554|
2631555|
2631556|
2631557|
2631558|
2631559|
2631584|
2631585|
2631586|
2631587|
2631588|
2631589|
2631590|
2631591|
2631616|
2631617|
2631618|
2631619|
2631620|
2631621|
2631622|
2631623|
2631648|
2631649|
2631650|
2631651|
2631652|
2631653|
2631654|
2631655|
2631680|
2631681|
2631682|
2631683|
2631684|
2631685|
2631686|
2631687|
2631712|
2631713|
2631714|
2631715|
2631716|
2631717|
2631718|
2631719|
2631744|
2631745|
2631746|
2631747|
2631748|
2631749|
2631750|
2631751|
2631776|
2631777|
2631778|
2631779|
2631780|
2631781|
2631782|
2631783|
2631808|
2631809|
2631810|
2631811|
2631812|
2631813|
2631814|
2631815|
2631840|
2631841|
2631842|
2631843|
2631844|
2631845|
2631846|
2631847|
2631872|
2631873|
2631874|
2631875|
2631876|
2631877|
2631878|
2631879|
2631904|
2631905|
2631906|
2631907|
2631908|
2631909|
2631910|
2631911|
2631936|
2631937|
2631938|
2631939|
2631940|
2631941|
2631942|
2631943|
2631968|
2631969|
2631970|
2631971|
2631972|
2631973|
2631974|
2631975|
2632000|
2632001|
2632002|
2632003|
2632004|
2632005|
2632006|
2632007|
2632032|
2632033|
2632034|
2632035|
2632036|
2632037|
2632038|
2632039|
2632064|
2632065|
2632066|
2632067|
2632068|
2632069|
2632070|
2632071|
2632096|
2632097|
2632098|
2632099|
2632100|
2632101|
2632102|
2632103|
2632128|
2632129|
2632130|
2632131|
2632132|
2632133|
2632134|
2632135|
2632160|
2632161|
2632162|
2632163|
2632164|
2632165|
2632166|
2632167|
2632192|
2632193|
2632194|
2632195|
2632196|
2632197|
2632198|
2632199|
2632224|
2632225|
2632226|
2632227|
2632228|
2632229|
2632230|
2632231|
2632256|
2632257|
2632258|
2632259|
2632260|
2632261|
2632262|
2632263|
2632288|
2632289|
2632290|
2632291|
2632292|
2632293|
2632294|
2632295|
2632320|
2632321|
2632322|
2632323|
2632324|
2632325|
2632326|
2632327|
2632352|
2632353|
2632354|
2632355|
2632356|
2632357|
2632358|
2632359|
2632384|
2632385|
2632386|
2632387|
2632388|
2632389|
2632390|
2632391|
2632416|
2632417|
2632418|
2632419|
2632420|
2632421|
2632422|
2632423|
2632448|
2632449|
2632450|
2632451|
2632452|
2632453|
2632454|
2632455|
2632480|
2632481|
2632482|
2632483|
2632484|
2632485|
2632486|
2632487|
2632512|
2632513|
2632514|
2632515|
2632516|
2632517|
2632518|
2632519|
2632544|
2632545|
2632546|
2632547|
2632548|
2632549|
2632550|
2632551|
2632576|
2632577|
2632578|
2632579|
2632580|
2632581|
2632582|
2632583|
2632608|
2632609|
2632610|
2632611|
2632612|
2632613|
2632614|
2632615|
2632640|
2632641|
2632642|
2632643|
2632644|
2632645|
2632646|
2632647|
2632672|
2632673|
2632674|
2632675|
2632676|
2632677|
2632678|
2632679|
2632704|
2632705|
2632706|
2632707|
2632708|
2632709|
2632710|
2632711|
2632736|
2632737|
2632738|
2632739|
2632740|
2632741|
2632742|
2632743|
2632768|
2632769|
2632770|
2632771|
2632772|
2632773|
2632774|
2632775|
2632800|
2632801|
2632802|
2632803|
2632804|
2632805|
2632806|
2632807|
2632832|
2632833|
2632834|
2632835|
2632836|
2632837|
2632838|
2632839|
2632864|
2632865|
2632866|
2632867|
2632868|
2632869|
2632870|
2632871|
2632896|
2632897|
2632898|
2632899|
2632900|
2632901|
2632902|
2632903|
2632928|
2632929|
2632930|
2632931|
2632932|
2632933|
2632934|
2632935|
2632960|
2632961|
2632962|
2632963|
2632964|
2632965|
2632966|
2632967|
2632992|
2632993|
2632994|
2632995|
2632996|
2632997|
2632998|
2632999|
2633024|
2633025|
2633026|
2633027|
2633028|
2633029|
2633030|
2633031|
2633056|
2633057|
2633058|
2633059|
2633060|
2633061|
2633062|
2633063|
2633088|
2633089|
2633090|
2633091|
2633092|
2633093|
2633094|
2633095|
2633120|
2633121|
2633122|
2633123|
2633124|
2633125|
2633126|
2633127|
2633152|
2633153|
2633154|
2633155|
2633156|
2633157|
2633158|
2633159|
2633184|
2633185|
2633186|
2633187|
2633188|
2633189|
2633190|
2633191|
2633216|
2633217|
2633218|
2633219|
2633220|
2633221|
2633222|
2633223|
2633248|
2633249|
2633250|
2633251|
2633252|
2633253|
2633254|
2633255|
2633280|
2633281|
2633282|
2633283|
2633284|
2633285|
2633286|
2633287|
2633312|
2633313|
2633314|
2633315|
2633316|
2633317|
2633318|
2633319|
2633344|
2633345|
2633346|
2633347|
2633348|
2633349|
2633350|
2633351|
2633376|
2633377|
2633378|
2633379|
2633380|
2633381|
2633382|
2633383|
2633408|
2633409|
2633410|
2633411|
2633412|
2633413|
2633414|
2633415|
2633440|
2633441|
2633442|
2633443|
2633444|
2633445|
2633446|
2633447|
2633472|
2633473|
2633474|
2633475|
2633476|
2633477|
2633478|
2633479|
2633504|
2633505|
2633506|
2633507|
2633508|
2633509|
2633510|
2633511|
2633536|
2633537|
2633538|
2633539|
2633540|
2633541|
2633542|
2633543|
2633568|
2633569|
2633570|
2633571|
2633572|
2633573|
2633574|
2633575|
2633600|
2633601|
2633602|
2633603|
2633604|
2633605|
2633606|
2633607|
2633632|
2633633|
2633634|
2633635|
2633636|
2633637|
2633638|
2633639|
2633664|
2633665|
2633666|
2633667|
2633668|
2633669|
2633670|
2633671|
2633696|
2633697|
2633698|
2633699|
2633700|
2633701|
2633702|
2633703|
2633728|
2633729|
2633730|
2633731|
2633732|
2633733|
2633734|
2633735|
2633760|
2633761|
2633762|
2633763|
2633764|
2633765|
2633766|
2633767|
2633792|
2633793|
2633794|
2633795|
2633796|
2633797|
2633798|
2633799|
2633824|
2633825|
2633826|
2633827|
2633828|
2633829|
2633830|
2633831|
2633856|
2633857|
2633858|
2633859|
2633860|
2633861|
2633862|
2633863|
2633888|
2633889|
2633890|
2633891|
2633892|
2633893|
2633894|
2633895|
2633920|
2633921|
2633922|
2633923|
2633924|
2633925|
2633926|
2633927|
2633952|
2633953|
2633954|
2633955|
2633956|
2633957|
2633958|
2633959|
2633984|
2633985|
2633986|
2633987|
2633988|
