953989|
953990|
953991|
954016|
954017|
954018|
954019|
954020|
954021|
954022|
954023|
954048|
954049|
954050|
954051|
954052|
954053|
954054|
954055|
954080|
954081|
954082|
954083|
954084|
954085|
954086|
954087|
954112|
954113|
954114|
954115|
954116|
954117|
954118|
954119|
954144|
954145|
954146|
954147|
954148|
954149|
954150|
954151|
954176|
954177|
954178|
954179|
954180|
954181|
954182|
954183|
954208|
954209|
954210|
954211|
954212|
954213|
954214|
954215|
954240|
954241|
954242|
954243|
954244|
954245|
954246|
954247|
954272|
954273|
954274|
954275|
954276|
954277|
954278|
954279|
954304|
954305|
954306|
954307|
954308|
954309|
954310|
954311|
954336|
954337|
954338|
954339|
954340|
954341|
954342|
954343|
954368|
954369|
954370|
954371|
954372|
954373|
954374|
954375|
954400|
954401|
954402|
954403|
954404|
954405|
954406|
954407|
954432|
954433|
954434|
954435|
954436|
954437|
954438|
954439|
954464|
954465|
954466|
954467|
954468|
954469|
954470|
954471|
954496|
954497|
954498|
954499|
954500|
954501|
954502|
954503|
954528|
954529|
954530|
954531|
954532|
954533|
954534|
954535|
954560|
954561|
954562|
954563|
954564|
954565|
954566|
954567|
954592|
954593|
954594|
954595|
954596|
954597|
954598|
954599|
954624|
954625|
954626|
954627|
954628|
954629|
954630|
954631|
954656|
954657|
954658|
954659|
954660|
954661|
954662|
954663|
954688|
954689|
954690|
954691|
954692|
954693|
954694|
954695|
954720|
954721|
954722|
954723|
954724|
954725|
954726|
954727|
954752|
954753|
954754|
954755|
954756|
954757|
954758|
954759|
954784|
954785|
954786|
954787|
954788|
954789|
954790|
954791|
954816|
954817|
954818|
954819|
954820|
954821|
954822|
954823|
954848|
954849|
954850|
954851|
954852|
954853|
954854|
954855|
954880|
954881|
954882|
954883|
954884|
954885|
954886|
954887|
954912|
954913|
954914|
954915|
954916|
954917|
954918|
954919|
954944|
954945|
954946|
954947|
954948|
954949|
954950|
954951|
954976|
954977|
954978|
954979|
954980|
954981|
954982|
954983|
955008|
955009|
955010|
955011|
955012|
955013|
955014|
955015|
955040|
955041|
955042|
955043|
955044|
955045|
955046|
955047|
955072|
955073|
955074|
955075|
955076|
955077|
955078|
955079|
955104|
955105|
955106|
955107|
955108|
955109|
955110|
955111|
955136|
955137|
955138|
955139|
955140|
955141|
955142|
955143|
955168|
955169|
955170|
955171|
955172|
955173|
955174|
955175|
955200|
955201|
955202|
955203|
955204|
955205|
955206|
955207|
955232|
955233|
955234|
955235|
955236|
955237|
955238|
955239|
955264|
955265|
955266|
955267|
955268|
955269|
955270|
955271|
955296|
955297|
955298|
955299|
955300|
955301|
955302|
955303|
955328|
955329|
955330|
955331|
955332|
955333|
955334|
955335|
955360|
955361|
955362|
955363|
955364|
955365|
955366|
955367|
955392|
955393|
955394|
955395|
955396|
955397|
955398|
955399|
955424|
955425|
955426|
955427|
955428|
955429|
955430|
955431|
955456|
955457|
955458|
955459|
955460|
955461|
955462|
955463|
955488|
955489|
955490|
955491|
955492|
955493|
955494|
955495|
955520|
955521|
955522|
955523|
955524|
955525|
955526|
955527|
955552|
955553|
955554|
955555|
955556|
955557|
955558|
955559|
955584|
955585|
955586|
955587|
955588|
955589|
955590|
955591|
955616|
955617|
955618|
955619|
955620|
955621|
955622|
955623|
955648|
955649|
955650|
955651|
955652|
955653|
955654|
955655|
955680|
955681|
955682|
955683|
955684|
955685|
955686|
955687|
955712|
955713|
955714|
955715|
955716|
955717|
955718|
955719|
955744|
955745|
955746|
955747|
955748|
955749|
955750|
955751|
955776|
955777|
955778|
955779|
955780|
955781|
955782|
955783|
955808|
955809|
955810|
955811|
955812|
955813|
955814|
955815|
955840|
955841|
955842|
955843|
955844|
955845|
955846|
955847|
955872|
955873|
955874|
955875|
955876|
955877|
955878|
955879|
955904|
955905|
955906|
955907|
955908|
955909|
955910|
955911|
955936|
955937|
955938|
955939|
955940|
955941|
955942|
955943|
955968|
955969|
955970|
955971|
955972|
955973|
955974|
955975|
956000|
956001|
956002|
956003|
956004|
956005|
956006|
956007|
956032|
956033|
956034|
956035|
956036|
956037|
956038|
956039|
956064|
956065|
956066|
956067|
956068|
956069|
956070|
956071|
956096|
956097|
956098|
956099|
956100|
956101|
956102|
956103|
956128|
956129|
956130|
956131|
956132|
956133|
956134|
956135|
956160|
956161|
956162|
956163|
956164|
956165|
956166|
956167|
956192|
956193|
956194|
956195|
956196|
956197|
956198|
956199|
956224|
956225|
956226|
956227|
956228|
956229|
956230|
956231|
956256|
956257|
956258|
956259|
956260|
956261|
956262|
956263|
956288|
956289|
956290|
956291|
956292|
956293|
956294|
956295|
956320|
956321|
956322|
956323|
956324|
956325|
956326|
956327|
956352|
956353|
956354|
956355|
956356|
956357|
956358|
956359|
956384|
956385|
956386|
956387|
956388|
956389|
956390|
956391|
956416|
956417|
956418|
956419|
956420|
956421|
956422|
956423|
956448|
956449|
956450|
956451|
956452|
956453|
956454|
956455|
956480|
956481|
956482|
956483|
956484|
956485|
956486|
956487|
956512|
956513|
956514|
956515|
956516|
956517|
956518|
956519|
956544|
956545|
956546|
956547|
956548|
956549|
956550|
956551|
956576|
956577|
956578|
956579|
956580|
956581|
956582|
956583|
956608|
956609|
956610|
956611|
956612|
956613|
956614|
956615|
956640|
956641|
956642|
956643|
956644|
956645|
956646|
956647|
956672|
956673|
956674|
956675|
956676|
956677|
956678|
956679|
956704|
956705|
956706|
956707|
956708|
956709|
956710|
956711|
956736|
956737|
956738|
956739|
956740|
956741|
956742|
956743|
956768|
956769|
956770|
956771|
956772|
956773|
956774|
956775|
956800|
956801|
956802|
956803|
956804|
956805|
956806|
956807|
956832|
956833|
956834|
956835|
956836|
956837|
956838|
956839|
956864|
956865|
956866|
956867|
956868|
956869|
956870|
956871|
956896|
956897|
956898|
956899|
956900|
956901|
956902|
956903|
956928|
956929|
956930|
956931|
956932|
956933|
956934|
956935|
956960|
956961|
956962|
956963|
956964|
956965|
956966|
956967|
956992|
956993|
956994|
956995|
956996|
956997|
956998|
956999|
957024|
957025|
957026|
957027|
957028|
957029|
957030|
957031|
957056|
957057|
957058|
957059|
957060|
957061|
957062|
957063|
957088|
957089|
957090|
957091|
957092|
957093|
957094|
957095|
957120|
957121|
957122|
957123|
957124|
957125|
957126|
957127|
957152|
957153|
957154|
957155|
957156|
957157|
957158|
957159|
957184|
957185|
957186|
957187|
957188|
957189|
957190|
957191|
957216|
957217|
957218|
957219|
957220|
957221|
957222|
957223|
957248|
957249|
957250|
957251|
957252|
957253|
957254|
957255|
957280|
957281|
957282|
957283|
957284|
957285|
957286|
957287|
957312|
957313|
957314|
957315|
957316|
957317|
957318|
957319|
957344|
957345|
957346|
957347|
957348|
957349|
957350|
957351|
957376|
957377|
957378|
957379|
957380|
957381|
957382|
957383|
957408|
957409|
957410|
957411|
957412|
957413|
957414|
957415|
957440|
957441|
957442|
957443|
957444|
957445|
957446|
957447|
957472|
957473|
957474|
957475|
957476|
957477|
957478|
957479|
957504|
957505|
957506|
957507|
957508|
957509|
957510|
957511|
957536|
957537|
957538|
957539|
957540|
957541|
957542|
957543|
957568|
957569|
957570|
957571|
957572|
957573|
957574|
957575|
957600|
957601|
957602|
957603|
957604|
957605|
957606|
957607|
957632|
957633|
957634|
957635|
957636|
957637|
957638|
957639|
957664|
957665|
957666|
957667|
957668|
957669|
957670|
957671|
957696|
957697|
957698|
957699|
957700|
957701|
957702|
957703|
957728|
957729|
957730|
957731|
957732|
957733|
957734|
957735|
957760|
957761|
957762|
957763|
957764|
957765|
957766|
957767|
957792|
957793|
957794|
957795|
957796|
957797|
957798|
957799|
957824|
957825|
957826|
957827|
957828|
957829|
957830|
957831|
957856|
957857|
957858|
957859|
957860|
957861|
957862|
957863|
957888|
957889|
957890|
957891|
957892|
957893|
957894|
957895|
957920|
957921|
957922|
957923|
957924|
957925|
957926|
957927|
957952|
957953|
957954|
957955|
957956|
957957|
957958|
957959|
957984|
957985|
957986|
957987|
957988|
957989|
957990|
957991|
958016|
958017|
958018|
958019|
958020|
958021|
958022|
958023|
958048|
958049|
958050|
958051|
958052|
958053|
958054|
958055|
958080|
958081|
958082|
958083|
958084|
958085|
958086|
958087|
958112|
958113|
958114|
958115|
958116|
958117|
958118|
958119|
958144|
958145|
958146|
958147|
958148|
958149|
958150|
958151|
958176|
958177|
958178|
958179|
958180|
958181|
958182|
958183|
958208|
958209|
958210|
958211|
958212|
958213|
958214|
958215|
958240|
958241|
958242|
958243|
958244|
958245|
958246|
958247|
958272|
958273|
958274|
958275|
958276|
958277|
958278|
958279|
958304|
958305|
958306|
958307|
958308|
958309|
958310|
958311|
958336|
958337|
958338|
958339|
958340|
958341|
958342|
958343|
958368|
958369|
958370|
958371|
958372|
958373|
958374|
958375|
958400|
958401|
958402|
958403|
958404|
958405|
958406|
958407|
958432|
958433|
958434|
958435|
958436|
958437|
958438|
958439|
958464|
958465|
958466|
958467|
958468|
958469|
958470|
958471|
958496|
958497|
958498|
958499|
958500|
958501|
958502|
958503|
958528|
958529|
958530|
958531|
958532|
958533|
958534|
958535|
958560|
958561|
958562|
958563|
958564|
958565|
958566|
958567|
958592|
958593|
958594|
958595|
958596|
958597|
958598|
958599|
958624|
958625|
958626|
958627|
958628|
958629|
958630|
958631|
958656|
958657|
958658|
958659|
958660|
958661|
958662|
958663|
958688|
958689|
958690|
958691|
958692|
958693|
958694|
958695|
958720|
958721|
958722|
958723|
958724|
958725|
958726|
958727|
958752|
958753|
958754|
958755|
958756|
958757|
958758|
958759|
958784|
958785|
958786|
958787|
958788|
958789|
958790|
958791|
958816|
958817|
958818|
958819|
958820|
958821|
958822|
958823|
958848|
958849|
958850|
958851|
958852|
958853|
958854|
958855|
958880|
958881|
958882|
958883|
958884|
958885|
958886|
958887|
958912|
958913|
958914|
958915|
958916|
958917|
958918|
958919|
958944|
958945|
958946|
958947|
958948|
958949|
958950|
958951|
958976|
958977|
958978|
958979|
958980|
958981|
958982|
958983|
959008|
959009|
959010|
959011|
959012|
959013|
959014|
959015|
959040|
959041|
959042|
959043|
959044|
959045|
959046|
959047|
959072|
959073|
959074|
959075|
959076|
959077|
959078|
959079|
959104|
959105|
959106|
959107|
959108|
959109|
959110|
959111|
959136|
959137|
959138|
959139|
959140|
959141|
959142|
959143|
959168|
959169|
959170|
959171|
959172|
959173|
959174|
959175|
959200|
959201|
959202|
959203|
959204|
959205|
959206|
959207|
959232|
959233|
959234|
959235|
959236|
959237|
959238|
959239|
959264|
959265|
959266|
959267|
959268|
959269|
959270|
959271|
959296|
959297|
959298|
959299|
959300|
959301|
959302|
959303|
959328|
959329|
959330|
959331|
959332|
959333|
959334|
959335|
959360|
959361|
959362|
959363|
959364|
959365|
959366|
959367|
959392|
959393|
959394|
959395|
959396|
959397|
959398|
959399|
959424|
959425|
959426|
959427|
959428|
959429|
959430|
959431|
959456|
959457|
959458|
959459|
959460|
959461|
959462|
959463|
959488|
959489|
959490|
959491|
959492|
959493|
959494|
959495|
959520|
959521|
959522|
959523|
959524|
959525|
959526|
959527|
959552|
959553|
959554|
959555|
959556|
959557|
959558|
959559|
959584|
959585|
959586|
959587|
959588|
959589|
959590|
959591|
959616|
959617|
959618|
959619|
959620|
959621|
959622|
959623|
959648|
959649|
959650|
959651|
959652|
959653|
959654|
959655|
959680|
959681|
959682|
959683|
959684|
959685|
959686|
959687|
959712|
959713|
959714|
959715|
959716|
959717|
959718|
959719|
959744|
959745|
959746|
959747|
959748|
959749|
959750|
959751|
959776|
959777|
959778|
959779|
959780|
959781|
959782|
959783|
959808|
959809|
959810|
959811|
959812|
959813|
959814|
959815|
959840|
959841|
959842|
959843|
959844|
959845|
959846|
959847|
959872|
959873|
959874|
959875|
959876|
959877|
959878|
959879|
959904|
959905|
959906|
959907|
959908|
959909|
959910|
959911|
959936|
959937|
959938|
959939|
959940|
959941|
959942|
959943|
959968|
959969|
959970|
959971|
959972|
959973|
959974|
959975|
960000|
