617989|
617990|
617991|
618016|
618017|
618018|
618019|
618020|
618021|
618022|
618023|
618048|
618049|
618050|
618051|
618052|
618053|
618054|
618055|
618080|
618081|
618082|
618083|
618084|
618085|
618086|
618087|
618112|
618113|
618114|
618115|
618116|
618117|
618118|
618119|
618144|
618145|
618146|
618147|
618148|
618149|
618150|
618151|
618176|
618177|
618178|
618179|
618180|
618181|
618182|
618183|
618208|
618209|
618210|
618211|
618212|
618213|
618214|
618215|
618240|
618241|
618242|
618243|
618244|
618245|
618246|
618247|
618272|
618273|
618274|
618275|
618276|
618277|
618278|
618279|
618304|
618305|
618306|
618307|
618308|
618309|
618310|
618311|
618336|
618337|
618338|
618339|
618340|
618341|
618342|
618343|
618368|
618369|
618370|
618371|
618372|
618373|
618374|
618375|
618400|
618401|
618402|
618403|
618404|
618405|
618406|
618407|
618432|
618433|
618434|
618435|
618436|
618437|
618438|
618439|
618464|
618465|
618466|
618467|
618468|
618469|
618470|
618471|
618496|
618497|
618498|
618499|
618500|
618501|
618502|
618503|
618528|
618529|
618530|
618531|
618532|
618533|
618534|
618535|
618560|
618561|
618562|
618563|
618564|
618565|
618566|
618567|
618592|
618593|
618594|
618595|
618596|
618597|
618598|
618599|
618624|
618625|
618626|
618627|
618628|
618629|
618630|
618631|
618656|
618657|
618658|
618659|
618660|
618661|
618662|
618663|
618688|
618689|
618690|
618691|
618692|
618693|
618694|
618695|
618720|
618721|
618722|
618723|
618724|
618725|
618726|
618727|
618752|
618753|
618754|
618755|
618756|
618757|
618758|
618759|
618784|
618785|
618786|
618787|
618788|
618789|
618790|
618791|
618816|
618817|
618818|
618819|
618820|
618821|
618822|
618823|
618848|
618849|
618850|
618851|
618852|
618853|
618854|
618855|
618880|
618881|
618882|
618883|
618884|
618885|
618886|
618887|
618912|
618913|
618914|
618915|
618916|
618917|
618918|
618919|
618944|
618945|
618946|
618947|
618948|
618949|
618950|
618951|
618976|
618977|
618978|
618979|
618980|
618981|
618982|
618983|
619008|
619009|
619010|
619011|
619012|
619013|
619014|
619015|
619040|
619041|
619042|
619043|
619044|
619045|
619046|
619047|
619072|
619073|
619074|
619075|
619076|
619077|
619078|
619079|
619104|
619105|
619106|
619107|
619108|
619109|
619110|
619111|
619136|
619137|
619138|
619139|
619140|
619141|
619142|
619143|
619168|
619169|
619170|
619171|
619172|
619173|
619174|
619175|
619200|
619201|
619202|
619203|
619204|
619205|
619206|
619207|
619232|
619233|
619234|
619235|
619236|
619237|
619238|
619239|
619264|
619265|
619266|
619267|
619268|
619269|
619270|
619271|
619296|
619297|
619298|
619299|
619300|
619301|
619302|
619303|
619328|
619329|
619330|
619331|
619332|
619333|
619334|
619335|
619360|
619361|
619362|
619363|
619364|
619365|
619366|
619367|
619392|
619393|
619394|
619395|
619396|
619397|
619398|
619399|
619424|
619425|
619426|
619427|
619428|
619429|
619430|
619431|
619456|
619457|
619458|
619459|
619460|
619461|
619462|
619463|
619488|
619489|
619490|
619491|
619492|
619493|
619494|
619495|
619520|
619521|
619522|
619523|
619524|
619525|
619526|
619527|
619552|
619553|
619554|
619555|
619556|
619557|
619558|
619559|
619584|
619585|
619586|
619587|
619588|
619589|
619590|
619591|
619616|
619617|
619618|
619619|
619620|
619621|
619622|
619623|
619648|
619649|
619650|
619651|
619652|
619653|
619654|
619655|
619680|
619681|
619682|
619683|
619684|
619685|
619686|
619687|
619712|
619713|
619714|
619715|
619716|
619717|
619718|
619719|
619744|
619745|
619746|
619747|
619748|
619749|
619750|
619751|
619776|
619777|
619778|
619779|
619780|
619781|
619782|
619783|
619808|
619809|
619810|
619811|
619812|
619813|
619814|
619815|
619840|
619841|
619842|
619843|
619844|
619845|
619846|
619847|
619872|
619873|
619874|
619875|
619876|
619877|
619878|
619879|
619904|
619905|
619906|
619907|
619908|
619909|
619910|
619911|
619936|
619937|
619938|
619939|
619940|
619941|
619942|
619943|
619968|
619969|
619970|
619971|
619972|
619973|
619974|
619975|
620000|
620001|
620002|
620003|
620004|
620005|
620006|
620007|
620032|
620033|
620034|
620035|
620036|
620037|
620038|
620039|
620064|
620065|
620066|
620067|
620068|
620069|
620070|
620071|
620096|
620097|
620098|
620099|
620100|
620101|
620102|
620103|
620128|
620129|
620130|
620131|
620132|
620133|
620134|
620135|
620160|
620161|
620162|
620163|
620164|
620165|
620166|
620167|
620192|
620193|
620194|
620195|
620196|
620197|
620198|
620199|
620224|
620225|
620226|
620227|
620228|
620229|
620230|
620231|
620256|
620257|
620258|
620259|
620260|
620261|
620262|
620263|
620288|
620289|
620290|
620291|
620292|
620293|
620294|
620295|
620320|
620321|
620322|
620323|
620324|
620325|
620326|
620327|
620352|
620353|
620354|
620355|
620356|
620357|
620358|
620359|
620384|
620385|
620386|
620387|
620388|
620389|
620390|
620391|
620416|
620417|
620418|
620419|
620420|
620421|
620422|
620423|
620448|
620449|
620450|
620451|
620452|
620453|
620454|
620455|
620480|
620481|
620482|
620483|
620484|
620485|
620486|
620487|
620512|
620513|
620514|
620515|
620516|
620517|
620518|
620519|
620544|
620545|
620546|
620547|
620548|
620549|
620550|
620551|
620576|
620577|
620578|
620579|
620580|
620581|
620582|
620583|
620608|
620609|
620610|
620611|
620612|
620613|
620614|
620615|
620640|
620641|
620642|
620643|
620644|
620645|
620646|
620647|
620672|
620673|
620674|
620675|
620676|
620677|
620678|
620679|
620704|
620705|
620706|
620707|
620708|
620709|
620710|
620711|
620736|
620737|
620738|
620739|
620740|
620741|
620742|
620743|
620768|
620769|
620770|
620771|
620772|
620773|
620774|
620775|
620800|
620801|
620802|
620803|
620804|
620805|
620806|
620807|
620832|
620833|
620834|
620835|
620836|
620837|
620838|
620839|
620864|
620865|
620866|
620867|
620868|
620869|
620870|
620871|
620896|
620897|
620898|
620899|
620900|
620901|
620902|
620903|
620928|
620929|
620930|
620931|
620932|
620933|
620934|
620935|
620960|
620961|
620962|
620963|
620964|
620965|
620966|
620967|
620992|
620993|
620994|
620995|
620996|
620997|
620998|
620999|
621024|
621025|
621026|
621027|
621028|
621029|
621030|
621031|
621056|
621057|
621058|
621059|
621060|
621061|
621062|
621063|
621088|
621089|
621090|
621091|
621092|
621093|
621094|
621095|
621120|
621121|
621122|
621123|
621124|
621125|
621126|
621127|
621152|
621153|
621154|
621155|
621156|
621157|
621158|
621159|
621184|
621185|
621186|
621187|
621188|
621189|
621190|
621191|
621216|
621217|
621218|
621219|
621220|
621221|
621222|
621223|
621248|
621249|
621250|
621251|
621252|
621253|
621254|
621255|
621280|
621281|
621282|
621283|
621284|
621285|
621286|
621287|
621312|
621313|
621314|
621315|
621316|
621317|
621318|
621319|
621344|
621345|
621346|
621347|
621348|
621349|
621350|
621351|
621376|
621377|
621378|
621379|
621380|
621381|
621382|
621383|
621408|
621409|
621410|
621411|
621412|
621413|
621414|
621415|
621440|
621441|
621442|
621443|
621444|
621445|
621446|
621447|
621472|
621473|
621474|
621475|
621476|
621477|
621478|
621479|
621504|
621505|
621506|
621507|
621508|
621509|
621510|
621511|
621536|
621537|
621538|
621539|
621540|
621541|
621542|
621543|
621568|
621569|
621570|
621571|
621572|
621573|
621574|
621575|
621600|
621601|
621602|
621603|
621604|
621605|
621606|
621607|
621632|
621633|
621634|
621635|
621636|
621637|
621638|
621639|
621664|
621665|
621666|
621667|
621668|
621669|
621670|
621671|
621696|
621697|
621698|
621699|
621700|
621701|
621702|
621703|
621728|
621729|
621730|
621731|
621732|
621733|
621734|
621735|
621760|
621761|
621762|
621763|
621764|
621765|
621766|
621767|
621792|
621793|
621794|
621795|
621796|
621797|
621798|
621799|
621824|
621825|
621826|
621827|
621828|
621829|
621830|
621831|
621856|
621857|
621858|
621859|
621860|
621861|
621862|
621863|
621888|
621889|
621890|
621891|
621892|
621893|
621894|
621895|
621920|
621921|
621922|
621923|
621924|
621925|
621926|
621927|
621952|
621953|
621954|
621955|
621956|
621957|
621958|
621959|
621984|
621985|
621986|
621987|
621988|
621989|
621990|
621991|
622016|
622017|
622018|
622019|
622020|
622021|
622022|
622023|
622048|
622049|
622050|
622051|
622052|
622053|
622054|
622055|
622080|
622081|
622082|
622083|
622084|
622085|
622086|
622087|
622112|
622113|
622114|
622115|
622116|
622117|
622118|
622119|
622144|
622145|
622146|
622147|
622148|
622149|
622150|
622151|
622176|
622177|
622178|
622179|
622180|
622181|
622182|
622183|
622208|
622209|
622210|
622211|
622212|
622213|
622214|
622215|
622240|
622241|
622242|
622243|
622244|
622245|
622246|
622247|
622272|
622273|
622274|
622275|
622276|
622277|
622278|
622279|
622304|
622305|
622306|
622307|
622308|
622309|
622310|
622311|
622336|
622337|
622338|
622339|
622340|
622341|
622342|
622343|
622368|
622369|
622370|
622371|
622372|
622373|
622374|
622375|
622400|
622401|
622402|
622403|
622404|
622405|
622406|
622407|
622432|
622433|
622434|
622435|
622436|
622437|
622438|
622439|
622464|
622465|
622466|
622467|
622468|
622469|
622470|
622471|
622496|
622497|
622498|
622499|
622500|
622501|
622502|
622503|
622528|
622529|
622530|
622531|
622532|
622533|
622534|
622535|
622560|
622561|
622562|
622563|
622564|
622565|
622566|
622567|
622592|
622593|
622594|
622595|
622596|
622597|
622598|
622599|
622624|
622625|
622626|
622627|
622628|
622629|
622630|
622631|
622656|
622657|
622658|
622659|
622660|
622661|
622662|
622663|
622688|
622689|
622690|
622691|
622692|
622693|
622694|
622695|
622720|
622721|
622722|
622723|
622724|
622725|
622726|
622727|
622752|
622753|
622754|
622755|
622756|
622757|
622758|
622759|
622784|
622785|
622786|
622787|
622788|
622789|
622790|
622791|
622816|
622817|
622818|
622819|
622820|
622821|
622822|
622823|
622848|
622849|
622850|
622851|
622852|
622853|
622854|
622855|
622880|
622881|
622882|
622883|
622884|
622885|
622886|
622887|
622912|
622913|
622914|
622915|
622916|
622917|
622918|
622919|
622944|
622945|
622946|
622947|
622948|
622949|
622950|
622951|
622976|
622977|
622978|
622979|
622980|
622981|
622982|
622983|
623008|
623009|
623010|
623011|
623012|
623013|
623014|
623015|
623040|
623041|
623042|
623043|
623044|
623045|
623046|
623047|
623072|
623073|
623074|
623075|
623076|
623077|
623078|
623079|
623104|
623105|
623106|
623107|
623108|
623109|
623110|
623111|
623136|
623137|
623138|
623139|
623140|
623141|
623142|
623143|
623168|
623169|
623170|
623171|
623172|
623173|
623174|
623175|
623200|
623201|
623202|
623203|
623204|
623205|
623206|
623207|
623232|
623233|
623234|
623235|
623236|
623237|
623238|
623239|
623264|
623265|
623266|
623267|
623268|
623269|
623270|
623271|
623296|
623297|
623298|
623299|
623300|
623301|
623302|
623303|
623328|
623329|
623330|
623331|
623332|
623333|
623334|
623335|
623360|
623361|
623362|
623363|
623364|
623365|
623366|
623367|
623392|
623393|
623394|
623395|
623396|
623397|
623398|
623399|
623424|
623425|
623426|
623427|
623428|
623429|
623430|
623431|
623456|
623457|
623458|
623459|
623460|
623461|
623462|
623463|
623488|
623489|
623490|
623491|
623492|
623493|
623494|
623495|
623520|
623521|
623522|
623523|
623524|
623525|
623526|
623527|
623552|
623553|
623554|
623555|
623556|
623557|
623558|
623559|
623584|
623585|
623586|
623587|
623588|
623589|
623590|
623591|
623616|
623617|
623618|
623619|
623620|
623621|
623622|
623623|
623648|
623649|
623650|
623651|
623652|
623653|
623654|
623655|
623680|
623681|
623682|
623683|
623684|
623685|
623686|
623687|
623712|
623713|
623714|
623715|
623716|
623717|
623718|
623719|
623744|
623745|
623746|
623747|
623748|
623749|
623750|
623751|
623776|
623777|
623778|
623779|
623780|
623781|
623782|
623783|
623808|
623809|
623810|
623811|
623812|
623813|
623814|
623815|
623840|
623841|
623842|
623843|
623844|
623845|
623846|
623847|
623872|
623873|
623874|
623875|
623876|
623877|
623878|
623879|
623904|
623905|
623906|
623907|
623908|
623909|
623910|
623911|
623936|
623937|
623938|
623939|
623940|
623941|
623942|
623943|
623968|
623969|
623970|
623971|
623972|
623973|
623974|
623975|
624000|
