1200001|
1200002|
1200003|
1200004|
1200005|
1200006|
1200007|
1200032|
1200033|
1200034|
1200035|
1200036|
1200037|
1200038|
1200039|
1200064|
1200065|
1200066|
1200067|
1200068|
1200069|
1200070|
1200071|
1200096|
1200097|
1200098|
1200099|
1200100|
1200101|
1200102|
1200103|
1200128|
1200129|
1200130|
1200131|
1200132|
1200133|
1200134|
1200135|
1200160|
1200161|
1200162|
1200163|
1200164|
1200165|
1200166|
1200167|
1200192|
1200193|
1200194|
1200195|
1200196|
1200197|
1200198|
1200199|
1200224|
1200225|
1200226|
1200227|
1200228|
1200229|
1200230|
1200231|
1200256|
1200257|
1200258|
1200259|
1200260|
1200261|
1200262|
1200263|
1200288|
1200289|
1200290|
1200291|
1200292|
1200293|
1200294|
1200295|
1200320|
1200321|
1200322|
1200323|
1200324|
1200325|
1200326|
1200327|
1200352|
1200353|
1200354|
1200355|
1200356|
1200357|
1200358|
1200359|
1200384|
1200385|
1200386|
1200387|
1200388|
1200389|
1200390|
1200391|
1200416|
1200417|
1200418|
1200419|
1200420|
1200421|
1200422|
1200423|
1200448|
1200449|
1200450|
1200451|
1200452|
1200453|
1200454|
1200455|
1200480|
1200481|
1200482|
1200483|
1200484|
1200485|
1200486|
1200487|
1200512|
1200513|
1200514|
1200515|
1200516|
1200517|
1200518|
1200519|
1200544|
1200545|
1200546|
1200547|
1200548|
1200549|
1200550|
1200551|
1200576|
1200577|
1200578|
1200579|
1200580|
1200581|
1200582|
1200583|
1200608|
1200609|
1200610|
1200611|
1200612|
1200613|
1200614|
1200615|
1200640|
1200641|
1200642|
1200643|
1200644|
1200645|
1200646|
1200647|
1200672|
1200673|
1200674|
1200675|
1200676|
1200677|
1200678|
1200679|
1200704|
1200705|
1200706|
1200707|
1200708|
1200709|
1200710|
1200711|
1200736|
1200737|
1200738|
1200739|
1200740|
1200741|
1200742|
1200743|
1200768|
1200769|
1200770|
1200771|
1200772|
1200773|
1200774|
1200775|
1200800|
1200801|
1200802|
1200803|
1200804|
1200805|
1200806|
1200807|
1200832|
1200833|
1200834|
1200835|
1200836|
1200837|
1200838|
1200839|
1200864|
1200865|
1200866|
1200867|
1200868|
1200869|
1200870|
1200871|
1200896|
1200897|
1200898|
1200899|
1200900|
1200901|
1200902|
1200903|
1200928|
1200929|
1200930|
1200931|
1200932|
1200933|
1200934|
1200935|
1200960|
1200961|
1200962|
1200963|
1200964|
1200965|
1200966|
1200967|
1200992|
1200993|
1200994|
1200995|
1200996|
1200997|
1200998|
1200999|
1201024|
1201025|
1201026|
1201027|
1201028|
1201029|
1201030|
1201031|
1201056|
1201057|
1201058|
1201059|
1201060|
1201061|
1201062|
1201063|
1201088|
1201089|
1201090|
1201091|
1201092|
1201093|
1201094|
1201095|
1201120|
1201121|
1201122|
1201123|
1201124|
1201125|
1201126|
1201127|
1201152|
1201153|
1201154|
1201155|
1201156|
1201157|
1201158|
1201159|
1201184|
1201185|
1201186|
1201187|
1201188|
1201189|
1201190|
1201191|
1201216|
1201217|
1201218|
1201219|
1201220|
1201221|
1201222|
1201223|
1201248|
1201249|
1201250|
1201251|
1201252|
1201253|
1201254|
1201255|
1201280|
1201281|
1201282|
1201283|
1201284|
1201285|
1201286|
1201287|
1201312|
1201313|
1201314|
1201315|
1201316|
1201317|
1201318|
1201319|
1201344|
1201345|
1201346|
1201347|
1201348|
1201349|
1201350|
1201351|
1201376|
1201377|
1201378|
1201379|
1201380|
1201381|
1201382|
1201383|
1201408|
1201409|
1201410|
1201411|
1201412|
1201413|
1201414|
1201415|
1201440|
1201441|
1201442|
1201443|
1201444|
1201445|
1201446|
1201447|
1201472|
1201473|
1201474|
1201475|
1201476|
1201477|
1201478|
1201479|
1201504|
1201505|
1201506|
1201507|
1201508|
1201509|
1201510|
1201511|
1201536|
1201537|
1201538|
1201539|
1201540|
1201541|
1201542|
1201543|
1201568|
1201569|
1201570|
1201571|
1201572|
1201573|
1201574|
1201575|
1201600|
1201601|
1201602|
1201603|
1201604|
1201605|
1201606|
1201607|
1201632|
1201633|
1201634|
1201635|
1201636|
1201637|
1201638|
1201639|
1201664|
1201665|
1201666|
1201667|
1201668|
1201669|
1201670|
1201671|
1201696|
1201697|
1201698|
1201699|
1201700|
1201701|
1201702|
1201703|
1201728|
1201729|
1201730|
1201731|
1201732|
1201733|
1201734|
1201735|
1201760|
1201761|
1201762|
1201763|
1201764|
1201765|
1201766|
1201767|
1201792|
1201793|
1201794|
1201795|
1201796|
1201797|
1201798|
1201799|
1201824|
1201825|
1201826|
1201827|
1201828|
1201829|
1201830|
1201831|
1201856|
1201857|
1201858|
1201859|
1201860|
1201861|
1201862|
1201863|
1201888|
1201889|
1201890|
1201891|
1201892|
1201893|
1201894|
1201895|
1201920|
1201921|
1201922|
1201923|
1201924|
1201925|
1201926|
1201927|
1201952|
1201953|
1201954|
1201955|
1201956|
1201957|
1201958|
1201959|
1201984|
1201985|
1201986|
1201987|
1201988|
1201989|
1201990|
1201991|
1202016|
1202017|
1202018|
1202019|
1202020|
1202021|
1202022|
1202023|
1202048|
1202049|
1202050|
1202051|
1202052|
1202053|
1202054|
1202055|
1202080|
1202081|
1202082|
1202083|
1202084|
1202085|
1202086|
1202087|
1202112|
1202113|
1202114|
1202115|
1202116|
1202117|
1202118|
1202119|
1202144|
1202145|
1202146|
1202147|
1202148|
1202149|
1202150|
1202151|
1202176|
1202177|
1202178|
1202179|
1202180|
1202181|
1202182|
1202183|
1202208|
1202209|
1202210|
1202211|
1202212|
1202213|
1202214|
1202215|
1202240|
1202241|
1202242|
1202243|
1202244|
1202245|
1202246|
1202247|
1202272|
1202273|
1202274|
1202275|
1202276|
1202277|
1202278|
1202279|
1202304|
1202305|
1202306|
1202307|
1202308|
1202309|
1202310|
1202311|
1202336|
1202337|
1202338|
1202339|
1202340|
1202341|
1202342|
1202343|
1202368|
1202369|
1202370|
1202371|
1202372|
1202373|
1202374|
1202375|
1202400|
1202401|
1202402|
1202403|
1202404|
1202405|
1202406|
1202407|
1202432|
1202433|
1202434|
1202435|
1202436|
1202437|
1202438|
1202439|
1202464|
1202465|
1202466|
1202467|
1202468|
1202469|
1202470|
1202471|
1202496|
1202497|
1202498|
1202499|
1202500|
1202501|
1202502|
1202503|
1202528|
1202529|
1202530|
1202531|
1202532|
1202533|
1202534|
1202535|
1202560|
1202561|
1202562|
1202563|
1202564|
1202565|
1202566|
1202567|
1202592|
1202593|
1202594|
1202595|
1202596|
1202597|
1202598|
1202599|
1202624|
1202625|
1202626|
1202627|
1202628|
1202629|
1202630|
1202631|
1202656|
1202657|
1202658|
1202659|
1202660|
1202661|
1202662|
1202663|
1202688|
1202689|
1202690|
1202691|
1202692|
1202693|
1202694|
1202695|
1202720|
1202721|
1202722|
1202723|
1202724|
1202725|
1202726|
1202727|
1202752|
1202753|
1202754|
1202755|
1202756|
1202757|
1202758|
1202759|
1202784|
1202785|
1202786|
1202787|
1202788|
1202789|
1202790|
1202791|
1202816|
1202817|
1202818|
1202819|
1202820|
1202821|
1202822|
1202823|
1202848|
1202849|
1202850|
1202851|
1202852|
1202853|
1202854|
1202855|
1202880|
1202881|
1202882|
1202883|
1202884|
1202885|
1202886|
1202887|
1202912|
1202913|
1202914|
1202915|
1202916|
1202917|
1202918|
1202919|
1202944|
1202945|
1202946|
1202947|
1202948|
1202949|
1202950|
1202951|
1202976|
1202977|
1202978|
1202979|
1202980|
1202981|
1202982|
1202983|
1203008|
1203009|
1203010|
1203011|
1203012|
1203013|
1203014|
1203015|
1203040|
1203041|
1203042|
1203043|
1203044|
1203045|
1203046|
1203047|
1203072|
1203073|
1203074|
1203075|
1203076|
1203077|
1203078|
1203079|
1203104|
1203105|
1203106|
1203107|
1203108|
1203109|
1203110|
1203111|
1203136|
1203137|
1203138|
1203139|
1203140|
1203141|
1203142|
1203143|
1203168|
1203169|
1203170|
1203171|
1203172|
1203173|
1203174|
1203175|
1203200|
1203201|
1203202|
1203203|
1203204|
1203205|
1203206|
1203207|
1203232|
1203233|
1203234|
1203235|
1203236|
1203237|
1203238|
1203239|
1203264|
1203265|
1203266|
1203267|
1203268|
1203269|
1203270|
1203271|
1203296|
1203297|
1203298|
1203299|
1203300|
1203301|
1203302|
1203303|
1203328|
1203329|
1203330|
1203331|
1203332|
1203333|
1203334|
1203335|
1203360|
1203361|
1203362|
1203363|
1203364|
1203365|
1203366|
1203367|
1203392|
1203393|
1203394|
1203395|
1203396|
1203397|
1203398|
1203399|
1203424|
1203425|
1203426|
1203427|
1203428|
1203429|
1203430|
1203431|
1203456|
1203457|
1203458|
1203459|
1203460|
1203461|
1203462|
1203463|
1203488|
1203489|
1203490|
1203491|
1203492|
1203493|
1203494|
1203495|
1203520|
1203521|
1203522|
1203523|
1203524|
1203525|
1203526|
1203527|
1203552|
1203553|
1203554|
1203555|
1203556|
1203557|
1203558|
1203559|
1203584|
1203585|
1203586|
1203587|
1203588|
1203589|
1203590|
1203591|
1203616|
1203617|
1203618|
1203619|
1203620|
1203621|
1203622|
1203623|
1203648|
1203649|
1203650|
1203651|
1203652|
1203653|
1203654|
1203655|
1203680|
1203681|
1203682|
1203683|
1203684|
1203685|
1203686|
1203687|
1203712|
1203713|
1203714|
1203715|
1203716|
1203717|
1203718|
1203719|
1203744|
1203745|
1203746|
1203747|
1203748|
1203749|
1203750|
1203751|
1203776|
1203777|
1203778|
1203779|
1203780|
1203781|
1203782|
1203783|
1203808|
1203809|
1203810|
1203811|
1203812|
1203813|
1203814|
1203815|
1203840|
1203841|
1203842|
1203843|
1203844|
1203845|
1203846|
1203847|
1203872|
1203873|
1203874|
1203875|
1203876|
1203877|
1203878|
1203879|
1203904|
1203905|
1203906|
1203907|
1203908|
1203909|
1203910|
1203911|
1203936|
1203937|
1203938|
1203939|
1203940|
1203941|
1203942|
1203943|
1203968|
1203969|
1203970|
1203971|
1203972|
1203973|
1203974|
1203975|
1204000|
1204001|
1204002|
1204003|
1204004|
1204005|
1204006|
1204007|
1204032|
1204033|
1204034|
1204035|
1204036|
1204037|
1204038|
1204039|
1204064|
1204065|
1204066|
1204067|
1204068|
1204069|
1204070|
1204071|
1204096|
1204097|
1204098|
1204099|
1204100|
1204101|
1204102|
1204103|
1204128|
1204129|
1204130|
1204131|
1204132|
1204133|
1204134|
1204135|
1204160|
1204161|
1204162|
1204163|
1204164|
1204165|
1204166|
1204167|
1204192|
1204193|
1204194|
1204195|
1204196|
1204197|
1204198|
1204199|
1204224|
1204225|
1204226|
1204227|
1204228|
1204229|
1204230|
1204231|
1204256|
1204257|
1204258|
1204259|
1204260|
1204261|
1204262|
1204263|
1204288|
1204289|
1204290|
1204291|
1204292|
1204293|
1204294|
1204295|
1204320|
1204321|
1204322|
1204323|
1204324|
1204325|
1204326|
1204327|
1204352|
1204353|
1204354|
1204355|
1204356|
1204357|
1204358|
1204359|
1204384|
1204385|
1204386|
1204387|
1204388|
1204389|
1204390|
1204391|
1204416|
1204417|
1204418|
1204419|
1204420|
1204421|
1204422|
1204423|
1204448|
1204449|
1204450|
1204451|
1204452|
1204453|
1204454|
1204455|
1204480|
1204481|
1204482|
1204483|
1204484|
1204485|
1204486|
1204487|
1204512|
1204513|
1204514|
1204515|
1204516|
1204517|
1204518|
1204519|
1204544|
1204545|
1204546|
1204547|
1204548|
1204549|
1204550|
1204551|
1204576|
1204577|
1204578|
1204579|
1204580|
1204581|
1204582|
1204583|
1204608|
1204609|
1204610|
1204611|
1204612|
1204613|
1204614|
1204615|
1204640|
1204641|
1204642|
1204643|
1204644|
1204645|
1204646|
1204647|
1204672|
1204673|
1204674|
1204675|
1204676|
1204677|
1204678|
1204679|
1204704|
1204705|
1204706|
1204707|
1204708|
1204709|
1204710|
1204711|
1204736|
1204737|
1204738|
1204739|
1204740|
1204741|
1204742|
1204743|
1204768|
1204769|
1204770|
1204771|
1204772|
1204773|
1204774|
1204775|
1204800|
1204801|
1204802|
1204803|
1204804|
1204805|
1204806|
1204807|
1204832|
1204833|
1204834|
1204835|
1204836|
1204837|
1204838|
1204839|
1204864|
1204865|
1204866|
1204867|
1204868|
1204869|
1204870|
1204871|
1204896|
1204897|
1204898|
1204899|
1204900|
1204901|
1204902|
1204903|
1204928|
1204929|
1204930|
1204931|
1204932|
1204933|
1204934|
1204935|
1204960|
1204961|
1204962|
1204963|
1204964|
1204965|
1204966|
1204967|
1204992|
1204993|
1204994|
1204995|
1204996|
1204997|
1204998|
1204999|
1205024|
1205025|
1205026|
1205027|
1205028|
1205029|
1205030|
1205031|
1205056|
1205057|
1205058|
1205059|
1205060|
1205061|
1205062|
1205063|
1205088|
1205089|
1205090|
1205091|
1205092|
1205093|
1205094|
1205095|
1205120|
1205121|
1205122|
1205123|
1205124|
1205125|
1205126|
1205127|
1205152|
1205153|
1205154|
1205155|
1205156|
1205157|
1205158|
1205159|
1205184|
1205185|
1205186|
1205187|
1205188|
1205189|
1205190|
1205191|
1205216|
1205217|
1205218|
1205219|
1205220|
1205221|
1205222|
1205223|
1205248|
1205249|
1205250|
1205251|
1205252|
1205253|
1205254|
1205255|
1205280|
1205281|
1205282|
1205283|
1205284|
1205285|
1205286|
1205287|
1205312|
1205313|
1205314|
1205315|
1205316|
1205317|
1205318|
1205319|
1205344|
1205345|
1205346|
1205347|
1205348|
1205349|
1205350|
1205351|
1205376|
1205377|
1205378|
1205379|
1205380|
1205381|
1205382|
1205383|
1205408|
1205409|
1205410|
1205411|
1205412|
1205413|
1205414|
1205415|
1205440|
1205441|
1205442|
1205443|
1205444|
1205445|
1205446|
1205447|
1205472|
1205473|
1205474|
1205475|
1205476|
1205477|
1205478|
1205479|
1205504|
1205505|
1205506|
1205507|
1205508|
1205509|
1205510|
1205511|
1205536|
1205537|
1205538|
1205539|
1205540|
1205541|
1205542|
1205543|
1205568|
1205569|
1205570|
1205571|
1205572|
1205573|
1205574|
1205575|
1205600|
1205601|
1205602|
1205603|
1205604|
1205605|
1205606|
1205607|
1205632|
1205633|
1205634|
1205635|
1205636|
1205637|
1205638|
1205639|
1205664|
1205665|
1205666|
1205667|
1205668|
1205669|
1205670|
1205671|
1205696|
1205697|
1205698|
1205699|
1205700|
1205701|
1205702|
1205703|
1205728|
1205729|
1205730|
1205731|
1205732|
1205733|
1205734|
1205735|
1205760|
1205761|
1205762|
1205763|
1205764|
1205765|
1205766|
1205767|
1205792|
1205793|
1205794|
1205795|
1205796|
1205797|
1205798|
1205799|
1205824|
1205825|
1205826|
1205827|
1205828|
1205829|
1205830|
1205831|
1205856|
1205857|
1205858|
1205859|
1205860|
1205861|
1205862|
1205863|
1205888|
1205889|
1205890|
1205891|
1205892|
1205893|
1205894|
1205895|
1205920|
1205921|
1205922|
1205923|
1205924|
1205925|
1205926|
1205927|
1205952|
1205953|
1205954|
1205955|
1205956|
1205957|
1205958|
1205959|
1205984|
1205985|
1205986|
1205987|
1205988|
