2777989|
2777990|
2777991|
2778016|
2778017|
2778018|
2778019|
2778020|
2778021|
2778022|
2778023|
2778048|
2778049|
2778050|
2778051|
2778052|
2778053|
2778054|
2778055|
2778080|
2778081|
2778082|
2778083|
2778084|
2778085|
2778086|
2778087|
2778112|
2778113|
2778114|
2778115|
2778116|
2778117|
2778118|
2778119|
2778144|
2778145|
2778146|
2778147|
2778148|
2778149|
2778150|
2778151|
2778176|
2778177|
2778178|
2778179|
2778180|
2778181|
2778182|
2778183|
2778208|
2778209|
2778210|
2778211|
2778212|
2778213|
2778214|
2778215|
2778240|
2778241|
2778242|
2778243|
2778244|
2778245|
2778246|
2778247|
2778272|
2778273|
2778274|
2778275|
2778276|
2778277|
2778278|
2778279|
2778304|
2778305|
2778306|
2778307|
2778308|
2778309|
2778310|
2778311|
2778336|
2778337|
2778338|
2778339|
2778340|
2778341|
2778342|
2778343|
2778368|
2778369|
2778370|
2778371|
2778372|
2778373|
2778374|
2778375|
2778400|
2778401|
2778402|
2778403|
2778404|
2778405|
2778406|
2778407|
2778432|
2778433|
2778434|
2778435|
2778436|
2778437|
2778438|
2778439|
2778464|
2778465|
2778466|
2778467|
2778468|
2778469|
2778470|
2778471|
2778496|
2778497|
2778498|
2778499|
2778500|
2778501|
2778502|
2778503|
2778528|
2778529|
2778530|
2778531|
2778532|
2778533|
2778534|
2778535|
2778560|
2778561|
2778562|
2778563|
2778564|
2778565|
2778566|
2778567|
2778592|
2778593|
2778594|
2778595|
2778596|
2778597|
2778598|
2778599|
2778624|
2778625|
2778626|
2778627|
2778628|
2778629|
2778630|
2778631|
2778656|
2778657|
2778658|
2778659|
2778660|
2778661|
2778662|
2778663|
2778688|
2778689|
2778690|
2778691|
2778692|
2778693|
2778694|
2778695|
2778720|
2778721|
2778722|
2778723|
2778724|
2778725|
2778726|
2778727|
2778752|
2778753|
2778754|
2778755|
2778756|
2778757|
2778758|
2778759|
2778784|
2778785|
2778786|
2778787|
2778788|
2778789|
2778790|
2778791|
2778816|
2778817|
2778818|
2778819|
2778820|
2778821|
2778822|
2778823|
2778848|
2778849|
2778850|
2778851|
2778852|
2778853|
2778854|
2778855|
2778880|
2778881|
2778882|
2778883|
2778884|
2778885|
2778886|
2778887|
2778912|
2778913|
2778914|
2778915|
2778916|
2778917|
2778918|
2778919|
2778944|
2778945|
2778946|
2778947|
2778948|
2778949|
2778950|
2778951|
2778976|
2778977|
2778978|
2778979|
2778980|
2778981|
2778982|
2778983|
2779008|
2779009|
2779010|
2779011|
2779012|
2779013|
2779014|
2779015|
2779040|
2779041|
2779042|
2779043|
2779044|
2779045|
2779046|
2779047|
2779072|
2779073|
2779074|
2779075|
2779076|
2779077|
2779078|
2779079|
2779104|
2779105|
2779106|
2779107|
2779108|
2779109|
2779110|
2779111|
2779136|
2779137|
2779138|
2779139|
2779140|
2779141|
2779142|
2779143|
2779168|
2779169|
2779170|
2779171|
2779172|
2779173|
2779174|
2779175|
2779200|
2779201|
2779202|
2779203|
2779204|
2779205|
2779206|
2779207|
2779232|
2779233|
2779234|
2779235|
2779236|
2779237|
2779238|
2779239|
2779264|
2779265|
2779266|
2779267|
2779268|
2779269|
2779270|
2779271|
2779296|
2779297|
2779298|
2779299|
2779300|
2779301|
2779302|
2779303|
2779328|
2779329|
2779330|
2779331|
2779332|
2779333|
2779334|
2779335|
2779360|
2779361|
2779362|
2779363|
2779364|
2779365|
2779366|
2779367|
2779392|
2779393|
2779394|
2779395|
2779396|
2779397|
2779398|
2779399|
2779424|
2779425|
2779426|
2779427|
2779428|
2779429|
2779430|
2779431|
2779456|
2779457|
2779458|
2779459|
2779460|
2779461|
2779462|
2779463|
2779488|
2779489|
2779490|
2779491|
2779492|
2779493|
2779494|
2779495|
2779520|
2779521|
2779522|
2779523|
2779524|
2779525|
2779526|
2779527|
2779552|
2779553|
2779554|
2779555|
2779556|
2779557|
2779558|
2779559|
2779584|
2779585|
2779586|
2779587|
2779588|
2779589|
2779590|
2779591|
2779616|
2779617|
2779618|
2779619|
2779620|
2779621|
2779622|
2779623|
2779648|
2779649|
2779650|
2779651|
2779652|
2779653|
2779654|
2779655|
2779680|
2779681|
2779682|
2779683|
2779684|
2779685|
2779686|
2779687|
2779712|
2779713|
2779714|
2779715|
2779716|
2779717|
2779718|
2779719|
2779744|
2779745|
2779746|
2779747|
2779748|
2779749|
2779750|
2779751|
2779776|
2779777|
2779778|
2779779|
2779780|
2779781|
2779782|
2779783|
2779808|
2779809|
2779810|
2779811|
2779812|
2779813|
2779814|
2779815|
2779840|
2779841|
2779842|
2779843|
2779844|
2779845|
2779846|
2779847|
2779872|
2779873|
2779874|
2779875|
2779876|
2779877|
2779878|
2779879|
2779904|
2779905|
2779906|
2779907|
2779908|
2779909|
2779910|
2779911|
2779936|
2779937|
2779938|
2779939|
2779940|
2779941|
2779942|
2779943|
2779968|
2779969|
2779970|
2779971|
2779972|
2779973|
2779974|
2779975|
2780000|
2780001|
2780002|
2780003|
2780004|
2780005|
2780006|
2780007|
2780032|
2780033|
2780034|
2780035|
2780036|
2780037|
2780038|
2780039|
2780064|
2780065|
2780066|
2780067|
2780068|
2780069|
2780070|
2780071|
2780096|
2780097|
2780098|
2780099|
2780100|
2780101|
2780102|
2780103|
2780128|
2780129|
2780130|
2780131|
2780132|
2780133|
2780134|
2780135|
2780160|
2780161|
2780162|
2780163|
2780164|
2780165|
2780166|
2780167|
2780192|
2780193|
2780194|
2780195|
2780196|
2780197|
2780198|
2780199|
2780224|
2780225|
2780226|
2780227|
2780228|
2780229|
2780230|
2780231|
2780256|
2780257|
2780258|
2780259|
2780260|
2780261|
2780262|
2780263|
2780288|
2780289|
2780290|
2780291|
2780292|
2780293|
2780294|
2780295|
2780320|
2780321|
2780322|
2780323|
2780324|
2780325|
2780326|
2780327|
2780352|
2780353|
2780354|
2780355|
2780356|
2780357|
2780358|
2780359|
2780384|
2780385|
2780386|
2780387|
2780388|
2780389|
2780390|
2780391|
2780416|
2780417|
2780418|
2780419|
2780420|
2780421|
2780422|
2780423|
2780448|
2780449|
2780450|
2780451|
2780452|
2780453|
2780454|
2780455|
2780480|
2780481|
2780482|
2780483|
2780484|
2780485|
2780486|
2780487|
2780512|
2780513|
2780514|
2780515|
2780516|
2780517|
2780518|
2780519|
2780544|
2780545|
2780546|
2780547|
2780548|
2780549|
2780550|
2780551|
2780576|
2780577|
2780578|
2780579|
2780580|
2780581|
2780582|
2780583|
2780608|
2780609|
2780610|
2780611|
2780612|
2780613|
2780614|
2780615|
2780640|
2780641|
2780642|
2780643|
2780644|
2780645|
2780646|
2780647|
2780672|
2780673|
2780674|
2780675|
2780676|
2780677|
2780678|
2780679|
2780704|
2780705|
2780706|
2780707|
2780708|
2780709|
2780710|
2780711|
2780736|
2780737|
2780738|
2780739|
2780740|
2780741|
2780742|
2780743|
2780768|
2780769|
2780770|
2780771|
2780772|
2780773|
2780774|
2780775|
2780800|
2780801|
2780802|
2780803|
2780804|
2780805|
2780806|
2780807|
2780832|
2780833|
2780834|
2780835|
2780836|
2780837|
2780838|
2780839|
2780864|
2780865|
2780866|
2780867|
2780868|
2780869|
2780870|
2780871|
2780896|
2780897|
2780898|
2780899|
2780900|
2780901|
2780902|
2780903|
2780928|
2780929|
2780930|
2780931|
2780932|
2780933|
2780934|
2780935|
2780960|
2780961|
2780962|
2780963|
2780964|
2780965|
2780966|
2780967|
2780992|
2780993|
2780994|
2780995|
2780996|
2780997|
2780998|
2780999|
2781024|
2781025|
2781026|
2781027|
2781028|
2781029|
2781030|
2781031|
2781056|
2781057|
2781058|
2781059|
2781060|
2781061|
2781062|
2781063|
2781088|
2781089|
2781090|
2781091|
2781092|
2781093|
2781094|
2781095|
2781120|
2781121|
2781122|
2781123|
2781124|
2781125|
2781126|
2781127|
2781152|
2781153|
2781154|
2781155|
2781156|
2781157|
2781158|
2781159|
2781184|
2781185|
2781186|
2781187|
2781188|
2781189|
2781190|
2781191|
2781216|
2781217|
2781218|
2781219|
2781220|
2781221|
2781222|
2781223|
2781248|
2781249|
2781250|
2781251|
2781252|
2781253|
2781254|
2781255|
2781280|
2781281|
2781282|
2781283|
2781284|
2781285|
2781286|
2781287|
2781312|
2781313|
2781314|
2781315|
2781316|
2781317|
2781318|
2781319|
2781344|
2781345|
2781346|
2781347|
2781348|
2781349|
2781350|
2781351|
2781376|
2781377|
2781378|
2781379|
2781380|
2781381|
2781382|
2781383|
2781408|
2781409|
2781410|
2781411|
2781412|
2781413|
2781414|
2781415|
2781440|
2781441|
2781442|
2781443|
2781444|
2781445|
2781446|
2781447|
2781472|
2781473|
2781474|
2781475|
2781476|
2781477|
2781478|
2781479|
2781504|
2781505|
2781506|
2781507|
2781508|
2781509|
2781510|
2781511|
2781536|
2781537|
2781538|
2781539|
2781540|
2781541|
2781542|
2781543|
2781568|
2781569|
2781570|
2781571|
2781572|
2781573|
2781574|
2781575|
2781600|
2781601|
2781602|
2781603|
2781604|
2781605|
2781606|
2781607|
2781632|
2781633|
2781634|
2781635|
2781636|
2781637|
2781638|
2781639|
2781664|
2781665|
2781666|
2781667|
2781668|
2781669|
2781670|
2781671|
2781696|
2781697|
2781698|
2781699|
2781700|
2781701|
2781702|
2781703|
2781728|
2781729|
2781730|
2781731|
2781732|
2781733|
2781734|
2781735|
2781760|
2781761|
2781762|
2781763|
2781764|
2781765|
2781766|
2781767|
2781792|
2781793|
2781794|
2781795|
2781796|
2781797|
2781798|
2781799|
2781824|
2781825|
2781826|
2781827|
2781828|
2781829|
2781830|
2781831|
2781856|
2781857|
2781858|
2781859|
2781860|
2781861|
2781862|
2781863|
2781888|
2781889|
2781890|
2781891|
2781892|
2781893|
2781894|
2781895|
2781920|
2781921|
2781922|
2781923|
2781924|
2781925|
2781926|
2781927|
2781952|
2781953|
2781954|
2781955|
2781956|
2781957|
2781958|
2781959|
2781984|
2781985|
2781986|
2781987|
2781988|
2781989|
2781990|
2781991|
2782016|
2782017|
2782018|
2782019|
2782020|
2782021|
2782022|
2782023|
2782048|
2782049|
2782050|
2782051|
2782052|
2782053|
2782054|
2782055|
2782080|
2782081|
2782082|
2782083|
2782084|
2782085|
2782086|
2782087|
2782112|
2782113|
2782114|
2782115|
2782116|
2782117|
2782118|
2782119|
2782144|
2782145|
2782146|
2782147|
2782148|
2782149|
2782150|
2782151|
2782176|
2782177|
2782178|
2782179|
2782180|
2782181|
2782182|
2782183|
2782208|
2782209|
2782210|
2782211|
2782212|
2782213|
2782214|
2782215|
2782240|
2782241|
2782242|
2782243|
2782244|
2782245|
2782246|
2782247|
2782272|
2782273|
2782274|
2782275|
2782276|
2782277|
2782278|
2782279|
2782304|
2782305|
2782306|
2782307|
2782308|
2782309|
2782310|
2782311|
2782336|
2782337|
2782338|
2782339|
2782340|
2782341|
2782342|
2782343|
2782368|
2782369|
2782370|
2782371|
2782372|
2782373|
2782374|
2782375|
2782400|
2782401|
2782402|
2782403|
2782404|
2782405|
2782406|
2782407|
2782432|
2782433|
2782434|
2782435|
2782436|
2782437|
2782438|
2782439|
2782464|
2782465|
2782466|
2782467|
2782468|
2782469|
2782470|
2782471|
2782496|
2782497|
2782498|
2782499|
2782500|
2782501|
2782502|
2782503|
2782528|
2782529|
2782530|
2782531|
2782532|
2782533|
2782534|
2782535|
2782560|
2782561|
2782562|
2782563|
2782564|
2782565|
2782566|
2782567|
2782592|
2782593|
2782594|
2782595|
2782596|
2782597|
2782598|
2782599|
2782624|
2782625|
2782626|
2782627|
2782628|
2782629|
2782630|
2782631|
2782656|
2782657|
2782658|
2782659|
2782660|
2782661|
2782662|
2782663|
2782688|
2782689|
2782690|
2782691|
2782692|
2782693|
2782694|
2782695|
2782720|
2782721|
2782722|
2782723|
2782724|
2782725|
2782726|
2782727|
2782752|
2782753|
2782754|
2782755|
2782756|
2782757|
2782758|
2782759|
2782784|
2782785|
2782786|
2782787|
2782788|
2782789|
2782790|
2782791|
2782816|
2782817|
2782818|
2782819|
2782820|
2782821|
2782822|
2782823|
2782848|
2782849|
2782850|
2782851|
2782852|
2782853|
2782854|
2782855|
2782880|
2782881|
2782882|
2782883|
2782884|
2782885|
2782886|
2782887|
2782912|
2782913|
2782914|
2782915|
2782916|
2782917|
2782918|
2782919|
2782944|
2782945|
2782946|
2782947|
2782948|
2782949|
2782950|
2782951|
2782976|
2782977|
2782978|
2782979|
2782980|
2782981|
2782982|
2782983|
2783008|
2783009|
2783010|
2783011|
2783012|
2783013|
2783014|
2783015|
2783040|
2783041|
2783042|
2783043|
2783044|
2783045|
2783046|
2783047|
2783072|
2783073|
2783074|
2783075|
2783076|
2783077|
2783078|
2783079|
2783104|
2783105|
2783106|
2783107|
2783108|
2783109|
2783110|
2783111|
2783136|
2783137|
2783138|
2783139|
2783140|
2783141|
2783142|
2783143|
2783168|
2783169|
2783170|
2783171|
2783172|
2783173|
2783174|
2783175|
2783200|
2783201|
2783202|
2783203|
2783204|
2783205|
2783206|
2783207|
2783232|
2783233|
2783234|
2783235|
2783236|
2783237|
2783238|
2783239|
2783264|
2783265|
2783266|
2783267|
2783268|
2783269|
2783270|
2783271|
2783296|
2783297|
2783298|
2783299|
2783300|
2783301|
2783302|
2783303|
2783328|
2783329|
2783330|
2783331|
2783332|
2783333|
2783334|
2783335|
2783360|
2783361|
2783362|
2783363|
2783364|
2783365|
2783366|
2783367|
2783392|
2783393|
2783394|
2783395|
2783396|
2783397|
2783398|
2783399|
2783424|
2783425|
2783426|
2783427|
2783428|
2783429|
2783430|
2783431|
2783456|
2783457|
2783458|
2783459|
2783460|
2783461|
2783462|
2783463|
2783488|
2783489|
2783490|
2783491|
2783492|
2783493|
2783494|
2783495|
2783520|
2783521|
2783522|
2783523|
2783524|
2783525|
2783526|
2783527|
2783552|
2783553|
2783554|
2783555|
2783556|
2783557|
2783558|
2783559|
2783584|
2783585|
2783586|
2783587|
2783588|
2783589|
2783590|
2783591|
2783616|
2783617|
2783618|
2783619|
2783620|
2783621|
2783622|
2783623|
2783648|
2783649|
2783650|
2783651|
2783652|
2783653|
2783654|
2783655|
2783680|
2783681|
2783682|
2783683|
2783684|
2783685|
2783686|
2783687|
2783712|
2783713|
2783714|
2783715|
2783716|
2783717|
2783718|
2783719|
2783744|
2783745|
2783746|
2783747|
2783748|
2783749|
2783750|
2783751|
2783776|
2783777|
2783778|
2783779|
2783780|
2783781|
2783782|
2783783|
2783808|
2783809|
2783810|
2783811|
2783812|
2783813|
2783814|
2783815|
2783840|
2783841|
2783842|
2783843|
2783844|
2783845|
2783846|
2783847|
2783872|
2783873|
2783874|
2783875|
2783876|
2783877|
2783878|
2783879|
2783904|
2783905|
2783906|
2783907|
2783908|
2783909|
2783910|
2783911|
2783936|
2783937|
2783938|
2783939|
2783940|
2783941|
2783942|
2783943|
2783968|
2783969|
2783970|
2783971|
2783972|
2783973|
2783974|
2783975|
2784000|
