509989|
509990|
509991|
510016|
510017|
510018|
510019|
510020|
510021|
510022|
510023|
510048|
510049|
510050|
510051|
510052|
510053|
510054|
510055|
510080|
510081|
510082|
510083|
510084|
510085|
510086|
510087|
510112|
510113|
510114|
510115|
510116|
510117|
510118|
510119|
510144|
510145|
510146|
510147|
510148|
510149|
510150|
510151|
510176|
510177|
510178|
510179|
510180|
510181|
510182|
510183|
510208|
510209|
510210|
510211|
510212|
510213|
510214|
510215|
510240|
510241|
510242|
510243|
510244|
510245|
510246|
510247|
510272|
510273|
510274|
510275|
510276|
510277|
510278|
510279|
510304|
510305|
510306|
510307|
510308|
510309|
510310|
510311|
510336|
510337|
510338|
510339|
510340|
510341|
510342|
510343|
510368|
510369|
510370|
510371|
510372|
510373|
510374|
510375|
510400|
510401|
510402|
510403|
510404|
510405|
510406|
510407|
510432|
510433|
510434|
510435|
510436|
510437|
510438|
510439|
510464|
510465|
510466|
510467|
510468|
510469|
510470|
510471|
510496|
510497|
510498|
510499|
510500|
510501|
510502|
510503|
510528|
510529|
510530|
510531|
510532|
510533|
510534|
510535|
510560|
510561|
510562|
510563|
510564|
510565|
510566|
510567|
510592|
510593|
510594|
510595|
510596|
510597|
510598|
510599|
510624|
510625|
510626|
510627|
510628|
510629|
510630|
510631|
510656|
510657|
510658|
510659|
510660|
510661|
510662|
510663|
510688|
510689|
510690|
510691|
510692|
510693|
510694|
510695|
510720|
510721|
510722|
510723|
510724|
510725|
510726|
510727|
510752|
510753|
510754|
510755|
510756|
510757|
510758|
510759|
510784|
510785|
510786|
510787|
510788|
510789|
510790|
510791|
510816|
510817|
510818|
510819|
510820|
510821|
510822|
510823|
510848|
510849|
510850|
510851|
510852|
510853|
510854|
510855|
510880|
510881|
510882|
510883|
510884|
510885|
510886|
510887|
510912|
510913|
510914|
510915|
510916|
510917|
510918|
510919|
510944|
510945|
510946|
510947|
510948|
510949|
510950|
510951|
510976|
510977|
510978|
510979|
510980|
510981|
510982|
510983|
511008|
511009|
511010|
511011|
511012|
511013|
511014|
511015|
511040|
511041|
511042|
511043|
511044|
511045|
511046|
511047|
511072|
511073|
511074|
511075|
511076|
511077|
511078|
511079|
511104|
511105|
511106|
511107|
511108|
511109|
511110|
511111|
511136|
511137|
511138|
511139|
511140|
511141|
511142|
511143|
511168|
511169|
511170|
511171|
511172|
511173|
511174|
511175|
511200|
511201|
511202|
511203|
511204|
511205|
511206|
511207|
511232|
511233|
511234|
511235|
511236|
511237|
511238|
511239|
511264|
511265|
511266|
511267|
511268|
511269|
511270|
511271|
511296|
511297|
511298|
511299|
511300|
511301|
511302|
511303|
511328|
511329|
511330|
511331|
511332|
511333|
511334|
511335|
511360|
511361|
511362|
511363|
511364|
511365|
511366|
511367|
511392|
511393|
511394|
511395|
511396|
511397|
511398|
511399|
511424|
511425|
511426|
511427|
511428|
511429|
511430|
511431|
511456|
511457|
511458|
511459|
511460|
511461|
511462|
511463|
511488|
511489|
511490|
511491|
511492|
511493|
511494|
511495|
511520|
511521|
511522|
511523|
511524|
511525|
511526|
511527|
511552|
511553|
511554|
511555|
511556|
511557|
511558|
511559|
511584|
511585|
511586|
511587|
511588|
511589|
511590|
511591|
511616|
511617|
511618|
511619|
511620|
511621|
511622|
511623|
511648|
511649|
511650|
511651|
511652|
511653|
511654|
511655|
511680|
511681|
511682|
511683|
511684|
511685|
511686|
511687|
511712|
511713|
511714|
511715|
511716|
511717|
511718|
511719|
511744|
511745|
511746|
511747|
511748|
511749|
511750|
511751|
511776|
511777|
511778|
511779|
511780|
511781|
511782|
511783|
511808|
511809|
511810|
511811|
511812|
511813|
511814|
511815|
511840|
511841|
511842|
511843|
511844|
511845|
511846|
511847|
511872|
511873|
511874|
511875|
511876|
511877|
511878|
511879|
511904|
511905|
511906|
511907|
511908|
511909|
511910|
511911|
511936|
511937|
511938|
511939|
511940|
511941|
511942|
511943|
511968|
511969|
511970|
511971|
511972|
511973|
511974|
511975|
512000|
512001|
512002|
512003|
512004|
512005|
512006|
512007|
512032|
512033|
512034|
512035|
512036|
512037|
512038|
512039|
512064|
512065|
512066|
512067|
512068|
512069|
512070|
512071|
512096|
512097|
512098|
512099|
512100|
512101|
512102|
512103|
512128|
512129|
512130|
512131|
512132|
512133|
512134|
512135|
512160|
512161|
512162|
512163|
512164|
512165|
512166|
512167|
512192|
512193|
512194|
512195|
512196|
512197|
512198|
512199|
512224|
512225|
512226|
512227|
512228|
512229|
512230|
512231|
512256|
512257|
512258|
512259|
512260|
512261|
512262|
512263|
512288|
512289|
512290|
512291|
512292|
512293|
512294|
512295|
512320|
512321|
512322|
512323|
512324|
512325|
512326|
512327|
512352|
512353|
512354|
512355|
512356|
512357|
512358|
512359|
512384|
512385|
512386|
512387|
512388|
512389|
512390|
512391|
512416|
512417|
512418|
512419|
512420|
512421|
512422|
512423|
512448|
512449|
512450|
512451|
512452|
512453|
512454|
512455|
512480|
512481|
512482|
512483|
512484|
512485|
512486|
512487|
512512|
512513|
512514|
512515|
512516|
512517|
512518|
512519|
512544|
512545|
512546|
512547|
512548|
512549|
512550|
512551|
512576|
512577|
512578|
512579|
512580|
512581|
512582|
512583|
512608|
512609|
512610|
512611|
512612|
512613|
512614|
512615|
512640|
512641|
512642|
512643|
512644|
512645|
512646|
512647|
512672|
512673|
512674|
512675|
512676|
512677|
512678|
512679|
512704|
512705|
512706|
512707|
512708|
512709|
512710|
512711|
512736|
512737|
512738|
512739|
512740|
512741|
512742|
512743|
512768|
512769|
512770|
512771|
512772|
512773|
512774|
512775|
512800|
512801|
512802|
512803|
512804|
512805|
512806|
512807|
512832|
512833|
512834|
512835|
512836|
512837|
512838|
512839|
512864|
512865|
512866|
512867|
512868|
512869|
512870|
512871|
512896|
512897|
512898|
512899|
512900|
512901|
512902|
512903|
512928|
512929|
512930|
512931|
512932|
512933|
512934|
512935|
512960|
512961|
512962|
512963|
512964|
512965|
512966|
512967|
512992|
512993|
512994|
512995|
512996|
512997|
512998|
512999|
513024|
513025|
513026|
513027|
513028|
513029|
513030|
513031|
513056|
513057|
513058|
513059|
513060|
513061|
513062|
513063|
513088|
513089|
513090|
513091|
513092|
513093|
513094|
513095|
513120|
513121|
513122|
513123|
513124|
513125|
513126|
513127|
513152|
513153|
513154|
513155|
513156|
513157|
513158|
513159|
513184|
513185|
513186|
513187|
513188|
513189|
513190|
513191|
513216|
513217|
513218|
513219|
513220|
513221|
513222|
513223|
513248|
513249|
513250|
513251|
513252|
513253|
513254|
513255|
513280|
513281|
513282|
513283|
513284|
513285|
513286|
513287|
513312|
513313|
513314|
513315|
513316|
513317|
513318|
513319|
513344|
513345|
513346|
513347|
513348|
513349|
513350|
513351|
513376|
513377|
513378|
513379|
513380|
513381|
513382|
513383|
513408|
513409|
513410|
513411|
513412|
513413|
513414|
513415|
513440|
513441|
513442|
513443|
513444|
513445|
513446|
513447|
513472|
513473|
513474|
513475|
513476|
513477|
513478|
513479|
513504|
513505|
513506|
513507|
513508|
513509|
513510|
513511|
513536|
513537|
513538|
513539|
513540|
513541|
513542|
513543|
513568|
513569|
513570|
513571|
513572|
513573|
513574|
513575|
513600|
513601|
513602|
513603|
513604|
513605|
513606|
513607|
513632|
513633|
513634|
513635|
513636|
513637|
513638|
513639|
513664|
513665|
513666|
513667|
513668|
513669|
513670|
513671|
513696|
513697|
513698|
513699|
513700|
513701|
513702|
513703|
513728|
513729|
513730|
513731|
513732|
513733|
513734|
513735|
513760|
513761|
513762|
513763|
513764|
513765|
513766|
513767|
513792|
513793|
513794|
513795|
513796|
513797|
513798|
513799|
513824|
513825|
513826|
513827|
513828|
513829|
513830|
513831|
513856|
513857|
513858|
513859|
513860|
513861|
513862|
513863|
513888|
513889|
513890|
513891|
513892|
513893|
513894|
513895|
513920|
513921|
513922|
513923|
513924|
513925|
513926|
513927|
513952|
513953|
513954|
513955|
513956|
513957|
513958|
513959|
513984|
513985|
513986|
513987|
513988|
513989|
513990|
513991|
514016|
514017|
514018|
514019|
514020|
514021|
514022|
514023|
514048|
514049|
514050|
514051|
514052|
514053|
514054|
514055|
514080|
514081|
514082|
514083|
514084|
514085|
514086|
514087|
514112|
514113|
514114|
514115|
514116|
514117|
514118|
514119|
514144|
514145|
514146|
514147|
514148|
514149|
514150|
514151|
514176|
514177|
514178|
514179|
514180|
514181|
514182|
514183|
514208|
514209|
514210|
514211|
514212|
514213|
514214|
514215|
514240|
514241|
514242|
514243|
514244|
514245|
514246|
514247|
514272|
514273|
514274|
514275|
514276|
514277|
514278|
514279|
514304|
514305|
514306|
514307|
514308|
514309|
514310|
514311|
514336|
514337|
514338|
514339|
514340|
514341|
514342|
514343|
514368|
514369|
514370|
514371|
514372|
514373|
514374|
514375|
514400|
514401|
514402|
514403|
514404|
514405|
514406|
514407|
514432|
514433|
514434|
514435|
514436|
514437|
514438|
514439|
514464|
514465|
514466|
514467|
514468|
514469|
514470|
514471|
514496|
514497|
514498|
514499|
514500|
514501|
514502|
514503|
514528|
514529|
514530|
514531|
514532|
514533|
514534|
514535|
514560|
514561|
514562|
514563|
514564|
514565|
514566|
514567|
514592|
514593|
514594|
514595|
514596|
514597|
514598|
514599|
514624|
514625|
514626|
514627|
514628|
514629|
514630|
514631|
514656|
514657|
514658|
514659|
514660|
514661|
514662|
514663|
514688|
514689|
514690|
514691|
514692|
514693|
514694|
514695|
514720|
514721|
514722|
514723|
514724|
514725|
514726|
514727|
514752|
514753|
514754|
514755|
514756|
514757|
514758|
514759|
514784|
514785|
514786|
514787|
514788|
514789|
514790|
514791|
514816|
514817|
514818|
514819|
514820|
514821|
514822|
514823|
514848|
514849|
514850|
514851|
514852|
514853|
514854|
514855|
514880|
514881|
514882|
514883|
514884|
514885|
514886|
514887|
514912|
514913|
514914|
514915|
514916|
514917|
514918|
514919|
514944|
514945|
514946|
514947|
514948|
514949|
514950|
514951|
514976|
514977|
514978|
514979|
514980|
514981|
514982|
514983|
515008|
515009|
515010|
515011|
515012|
515013|
515014|
515015|
515040|
515041|
515042|
515043|
515044|
515045|
515046|
515047|
515072|
515073|
515074|
515075|
515076|
515077|
515078|
515079|
515104|
515105|
515106|
515107|
515108|
515109|
515110|
515111|
515136|
515137|
515138|
515139|
515140|
515141|
515142|
515143|
515168|
515169|
515170|
515171|
515172|
515173|
515174|
515175|
515200|
515201|
515202|
515203|
515204|
515205|
515206|
515207|
515232|
515233|
515234|
515235|
515236|
515237|
515238|
515239|
515264|
515265|
515266|
515267|
515268|
515269|
515270|
515271|
515296|
515297|
515298|
515299|
515300|
515301|
515302|
515303|
515328|
515329|
515330|
515331|
515332|
515333|
515334|
515335|
515360|
515361|
515362|
515363|
515364|
515365|
515366|
515367|
515392|
515393|
515394|
515395|
515396|
515397|
515398|
515399|
515424|
515425|
515426|
515427|
515428|
515429|
515430|
515431|
515456|
515457|
515458|
515459|
515460|
515461|
515462|
515463|
515488|
515489|
515490|
515491|
515492|
515493|
515494|
515495|
515520|
515521|
515522|
515523|
515524|
515525|
515526|
515527|
515552|
515553|
515554|
515555|
515556|
515557|
515558|
515559|
515584|
515585|
515586|
515587|
515588|
515589|
515590|
515591|
515616|
515617|
515618|
515619|
515620|
515621|
515622|
515623|
515648|
515649|
515650|
515651|
515652|
515653|
515654|
515655|
515680|
515681|
515682|
515683|
515684|
515685|
515686|
515687|
515712|
515713|
515714|
515715|
515716|
515717|
515718|
515719|
515744|
515745|
515746|
515747|
515748|
515749|
515750|
515751|
515776|
515777|
515778|
515779|
515780|
515781|
515782|
515783|
515808|
515809|
515810|
515811|
515812|
515813|
515814|
515815|
515840|
515841|
515842|
515843|
515844|
515845|
515846|
515847|
515872|
515873|
515874|
515875|
515876|
515877|
515878|
515879|
515904|
515905|
515906|
515907|
515908|
515909|
515910|
515911|
515936|
515937|
515938|
515939|
515940|
515941|
515942|
515943|
515968|
515969|
515970|
515971|
515972|
515973|
515974|
515975|
516000|
