1464001|
1464002|
1464003|
1464004|
1464005|
1464006|
1464007|
1464032|
1464033|
1464034|
1464035|
1464036|
1464037|
1464038|
1464039|
1464064|
1464065|
1464066|
1464067|
1464068|
1464069|
1464070|
1464071|
1464096|
1464097|
1464098|
1464099|
1464100|
1464101|
1464102|
1464103|
1464128|
1464129|
1464130|
1464131|
1464132|
1464133|
1464134|
1464135|
1464160|
1464161|
1464162|
1464163|
1464164|
1464165|
1464166|
1464167|
1464192|
1464193|
1464194|
1464195|
1464196|
1464197|
1464198|
1464199|
1464224|
1464225|
1464226|
1464227|
1464228|
1464229|
1464230|
1464231|
1464256|
1464257|
1464258|
1464259|
1464260|
1464261|
1464262|
1464263|
1464288|
1464289|
1464290|
1464291|
1464292|
1464293|
1464294|
1464295|
1464320|
1464321|
1464322|
1464323|
1464324|
1464325|
1464326|
1464327|
1464352|
1464353|
1464354|
1464355|
1464356|
1464357|
1464358|
1464359|
1464384|
1464385|
1464386|
1464387|
1464388|
1464389|
1464390|
1464391|
1464416|
1464417|
1464418|
1464419|
1464420|
1464421|
1464422|
1464423|
1464448|
1464449|
1464450|
1464451|
1464452|
1464453|
1464454|
1464455|
1464480|
1464481|
1464482|
1464483|
1464484|
1464485|
1464486|
1464487|
1464512|
1464513|
1464514|
1464515|
1464516|
1464517|
1464518|
1464519|
1464544|
1464545|
1464546|
1464547|
1464548|
1464549|
1464550|
1464551|
1464576|
1464577|
1464578|
1464579|
1464580|
1464581|
1464582|
1464583|
1464608|
1464609|
1464610|
1464611|
1464612|
1464613|
1464614|
1464615|
1464640|
1464641|
1464642|
1464643|
1464644|
1464645|
1464646|
1464647|
1464672|
1464673|
1464674|
1464675|
1464676|
1464677|
1464678|
1464679|
1464704|
1464705|
1464706|
1464707|
1464708|
1464709|
1464710|
1464711|
1464736|
1464737|
1464738|
1464739|
1464740|
1464741|
1464742|
1464743|
1464768|
1464769|
1464770|
1464771|
1464772|
1464773|
1464774|
1464775|
1464800|
1464801|
1464802|
1464803|
1464804|
1464805|
1464806|
1464807|
1464832|
1464833|
1464834|
1464835|
1464836|
1464837|
1464838|
1464839|
1464864|
1464865|
1464866|
1464867|
1464868|
1464869|
1464870|
1464871|
1464896|
1464897|
1464898|
1464899|
1464900|
1464901|
1464902|
1464903|
1464928|
1464929|
1464930|
1464931|
1464932|
1464933|
1464934|
1464935|
1464960|
1464961|
1464962|
1464963|
1464964|
1464965|
1464966|
1464967|
1464992|
1464993|
1464994|
1464995|
1464996|
1464997|
1464998|
1464999|
1465024|
1465025|
1465026|
1465027|
1465028|
1465029|
1465030|
1465031|
1465056|
1465057|
1465058|
1465059|
1465060|
1465061|
1465062|
1465063|
1465088|
1465089|
1465090|
1465091|
1465092|
1465093|
1465094|
1465095|
1465120|
1465121|
1465122|
1465123|
1465124|
1465125|
1465126|
1465127|
1465152|
1465153|
1465154|
1465155|
1465156|
1465157|
1465158|
1465159|
1465184|
1465185|
1465186|
1465187|
1465188|
1465189|
1465190|
1465191|
1465216|
1465217|
1465218|
1465219|
1465220|
1465221|
1465222|
1465223|
1465248|
1465249|
1465250|
1465251|
1465252|
1465253|
1465254|
1465255|
1465280|
1465281|
1465282|
1465283|
1465284|
1465285|
1465286|
1465287|
1465312|
1465313|
1465314|
1465315|
1465316|
1465317|
1465318|
1465319|
1465344|
1465345|
1465346|
1465347|
1465348|
1465349|
1465350|
1465351|
1465376|
1465377|
1465378|
1465379|
1465380|
1465381|
1465382|
1465383|
1465408|
1465409|
1465410|
1465411|
1465412|
1465413|
1465414|
1465415|
1465440|
1465441|
1465442|
1465443|
1465444|
1465445|
1465446|
1465447|
1465472|
1465473|
1465474|
1465475|
1465476|
1465477|
1465478|
1465479|
1465504|
1465505|
1465506|
1465507|
1465508|
1465509|
1465510|
1465511|
1465536|
1465537|
1465538|
1465539|
1465540|
1465541|
1465542|
1465543|
1465568|
1465569|
1465570|
1465571|
1465572|
1465573|
1465574|
1465575|
1465600|
1465601|
1465602|
1465603|
1465604|
1465605|
1465606|
1465607|
1465632|
1465633|
1465634|
1465635|
1465636|
1465637|
1465638|
1465639|
1465664|
1465665|
1465666|
1465667|
1465668|
1465669|
1465670|
1465671|
1465696|
1465697|
1465698|
1465699|
1465700|
1465701|
1465702|
1465703|
1465728|
1465729|
1465730|
1465731|
1465732|
1465733|
1465734|
1465735|
1465760|
1465761|
1465762|
1465763|
1465764|
1465765|
1465766|
1465767|
1465792|
1465793|
1465794|
1465795|
1465796|
1465797|
1465798|
1465799|
1465824|
1465825|
1465826|
1465827|
1465828|
1465829|
1465830|
1465831|
1465856|
1465857|
1465858|
1465859|
1465860|
1465861|
1465862|
1465863|
1465888|
1465889|
1465890|
1465891|
1465892|
1465893|
1465894|
1465895|
1465920|
1465921|
1465922|
1465923|
1465924|
1465925|
1465926|
1465927|
1465952|
1465953|
1465954|
1465955|
1465956|
1465957|
1465958|
1465959|
1465984|
1465985|
1465986|
1465987|
1465988|
1465989|
1465990|
1465991|
1466016|
1466017|
1466018|
1466019|
1466020|
1466021|
1466022|
1466023|
1466048|
1466049|
1466050|
1466051|
1466052|
1466053|
1466054|
1466055|
1466080|
1466081|
1466082|
1466083|
1466084|
1466085|
1466086|
1466087|
1466112|
1466113|
1466114|
1466115|
1466116|
1466117|
1466118|
1466119|
1466144|
1466145|
1466146|
1466147|
1466148|
1466149|
1466150|
1466151|
1466176|
1466177|
1466178|
1466179|
1466180|
1466181|
1466182|
1466183|
1466208|
1466209|
1466210|
1466211|
1466212|
1466213|
1466214|
1466215|
1466240|
1466241|
1466242|
1466243|
1466244|
1466245|
1466246|
1466247|
1466272|
1466273|
1466274|
1466275|
1466276|
1466277|
1466278|
1466279|
1466304|
1466305|
1466306|
1466307|
1466308|
1466309|
1466310|
1466311|
1466336|
1466337|
1466338|
1466339|
1466340|
1466341|
1466342|
1466343|
1466368|
1466369|
1466370|
1466371|
1466372|
1466373|
1466374|
1466375|
1466400|
1466401|
1466402|
1466403|
1466404|
1466405|
1466406|
1466407|
1466432|
1466433|
1466434|
1466435|
1466436|
1466437|
1466438|
1466439|
1466464|
1466465|
1466466|
1466467|
1466468|
1466469|
1466470|
1466471|
1466496|
1466497|
1466498|
1466499|
1466500|
1466501|
1466502|
1466503|
1466528|
1466529|
1466530|
1466531|
1466532|
1466533|
1466534|
1466535|
1466560|
1466561|
1466562|
1466563|
1466564|
1466565|
1466566|
1466567|
1466592|
1466593|
1466594|
1466595|
1466596|
1466597|
1466598|
1466599|
1466624|
1466625|
1466626|
1466627|
1466628|
1466629|
1466630|
1466631|
1466656|
1466657|
1466658|
1466659|
1466660|
1466661|
1466662|
1466663|
1466688|
1466689|
1466690|
1466691|
1466692|
1466693|
1466694|
1466695|
1466720|
1466721|
1466722|
1466723|
1466724|
1466725|
1466726|
1466727|
1466752|
1466753|
1466754|
1466755|
1466756|
1466757|
1466758|
1466759|
1466784|
1466785|
1466786|
1466787|
1466788|
1466789|
1466790|
1466791|
1466816|
1466817|
1466818|
1466819|
1466820|
1466821|
1466822|
1466823|
1466848|
1466849|
1466850|
1466851|
1466852|
1466853|
1466854|
1466855|
1466880|
1466881|
1466882|
1466883|
1466884|
1466885|
1466886|
1466887|
1466912|
1466913|
1466914|
1466915|
1466916|
1466917|
1466918|
1466919|
1466944|
1466945|
1466946|
1466947|
1466948|
1466949|
1466950|
1466951|
1466976|
1466977|
1466978|
1466979|
1466980|
1466981|
1466982|
1466983|
1467008|
1467009|
1467010|
1467011|
1467012|
1467013|
1467014|
1467015|
1467040|
1467041|
1467042|
1467043|
1467044|
1467045|
1467046|
1467047|
1467072|
1467073|
1467074|
1467075|
1467076|
1467077|
1467078|
1467079|
1467104|
1467105|
1467106|
1467107|
1467108|
1467109|
1467110|
1467111|
1467136|
1467137|
1467138|
1467139|
1467140|
1467141|
1467142|
1467143|
1467168|
1467169|
1467170|
1467171|
1467172|
1467173|
1467174|
1467175|
1467200|
1467201|
1467202|
1467203|
1467204|
1467205|
1467206|
1467207|
1467232|
1467233|
1467234|
1467235|
1467236|
1467237|
1467238|
1467239|
1467264|
1467265|
1467266|
1467267|
1467268|
1467269|
1467270|
1467271|
1467296|
1467297|
1467298|
1467299|
1467300|
1467301|
1467302|
1467303|
1467328|
1467329|
1467330|
1467331|
1467332|
1467333|
1467334|
1467335|
1467360|
1467361|
1467362|
1467363|
1467364|
1467365|
1467366|
1467367|
1467392|
1467393|
1467394|
1467395|
1467396|
1467397|
1467398|
1467399|
1467424|
1467425|
1467426|
1467427|
1467428|
1467429|
1467430|
1467431|
1467456|
1467457|
1467458|
1467459|
1467460|
1467461|
1467462|
1467463|
1467488|
1467489|
1467490|
1467491|
1467492|
1467493|
1467494|
1467495|
1467520|
1467521|
1467522|
1467523|
1467524|
1467525|
1467526|
1467527|
1467552|
1467553|
1467554|
1467555|
1467556|
1467557|
1467558|
1467559|
1467584|
1467585|
1467586|
1467587|
1467588|
1467589|
1467590|
1467591|
1467616|
1467617|
1467618|
1467619|
1467620|
1467621|
1467622|
1467623|
1467648|
1467649|
1467650|
1467651|
1467652|
1467653|
1467654|
1467655|
1467680|
1467681|
1467682|
1467683|
1467684|
1467685|
1467686|
1467687|
1467712|
1467713|
1467714|
1467715|
1467716|
1467717|
1467718|
1467719|
1467744|
1467745|
1467746|
1467747|
1467748|
1467749|
1467750|
1467751|
1467776|
1467777|
1467778|
1467779|
1467780|
1467781|
1467782|
1467783|
1467808|
1467809|
1467810|
1467811|
1467812|
1467813|
1467814|
1467815|
1467840|
1467841|
1467842|
1467843|
1467844|
1467845|
1467846|
1467847|
1467872|
1467873|
1467874|
1467875|
1467876|
1467877|
1467878|
1467879|
1467904|
1467905|
1467906|
1467907|
1467908|
1467909|
1467910|
1467911|
1467936|
1467937|
1467938|
1467939|
1467940|
1467941|
1467942|
1467943|
1467968|
1467969|
1467970|
1467971|
1467972|
1467973|
1467974|
1467975|
1468000|
1468001|
1468002|
1468003|
1468004|
1468005|
1468006|
1468007|
1468032|
1468033|
1468034|
1468035|
1468036|
1468037|
1468038|
1468039|
1468064|
1468065|
1468066|
1468067|
1468068|
1468069|
1468070|
1468071|
1468096|
1468097|
1468098|
1468099|
1468100|
1468101|
1468102|
1468103|
1468128|
1468129|
1468130|
1468131|
1468132|
1468133|
1468134|
1468135|
1468160|
1468161|
1468162|
1468163|
1468164|
1468165|
1468166|
1468167|
1468192|
1468193|
1468194|
1468195|
1468196|
1468197|
1468198|
1468199|
1468224|
1468225|
1468226|
1468227|
1468228|
1468229|
1468230|
1468231|
1468256|
1468257|
1468258|
1468259|
1468260|
1468261|
1468262|
1468263|
1468288|
1468289|
1468290|
1468291|
1468292|
1468293|
1468294|
1468295|
1468320|
1468321|
1468322|
1468323|
1468324|
1468325|
1468326|
1468327|
1468352|
1468353|
1468354|
1468355|
1468356|
1468357|
1468358|
1468359|
1468384|
1468385|
1468386|
1468387|
1468388|
1468389|
1468390|
1468391|
1468416|
1468417|
1468418|
1468419|
1468420|
1468421|
1468422|
1468423|
1468448|
1468449|
1468450|
1468451|
1468452|
1468453|
1468454|
1468455|
1468480|
1468481|
1468482|
1468483|
1468484|
1468485|
1468486|
1468487|
1468512|
1468513|
1468514|
1468515|
1468516|
1468517|
1468518|
1468519|
1468544|
1468545|
1468546|
1468547|
1468548|
1468549|
1468550|
1468551|
1468576|
1468577|
1468578|
1468579|
1468580|
1468581|
1468582|
1468583|
1468608|
1468609|
1468610|
1468611|
1468612|
1468613|
1468614|
1468615|
1468640|
1468641|
1468642|
1468643|
1468644|
1468645|
1468646|
1468647|
1468672|
1468673|
1468674|
1468675|
1468676|
1468677|
1468678|
1468679|
1468704|
1468705|
1468706|
1468707|
1468708|
1468709|
1468710|
1468711|
1468736|
1468737|
1468738|
1468739|
1468740|
1468741|
1468742|
1468743|
1468768|
1468769|
1468770|
1468771|
1468772|
1468773|
1468774|
1468775|
1468800|
1468801|
1468802|
1468803|
1468804|
1468805|
1468806|
1468807|
1468832|
1468833|
1468834|
1468835|
1468836|
1468837|
1468838|
1468839|
1468864|
1468865|
1468866|
1468867|
1468868|
1468869|
1468870|
1468871|
1468896|
1468897|
1468898|
1468899|
1468900|
1468901|
1468902|
1468903|
1468928|
1468929|
1468930|
1468931|
1468932|
1468933|
1468934|
1468935|
1468960|
1468961|
1468962|
1468963|
1468964|
1468965|
1468966|
1468967|
1468992|
1468993|
1468994|
1468995|
1468996|
1468997|
1468998|
1468999|
1469024|
1469025|
1469026|
1469027|
1469028|
1469029|
1469030|
1469031|
1469056|
1469057|
1469058|
1469059|
1469060|
1469061|
1469062|
1469063|
1469088|
1469089|
1469090|
1469091|
1469092|
1469093|
1469094|
1469095|
1469120|
1469121|
1469122|
1469123|
1469124|
1469125|
1469126|
1469127|
1469152|
1469153|
1469154|
1469155|
1469156|
1469157|
1469158|
1469159|
1469184|
1469185|
1469186|
1469187|
1469188|
1469189|
1469190|
1469191|
1469216|
1469217|
1469218|
1469219|
1469220|
1469221|
1469222|
1469223|
1469248|
1469249|
1469250|
1469251|
1469252|
1469253|
1469254|
1469255|
1469280|
1469281|
1469282|
1469283|
1469284|
1469285|
1469286|
1469287|
1469312|
1469313|
1469314|
1469315|
1469316|
1469317|
1469318|
1469319|
1469344|
1469345|
1469346|
1469347|
1469348|
1469349|
1469350|
1469351|
1469376|
1469377|
1469378|
1469379|
1469380|
1469381|
1469382|
1469383|
1469408|
1469409|
1469410|
1469411|
1469412|
1469413|
1469414|
1469415|
1469440|
1469441|
1469442|
1469443|
1469444|
1469445|
1469446|
1469447|
1469472|
1469473|
1469474|
1469475|
1469476|
1469477|
1469478|
1469479|
1469504|
1469505|
1469506|
1469507|
1469508|
1469509|
1469510|
1469511|
1469536|
1469537|
1469538|
1469539|
1469540|
1469541|
1469542|
1469543|
1469568|
1469569|
1469570|
1469571|
1469572|
1469573|
1469574|
1469575|
1469600|
1469601|
1469602|
1469603|
1469604|
1469605|
1469606|
1469607|
1469632|
1469633|
1469634|
1469635|
1469636|
1469637|
1469638|
1469639|
1469664|
1469665|
1469666|
1469667|
1469668|
1469669|
1469670|
1469671|
1469696|
1469697|
1469698|
1469699|
1469700|
1469701|
1469702|
1469703|
1469728|
1469729|
1469730|
1469731|
1469732|
1469733|
1469734|
1469735|
1469760|
1469761|
1469762|
1469763|
1469764|
1469765|
1469766|
1469767|
1469792|
1469793|
1469794|
1469795|
1469796|
1469797|
1469798|
1469799|
1469824|
1469825|
1469826|
1469827|
1469828|
1469829|
1469830|
1469831|
1469856|
1469857|
1469858|
1469859|
1469860|
1469861|
1469862|
1469863|
1469888|
1469889|
1469890|
1469891|
1469892|
1469893|
1469894|
1469895|
1469920|
1469921|
1469922|
1469923|
1469924|
1469925|
1469926|
1469927|
1469952|
1469953|
1469954|
1469955|
1469956|
1469957|
1469958|
1469959|
1469984|
1469985|
1469986|
1469987|
1469988|
