420001|
420002|
420003|
420004|
420005|
420006|
420007|
420032|
420033|
420034|
420035|
420036|
420037|
420038|
420039|
420064|
420065|
420066|
420067|
420068|
420069|
420070|
420071|
420096|
420097|
420098|
420099|
420100|
420101|
420102|
420103|
420128|
420129|
420130|
420131|
420132|
420133|
420134|
420135|
420160|
420161|
420162|
420163|
420164|
420165|
420166|
420167|
420192|
420193|
420194|
420195|
420196|
420197|
420198|
420199|
420224|
420225|
420226|
420227|
420228|
420229|
420230|
420231|
420256|
420257|
420258|
420259|
420260|
420261|
420262|
420263|
420288|
420289|
420290|
420291|
420292|
420293|
420294|
420295|
420320|
420321|
420322|
420323|
420324|
420325|
420326|
420327|
420352|
420353|
420354|
420355|
420356|
420357|
420358|
420359|
420384|
420385|
420386|
420387|
420388|
420389|
420390|
420391|
420416|
420417|
420418|
420419|
420420|
420421|
420422|
420423|
420448|
420449|
420450|
420451|
420452|
420453|
420454|
420455|
420480|
420481|
420482|
420483|
420484|
420485|
420486|
420487|
420512|
420513|
420514|
420515|
420516|
420517|
420518|
420519|
420544|
420545|
420546|
420547|
420548|
420549|
420550|
420551|
420576|
420577|
420578|
420579|
420580|
420581|
420582|
420583|
420608|
420609|
420610|
420611|
420612|
420613|
420614|
420615|
420640|
420641|
420642|
420643|
420644|
420645|
420646|
420647|
420672|
420673|
420674|
420675|
420676|
420677|
420678|
420679|
420704|
420705|
420706|
420707|
420708|
420709|
420710|
420711|
420736|
420737|
420738|
420739|
420740|
420741|
420742|
420743|
420768|
420769|
420770|
420771|
420772|
420773|
420774|
420775|
420800|
420801|
420802|
420803|
420804|
420805|
420806|
420807|
420832|
420833|
420834|
420835|
420836|
420837|
420838|
420839|
420864|
420865|
420866|
420867|
420868|
420869|
420870|
420871|
420896|
420897|
420898|
420899|
420900|
420901|
420902|
420903|
420928|
420929|
420930|
420931|
420932|
420933|
420934|
420935|
420960|
420961|
420962|
420963|
420964|
420965|
420966|
420967|
420992|
420993|
420994|
420995|
420996|
420997|
420998|
420999|
421024|
421025|
421026|
421027|
421028|
421029|
421030|
421031|
421056|
421057|
421058|
421059|
421060|
421061|
421062|
421063|
421088|
421089|
421090|
421091|
421092|
421093|
421094|
421095|
421120|
421121|
421122|
421123|
421124|
421125|
421126|
421127|
421152|
421153|
421154|
421155|
421156|
421157|
421158|
421159|
421184|
421185|
421186|
421187|
421188|
421189|
421190|
421191|
421216|
421217|
421218|
421219|
421220|
421221|
421222|
421223|
421248|
421249|
421250|
421251|
421252|
421253|
421254|
421255|
421280|
421281|
421282|
421283|
421284|
421285|
421286|
421287|
421312|
421313|
421314|
421315|
421316|
421317|
421318|
421319|
421344|
421345|
421346|
421347|
421348|
421349|
421350|
421351|
421376|
421377|
421378|
421379|
421380|
421381|
421382|
421383|
421408|
421409|
421410|
421411|
421412|
421413|
421414|
421415|
421440|
421441|
421442|
421443|
421444|
421445|
421446|
421447|
421472|
421473|
421474|
421475|
421476|
421477|
421478|
421479|
421504|
421505|
421506|
421507|
421508|
421509|
421510|
421511|
421536|
421537|
421538|
421539|
421540|
421541|
421542|
421543|
421568|
421569|
421570|
421571|
421572|
421573|
421574|
421575|
421600|
421601|
421602|
421603|
421604|
421605|
421606|
421607|
421632|
421633|
421634|
421635|
421636|
421637|
421638|
421639|
421664|
421665|
421666|
421667|
421668|
421669|
421670|
421671|
421696|
421697|
421698|
421699|
421700|
421701|
421702|
421703|
421728|
421729|
421730|
421731|
421732|
421733|
421734|
421735|
421760|
421761|
421762|
421763|
421764|
421765|
421766|
421767|
421792|
421793|
421794|
421795|
421796|
421797|
421798|
421799|
421824|
421825|
421826|
421827|
421828|
421829|
421830|
421831|
421856|
421857|
421858|
421859|
421860|
421861|
421862|
421863|
421888|
421889|
421890|
421891|
421892|
421893|
421894|
421895|
421920|
421921|
421922|
421923|
421924|
421925|
421926|
421927|
421952|
421953|
421954|
421955|
421956|
421957|
421958|
421959|
421984|
421985|
421986|
421987|
421988|
421989|
421990|
421991|
422016|
422017|
422018|
422019|
422020|
422021|
422022|
422023|
422048|
422049|
422050|
422051|
422052|
422053|
422054|
422055|
422080|
422081|
422082|
422083|
422084|
422085|
422086|
422087|
422112|
422113|
422114|
422115|
422116|
422117|
422118|
422119|
422144|
422145|
422146|
422147|
422148|
422149|
422150|
422151|
422176|
422177|
422178|
422179|
422180|
422181|
422182|
422183|
422208|
422209|
422210|
422211|
422212|
422213|
422214|
422215|
422240|
422241|
422242|
422243|
422244|
422245|
422246|
422247|
422272|
422273|
422274|
422275|
422276|
422277|
422278|
422279|
422304|
422305|
422306|
422307|
422308|
422309|
422310|
422311|
422336|
422337|
422338|
422339|
422340|
422341|
422342|
422343|
422368|
422369|
422370|
422371|
422372|
422373|
422374|
422375|
422400|
422401|
422402|
422403|
422404|
422405|
422406|
422407|
422432|
422433|
422434|
422435|
422436|
422437|
422438|
422439|
422464|
422465|
422466|
422467|
422468|
422469|
422470|
422471|
422496|
422497|
422498|
422499|
422500|
422501|
422502|
422503|
422528|
422529|
422530|
422531|
422532|
422533|
422534|
422535|
422560|
422561|
422562|
422563|
422564|
422565|
422566|
422567|
422592|
422593|
422594|
422595|
422596|
422597|
422598|
422599|
422624|
422625|
422626|
422627|
422628|
422629|
422630|
422631|
422656|
422657|
422658|
422659|
422660|
422661|
422662|
422663|
422688|
422689|
422690|
422691|
422692|
422693|
422694|
422695|
422720|
422721|
422722|
422723|
422724|
422725|
422726|
422727|
422752|
422753|
422754|
422755|
422756|
422757|
422758|
422759|
422784|
422785|
422786|
422787|
422788|
422789|
422790|
422791|
422816|
422817|
422818|
422819|
422820|
422821|
422822|
422823|
422848|
422849|
422850|
422851|
422852|
422853|
422854|
422855|
422880|
422881|
422882|
422883|
422884|
422885|
422886|
422887|
422912|
422913|
422914|
422915|
422916|
422917|
422918|
422919|
422944|
422945|
422946|
422947|
422948|
422949|
422950|
422951|
422976|
422977|
422978|
422979|
422980|
422981|
422982|
422983|
423008|
423009|
423010|
423011|
423012|
423013|
423014|
423015|
423040|
423041|
423042|
423043|
423044|
423045|
423046|
423047|
423072|
423073|
423074|
423075|
423076|
423077|
423078|
423079|
423104|
423105|
423106|
423107|
423108|
423109|
423110|
423111|
423136|
423137|
423138|
423139|
423140|
423141|
423142|
423143|
423168|
423169|
423170|
423171|
423172|
423173|
423174|
423175|
423200|
423201|
423202|
423203|
423204|
423205|
423206|
423207|
423232|
423233|
423234|
423235|
423236|
423237|
423238|
423239|
423264|
423265|
423266|
423267|
423268|
423269|
423270|
423271|
423296|
423297|
423298|
423299|
423300|
423301|
423302|
423303|
423328|
423329|
423330|
423331|
423332|
423333|
423334|
423335|
423360|
423361|
423362|
423363|
423364|
423365|
423366|
423367|
423392|
423393|
423394|
423395|
423396|
423397|
423398|
423399|
423424|
423425|
423426|
423427|
423428|
423429|
423430|
423431|
423456|
423457|
423458|
423459|
423460|
423461|
423462|
423463|
423488|
423489|
423490|
423491|
423492|
423493|
423494|
423495|
423520|
423521|
423522|
423523|
423524|
423525|
423526|
423527|
423552|
423553|
423554|
423555|
423556|
423557|
423558|
423559|
423584|
423585|
423586|
423587|
423588|
423589|
423590|
423591|
423616|
423617|
423618|
423619|
423620|
423621|
423622|
423623|
423648|
423649|
423650|
423651|
423652|
423653|
423654|
423655|
423680|
423681|
423682|
423683|
423684|
423685|
423686|
423687|
423712|
423713|
423714|
423715|
423716|
423717|
423718|
423719|
423744|
423745|
423746|
423747|
423748|
423749|
423750|
423751|
423776|
423777|
423778|
423779|
423780|
423781|
423782|
423783|
423808|
423809|
423810|
423811|
423812|
423813|
423814|
423815|
423840|
423841|
423842|
423843|
423844|
423845|
423846|
423847|
423872|
423873|
423874|
423875|
423876|
423877|
423878|
423879|
423904|
423905|
423906|
423907|
423908|
423909|
423910|
423911|
423936|
423937|
423938|
423939|
423940|
423941|
423942|
423943|
423968|
423969|
423970|
423971|
423972|
423973|
423974|
423975|
424000|
424001|
424002|
424003|
424004|
424005|
424006|
424007|
424032|
424033|
424034|
424035|
424036|
424037|
424038|
424039|
424064|
424065|
424066|
424067|
424068|
424069|
424070|
424071|
424096|
424097|
424098|
424099|
424100|
424101|
424102|
424103|
424128|
424129|
424130|
424131|
424132|
424133|
424134|
424135|
424160|
424161|
424162|
424163|
424164|
424165|
424166|
424167|
424192|
424193|
424194|
424195|
424196|
424197|
424198|
424199|
424224|
424225|
424226|
424227|
424228|
424229|
424230|
424231|
424256|
424257|
424258|
424259|
424260|
424261|
424262|
424263|
424288|
424289|
424290|
424291|
424292|
424293|
424294|
424295|
424320|
424321|
424322|
424323|
424324|
424325|
424326|
424327|
424352|
424353|
424354|
424355|
424356|
424357|
424358|
424359|
424384|
424385|
424386|
424387|
424388|
424389|
424390|
424391|
424416|
424417|
424418|
424419|
424420|
424421|
424422|
424423|
424448|
424449|
424450|
424451|
424452|
424453|
424454|
424455|
424480|
424481|
424482|
424483|
424484|
424485|
424486|
424487|
424512|
424513|
424514|
424515|
424516|
424517|
424518|
424519|
424544|
424545|
424546|
424547|
424548|
424549|
424550|
424551|
424576|
424577|
424578|
424579|
424580|
424581|
424582|
424583|
424608|
424609|
424610|
424611|
424612|
424613|
424614|
424615|
424640|
424641|
424642|
424643|
424644|
424645|
424646|
424647|
424672|
424673|
424674|
424675|
424676|
424677|
424678|
424679|
424704|
424705|
424706|
424707|
424708|
424709|
424710|
424711|
424736|
424737|
424738|
424739|
424740|
424741|
424742|
424743|
424768|
424769|
424770|
424771|
424772|
424773|
424774|
424775|
424800|
424801|
424802|
424803|
424804|
424805|
424806|
424807|
424832|
424833|
424834|
424835|
424836|
424837|
424838|
424839|
424864|
424865|
424866|
424867|
424868|
424869|
424870|
424871|
424896|
424897|
424898|
424899|
424900|
424901|
424902|
424903|
424928|
424929|
424930|
424931|
424932|
424933|
424934|
424935|
424960|
424961|
424962|
424963|
424964|
424965|
424966|
424967|
424992|
424993|
424994|
424995|
424996|
424997|
424998|
424999|
425024|
425025|
425026|
425027|
425028|
425029|
425030|
425031|
425056|
425057|
425058|
425059|
425060|
425061|
425062|
425063|
425088|
425089|
425090|
425091|
425092|
425093|
425094|
425095|
425120|
425121|
425122|
425123|
425124|
425125|
425126|
425127|
425152|
425153|
425154|
425155|
425156|
425157|
425158|
425159|
425184|
425185|
425186|
425187|
425188|
425189|
425190|
425191|
425216|
425217|
425218|
425219|
425220|
425221|
425222|
425223|
425248|
425249|
425250|
425251|
425252|
425253|
425254|
425255|
425280|
425281|
425282|
425283|
425284|
425285|
425286|
425287|
425312|
425313|
425314|
425315|
425316|
425317|
425318|
425319|
425344|
425345|
425346|
425347|
425348|
425349|
425350|
425351|
425376|
425377|
425378|
425379|
425380|
425381|
425382|
425383|
425408|
425409|
425410|
425411|
425412|
425413|
425414|
425415|
425440|
425441|
425442|
425443|
425444|
425445|
425446|
425447|
425472|
425473|
425474|
425475|
425476|
425477|
425478|
425479|
425504|
425505|
425506|
425507|
425508|
425509|
425510|
425511|
425536|
425537|
425538|
425539|
425540|
425541|
425542|
425543|
425568|
425569|
425570|
425571|
425572|
425573|
425574|
425575|
425600|
425601|
425602|
425603|
425604|
425605|
425606|
425607|
425632|
425633|
425634|
425635|
425636|
425637|
425638|
425639|
425664|
425665|
425666|
425667|
425668|
425669|
425670|
425671|
425696|
425697|
425698|
425699|
425700|
425701|
425702|
425703|
425728|
425729|
425730|
425731|
425732|
425733|
425734|
425735|
425760|
425761|
425762|
425763|
425764|
425765|
425766|
425767|
425792|
425793|
425794|
425795|
425796|
425797|
425798|
425799|
425824|
425825|
425826|
425827|
425828|
425829|
425830|
425831|
425856|
425857|
425858|
425859|
425860|
425861|
425862|
425863|
425888|
425889|
425890|
425891|
425892|
425893|
425894|
425895|
425920|
425921|
425922|
425923|
425924|
425925|
425926|
425927|
425952|
425953|
425954|
425955|
425956|
425957|
425958|
425959|
425984|
425985|
425986|
425987|
425988|
