1001989|
1001990|
1001991|
1002016|
1002017|
1002018|
1002019|
1002020|
1002021|
1002022|
1002023|
1002048|
1002049|
1002050|
1002051|
1002052|
1002053|
1002054|
1002055|
1002080|
1002081|
1002082|
1002083|
1002084|
1002085|
1002086|
1002087|
1002112|
1002113|
1002114|
1002115|
1002116|
1002117|
1002118|
1002119|
1002144|
1002145|
1002146|
1002147|
1002148|
1002149|
1002150|
1002151|
1002176|
1002177|
1002178|
1002179|
1002180|
1002181|
1002182|
1002183|
1002208|
1002209|
1002210|
1002211|
1002212|
1002213|
1002214|
1002215|
1002240|
1002241|
1002242|
1002243|
1002244|
1002245|
1002246|
1002247|
1002272|
1002273|
1002274|
1002275|
1002276|
1002277|
1002278|
1002279|
1002304|
1002305|
1002306|
1002307|
1002308|
1002309|
1002310|
1002311|
1002336|
1002337|
1002338|
1002339|
1002340|
1002341|
1002342|
1002343|
1002368|
1002369|
1002370|
1002371|
1002372|
1002373|
1002374|
1002375|
1002400|
1002401|
1002402|
1002403|
1002404|
1002405|
1002406|
1002407|
1002432|
1002433|
1002434|
1002435|
1002436|
1002437|
1002438|
1002439|
1002464|
1002465|
1002466|
1002467|
1002468|
1002469|
1002470|
1002471|
1002496|
1002497|
1002498|
1002499|
1002500|
1002501|
1002502|
1002503|
1002528|
1002529|
1002530|
1002531|
1002532|
1002533|
1002534|
1002535|
1002560|
1002561|
1002562|
1002563|
1002564|
1002565|
1002566|
1002567|
1002592|
1002593|
1002594|
1002595|
1002596|
1002597|
1002598|
1002599|
1002624|
1002625|
1002626|
1002627|
1002628|
1002629|
1002630|
1002631|
1002656|
1002657|
1002658|
1002659|
1002660|
1002661|
1002662|
1002663|
1002688|
1002689|
1002690|
1002691|
1002692|
1002693|
1002694|
1002695|
1002720|
1002721|
1002722|
1002723|
1002724|
1002725|
1002726|
1002727|
1002752|
1002753|
1002754|
1002755|
1002756|
1002757|
1002758|
1002759|
1002784|
1002785|
1002786|
1002787|
1002788|
1002789|
1002790|
1002791|
1002816|
1002817|
1002818|
1002819|
1002820|
1002821|
1002822|
1002823|
1002848|
1002849|
1002850|
1002851|
1002852|
1002853|
1002854|
1002855|
1002880|
1002881|
1002882|
1002883|
1002884|
1002885|
1002886|
1002887|
1002912|
1002913|
1002914|
1002915|
1002916|
1002917|
1002918|
1002919|
1002944|
1002945|
1002946|
1002947|
1002948|
1002949|
1002950|
1002951|
1002976|
1002977|
1002978|
1002979|
1002980|
1002981|
1002982|
1002983|
1003008|
1003009|
1003010|
1003011|
1003012|
1003013|
1003014|
1003015|
1003040|
1003041|
1003042|
1003043|
1003044|
1003045|
1003046|
1003047|
1003072|
1003073|
1003074|
1003075|
1003076|
1003077|
1003078|
1003079|
1003104|
1003105|
1003106|
1003107|
1003108|
1003109|
1003110|
1003111|
1003136|
1003137|
1003138|
1003139|
1003140|
1003141|
1003142|
1003143|
1003168|
1003169|
1003170|
1003171|
1003172|
1003173|
1003174|
1003175|
1003200|
1003201|
1003202|
1003203|
1003204|
1003205|
1003206|
1003207|
1003232|
1003233|
1003234|
1003235|
1003236|
1003237|
1003238|
1003239|
1003264|
1003265|
1003266|
1003267|
1003268|
1003269|
1003270|
1003271|
1003296|
1003297|
1003298|
1003299|
1003300|
1003301|
1003302|
1003303|
1003328|
1003329|
1003330|
1003331|
1003332|
1003333|
1003334|
1003335|
1003360|
1003361|
1003362|
1003363|
1003364|
1003365|
1003366|
1003367|
1003392|
1003393|
1003394|
1003395|
1003396|
1003397|
1003398|
1003399|
1003424|
1003425|
1003426|
1003427|
1003428|
1003429|
1003430|
1003431|
1003456|
1003457|
1003458|
1003459|
1003460|
1003461|
1003462|
1003463|
1003488|
1003489|
1003490|
1003491|
1003492|
1003493|
1003494|
1003495|
1003520|
1003521|
1003522|
1003523|
1003524|
1003525|
1003526|
1003527|
1003552|
1003553|
1003554|
1003555|
1003556|
1003557|
1003558|
1003559|
1003584|
1003585|
1003586|
1003587|
1003588|
1003589|
1003590|
1003591|
1003616|
1003617|
1003618|
1003619|
1003620|
1003621|
1003622|
1003623|
1003648|
1003649|
1003650|
1003651|
1003652|
1003653|
1003654|
1003655|
1003680|
1003681|
1003682|
1003683|
1003684|
1003685|
1003686|
1003687|
1003712|
1003713|
1003714|
1003715|
1003716|
1003717|
1003718|
1003719|
1003744|
1003745|
1003746|
1003747|
1003748|
1003749|
1003750|
1003751|
1003776|
1003777|
1003778|
1003779|
1003780|
1003781|
1003782|
1003783|
1003808|
1003809|
1003810|
1003811|
1003812|
1003813|
1003814|
1003815|
1003840|
1003841|
1003842|
1003843|
1003844|
1003845|
1003846|
1003847|
1003872|
1003873|
1003874|
1003875|
1003876|
1003877|
1003878|
1003879|
1003904|
1003905|
1003906|
1003907|
1003908|
1003909|
1003910|
1003911|
1003936|
1003937|
1003938|
1003939|
1003940|
1003941|
1003942|
1003943|
1003968|
1003969|
1003970|
1003971|
1003972|
1003973|
1003974|
1003975|
1004000|
1004001|
1004002|
1004003|
1004004|
1004005|
1004006|
1004007|
1004032|
1004033|
1004034|
1004035|
1004036|
1004037|
1004038|
1004039|
1004064|
1004065|
1004066|
1004067|
1004068|
1004069|
1004070|
1004071|
1004096|
1004097|
1004098|
1004099|
1004100|
1004101|
1004102|
1004103|
1004128|
1004129|
1004130|
1004131|
1004132|
1004133|
1004134|
1004135|
1004160|
1004161|
1004162|
1004163|
1004164|
1004165|
1004166|
1004167|
1004192|
1004193|
1004194|
1004195|
1004196|
1004197|
1004198|
1004199|
1004224|
1004225|
1004226|
1004227|
1004228|
1004229|
1004230|
1004231|
1004256|
1004257|
1004258|
1004259|
1004260|
1004261|
1004262|
1004263|
1004288|
1004289|
1004290|
1004291|
1004292|
1004293|
1004294|
1004295|
1004320|
1004321|
1004322|
1004323|
1004324|
1004325|
1004326|
1004327|
1004352|
1004353|
1004354|
1004355|
1004356|
1004357|
1004358|
1004359|
1004384|
1004385|
1004386|
1004387|
1004388|
1004389|
1004390|
1004391|
1004416|
1004417|
1004418|
1004419|
1004420|
1004421|
1004422|
1004423|
1004448|
1004449|
1004450|
1004451|
1004452|
1004453|
1004454|
1004455|
1004480|
1004481|
1004482|
1004483|
1004484|
1004485|
1004486|
1004487|
1004512|
1004513|
1004514|
1004515|
1004516|
1004517|
1004518|
1004519|
1004544|
1004545|
1004546|
1004547|
1004548|
1004549|
1004550|
1004551|
1004576|
1004577|
1004578|
1004579|
1004580|
1004581|
1004582|
1004583|
1004608|
1004609|
1004610|
1004611|
1004612|
1004613|
1004614|
1004615|
1004640|
1004641|
1004642|
1004643|
1004644|
1004645|
1004646|
1004647|
1004672|
1004673|
1004674|
1004675|
1004676|
1004677|
1004678|
1004679|
1004704|
1004705|
1004706|
1004707|
1004708|
1004709|
1004710|
1004711|
1004736|
1004737|
1004738|
1004739|
1004740|
1004741|
1004742|
1004743|
1004768|
1004769|
1004770|
1004771|
1004772|
1004773|
1004774|
1004775|
1004800|
1004801|
1004802|
1004803|
1004804|
1004805|
1004806|
1004807|
1004832|
1004833|
1004834|
1004835|
1004836|
1004837|
1004838|
1004839|
1004864|
1004865|
1004866|
1004867|
1004868|
1004869|
1004870|
1004871|
1004896|
1004897|
1004898|
1004899|
1004900|
1004901|
1004902|
1004903|
1004928|
1004929|
1004930|
1004931|
1004932|
1004933|
1004934|
1004935|
1004960|
1004961|
1004962|
1004963|
1004964|
1004965|
1004966|
1004967|
1004992|
1004993|
1004994|
1004995|
1004996|
1004997|
1004998|
1004999|
1005024|
1005025|
1005026|
1005027|
1005028|
1005029|
1005030|
1005031|
1005056|
1005057|
1005058|
1005059|
1005060|
1005061|
1005062|
1005063|
1005088|
1005089|
1005090|
1005091|
1005092|
1005093|
1005094|
1005095|
1005120|
1005121|
1005122|
1005123|
1005124|
1005125|
1005126|
1005127|
1005152|
1005153|
1005154|
1005155|
1005156|
1005157|
1005158|
1005159|
1005184|
1005185|
1005186|
1005187|
1005188|
1005189|
1005190|
1005191|
1005216|
1005217|
1005218|
1005219|
1005220|
1005221|
1005222|
1005223|
1005248|
1005249|
1005250|
1005251|
1005252|
1005253|
1005254|
1005255|
1005280|
1005281|
1005282|
1005283|
1005284|
1005285|
1005286|
1005287|
1005312|
1005313|
1005314|
1005315|
1005316|
1005317|
1005318|
1005319|
1005344|
1005345|
1005346|
1005347|
1005348|
1005349|
1005350|
1005351|
1005376|
1005377|
1005378|
1005379|
1005380|
1005381|
1005382|
1005383|
1005408|
1005409|
1005410|
1005411|
1005412|
1005413|
1005414|
1005415|
1005440|
1005441|
1005442|
1005443|
1005444|
1005445|
1005446|
1005447|
1005472|
1005473|
1005474|
1005475|
1005476|
1005477|
1005478|
1005479|
1005504|
1005505|
1005506|
1005507|
1005508|
1005509|
1005510|
1005511|
1005536|
1005537|
1005538|
1005539|
1005540|
1005541|
1005542|
1005543|
1005568|
1005569|
1005570|
1005571|
1005572|
1005573|
1005574|
1005575|
1005600|
1005601|
1005602|
1005603|
1005604|
1005605|
1005606|
1005607|
1005632|
1005633|
1005634|
1005635|
1005636|
1005637|
1005638|
1005639|
1005664|
1005665|
1005666|
1005667|
1005668|
1005669|
1005670|
1005671|
1005696|
1005697|
1005698|
1005699|
1005700|
1005701|
1005702|
1005703|
1005728|
1005729|
1005730|
1005731|
1005732|
1005733|
1005734|
1005735|
1005760|
1005761|
1005762|
1005763|
1005764|
1005765|
1005766|
1005767|
1005792|
1005793|
1005794|
1005795|
1005796|
1005797|
1005798|
1005799|
1005824|
1005825|
1005826|
1005827|
1005828|
1005829|
1005830|
1005831|
1005856|
1005857|
1005858|
1005859|
1005860|
1005861|
1005862|
1005863|
1005888|
1005889|
1005890|
1005891|
1005892|
1005893|
1005894|
1005895|
1005920|
1005921|
1005922|
1005923|
1005924|
1005925|
1005926|
1005927|
1005952|
1005953|
1005954|
1005955|
1005956|
1005957|
1005958|
1005959|
1005984|
1005985|
1005986|
1005987|
1005988|
1005989|
1005990|
1005991|
1006016|
1006017|
1006018|
1006019|
1006020|
1006021|
1006022|
1006023|
1006048|
1006049|
1006050|
1006051|
1006052|
1006053|
1006054|
1006055|
1006080|
1006081|
1006082|
1006083|
1006084|
1006085|
1006086|
1006087|
1006112|
1006113|
1006114|
1006115|
1006116|
1006117|
1006118|
1006119|
1006144|
1006145|
1006146|
1006147|
1006148|
1006149|
1006150|
1006151|
1006176|
1006177|
1006178|
1006179|
1006180|
1006181|
1006182|
1006183|
1006208|
1006209|
1006210|
1006211|
1006212|
1006213|
1006214|
1006215|
1006240|
1006241|
1006242|
1006243|
1006244|
1006245|
1006246|
1006247|
1006272|
1006273|
1006274|
1006275|
1006276|
1006277|
1006278|
1006279|
1006304|
1006305|
1006306|
1006307|
1006308|
1006309|
1006310|
1006311|
1006336|
1006337|
1006338|
1006339|
1006340|
1006341|
1006342|
1006343|
1006368|
1006369|
1006370|
1006371|
1006372|
1006373|
1006374|
1006375|
1006400|
1006401|
1006402|
1006403|
1006404|
1006405|
1006406|
1006407|
1006432|
1006433|
1006434|
1006435|
1006436|
1006437|
1006438|
1006439|
1006464|
1006465|
1006466|
1006467|
1006468|
1006469|
1006470|
1006471|
1006496|
1006497|
1006498|
1006499|
1006500|
1006501|
1006502|
1006503|
1006528|
1006529|
1006530|
1006531|
1006532|
1006533|
1006534|
1006535|
1006560|
1006561|
1006562|
1006563|
1006564|
1006565|
1006566|
1006567|
1006592|
1006593|
1006594|
1006595|
1006596|
1006597|
1006598|
1006599|
1006624|
1006625|
1006626|
1006627|
1006628|
1006629|
1006630|
1006631|
1006656|
1006657|
1006658|
1006659|
1006660|
1006661|
1006662|
1006663|
1006688|
1006689|
1006690|
1006691|
1006692|
1006693|
1006694|
1006695|
1006720|
1006721|
1006722|
1006723|
1006724|
1006725|
1006726|
1006727|
1006752|
1006753|
1006754|
1006755|
1006756|
1006757|
1006758|
1006759|
1006784|
1006785|
1006786|
1006787|
1006788|
1006789|
1006790|
1006791|
1006816|
1006817|
1006818|
1006819|
1006820|
1006821|
1006822|
1006823|
1006848|
1006849|
1006850|
1006851|
1006852|
1006853|
1006854|
1006855|
1006880|
1006881|
1006882|
1006883|
1006884|
1006885|
1006886|
1006887|
1006912|
1006913|
1006914|
1006915|
1006916|
1006917|
1006918|
1006919|
1006944|
1006945|
1006946|
1006947|
1006948|
1006949|
1006950|
1006951|
1006976|
1006977|
1006978|
1006979|
1006980|
1006981|
1006982|
1006983|
1007008|
1007009|
1007010|
1007011|
1007012|
1007013|
1007014|
1007015|
1007040|
1007041|
1007042|
1007043|
1007044|
1007045|
1007046|
1007047|
1007072|
1007073|
1007074|
1007075|
1007076|
1007077|
1007078|
1007079|
1007104|
1007105|
1007106|
1007107|
1007108|
1007109|
1007110|
1007111|
1007136|
1007137|
1007138|
1007139|
1007140|
1007141|
1007142|
1007143|
1007168|
1007169|
1007170|
1007171|
1007172|
1007173|
1007174|
1007175|
1007200|
1007201|
1007202|
1007203|
1007204|
1007205|
1007206|
1007207|
1007232|
1007233|
1007234|
1007235|
1007236|
1007237|
1007238|
1007239|
1007264|
1007265|
1007266|
1007267|
1007268|
1007269|
1007270|
1007271|
1007296|
1007297|
1007298|
1007299|
1007300|
1007301|
1007302|
1007303|
1007328|
1007329|
1007330|
1007331|
1007332|
1007333|
1007334|
1007335|
1007360|
1007361|
1007362|
1007363|
1007364|
1007365|
1007366|
1007367|
1007392|
1007393|
1007394|
1007395|
1007396|
1007397|
1007398|
1007399|
1007424|
1007425|
1007426|
1007427|
1007428|
1007429|
1007430|
1007431|
1007456|
1007457|
1007458|
1007459|
1007460|
1007461|
1007462|
1007463|
1007488|
1007489|
1007490|
1007491|
1007492|
1007493|
1007494|
1007495|
1007520|
1007521|
1007522|
1007523|
1007524|
1007525|
1007526|
1007527|
1007552|
1007553|
1007554|
1007555|
1007556|
1007557|
1007558|
1007559|
1007584|
1007585|
1007586|
1007587|
1007588|
1007589|
1007590|
1007591|
1007616|
1007617|
1007618|
1007619|
1007620|
1007621|
1007622|
1007623|
1007648|
1007649|
1007650|
1007651|
1007652|
1007653|
1007654|
1007655|
1007680|
1007681|
1007682|
1007683|
1007684|
1007685|
1007686|
1007687|
1007712|
1007713|
1007714|
1007715|
1007716|
1007717|
1007718|
1007719|
1007744|
1007745|
1007746|
1007747|
1007748|
1007749|
1007750|
1007751|
1007776|
1007777|
1007778|
1007779|
1007780|
1007781|
1007782|
1007783|
1007808|
1007809|
1007810|
1007811|
1007812|
1007813|
1007814|
1007815|
1007840|
1007841|
1007842|
1007843|
1007844|
1007845|
1007846|
1007847|
1007872|
1007873|
1007874|
1007875|
1007876|
1007877|
1007878|
1007879|
1007904|
1007905|
1007906|
1007907|
1007908|
1007909|
1007910|
1007911|
1007936|
1007937|
1007938|
1007939|
1007940|
1007941|
1007942|
1007943|
1007968|
1007969|
1007970|
1007971|
1007972|
1007973|
1007974|
1007975|
1008000|
