1368001|
1368002|
1368003|
1368004|
1368005|
1368006|
1368007|
1368032|
1368033|
1368034|
1368035|
1368036|
1368037|
1368038|
1368039|
1368064|
1368065|
1368066|
1368067|
1368068|
1368069|
1368070|
1368071|
1368096|
1368097|
1368098|
1368099|
1368100|
1368101|
1368102|
1368103|
1368128|
1368129|
1368130|
1368131|
1368132|
1368133|
1368134|
1368135|
1368160|
1368161|
1368162|
1368163|
1368164|
1368165|
1368166|
1368167|
1368192|
1368193|
1368194|
1368195|
1368196|
1368197|
1368198|
1368199|
1368224|
1368225|
1368226|
1368227|
1368228|
1368229|
1368230|
1368231|
1368256|
1368257|
1368258|
1368259|
1368260|
1368261|
1368262|
1368263|
1368288|
1368289|
1368290|
1368291|
1368292|
1368293|
1368294|
1368295|
1368320|
1368321|
1368322|
1368323|
1368324|
1368325|
1368326|
1368327|
1368352|
1368353|
1368354|
1368355|
1368356|
1368357|
1368358|
1368359|
1368384|
1368385|
1368386|
1368387|
1368388|
1368389|
1368390|
1368391|
1368416|
1368417|
1368418|
1368419|
1368420|
1368421|
1368422|
1368423|
1368448|
1368449|
1368450|
1368451|
1368452|
1368453|
1368454|
1368455|
1368480|
1368481|
1368482|
1368483|
1368484|
1368485|
1368486|
1368487|
1368512|
1368513|
1368514|
1368515|
1368516|
1368517|
1368518|
1368519|
1368544|
1368545|
1368546|
1368547|
1368548|
1368549|
1368550|
1368551|
1368576|
1368577|
1368578|
1368579|
1368580|
1368581|
1368582|
1368583|
1368608|
1368609|
1368610|
1368611|
1368612|
1368613|
1368614|
1368615|
1368640|
1368641|
1368642|
1368643|
1368644|
1368645|
1368646|
1368647|
1368672|
1368673|
1368674|
1368675|
1368676|
1368677|
1368678|
1368679|
1368704|
1368705|
1368706|
1368707|
1368708|
1368709|
1368710|
1368711|
1368736|
1368737|
1368738|
1368739|
1368740|
1368741|
1368742|
1368743|
1368768|
1368769|
1368770|
1368771|
1368772|
1368773|
1368774|
1368775|
1368800|
1368801|
1368802|
1368803|
1368804|
1368805|
1368806|
1368807|
1368832|
1368833|
1368834|
1368835|
1368836|
1368837|
1368838|
1368839|
1368864|
1368865|
1368866|
1368867|
1368868|
1368869|
1368870|
1368871|
1368896|
1368897|
1368898|
1368899|
1368900|
1368901|
1368902|
1368903|
1368928|
1368929|
1368930|
1368931|
1368932|
1368933|
1368934|
1368935|
1368960|
1368961|
1368962|
1368963|
1368964|
1368965|
1368966|
1368967|
1368992|
1368993|
1368994|
1368995|
1368996|
1368997|
1368998|
1368999|
1369024|
1369025|
1369026|
1369027|
1369028|
1369029|
1369030|
1369031|
1369056|
1369057|
1369058|
1369059|
1369060|
1369061|
1369062|
1369063|
1369088|
1369089|
1369090|
1369091|
1369092|
1369093|
1369094|
1369095|
1369120|
1369121|
1369122|
1369123|
1369124|
1369125|
1369126|
1369127|
1369152|
1369153|
1369154|
1369155|
1369156|
1369157|
1369158|
1369159|
1369184|
1369185|
1369186|
1369187|
1369188|
1369189|
1369190|
1369191|
1369216|
1369217|
1369218|
1369219|
1369220|
1369221|
1369222|
1369223|
1369248|
1369249|
1369250|
1369251|
1369252|
1369253|
1369254|
1369255|
1369280|
1369281|
1369282|
1369283|
1369284|
1369285|
1369286|
1369287|
1369312|
1369313|
1369314|
1369315|
1369316|
1369317|
1369318|
1369319|
1369344|
1369345|
1369346|
1369347|
1369348|
1369349|
1369350|
1369351|
1369376|
1369377|
1369378|
1369379|
1369380|
1369381|
1369382|
1369383|
1369408|
1369409|
1369410|
1369411|
1369412|
1369413|
1369414|
1369415|
1369440|
1369441|
1369442|
1369443|
1369444|
1369445|
1369446|
1369447|
1369472|
1369473|
1369474|
1369475|
1369476|
1369477|
1369478|
1369479|
1369504|
1369505|
1369506|
1369507|
1369508|
1369509|
1369510|
1369511|
1369536|
1369537|
1369538|
1369539|
1369540|
1369541|
1369542|
1369543|
1369568|
1369569|
1369570|
1369571|
1369572|
1369573|
1369574|
1369575|
1369600|
1369601|
1369602|
1369603|
1369604|
1369605|
1369606|
1369607|
1369632|
1369633|
1369634|
1369635|
1369636|
1369637|
1369638|
1369639|
1369664|
1369665|
1369666|
1369667|
1369668|
1369669|
1369670|
1369671|
1369696|
1369697|
1369698|
1369699|
1369700|
1369701|
1369702|
1369703|
1369728|
1369729|
1369730|
1369731|
1369732|
1369733|
1369734|
1369735|
1369760|
1369761|
1369762|
1369763|
1369764|
1369765|
1369766|
1369767|
1369792|
1369793|
1369794|
1369795|
1369796|
1369797|
1369798|
1369799|
1369824|
1369825|
1369826|
1369827|
1369828|
1369829|
1369830|
1369831|
1369856|
1369857|
1369858|
1369859|
1369860|
1369861|
1369862|
1369863|
1369888|
1369889|
1369890|
1369891|
1369892|
1369893|
1369894|
1369895|
1369920|
1369921|
1369922|
1369923|
1369924|
1369925|
1369926|
1369927|
1369952|
1369953|
1369954|
1369955|
1369956|
1369957|
1369958|
1369959|
1369984|
1369985|
1369986|
1369987|
1369988|
1369989|
1369990|
1369991|
1370016|
1370017|
1370018|
1370019|
1370020|
1370021|
1370022|
1370023|
1370048|
1370049|
1370050|
1370051|
1370052|
1370053|
1370054|
1370055|
1370080|
1370081|
1370082|
1370083|
1370084|
1370085|
1370086|
1370087|
1370112|
1370113|
1370114|
1370115|
1370116|
1370117|
1370118|
1370119|
1370144|
1370145|
1370146|
1370147|
1370148|
1370149|
1370150|
1370151|
1370176|
1370177|
1370178|
1370179|
1370180|
1370181|
1370182|
1370183|
1370208|
1370209|
1370210|
1370211|
1370212|
1370213|
1370214|
1370215|
1370240|
1370241|
1370242|
1370243|
1370244|
1370245|
1370246|
1370247|
1370272|
1370273|
1370274|
1370275|
1370276|
1370277|
1370278|
1370279|
1370304|
1370305|
1370306|
1370307|
1370308|
1370309|
1370310|
1370311|
1370336|
1370337|
1370338|
1370339|
1370340|
1370341|
1370342|
1370343|
1370368|
1370369|
1370370|
1370371|
1370372|
1370373|
1370374|
1370375|
1370400|
1370401|
1370402|
1370403|
1370404|
1370405|
1370406|
1370407|
1370432|
1370433|
1370434|
1370435|
1370436|
1370437|
1370438|
1370439|
1370464|
1370465|
1370466|
1370467|
1370468|
1370469|
1370470|
1370471|
1370496|
1370497|
1370498|
1370499|
1370500|
1370501|
1370502|
1370503|
1370528|
1370529|
1370530|
1370531|
1370532|
1370533|
1370534|
1370535|
1370560|
1370561|
1370562|
1370563|
1370564|
1370565|
1370566|
1370567|
1370592|
1370593|
1370594|
1370595|
1370596|
1370597|
1370598|
1370599|
1370624|
1370625|
1370626|
1370627|
1370628|
1370629|
1370630|
1370631|
1370656|
1370657|
1370658|
1370659|
1370660|
1370661|
1370662|
1370663|
1370688|
1370689|
1370690|
1370691|
1370692|
1370693|
1370694|
1370695|
1370720|
1370721|
1370722|
1370723|
1370724|
1370725|
1370726|
1370727|
1370752|
1370753|
1370754|
1370755|
1370756|
1370757|
1370758|
1370759|
1370784|
1370785|
1370786|
1370787|
1370788|
1370789|
1370790|
1370791|
1370816|
1370817|
1370818|
1370819|
1370820|
1370821|
1370822|
1370823|
1370848|
1370849|
1370850|
1370851|
1370852|
1370853|
1370854|
1370855|
1370880|
1370881|
1370882|
1370883|
1370884|
1370885|
1370886|
1370887|
1370912|
1370913|
1370914|
1370915|
1370916|
1370917|
1370918|
1370919|
1370944|
1370945|
1370946|
1370947|
1370948|
1370949|
1370950|
1370951|
1370976|
1370977|
1370978|
1370979|
1370980|
1370981|
1370982|
1370983|
1371008|
1371009|
1371010|
1371011|
1371012|
1371013|
1371014|
1371015|
1371040|
1371041|
1371042|
1371043|
1371044|
1371045|
1371046|
1371047|
1371072|
1371073|
1371074|
1371075|
1371076|
1371077|
1371078|
1371079|
1371104|
1371105|
1371106|
1371107|
1371108|
1371109|
1371110|
1371111|
1371136|
1371137|
1371138|
1371139|
1371140|
1371141|
1371142|
1371143|
1371168|
1371169|
1371170|
1371171|
1371172|
1371173|
1371174|
1371175|
1371200|
1371201|
1371202|
1371203|
1371204|
1371205|
1371206|
1371207|
1371232|
1371233|
1371234|
1371235|
1371236|
1371237|
1371238|
1371239|
1371264|
1371265|
1371266|
1371267|
1371268|
1371269|
1371270|
1371271|
1371296|
1371297|
1371298|
1371299|
1371300|
1371301|
1371302|
1371303|
1371328|
1371329|
1371330|
1371331|
1371332|
1371333|
1371334|
1371335|
1371360|
1371361|
1371362|
1371363|
1371364|
1371365|
1371366|
1371367|
1371392|
1371393|
1371394|
1371395|
1371396|
1371397|
1371398|
1371399|
1371424|
1371425|
1371426|
1371427|
1371428|
1371429|
1371430|
1371431|
1371456|
1371457|
1371458|
1371459|
1371460|
1371461|
1371462|
1371463|
1371488|
1371489|
1371490|
1371491|
1371492|
1371493|
1371494|
1371495|
1371520|
1371521|
1371522|
1371523|
1371524|
1371525|
1371526|
1371527|
1371552|
1371553|
1371554|
1371555|
1371556|
1371557|
1371558|
1371559|
1371584|
1371585|
1371586|
1371587|
1371588|
1371589|
1371590|
1371591|
1371616|
1371617|
1371618|
1371619|
1371620|
1371621|
1371622|
1371623|
1371648|
1371649|
1371650|
1371651|
1371652|
1371653|
1371654|
1371655|
1371680|
1371681|
1371682|
1371683|
1371684|
1371685|
1371686|
1371687|
1371712|
1371713|
1371714|
1371715|
1371716|
1371717|
1371718|
1371719|
1371744|
1371745|
1371746|
1371747|
1371748|
1371749|
1371750|
1371751|
1371776|
1371777|
1371778|
1371779|
1371780|
1371781|
1371782|
1371783|
1371808|
1371809|
1371810|
1371811|
1371812|
1371813|
1371814|
1371815|
1371840|
1371841|
1371842|
1371843|
1371844|
1371845|
1371846|
1371847|
1371872|
1371873|
1371874|
1371875|
1371876|
1371877|
1371878|
1371879|
1371904|
1371905|
1371906|
1371907|
1371908|
1371909|
1371910|
1371911|
1371936|
1371937|
1371938|
1371939|
1371940|
1371941|
1371942|
1371943|
1371968|
1371969|
1371970|
1371971|
1371972|
1371973|
1371974|
1371975|
1372000|
1372001|
1372002|
1372003|
1372004|
1372005|
1372006|
1372007|
1372032|
1372033|
1372034|
1372035|
1372036|
1372037|
1372038|
1372039|
1372064|
1372065|
1372066|
1372067|
1372068|
1372069|
1372070|
1372071|
1372096|
1372097|
1372098|
1372099|
1372100|
1372101|
1372102|
1372103|
1372128|
1372129|
1372130|
1372131|
1372132|
1372133|
1372134|
1372135|
1372160|
1372161|
1372162|
1372163|
1372164|
1372165|
1372166|
1372167|
1372192|
1372193|
1372194|
1372195|
1372196|
1372197|
1372198|
1372199|
1372224|
1372225|
1372226|
1372227|
1372228|
1372229|
1372230|
1372231|
1372256|
1372257|
1372258|
1372259|
1372260|
1372261|
1372262|
1372263|
1372288|
1372289|
1372290|
1372291|
1372292|
1372293|
1372294|
1372295|
1372320|
1372321|
1372322|
1372323|
1372324|
1372325|
1372326|
1372327|
1372352|
1372353|
1372354|
1372355|
1372356|
1372357|
1372358|
1372359|
1372384|
1372385|
1372386|
1372387|
1372388|
1372389|
1372390|
1372391|
1372416|
1372417|
1372418|
1372419|
1372420|
1372421|
1372422|
1372423|
1372448|
1372449|
1372450|
1372451|
1372452|
1372453|
1372454|
1372455|
1372480|
1372481|
1372482|
1372483|
1372484|
1372485|
1372486|
1372487|
1372512|
1372513|
1372514|
1372515|
1372516|
1372517|
1372518|
1372519|
1372544|
1372545|
1372546|
1372547|
1372548|
1372549|
1372550|
1372551|
1372576|
1372577|
1372578|
1372579|
1372580|
1372581|
1372582|
1372583|
1372608|
1372609|
1372610|
1372611|
1372612|
1372613|
1372614|
1372615|
1372640|
1372641|
1372642|
1372643|
1372644|
1372645|
1372646|
1372647|
1372672|
1372673|
1372674|
1372675|
1372676|
1372677|
1372678|
1372679|
1372704|
1372705|
1372706|
1372707|
1372708|
1372709|
1372710|
1372711|
1372736|
1372737|
1372738|
1372739|
1372740|
1372741|
1372742|
1372743|
1372768|
1372769|
1372770|
1372771|
1372772|
1372773|
1372774|
1372775|
1372800|
1372801|
1372802|
1372803|
1372804|
1372805|
1372806|
1372807|
1372832|
1372833|
1372834|
1372835|
1372836|
1372837|
1372838|
1372839|
1372864|
1372865|
1372866|
1372867|
1372868|
1372869|
1372870|
1372871|
1372896|
1372897|
1372898|
1372899|
1372900|
1372901|
1372902|
1372903|
1372928|
1372929|
1372930|
1372931|
1372932|
1372933|
1372934|
1372935|
1372960|
1372961|
1372962|
1372963|
1372964|
1372965|
1372966|
1372967|
1372992|
1372993|
1372994|
1372995|
1372996|
1372997|
1372998|
1372999|
1373024|
1373025|
1373026|
1373027|
1373028|
1373029|
1373030|
1373031|
1373056|
1373057|
1373058|
1373059|
1373060|
1373061|
1373062|
1373063|
1373088|
1373089|
1373090|
1373091|
1373092|
1373093|
1373094|
1373095|
1373120|
1373121|
1373122|
1373123|
1373124|
1373125|
1373126|
1373127|
1373152|
1373153|
1373154|
1373155|
1373156|
1373157|
1373158|
1373159|
1373184|
1373185|
1373186|
1373187|
1373188|
1373189|
1373190|
1373191|
1373216|
1373217|
1373218|
1373219|
1373220|
1373221|
1373222|
1373223|
1373248|
1373249|
1373250|
1373251|
1373252|
1373253|
1373254|
1373255|
1373280|
1373281|
1373282|
1373283|
1373284|
1373285|
1373286|
1373287|
1373312|
1373313|
1373314|
1373315|
1373316|
1373317|
1373318|
1373319|
1373344|
1373345|
1373346|
1373347|
1373348|
1373349|
1373350|
1373351|
1373376|
1373377|
1373378|
1373379|
1373380|
1373381|
1373382|
1373383|
1373408|
1373409|
1373410|
1373411|
1373412|
1373413|
1373414|
1373415|
1373440|
1373441|
1373442|
1373443|
1373444|
1373445|
1373446|
1373447|
1373472|
1373473|
1373474|
1373475|
1373476|
1373477|
1373478|
1373479|
1373504|
1373505|
1373506|
1373507|
1373508|
1373509|
1373510|
1373511|
1373536|
1373537|
1373538|
1373539|
1373540|
1373541|
1373542|
1373543|
1373568|
1373569|
1373570|
1373571|
1373572|
1373573|
1373574|
1373575|
1373600|
1373601|
1373602|
1373603|
1373604|
1373605|
1373606|
1373607|
1373632|
1373633|
1373634|
1373635|
1373636|
1373637|
1373638|
1373639|
1373664|
1373665|
1373666|
1373667|
1373668|
1373669|
1373670|
1373671|
1373696|
1373697|
1373698|
1373699|
1373700|
1373701|
1373702|
1373703|
1373728|
1373729|
1373730|
1373731|
1373732|
1373733|
1373734|
1373735|
1373760|
1373761|
1373762|
1373763|
1373764|
1373765|
1373766|
1373767|
1373792|
1373793|
1373794|
1373795|
1373796|
1373797|
1373798|
1373799|
1373824|
1373825|
1373826|
1373827|
1373828|
1373829|
1373830|
1373831|
1373856|
1373857|
1373858|
1373859|
1373860|
1373861|
1373862|
1373863|
1373888|
1373889|
1373890|
1373891|
1373892|
1373893|
1373894|
1373895|
1373920|
1373921|
1373922|
1373923|
1373924|
1373925|
1373926|
1373927|
1373952|
1373953|
1373954|
1373955|
1373956|
1373957|
1373958|
1373959|
1373984|
1373985|
1373986|
1373987|
1373988|
