2741989|
2741990|
2741991|
2742016|
2742017|
2742018|
2742019|
2742020|
2742021|
2742022|
2742023|
2742048|
2742049|
2742050|
2742051|
2742052|
2742053|
2742054|
2742055|
2742080|
2742081|
2742082|
2742083|
2742084|
2742085|
2742086|
2742087|
2742112|
2742113|
2742114|
2742115|
2742116|
2742117|
2742118|
2742119|
2742144|
2742145|
2742146|
2742147|
2742148|
2742149|
2742150|
2742151|
2742176|
2742177|
2742178|
2742179|
2742180|
2742181|
2742182|
2742183|
2742208|
2742209|
2742210|
2742211|
2742212|
2742213|
2742214|
2742215|
2742240|
2742241|
2742242|
2742243|
2742244|
2742245|
2742246|
2742247|
2742272|
2742273|
2742274|
2742275|
2742276|
2742277|
2742278|
2742279|
2742304|
2742305|
2742306|
2742307|
2742308|
2742309|
2742310|
2742311|
2742336|
2742337|
2742338|
2742339|
2742340|
2742341|
2742342|
2742343|
2742368|
2742369|
2742370|
2742371|
2742372|
2742373|
2742374|
2742375|
2742400|
2742401|
2742402|
2742403|
2742404|
2742405|
2742406|
2742407|
2742432|
2742433|
2742434|
2742435|
2742436|
2742437|
2742438|
2742439|
2742464|
2742465|
2742466|
2742467|
2742468|
2742469|
2742470|
2742471|
2742496|
2742497|
2742498|
2742499|
2742500|
2742501|
2742502|
2742503|
2742528|
2742529|
2742530|
2742531|
2742532|
2742533|
2742534|
2742535|
2742560|
2742561|
2742562|
2742563|
2742564|
2742565|
2742566|
2742567|
2742592|
2742593|
2742594|
2742595|
2742596|
2742597|
2742598|
2742599|
2742624|
2742625|
2742626|
2742627|
2742628|
2742629|
2742630|
2742631|
2742656|
2742657|
2742658|
2742659|
2742660|
2742661|
2742662|
2742663|
2742688|
2742689|
2742690|
2742691|
2742692|
2742693|
2742694|
2742695|
2742720|
2742721|
2742722|
2742723|
2742724|
2742725|
2742726|
2742727|
2742752|
2742753|
2742754|
2742755|
2742756|
2742757|
2742758|
2742759|
2742784|
2742785|
2742786|
2742787|
2742788|
2742789|
2742790|
2742791|
2742816|
2742817|
2742818|
2742819|
2742820|
2742821|
2742822|
2742823|
2742848|
2742849|
2742850|
2742851|
2742852|
2742853|
2742854|
2742855|
2742880|
2742881|
2742882|
2742883|
2742884|
2742885|
2742886|
2742887|
2742912|
2742913|
2742914|
2742915|
2742916|
2742917|
2742918|
2742919|
2742944|
2742945|
2742946|
2742947|
2742948|
2742949|
2742950|
2742951|
2742976|
2742977|
2742978|
2742979|
2742980|
2742981|
2742982|
2742983|
2743008|
2743009|
2743010|
2743011|
2743012|
2743013|
2743014|
2743015|
2743040|
2743041|
2743042|
2743043|
2743044|
2743045|
2743046|
2743047|
2743072|
2743073|
2743074|
2743075|
2743076|
2743077|
2743078|
2743079|
2743104|
2743105|
2743106|
2743107|
2743108|
2743109|
2743110|
2743111|
2743136|
2743137|
2743138|
2743139|
2743140|
2743141|
2743142|
2743143|
2743168|
2743169|
2743170|
2743171|
2743172|
2743173|
2743174|
2743175|
2743200|
2743201|
2743202|
2743203|
2743204|
2743205|
2743206|
2743207|
2743232|
2743233|
2743234|
2743235|
2743236|
2743237|
2743238|
2743239|
2743264|
2743265|
2743266|
2743267|
2743268|
2743269|
2743270|
2743271|
2743296|
2743297|
2743298|
2743299|
2743300|
2743301|
2743302|
2743303|
2743328|
2743329|
2743330|
2743331|
2743332|
2743333|
2743334|
2743335|
2743360|
2743361|
2743362|
2743363|
2743364|
2743365|
2743366|
2743367|
2743392|
2743393|
2743394|
2743395|
2743396|
2743397|
2743398|
2743399|
2743424|
2743425|
2743426|
2743427|
2743428|
2743429|
2743430|
2743431|
2743456|
2743457|
2743458|
2743459|
2743460|
2743461|
2743462|
2743463|
2743488|
2743489|
2743490|
2743491|
2743492|
2743493|
2743494|
2743495|
2743520|
2743521|
2743522|
2743523|
2743524|
2743525|
2743526|
2743527|
2743552|
2743553|
2743554|
2743555|
2743556|
2743557|
2743558|
2743559|
2743584|
2743585|
2743586|
2743587|
2743588|
2743589|
2743590|
2743591|
2743616|
2743617|
2743618|
2743619|
2743620|
2743621|
2743622|
2743623|
2743648|
2743649|
2743650|
2743651|
2743652|
2743653|
2743654|
2743655|
2743680|
2743681|
2743682|
2743683|
2743684|
2743685|
2743686|
2743687|
2743712|
2743713|
2743714|
2743715|
2743716|
2743717|
2743718|
2743719|
2743744|
2743745|
2743746|
2743747|
2743748|
2743749|
2743750|
2743751|
2743776|
2743777|
2743778|
2743779|
2743780|
2743781|
2743782|
2743783|
2743808|
2743809|
2743810|
2743811|
2743812|
2743813|
2743814|
2743815|
2743840|
2743841|
2743842|
2743843|
2743844|
2743845|
2743846|
2743847|
2743872|
2743873|
2743874|
2743875|
2743876|
2743877|
2743878|
2743879|
2743904|
2743905|
2743906|
2743907|
2743908|
2743909|
2743910|
2743911|
2743936|
2743937|
2743938|
2743939|
2743940|
2743941|
2743942|
2743943|
2743968|
2743969|
2743970|
2743971|
2743972|
2743973|
2743974|
2743975|
2744000|
2744001|
2744002|
2744003|
2744004|
2744005|
2744006|
2744007|
2744032|
2744033|
2744034|
2744035|
2744036|
2744037|
2744038|
2744039|
2744064|
2744065|
2744066|
2744067|
2744068|
2744069|
2744070|
2744071|
2744096|
2744097|
2744098|
2744099|
2744100|
2744101|
2744102|
2744103|
2744128|
2744129|
2744130|
2744131|
2744132|
2744133|
2744134|
2744135|
2744160|
2744161|
2744162|
2744163|
2744164|
2744165|
2744166|
2744167|
2744192|
2744193|
2744194|
2744195|
2744196|
2744197|
2744198|
2744199|
2744224|
2744225|
2744226|
2744227|
2744228|
2744229|
2744230|
2744231|
2744256|
2744257|
2744258|
2744259|
2744260|
2744261|
2744262|
2744263|
2744288|
2744289|
2744290|
2744291|
2744292|
2744293|
2744294|
2744295|
2744320|
2744321|
2744322|
2744323|
2744324|
2744325|
2744326|
2744327|
2744352|
2744353|
2744354|
2744355|
2744356|
2744357|
2744358|
2744359|
2744384|
2744385|
2744386|
2744387|
2744388|
2744389|
2744390|
2744391|
2744416|
2744417|
2744418|
2744419|
2744420|
2744421|
2744422|
2744423|
2744448|
2744449|
2744450|
2744451|
2744452|
2744453|
2744454|
2744455|
2744480|
2744481|
2744482|
2744483|
2744484|
2744485|
2744486|
2744487|
2744512|
2744513|
2744514|
2744515|
2744516|
2744517|
2744518|
2744519|
2744544|
2744545|
2744546|
2744547|
2744548|
2744549|
2744550|
2744551|
2744576|
2744577|
2744578|
2744579|
2744580|
2744581|
2744582|
2744583|
2744608|
2744609|
2744610|
2744611|
2744612|
2744613|
2744614|
2744615|
2744640|
2744641|
2744642|
2744643|
2744644|
2744645|
2744646|
2744647|
2744672|
2744673|
2744674|
2744675|
2744676|
2744677|
2744678|
2744679|
2744704|
2744705|
2744706|
2744707|
2744708|
2744709|
2744710|
2744711|
2744736|
2744737|
2744738|
2744739|
2744740|
2744741|
2744742|
2744743|
2744768|
2744769|
2744770|
2744771|
2744772|
2744773|
2744774|
2744775|
2744800|
2744801|
2744802|
2744803|
2744804|
2744805|
2744806|
2744807|
2744832|
2744833|
2744834|
2744835|
2744836|
2744837|
2744838|
2744839|
2744864|
2744865|
2744866|
2744867|
2744868|
2744869|
2744870|
2744871|
2744896|
2744897|
2744898|
2744899|
2744900|
2744901|
2744902|
2744903|
2744928|
2744929|
2744930|
2744931|
2744932|
2744933|
2744934|
2744935|
2744960|
2744961|
2744962|
2744963|
2744964|
2744965|
2744966|
2744967|
2744992|
2744993|
2744994|
2744995|
2744996|
2744997|
2744998|
2744999|
2745024|
2745025|
2745026|
2745027|
2745028|
2745029|
2745030|
2745031|
2745056|
2745057|
2745058|
2745059|
2745060|
2745061|
2745062|
2745063|
2745088|
2745089|
2745090|
2745091|
2745092|
2745093|
2745094|
2745095|
2745120|
2745121|
2745122|
2745123|
2745124|
2745125|
2745126|
2745127|
2745152|
2745153|
2745154|
2745155|
2745156|
2745157|
2745158|
2745159|
2745184|
2745185|
2745186|
2745187|
2745188|
2745189|
2745190|
2745191|
2745216|
2745217|
2745218|
2745219|
2745220|
2745221|
2745222|
2745223|
2745248|
2745249|
2745250|
2745251|
2745252|
2745253|
2745254|
2745255|
2745280|
2745281|
2745282|
2745283|
2745284|
2745285|
2745286|
2745287|
2745312|
2745313|
2745314|
2745315|
2745316|
2745317|
2745318|
2745319|
2745344|
2745345|
2745346|
2745347|
2745348|
2745349|
2745350|
2745351|
2745376|
2745377|
2745378|
2745379|
2745380|
2745381|
2745382|
2745383|
2745408|
2745409|
2745410|
2745411|
2745412|
2745413|
2745414|
2745415|
2745440|
2745441|
2745442|
2745443|
2745444|
2745445|
2745446|
2745447|
2745472|
2745473|
2745474|
2745475|
2745476|
2745477|
2745478|
2745479|
2745504|
2745505|
2745506|
2745507|
2745508|
2745509|
2745510|
2745511|
2745536|
2745537|
2745538|
2745539|
2745540|
2745541|
2745542|
2745543|
2745568|
2745569|
2745570|
2745571|
2745572|
2745573|
2745574|
2745575|
2745600|
2745601|
2745602|
2745603|
2745604|
2745605|
2745606|
2745607|
2745632|
2745633|
2745634|
2745635|
2745636|
2745637|
2745638|
2745639|
2745664|
2745665|
2745666|
2745667|
2745668|
2745669|
2745670|
2745671|
2745696|
2745697|
2745698|
2745699|
2745700|
2745701|
2745702|
2745703|
2745728|
2745729|
2745730|
2745731|
2745732|
2745733|
2745734|
2745735|
2745760|
2745761|
2745762|
2745763|
2745764|
2745765|
2745766|
2745767|
2745792|
2745793|
2745794|
2745795|
2745796|
2745797|
2745798|
2745799|
2745824|
2745825|
2745826|
2745827|
2745828|
2745829|
2745830|
2745831|
2745856|
2745857|
2745858|
2745859|
2745860|
2745861|
2745862|
2745863|
2745888|
2745889|
2745890|
2745891|
2745892|
2745893|
2745894|
2745895|
2745920|
2745921|
2745922|
2745923|
2745924|
2745925|
2745926|
2745927|
2745952|
2745953|
2745954|
2745955|
2745956|
2745957|
2745958|
2745959|
2745984|
2745985|
2745986|
2745987|
2745988|
2745989|
2745990|
2745991|
2746016|
2746017|
2746018|
2746019|
2746020|
2746021|
2746022|
2746023|
2746048|
2746049|
2746050|
2746051|
2746052|
2746053|
2746054|
2746055|
2746080|
2746081|
2746082|
2746083|
2746084|
2746085|
2746086|
2746087|
2746112|
2746113|
2746114|
2746115|
2746116|
2746117|
2746118|
2746119|
2746144|
2746145|
2746146|
2746147|
2746148|
2746149|
2746150|
2746151|
2746176|
2746177|
2746178|
2746179|
2746180|
2746181|
2746182|
2746183|
2746208|
2746209|
2746210|
2746211|
2746212|
2746213|
2746214|
2746215|
2746240|
2746241|
2746242|
2746243|
2746244|
2746245|
2746246|
2746247|
2746272|
2746273|
2746274|
2746275|
2746276|
2746277|
2746278|
2746279|
2746304|
2746305|
2746306|
2746307|
2746308|
2746309|
2746310|
2746311|
2746336|
2746337|
2746338|
2746339|
2746340|
2746341|
2746342|
2746343|
2746368|
2746369|
2746370|
2746371|
2746372|
2746373|
2746374|
2746375|
2746400|
2746401|
2746402|
2746403|
2746404|
2746405|
2746406|
2746407|
2746432|
2746433|
2746434|
2746435|
2746436|
2746437|
2746438|
2746439|
2746464|
2746465|
2746466|
2746467|
2746468|
2746469|
2746470|
2746471|
2746496|
2746497|
2746498|
2746499|
2746500|
2746501|
2746502|
2746503|
2746528|
2746529|
2746530|
2746531|
2746532|
2746533|
2746534|
2746535|
2746560|
2746561|
2746562|
2746563|
2746564|
2746565|
2746566|
2746567|
2746592|
2746593|
2746594|
2746595|
2746596|
2746597|
2746598|
2746599|
2746624|
2746625|
2746626|
2746627|
2746628|
2746629|
2746630|
2746631|
2746656|
2746657|
2746658|
2746659|
2746660|
2746661|
2746662|
2746663|
2746688|
2746689|
2746690|
2746691|
2746692|
2746693|
2746694|
2746695|
2746720|
2746721|
2746722|
2746723|
2746724|
2746725|
2746726|
2746727|
2746752|
2746753|
2746754|
2746755|
2746756|
2746757|
2746758|
2746759|
2746784|
2746785|
2746786|
2746787|
2746788|
2746789|
2746790|
2746791|
2746816|
2746817|
2746818|
2746819|
2746820|
2746821|
2746822|
2746823|
2746848|
2746849|
2746850|
2746851|
2746852|
2746853|
2746854|
2746855|
2746880|
2746881|
2746882|
2746883|
2746884|
2746885|
2746886|
2746887|
2746912|
2746913|
2746914|
2746915|
2746916|
2746917|
2746918|
2746919|
2746944|
2746945|
2746946|
2746947|
2746948|
2746949|
2746950|
2746951|
2746976|
2746977|
2746978|
2746979|
2746980|
2746981|
2746982|
2746983|
2747008|
2747009|
2747010|
2747011|
2747012|
2747013|
2747014|
2747015|
2747040|
2747041|
2747042|
2747043|
2747044|
2747045|
2747046|
2747047|
2747072|
2747073|
2747074|
2747075|
2747076|
2747077|
2747078|
2747079|
2747104|
2747105|
2747106|
2747107|
2747108|
2747109|
2747110|
2747111|
2747136|
2747137|
2747138|
2747139|
2747140|
2747141|
2747142|
2747143|
2747168|
2747169|
2747170|
2747171|
2747172|
2747173|
2747174|
2747175|
2747200|
2747201|
2747202|
2747203|
2747204|
2747205|
2747206|
2747207|
2747232|
2747233|
2747234|
2747235|
2747236|
2747237|
2747238|
2747239|
2747264|
2747265|
2747266|
2747267|
2747268|
2747269|
2747270|
2747271|
2747296|
2747297|
2747298|
2747299|
2747300|
2747301|
2747302|
2747303|
2747328|
2747329|
2747330|
2747331|
2747332|
2747333|
2747334|
2747335|
2747360|
2747361|
2747362|
2747363|
2747364|
2747365|
2747366|
2747367|
2747392|
2747393|
2747394|
2747395|
2747396|
2747397|
2747398|
2747399|
2747424|
2747425|
2747426|
2747427|
2747428|
2747429|
2747430|
2747431|
2747456|
2747457|
2747458|
2747459|
2747460|
2747461|
2747462|
2747463|
2747488|
2747489|
2747490|
2747491|
2747492|
2747493|
2747494|
2747495|
2747520|
2747521|
2747522|
2747523|
2747524|
2747525|
2747526|
2747527|
2747552|
2747553|
2747554|
2747555|
2747556|
2747557|
2747558|
2747559|
2747584|
2747585|
2747586|
2747587|
2747588|
2747589|
2747590|
2747591|
2747616|
2747617|
2747618|
2747619|
2747620|
2747621|
2747622|
2747623|
2747648|
2747649|
2747650|
2747651|
2747652|
2747653|
2747654|
2747655|
2747680|
2747681|
2747682|
2747683|
2747684|
2747685|
2747686|
2747687|
2747712|
2747713|
2747714|
2747715|
2747716|
2747717|
2747718|
2747719|
2747744|
2747745|
2747746|
2747747|
2747748|
2747749|
2747750|
2747751|
2747776|
2747777|
2747778|
2747779|
2747780|
2747781|
2747782|
2747783|
2747808|
2747809|
2747810|
2747811|
2747812|
2747813|
2747814|
2747815|
2747840|
2747841|
2747842|
2747843|
2747844|
2747845|
2747846|
2747847|
2747872|
2747873|
2747874|
2747875|
2747876|
2747877|
2747878|
2747879|
2747904|
2747905|
2747906|
2747907|
2747908|
2747909|
2747910|
2747911|
2747936|
2747937|
2747938|
2747939|
2747940|
2747941|
2747942|
2747943|
2747968|
2747969|
2747970|
2747971|
2747972|
2747973|
2747974|
2747975|
2748000|
